// Export filename: 'C:/cod5/cod/cod5/model_export/american/weapons/pistols/SW_357/viewmodel_usa_SW_357_pistol_animated.XMODEL_EXPORT'
// Source filename: 'C:/cod5/cod/cod5/model_export/american/weapons/pistols/SW_357/viewmodel_usa_SW_357_pistol_gunsleeves.mb'
// Export time: Mon Jun 23 19:50:09 2008
MODEL
VERSION 6

NUMBONES 83
BONE 0 -1 "tag_view"
BONE 1 0 "tag_cambone"
BONE 2 0 "tag_torso"
BONE 3 2 "J_Shoulder_LE"
BONE 4 2 "J_Shoulder_RI"
BONE 5 1 "tag_camera"
BONE 6 2 "tag_weapon"
BONE 7 3 "J_Elbow_LE"
BONE 8 4 "J_Elbow_RI"
BONE 9 6 "J_Gun"
BONE 10 5 "tag_gasmask"
BONE 11 9 "J_Clip"
BONE 12 7 "J_Sleave_Reshape_Bottom_LE_1"
BONE 13 7 "J_Sleave_Reshape_Bottom_LE_2"
BONE 14 7 "J_Sleave_Reshape_Top_LE_1"
BONE 15 7 "J_Sleave_Reshape_Top_LE_2"
BONE 16 7 "J_Sleave_Reshape_Top_LE_3"
BONE 17 8 "J_Sleave_Reshape_Top_RI_1"
BONE 18 8 "J_Sleave_Reshape_Top_RI_2"
BONE 19 8 "J_Sleave_Reshape_Top_RI_3"
BONE 20 7 "J_Wrist_LE"
BONE 21 8 "J_Wrist_RI"
BONE 22 7 "J_WristTwist_LE"
BONE 23 8 "J_WristTwist_RI"
BONE 24 9 "joint1"
BONE 25 9 "joint2"
BONE 26 9 "tag_brass"
BONE 27 9 "tag_flash"
BONE 28 25 "J_Bolt"
BONE 29 20 "J_Index_LE_0"
BONE 30 21 "J_Index_RI_0"
BONE 31 20 "J_Mid_LE_0"
BONE 32 21 "J_Mid_RI_0"
BONE 33 20 "J_PinkyPalm_LE"
BONE 34 21 "J_PinkyPalm_RI"
BONE 35 20 "J_RingPalm_LE"
BONE 36 21 "J_RingPalm_RI"
BONE 37 20 "J_Thumb_LE_0"
BONE 38 21 "J_Thumb_RI_0"
BONE 39 20 "J_Webbing_LE"
BONE 40 21 "J_Webbing_RI"
BONE 41 29 "J_Index_LE_1"
BONE 42 30 "J_Index_RI_1"
BONE 43 31 "J_Mid_LE_1"
BONE 44 32 "J_Mid_RI_1"
BONE 45 33 "J_Pinky_LE_0"
BONE 46 34 "J_Pinky_RI_0"
BONE 47 35 "J_Ring_LE_0"
BONE 48 36 "J_Ring_RI_0"
BONE 49 37 "J_Thumb_LE_1"
BONE 50 38 "J_Thumb_RI_1"
BONE 51 28 "tag_bullets"
BONE 52 28 "tag_speedloader"
BONE 53 28 "tag_spent0"
BONE 54 28 "tag_spent1"
BONE 55 28 "tag_spent2"
BONE 56 28 "tag_spent3"
BONE 57 28 "tag_spent4"
BONE 58 28 "tag_spent5"
BONE 59 41 "J_Index_LE_2"
BONE 60 42 "J_Index_RI_2"
BONE 61 43 "J_Mid_LE_2"
BONE 62 44 "J_Mid_RI_2"
BONE 63 45 "J_Pinky_LE_1"
BONE 64 46 "J_Pinky_RI_1"
BONE 65 47 "J_Ring_LE_1"
BONE 66 48 "J_Ring_RI_1"
BONE 67 49 "J_Thumb_LE_2"
BONE 68 50 "J_Thumb_RI_2"
BONE 69 59 "J_Index_LE_3"
BONE 70 60 "J_Index_RI_3"
BONE 71 61 "J_Mid_LE_3"
BONE 72 62 "J_Mid_RI_3"
BONE 73 63 "J_Pinky_LE_2"
BONE 74 64 "J_Pinky_RI_2"
BONE 75 65 "J_Ring_LE_2"
BONE 76 66 "J_Ring_RI_2"
BONE 77 67 "J_Thumb_LE_3"
BONE 78 68 "J_Thumb_RI_3"
BONE 79 73 "J_Pinky_LE_3"
BONE 80 74 "J_Pinky_RI_3"
BONE 81 75 "J_Ring_LE_3"
BONE 82 76 "J_Ring_RI_3"

BONE 0
OFFSET 0.000000, 0.000000, 0.000000
SCALE 1.000000, 1.000000, 1.000000
X 1.000000, 0.000000, 0.000000
Y 0.000000, 1.000000, 0.000000
Z 0.000000, 0.000000, 1.000000

BONE 1
OFFSET 0.000000, 0.000000, 0.000000
SCALE 1.000000, 1.000000, 1.000000
X 1.000000, 0.000000, 0.000000
Y 0.000000, 1.000000, 0.000000
Z 0.000000, 0.000000, 1.000000

BONE 2
OFFSET -4.631834, 0.000000, -1.376955
SCALE 1.000000, 1.000000, 1.000000
X 1.000000, 0.000000, 0.000000
Y 0.000000, 1.000000, 0.000000
Z 0.000000, 0.000000, 1.000000

BONE 3
OFFSET -3.506030, 7.937290, -3.186910
SCALE 1.000000, 1.000000, 1.000000
X 0.472986, 0.011374, -0.880996
Y 0.446745, -0.864941, 0.228681
Z -0.759409, -0.501744, -0.414187

BONE 4
OFFSET -3.506032, -7.937284, -3.186909
SCALE 1.000000, 1.000000, 1.000000
X -0.472986, 0.011374, 0.880996
Y -0.446745, -0.864941, -0.228681
Z 0.759409, -0.501744, 0.414187

BONE 5
OFFSET 0.000000, 0.000000, 0.000000
SCALE 1.000000, 1.000000, 1.000000
X 1.000000, 0.000000, 0.000000
Y 0.000000, 1.000000, 0.000000
Z 0.000000, 0.000000, 1.000000

BONE 6
OFFSET 10.527968, 0.000000, -8.129675
SCALE 1.000000, 1.000000, 1.000000
X 1.000000, 0.000000, 0.000000
Y 0.000000, 1.000000, 0.000000
Z 0.000000, 0.000000, 1.000000

BONE 7
OFFSET 2.214219, 8.074842, -13.841592
SCALE 1.000000, 1.000000, 1.000000
X 0.999978, -0.002833, 0.005930
Y -0.005970, -0.014367, 0.999879
Z -0.002747, -0.999893, -0.014384

BONE 8
OFFSET 2.214221, -8.074842, -13.841575
SCALE 1.000000, 1.000000, 1.000000
X -0.999978, -0.002833, -0.005930
Y 0.005970, -0.014367, -0.999879
Z 0.002747, -0.999893, 0.014384

BONE 9
OFFSET 0.000000, 0.000000, 0.000000
SCALE 1.000000, 1.000000, 1.000000
X 1.000000, 0.000000, 0.000000
Y 0.000000, 1.000000, 0.000000
Z 0.000000, 0.000000, 1.000000

BONE 10
OFFSET 1.540442, 0.000000, 4.135746
SCALE 1.000000, 1.000000, 1.000000
X 1.000000, 0.000000, 0.000000
Y 0.000000, 1.000000, 0.000000
Z 0.000000, 0.000000, 1.000000

BONE 11
OFFSET -1.340145, 0.071632, -1.237288
SCALE 1.000000, 1.000000, 1.000000
X 1.000000, 0.000000, 0.000000
Y 0.000000, 1.000000, 0.000000
Z 0.000000, 0.000000, 1.000000

BONE 12
OFFSET 12.125037, 8.958635, -14.825972
SCALE 1.000000, 1.000000, 1.000000
X 1.000000, 0.000000, 0.000000
Y 0.000000, 1.000000, 0.000000
Z 0.000000, 0.000000, 1.000000

BONE 13
OFFSET 11.739065, 7.335669, -15.051069
SCALE 1.000000, 1.000000, 1.000000
X 1.000000, 0.000000, 0.000000
Y 0.000000, 1.000000, 0.000000
Z 0.000000, 0.000000, 1.000000

BONE 14
OFFSET 12.634503, 8.810233, -12.285378
SCALE 1.000000, 1.000000, 1.000000
X 1.000000, 0.000000, 0.000000
Y 0.000000, 1.000000, 0.000000
Z 0.000000, 0.000000, 1.000000

BONE 15
OFFSET 12.530005, 7.482795, -12.089205
SCALE 1.000000, 1.000000, 1.000000
X 1.000000, 0.000000, 0.000000
Y 0.000000, 1.000000, 0.000000
Z 0.000000, 0.000000, 1.000000

BONE 16
OFFSET 12.149994, 6.891432, -13.059547
SCALE 1.000000, 1.000000, 1.000000
X 1.000000, 0.000000, 0.000000
Y 0.000000, 1.000000, 0.000000
Z 0.000000, 0.000000, 1.000000

BONE 17
OFFSET 12.634488, -8.810236, -12.285394
SCALE 1.000000, 1.000000, 1.000000
X -1.000000, 0.000000, -0.000000
Y 0.000000, 1.000000, 0.000000
Z 0.000000, 0.000000, -1.000000

BONE 18
OFFSET 12.530000, -7.482795, -12.089212
SCALE 1.000000, 1.000000, 1.000000
X -1.000000, 0.000000, -0.000000
Y 0.000000, 1.000000, 0.000000
Z 0.000000, 0.000000, -1.000000

BONE 19
OFFSET 12.150000, -6.891418, -13.059566
SCALE 1.000000, 1.000000, 1.000000
X -1.000000, 0.000000, -0.000000
Y 0.000000, 1.000000, 0.000000
Z 0.000000, 0.000000, -1.000000

BONE 20
OFFSET 13.785073, 8.042067, -13.772971
SCALE 1.000000, 1.000000, 1.000000
X 0.996700, -0.023076, 0.077825
Y -0.077652, 0.008297, 0.996946
Z -0.023651, -0.999699, 0.006478

BONE 21
OFFSET 13.785079, -8.042048, -13.772953
SCALE 1.000000, 1.000000, 1.000000
X -0.996700, -0.023076, -0.077825
Y 0.077652, 0.008297, -0.996946
Z 0.023651, -0.999699, -0.006478

BONE 22
OFFSET 10.719465, 8.050750, -13.791152
SCALE 1.000000, 1.000000, 1.000000
X 0.999978, -0.002833, 0.005930
Y -0.005970, -0.014367, 0.999879
Z -0.002747, -0.999893, -0.014384

BONE 23
OFFSET 10.719449, -8.050748, -13.791142
SCALE 1.000000, 1.000000, 1.000000
X -0.999978, -0.002833, -0.005930
Y 0.005970, -0.014367, -0.999879
Z 0.002747, -0.999893, 0.014384

BONE 24
OFFSET -0.622479, 0.007787, 0.598280
SCALE 1.000000, 1.000000, 1.000000
X 1.000000, 0.000000, 0.000000
Y 0.000000, 1.000000, 0.000000
Z 0.000000, 0.000000, 1.000000

BONE 25
OFFSET 3.272726, 0.156212, 0.235111
SCALE 1.000000, 1.000000, 1.000000
X 1.000000, 0.000000, 0.000000
Y 0.000000, 1.000000, 0.000000
Z 0.000000, 0.000000, 1.000000

BONE 26
OFFSET 0.960280, -0.341722, 1.122100
SCALE 1.000000, 1.000000, 1.000000
X -0.001930, -0.760020, 0.649897
Y 0.999997, -0.002539, -0.000000
Z 0.001650, 0.649895, 0.760022

BONE 27
OFFSET 10.394556, -0.000456, 2.204092
SCALE 1.000000, 1.000000, 1.000000
X 1.000000, 0.000000, 0.000000
Y 0.000000, 1.000000, 0.000000
Z 0.000000, 0.000000, 1.000000

BONE 28
OFFSET 1.445324, -0.000940, 1.594724
SCALE 1.000000, 1.000000, 1.000000
X 0.999791, 0.000000, 0.020437
Y 0.000000, 1.000000, 0.000000
Z -0.020437, 0.000000, 0.999791

BONE 29
OFFSET 17.618980, 8.329933, -12.720215
SCALE 1.000000, 1.000000, 1.000000
X 0.770359, -0.621881, 0.140748
Y -0.611755, -0.783111, -0.111771
Z 0.179730, 0.000000, -0.983716

BONE 30
OFFSET 17.618977, -8.329922, -12.720197
SCALE 1.000000, 1.000000, 1.000000
X -0.770359, -0.621881, -0.140748
Y 0.611755, -0.783111, 0.111771
Z -0.179730, -0.000000, 0.983716

BONE 31
OFFSET 17.592691, 8.144073, -13.808888
SCALE 1.000000, 1.000000, 1.000000
X 0.786575, -0.616967, 0.025504
Y -0.616643, -0.786989, -0.019994
Z 0.032407, 0.000000, -0.999475

BONE 32
OFFSET 17.592678, -8.144055, -13.808898
SCALE 1.000000, 1.000000, 1.000000
X -0.786575, -0.616967, -0.025504
Y 0.616643, -0.786989, 0.019994
Z -0.032407, -0.000000, 0.999475

BONE 33
OFFSET 14.706850, 7.811601, -14.773290
SCALE 1.000000, 1.000000, 1.000000
X 0.860527, -0.066586, -0.505035
Y -0.090728, -0.995602, -0.023327
Z -0.501261, 0.065894, -0.862784

BONE 34
OFFSET 14.706850, -7.811614, -14.773307
SCALE 1.000000, 1.000000, 1.000000
X -0.860527, -0.066586, 0.505035
Y 0.090728, -0.995602, 0.023327
Z 0.501261, 0.065894, 0.862784

BONE 35
OFFSET 14.877762, 7.951642, -14.094536
SCALE 1.000000, 1.000000, 1.000000
X 0.972219, -0.030530, -0.232073
Y -0.040633, -0.998417, -0.038880
Z -0.230519, 0.047230, -0.971921

BONE 36
OFFSET 14.877756, -7.951653, -14.094527
SCALE 1.000000, 1.000000, 1.000000
X -0.972219, -0.030530, 0.232073
Y 0.040633, -0.998417, 0.038880
Z 0.230519, 0.047230, 0.971921

BONE 37
OFFSET 14.148777, 7.629210, -12.773211
SCALE 1.000000, 1.000000, 1.000000
X 0.614049, -0.475564, 0.629907
Y -0.500882, 0.381986, 0.776662
Z -0.609968, -0.792418, -0.003644

BONE 38
OFFSET 14.148780, -7.629212, -12.773229
SCALE 1.000000, 1.000000, 1.000000
X -0.614049, -0.475564, -0.629907
Y 0.500882, 0.381986, -0.776662
Z 0.609968, -0.792418, 0.003644

BONE 39
OFFSET 16.721630, 7.448270, -11.946650
SCALE 1.000000, 1.000000, 1.000000
X 0.946229, -0.301294, -0.117786
Y 0.309193, 0.949386, 0.055376
Z 0.095139, -0.088817, 0.991494

BONE 40
OFFSET 9.583885, -8.680950, -13.257301
SCALE 1.000000, 1.000000, 1.000000
X -0.946229, -0.301294, 0.117786
Y -0.309193, 0.949386, -0.055376
Z -0.095139, -0.088817, -0.991494

BONE 41
OFFSET 18.975315, 7.235017, -12.472406
SCALE 1.000000, 1.000000, 1.000000
X 0.426042, -0.903354, 0.049392
Y -0.880239, -0.426513, -0.208005
Z 0.208969, 0.045142, -0.976880

BONE 42
OFFSET 18.975315, -7.235000, -12.472402
SCALE 1.000000, 1.000000, 1.000000
X -0.426042, -0.903354, -0.049392
Y 0.880239, -0.426513, 0.208005
Z -0.208969, 0.045142, 0.976880

BONE 43
OFFSET 19.129311, 6.938792, -13.759066
SCALE 1.000000, 1.000000, 1.000000
X 0.028169, -0.999543, -0.010950
Y -0.999561, -0.028267, 0.008848
Z -0.009153, 0.010696, -0.999901

BONE 44
OFFSET 19.129292, -6.938779, -13.759055
SCALE 1.000000, 1.000000, 1.000000
X -0.028169, -0.999543, 0.010950
Y 0.999561, -0.028267, -0.008848
Z 0.009153, 0.010696, 0.999901

BONE 45
OFFSET 16.702198, 7.530317, -15.785225
SCALE 1.000000, 1.000000, 1.000000
X 0.856282, -0.436541, -0.276069
Y -0.415481, -0.899684, 0.133953
Z -0.306851, 0.000000, -0.951758

BONE 46
OFFSET 16.702206, -7.530315, -15.785236
SCALE 1.000000, 1.000000, 1.000000
X -0.856282, -0.436541, 0.276069
Y 0.415481, -0.899684, -0.133953
Z 0.306851, -0.000000, 0.951758

BONE 47
OFFSET 17.367678, 7.901457, -14.840354
SCALE 1.000000, 1.000000, 1.000000
X 0.831745, -0.508839, -0.221999
Y -0.491628, -0.860862, 0.131219
Z -0.257880, 0.000000, -0.966177

BONE 48
OFFSET 17.367678, -7.901457, -14.840354
SCALE 1.000000, 1.000000, 1.000000
X -0.831745, -0.508839, 0.221999
Y 0.491628, -0.860862, -0.131219
Z 0.257880, -0.000000, 0.966177

BONE 49
OFFSET 15.389911, 6.597012, -11.336607
SCALE 1.000000, 1.000000, 1.000000
X 0.914596, -0.402924, 0.034161
Y -0.078983, -0.095150, 0.992325
Z -0.396581, -0.910274, -0.118848

BONE 50
OFFSET 15.389921, -6.597008, -11.336615
SCALE 1.000000, 1.000000, 1.000000
X -0.914596, -0.402924, -0.034161
Y 0.078983, -0.095150, -0.992325
Z 0.396581, -0.910274, 0.118848

BONE 51
OFFSET 1.853214, -6.251329, 1.594724
SCALE 1.000000, 1.000000, 1.000000
X 1.000000, 0.000000, 0.000000
Y 0.000000, 1.000000, 0.000000
Z 0.000000, 0.000000, 1.000000

BONE 52
OFFSET 0.000504, -6.251329, 1.594724
SCALE 1.000000, 1.000000, 1.000000
X 1.000000, 0.000000, 0.000000
Y 0.000000, 1.000000, 0.000000
Z 0.000000, 0.000000, 1.000000

BONE 53
OFFSET 1.364732, -12.501266, 0.795423
SCALE 1.000000, 1.000000, 1.000000
X 1.000000, 0.000000, 0.000000
Y 0.000000, 1.000000, 0.000000
Z 0.000000, 0.000000, 1.000000

BONE 54
OFFSET 1.364732, -11.824080, 1.189523
SCALE 1.000000, 1.000000, 1.000000
X 1.000000, 0.000000, 0.000000
Y 0.000000, 1.000000, 0.000000
Z 0.000000, 0.000000, 1.000000

BONE 55
OFFSET 1.364732, -11.818530, 1.977723
SCALE 1.000000, 1.000000, 1.000000
X 1.000000, 0.000000, 0.000000
Y 0.000000, 1.000000, 0.000000
Z 0.000000, 0.000000, 1.000000

BONE 56
OFFSET 1.364732, -12.495716, 2.360721
SCALE 1.000000, 1.000000, 1.000000
X 1.000000, 0.000000, 0.000000
Y 0.000000, 1.000000, 0.000000
Z 0.000000, 0.000000, 1.000000

BONE 57
OFFSET 1.364732, -13.178452, 1.972172
SCALE 1.000000, 1.000000, 1.000000
X 1.000000, 0.000000, 0.000000
Y 0.000000, 1.000000, 0.000000
Z 0.000000, 0.000000, 1.000000

BONE 58
OFFSET 1.364732, -13.172902, 1.195074
SCALE 1.000000, 1.000000, 1.000000
X 1.000000, 0.000000, 0.000000
Y 0.000000, 1.000000, 0.000000
Z 0.000000, 0.000000, 1.000000

BONE 59
OFFSET 19.480556, 6.134072, -12.353014
SCALE 1.000000, 1.000000, 1.000000
X 0.139847, -0.988437, 0.058612
Y -0.965352, -0.149273, -0.214039
Z 0.220313, -0.026648, -0.975065

BONE 60
OFFSET 19.480551, -6.134055, -12.353031
SCALE 1.000000, 1.000000, 1.000000
X -0.139847, -0.988437, -0.058612
Y 0.965352, -0.149273, 0.214039
Z -0.220313, -0.026648, 0.975065

BONE 61
OFFSET 19.170456, 5.478823, -13.775060
SCALE 1.000000, 1.000000, 1.000000
X -0.530249, -0.847838, 0.002716
Y -0.845552, 0.529049, 0.071753
Z -0.062271, 0.035750, -0.997419

BONE 62
OFFSET 19.170473, -5.478819, -13.775079
SCALE 1.000000, 1.000000, 1.000000
X 0.530249, -0.847838, -0.002716
Y 0.845552, 0.529049, -0.071753
Z 0.062271, 0.035750, 0.997419

BONE 63
OFFSET 17.914511, 6.912269, -16.176081
SCALE 1.000000, 1.000000, 1.000000
X 0.129509, -0.990999, -0.033881
Y -0.958733, -0.133868, 0.250818
Z -0.253096, 0.000000, -0.967441

BONE 64
OFFSET 17.914528, -6.912283, -16.176064
SCALE 1.000000, 1.000000, 1.000000
X -0.129509, -0.990999, 0.033881
Y 0.958733, -0.133868, -0.250818
Z 0.253096, -0.000000, 0.967441

BONE 65
OFFSET 18.783724, 7.035159, -15.218307
SCALE 1.000000, 1.000000, 1.000000
X 0.018696, -0.999823, 0.001993
Y -0.972646, -0.017726, 0.231616
Z -0.231540, -0.006269, -0.972805

BONE 66
OFFSET 18.783741, -7.035158, -15.218307
SCALE 1.000000, 1.000000, 1.000000
X -0.018696, -0.999823, -0.001993
Y 0.972646, -0.017726, -0.231616
Z 0.231540, -0.006269, 0.972805

BONE 67
OFFSET 16.826696, 5.850290, -11.353966
SCALE 1.000000, 1.000000, 1.000000
X 0.780284, -0.439636, -0.444835
Y 0.353937, -0.276002, 0.893617
Z -0.515641, -0.854718, -0.059757

BONE 68
OFFSET 16.826693, -5.850276, -11.353976
SCALE 1.000000, 1.000000, 1.000000
X -0.780284, -0.439636, 0.444835
Y -0.353937, -0.276002, -0.893617
Z 0.515641, -0.854718, 0.059757

BONE 69
OFFSET 19.638519, 5.017599, -12.286811
SCALE 1.000000, 1.000000, 1.000000
X 0.887890, 0.449028, -0.100123
Y -0.450278, 0.892820, 0.011023
Z 0.094341, 0.035295, 0.994914

BONE 70
OFFSET 19.638504, -5.017599, -12.286811
SCALE 1.000000, 1.000000, 1.000000
X -0.887890, 0.449028, 0.100123
Y 0.450278, 0.892820, -0.011023
Z -0.094341, 0.035295, -0.994914

BONE 71
OFFSET 18.570051, 4.518455, -13.779097
SCALE 1.000000, 1.000000, 1.000000
X 0.950632, 0.309916, 0.015845
Y -0.309563, 0.950639, -0.021349
Z -0.021679, 0.015390, 0.999647

BONE 72
OFFSET 18.570040, -4.518465, -13.779095
SCALE 1.000000, 1.000000, 1.000000
X -0.950632, 0.309916, -0.015845
Y 0.309563, 0.950639, 0.021349
Z 0.021679, 0.015390, -0.999647

BONE 73
OFFSET 18.029337, 6.033617, -16.206121
SCALE 1.000000, 1.000000, 1.000000
X -0.508594, -0.843981, 0.170374
Y -0.800272, 0.536372, 0.268083
Z -0.317641, -0.000000, -0.948211

BONE 74
OFFSET 18.029331, -6.033622, -16.206102
SCALE 1.000000, 1.000000, 1.000000
X 0.508594, -0.843981, -0.170374
Y 0.800272, 0.536372, -0.268083
Z 0.317641, -0.000000, 0.948211

BONE 75
OFFSET 18.809635, 5.649475, -15.215545
SCALE 1.000000, 1.000000, 1.000000
X -0.560939, -0.817051, 0.133323
Y -0.794907, 0.576565, 0.188932
Z -0.231237, 0.000000, -0.972898

BONE 76
OFFSET 18.809647, -5.649488, -15.215551
SCALE 1.000000, 1.000000, 1.000000
X 0.560939, -0.817051, -0.133323
Y 0.794907, 0.576565, -0.188932
Z 0.231237, 0.000000, 0.972898

BONE 77
OFFSET 17.652914, 5.331044, -11.822542
SCALE 1.000000, 1.000000, 1.000000
X 0.980154, 0.167623, -0.105833
Y -0.164811, 0.985710, 0.034839
Z 0.110161, -0.016705, 0.993773

BONE 78
OFFSET 17.652914, -5.331063, -11.822559
SCALE 1.000000, 1.000000, 1.000000
X -0.980154, 0.167623, 0.105833
Y 0.164811, 0.985710, -0.034839
Z -0.110161, -0.016705, -0.993773

BONE 79
OFFSET 17.546160, 5.231812, -16.044260
SCALE 1.000000, 1.000000, 1.000000
X 0.937314, 0.308816, -0.161479
Y -0.317012, 0.948035, -0.027072
Z 0.144727, 0.076566, 0.986505

BONE 80
OFFSET 17.546143, -5.231811, -16.044252
SCALE 1.000000, 1.000000, 1.000000
X -0.937314, 0.308816, 0.161479
Y 0.317012, 0.948035, 0.027072
Z -0.144727, 0.076566, -0.986505

BONE 81
OFFSET 18.201283, 4.763361, -15.070953
SCALE 1.000000, 1.000000, 1.000000
X 0.902287, 0.340068, -0.265014
Y -0.319075, 0.940102, 0.120000
Z 0.289948, -0.023715, 0.956748

BONE 82
OFFSET 18.201300, -4.763347, -15.070945
SCALE 1.000000, 1.000000, 1.000000
X -0.902287, 0.340068, 0.265014
Y 0.319075, 0.940102, -0.120000
Z -0.289948, -0.023715, -0.956748

NUMVERTS 2742
VERT 0
OFFSET -1.528292, -9.949614, -2.118461
BONES 2
BONE 4 0.993592
BONE 8 0.006408

VERT 1
OFFSET -3.541073, -11.044009, -3.040108
BONES 2
BONE 4 0.990108
BONE 8 0.009892

VERT 2
OFFSET -0.175625, -8.131312, -2.203108
BONES 2
BONE 4 0.993592
BONE 8 0.006408

VERT 3
OFFSET 0.229411, -6.558220, -3.009300
BONES 2
BONE 4 0.995296
BONE 8 0.004704

VERT 4
OFFSET 0.252815, -5.695965, -4.099317
BONES 2
BONE 4 0.995863
BONE 8 0.004137

VERT 5
OFFSET -1.137837, -5.194098, -5.811221
BONES 2
BONE 4 0.995863
BONE 8 0.004137

VERT 6
OFFSET 0.153866, -5.283770, -4.773872
BONES 2
BONE 4 0.995863
BONE 8 0.004137

VERT 7
OFFSET -2.294765, -4.874864, -7.092115
BONES 2
BONE 4 0.995591
BONE 8 0.004409

VERT 8
OFFSET -3.804856, -4.910157, -7.914500
BONES 2
BONE 4 0.989569
BONE 8 0.010431

VERT 9
OFFSET -6.266939, -7.908703, -6.763419
BONES 2
BONE 4 0.987084
BONE 8 0.012916

VERT 10
OFFSET -5.082351, -5.907200, -7.471760
BONES 2
BONE 4 0.989569
BONE 8 0.010431

VERT 11
OFFSET -5.744072, -10.251733, -4.832489
BONES 2
BONE 4 0.987084
BONE 8 0.012916

VERT 12
OFFSET -0.738966, -5.415452, -8.742135
BONES 1
BONE 4 1.000000

VERT 13
OFFSET -1.897401, -5.154475, -9.328176
BONES 1
BONE 4 1.000000

VERT 14
OFFSET -0.383795, -10.014540, -8.012148
BONES 1
BONE 4 1.000000

VERT 15
OFFSET -1.518785, -10.718648, -8.506086
BONES 2
BONE 4 0.987084
BONE 8 0.012916

VERT 16
OFFSET 1.229268, -7.679060, -8.917886
BONES 1
BONE 4 1.000000

VERT 17
OFFSET 1.116395, -5.513983, -9.476013
BONES 1
BONE 4 1.000000

VERT 18
OFFSET 0.160215, -5.112879, -10.486587
BONES 1
BONE 4 1.000000

VERT 19
OFFSET -1.208280, -5.202111, -10.947455
BONES 1
BONE 4 1.000000

VERT 20
OFFSET -2.795032, -6.379395, -10.829648
BONES 1
BONE 4 1.000000

VERT 21
OFFSET -4.184480, -8.491813, -11.147729
BONES 1
BONE 4 1.000000

VERT 22
OFFSET -3.565262, -6.390352, -11.797065
BONES 1
BONE 4 1.000000

VERT 23
OFFSET -3.299952, -10.424540, -10.296884
BONES 1
BONE 4 1.000000

VERT 24
OFFSET 0.813846, -10.091783, -10.368179
BONES 2
BONE 4 0.800621
BONE 8 0.199379

VERT 25
OFFSET -0.684999, -10.551556, -10.926665
BONES 2
BONE 4 0.755602
BONE 8 0.244398

VERT 26
OFFSET 1.245479, -5.494227, -11.136549
BONES 1
BONE 4 1.000000

VERT 27
OFFSET 0.572254, -5.285460, -12.330987
BONES 2
BONE 4 0.719361
BONE 8 0.280639

VERT 28
OFFSET -0.606893, -5.291183, -12.567024
BONES 2
BONE 4 0.719361
BONE 8 0.280639

VERT 29
OFFSET -2.196315, -5.979041, -13.561752
BONES 2
BONE 4 0.984533
BONE 8 0.015467

VERT 30
OFFSET -2.473094, -9.708488, -12.252317
BONES 1
BONE 4 1.000000

VERT 31
OFFSET -3.078594, -8.346725, -13.127091
BONES 1
BONE 4 1.000000

VERT 32
OFFSET 0.919880, -9.870319, -11.234278
BONES 2
BONE 4 0.280216
BONE 8 0.719784

VERT 33
OFFSET -0.074634, -10.612705, -12.632286
BONES 2
BONE 4 0.507738
BONE 8 0.492262

VERT 34
OFFSET 2.158508, -8.453502, -9.490942
BONES 2
BONE 4 0.889039
BONE 8 0.110961

VERT 35
OFFSET 2.300354, -8.329680, -10.248651
BONES 2
BONE 4 0.636107
BONE 8 0.363893

VERT 36
OFFSET 1.662444, -5.360344, -13.234368
BONES 2
BONE 4 0.038617
BONE 8 0.961383

VERT 37
OFFSET 2.063789, -5.858057, -11.741714
BONES 2
BONE 4 0.091153
BONE 8 0.908847

VERT 38
OFFSET 0.810395, -5.994333, -12.614903
BONES 2
BONE 4 0.719361
BONE 8 0.280639

VERT 39
OFFSET 0.566490, -5.631318, -13.185478
BONES 2
BONE 4 0.719361
BONE 8 0.280639

VERT 40
OFFSET -1.257177, -5.968817, -14.475990
BONES 2
BONE 4 0.729173
BONE 8 0.270827

VERT 41
OFFSET -2.650834, -6.949895, -12.996549
BONES 1
BONE 4 1.000000

VERT 42
OFFSET -1.699255, -6.995697, -14.880210
BONES 1
BONE 4 1.000000

VERT 43
OFFSET -1.296882, -9.550795, -14.221455
BONES 1
BONE 4 1.000000

VERT 44
OFFSET 1.716445, -10.477811, -10.986624
BONES 2
BONE 4 0.280216
BONE 8 0.719784

VERT 45
OFFSET 2.033026, -8.093892, -11.113486
BONES 2
BONE 4 0.541783
BONE 8 0.458217

VERT 46
OFFSET 2.462783, -5.379109, -12.985161
BONES 2
BONE 4 0.091153
BONE 8 0.908847

VERT 47
OFFSET 2.281177, -5.887930, -11.821685
BONES 2
BONE 4 0.091153
BONE 8 0.908847

VERT 48
OFFSET 0.554373, -5.161480, -13.700133
BONES 2
BONE 4 0.719361
BONE 8 0.280639

VERT 49
OFFSET 1.717319, -5.587287, -14.672485
BONES 2
BONE 4 0.038617
BONE 8 0.961383

VERT 50
OFFSET 0.740812, -5.908584, -15.768997
BONES 2
BONE 4 0.187310
BONE 8 0.812690

VERT 51
OFFSET 0.400686, -7.311594, -16.401922
BONES 2
BONE 4 0.280441
BONE 8 0.719559

VERT 52
OFFSET -1.573226, -8.365449, -15.222570
BONES 2
BONE 4 0.804132
BONE 8 0.195868

VERT 53
OFFSET 0.438613, -8.139253, -16.418652
BONES 2
BONE 4 0.280441
BONE 8 0.719559

VERT 54
OFFSET 0.601674, -9.614837, -15.413130
BONES 2
BONE 4 0.508337
BONE 8 0.491663

VERT 55
OFFSET 1.272265, -10.246775, -13.915771
BONES 2
BONE 4 0.003886
BONE 8 0.996114

VERT 56
OFFSET 5.324033, -10.923485, -13.328566
BONES 2
BONE 4 0.000234
BONE 8 0.999766

VERT 57
OFFSET 5.400231, -10.548728, -15.089071
BONES 2
BONE 4 0.033809
BONE 8 0.966191

VERT 58
OFFSET 2.836500, -10.438159, -14.729740
BONES 2
BONE 4 0.000234
BONE 8 0.999766

VERT 59
OFFSET 2.528006, -10.221415, -12.693379
BONES 2
BONE 4 0.032616
BONE 8 0.967384

VERT 60
OFFSET 5.118726, -10.597037, -12.216475
BONES 2
BONE 4 0.037124
BONE 8 0.962876

VERT 61
OFFSET 2.638139, -9.906601, -11.733030
BONES 2
BONE 4 0.032616
BONE 8 0.967384

VERT 62
OFFSET 3.511364, -8.825223, -10.463438
BONES 2
BONE 4 0.009694
BONE 8 0.990306

VERT 63
OFFSET 4.628006, -6.862111, -11.079774
BONES 3
BONE 4 0.008218
BONE 8 0.991298
BONE 23 0.000484

VERT 64
OFFSET 4.330528, -7.599884, -10.914200
BONES 2
BONE 4 0.004772
BONE 8 0.995228

VERT 65
OFFSET 3.740505, -8.133161, -10.511309
BONES 2
BONE 4 0.004772
BONE 8 0.995228

VERT 66
OFFSET 4.003144, -7.394694, -10.760574
BONES 2
BONE 4 0.004772
BONE 8 0.995228

VERT 67
OFFSET 4.435042, -6.221717, -13.203406
BONES 2
BONE 4 0.004683
BONE 8 0.995317

VERT 68
OFFSET 4.572886, -6.608192, -11.960929
BONES 3
BONE 4 0.008218
BONE 8 0.991298
BONE 23 0.000484

VERT 69
OFFSET 3.412250, -5.553441, -13.387615
BONES 2
BONE 4 0.004683
BONE 8 0.995317

VERT 70
OFFSET 4.481538, -5.784746, -14.574462
BONES 2
BONE 4 0.077560
BONE 8 0.922440

VERT 71
OFFSET 3.195415, -5.274947, -14.760238
BONES 2
BONE 4 0.077560
BONE 8 0.922440

VERT 72
OFFSET 4.937617, -5.564525, -15.958373
BONES 2
BONE 4 0.077560
BONE 8 0.922440

VERT 73
OFFSET 2.636161, -5.812518, -16.012733
BONES 2
BONE 4 0.077560
BONE 8 0.922440

VERT 74
OFFSET 4.942717, -7.079261, -15.968780
BONES 2
BONE 4 0.029591
BONE 8 0.970409

VERT 75
OFFSET 1.909750, -7.201656, -16.195881
BONES 2
BONE 4 0.187310
BONE 8 0.812690

VERT 76
OFFSET 4.804479, -7.700557, -16.863419
BONES 2
BONE 4 0.077560
BONE 8 0.922440

VERT 77
OFFSET 2.456548, -8.153953, -16.561932
BONES 1
BONE 8 1.000000

VERT 78
OFFSET 2.322698, -8.684114, -15.987122
BONES 1
BONE 8 1.000000

VERT 79
OFFSET 6.420142, -10.739872, -13.195576
BONES 2
BONE 4 0.033809
BONE 8 0.966191

VERT 80
OFFSET 6.383944, -10.098901, -15.375876
BONES 2
BONE 4 0.033809
BONE 8 0.966191

VERT 81
OFFSET 6.236624, -10.417933, -12.166078
BONES 2
BONE 4 0.035040
BONE 8 0.964960

VERT 82
OFFSET 5.875328, -5.969712, -12.968104
BONES 3
BONE 4 0.015197
BONE 8 0.982598
BONE 23 0.002206

VERT 83
OFFSET 5.655950, -6.166194, -11.852190
BONES 3
BONE 4 0.005415
BONE 8 0.987284
BONE 23 0.007301

VERT 84
OFFSET 6.084338, -5.912332, -14.489982
BONES 3
BONE 4 0.020761
BONE 8 0.953336
BONE 23 0.025903

VERT 85
OFFSET 6.292218, -5.815778, -15.947958
BONES 2
BONE 4 0.029591
BONE 8 0.970409

VERT 86
OFFSET 6.130786, -7.110823, -15.881151
BONES 2
BONE 4 0.029591
BONE 8 0.970409

VERT 87
OFFSET 6.384547, -7.537306, -17.025536
BONES 2
BONE 4 0.030016
BONE 8 0.969984

VERT 88
OFFSET 8.090823, -10.468303, -13.254302
BONES 3
BONE 4 0.007085
BONE 8 0.970089
BONE 23 0.022826

VERT 89
OFFSET 8.141212, -10.220642, -15.466476
BONES 2
BONE 4 0.005932
BONE 8 0.994068

VERT 90
OFFSET 8.457949, -9.667621, -12.062639
BONES 3
BONE 4 0.006082
BONE 8 0.943918
BONE 23 0.050000

VERT 91
OFFSET 9.028619, -6.505591, -12.253687
BONES 4
BONE 4 0.000566
BONE 8 0.860061
BONE 23 0.045296
BONE 19 0.094076

VERT 92
OFFSET 5.670393, -6.793696, -11.570247
BONES 3
BONE 4 0.005415
BONE 8 0.987284
BONE 23 0.007301

VERT 93
OFFSET 9.065344, -5.831029, -13.290967
BONES 4
BONE 4 0.001065
BONE 8 0.800530
BONE 23 0.042189
BONE 19 0.156216

VERT 94
OFFSET 8.895216, -6.206525, -12.680307
BONES 4
BONE 4 0.001160
BONE 8 0.699469
BONE 23 0.040506
BONE 19 0.258866

VERT 95
OFFSET 8.403337, -6.331474, -15.361239
BONES 3
BONE 4 0.008455
BONE 8 0.951070
BONE 23 0.040475

VERT 96
OFFSET 8.502605, -6.974112, -15.536384
BONES 3
BONE 8 0.939189
BONE 23 0.020399
BONE 19 0.040412

VERT 97
OFFSET 8.700154, -7.522810, -16.828358
BONES 3
BONE 4 0.032731
BONE 8 0.917269
BONE 23 0.050000

VERT 98
OFFSET 8.459525, -8.714792, -16.455328
BONES 3
BONE 4 0.032731
BONE 8 0.917269
BONE 23 0.050000

VERT 99
OFFSET 9.033587, -10.099713, -13.434673
BONES 3
BONE 4 0.006888
BONE 8 0.943112
BONE 23 0.050000

VERT 100
OFFSET 9.605014, -8.876364, -15.968448
BONES 3
BONE 4 0.032731
BONE 8 0.917269
BONE 23 0.050000

VERT 101
OFFSET 9.577562, -9.509936, -12.117217
BONES 3
BONE 4 0.006082
BONE 8 0.943918
BONE 23 0.050000

VERT 102
OFFSET 9.788660, -6.197034, -12.380488
BONES 5
BONE 4 0.000984
BONE 8 0.739529
BONE 23 0.038974
BONE 19 0.144312
BONE 18 0.076200

VERT 103
OFFSET 9.902720, -5.802751, -13.267235
BONES 4
BONE 4 0.001065
BONE 8 0.800530
BONE 23 0.042189
BONE 19 0.156216

VERT 104
OFFSET 10.877378, -6.329740, -15.665712
BONES 2
BONE 8 0.950000
BONE 23 0.050000

VERT 105
OFFSET 9.835349, -6.561245, -15.245114
BONES 3
BONE 8 0.856749
BONE 23 0.037766
BONE 19 0.105484

VERT 106
OFFSET 9.908507, -7.178202, -15.540923
BONES 3
BONE 8 0.963915
BONE 23 0.012105
BONE 19 0.023981

VERT 107
OFFSET 11.594099, -9.538691, -13.716394
BONES 3
BONE 8 0.431055
BONE 23 0.010531
BONE 17 0.558414

VERT 108
OFFSET 11.062241, -9.186805, -15.438673
BONES 2
BONE 8 0.950000
BONE 23 0.050000

VERT 109
OFFSET 11.911147, -9.176408, -12.597754
BONES 3
BONE 8 0.394188
BONE 23 0.004416
BONE 17 0.601396

VERT 110
OFFSET 11.867240, -7.535132, -11.765219
BONES 3
BONE 8 0.419259
BONE 23 0.011535
BONE 18 0.569206

VERT 111
OFFSET 11.252380, -6.231123, -12.711340
BONES 4
BONE 8 0.242161
BONE 23 0.022738
BONE 19 0.472229
BONE 18 0.262873

VERT 112
OFFSET 11.381989, -5.989928, -13.413850
BONES 4
BONE 8 0.404441
BONE 23 0.036734
BONE 19 0.494837
BONE 18 0.063988

VERT 113
OFFSET 11.428079, -6.686539, -15.887477
BONES 2
BONE 8 0.964378
BONE 23 0.035622

VERT 114
OFFSET 11.144997, -7.077925, -15.707666
BONES 2
BONE 8 0.964378
BONE 23 0.035622

VERT 115
OFFSET 10.960506, -7.357563, -16.001354
BONES 2
BONE 8 0.950000
BONE 23 0.050000

VERT 116
OFFSET 13.295402, -9.474285, -13.582408
BONES 3
BONE 8 0.315357
BONE 23 0.003570
BONE 17 0.681072

VERT 117
OFFSET 12.915321, -9.007513, -15.359207
BONES 3
BONE 8 0.956328
BONE 23 0.021103
BONE 17 0.022570

VERT 118
OFFSET 13.411665, -9.336861, -12.594750
BONES 3
BONE 8 0.261770
BONE 18 0.012933
BONE 17 0.725297

VERT 119
OFFSET 13.241293, -7.460694, -11.731097
BONES 5
BONE 8 0.461110
BONE 23 0.008937
BONE 19 0.006773
BONE 18 0.510702
BONE 17 0.012478

VERT 120
OFFSET 12.945565, -6.197734, -12.665092
BONES 4
BONE 8 0.544295
BONE 23 0.045029
BONE 19 0.283150
BONE 18 0.127527

VERT 121
OFFSET 12.841065, -6.197687, -13.279039
BONES 3
BONE 8 0.628810
BONE 23 0.045749
BONE 19 0.325441

VERT 122
OFFSET 12.604666, -6.455207, -15.185661
BONES 3
BONE 8 0.675971
BONE 23 0.046634
BONE 19 0.277395

VERT 123
OFFSET 12.473133, -6.612468, -15.872086
BONES 3
BONE 8 0.855376
BONE 23 0.050000
BONE 19 0.094624

VERT 124
OFFSET 12.416849, -6.732623, -15.285189
BONES 3
BONE 8 0.675971
BONE 23 0.046634
BONE 19 0.277395

VERT 125
OFFSET 12.649369, -7.340519, -15.679262
BONES 3
BONE 8 0.855376
BONE 23 0.050000
BONE 19 0.094624

VERT 126
OFFSET 2.910115, -8.905840, -10.488924
BONES 2
BONE 4 0.194396
BONE 8 0.805604

VERT 127
OFFSET 2.461606, -10.716295, -11.875354
BONES 2
BONE 4 0.175516
BONE 8 0.824484

VERT 128
OFFSET -3.161014, -7.188741, -13.255283
BONES 1
BONE 4 1.000000

VERT 129
OFFSET 3.855219, -8.709779, -10.886283
BONES 2
BONE 4 0.009694
BONE 8 0.990306

VERT 130
OFFSET 9.602902, -6.348657, -15.206160
BONES 4
BONE 4 0.001112
BONE 8 0.691249
BONE 23 0.040286
BONE 19 0.267353

VERT 131
OFFSET 11.018198, -6.357616, -15.412876
BONES 3
BONE 8 0.855945
BONE 23 0.045050
BONE 19 0.099005

VERT 132
OFFSET 10.414627, -6.428191, -13.640137
BONES 4
BONE 4 0.000133
BONE 8 0.423335
BONE 23 0.034809
BONE 19 0.541723

VERT 133
OFFSET 10.221009, -6.610172, -12.721446
BONES 4
BONE 8 0.242161
BONE 23 0.022738
BONE 19 0.472229
BONE 18 0.262873

VERT 134
OFFSET 11.069270, -6.127568, -12.711306
BONES 4
BONE 8 0.242161
BONE 23 0.022738
BONE 19 0.472229
BONE 18 0.262873

VERT 135
OFFSET 10.247097, -7.647929, -11.668551
BONES 4
BONE 4 0.000433
BONE 8 0.553218
BONE 23 0.029140
BONE 18 0.417210

VERT 136
OFFSET 10.711361, -9.321952, -12.309363
BONES 3
BONE 8 0.619168
BONE 23 0.034303
BONE 17 0.346529

VERT 137
OFFSET 10.012498, -7.742829, -11.234286
BONES 4
BONE 4 0.000433
BONE 8 0.553218
BONE 23 0.029140
BONE 18 0.417210

VERT 138
OFFSET 10.362886, -9.238919, -12.106318
BONES 3
BONE 8 0.854988
BONE 23 0.050000
BONE 17 0.095012

VERT 139
OFFSET 9.941566, -9.032338, -12.081225
BONES 3
BONE 4 0.006082
BONE 8 0.943918
BONE 23 0.050000

VERT 140
OFFSET 9.443089, -9.707586, -13.436827
BONES 3
BONE 4 0.006888
BONE 8 0.943112
BONE 23 0.050000

VERT 141
OFFSET 9.060273, -9.459105, -12.067677
BONES 3
BONE 4 0.006082
BONE 8 0.943918
BONE 23 0.050000

VERT 142
OFFSET 11.032710, -8.491162, -15.930598
BONES 2
BONE 8 0.950000
BONE 23 0.050000

VERT 143
OFFSET 12.735644, -8.116346, -15.686492
BONES 3
BONE 8 0.952461
BONE 23 0.038763
BONE 17 0.008776

VERT 144
OFFSET 9.900038, -9.924026, -13.540647
BONES 4
BONE 4 0.002513
BONE 8 0.884988
BONE 23 0.036326
BONE 17 0.076173

VERT 145
OFFSET 9.408167, -10.067191, -14.904501
BONES 3
BONE 4 0.004508
BONE 8 0.955492
BONE 23 0.040000

VERT 146
OFFSET 8.903811, -10.134718, -15.276182
BONES 3
BONE 4 0.006543
BONE 8 0.953437
BONE 23 0.040020

VERT 147
OFFSET 11.045236, -7.588752, -11.651842
BONES 3
BONE 8 0.625728
BONE 23 0.032933
BONE 18 0.341339

VERT 148
OFFSET 13.035208, -9.388735, -14.685367
BONES 3
BONE 8 0.429806
BONE 23 0.003759
BONE 17 0.566435

VERT 149
OFFSET 11.299169, -9.684889, -14.649109
BONES 3
BONE 8 0.467869
BONE 23 0.007394
BONE 17 0.524738

VERT 150
OFFSET 7.795206, -6.089128, -13.025581
BONES 4
BONE 4 0.002169
BONE 8 0.882043
BONE 23 0.046537
BONE 19 0.069250

VERT 151
OFFSET 7.651385, -6.632998, -11.854574
BONES 4
BONE 4 0.001484
BONE 8 0.917435
BONE 23 0.048364
BONE 19 0.032717

VERT 152
OFFSET 8.981780, -10.024779, -12.586240
BONES 3
BONE 4 0.006888
BONE 8 0.943112
BONE 23 0.050000

VERT 153
OFFSET 6.546130, -10.639938, -14.813071
BONES 2
BONE 4 0.033809
BONE 8 0.966191

VERT 154
OFFSET 7.976892, -10.159353, -14.439460
BONES 2
BONE 4 0.005932
BONE 8 0.994068

VERT 155
OFFSET 6.607421, -9.939676, -16.120493
BONES 2
BONE 4 0.032384
BONE 8 0.967616

VERT 156
OFFSET 5.147792, -9.685554, -16.149973
BONES 2
BONE 4 0.032384
BONE 8 0.967616

VERT 157
OFFSET 2.416150, -9.592807, -15.746919
BONES 1
BONE 8 1.000000

VERT 158
OFFSET 5.229644, -10.078143, -15.421891
BONES 2
BONE 4 0.033809
BONE 8 0.966191

VERT 159
OFFSET 2.545573, -9.905274, -15.130543
BONES 2
BONE 4 0.003886
BONE 8 0.996114

VERT 160
OFFSET 2.681572, -10.802161, -13.809350
BONES 2
BONE 4 0.000234
BONE 8 0.999766

VERT 161
OFFSET 5.430070, -10.887140, -14.467379
BONES 2
BONE 4 0.000234
BONE 8 0.999766

VERT 162
OFFSET 6.507112, -10.824792, -14.322446
BONES 2
BONE 4 0.033809
BONE 8 0.966191

VERT 163
OFFSET 3.854649, -10.528426, -12.100967
BONES 2
BONE 4 0.068111
BONE 8 0.931889

VERT 164
OFFSET 7.889613, -10.376239, -12.877613
BONES 3
BONE 4 0.007085
BONE 8 0.970089
BONE 23 0.022826

VERT 165
OFFSET 9.827838, -7.482162, -16.369074
BONES 2
BONE 8 0.950000
BONE 23 0.050000

VERT 166
OFFSET 8.505509, -6.857700, -16.128635
BONES 3
BONE 4 0.010444
BONE 8 0.939556
BONE 23 0.050000

VERT 167
OFFSET 6.322987, -6.953468, -16.709005
BONES 2
BONE 4 0.029591
BONE 8 0.970409

VERT 168
OFFSET 4.804819, -7.240537, -16.694710
BONES 2
BONE 4 0.077560
BONE 8 0.922440

VERT 169
OFFSET 2.138190, -7.728384, -16.580309
BONES 1
BONE 8 1.000000

VERT 170
OFFSET 0.979233, -7.571585, -16.331442
BONES 2
BONE 4 0.280441
BONE 8 0.719559

VERT 171
OFFSET 6.340786, -6.100919, -16.175201
BONES 2
BONE 4 0.029591
BONE 8 0.970409

VERT 172
OFFSET 5.025628, -6.050286, -16.272455
BONES 2
BONE 4 0.077560
BONE 8 0.922440

VERT 173
OFFSET 1.789683, -6.688338, -16.451618
BONES 2
BONE 4 0.187310
BONE 8 0.812690

VERT 174
OFFSET 6.618243, -5.966920, -12.478871
BONES 3
BONE 4 0.015029
BONE 8 0.971759
BONE 23 0.013212

VERT 175
OFFSET 6.844094, -6.589571, -11.558089
BONES 3
BONE 4 0.008035
BONE 8 0.969217
BONE 23 0.022748

VERT 176
OFFSET 7.606078, -10.014687, -12.005106
BONES 3
BONE 4 0.007675
BONE 8 0.958423
BONE 23 0.033903

VERT 177
OFFSET 3.670413, -10.584122, -13.067919
BONES 2
BONE 4 0.000234
BONE 8 0.999766

VERT 178
OFFSET 3.624925, -10.749806, -14.073816
BONES 2
BONE 4 0.000234
BONE 8 0.999766

VERT 179
OFFSET -1.953470, -5.343424, -11.050584
BONES 1
BONE 4 1.000000

VERT 180
OFFSET 1.017764, -5.336873, -14.050295
BONES 2
BONE 4 0.038617
BONE 8 0.961383

VERT 181
OFFSET -0.402248, -5.985462, -15.185184
BONES 2
BONE 4 0.729173
BONE 8 0.270827

VERT 182
OFFSET -0.704532, -7.391049, -15.738550
BONES 2
BONE 4 0.742355
BONE 8 0.257645

VERT 183
OFFSET -0.684135, -8.423250, -15.853124
BONES 2
BONE 4 0.470440
BONE 8 0.529560

VERT 184
OFFSET -0.353589, -9.473519, -15.207989
BONES 2
BONE 4 0.508337
BONE 8 0.491663

VERT 185
OFFSET 0.377326, -10.290606, -13.137742
BONES 2
BONE 4 0.507738
BONE 8 0.492262

VERT 186
OFFSET 10.758357, -6.832493, -14.716647
BONES 2
BONE 8 0.950000
BONE 23 0.050000

VERT 187
OFFSET 1.987489, -10.565297, -11.592361
BONES 2
BONE 4 0.175516
BONE 8 0.824484

VERT 188
OFFSET 1.777115, -10.733233, -11.421710
BONES 2
BONE 4 0.175516
BONE 8 0.824484

VERT 189
OFFSET 2.053443, -10.831219, -11.674768
BONES 2
BONE 4 0.175516
BONE 8 0.824484

VERT 190
OFFSET 2.287061, -10.897853, -11.987480
BONES 2
BONE 4 0.175516
BONE 8 0.824484

VERT 191
OFFSET 2.754896, -5.838146, -12.829210
BONES 2
BONE 4 0.091153
BONE 8 0.908847

VERT 192
OFFSET 2.255269, -8.565082, -9.719509
BONES 2
BONE 4 0.889039
BONE 8 0.110961

VERT 193
OFFSET 3.486751, -7.610322, -10.759539
BONES 2
BONE 4 0.123821
BONE 8 0.876179

VERT 194
OFFSET 3.382506, -8.275930, -10.575737
BONES 2
BONE 4 0.009694
BONE 8 0.990306

VERT 195
OFFSET 3.738189, -6.941378, -11.723699
BONES 3
BONE 4 0.008218
BONE 8 0.991298
BONE 23 0.000484

VERT 196
OFFSET 3.996569, -6.032318, -13.364053
BONES 2
BONE 4 0.004683
BONE 8 0.995317

VERT 197
OFFSET 3.875189, -6.276357, -12.816797
BONES 2
BONE 4 0.004683
BONE 8 0.995317

VERT 198
OFFSET 2.194388, -10.616515, -11.783722
BONES 2
BONE 4 0.175516
BONE 8 0.824484

VERT 199
OFFSET 2.333731, -8.374171, -11.126595
BONES 2
BONE 4 0.636107
BONE 8 0.363893

VERT 200
OFFSET 4.864948, -8.531010, -16.299547
BONES 2
BONE 4 0.032384
BONE 8 0.967616

VERT 201
OFFSET 5.586155, -7.516685, -11.254313
BONES 3
BONE 4 0.005451
BONE 8 0.993807
BONE 23 0.000743

VERT 202
OFFSET 5.643136, -8.296737, -10.932220
BONES 3
BONE 4 0.009261
BONE 8 0.989742
BONE 23 0.000997

VERT 203
OFFSET 6.865516, -8.084449, -10.968713
BONES 3
BONE 4 0.009159
BONE 8 0.978771
BONE 23 0.012071

VERT 204
OFFSET 6.795469, -7.316796, -11.195991
BONES 3
BONE 4 0.005398
BONE 8 0.984232
BONE 23 0.010370

VERT 205
OFFSET 9.145982, -7.011637, -11.816719
BONES 4
BONE 4 0.000545
BONE 8 0.696090
BONE 23 0.036665
BONE 18 0.266700

VERT 206
OFFSET 9.279349, -7.460929, -11.551304
BONES 4
BONE 4 0.000471
BONE 8 0.601788
BONE 23 0.031698
BONE 18 0.366043

VERT 207
OFFSET 9.891911, -7.184538, -11.372963
BONES 4
BONE 4 0.000433
BONE 8 0.553218
BONE 23 0.029140
BONE 18 0.417210

VERT 208
OFFSET 9.836570, -6.684938, -11.750204
BONES 5
BONE 4 0.000459
BONE 8 0.696219
BONE 23 0.036667
BONE 19 0.076155
BONE 18 0.190500

VERT 209
OFFSET 10.091414, -7.166515, -11.405649
BONES 4
BONE 4 0.000433
BONE 8 0.553218
BONE 23 0.029140
BONE 18 0.417210

VERT 210
OFFSET 10.123666, -6.862115, -11.971772
BONES 4
BONE 8 0.375478
BONE 23 0.035256
BONE 19 0.181673
BONE 18 0.407593

VERT 211
OFFSET 11.192863, -7.149199, -11.845163
BONES 3
BONE 8 0.623120
BONE 23 0.032796
BONE 18 0.344084

VERT 212
OFFSET 11.387415, -6.699908, -12.268527
BONES 4
BONE 8 0.341212
BONE 23 0.032038
BONE 19 0.256353
BONE 18 0.370396

VERT 213
OFFSET 11.733261, -7.131523, -11.891534
BONES 5
BONE 8 0.396246
BONE 23 0.012729
BONE 19 0.009647
BONE 18 0.563604
BONE 17 0.017773

VERT 214
OFFSET 13.127333, -7.002129, -11.872259
BONES 5
BONE 8 0.360802
BONE 23 0.010576
BONE 19 0.008015
BONE 18 0.605840
BONE 17 0.014767

VERT 215
OFFSET 13.014945, -6.554098, -12.143188
BONES 5
BONE 8 0.390728
BONE 23 0.033740
BONE 19 0.025570
BONE 18 0.502854
BONE 17 0.047108

VERT 216
OFFSET 10.355672, -7.136279, -11.509239
BONES 4
BONE 4 0.000433
BONE 8 0.553218
BONE 23 0.029140
BONE 18 0.417210

VERT 217
OFFSET 10.789217, -6.457190, -12.182920
BONES 4
BONE 8 0.242161
BONE 23 0.022738
BONE 19 0.472229
BONE 18 0.262873

VERT 218
OFFSET 10.970495, -6.642673, -12.319747
BONES 4
BONE 8 0.242161
BONE 23 0.022738
BONE 19 0.472229
BONE 18 0.262873

VERT 219
OFFSET 10.541305, -7.144894, -11.908808
BONES 4
BONE 8 0.346879
BONE 23 0.032571
BONE 19 0.244003
BONE 18 0.376548

VERT 220
OFFSET 7.843863, -7.180487, -11.404851
BONES 3
BONE 4 0.002076
BONE 8 0.947924
BONE 23 0.050000

VERT 221
OFFSET 8.102744, -7.744803, -11.194511
BONES 3
BONE 4 0.002076
BONE 8 0.947924
BONE 23 0.050000

VERT 222
OFFSET 4.271357, -8.544713, -10.926089
BONES 2
BONE 4 0.009694
BONE 8 0.990306

VERT 223
OFFSET 4.443466, -9.413195, -10.961864
BONES 1
BONE 8 1.000000

VERT 224
OFFSET 4.778029, -10.070657, -11.470345
BONES 1
BONE 8 1.000000

VERT 225
OFFSET 5.630452, -9.160621, -10.956138
BONES 2
BONE 4 0.107875
BONE 8 0.892125

VERT 226
OFFSET 5.961366, -9.943373, -11.399904
BONES 3
BONE 4 0.037122
BONE 8 0.962819
BONE 23 0.000059

VERT 227
OFFSET 7.000321, -8.838479, -11.133177
BONES 3
BONE 4 0.023141
BONE 8 0.969162
BONE 23 0.007698

VERT 228
OFFSET 7.293484, -9.557146, -11.421221
BONES 3
BONE 4 0.023141
BONE 8 0.969162
BONE 23 0.007698

VERT 229
OFFSET 8.331361, -8.371058, -11.190759
BONES 3
BONE 4 0.002821
BONE 8 0.947179
BONE 23 0.050000

VERT 230
OFFSET 8.481653, -9.191836, -11.515214
BONES 3
BONE 4 0.005553
BONE 8 0.955428
BONE 23 0.039019

VERT 231
OFFSET 9.373016, -8.015825, -11.410585
BONES 4
BONE 4 0.001123
BONE 8 0.840292
BONE 23 0.044285
BONE 18 0.114300

VERT 232
OFFSET 9.295104, -8.740805, -11.611191
BONES 3
BONE 4 0.005489
BONE 8 0.944511
BONE 23 0.050000

VERT 233
