// Export filename: `C:/cod5/cod/cod5/xanim_export/viewmodel/US/flamethrower/viewmodel_flamethrower_idle.XANIM_EXPORT`
// Source filename: `C:/cod5/cod/cod5/animation_assets/viewmodel/US/flamethrower/viewmodelanimation_m2flamethrower.mb`
// Export time: Tue Jul 15 14:59:34 2008

ANIMATION
VERSION 3

NUMPARTS 92
PART 0 "RingPalm_FK_LE"
PART 1 "RingPalm_SDK_LE"
PART 2 "J_RingPalm_LE"
PART 3 "J_Ring_LE_0"
PART 4 "J_Ring_LE_1"
PART 5 "J_Ring_LE_2"
PART 6 "J_Ring_LE_3"
PART 7 "J_Webbing_LE"
PART 8 "J_Index_LE_0"
PART 9 "J_Index_LE_1"
PART 10 "J_Index_LE_2"
PART 11 "J_Index_LE_3"
PART 12 "J_Mid_LE_0"
PART 13 "J_Mid_LE_1"
PART 14 "J_Mid_LE_2"
PART 15 "J_Mid_LE_3"
PART 16 "D_Sleave_Reshape_Bottom_LE_1"
PART 17 "D_Sleave_Reshape_Bottom_LE_2"
PART 18 "D_Sleave_Reshape_Top_LE_1"
PART 19 "D_Sleave_Reshape_Top_LE_2"
PART 20 "D_Sleave_Reshape_Top_LE_3"
PART 21 "tag_weapon"
PART 22 "J_Shoulder_RI"
PART 23 "J_Elbow_RI"
PART 24 "J_WristTwist_RI"
PART 25 "J_Sleave_Reshape_Top_RI_3"
PART 26 "J_Sleave_Reshape_Top_RI_2"
PART 27 "J_Sleave_Reshape_Top_RI_1"
PART 28 "J_Wrist_RI"
PART 29 "J_Thumb_RI_0"
PART 30 "J_Thumb_RI_1"
PART 31 "J_Thumb_RI_2"
PART 32 "J_Thumb_RI_3"
PART 33 "J_PinkyPalm_RI"
PART 34 "J_Pinky_RI_0"
PART 35 "J_Pinky_RI_1"
PART 36 "J_Pinky_RI_2"
PART 37 "J_Pinky_RI_3"
PART 38 "J_RingPalm_RI"
PART 39 "J_Ring_RI_0"
PART 40 "J_Ring_RI_1"
PART 41 "J_Ring_RI_2"
PART 42 "J_Ring_RI_3"
PART 43 "J_Webbing_RI"
PART 44 "J_Index_RI_0"
PART 45 "J_Index_RI_1"
PART 46 "J_Index_RI_2"
PART 47 "J_Index_RI_3"
PART 48 "J_Mid_RI_0"
PART 49 "J_Mid_RI_1"
PART 50 "J_Mid_RI_2"
PART 51 "J_Mid_RI_3"
PART 52 "D_Sleave_Reshape_Top_RI_3"
PART 53 "D_Sleave_Reshape_Top_RI_2"
PART 54 "D_Sleave_Reshape_Top_RI_1"
PART 55 "tag_cambone"
PART 56 "tag_camera"
PART 57 "RingPalm_FK_RI"
PART 58 "RingPalm_SDK_RI"
PART 59 "tag_torso"
PART 60 "J_Shoulder_LE"
PART 61 "J_Elbow_LE"
PART 62 "J_WristTwist_LE"
PART 63 "J_Sleave_Reshape_Bottom_LE_1"
PART 64 "J_Sleave_Reshape_Bottom_LE_2"
PART 65 "J_Sleave_Reshape_Top_LE_1"
PART 66 "J_Sleave_Reshape_Top_LE_2"
PART 67 "J_Sleave_Reshape_Top_LE_3"
PART 68 "J_Wrist_LE"
PART 69 "J_Thumb_LE_0"
PART 70 "J_Thumb_LE_1"
PART 71 "J_Thumb_LE_2"
PART 72 "J_Thumb_LE_3"
PART 73 "J_PinkyPalm_LE"
PART 74 "J_Pinky_LE_0"
PART 75 "J_Pinky_LE_1"
PART 76 "J_Pinky_LE_2"
PART 77 "J_Pinky_LE_3"
PART 78 "tag_gasmask"
PART 79 "J_Gun"
PART 80 "tag_flash"
PART 81 "hose1"
PART 82 "hose2"
PART 83 "hose3"
PART 84 "hose4"
PART 85 "hose5"
PART 86 "hose6"
PART 87 "hose7"
PART 88 "hose8"
PART 89 "hose9"
PART 90 "hose10"
PART 91 "hose11"

FRAMERATE 30
NUMFRAMES 1

FRAME 1
PART 0
OFFSET 24.6529 -2.8588 -9.1857
SCALE 1 1 1
X 0.9824 0.0689 -0.1737
Y 0.0169 -0.9586 -0.2842
Z -0.1860 0.2763 -0.9429

PART 1
OFFSET 24.6529 -2.8588 -9.1857
SCALE 1 1 1
X 0.9824 0.0689 -0.1737
Y 0.0169 -0.9586 -0.2842
Z -0.1860 0.2763 -0.9429

PART 2
OFFSET 24.6529 -2.8588 -9.1857
SCALE 1 1 1
X 0.9824 0.0689 -0.1737
Y 0.0169 -0.9586 -0.2842
Z -0.1860 0.2763 -0.9429

PART 3
OFFSET 27.1746 -2.6179 -9.7702
SCALE 1 1 1
X 0.4513 -0.8399 -0.3016
Y -0.8827 -0.4699 -0.0122
Z -0.1315 0.2717 -0.9534

PART 4
OFFSET 27.9428 -4.0479 -10.2837
SCALE 1 1 1
X -0.9104 -0.4137 -0.0029
Y -0.3983 0.8745 0.2769
Z -0.1120 0.2532 -0.9609

PART 5
OFFSET 26.6811 -4.6212 -10.2877
SCALE 1 1 1
X -0.6680 0.6976 0.2592
Y 0.7366 0.6694 0.0966
Z -0.1061 0.2554 -0.9610

PART 6
OFFSET 25.9566 -3.8647 -10.0066
SCALE 1 1 1
X 0.1213 -0.9414 -0.3148
Y 0.9902 0.1370 -0.0282
Z 0.0697 -0.3083 0.9487

PART 7
OFFSET 26.4171 -3.7993 -7.1194
SCALE 1 1 1
X 0.9661 -0.2226 -0.1308
Y 0.2528 0.9184 0.3043
Z 0.0524 -0.3271 0.9435

PART 8
OFFSET 27.2999 -2.7167 -7.5985
SCALE 1 1 1
X 0.8647 -0.4984 -0.0622
Y -0.4956 -0.8266 -0.2665
Z 0.0814 0.2613 -0.9618

PART 9
OFFSET 28.8224 -3.5942 -7.7080
SCALE 1 1 1
X 0.1038 -0.9491 -0.2975
Y -0.9891 -0.0672 -0.1307
Z 0.1041 0.3078 -0.9457

PART 10
OFFSET 28.9422 -4.7667 -8.0122
SCALE 1 1 1
X -0.8954 -0.4052 -0.1847
Y -0.4359 0.8823 0.1775
Z 0.0910 0.2394 -0.9666

PART 11
OFFSET 27.9308 -5.2244 -8.2208
SCALE 1 1 1
X 0.7106 -0.5972 -0.3720
Y 0.7034 0.6147 0.3568
Z 0.0156 -0.5152 0.8569

PART 12
OFFSET 27.3361 -2.6286 -8.6991
SCALE 1 1 1
X 0.4295 -0.8400 -0.3316
Y -0.9012 -0.4224 -0.0974
Z -0.0582 0.3406 -0.9384

PART 13
OFFSET 28.1752 -4.2695 -9.3469
SCALE 1 1 1
X -0.8120 -0.5656 -0.1441
Y -0.5766 0.7390 0.3485
Z -0.0906 0.3661 -0.9262

PART 14
OFFSET 26.9892 -5.0957 -9.5574
SCALE 1 1 1
X -0.8763 0.3929 0.2787
Y 0.4715 0.8185 0.3284
Z -0.0991 0.4192 -0.9025

PART 15
OFFSET 25.9956 -4.6482 -9.2484
SCALE 1 1 1
X 0.3772 -0.8509 -0.3658
Y 0.9149 0.4036 0.0044
Z 0.1439 -0.3363 0.9307

PART 16
OFFSET 23.0295 -1.0927 -9.9942
SCALE 1 1 1
X 0.8046 -0.4992 0.3215
Y 0.3673 0.8438 0.3912
Z -0.4666 -0.1967 0.8623

PART 17
OFFSET 22.2358 -2.2184 -10.9577
SCALE 1 1 1
X 0.8046 -0.4992 0.3215
Y 0.3673 0.8438 0.3912
Z -0.4666 -0.1967 0.8623

PART 18
OFFSET 22.2039 -1.9635 -7.7111
SCALE 1 1 1
X 0.8046 -0.4992 0.3215
Y 0.3673 0.8438 0.3912
Z -0.4666 -0.1967 0.8623

PART 19
OFFSET 21.5310 -3.1050 -8.1102
SCALE 1 1 1
X 0.8046 -0.4992 0.3215
Y 0.3673 0.8438 0.3912
Z -0.4666 -0.1967 0.8623

PART 20
OFFSET 21.4630 -3.2005 -9.2704
SCALE 1 1 1
X 0.8046 -0.4992 0.3215
Y 0.3673 0.8438 0.3912
Z -0.4666 -0.1967 0.8623

PART 21
OFFSET 22.6070 -4.6741 -5.4659
SCALE 1 1 1
X 0.9991 0.0197 0.0375
Y -0.0251 0.9882 0.1513
Z -0.0341 -0.1521 0.9878

PART 22
OFFSET -5.3605 -11.2544 4.7523
SCALE 1 1 1
X -0.3258 -0.1423 0.9347
Y -0.1933 -0.9577 -0.2132
Z 0.9255 -0.2501 0.2845

PART 23
OFFSET -1.4207 -9.5332 -6.5516
SCALE 1 1 1
X -0.9343 -0.3072 0.1808
Y -0.1839 -0.0194 -0.9828
Z 0.3054 -0.9514 -0.0384

PART 24
OFFSET 6.5258 -6.9200 -8.0898
SCALE 1 1 1
X -0.9343 -0.3072 0.1808
Y -0.1678 -0.0685 -0.9834
Z 0.3145 -0.9492 0.0124

PART 25
OFFSET 7.6549 -5.3689 -7.5735
SCALE 1 1 1
X -0.9340 -0.3045 0.1868
Y -0.3001 0.9525 0.0520
Z -0.1938 -0.0075 -0.9810

PART 26
OFFSET 8.3714 -5.7946 -6.7191
SCALE 1 1 1
X -0.9340 -0.3045 0.1868
Y -0.3001 0.9525 0.0520
Z -0.1938 -0.0075 -0.9810

PART 27
OFFSET 8.8312 -7.0493 -7.0256
SCALE 1 1 1
X -0.9340 -0.3045 0.1868
Y -0.3001 0.9525 0.0520
Z -0.1938 -0.0075 -0.9810

PART 28
OFFSET 9.3900 -5.9781 -8.6442
SCALE 1 1 1
X -0.9903 -0.0488 -0.1300
Y 0.1308 -0.0136 -0.9913
Z 0.0466 -0.9987 0.0199

PART 29
OFFSET 9.6901 -5.5329 -7.6372
SCALE 1 1 1
X -0.6648 -0.6591 -0.3517
Y 0.3630 0.1265 -0.9232
Z 0.6529 -0.7414 0.1552

PART 30
OFFSET 11.0522 -4.0820 -6.7948
SCALE 1 1 1
X -0.8679 -0.3494 0.3532
Y -0.1738 -0.4526 -0.8746
Z 0.4654 -0.8204 0.3321

PART 31
OFFSET 12.3907 -3.4531 -7.4544
SCALE 1 1 1
X -0.3897 -0.0112 0.9209
Y -0.7297 -0.6063 -0.3161
Z 0.5619 -0.7951 0.2281

PART 32
OFFSET 12.7988 -3.3944 -8.4553
SCALE 1 1 1
X -0.7989 0.3776 0.4681
Y 0.0166 0.7919 -0.6104
Z -0.6012 -0.4799 -0.6389

PART 33
OFFSET 10.3587 -5.7495 -9.5997
SCALE 1 1 1
X -0.8908 0.0059 0.4543
Y 0.0395 -0.9951 0.0904
Z 0.4526 0.0984 0.8862

PART 34
OFFSET 12.4213 -5.6264 -10.5024
SCALE 1 1 1
X -0.9257 -0.2807 0.2534
Y 0.2834 -0.9586 -0.0263
Z 0.2503 0.0475 0.9670

PART 35
OFFSET 13.7320 -5.2291 -10.8612
SCALE 1 1 1
X -0.8782 -0.4338 0.2013
Y 0.4361 -0.8992 -0.0354
Z 0.1964 0.0567 0.9789

PART 36
OFFSET 14.5106 -4.8444 -11.0397
SCALE 1 1 1
X -0.7060 -0.6876 0.1694
Y 0.6688 -0.7260 -0.1598
Z 0.2329 0.0005 0.9725

PART 37
OFFSET 15.1813 -4.1911 -11.2007
SCALE 1 1 1
X 0.0865 0.9817 -0.1699
Y 0.9887 -0.1056 -0.1068
Z -0.1228 -0.1587 -0.9797

PART 38
OFFSET 10.4961 -5.8692 -8.9095
SCALE 1 1 1
X -0.9823 -0.0483 0.1808
Y 0.0611 -0.9959 0.0660
Z 0.1769 0.0759 0.9813

PART 39
OFFSET 13.0206 -5.7772 -9.5231
SCALE 1 1 1
X -0.9300 -0.3153 0.1889
Y 0.3019 -0.9484 -0.0965
Z 0.2096 -0.0328 0.9772

PART 40
OFFSET 14.6040 -5.2405 -9.8447
SCALE 1 1 1
X -0.3828 -0.9230 0.0399
Y 0.9057 -0.3835 -0.1809
Z 0.1822 -0.0331 0.9827

PART 41
OFFSET 15.1345 -3.9613 -9.9000
SCALE 1 1 1
X 0.6535 -0.7433 -0.1431
Y 0.7342 0.6684 -0.1192
Z 0.1843 -0.0272 0.9825

PART 42
OFFSET 14.4258 -3.1552 -9.7447
SCALE 1 1 1
X -0.9457 0.2258 0.2337
Y 0.2183 0.9742 -0.0577
Z -0.2407 -0.0036 -0.9706

PART 43
OFFSET 5.1828 -6.7049 -8.3363
SCALE 1 1 1
X -0.9441 -0.3210 0.0749
Y -0.3272 0.9401 -0.0955
Z -0.0398 -0.1147 -0.9926

PART 44
OFFSET 13.1675 -6.1488 -7.3825
SCALE 1 1 1
X -0.7312 -0.6810 0.0398
Y 0.6760 -0.7157 0.1755
Z -0.0911 0.1552 0.9837

PART 45
OFFSET 14.4549 -4.9498 -7.4526
SCALE 1 1 1
X 0.2297 -0.9478 0.2211
Y 0.9653 0.2508 0.0724
Z -0.1241 0.1968 0.9726

PART 46
OFFSET 14.1682 -3.7856 -7.6622
SCALE 1 1 1
X 0.9830 -0.1482 0.1081
Y 0.1609 0.9797 -0.1198
Z -0.0882 0.1352 0.9869

PART 47
OFFSET 13.0578 -3.6182 -7.7844
SCALE 1 1 1
X -0.4900 -0.7981 0.3506
Y -0.8689 0.4149 -0.2700
Z 0.0700 -0.4369 -0.8968

PART 48
OFFSET 13.1954 -5.9897 -8.4754
SCALE 1 1 1
X -0.7997 -0.5971 0.0638
Y 0.6002 -0.7981 0.0532
Z 0.0192 0.0808 0.9965

PART 49
OFFSET 14.7576 -4.8233 -8.6001
SCALE 1 1 1
X 0.4239 -0.9040 0.0563
Y 0.9037 0.4179 -0.0934
Z 0.0609 0.0905 0.9940

PART 50
OFFSET 14.1385 -3.5029 -8.6823
SCALE 1 1 1
X 0.9717 0.2017 -0.1234
Y -0.2157 0.9699 -0.1128
Z 0.0969 0.1362 0.9859

PART 51
OFFSET 13.0372 -3.7316 -8.5497
SCALE 1 1 1
X -0.6135 -0.7829 0.1036
Y -0.7811 0.6209 0.0666
Z -0.1165 -0.0401 -0.9924

PART 52
OFFSET 7.6549 -5.3689 -7.5735
SCALE 1 1 1
X -0.9340 -0.3045 0.1868
Y -0.3001 0.9525 0.0520
Z -0.1938 -0.0075 -0.9810

PART 53
OFFSET 8.3714 -5.7946 -6.7191
SCALE 1 1 1
X -0.9340 -0.3045 0.1868
Y -0.3001 0.9525 0.0520
Z -0.1938 -0.0075 -0.9810

PART 54
OFFSET 8.8312 -7.0493 -7.0256
SCALE 1 1 1
X -0.9340 -0.3045 0.1868
Y -0.3001 0.9525 0.0520
Z -0.1938 -0.0075 -0.9810

PART 55
OFFSET 0.0000 0.0000 0.0000
SCALE 1 1 1
X 1.0000 0.0000 0.0000
Y 0.0000 1.0000 0.0000
Z 0.0000 0.0000 1.0000

PART 56
OFFSET 0.0000 0.0000 0.0000
SCALE 1 1 1
X 1.0000 0.0000 0.0000
Y 0.0000 1.0000 0.0000
Z 0.0000 0.0000 1.0000

PART 57
OFFSET 10.4961 -5.8692 -8.9095
SCALE 1 1 1
X -0.9823 -0.0483 0.1808
Y 0.0611 -0.9959 0.0660
Z 0.1769 0.0759 0.9813

PART 58
OFFSET 10.4961 -5.8692 -8.9095
SCALE 1 1 1
X -0.9823 -0.0483 0.1808
Y 0.0611 -0.9959 0.0660
Z 0.1769 0.0759 0.9813

PART 59
OFFSET 2.6606 0.0000 -1.3770
SCALE 1 1 1
X 1.0000 0.0000 0.0000
Y 0.0000 1.0000 0.0000
Z 0.0000 0.0000 1.0000

PART 60
OFFSET 3.3517 5.4626 -8.1622
SCALE 1 1 1
X 0.9033 -0.2102 -0.3739
Y -0.1954 -0.9777 0.0774
Z -0.3818 0.0031 -0.9242

PART 61
OFFSET 14.2767 2.9210 -12.6840
SCALE 1 1 1
X 0.8008 -0.5028 0.3255
Y -0.4766 -0.2059 0.8547
Z -0.3627 -0.8395 -0.4045

PART 62
OFFSET 21.0878 -1.3555 -9.9158
SCALE 1 1 1
X 0.8008 -0.5028 0.3255
Y -0.5041 -0.2725 0.8195
Z -0.3234 -0.8203 -0.4717

PART 63
OFFSET 23.0295 -1.0927 -9.9942
SCALE 1 1 1
X 0.8046 -0.4992 0.3215
Y 0.3673 0.8438 0.3912
Z -0.4666 -0.1967 0.8623

PART 64
OFFSET 22.2358 -2.2184 -10.9577
SCALE 1 1 1
X 0.8046 -0.4992 0.3215
Y 0.3673 0.8438 0.3912
Z -0.4666 -0.1967 0.8623

PART 65
OFFSET 22.2039 -1.9635 -7.7111
SCALE 1 1 1
X 0.8046 -0.4992 0.3215
Y 0.3673 0.8438 0.3912
Z -0.4666 -0.1967 0.8623

PART 66
OFFSET 21.5310 -3.1050 -8.1102
SCALE 1 1 1
X 0.8046 -0.4992 0.3215
Y 0.3673 0.8438 0.3912
Z -0.4666 -0.1967 0.8623

PART 67
OFFSET 21.4630 -3.2005 -9.2704
SCALE 1 1 1
X 0.8046 -0.4992 0.3215
Y 0.3673 0.8438 0.3912
Z -0.4666 -0.1967 0.8623

PART 68
OFFSET 23.5427 -2.8969 -8.9180
SCALE 1 1 1
X 0.9916 0.0005 0.1295
Y -0.1256 -0.2417 0.9622
Z 0.0318 -0.9703 -0.2396

PART 69
OFFSET 23.8807 -3.5284 -8.0296
SCALE 1 1 1
X 0.5781 -0.6749 0.4586
Y -0.6530 -0.0457 0.7560
Z -0.4892 -0.7365 -0.4672

PART 70
OFFSET 25.0357 -5.0303 -6.9906
SCALE 1 1 1
X 0.9558 -0.0976 -0.2774
Y 0.1586 -0.6232 0.7658
Z -0.2476 -0.7760 -0.5801

PART 71
OFFSET 26.5415 -5.2377 -7.5490
SCALE 1 1 1
X 0.7281 0.0905 -0.6794
Y 0.5841 -0.6006 0.5460
Z -0.3587 -0.7944 -0.4902

PART 72
OFFSET 27.3225 -5.1864 -8.2969
SCALE 1 1 1
X 0.8883 0.4533 -0.0741
Y -0.3228 0.7309 0.6013
Z 0.3268 -0.5102 0.7956

PART 73
OFFSET 24.5227 -2.8338 -9.8871
SCALE 1 1 1
X 0.8842 0.2047 -0.4198
Y 0.0663 -0.9448 -0.3209
Z -0.4623 0.2559 -0.8490

PART 74
OFFSET 26.5849 -2.5271 -10.7461
SCALE 1 1 1
X 0.7072 -0.6688 -0.2293
Y -0.6877 -0.7260 -0.0032
Z -0.1643 0.1600 -0.9734

PART 75
OFFSET 27.5861 -3.4741 -11.0707
SCALE 1 1 1
X -0.3566 -0.9294 -0.0954
Y -0.9276 0.3400 0.1550
Z -0.1116 0.1438 -0.9833

PART 76
OFFSET 27.2699 -4.2981 -11.1553
SCALE 1 1 1
X -0.9802 -0.1315 0.1482
Y -0.1017 0.9758 0.1934
Z -0.1700 0.1745 -0.9699

PART 77
OFFSET 26.3388 -4.4230 -11.0145
SCALE 1 1 1
X 0.8381 -0.5372 -0.0945
Y 0.5325 0.8434 -0.0719
Z 0.1183 0.0100 0.9929

PART 78
OFFSET 0.0000 0.0000 0.0000
SCALE 1 1 1
X 1.0000 0.0000 0.0000
Y 0.0000 1.0000 0.0000
Z 0.0000 0.0000 1.0000

PART 79
OFFSET 22.6070 -4.6741 -5.4659
SCALE 1 1 1
X 0.9991 0.0197 0.0375
Y -0.0251 0.9882 0.1513
Z -0.0341 -0.1521 0.9878

PART 80
OFFSET 40.3119 -4.2843 -5.0866
SCALE 1 1 1
X 0.9991 0.0197 0.0375
Y -0.0248 0.9895 0.1422
Z -0.0343 -0.1430 0.9891

PART 81
OFFSET 12.7159 -6.8947 -6.0892
SCALE 1 1 1
X -0.5863 -0.7583 -0.2851
Y 0.1257 0.2625 -0.9567
Z 0.8003 -0.5968 -0.0585

PART 82
OFFSET 12.0643 -7.7374 -6.4060
SCALE 1 1 1
X -0.5993 -0.7930 -0.1091
Y 0.0187 0.1224 -0.9923
Z 0.8003 -0.5968 -0.0585

PART 83
OFFSET 11.2748 -8.7821 -6.5497
SCALE 1 1 1
X -0.4275 -0.9035 -0.0296
Y 0.0329 -0.0483 0.9983
Z -0.9034 0.4258 0.0504

PART 84
OFFSET 10.7708 -9.8474 -6.5846
SCALE 1 1 1
X -0.4227 -0.9057 0.0334
Y 0.0379 0.0192 0.9991
Z -0.9055 0.4236 0.0262

PART 85
OFFSET 10.2175 -11.0328 -6.5408
SCALE 1 1 1
X -0.6004 -0.7995 0.0174
Y 0.1372 -0.0815 0.9872
Z -0.7879 0.5951 0.1587

PART 86
OFFSET 9.5226 -11.9583 -6.5207
SCALE 1 1 1
X -0.6391 -0.7406 0.2074
Y 0.2210 0.0814 0.9719
Z -0.7367 0.6670 0.1117

PART 87
OFFSET 8.9643 -12.6053 -6.3395
SCALE 1 1 1
X -0.6919 -0.7046 0.1578
Y 0.1685 0.0549 0.9842
Z -0.7021 0.7075 0.0807

PART 88
OFFSET 8.2449 -13.3380 -6.1755
SCALE 1 1 1
X -0.6428 -0.6921 0.3284
Y 0.2274 0.2370 0.9445
Z -0.7315 0.6818 0.0051

PART 89
OFFSET 7.5034 -14.1363 -5.7966
SCALE 1 1 1
X -0.6663 -0.7261 0.1701
Y 0.0939 0.1447 0.9850
Z -0.7398 0.6722 -0.0282

PART 90
OFFSET 6.9454 -14.7444 -5.6541
SCALE 1 1 1
X -0.6237 -0.7812 -0.0281
Y -0.7797 0.6192 0.0925
Z -0.0549 0.0796 -0.9953

PART 91
OFFSET 5.5511 -16.4907 -5.7169
SCALE 1 1 1
X 0.7933 -0.6089 -0.0050
Y 0.6006 0.7838 -0.1580
Z 0.1001 0.1223 0.9874


NOTETRACKS

PART 0
NUMTRACKS 0

PART 1
NUMTRACKS 0

PART 2
NUMTRACKS 0

PART 3
NUMTRACKS 0

PART 4
NUMTRACKS 0

PART 5
NUMTRACKS 0

PART 6
NUMTRACKS 0

PART 7
NUMTRACKS 0

PART 8
NUMTRACKS 0

PART 9
NUMTRACKS 0

PART 10
NUMTRACKS 0

PART 11
NUMTRACKS 0

PART 12
NUMTRACKS 0

PART 13
NUMTRACKS 0

PART 14
NUMTRACKS 0

PART 15
NUMTRACKS 0

PART 16
NUMTRACKS 0

PART 17
NUMTRACKS 0

PART 18
NUMTRACKS 0

PART 19
NUMTRACKS 0

PART 20
NUMTRACKS 0

PART 21
NUMTRACKS 0

PART 22
NUMTRACKS 0

PART 23
NUMTRACKS 0

PART 24
NUMTRACKS 0

PART 25
NUMTRACKS 0

PART 26
NUMTRACKS 0

PART 27
NUMTRACKS 0

PART 28
NUMTRACKS 0

PART 29
NUMTRACKS 0

PART 30
NUMTRACKS 0

PART 31
NUMTRACKS 0

PART 32
NUMTRACKS 0

PART 33
NUMTRACKS 0

PART 34
NUMTRACKS 0

PART 35
NUMTRACKS 0

PART 36
NUMTRACKS 0

PART 37
NUMTRACKS 0

PART 38
NUMTRACKS 0

PART 39
NUMTRACKS 0

PART 40
NUMTRACKS 0

PART 41
NUMTRACKS 0

PART 42
NUMTRACKS 0

PART 43
NUMTRACKS 0

PART 44
NUMTRACKS 0

PART 45
NUMTRACKS 0

PART 46
NUMTRACKS 0

PART 47
NUMTRACKS 0

PART 48
NUMTRACKS 0

PART 49
NUMTRACKS 0

PART 50
NUMTRACKS 0

PART 51
NUMTRACKS 0

PART 52
NUMTRACKS 0

PART 53
NUMTRACKS 0

PART 54
NUMTRACKS 0

PART 55
NUMTRACKS 0

PART 56
NUMTRACKS 0

PART 57
NUMTRACKS 0

PART 58
NUMTRACKS 0

PART 59
NUMTRACKS 0

PART 60
NUMTRACKS 0

PART 61
NUMTRACKS 0

PART 62
NUMTRACKS 0

PART 63
NUMTRACKS 0

PART 64
NUMTRACKS 0

PART 65
NUMTRACKS 0

PART 66
NUMTRACKS 0

PART 67
NUMTRACKS 0

PART 68
NUMTRACKS 0

PART 69
NUMTRACKS 0

PART 70
NUMTRACKS 0

PART 71
NUMTRACKS 0

PART 72
NUMTRACKS 0

PART 73
NUMTRACKS 0

PART 74
NUMTRACKS 0

PART 75
NUMTRACKS 0

PART 76
NUMTRACKS 0

PART 77
NUMTRACKS 0

PART 78
NUMTRACKS 0

PART 79
NUMTRACKS 0

PART 80
NUMTRACKS 0

PART 81
NUMTRACKS 0

PART 82
NUMTRACKS 0

PART 83
NUMTRACKS 0

PART 84
NUMTRACKS 0

PART 85
NUMTRACKS 0

PART 86
NUMTRACKS 0

PART 87
NUMTRACKS 0

PART 88
NUMTRACKS 0

PART 89
NUMTRACKS 0

PART 90
NUMTRACKS 0

PART 91
NUMTRACKS 0

