// Export filename: `C:/cod5/cod/cod5/xanim_export/viewmodel/US/flamethrower/viewmodel_flamethrower_ads_fire.XANIM_EXPORT`
// Source filename: `C:/cod5/cod/cod5/animation_assets/viewmodel/US/flamethrower/viewmodelanimation_m2flamethrower.mb`
// Export time: Tue Jul 15 14:59:39 2008

ANIMATION
VERSION 3

NUMPARTS 92
PART 0 "RingPalm_FK_LE"
PART 1 "RingPalm_SDK_LE"
PART 2 "J_RingPalm_LE"
PART 3 "J_Ring_LE_0"
PART 4 "J_Ring_LE_1"
PART 5 "J_Ring_LE_2"
PART 6 "J_Ring_LE_3"
PART 7 "J_Webbing_LE"
PART 8 "J_Index_LE_0"
PART 9 "J_Index_LE_1"
PART 10 "J_Index_LE_2"
PART 11 "J_Index_LE_3"
PART 12 "J_Mid_LE_0"
PART 13 "J_Mid_LE_1"
PART 14 "J_Mid_LE_2"
PART 15 "J_Mid_LE_3"
PART 16 "D_Sleave_Reshape_Bottom_LE_1"
PART 17 "D_Sleave_Reshape_Bottom_LE_2"
PART 18 "D_Sleave_Reshape_Top_LE_1"
PART 19 "D_Sleave_Reshape_Top_LE_2"
PART 20 "D_Sleave_Reshape_Top_LE_3"
PART 21 "tag_weapon"
PART 22 "J_Shoulder_RI"
PART 23 "J_Elbow_RI"
PART 24 "J_WristTwist_RI"
PART 25 "J_Sleave_Reshape_Top_RI_3"
PART 26 "J_Sleave_Reshape_Top_RI_2"
PART 27 "J_Sleave_Reshape_Top_RI_1"
PART 28 "J_Wrist_RI"
PART 29 "J_Thumb_RI_0"
PART 30 "J_Thumb_RI_1"
PART 31 "J_Thumb_RI_2"
PART 32 "J_Thumb_RI_3"
PART 33 "J_PinkyPalm_RI"
PART 34 "J_Pinky_RI_0"
PART 35 "J_Pinky_RI_1"
PART 36 "J_Pinky_RI_2"
PART 37 "J_Pinky_RI_3"
PART 38 "J_RingPalm_RI"
PART 39 "J_Ring_RI_0"
PART 40 "J_Ring_RI_1"
PART 41 "J_Ring_RI_2"
PART 42 "J_Ring_RI_3"
PART 43 "J_Webbing_RI"
PART 44 "J_Index_RI_0"
PART 45 "J_Index_RI_1"
PART 46 "J_Index_RI_2"
PART 47 "J_Index_RI_3"
PART 48 "J_Mid_RI_0"
PART 49 "J_Mid_RI_1"
PART 50 "J_Mid_RI_2"
PART 51 "J_Mid_RI_3"
PART 52 "D_Sleave_Reshape_Top_RI_3"
PART 53 "D_Sleave_Reshape_Top_RI_2"
PART 54 "D_Sleave_Reshape_Top_RI_1"
PART 55 "tag_cambone"
PART 56 "tag_camera"
PART 57 "RingPalm_FK_RI"
PART 58 "RingPalm_SDK_RI"
PART 59 "tag_torso"
PART 60 "J_Shoulder_LE"
PART 61 "J_Elbow_LE"
PART 62 "J_WristTwist_LE"
PART 63 "J_Sleave_Reshape_Bottom_LE_1"
PART 64 "J_Sleave_Reshape_Bottom_LE_2"
PART 65 "J_Sleave_Reshape_Top_LE_1"
PART 66 "J_Sleave_Reshape_Top_LE_2"
PART 67 "J_Sleave_Reshape_Top_LE_3"
PART 68 "J_Wrist_LE"
PART 69 "J_Thumb_LE_0"
PART 70 "J_Thumb_LE_1"
PART 71 "J_Thumb_LE_2"
PART 72 "J_Thumb_LE_3"
PART 73 "J_PinkyPalm_LE"
PART 74 "J_Pinky_LE_0"
PART 75 "J_Pinky_LE_1"
PART 76 "J_Pinky_LE_2"
PART 77 "J_Pinky_LE_3"
PART 78 "tag_gasmask"
PART 79 "J_Gun"
PART 80 "tag_flash"
PART 81 "hose1"
PART 82 "hose2"
PART 83 "hose3"
PART 84 "hose4"
PART 85 "hose5"
PART 86 "hose6"
PART 87 "hose7"
PART 88 "hose8"
PART 89 "hose9"
PART 90 "hose10"
PART 91 "hose11"

FRAMERATE 30
NUMFRAMES 24

FRAME 200
PART 0
OFFSET 24.5809 -2.8328 -9.1995
SCALE 1 1 1
X 0.9776 0.0951 -0.1877
Y 0.0490 -0.9705 -0.2362
Z -0.2046 0.2217 -0.9534

PART 1
OFFSET 24.5809 -2.8328 -9.1995
SCALE 1 1 1
X 0.9776 0.0951 -0.1877
Y 0.0490 -0.9705 -0.2362
Z -0.2046 0.2217 -0.9534

PART 2
OFFSET 24.5809 -2.8328 -9.1995
SCALE 1 1 1
X 0.9776 0.0951 -0.1877
Y 0.0490 -0.9705 -0.2362
Z -0.2046 0.2217 -0.9534

PART 3
OFFSET 27.0867 -2.5317 -9.8230
SCALE 1 1 1
X 0.4786 -0.8373 -0.2643
Y -0.8651 -0.5011 0.0210
Z -0.1500 0.2186 -0.9642

PART 4
OFFSET 27.9015 -3.9573 -10.2729
SCALE 1 1 1
X -0.8948 -0.4456 0.0278
Y -0.4271 0.8725 0.2373
Z -0.1299 0.2005 -0.9710

PART 5
OFFSET 26.6613 -4.5748 -10.2344
SCALE 1 1 1
X -0.6903 0.6855 0.2314
Y 0.7127 0.6993 0.0550
Z -0.1242 0.2029 -0.9713

PART 6
OFFSET 25.9126 -3.8314 -9.9834
SCALE 1 1 1
X 0.1524 -0.9511 -0.2688
Y 0.9843 0.1707 -0.0459
Z 0.0895 -0.2576 0.9621

PART 7
OFFSET 26.3969 -3.6047 -7.1083
SCALE 1 1 1
X 0.9723 -0.1943 -0.1302
Y 0.2222 0.9410 0.2553
Z 0.0729 -0.2772 0.9580

PART 8
OFFSET 27.2356 -2.5167 -7.6506
SCALE 1 1 1
X 0.9734 -0.2289 0.0124
Y -0.2204 -0.9493 -0.2241
Z 0.0630 0.2154 -0.9745

PART 9
OFFSET 28.9493 -2.9197 -7.6287
SCALE 1 1 1
X 0.6167 -0.7689 -0.1687
Y -0.7840 -0.5808 -0.2190
Z 0.0704 0.2674 -0.9610

PART 10
OFFSET 29.6948 -3.8707 -7.7755
SCALE 1 1 1
X -0.2838 -0.9331 -0.2210
Y -0.9539 0.2981 -0.0337
Z 0.0973 0.2012 -0.9747

PART 11
OFFSET 29.3742 -4.9246 -8.0251
SCALE 1 1 1
X 0.9809 0.0912 -0.1718
Y -0.0301 0.9438 0.3291
Z 0.1921 -0.3176 0.9286

PART 12
OFFSET 27.2584 -2.4827 -8.7545
SCALE 1 1 1
X 0.4566 -0.8397 -0.2940
Y -0.8862 -0.4586 -0.0663
Z -0.0791 0.2908 -0.9535

PART 13
OFFSET 28.1503 -4.1232 -9.3288
SCALE 1 1 1
X -0.7923 -0.6007 -0.1068
Y -0.5997 0.7345 0.3175
Z -0.1123 0.3156 -0.9422

PART 14
OFFSET 26.9931 -5.0006 -9.4849
SCALE 1 1 1
X -0.8874 0.3749 0.2684
Y 0.4445 0.8502 0.2820
Z -0.1225 0.3695 -0.9211

PART 15
OFFSET 25.9869 -4.5740 -9.1876
SCALE 1 1 1
X 0.4043 -0.8542 -0.3270
Y 0.8997 0.4357 -0.0258
Z 0.1645 -0.2838 0.9447

PART 16
OFFSET 22.9746 -1.0973 -10.0101
SCALE 1 1 1
X 0.8013 -0.5003 0.3280
Y 0.3689 0.8448 0.3875
Z -0.4710 -0.1895 0.8615

PART 17
OFFSET 22.1788 -2.2268 -10.9661
SCALE 1 1 1
X 0.8013 -0.5003 0.3280
Y 0.3689 0.8448 0.3875
Z -0.4710 -0.1895 0.8615

PART 18
OFFSET 22.1355 -1.9522 -7.7201
SCALE 1 1 1
X 0.8013 -0.5003 0.3280
Y 0.3689 0.8448 0.3875
Z -0.4710 -0.1895 0.8615

PART 19
OFFSET 21.4616 -3.0852 -8.1122
SCALE 1 1 1
X 0.8013 -0.5003 0.3280
Y 0.3689 0.8448 0.3875
Z -0.4710 -0.1895 0.8615

PART 20
OFFSET 21.3994 -3.1914 -9.2805
SCALE 1 1 1
X 0.8013 -0.5003 0.3280
Y 0.3689 0.8448 0.3875
Z -0.4710 -0.1895 0.8615

PART 21
OFFSET 22.6070 -4.6741 -5.4659
SCALE 1 1 1
X 0.9991 0.0197 0.0375
Y -0.0251 0.9882 0.1513
Z -0.0341 -0.1521 0.9878

PART 22
OFFSET -5.3605 -11.2544 4.7523
SCALE 1 1 1
X -0.3258 -0.1423 0.9347
Y -0.1933 -0.9577 -0.2132
Z 0.9255 -0.2501 0.2845

PART 23
OFFSET -1.4207 -9.5332 -6.5516
SCALE 1 1 1
X -0.9343 -0.3072 0.1808
Y -0.1839 -0.0194 -0.9828
Z 0.3054 -0.9514 -0.0384

PART 24
OFFSET 6.5258 -6.9200 -8.0898
SCALE 1 1 1
X -0.9343 -0.3072 0.1808
Y -0.1678 -0.0685 -0.9834
Z 0.3145 -0.9492 0.0124

PART 25
OFFSET 7.6549 -5.3689 -7.5735
SCALE 1 1 1
X -0.9340 -0.3045 0.1868
Y -0.3001 0.9525 0.0520
Z -0.1938 -0.0075 -0.9810

PART 26
OFFSET 8.3714 -5.7946 -6.7191
SCALE 1 1 1
X -0.9340 -0.3045 0.1868
Y -0.3001 0.9525 0.0520
Z -0.1938 -0.0075 -0.9810

PART 27
OFFSET 8.8312 -7.0493 -7.0256
SCALE 1 1 1
X -0.9340 -0.3045 0.1868
Y -0.3001 0.9525 0.0520
Z -0.1938 -0.0075 -0.9810

PART 28
OFFSET 9.3900 -5.9781 -8.6442
SCALE 1 1 1
X -0.9903 -0.0488 -0.1300
Y 0.1308 -0.0136 -0.9913
Z 0.0466 -0.9987 0.0199

PART 29
OFFSET 9.6901 -5.5329 -7.6372
SCALE 1 1 1
X -0.6648 -0.6591 -0.3517
Y 0.3630 0.1265 -0.9232
Z 0.6529 -0.7414 0.1552

PART 30
OFFSET 11.0522 -4.0820 -6.7948
SCALE 1 1 1
X -0.8679 -0.3494 0.3532
Y -0.1738 -0.4526 -0.8746
Z 0.4654 -0.8204 0.3321

PART 31
OFFSET 12.3907 -3.4531 -7.4544
SCALE 1 1 1
X -0.3897 -0.0112 0.9209
Y -0.7297 -0.6063 -0.3161
Z 0.5619 -0.7951 0.2281

PART 32
OFFSET 12.7988 -3.3944 -8.4553
SCALE 1 1 1
X -0.7989 0.3776 0.4681
Y 0.0166 0.7919 -0.6104
Z -0.6012 -0.4799 -0.6389

PART 33
OFFSET 10.3587 -5.7495 -9.5997
SCALE 1 1 1
X -0.8908 0.0059 0.4543
Y 0.0395 -0.9951 0.0904
Z 0.4526 0.0984 0.8862

PART 34
OFFSET 12.4213 -5.6264 -10.5024
SCALE 1 1 1
X -0.9257 -0.2807 0.2534
Y 0.2834 -0.9586 -0.0263
Z 0.2503 0.0475 0.9670

PART 35
OFFSET 13.7320 -5.2291 -10.8612
SCALE 1 1 1
X -0.8782 -0.4338 0.2013
Y 0.4361 -0.8992 -0.0354
Z 0.1964 0.0567 0.9789

PART 36
OFFSET 14.5106 -4.8444 -11.0397
SCALE 1 1 1
X -0.7060 -0.6876 0.1694
Y 0.6688 -0.7260 -0.1598
Z 0.2329 0.0005 0.9725

PART 37
OFFSET 15.1813 -4.1911 -11.2007
SCALE 1 1 1
X 0.0865 0.9817 -0.1699
Y 0.9887 -0.1056 -0.1068
Z -0.1228 -0.1587 -0.9797

PART 38
OFFSET 10.4961 -5.8692 -8.9095
SCALE 1 1 1
X -0.9823 -0.0483 0.1808
Y 0.0611 -0.9959 0.0660
Z 0.1769 0.0759 0.9813

PART 39
OFFSET 13.0206 -5.7772 -9.5231
SCALE 1 1 1
X -0.9300 -0.3153 0.1889
Y 0.3019 -0.9484 -0.0965
Z 0.2096 -0.0328 0.9772

PART 40
OFFSET 14.6040 -5.2405 -9.8447
SCALE 1 1 1
X -0.3828 -0.9230 0.0399
Y 0.9057 -0.3835 -0.1809
Z 0.1822 -0.0331 0.9827

PART 41
OFFSET 15.1345 -3.9613 -9.9000
SCALE 1 1 1
X 0.6535 -0.7433 -0.1431
Y 0.7342 0.6684 -0.1192
Z 0.1843 -0.0272 0.9825

PART 42
OFFSET 14.4258 -3.1552 -9.7447
SCALE 1 1 1
X -0.9457 0.2258 0.2337
Y 0.2183 0.9742 -0.0577
Z -0.2407 -0.0036 -0.9706

PART 43
OFFSET 5.1828 -6.7049 -8.3363
SCALE 1 1 1
X -0.9441 -0.3210 0.0749
Y -0.3272 0.9401 -0.0955
Z -0.0398 -0.1147 -0.9926

PART 44
OFFSET 13.1675 -6.1488 -7.3825
SCALE 1 1 1
X -0.7312 -0.6810 0.0398
Y 0.6760 -0.7157 0.1755
Z -0.0911 0.1552 0.9837

PART 45
OFFSET 14.4549 -4.9498 -7.4526
SCALE 1 1 1
X 0.2297 -0.9478 0.2211
Y 0.9653 0.2508 0.0724
Z -0.1241 0.1968 0.9726

PART 46
OFFSET 14.1682 -3.7856 -7.6622
SCALE 1 1 1
X 0.9830 -0.1482 0.1081
Y 0.1609 0.9797 -0.1198
Z -0.0882 0.1352 0.9869

PART 47
OFFSET 13.0578 -3.6182 -7.7844
SCALE 1 1 1
X -0.4900 -0.7981 0.3506
Y -0.8689 0.4149 -0.2700
Z 0.0700 -0.4369 -0.8968

PART 48
OFFSET 13.1954 -5.9897 -8.4754
SCALE 1 1 1
X -0.7997 -0.5971 0.0638
Y 0.6002 -0.7981 0.0532
Z 0.0192 0.0808 0.9965

PART 49
OFFSET 14.7576 -4.8233 -8.6001
SCALE 1 1 1
X 0.4239 -0.9040 0.0563
Y 0.9037 0.4179 -0.0934
Z 0.0609 0.0905 0.9940

PART 50
OFFSET 14.1385 -3.5029 -8.6823
SCALE 1 1 1
X 0.9717 0.2017 -0.1234
Y -0.2157 0.9699 -0.1128
Z 0.0969 0.1362 0.9859

PART 51
OFFSET 13.0372 -3.7316 -8.5497
SCALE 1 1 1
X -0.6135 -0.7829 0.1036
Y -0.7811 0.6209 0.0666
Z -0.1165 -0.0401 -0.9924

PART 52
OFFSET 7.6549 -5.3689 -7.5735
SCALE 1 1 1
X -0.9340 -0.3045 0.1868
Y -0.3001 0.9525 0.0520
Z -0.1938 -0.0075 -0.9810

PART 53
OFFSET 8.3714 -5.7946 -6.7191
SCALE 1 1 1
X -0.9340 -0.3045 0.1868
Y -0.3001 0.9525 0.0520
Z -0.1938 -0.0075 -0.9810

PART 54
OFFSET 8.8312 -7.0493 -7.0256
SCALE 1 1 1
X -0.9340 -0.3045 0.1868
Y -0.3001 0.9525 0.0520
Z -0.1938 -0.0075 -0.9810

PART 55
OFFSET 0.0000 0.0000 0.0000
SCALE 1 1 1
X 1.0000 0.0000 0.0000
Y 0.0000 1.0000 0.0000
Z 0.0000 0.0000 1.0000

PART 56
OFFSET 0.0000 0.0000 0.0000
SCALE 1 1 1
X 1.0000 0.0000 0.0000
Y 0.0000 1.0000 0.0000
Z 0.0000 0.0000 1.0000

PART 57
OFFSET 10.4961 -5.8692 -8.9095
SCALE 1 1 1
X -0.9823 -0.0483 0.1808
Y 0.0611 -0.9959 0.0660
Z 0.1769 0.0759 0.9813

PART 58
OFFSET 10.4961 -5.8692 -8.9095
SCALE 1 1 1
X -0.9823 -0.0483 0.1808
Y 0.0611 -0.9959 0.0660
Z 0.1769 0.0759 0.9813

PART 59
OFFSET 2.6606 0.0000 -1.3770
SCALE 1 1 1
X 1.0000 0.0000 0.0000
Y 0.0000 1.0000 0.0000
Z 0.0000 0.0000 1.0000

PART 60
OFFSET 3.3517 5.4626 -8.1622
SCALE 1 1 1
X 0.9010 -0.2092 -0.3801
Y -0.1932 -0.9779 0.0801
Z -0.3885 0.0013 -0.9215

PART 61
OFFSET 14.2479 2.9329 -12.7595
SCALE 1 1 1
X 0.7975 -0.5038 0.3320
Y -0.4810 -0.1987 0.8539
Z -0.3643 -0.8406 -0.4008

PART 62
OFFSET 21.0306 -1.3524 -9.9358
SCALE 1 1 1
X 0.7975 -0.5038 0.3320
Y -0.5028 -0.2506 0.8273
Z -0.3336 -0.8266 -0.4532

PART 63
OFFSET 22.9746 -1.0973 -10.0101
SCALE 1 1 1
X 0.8013 -0.5003 0.3280
Y 0.3689 0.8448 0.3875
Z -0.4710 -0.1895 0.8615

PART 64
OFFSET 22.1788 -2.2268 -10.9661
SCALE 1 1 1
X 0.8013 -0.5003 0.3280
Y 0.3689 0.8448 0.3875
Z -0.4710 -0.1895 0.8615

PART 65
OFFSET 22.1355 -1.9522 -7.7201
SCALE 1 1 1
X 0.8013 -0.5003 0.3280
Y 0.3689 0.8448 0.3875
Z -0.4710 -0.1895 0.8615

PART 66
OFFSET 21.4616 -3.0852 -8.1122
SCALE 1 1 1
X 0.8013 -0.5003 0.3280
Y 0.3689 0.8448 0.3875
Z -0.4710 -0.1895 0.8615

PART 67
OFFSET 21.3994 -3.1914 -9.2805
SCALE 1 1 1
X 0.8013 -0.5003 0.3280
Y 0.3689 0.8448 0.3875
Z -0.4710 -0.1895 0.8615

PART 68
OFFSET 23.4754 -2.8969 -8.9180
SCALE 1 1 1
X 0.9921 0.0424 0.1184
Y -0.1079 -0.1974 0.9744
Z 0.0647 -0.9794 -0.1913

PART 69
OFFSET 23.8441 -3.4705 -8.0030
SCALE 1 1 1
X 0.6063 -0.6300 0.4853
Y -0.6440 -0.0309 0.7644
Z -0.4665 -0.7760 -0.4244

PART 70
OFFSET 25.0623 -4.8762 -6.9031
SCALE 1 1 1
X 0.9561 -0.0773 -0.2827
Y 0.1881 -0.5779 0.7942
Z -0.2247 -0.8125 -0.5380

PART 71
OFFSET 26.5694 -5.0575 -7.4671
SCALE 1 1 1
X 0.7181 0.0822 -0.6911
Y 0.6104 -0.5512 0.5688
Z -0.3342 -0.8303 -0.4460

PART 72
OFFSET 27.3410 -5.0160 -8.2251
SCALE 1 1 1
X 0.8706 0.4804 -0.1064
Y -0.3435 0.7482 0.5676
Z 0.3523 -0.4576 0.8164

PART 73
OFFSET 24.4435 -2.8477 -9.8998
SCALE 1 1 1
X 0.8723 0.2147 -0.4392
Y 0.0975 -0.9567 -0.2741
Z -0.4791 0.1963 -0.8555

PART 74
OFFSET 26.4852 -2.5111 -10.7956
SCALE 1 1 1
X 0.7288 -0.6539 -0.2034
Y -0.6610 -0.7493 0.0405
Z -0.1789 0.1049 -0.9783

PART 75
OFFSET 27.5170 -3.4368 -11.0836
SCALE 1 1 1
X -0.3236 -0.9451 -0.0450
Y -0.9378 0.3140 0.1480
Z -0.1258 0.0901 -0.9880

PART 76
OFFSET 27.2301 -4.2748 -11.1235
SCALE 1 1 1
X -0.9734 -0.1588 0.1653
Y -0.1352 0.9801 0.1456
Z -0.1851 0.1194 -0.9754

PART 77
OFFSET 26.3054 -4.4257 -10.9664
SCALE 1 1 1
X 0.8561 -0.5111 -0.0768
Y 0.5009 0.8572 -0.1197
Z 0.1270 0.0640 0.9898

PART 78
OFFSET 0.0000 0.0000 0.0000
SCALE 1 1 1
X 1.0000 0.0000 0.0000
Y 0.0000 1.0000 0.0000
Z 0.0000 0.0000 1.0000

PART 79
OFFSET 22.6070 -4.6741 -5.4659
SCALE 1 1 1
X 0.9991 0.0197 0.0375
Y -0.0251 0.9882 0.1513
Z -0.0341 -0.1521 0.9878

PART 80
OFFSET 40.3119 -4.2843 -5.0866
SCALE 1 1 1
X 0.9991 0.0197 0.0375
Y -0.0248 0.9895 0.1422
Z -0.0343 -0.1430 0.9891

PART 81
OFFSET 12.7159 -6.8947 -6.0892
SCALE 1 1 1
X -0.5863 -0.7583 -0.2851
Y 0.1257 0.2625 -0.9567
Z 0.8003 -0.5968 -0.0585

PART 82
OFFSET 12.0643 -7.7374 -6.4060
SCALE 1 1 1
X -0.5993 -0.7930 -0.1091
Y 0.0187 0.1224 -0.9923
Z 0.8003 -0.5968 -0.0585

PART 83
OFFSET 11.2748 -8.7821 -6.5497
SCALE 1 1 1
X -0.4275 -0.9035 -0.0296
Y 0.0329 -0.0483 0.9983
Z -0.9034 0.4258 0.0504

PART 84
OFFSET 10.7708 -9.8474 -6.5846
SCALE 1 1 1
X -0.4227 -0.9057 0.0334
Y 0.0379 0.0192 0.9991
Z -0.9055 0.4236 0.0262

PART 85
OFFSET 10.2175 -11.0328 -6.5408
SCALE 1 1 1
X -0.6004 -0.7995 0.0174
Y 0.1372 -0.0815 0.9872
Z -0.7879 0.5951 0.1587

PART 86
OFFSET 9.5226 -11.9583 -6.5207
SCALE 1 1 1
X -0.6391 -0.7406 0.2074
Y 0.2210 0.0814 0.9719
Z -0.7367 0.6670 0.1117

PART 87
OFFSET 8.9643 -12.6053 -6.3395
SCALE 1 1 1
X -0.6919 -0.7046 0.1578
Y 0.1685 0.0549 0.9842
Z -0.7021 0.7075 0.0807

PART 88
OFFSET 8.2449 -13.3380 -6.1755
SCALE 1 1 1
X -0.6428 -0.6921 0.3284
Y 0.2274 0.2370 0.9445
Z -0.7315 0.6818 0.0051

PART 89
OFFSET 7.5034 -14.1363 -5.7966
SCALE 1 1 1
X -0.6663 -0.7261 0.1701
Y 0.0939 0.1447 0.9850
Z -0.7398 0.6722 -0.0282

PART 90
OFFSET 6.9454 -14.7444 -5.6541
SCALE 1 1 1
X -0.6237 -0.7812 -0.0281
Y -0.7797 0.6192 0.0925
Z -0.0549 0.0796 -0.9953

PART 91
OFFSET 5.5511 -16.4907 -5.7169
SCALE 1 1 1
X 0.7933 -0.6089 -0.0050
Y 0.6006 0.7838 -0.1580
Z 0.1001 0.1223 0.9874


FRAME 201
PART 0
OFFSET 24.5809 -2.8328 -9.1995
SCALE 1 1 1
X 0.9776 0.0951 -0.1877
Y 0.0490 -0.9705 -0.2362
Z -0.2046 0.2217 -0.9534

PART 1
OFFSET 24.5809 -2.8328 -9.1995
SCALE 1 1 1
X 0.9776 0.0951 -0.1877
Y 0.0490 -0.9705 -0.2362
Z -0.2046 0.2217 -0.9534

PART 2
OFFSET 24.5809 -2.8328 -9.1995
SCALE 1 1 1
X 0.9776 0.0951 -0.1877
Y 0.0490 -0.9705 -0.2362
Z -0.2046 0.2217 -0.9534

PART 3
OFFSET 27.0867 -2.5317 -9.8230
SCALE 1 1 1
X 0.4786 -0.8373 -0.2643
Y -0.8651 -0.5011 0.0210
Z -0.1500 0.2186 -0.9642

PART 4
OFFSET 27.9015 -3.9573 -10.2729
SCALE 1 1 1
X -0.8948 -0.4456 0.0278
Y -0.4271 0.8725 0.2373
Z -0.1299 0.2005 -0.9710

PART 5
OFFSET 26.6613 -4.5748 -10.2344
SCALE 1 1 1
X -0.6903 0.6855 0.2314
Y 0.7127 0.6993 0.0550
Z -0.1242 0.2029 -0.9713

PART 6
OFFSET 25.9126 -3.8314 -9.9834
SCALE 1 1 1
X 0.1524 -0.9511 -0.2688
Y 0.9843 0.1707 -0.0459
Z 0.0895 -0.2576 0.9621

PART 7
OFFSET 26.3969 -3.6047 -7.1083
SCALE 1 1 1
X 0.9723 -0.1943 -0.1302
Y 0.2222 0.9410 0.2553
Z 0.0729 -0.2772 0.9580

PART 8
OFFSET 27.2356 -2.5167 -7.6506
SCALE 1 1 1
X 0.9734 -0.2289 0.0124
Y -0.2204 -0.9493 -0.2241
Z 0.0630 0.2154 -0.9745

PART 9
OFFSET 28.9493 -2.9197 -7.6287
SCALE 1 1 1
X 0.6167 -0.7689 -0.1687
Y -0.7840 -0.5808 -0.2190
Z 0.0704 0.2674 -0.9610

PART 10
OFFSET 29.6948 -3.8707 -7.7755
SCALE 1 1 1
X -0.2838 -0.9331 -0.2210
Y -0.9539 0.2981 -0.0337
Z 0.0973 0.2012 -0.9747

PART 11
OFFSET 29.3742 -4.9246 -8.0251
SCALE 1 1 1
X 0.9809 0.0912 -0.1718
Y -0.0301 0.9438 0.3291
Z 0.1921 -0.3176 0.9286

PART 12
OFFSET 27.2584 -2.4827 -8.7545
SCALE 1 1 1
X 0.4566 -0.8397 -0.2940
Y -0.8862 -0.4586 -0.0663
Z -0.0791 0.2908 -0.9535

PART 13
OFFSET 28.1503 -4.1232 -9.3288
SCALE 1 1 1
X -0.7923 -0.6007 -0.1068
Y -0.5997 0.7345 0.3175
Z -0.1123 0.3156 -0.9422

PART 14
OFFSET 26.9931 -5.0006 -9.4849
SCALE 1 1 1
X -0.8874 0.3749 0.2684
Y 0.4445 0.8502 0.2820
Z -0.1225 0.3695 -0.9211

PART 15
OFFSET 25.9869 -4.5740 -9.1876
SCALE 1 1 1
X 0.4043 -0.8542 -0.3270
Y 0.8997 0.4357 -0.0258
Z 0.1645 -0.2838 0.9447

PART 16
OFFSET 22.9746 -1.0973 -10.0101
SCALE 1 1 1
X 0.8013 -0.5003 0.3280
Y 0.3689 0.8448 0.3875
Z -0.4710 -0.1895 0.8615

PART 17
OFFSET 22.1788 -2.2268 -10.9661
SCALE 1 1 1
X 0.8013 -0.5003 0.3280
Y 0.3689 0.8448 0.3875
Z -0.4710 -0.1895 0.8615

PART 18
OFFSET 22.1355 -1.9522 -7.7201
SCALE 1 1 1
X 0.8013 -0.5003 0.3280
Y 0.3689 0.8448 0.3875
Z -0.4710 -0.1895 0.8615

PART 19
OFFSET 21.4616 -3.0852 -8.1122
SCALE 1 1 1
X 0.8013 -0.5003 0.3280
Y 0.3689 0.8448 0.3875
Z -0.4710 -0.1895 0.8615

PART 20
OFFSET 21.3994 -3.1914 -9.2805
SCALE 1 1 1
X 0.8013 -0.5003 0.3280
Y 0.3689 0.8448 0.3875
Z -0.4710 -0.1895 0.8615

PART 21
OFFSET 22.6070 -4.6741 -5.4659
SCALE 1 1 1
X 0.9991 0.0197 0.0375
Y -0.0251 0.9882 0.1513
Z -0.0341 -0.1521 0.9878

PART 22
OFFSET -5.3605 -11.2544 4.7523
SCALE 1 1 1
X -0.3282 -0.1428 0.9337
Y -0.1933 -0.9574 -0.2144
Z 0.9246 -0.2509 0.2866

PART 23
OFFSET -1.3909 -9.5272 -6.5403
SCALE 1 1 1
X -0.9343 -0.3068 0.1817
Y -0.1847 -0.0196 -0.9826
Z 0.3050 -0.9516 -0.0383

PART 24
OFFSET 6.5555 -6.9179 -8.0858
SCALE 1 1 1
X -0.9343 -0.3068 0.1817
Y -0.1688 -0.0685 -0.9833
Z 0.3141 -0.9493 0.0122

PART 25
OFFSET 7.6858 -5.3672 -7.5710
SCALE 1 1 1
X -0.9340 -0.3040 0.1877
Y -0.2997 0.9526 0.0519
Z -0.1946 -0.0077 -0.9809

PART 26
OFFSET 8.4027 -5.7930 -6.7170
SCALE 1 1 1
X -0.9340 -0.3040 0.1877
Y -0.2997 0.9526 0.0519
Z -0.1946 -0.0077 -0.9809

PART 27
OFFSET 8.8617 -7.0478 -7.0234
SCALE 1 1 1
X -0.9340 -0.3040 0.1877
Y -0.2997 0.9526 0.0519
Z -0.1946 -0.0077 -0.9809

PART 28
OFFSET 9.4197 -5.9774 -8.6429
SCALE 1 1 1
X -0.9903 -0.0488 -0.1300
Y 0.1308 -0.0136 -0.9913
Z 0.0466 -0.9987 0.0199

PART 29
OFFSET 9.7198 -5.5323 -7.6359
SCALE 1 1 1
X -0.6648 -0.6591 -0.3517
Y 0.3630 0.1265 -0.9232
Z 0.6529 -0.7414 0.1552

PART 30
OFFSET 11.0818 -4.0814 -6.7935
SCALE 1 1 1
X -0.8679 -0.3494 0.3532
Y -0.1738 -0.4526 -0.8746
Z 0.4654 -0.8204 0.3321

PART 31
OFFSET 12.4203 -3.4525 -7.4531
SCALE 1 1 1
X -0.3897 -0.0112 0.9209
Y -0.7297 -0.6063 -0.3161
Z 0.5619 -0.7951 0.2281

PART 32
OFFSET 12.8284 -3.3937 -8.4540
SCALE 1 1 1
X -0.7989 0.3776 0.4681
Y 0.0166 0.7919 -0.6104
Z -0.6012 -0.4799 -0.6389

PART 33
OFFSET 10.3883 -5.7489 -9.5984
SCALE 1 1 1
X -0.8908 0.0059 0.4543
Y 0.0395 -0.9951 0.0904
Z 0.4526 0.0984 0.8862

PART 34
OFFSET 12.4510 -5.6258 -10.5011
SCALE 1 1 1
X -0.9257 -0.2807 0.2534
Y 0.2834 -0.9586 -0.0263
Z 0.2503 0.0475 0.9670

PART 35
OFFSET 13.7616 -5.2284 -10.8599
SCALE 1 1 1
X -0.8782 -0.4338 0.2013
Y 0.4361 -0.8992 -0.0354
Z 0.1964 0.0567 0.9789

PART 36
OFFSET 14.5403 -4.8437 -11.0384
SCALE 1 1 1
X -0.7060 -0.6876 0.1694
Y 0.6688 -0.7260 -0.1598
Z 0.2329 0.0005 0.9725

PART 37
OFFSET 15.2110 -4.1905 -11.1994
SCALE 1 1 1
X 0.0865 0.9817 -0.1699
Y 0.9887 -0.1056 -0.1068
Z -0.1228 -0.1587 -0.9797

PART 38
OFFSET 10.5257 -5.8686 -8.9082
SCALE 1 1 1
X -0.9823 -0.0483 0.1808
Y 0.0611 -0.9959 0.0660
Z 0.1769 0.0759 0.9813

PART 39
OFFSET 13.0503 -5.7765 -9.5218
SCALE 1 1 1
X -0.9300 -0.3153 0.1889
Y 0.3019 -0.9484 -0.0965
Z 0.2096 -0.0328 0.9772

PART 40
OFFSET 14.6337 -5.2398 -9.8434
SCALE 1 1 1
X -0.3828 -0.9230 0.0399
Y 0.9057 -0.3835 -0.1809
Z 0.1822 -0.0331 0.9827

PART 41
OFFSET 15.1642 -3.9607 -9.8987
SCALE 1 1 1
X 0.6535 -0.7433 -0.1431
Y 0.7342 0.6684 -0.1192
Z 0.1843 -0.0272 0.9825

PART 42
OFFSET 14.4555 -3.1545 -9.7434
SCALE 1 1 1
X -0.9457 0.2258 0.2337
Y 0.2183 0.9742 -0.0577
Z -0.2407 -0.0036 -0.9706

PART 43
OFFSET 5.2124 -6.7043 -8.3350
SCALE 1 1 1
X -0.9441 -0.3210 0.0749
Y -0.3272 0.9401 -0.0955
Z -0.0398 -0.1147 -0.9926

PART 44
OFFSET 13.1971 -6.1482 -7.3812
SCALE 1 1 1
X -0.7312 -0.6810 0.0398
Y 0.6760 -0.7157 0.1755
Z -0.0911 0.1552 0.9837

PART 45
OFFSET 14.4846 -4.9492 -7.4513
SCALE 1 1 1
X 0.2297 -0.9478 0.2211
Y 0.9653 0.2508 0.0724
Z -0.1241 0.1968 0.9726

PART 46
OFFSET 14.1978 -3.7850 -7.6609
SCALE 1 1 1
X 0.9830 -0.1482 0.1081
Y 0.1609 0.9797 -0.1198
Z -0.0882 0.1352 0.9869

PART 47
OFFSET 13.0875 -3.6176 -7.7831
SCALE 1 1 1
X -0.4900 -0.7981 0.3506
Y -0.8689 0.4149 -0.2700
Z 0.0700 -0.4369 -0.8968

PART 48
OFFSET 13.2251 -5.9890 -8.4741
SCALE 1 1 1
X -0.7997 -0.5971 0.0638
Y 0.6002 -0.7981 0.0532
Z 0.0192 0.0808 0.9965

PART 49
OFFSET 14.7872 -4.8226 -8.5988
SCALE 1 1 1
X 0.4239 -0.9040 0.0563
Y 0.9037 0.4179 -0.0934
Z 0.0609 0.0905 0.9940

PART 50
OFFSET 14.1681 -3.5023 -8.6810
SCALE 1 1 1
X 0.9717 0.2017 -0.1234
Y -0.2157 0.9699 -0.1128
Z 0.0969 0.1362 0.9859

PART 51
OFFSET 13.0668 -3.7310 -8.5484
SCALE 1 1 1
X -0.6135 -0.7829 0.1036
Y -0.7811 0.6209 0.0666
Z -0.1165 -0.0401 -0.9924

PART 52
OFFSET 7.6858 -5.3672 -7.5710
SCALE 1 1 1
X -0.9340 -0.3040 0.1877
Y -0.2997 0.9526 0.0519
Z -0.1946 -0.0077 -0.9809

PART 53
OFFSET 8.4027 -5.7930 -6.7170
SCALE 1 1 1
X -0.9340 -0.3040 0.1877
Y -0.2997 0.9526 0.0519
Z -0.1946 -0.0077 -0.9809

PART 54
OFFSET 8.8617 -7.0478 -7.0234
SCALE 1 1 1
X -0.9340 -0.3040 0.1877
Y -0.2997 0.9526 0.0519
Z -0.1946 -0.0077 -0.9809

PART 55
OFFSET 0.0000 0.0000 0.0000
SCALE 1 1 1
X 1.0000 0.0000 0.0000
Y 0.0000 1.0000 0.0000
Z 0.0000 0.0000 1.0000

PART 56
OFFSET 0.0000 0.0000 0.0000
SCALE 1 1 1
X 1.0000 0.0000 0.0000
Y 0.0000 1.0000 0.0000
Z 0.0000 0.0000 1.0000

PART 57
OFFSET 10.5257 -5.8686 -8.9082
SCALE 1 1 1
X -0.9823 -0.0483 0.1808
Y 0.0611 -0.9959 0.0660
Z 0.1769 0.0759 0.9813

PART 58
OFFSET 10.5257 -5.8686 -8.9082
SCALE 1 1 1
X -0.9823 -0.0483 0.1808
Y 0.0611 -0.9959 0.0660
Z 0.1769 0.0759 0.9813

PART 59
OFFSET 2.6606 0.0000 -1.3770
SCALE 1 1 1
X 1.0000 0.0000 0.0000
Y 0.0000 1.0000 0.0000
Z 0.0000 0.0000 1.0000

PART 60
OFFSET 3.3517 5.4626 -8.1622
SCALE 1 1 1
X 0.9010 -0.2092 -0.3801
Y -0.1932 -0.9779 0.0801
Z -0.3885 0.0013 -0.9215

PART 61
OFFSET 14.2479 2.9329 -12.7595
SCALE 1 1 1
X 0.7975 -0.5038 0.3320
Y -0.4810 -0.1987 0.8539
Z -0.3643 -0.8406 -0.4008

PART 62
OFFSET 21.0306 -1.3524 -9.9358
SCALE 1 1 1
X 0.7975 -0.5038 0.3320
Y -0.5028 -0.2506 0.8273
Z -0.3336 -0.8266 -0.4532

PART 63
OFFSET 22.9746 -1.0973 -10.0101
SCALE 1 1 1
X 0.8013 -0.5003 0.3280
Y 0.3689 0.8448 0.3875
Z -0.4710 -0.1895 0.8615

PART 64
OFFSET 22.1788 -2.2268 -10.9661
SCALE 1 1 1
X 0.8013 -0.5003 0.3280
Y 0.3689 0.8448 0.3875
Z -0.4710 -0.1895 0.8615

PART 65
OFFSET 22.1355 -1.9522 -7.7201
SCALE 1 1 1
X 0.8013 -0.5003 0.3280
Y 0.3689 0.8448 0.3875
Z -0.4710 -0.1895 0.8615

PART 66
OFFSET 21.4616 -3.0852 -8.1122
SCALE 1 1 1
X 0.8013 -0.5003 0.3280
Y 0.3689 0.8448 0.3875
Z -0.4710 -0.1895 0.8615

PART 67
OFFSET 21.3994 -3.1914 -9.2805
SCALE 1 1 1
X 0.8013 -0.5003 0.3280
Y 0.3689 0.8448 0.3875
Z -0.4710 -0.1895 0.8615

PART 68
OFFSET 23.4754 -2.8969 -8.9180
SCALE 1 1 1
X 0.9921 0.0424 0.1184
Y -0.1079 -0.1974 0.9744
Z 0.0647 -0.9794 -0.1913

PART 69
OFFSET 23.8441 -3.4705 -8.0030
SCALE 1 1 1
X 0.6063 -0.6300 0.4853
Y -0.6440 -0.0309 0.7644
Z -0.4665 -0.7760 -0.4244

PART 70
OFFSET 25.0623 -4.8762 -6.9031
SCALE 1 1 1
X 0.9561 -0.0773 -0.2827
Y 0.1881 -0.5779 0.7942
Z -0.2247 -0.8125 -0.5380

PART 71
OFFSET 26.5694 -5.0575 -7.4671
SCALE 1 1 1
X 0.7181 0.0822 -0.6911
Y 0.6104 -0.5512 0.5688
Z -0.3342 -0.8303 -0.4460

PART 72
OFFSET 27.3410 -5.0160 -8.2251
SCALE 1 1 1
X 0.8706 0.4804 -0.1064
Y -0.3435 0.7482 0.5676
Z 0.3523 -0.4576 0.8164

PART 73
OFFSET 24.4435 -2.8477 -9.8998
SCALE 1 1 1
X 0.8723 0.2147 -0.4392
Y 0.0975 -0.9567 -0.2741
Z -0.4791 0.1963 -0.8555

PART 74
OFFSET 26.4852 -2.5111 -10.7956
SCALE 1 1 1
X 0.7288 -0.6539 -0.2034
Y -0.6610 -0.7493 0.0405
Z -0.1789 0.1049 -0.9783

PART 75
OFFSET 27.5170 -3.4368 -11.0836
SCALE 1 1 1
X -0.3236 -0.9451 -0.0450
Y -0.9378 0.3140 0.1480
Z -0.1258 0.0901 -0.9880

PART 76
OFFSET 27.2301 -4.2748 -11.1235
SCALE 1 1 1
X -0.9734 -0.1588 0.1653
Y -0.1352 0.9801 0.1456
Z -0.1851 0.1194 -0.9754

PART 77
OFFSET 26.3054 -4.4257 -10.9664
SCALE 1 1 1
X 0.8561 -0.5111 -0.0768
Y 0.5009 0.8572 -0.1197
Z 0.1270 0.0640 0.9898

PART 78
OFFSET 0.0000 0.0000 0.0000
SCALE 1 1 1
X 1.0000 0.0000 0.0000
Y 0.0000 1.0000 0.0000
Z 0.0000 0.0000 1.0000

PART 79
OFFSET 22.6070 -4.6741 -5.4659
SCALE 1 1 1
X 0.9991 0.0197 0.0375
Y -0.0251 0.9882 0.1513
Z -0.0341 -0.1521 0.9878

PART 80
OFFSET 40.3119 -4.2843 -5.0866
SCALE 1 1 1
X 0.9991 0.0197 0.0375
Y -0.0248 0.9895 0.1422
Z -0.0343 -0.1430 0.9891

PART 81
OFFSET 12.7159 -6.8947 -6.0892
SCALE 1 1 1
X -0.5863 -0.7583 -0.2851
Y 0.1257 0.2625 -0.9567
Z 0.8003 -0.5968 -0.0585

PART 82
OFFSET 12.0643 -7.7374 -6.4060
SCALE 1 1 1
X -0.5993 -0.7930 -0.1091
Y 0.0187 0.1224 -0.9923
Z 0.8003 -0.5968 -0.0585

PART 83
OFFSET 11.2748 -8.7821 -6.5497
SCALE 1 1 1
X -0.4275 -0.9035 -0.0296
Y 0.0329 -0.0483 0.9983
Z -0.9034 0.4258 0.0504

PART 84
OFFSET 10.7708 -9.8474 -6.5846
SCALE 1 1 1
X -0.4227 -0.9057 0.0334
Y 0.0379 0.0192 0.9991
Z -0.9055 0.4236 0.0262

PART 85
OFFSET 10.2175 -11.0328 -6.5408
SCALE 1 1 1
X -0.6004 -0.7995 0.0174
Y 0.1372 -0.0815 0.9872
Z -0.7879 0.5951 0.1587

PART 86
OFFSET 9.5226 -11.9583 -6.5207
SCALE 1 1 1
X -0.6391 -0.7406 0.2074
Y 0.2210 0.0814 0.9719
Z -0.7367 0.6670 0.1117

PART 87
OFFSET 8.9643 -12.6053 -6.3395
SCALE 1 1 1
X -0.6919 -0.7046 0.1578
Y 0.1685 0.0549 0.9842
Z -0.7021 0.7075 0.0807

PART 88
OFFSET 8.2449 -13.3380 -6.1755
SCALE 1 1 1
X -0.6428 -0.6921 0.3284
Y 0.2274 0.2370 0.9445
Z -0.7315 0.6818 0.0051

PART 89
OFFSET 7.5034 -14.1363 -5.7966
SCALE 1 1 1
X -0.6663 -0.7261 0.1701
Y 0.0939 0.1447 0.9850
Z -0.7398 0.6722 -0.0282

PART 90
OFFSET 6.9454 -14.7444 -5.6541
SCALE 1 1 1
X -0.6237 -0.7812 -0.0281
Y -0.7797 0.6192 0.0925
Z -0.0549 0.0796 -0.9953

PART 91
OFFSET 5.5511 -16.4907 -5.7169
SCALE 1 1 1
X 0.7933 -0.6089 -0.0050
Y 0.6006 0.7838 -0.1580
Z 0.1001 0.1223 0.9874


FRAME 202
PART 0
OFFSET 24.5809 -2.8328 -9.1995
SCALE 1 1 1
X 0.9776 0.0951 -0.1877
Y 0.0490 -0.9705 -0.2362
Z -0.2046 0.2217 -0.9534

PART 1
OFFSET 24.5809 -2.8328 -9.1995
SCALE 1 1 1
X 0.9776 0.0951 -0.1877
Y 0.0490 -0.9705 -0.2362
Z -0.2046 0.2217 -0.9534

PART 2
OFFSET 24.5809 -2.8328 -9.1995
SCALE 1 1 1
X 0.9776 0.0951 -0.1877
Y 0.0490 -0.9705 -0.2362
Z -0.2046 0.2217 -0.9534

PART 3
OFFSET 27.0867 -2.5317 -9.8230
SCALE 1 1 1
X 0.4786 -0.8373 -0.2643
Y -0.8651 -0.5011 0.0210
Z -0.1500 0.2186 -0.9642

PART 4
OFFSET 27.9015 -3.9573 -10.2729
SCALE 1 1 1
X -0.8948 -0.4456 0.0278
Y -0.4271 0.8725 0.2373
Z -0.1299 0.2005 -0.9710

PART 5
OFFSET 26.6613 -4.5748 -10.2344
SCALE 1 1 1
X -0.6903 0.6855 0.2314
Y 0.7127 0.6993 0.0550
Z -0.1242 0.2029 -0.9713

PART 6
OFFSET 25.9126 -3.8314 -9.9834
SCALE 1 1 1
X 0.1524 -0.9511 -0.2688
Y 0.9843 0.1707 -0.0459
Z 0.0895 -0.2576 0.9621

PART 7
OFFSET 26.3969 -3.6047 -7.1083
SCALE 1 1 1
X 0.9723 -0.1943 -0.1302
Y 0.2222 0.9410 0.2553
Z 0.0729 -0.2772 0.9580

PART 8
OFFSET 27.2356 -2.5167 -7.6506
SCALE 1 1 1
X 0.9734 -0.2289 0.0124
Y -0.2204 -0.9493 -0.2241
Z 0.0630 0.2154 -0.9745

PART 9
OFFSET 28.9493 -2.9197 -7.6287
SCALE 1 1 1
X 0.6167 -0.7689 -0.1687
Y -0.7840 -0.5808 -0.2190
Z 0.0704 0.2674 -0.9610

PART 10
OFFSET 29.6948 -3.8707 -7.7755
SCALE 1 1 1
X -0.2838 -0.9331 -0.2210
Y -0.9539 0.2981 -0.0337
Z 0.0973 0.2012 -0.9747

PART 11
OFFSET 29.3742 -4.9246 -8.0251
SCALE 1 1 1
X 0.9809 0.0912 -0.1718
Y -0.0301 0.9438 0.3291
Z 0.1921 -0.3176 0.9286

PART 12
OFFSET 27.2584 -2.4827 -8.7545
SCALE 1 1 1
X 0.4566 -0.8397 -0.2940
Y -0.8862 -0.4586 -0.0663
Z -0.0791 0.2908 -0.9535

PART 13
OFFSET 28.1503 -4.1232 -9.3288
SCALE 1 1 1
X -0.7923 -0.6007 -0.1068
Y -0.5997 0.7345 0.3175
Z -0.1123 0.3156 -0.9422

PART 14
OFFSET 26.9931 -5.0006 -9.4849
SCALE 1 1 1
X -0.8874 0.3749 0.2684
Y 0.4445 0.8502 0.2820
Z -0.1225 0.3695 -0.9211

PART 15
OFFSET 25.9869 -4.5740 -9.1876
SCALE 1 1 1
X 0.4043 -0.8542 -0.3270
Y 0.8997 0.4357 -0.0258
Z 0.1645 -0.2838 0.9447

PART 16
OFFSET 22.9746 -1.0973 -10.0101
SCALE 1 1 1
X 0.8013 -0.5003 0.3280
Y 0.3689 0.8448 0.3875
Z -0.4710 -0.1895 0.8615

PART 17
OFFSET 22.1788 -2.2268 -10.9661
SCALE 1 1 1
X 0.8013 -0.5003 0.3280
Y 0.3689 0.8448 0.3875
Z -0.4710 -0.1895 0.8615

PART 18
OFFSET 22.1355 -1.9522 -7.7201
SCALE 1 1 1
X 0.8013 -0.5003 0.3280
Y 0.3689 0.8448 0.3875
Z -0.4710 -0.1895 0.8615

PART 19
OFFSET 21.4616 -3.0852 -8.1122
SCALE 1 1 1
X 0.8013 -0.5003 0.3280
Y 0.3689 0.8448 0.3875
Z -0.4710 -0.1895 0.8615

PART 20
OFFSET 21.3994 -3.1914 -9.2805
SCALE 1 1 1
X 0.8013 -0.5003 0.3280
Y 0.3689 0.8448 0.3875
Z -0.4710 -0.1895 0.8615

PART 21
OFFSET 22.6070 -4.6741 -5.4659
SCALE 1 1 1
X 0.9991 0.0197 0.0375
Y -0.0251 0.9882 0.1513
Z -0.0341 -0.1521 0.9878

PART 22
OFFSET -5.3605 -11.2544 4.7523
SCALE 1 1 1
X -0.3328 -0.1438 0.9320
Y -0.1933 -0.9569 -0.2166
Z 0.9230 -0.2522 0.2907

PART 23
OFFSET -1.3354 -9.5159 -6.5189
SCALE 1 1 1
X -0.9342 -0.3059 0.1834
Y -0.1862 -0.0201 -0.9823
Z 0.3042 -0.9519 -0.0382

PART 24
OFFSET 6.6107 -6.9141 -8.0784
SCALE 1 1 1
X -0.9342 -0.3059 0.1834
Y -0.1705 -0.0685 -0.9830
Z 0.3133 -0.9496 0.0118

PART 25
OFFSET 7.7430 -5.3640 -7.5664
SCALE 1 1 1
X -0.9339 -0.3032 0.1893
Y -0.2988 0.9529 0.0518
Z -0.1961 -0.0082 -0.9805

PART 26
OFFSET 8.4610 -5.7900 -6.7133
SCALE 1 1 1
X -0.9339 -0.3032 0.1893
Y -0.2988 0.9529 0.0518
Z -0.1961 -0.0082 -0.9805

PART 27
OFFSET 8.9185 -7.0451 -7.0192
SCALE 1 1 1
X -0.9339 -0.3032 0.1893
Y -0.2988 0.9529 0.0518
Z -0.1961 -0.0082 -0.9805

PART 28
OFFSET 9.4748 -5.9762 -8.6404
SCALE 1 1 1
X -0.9903 -0.0488 -0.1300
Y 0.1308 -0.0136 -0.9913
Z 0.0466 -0.9987 0.0199

PART 29
OFFSET 9.7749 -5.5311 -7.6335
SCALE 1 1 1
X -0.6648 -0.6591 -0.3517
Y 0.3630 0.1265 -0.9232
Z 0.6529 -0.7414 0.1552

PART 30
OFFSET 11.1369 -4.0802 -6.7911
SCALE 1 1 1
X -0.8679 -0.3494 0.3532
Y -0.1738 -0.4526 -0.8746
Z 0.4654 -0.8204 0.3321

PART 31
OFFSET 12.4754 -3.4513 -7.4507
SCALE 1 1 1
X -0.3897 -0.0112 0.9209
Y -0.7297 -0.6063 -0.3161
Z 0.5619 -0.7951 0.2281

PART 32
OFFSET 12.8835 -3.3925 -8.4516
SCALE 1 1 1
X -0.7989 0.3776 0.4681
Y 0.0166 0.7919 -0.6104
Z -0.6012 -0.4799 -0.6389

PART 33
OFFSET 10.4434 -5.7477 -9.5959
SCALE 1 1 1
X -0.8908 0.0059 0.4543
Y 0.0395 -0.9951 0.0904
Z 0.4526 0.0984 0.8862

PART 34
OFFSET 12.5061 -5.6246 -10.4987
SCALE 1 1 1
X -0.9257 -0.2807 0.2534
Y 0.2834 -0.9586 -0.0263
Z 0.2503 0.0475 0.9670

PART 35
OFFSET 13.8167 -5.2272 -10.8575
SCALE 1 1 1
X -0.8782 -0.4338 0.2013
Y 0.4361 -0.8992 -0.0354
Z 0.1964 0.0567 0.9789

PART 36
OFFSET 14.5954 -4.8426 -11.0360
SCALE 1 1 1
X -0.7060 -0.6876 0.1694
Y 0.6688 -0.7260 -0.1598
Z 0.2329 0.0005 0.9725

PART 37
OFFSET 15.2661 -4.1893 -11.1970
SCALE 1 1 1
X 0.0865 0.9817 -0.1699
Y 0.9887 -0.1056 -0.1068
Z -0.1228 -0.1587 -0.9797

PART 38
OFFSET 10.5808 -5.8674 -8.9058
SCALE 1 1 1
X -0.9823 -0.0483 0.1808
Y 0.0611 -0.9959 0.0660
Z 0.1769 0.0759 0.9813

PART 39
OFFSET 13.1054 -5.7754 -9.5194
SCALE 1 1 1
X -0.9300 -0.3153 0.1889
Y 0.3019 -0.9484 -0.0965
Z 0.2096 -0.0328 0.9772

PART 40
OFFSET 14.6887 -5.2386 -9.8410
SCALE 1 1 1
X -0.3828 -0.9230 0.0399
Y 0.9057 -0.3835 -0.1809
Z 0.1822 -0.0331 0.9827

PART 41
OFFSET 15.2193 -3.9595 -9.8963
SCALE 1 1 1
X 0.6535 -0.7433 -0.1431
Y 0.7342 0.6684 -0.1192
Z 0.1843 -0.0272 0.9825

PART 42
OFFSET 14.5105 -3.1534 -9.7410
SCALE 1 1 1
X -0.9457 0.2258 0.2337
Y 0.2183 0.9742 -0.0577
Z -0.2407 -0.0036 -0.9706

PART 43
OFFSET 5.2675 -6.7031 -8.3326
SCALE 1 1 1
X -0.9441 -0.3210 0.0749
Y -0.3272 0.9401 -0.0955
Z -0.0398 -0.1147 -0.9926

PART 44
OFFSET 13.2522 -6.1470 -7.3788
SCALE 1 1 1
X -0.7312 -0.6810 0.0398
Y 0.6760 -0.7157 0.1755
Z -0.0911 0.1552 0.9837

PART 45
OFFSET 14.5397 -4.9480 -7.4489
SCALE 1 1 1
X 0.2297 -0.9478 0.2211
Y 0.9653 0.2508 0.0724
Z -0.1241 0.1968 0.9726

PART 46
OFFSET 14.2529 -3.7838 -7.6585
SCALE 1 1 1
X 0.9830 -0.1482 0.1081
Y 0.1609 0.9797 -0.1198
Z -0.0882 0.1352 0.9869

PART 47
OFFSET 13.1426 -3.6164 -7.7806
SCALE 1 1 1
X -0.4900 -0.7981 0.3506
Y -0.8689 0.4149 -0.2700
Z 0.0700 -0.4369 -0.8968

PART 48
OFFSET 13.2802 -5.9878 -8.4717
SCALE 1 1 1
X -0.7997 -0.5971 0.0638
Y 0.6002 -0.7981 0.0532
Z 0.0192 0.0808 0.9965

PART 49
OFFSET 14.8423 -4.8214 -8.5963
SCALE 1 1 1
X 0.4239 -0.9040 0.0563
Y 0.9037 0.4179 -0.0934
Z 0.0609 0.0905 0.9940

PART 50
OFFSET 14.2232 -3.5011 -8.6786
SCALE 1 1 1
X 0.9717 0.2017 -0.1234
Y -0.2157 0.9699 -0.1128
Z 0.0969 0.1362 0.9859

PART 51
OFFSET 13.1219 -3.7298 -8.5459
SCALE 1 1 1
X -0.6135 -0.7829 0.1036
Y -0.7811 0.6209 0.0666
Z -0.1165 -0.0401 -0.9924

PART 52
OFFSET 7.7430 -5.3640 -7.5664
SCALE 1 1 1
X -0.9339 -0.3032 0.1893
Y -0.2988 0.9529 0.0518
Z -0.1961 -0.0082 -0.9805

PART 53
OFFSET 8.4610 -5.7900 -6.7133
SCALE 1 1 1
X -0.9339 -0.3032 0.1893
Y -0.2988 0.9529 0.0518
Z -0.1961 -0.0082 -0.9805

PART 54
OFFSET 8.9185 -7.0451 -7.0192
SCALE 1 1 1
X -0.9339 -0.3032 0.1893
Y -0.2988 0.9529 0.0518
Z -0.1961 -0.0082 -0.9805

PART 55
OFFSET 0.0000 0.0000 0.0000
SCALE 1 1 1
X 1.0000 0.0000 0.0000
Y 0.0000 1.0000 0.0000
Z 0.0000 0.0000 1.0000

PART 56
OFFSET 0.0000 0.0000 0.0000
SCALE 1 1 1
X 1.0000 0.0000 0.0000
Y 0.0000 1.0000 0.0000
Z 0.0000 0.0000 1.0000

PART 57
OFFSET 10.5808 -5.8674 -8.9058
SCALE 1 1 1
X -0.9823 -0.0483 0.1808
Y 0.0611 -0.9959 0.0660
Z 0.1769 0.0759 0.9813

PART 58
OFFSET 10.5808 -5.8674 -8.9058
SCALE 1 1 1
X -0.9823 -0.0483 0.1808
Y 0.0611 -0.9959 0.0660
Z 0.1769 0.0759 0.9813

PART 59
OFFSET 2.6606 0.0000 -1.3770
SCALE 1 1 1
X 1.0000 0.0000 0.0000
Y 0.0000 1.0000 0.0000
Z 0.0000 0.0000 1.0000

PART 60
OFFSET 3.3517 5.4626 -8.1622
SCALE 1 1 1
X 0.9010 -0.2092 -0.3801
Y -0.1932 -0.9779 0.0801
Z -0.3885 0.0013 -0.9215

PART 61
OFFSET 14.2479 2.9329 -12.7595
SCALE 1 1 1
X 0.7975 -0.5038 0.3320
Y -0.4810 -0.1987 0.8539
Z -0.3643 -0.8406 -0.4008

PART 62
OFFSET 21.0306 -1.3524 -9.9358
SCALE 1 1 1
X 0.7975 -0.5038 0.3320
Y -0.5028 -0.2506 0.8273
Z -0.3336 -0.8266 -0.4532

PART 63
OFFSET 22.9746 -1.0973 -10.0101
SCALE 1 1 1
X 0.8013 -0.5003 0.3280
Y 0.3689 0.8448 0.3875
Z -0.4710 -0.1895 0.8615

PART 64
OFFSET 22.1788 -2.2268 -10.9661
SCALE 1 1 1
X 0.8013 -0.5003 0.3280
Y 0.3689 0.8448 0.3875
Z -0.4710 -0.1895 0.8615

PART 65
OFFSET 22.1355 -1.9522 -7.7201
SCALE 1 1 1
X 0.8013 -0.5003 0.3280
Y 0.3689 0.8448 0.3875
Z -0.4710 -0.1895 0.8615

PART 66
OFFSET 21.4616 -3.0852 -8.1122
SCALE 1 1 1
X 0.8013 -0.5003 0.3280
Y 0.3689 0.8448 0.3875
Z -0.4710 -0.1895 0.8615

PART 67
OFFSET 21.3994 -3.1914 -9.2805
SCALE 1 1 1
X 0.8013 -0.5003 0.3280
Y 0.3689 0.8448 0.3875
Z -0.4710 -0.1895 0.8615

PART 68
OFFSET 23.4754 -2.8969 -8.9180
SCALE 1 1 1
X 0.9921 0.0424 0.1184
Y -0.1079 -0.1974 0.9744
Z 0.0647 -0.9794 -0.1913

PART 69
OFFSET 23.8441 -3.4705 -8.0030
SCALE 1 1 1
X 0.6063 -0.6300 0.4853
Y -0.6440 -0.0309 0.7644
Z -0.4665 -0.7760 -0.4244

PART 70
OFFSET 25.0623 -4.8762 -6.9031
SCALE 1 1 1
X 0.9561 -0.0773 -0.2827
Y 0.1881 -0.5779 0.7942
Z -0.2247 -0.8125 -0.5380

PART 71
OFFSET 26.5694 -5.0575 -7.4671
SCALE 1 1 1
X 0.7181 0.0822 -0.6911
Y 0.6104 -0.5512 0.5688
Z -0.3342 -0.8303 -0.4460

PART 72
OFFSET 27.3410 -5.0160 -8.2251
SCALE 1 1 1
X 0.8706 0.4804 -0.1064
Y -0.3435 0.7482 0.5676
Z 0.3523 -0.4576 0.8164

PART 73
OFFSET 24.4435 -2.8477 -9.8998
SCALE 1 1 1
X 0.8723 0.2147 -0.4392
Y 0.0975 -0.9567 -0.2741
Z -0.4791 0.1963 -0.8555

PART 74
OFFSET 26.4852 -2.5111 -10.7956
SCALE 1 1 1
X 0.7288 -0.6539 -0.2034
Y -0.6610 -0.7493 0.0405
Z -0.1789 0.1049 -0.9783

PART 75
OFFSET 27.5170 -3.4368 -11.0836
SCALE 1 1 1
X -0.3236 -0.9451 -0.0450
Y -0.9378 0.3140 0.1480
Z -0.1258 0.0901 -0.9880

PART 76
OFFSET 27.2301 -4.2748 -11.1235
SCALE 1 1 1
X -0.9734 -0.1588 0.1653
Y -0.1352 0.9801 0.1456
Z -0.1851 0.1194 -0.9754

PART 77
OFFSET 26.3054 -4.4257 -10.9664
SCALE 1 1 1
X 0.8561 -0.5111 -0.0768
Y 0.5009 0.8572 -0.1197
Z 0.1270 0.0640 0.9898

PART 78
OFFSET 0.0000 0.0000 0.0000
SCALE 1 1 1
X 1.0000 0.0000 0.0000
Y 0.0000 1.0000 0.0000
Z 0.0000 0.0000 1.0000

PART 79
OFFSET 22.6070 -4.6741 -5.4659
SCALE 1 1 1
X 0.9991 0.0197 0.0375
Y -0.0251 0.9882 0.1513
Z -0.0341 -0.1521 0.9878

PART 80
OFFSET 40.3119 -4.2843 -5.0866
SCALE 1 1 1
X 0.9991 0.0197 0.0375
Y -0.0248 0.9895 0.1422
Z -0.0343 -0.1430 0.9891

PART 81
OFFSET 12.7159 -6.8947 -6.0892
SCALE 1 1 1
X -0.5863 -0.7583 -0.2851
Y 0.1257 0.2625 -0.9567
Z 0.8003 -0.5968 -0.0585

PART 82
OFFSET 12.0643 -7.7374 -6.4060
SCALE 1 1 1
X -0.5993 -0.7930 -0.1091
Y 0.0187 0.1224 -0.9923
Z 0.8003 -0.5968 -0.0585

PART 83
OFFSET 11.2748 -8.7821 -6.5497
SCALE 1 1 1
X -0.4275 -0.9035 -0.0296
Y 0.0329 -0.0483 0.9983
Z -0.9034 0.4258 0.0504

PART 84
OFFSET 10.7708 -9.8474 -6.5846
SCALE 1 1 1
X -0.4227 -0.9057 0.0334
Y 0.0379 0.0192 0.9991
Z -0.9055 0.4236 0.0262

PART 85
OFFSET 10.2175 -11.0328 -6.5408
SCALE 1 1 1
X -0.6004 -0.7995 0.0174
Y 0.1372 -0.0815 0.9872
Z -0.7879 0.5951 0.1587

PART 86
OFFSET 9.5226 -11.9583 -6.5207
SCALE 1 1 1
X -0.6391 -0.7406 0.2074
Y 0.2210 0.0814 0.9719
Z -0.7367 0.6670 0.1117

PART 87
OFFSET 8.9643 -12.6053 -6.3395
SCALE 1 1 1
X -0.6919 -0.7046 0.1578
Y 0.1685 0.0549 0.9842
Z -0.7021 0.7075 0.0807

PART 88
OFFSET 8.2449 -13.3380 -6.1755
SCALE 1 1 1
X -0.6428 -0.6921 0.3284
Y 0.2274 0.2370 0.9445
Z -0.7315 0.6818 0.0051

PART 89
OFFSET 7.5034 -14.1363 -5.7966
SCALE 1 1 1
X -0.6663 -0.7261 0.1701
Y 0.0939 0.1447 0.9850
Z -0.7398 0.6722 -0.0282

PART 90
OFFSET 6.9454 -14.7444 -5.6541
SCALE 1 1 1
X -0.6237 -0.7812 -0.0281
Y -0.7797 0.6192 0.0925
Z -0.0549 0.0796 -0.9953

PART 91
OFFSET 5.5511 -16.4907 -5.7169
SCALE 1 1 1
X 0.7933 -0.6089 -0.0050
Y 0.6006 0.7838 -0.1580
Z 0.1001 0.1223 0.9874


FRAME 203
PART 0
OFFSET 24.5809 -2.8328 -9.1995
SCALE 1 1 1
X 0.9776 0.0951 -0.1877
Y 0.0490 -0.9705 -0.2362
Z -0.2046 0.2217 -0.9534

PART 1
OFFSET 24.5809 -2.8328 -9.1995
SCALE 1 1 1
X 0.9776 0.0951 -0.1877
Y 0.0490 -0.9705 -0.2362
Z -0.2046 0.2217 -0.9534

PART 2
OFFSET 24.5809 -2.8328 -9.1995
SCALE 1 1 1
X 0.9776 0.0951 -0.1877
Y 0.0490 -0.9705 -0.2362
Z -0.2046 0.2217 -0.9534

PART 3
OFFSET 27.0867 -2.5317 -9.8230
SCALE 1 1 1
X 0.4786 -0.8373 -0.2643
Y -0.8651 -0.5011 0.0210
Z -0.1500 0.2186 -0.9642

PART 4
OFFSET 27.9015 -3.9573 -10.2729
SCALE 1 1 1
X -0.8948 -0.4456 0.0278
Y -0.4271 0.8725 0.2373
Z -0.1299 0.2005 -0.9710

PART 5
OFFSET 26.6613 -4.5748 -10.2344
SCALE 1 1 1
X -0.6903 0.6855 0.2314
Y 0.7127 0.6993 0.0550
Z -0.1242 0.2029 -0.9713

PART 6
OFFSET 25.9126 -3.8314 -9.9834
SCALE 1 1 1
X 0.1524 -0.9511 -0.2688
Y 0.9843 0.1707 -0.0459
Z 0.0895 -0.2576 0.9621

PART 7
OFFSET 26.3969 -3.6047 -7.1083
SCALE 1 1 1
X 0.9723 -0.1943 -0.1302
Y 0.2222 0.9410 0.2553
Z 0.0729 -0.2772 0.9580

PART 8
OFFSET 27.2356 -2.5167 -7.6506
SCALE 1 1 1
X 0.9734 -0.2289 0.0124
Y -0.2204 -0.9493 -0.2241
Z 0.0630 0.2154 -0.9745

PART 9
OFFSET 28.9493 -2.9197 -7.6287
SCALE 1 1 1
X 0.6167 -0.7689 -0.1687
Y -0.7840 -0.5808 -0.2190
Z 0.0704 0.2674 -0.9610

PART 10
OFFSET 29.6948 -3.8707 -7.7755
SCALE 1 1 1
X -0.2838 -0.9331 -0.2210
Y -0.9539 0.2981 -0.0337
Z 0.0973 0.2012 -0.9747

PART 11
OFFSET 29.3742 -4.9246 -8.0251
SCALE 1 1 1
X 0.9809 0.0912 -0.1718
Y -0.0301 0.9438 0.3291
Z 0.1921 -0.3176 0.9286

PART 12
OFFSET 27.2584 -2.4827 -8.7545
SCALE 1 1 1
X 0.4566 -0.8397 -0.2940
Y -0.8862 -0.4586 -0.0663
Z -0.0791 0.2908 -0.9535

PART 13
OFFSET 28.1503 -4.1232 -9.3288
SCALE 1 1 1
X -0.7923 -0.6007 -0.1068
Y -0.5997 0.7345 0.3175
Z -0.1123 0.3156 -0.9422

PART 14
OFFSET 26.9931 -5.0006 -9.4849
SCALE 1 1 1
X -0.8874 0.3749 0.2684
Y 0.4445 0.8502 0.2820
Z -0.1225 0.3695 -0.9211

PART 15
OFFSET 25.9869 -4.5740 -9.1876
SCALE 1 1 1
X 0.4043 -0.8542 -0.3270
Y 0.8997 0.4357 -0.0258
Z 0.1645 -0.2838 0.9447

PART 16
OFFSET 22.9746 -1.0973 -10.0101
SCALE 1 1 1
X 0.8013 -0.5003 0.3280
Y 0.3689 0.8448 0.3875
Z -0.4710 -0.1895 0.8615

PART 17
OFFSET 22.1788 -2.2268 -10.9661
SCALE 1 1 1
X 0.8013 -0.5003 0.3280
Y 0.3689 0.8448 0.3875
Z -0.4710 -0.1895 0.8615

PART 18
OFFSET 22.1355 -1.9522 -7.7201
SCALE 1 1 1
X 0.8013 -0.5003 0.3280
Y 0.3689 0.8448 0.3875
Z -0.4710 -0.1895 0.8615

PART 19
OFFSET 21.4616 -3.0852 -8.1122
SCALE 1 1 1
X 0.8013 -0.5003 0.3280
Y 0.3689 0.8448 0.3875
Z -0.4710 -0.1895 0.8615

PART 20
OFFSET 21.3994 -3.1914 -9.2805
SCALE 1 1 1
X 0.8013 -0.5003 0.3280
Y 0.3689 0.8448 0.3875
Z -0.4710 -0.1895 0.8615

PART 21
OFFSET 22.6070 -4.6741 -5.4659
SCALE 1 1 1
X 0.9991 0.0197 0.0375
Y -0.0251 0.9882 0.1513
Z -0.0341 -0.1521 0.9878

PART 22
OFFSET -5.3605 -11.2544 4.7523
SCALE 1 1 1
X -0.3353 -0.1443 0.9310
Y -0.1933 -0.9567 -0.2178
