// Export filename: `C:/cod5/cod/cod5/xanim_export/viewmodel/US/flamethrower/viewmodel_flamethrower_ads_up.XANIM_EXPORT`
// Source filename: `C:/cod5/cod/cod5/animation_assets/viewmodel/US/flamethrower/viewmodelanimation_m2flamethrower.mb`
// Export time: Tue Jul 15 14:59:34 2008

ANIMATION
VERSION 3

NUMPARTS 2
PART 0 "tag_view"
PART 1 "tag_torso"

FRAMERATE 30
NUMFRAMES 13

FRAME 24
PART 0
OFFSET 0.0000 0.0000 0.0000
SCALE 1 1 1
X 1.0000 0.0000 0.0000
Y 0.0000 1.0000 0.0000
Z 0.0000 0.0000 1.0000

PART 1
OFFSET 2.6606 0.0000 -1.3770
SCALE 1 1 1
X 1.0000 0.0000 0.0000
Y 0.0000 1.0000 0.0000
Z 0.0000 0.0000 1.0000


FRAME 25
PART 0
OFFSET 0.0000 0.0000 0.0000
SCALE 1 1 1
X 1.0000 0.0000 0.0000
Y 0.0000 1.0000 0.0000
Z 0.0000 0.0000 1.0000

PART 1
OFFSET 2.6606 0.0960 -1.3454
SCALE 1 1 1
X 1.0000 -0.0004 0.0000
Y 0.0004 1.0000 -0.0021
Z -0.0000 0.0021 1.0000


FRAME 26
PART 0
OFFSET 0.0000 0.0000 0.0000
SCALE 1 1 1
X 1.0000 0.0000 0.0000
Y 0.0000 1.0000 0.0000
Z 0.0000 0.0000 1.0000

PART 1
OFFSET 2.6606 0.3612 -1.2583
SCALE 1 1 1
X 1.0000 -0.0014 0.0001
Y 0.0014 1.0000 -0.0079
Z -0.0001 0.0079 1.0000


FRAME 27
PART 0
OFFSET 0.0000 0.0000 0.0000
SCALE 1 1 1
X 1.0000 0.0000 0.0000
Y 0.0000 1.0000 0.0000
Z 0.0000 0.0000 1.0000

PART 1
OFFSET 2.6606 0.7620 -1.1267
SCALE 1 1 1
X 1.0000 -0.0029 0.0003
Y 0.0029 0.9999 -0.0167
Z -0.0003 0.0167 0.9999


FRAME 28
PART 0
OFFSET 0.0000 0.0000 0.0000
SCALE 1 1 1
X 1.0000 0.0000 0.0000
Y 0.0000 1.0000 0.0000
Z 0.0000 0.0000 1.0000

PART 1
OFFSET 2.6606 1.2643 -0.9618
SCALE 1 1 1
X 1.0000 -0.0049 0.0005
Y 0.0049 0.9996 -0.0277
Z -0.0004 0.0277 0.9996


FRAME 29
PART 0
OFFSET 0.0000 0.0000 0.0000
SCALE 1 1 1
X 1.0000 0.0000 0.0000
Y 0.0000 1.0000 0.0000
Z 0.0000 0.0000 1.0000

PART 1
OFFSET 2.6606 1.8344 -0.7746
SCALE 1 1 1
X 1.0000 -0.0070 0.0008
Y 0.0071 0.9992 -0.0401
Z -0.0005 0.0402 0.9992


FRAME 30
PART 0
OFFSET 0.0000 0.0000 0.0000
SCALE 1 1 1
X 1.0000 0.0000 0.0000
Y 0.0000 1.0000 0.0000
Z 0.0000 0.0000 1.0000

PART 1
OFFSET 2.6606 2.4384 -0.5762
SCALE 1 1 1
X 1.0000 -0.0094 0.0010
Y 0.0094 0.9985 -0.0534
Z -0.0005 0.0534 0.9986


FRAME 31
PART 0
OFFSET 0.0000 0.0000 0.0000
SCALE 1 1 1
X 1.0000 0.0000 0.0000
Y 0.0000 1.0000 0.0000
Z 0.0000 0.0000 1.0000

PART 1
OFFSET 2.6606 3.0423 -0.3779
SCALE 1 1 1
X 0.9999 -0.0117 0.0013
Y 0.0117 0.9977 -0.0666
Z -0.0005 0.0666 0.9978


FRAME 32
PART 0
OFFSET 0.0000 0.0000 0.0000
SCALE 1 1 1
X 1.0000 0.0000 0.0000
Y 0.0000 1.0000 0.0000
Z 0.0000 0.0000 1.0000

PART 1
OFFSET 2.6606 3.6124 -0.1907
SCALE 1 1 1
X 0.9999 -0.0139 0.0015
Y 0.0140 0.9968 -0.0790
Z -0.0004 0.0790 0.9969


FRAME 33
PART 0
OFFSET 0.0000 0.0000 0.0000
SCALE 1 1 1
X 1.0000 0.0000 0.0000
Y 0.0000 1.0000 0.0000
Z 0.0000 0.0000 1.0000

PART 1
OFFSET 2.6606 4.1147 -0.0258
SCALE 1 1 1
X 0.9999 -0.0158 0.0017
Y 0.0159 0.9958 -0.0900
Z -0.0003 0.0900 0.9959


FRAME 34
PART 0
OFFSET 0.0000 0.0000 0.0000
SCALE 1 1 1
X 1.0000 0.0000 0.0000
Y 0.0000 1.0000 0.0000
Z 0.0000 0.0000 1.0000

PART 1
OFFSET 2.6606 4.5155 0.1058
SCALE 1 1 1
X 0.9998 -0.0174 0.0019
Y 0.0175 0.9950 -0.0987
Z -0.0001 0.0987 0.9951


FRAME 35
PART 0
OFFSET 0.0000 0.0000 0.0000
SCALE 1 1 1
X 1.0000 0.0000 0.0000
Y 0.0000 1.0000 0.0000
Z 0.0000 0.0000 1.0000

PART 1
OFFSET 2.6606 4.7807 0.1930
SCALE 1 1 1
X 0.9998 -0.0184 0.0020
Y 0.0185 0.9944 -0.1045
Z -0.0000 0.1045 0.9945


FRAME 36
PART 0
OFFSET 0.0000 0.0000 0.0000
SCALE 1 1 1
X 1.0000 0.0000 0.0000
Y 0.0000 1.0000 0.0000
Z 0.0000 0.0000 1.0000

PART 1
OFFSET 2.6606 4.8767 0.2245
SCALE 1 1 1
X 0.9998 -0.0187 0.0020
Y 0.0188 0.9941 -0.1066
Z 0.0000 0.1066 0.9943


NOTETRACKS

PART 0
NUMTRACKS 0

PART 1
NUMTRACKS 0

