// Export filename: `C:/cod5/cod/cod5/xanim_export/viewmodel/US/flamethrower/viewmodel_flamethrower_putaway.XANIM_EXPORT`
// Source filename: `C:/cod5/cod/cod5/animation_assets/viewmodel/US/flamethrower/viewmodelanimation_m2flamethrower.mb`
// Export time: Sun Jul 20 15:15:01 2008

ANIMATION
VERSION 3

NUMPARTS 92
PART 0 "RingPalm_FK_LE"
PART 1 "RingPalm_SDK_LE"
PART 2 "J_RingPalm_LE"
PART 3 "J_Ring_LE_0"
PART 4 "J_Ring_LE_1"
PART 5 "J_Ring_LE_2"
PART 6 "J_Ring_LE_3"
PART 7 "J_Webbing_LE"
PART 8 "J_Index_LE_0"
PART 9 "J_Index_LE_1"
PART 10 "J_Index_LE_2"
PART 11 "J_Index_LE_3"
PART 12 "J_Mid_LE_0"
PART 13 "J_Mid_LE_1"
PART 14 "J_Mid_LE_2"
PART 15 "J_Mid_LE_3"
PART 16 "D_Sleave_Reshape_Bottom_LE_1"
PART 17 "D_Sleave_Reshape_Bottom_LE_2"
PART 18 "D_Sleave_Reshape_Top_LE_1"
PART 19 "D_Sleave_Reshape_Top_LE_2"
PART 20 "D_Sleave_Reshape_Top_LE_3"
PART 21 "tag_weapon"
PART 22 "J_Shoulder_RI"
PART 23 "J_Elbow_RI"
PART 24 "J_WristTwist_RI"
PART 25 "J_Sleave_Reshape_Top_RI_3"
PART 26 "J_Sleave_Reshape_Top_RI_2"
PART 27 "J_Sleave_Reshape_Top_RI_1"
PART 28 "J_Wrist_RI"
PART 29 "J_Thumb_RI_0"
PART 30 "J_Thumb_RI_1"
PART 31 "J_Thumb_RI_2"
PART 32 "J_Thumb_RI_3"
PART 33 "J_PinkyPalm_RI"
PART 34 "J_Pinky_RI_0"
PART 35 "J_Pinky_RI_1"
PART 36 "J_Pinky_RI_2"
PART 37 "J_Pinky_RI_3"
PART 38 "J_RingPalm_RI"
PART 39 "J_Ring_RI_0"
PART 40 "J_Ring_RI_1"
PART 41 "J_Ring_RI_2"
PART 42 "J_Ring_RI_3"
PART 43 "J_Webbing_RI"
PART 44 "J_Index_RI_0"
PART 45 "J_Index_RI_1"
PART 46 "J_Index_RI_2"
PART 47 "J_Index_RI_3"
PART 48 "J_Mid_RI_0"
PART 49 "J_Mid_RI_1"
PART 50 "J_Mid_RI_2"
PART 51 "J_Mid_RI_3"
PART 52 "D_Sleave_Reshape_Top_RI_3"
PART 53 "D_Sleave_Reshape_Top_RI_2"
PART 54 "D_Sleave_Reshape_Top_RI_1"
PART 55 "tag_cambone"
PART 56 "tag_camera"
PART 57 "RingPalm_FK_RI"
PART 58 "RingPalm_SDK_RI"
PART 59 "tag_torso"
PART 60 "J_Shoulder_LE"
PART 61 "J_Elbow_LE"
PART 62 "J_WristTwist_LE"
PART 63 "J_Sleave_Reshape_Bottom_LE_1"
PART 64 "J_Sleave_Reshape_Bottom_LE_2"
PART 65 "J_Sleave_Reshape_Top_LE_1"
PART 66 "J_Sleave_Reshape_Top_LE_2"
PART 67 "J_Sleave_Reshape_Top_LE_3"
PART 68 "J_Wrist_LE"
PART 69 "J_Thumb_LE_0"
PART 70 "J_Thumb_LE_1"
PART 71 "J_Thumb_LE_2"
PART 72 "J_Thumb_LE_3"
PART 73 "J_PinkyPalm_LE"
PART 74 "J_Pinky_LE_0"
PART 75 "J_Pinky_LE_1"
PART 76 "J_Pinky_LE_2"
PART 77 "J_Pinky_LE_3"
PART 78 "tag_gasmask"
PART 79 "J_Gun"
PART 80 "tag_flash"
PART 81 "hose1"
PART 82 "hose2"
PART 83 "hose3"
PART 84 "hose4"
PART 85 "hose5"
PART 86 "hose6"
PART 87 "hose7"
PART 88 "hose8"
PART 89 "hose9"
PART 90 "hose10"
PART 91 "hose11"

FRAMERATE 30
NUMFRAMES 13

FRAME 100
PART 0
OFFSET 24.5809 -2.8328 -9.1995
SCALE 1 1 1
X 0.9776 0.0951 -0.1877
Y 0.0490 -0.9705 -0.2362
Z -0.2046 0.2217 -0.9534

PART 1
OFFSET 24.5809 -2.8328 -9.1995
SCALE 1 1 1
X 0.9776 0.0951 -0.1877
Y 0.0490 -0.9705 -0.2362
Z -0.2046 0.2217 -0.9534

PART 2
OFFSET 24.5809 -2.8328 -9.1995
SCALE 1 1 1
X 0.9776 0.0951 -0.1877
Y 0.0490 -0.9705 -0.2362
Z -0.2046 0.2217 -0.9534

PART 3
OFFSET 27.0867 -2.5317 -9.8230
SCALE 1 1 1
X 0.4786 -0.8373 -0.2643
Y -0.8651 -0.5011 0.0210
Z -0.1500 0.2186 -0.9642

PART 4
OFFSET 27.9015 -3.9573 -10.2729
SCALE 1 1 1
X -0.8948 -0.4456 0.0278
Y -0.4271 0.8725 0.2373
Z -0.1299 0.2005 -0.9710

PART 5
OFFSET 26.6613 -4.5748 -10.2344
SCALE 1 1 1
X -0.6903 0.6855 0.2314
Y 0.7127 0.6993 0.0550
Z -0.1242 0.2029 -0.9713

PART 6
OFFSET 25.9126 -3.8314 -9.9834
SCALE 1 1 1
X 0.1524 -0.9511 -0.2688
Y 0.9843 0.1707 -0.0459
Z 0.0895 -0.2576 0.9621

PART 7
OFFSET 26.3969 -3.6047 -7.1083
SCALE 1 1 1
X 0.9723 -0.1943 -0.1302
Y 0.2222 0.9410 0.2553
Z 0.0729 -0.2772 0.9580

PART 8
OFFSET 27.2356 -2.5167 -7.6506
SCALE 1 1 1
X 0.9734 -0.2289 0.0124
Y -0.2204 -0.9493 -0.2241
Z 0.0630 0.2154 -0.9745

PART 9
OFFSET 28.9493 -2.9197 -7.6287
SCALE 1 1 1
X 0.6167 -0.7689 -0.1687
Y -0.7840 -0.5808 -0.2190
Z 0.0704 0.2674 -0.9610

PART 10
OFFSET 29.6948 -3.8707 -7.7755
SCALE 1 1 1
X -0.2838 -0.9331 -0.2210
Y -0.9539 0.2981 -0.0337
Z 0.0973 0.2012 -0.9747

PART 11
OFFSET 29.3742 -4.9246 -8.0251
SCALE 1 1 1
X 0.9809 0.0912 -0.1718
Y -0.0301 0.9438 0.3291
Z 0.1921 -0.3176 0.9286

PART 12
OFFSET 27.2584 -2.4827 -8.7545
SCALE 1 1 1
X 0.4566 -0.8397 -0.2940
Y -0.8862 -0.4586 -0.0663
Z -0.0791 0.2908 -0.9535

PART 13
OFFSET 28.1503 -4.1232 -9.3288
SCALE 1 1 1
X -0.7923 -0.6007 -0.1068
Y -0.5997 0.7345 0.3175
Z -0.1123 0.3156 -0.9422

PART 14
OFFSET 26.9931 -5.0006 -9.4849
SCALE 1 1 1
X -0.8874 0.3749 0.2684
Y 0.4445 0.8502 0.2820
Z -0.1225 0.3695 -0.9211

PART 15
OFFSET 25.9869 -4.5740 -9.1876
SCALE 1 1 1
X 0.4043 -0.8542 -0.3270
Y 0.8997 0.4357 -0.0258
Z 0.1645 -0.2838 0.9447

PART 16
OFFSET 22.9746 -1.0973 -10.0101
SCALE 1 1 1
X 0.8013 -0.5003 0.3280
Y 0.3689 0.8448 0.3875
Z -0.4710 -0.1895 0.8615

PART 17
OFFSET 22.1788 -2.2268 -10.9661
SCALE 1 1 1
X 0.8013 -0.5003 0.3280
Y 0.3689 0.8448 0.3875
Z -0.4710 -0.1895 0.8615

PART 18
OFFSET 22.1355 -1.9522 -7.7201
SCALE 1 1 1
X 0.8013 -0.5003 0.3280
Y 0.3689 0.8448 0.3875
Z -0.4710 -0.1895 0.8615

PART 19
OFFSET 21.4616 -3.0852 -8.1122
SCALE 1 1 1
X 0.8013 -0.5003 0.3280
Y 0.3689 0.8448 0.3875
Z -0.4710 -0.1895 0.8615

PART 20
OFFSET 21.3994 -3.1914 -9.2805
SCALE 1 1 1
X 0.8013 -0.5003 0.3280
Y 0.3689 0.8448 0.3875
Z -0.4710 -0.1895 0.8615

PART 21
OFFSET 22.6070 -4.6741 -5.4659
SCALE 1 1 1
X 0.9991 0.0197 0.0375
Y -0.0251 0.9882 0.1513
Z -0.0341 -0.1521 0.9878

PART 22
OFFSET -5.3605 -11.2544 4.7523
SCALE 1 1 1
X -0.3258 -0.1423 0.9347
Y -0.1933 -0.9577 -0.2132
Z 0.9255 -0.2501 0.2845

PART 23
OFFSET -1.4207 -9.5332 -6.5516
SCALE 1 1 1
X -0.9343 -0.3072 0.1808
Y -0.1839 -0.0194 -0.9828
Z 0.3054 -0.9514 -0.0384

PART 24
OFFSET 6.5258 -6.9200 -8.0898
SCALE 1 1 1
X -0.9343 -0.3072 0.1808
Y -0.1678 -0.0685 -0.9834
Z 0.3145 -0.9492 0.0124

PART 25
OFFSET 7.6549 -5.3689 -7.5735
SCALE 1 1 1
X -0.9340 -0.3045 0.1868
Y -0.3001 0.9525 0.0520
Z -0.1938 -0.0075 -0.9810

PART 26
OFFSET 8.3714 -5.7946 -6.7191
SCALE 1 1 1
X -0.9340 -0.3045 0.1868
Y -0.3001 0.9525 0.0520
Z -0.1938 -0.0075 -0.9810

PART 27
OFFSET 8.8312 -7.0493 -7.0256
SCALE 1 1 1
X -0.9340 -0.3045 0.1868
Y -0.3001 0.9525 0.0520
Z -0.1938 -0.0075 -0.9810

PART 28
OFFSET 9.3900 -5.9781 -8.6442
SCALE 1 1 1
X -0.9903 -0.0488 -0.1300
Y 0.1308 -0.0136 -0.9913
Z 0.0466 -0.9987 0.0199

PART 29
OFFSET 9.6901 -5.5329 -7.6372
SCALE 1 1 1
X -0.6648 -0.6591 -0.3517
Y 0.3630 0.1265 -0.9232
Z 0.6529 -0.7414 0.1552

PART 30
OFFSET 11.0522 -4.0820 -6.7948
SCALE 1 1 1
X -0.8679 -0.3494 0.3532
Y -0.1738 -0.4526 -0.8746
Z 0.4654 -0.8204 0.3321

PART 31
OFFSET 12.3907 -3.4531 -7.4544
SCALE 1 1 1
X -0.3897 -0.0112 0.9209
Y -0.7297 -0.6063 -0.3161
Z 0.5619 -0.7951 0.2281

PART 32
OFFSET 12.7988 -3.3944 -8.4553
SCALE 1 1 1
X -0.7989 0.3776 0.4681
Y 0.0166 0.7919 -0.6104
Z -0.6012 -0.4799 -0.6389

PART 33
OFFSET 10.3587 -5.7495 -9.5997
SCALE 1 1 1
X -0.8908 0.0059 0.4543
Y 0.0395 -0.9951 0.0904
Z 0.4526 0.0984 0.8862

PART 34
OFFSET 12.4213 -5.6264 -10.5024
SCALE 1 1 1
X -0.9257 -0.2807 0.2534
Y 0.2834 -0.9586 -0.0263
Z 0.2503 0.0475 0.9670

PART 35
OFFSET 13.7320 -5.2291 -10.8612
SCALE 1 1 1
X -0.8782 -0.4338 0.2013
Y 0.4361 -0.8992 -0.0354
Z 0.1964 0.0567 0.9789

PART 36
OFFSET 14.5106 -4.8444 -11.0397
SCALE 1 1 1
X -0.7060 -0.6876 0.1694
Y 0.6688 -0.7260 -0.1598
Z 0.2329 0.0005 0.9725

PART 37
OFFSET 15.1813 -4.1911 -11.2007
SCALE 1 1 1
X 0.0865 0.9817 -0.1699
Y 0.9887 -0.1056 -0.1068
Z -0.1228 -0.1587 -0.9797

PART 38
OFFSET 10.4961 -5.8692 -8.9095
SCALE 1 1 1
X -0.9823 -0.0483 0.1808
Y 0.0611 -0.9959 0.0660
Z 0.1769 0.0759 0.9813

PART 39
OFFSET 13.0206 -5.7772 -9.5231
SCALE 1 1 1
X -0.9300 -0.3153 0.1889
Y 0.3019 -0.9484 -0.0965
Z 0.2096 -0.0328 0.9772

PART 40
OFFSET 14.6040 -5.2405 -9.8447
SCALE 1 1 1
X -0.3828 -0.9230 0.0399
Y 0.9057 -0.3835 -0.1809
Z 0.1822 -0.0331 0.9827

PART 41
OFFSET 15.1345 -3.9613 -9.9000
SCALE 1 1 1
X 0.6535 -0.7433 -0.1431
Y 0.7342 0.6684 -0.1192
Z 0.1843 -0.0272 0.9825

PART 42
OFFSET 14.4258 -3.1552 -9.7447
SCALE 1 1 1
X -0.9457 0.2258 0.2337
Y 0.2183 0.9742 -0.0577
Z -0.2407 -0.0036 -0.9706

PART 43
OFFSET 5.1828 -6.7049 -8.3363
SCALE 1 1 1
X -0.9441 -0.3210 0.0749
Y -0.3272 0.9401 -0.0955
Z -0.0398 -0.1147 -0.9926

PART 44
OFFSET 13.1675 -6.1488 -7.3825
SCALE 1 1 1
X -0.7312 -0.6810 0.0398
Y 0.6760 -0.7157 0.1755
Z -0.0911 0.1552 0.9837

PART 45
OFFSET 14.4549 -4.9498 -7.4526
SCALE 1 1 1
X 0.2297 -0.9478 0.2211
Y 0.9653 0.2508 0.0724
Z -0.1241 0.1968 0.9726

PART 46
OFFSET 14.1682 -3.7856 -7.6622
SCALE 1 1 1
X 0.9830 -0.1482 0.1081
Y 0.1609 0.9797 -0.1198
Z -0.0882 0.1352 0.9869

PART 47
OFFSET 13.0578 -3.6182 -7.7844
SCALE 1 1 1
X -0.4900 -0.7981 0.3506
Y -0.8689 0.4149 -0.2700
Z 0.0700 -0.4369 -0.8968

PART 48
OFFSET 13.1954 -5.9897 -8.4754
SCALE 1 1 1
X -0.7997 -0.5971 0.0638
Y 0.6002 -0.7981 0.0532
Z 0.0192 0.0808 0.9965

PART 49
OFFSET 14.7576 -4.8233 -8.6001
SCALE 1 1 1
X 0.4239 -0.9040 0.0563
Y 0.9037 0.4179 -0.0934
Z 0.0609 0.0905 0.9940

PART 50
OFFSET 14.1385 -3.5029 -8.6823
SCALE 1 1 1
X 0.9717 0.2017 -0.1234
Y -0.2157 0.9699 -0.1128
Z 0.0969 0.1362 0.9859

PART 51
OFFSET 13.0372 -3.7316 -8.5497
SCALE 1 1 1
X -0.6135 -0.7829 0.1036
Y -0.7811 0.6209 0.0666
Z -0.1165 -0.0401 -0.9924

PART 52
OFFSET 7.6549 -5.3689 -7.5735
SCALE 1 1 1
X -0.9340 -0.3045 0.1868
Y -0.3001 0.9525 0.0520
Z -0.1938 -0.0075 -0.9810

PART 53
OFFSET 8.3714 -5.7946 -6.7191
SCALE 1 1 1
X -0.9340 -0.3045 0.1868
Y -0.3001 0.9525 0.0520
Z -0.1938 -0.0075 -0.9810

PART 54
OFFSET 8.8312 -7.0493 -7.0256
SCALE 1 1 1
X -0.9340 -0.3045 0.1868
Y -0.3001 0.9525 0.0520
Z -0.1938 -0.0075 -0.9810

PART 55
OFFSET 0.0000 0.0000 0.0000
SCALE 1 1 1
X 1.0000 0.0000 0.0000
Y 0.0000 1.0000 0.0000
Z 0.0000 0.0000 1.0000

PART 56
OFFSET 0.0000 0.0000 0.0000
SCALE 1 1 1
X 1.0000 0.0000 0.0000
Y 0.0000 1.0000 0.0000
Z 0.0000 0.0000 1.0000

PART 57
OFFSET 10.4961 -5.8692 -8.9095
SCALE 1 1 1
X -0.9823 -0.0483 0.1808
Y 0.0611 -0.9959 0.0660
Z 0.1769 0.0759 0.9813

PART 58
OFFSET 10.4961 -5.8692 -8.9095
SCALE 1 1 1
X -0.9823 -0.0483 0.1808
Y 0.0611 -0.9959 0.0660
Z 0.1769 0.0759 0.9813

PART 59
OFFSET 2.6606 0.0000 -1.3770
SCALE 1 1 1
X 1.0000 0.0000 0.0000
Y 0.0000 1.0000 0.0000
Z 0.0000 0.0000 1.0000

PART 60
OFFSET 3.3517 5.4626 -8.1622
SCALE 1 1 1
X 0.9010 -0.2092 -0.3801
Y -0.1932 -0.9779 0.0801
Z -0.3885 0.0013 -0.9215

PART 61
OFFSET 14.2479 2.9329 -12.7595
SCALE 1 1 1
X 0.7975 -0.5038 0.3320
Y -0.4810 -0.1987 0.8539
Z -0.3643 -0.8406 -0.4008

PART 62
OFFSET 21.0306 -1.3524 -9.9358
SCALE 1 1 1
X 0.7975 -0.5038 0.3320
Y -0.5028 -0.2506 0.8273
Z -0.3336 -0.8266 -0.4532

PART 63
OFFSET 22.9746 -1.0973 -10.0101
SCALE 1 1 1
X 0.8013 -0.5003 0.3280
Y 0.3689 0.8448 0.3875
Z -0.4710 -0.1895 0.8615

PART 64
OFFSET 22.1788 -2.2268 -10.9661
SCALE 1 1 1
X 0.8013 -0.5003 0.3280
Y 0.3689 0.8448 0.3875
Z -0.4710 -0.1895 0.8615

PART 65
OFFSET 22.1355 -1.9522 -7.7201
SCALE 1 1 1
X 0.8013 -0.5003 0.3280
Y 0.3689 0.8448 0.3875
Z -0.4710 -0.1895 0.8615

PART 66
OFFSET 21.4616 -3.0852 -8.1122
SCALE 1 1 1
X 0.8013 -0.5003 0.3280
Y 0.3689 0.8448 0.3875
Z -0.4710 -0.1895 0.8615

PART 67
OFFSET 21.3994 -3.1914 -9.2805
SCALE 1 1 1
X 0.8013 -0.5003 0.3280
Y 0.3689 0.8448 0.3875
Z -0.4710 -0.1895 0.8615

PART 68
OFFSET 23.4754 -2.8969 -8.9180
SCALE 1 1 1
X 0.9921 0.0424 0.1184
Y -0.1079 -0.1974 0.9744
Z 0.0647 -0.9794 -0.1913

PART 69
OFFSET 23.8441 -3.4705 -8.0030
SCALE 1 1 1
X 0.6063 -0.6300 0.4853
Y -0.6440 -0.0309 0.7644
Z -0.4665 -0.7760 -0.4244

PART 70
OFFSET 25.0623 -4.8762 -6.9031
SCALE 1 1 1
X 0.9561 -0.0773 -0.2827
Y 0.1881 -0.5779 0.7942
Z -0.2247 -0.8125 -0.5380

PART 71
OFFSET 26.5694 -5.0575 -7.4671
SCALE 1 1 1
X 0.7181 0.0822 -0.6911
Y 0.6104 -0.5512 0.5688
Z -0.3342 -0.8303 -0.4460

PART 72
OFFSET 27.3410 -5.0160 -8.2251
SCALE 1 1 1
X 0.8706 0.4804 -0.1064
Y -0.3435 0.7482 0.5676
Z 0.3523 -0.4576 0.8164

PART 73
OFFSET 24.4435 -2.8477 -9.8998
SCALE 1 1 1
X 0.8723 0.2147 -0.4392
Y 0.0975 -0.9567 -0.2741
Z -0.4791 0.1963 -0.8555

PART 74
OFFSET 26.4852 -2.5111 -10.7956
SCALE 1 1 1
X 0.7288 -0.6539 -0.2034
Y -0.6610 -0.7493 0.0405
Z -0.1789 0.1049 -0.9783

PART 75
OFFSET 27.5170 -3.4368 -11.0836
SCALE 1 1 1
X -0.3236 -0.9451 -0.0450
Y -0.9378 0.3140 0.1480
Z -0.1258 0.0901 -0.9880

PART 76
OFFSET 27.2301 -4.2748 -11.1235
SCALE 1 1 1
X -0.9734 -0.1588 0.1653
Y -0.1352 0.9801 0.1456
Z -0.1851 0.1194 -0.9754

PART 77
OFFSET 26.3054 -4.4257 -10.9664
SCALE 1 1 1
X 0.8561 -0.5111 -0.0768
Y 0.5009 0.8572 -0.1197
Z 0.1270 0.0640 0.9898

PART 78
OFFSET 0.0000 0.0000 0.0000
SCALE 1 1 1
X 1.0000 0.0000 0.0000
Y 0.0000 1.0000 0.0000
Z 0.0000 0.0000 1.0000

PART 79
OFFSET 22.6070 -4.6741 -5.4659
SCALE 1 1 1
X 0.9991 0.0197 0.0375
Y -0.0251 0.9882 0.1513
Z -0.0341 -0.1521 0.9878

PART 80
OFFSET 40.3119 -4.2843 -5.0866
SCALE 1 1 1
X 0.9991 0.0197 0.0375
Y -0.0248 0.9895 0.1422
Z -0.0343 -0.1430 0.9891

PART 81
OFFSET 12.7159 -6.8947 -6.0892
SCALE 1 1 1
X -0.5863 -0.7583 -0.2851
Y 0.1257 0.2625 -0.9567
Z 0.8003 -0.5968 -0.0585

PART 82
OFFSET 12.0643 -7.7374 -6.4060
SCALE 1 1 1
X -0.5993 -0.7930 -0.1091
Y 0.0187 0.1224 -0.9923
Z 0.8003 -0.5968 -0.0585

PART 83
OFFSET 11.2748 -8.7821 -6.5497
SCALE 1 1 1
X -0.4275 -0.9035 -0.0296
Y 0.0329 -0.0483 0.9983
Z -0.9034 0.4258 0.0504

PART 84
OFFSET 10.7708 -9.8474 -6.5846
SCALE 1 1 1
X -0.4227 -0.9057 0.0334
Y 0.0379 0.0192 0.9991
Z -0.9055 0.4236 0.0262

PART 85
OFFSET 10.2175 -11.0328 -6.5408
SCALE 1 1 1
X -0.6004 -0.7995 0.0174
Y 0.1372 -0.0815 0.9872
Z -0.7879 0.5951 0.1587

PART 86
OFFSET 9.5226 -11.9583 -6.5207
SCALE 1 1 1
X -0.6391 -0.7406 0.2074
Y 0.2210 0.0814 0.9719
Z -0.7367 0.6670 0.1117

PART 87
OFFSET 8.9643 -12.6053 -6.3395
SCALE 1 1 1
X -0.6919 -0.7046 0.1578
Y 0.1685 0.0549 0.9842
Z -0.7021 0.7075 0.0807

PART 88
OFFSET 8.2449 -13.3380 -6.1755
SCALE 1 1 1
X -0.6428 -0.6921 0.3284
Y 0.2274 0.2370 0.9445
Z -0.7315 0.6818 0.0051

PART 89
OFFSET 7.5034 -14.1363 -5.7966
SCALE 1 1 1
X -0.6663 -0.7261 0.1701
Y 0.0939 0.1447 0.9850
Z -0.7398 0.6722 -0.0282

PART 90
OFFSET 6.9454 -14.7444 -5.6541
SCALE 1 1 1
X -0.6237 -0.7812 -0.0281
Y -0.7797 0.6192 0.0925
Z -0.0549 0.0796 -0.9953

PART 91
OFFSET 5.5511 -16.4907 -5.7169
SCALE 1 1 1
X 0.7933 -0.6089 -0.0050
Y 0.6006 0.7838 -0.1580
Z 0.1001 0.1223 0.9874


FRAME 101
PART 0
OFFSET 24.2913 -2.9055 -9.3990
SCALE 1 1 1
X 0.9628 0.1173 -0.2435
Y 0.0584 -0.9699 -0.2363
Z -0.2639 0.2133 -0.9407

PART 1
OFFSET 24.2913 -2.9055 -9.3990
SCALE 1 1 1
X 0.9628 0.1173 -0.2435
Y 0.0584 -0.9699 -0.2363
Z -0.2639 0.2133 -0.9407

PART 2
OFFSET 24.2913 -2.9055 -9.3990
SCALE 1 1 1
X 0.9628 0.1173 -0.2435
Y 0.0584 -0.9699 -0.2363
Z -0.2639 0.2133 -0.9407

PART 3
OFFSET 26.7496 -2.5481 -10.1655
SCALE 1 1 1
X 0.4823 -0.8269 -0.2892
Y -0.8505 -0.5212 0.0716
Z -0.2100 0.2114 -0.9546

PART 4
OFFSET 27.5707 -3.9558 -10.6579
SCALE 1 1 1
X -0.8810 -0.4663 0.0800
Y -0.4333 0.8631 0.2593
Z -0.1899 0.1938 -0.9625

PART 5
OFFSET 26.3497 -4.6021 -10.5471
SCALE 1 1 1
X -0.6920 0.6699 0.2689
Y 0.6980 0.7160 0.0124
Z -0.1842 0.1963 -0.9631

PART 6
OFFSET 25.5992 -3.8755 -10.2555
SCALE 1 1 1
X 0.1592 -0.9482 -0.2748
Y 0.9757 0.1935 -0.1026
Z 0.1504 -0.2518 0.9560

PART 7
OFFSET 26.2416 -3.6268 -7.4133
SCALE 1 1 1
X 0.9676 -0.1719 -0.1851
Y 0.2141 0.9469 0.2400
Z 0.1340 -0.2718 0.9530

PART 8
OFFSET 27.0219 -2.5215 -8.0052
SCALE 1 1 1
X 0.9773 -0.2072 -0.0430
Y -0.2116 -0.9548 -0.2088
Z 0.0022 0.2132 -0.9770

PART 9
OFFSET 28.7426 -2.8864 -8.0810
SCALE 1 1 1
X 0.6220 -0.7565 -0.2023
Y -0.7830 -0.5978 -0.1719
Z 0.0091 0.2654 -0.9641

PART 10
OFFSET 29.4982 -3.8221 -8.2684
SCALE 1 1 1
X -0.2777 -0.9392 -0.2020
Y -0.9600 0.2793 0.0211
Z 0.0366 0.1998 -0.9792

PART 11
OFFSET 29.1845 -4.8830 -8.4965
SCALE 1 1 1
X 0.9673 0.1098 -0.2287
Y -0.0296 0.9442 0.3281
Z 0.2519 -0.3106 0.9165

PART 12
OFFSET 26.9808 -2.4911 -9.1088
SCALE 1 1 1
X 0.4587 -0.8299 -0.3176
Y -0.8774 -0.4795 -0.0144
Z -0.1403 0.2853 -0.9481

PART 13
OFFSET 27.8770 -4.1123 -9.7293
SCALE 1 1 1
X -0.7827 -0.6195 -0.0599
Y -0.5978 0.7214 0.3496
Z -0.1734 0.3094 -0.9350

PART 14
OFFSET 26.7338 -5.0172 -9.8168
SCALE 1 1 1
X -0.8792 0.3550 0.3178
Y 0.4397 0.8615 0.2541
Z -0.1836 0.3631 -0.9135

PART 15
OFFSET 25.7364 -4.6132 -9.4634
SCALE 1 1 1
X 0.4050 -0.8456 -0.3476
Y 0.8862 0.4566 -0.0782
Z 0.2249 -0.2764 0.9344

PART 16
OFFSET 22.7282 -1.2323 -10.2097
SCALE 1 1 1
X 0.7941 -0.4991 0.3469
Y 0.3834 0.8542 0.3514
Z -0.4717 -0.1460 0.8696

PART 17
OFFSET 21.9184 -2.3868 -11.1320
SCALE 1 1 1
X 0.7941 -0.4991 0.3469
Y 0.3834 0.8542 0.3514
Z -0.4717 -0.1460 0.8696

PART 18
OFFSET 21.8823 -1.9742 -7.9052
SCALE 1 1 1
X 0.7941 -0.4991 0.3469
Y 0.3834 0.8542 0.3514
Z -0.4717 -0.1460 0.8696

PART 19
OFFSET 21.1840 -3.1401 -8.2552
SCALE 1 1 1
X 0.7941 -0.4991 0.3469
Y 0.3834 0.8542 0.3514
Z -0.4717 -0.1460 0.8696

PART 20
OFFSET 21.1096 -3.2835 -9.3865
SCALE 1 1 1
X 0.7941 -0.4991 0.3469
Y 0.3834 0.8542 0.3514
Z -0.4717 -0.1460 0.8696

PART 21
OFFSET 22.5781 -4.7781 -5.5537
SCALE 1 1 1
X 0.9989 0.0435 -0.0198
Y -0.0400 0.9879 0.1499
Z 0.0261 -0.1490 0.9885

PART 22
OFFSET -5.3605 -11.2544 4.7523
SCALE 1 1 1
X -0.2971 -0.1240 0.9468
Y -0.2171 -0.9568 -0.1935
Z 0.9298 -0.2631 0.2573

PART 23
OFFSET -1.7674 -9.7544 -6.6977
SCALE 1 1 1
X -0.9509 -0.2893 0.1097
Y -0.1152 0.0021 -0.9933
Z 0.2872 -0.9572 -0.0353

PART 24
OFFSET 6.3206 -7.2937 -7.6305
SCALE 1 1 1
X -0.9509 -0.2893 0.1097
Y -0.0949 -0.0647 -0.9934
Z 0.2945 -0.9551 0.0340

PART 25
OFFSET 7.4428 -5.7744 -7.0058
SCALE 1 1 1
X -0.9510 -0.2867 0.1157
Y -0.2828 0.9579 0.0493
Z -0.1249 0.0141 -0.9921

PART 26
OFFSET 8.0872 -6.2256 -6.1108
SCALE 1 1 1
X -0.9510 -0.2867 0.1157
Y -0.2828 0.9579 0.0493
Z -0.1249 0.0141 -0.9921

PART 27
OFFSET 8.5419 -7.4934 -6.4201
SCALE 1 1 1
X -0.9510 -0.2867 0.1157
Y -0.2828 0.9579 0.0493
Z -0.1249 0.0141 -0.9921

PART 28
OFFSET 9.2359 -6.4068 -7.9667
SCALE 1 1 1
X -0.9947 -0.0727 -0.0730
Y 0.0742 -0.0145 -0.9971
Z 0.0715 -0.9972 0.0198

PART 29
OFFSET 9.5824 -5.9507 -6.9798
SCALE 1 1 1
X -0.6679 -0.6760 -0.3113
Y 0.3065 0.1313 -0.9428
Z 0.6782 -0.7251 0.1195

PART 30
OFFSET 10.9554 -4.4647 -6.2205
SCALE 1 1 1
X -0.8377 -0.3684 0.4032
Y -0.2126 -0.4601 -0.8620
Z 0.5031 -0.8079 0.3070

PART 31
OFFSET 12.2386 -3.8069 -6.9573
SCALE 1 1 1
X -0.3360 -0.0167 0.9417
Y -0.7319 -0.6246 -0.2722
Z 0.5928 -0.7807 0.1976

PART 32
OFFSET 12.5873 -3.7425 -7.9801
SCALE 1 1 1
X -0.7796 0.3604 0.5121
Y -0.0372 0.7896 -0.6124
Z -0.6251 -0.4966 -0.6022

PART 33
OFFSET 10.1426 -6.1592 -8.9767
SCALE 1 1 1
X -0.8633 -0.0134 0.5046
Y 0.0683 -0.9935 0.0906
Z 0.5001 0.1126 0.8586

PART 34
OFFSET 12.1467 -5.9910 -9.9964
SCALE 1 1 1
X -0.9028 -0.3015 0.3067
Y 0.3042 -0.9518 -0.0400
Z 0.3040 0.0572 0.9510

PART 35
OFFSET 13.4249 -5.5642 -10.4306
SCALE 1 1 1
X -0.8547 -0.4537 0.2524
Y 0.4547 -0.8888 -0.0580
Z 0.2506 0.0652 0.9659

PART 36
OFFSET 14.1827 -5.1619 -10.6544
SCALE 1 1 1
X -0.6786 -0.7035 0.2114
Y 0.6757 -0.7107 -0.1960
Z 0.2881 0.0098 0.9576

PART 37
OFFSET 14.8273 -4.4935 -10.8553
SCALE 1 1 1
X 0.0532 0.9828 -0.1771
Y 0.9832 -0.0826 -0.1630
Z -0.1748 -0.1655 -0.9706

PART 38
OFFSET 10.3221 -6.2729 -8.2952
SCALE 1 1 1
X -0.9689 -0.0708 0.2369
Y 0.0885 -0.9940 0.0650
Z 0.2309 0.0840 0.9694

PART 39
OFFSET 12.8045 -6.1236 -9.0526
SCALE 1 1 1
X -0.9099 -0.3364 0.2426
Y 0.3184 -0.9414 -0.1112
Z 0.2658 -0.0239 0.9637

PART 40
OFFSET 14.3536 -5.5509 -9.4657
SCALE 1 1 1
X -0.3578 -0.9316 0.0641
Y 0.9027 -0.3626 -0.2314
Z 0.2389 -0.0249 0.9707

PART 41
OFFSET 14.8495 -4.2598 -9.5546
SCALE 1 1 1
X 0.6618 -0.7282 -0.1784
Y 0.7100 0.6851 -0.1628
Z 0.2407 -0.0189 0.9704

PART 42
OFFSET 14.1318 -3.4700 -9.3611
SCALE 1 1 1
X -0.9359 0.2043 0.2868
Y 0.1914 0.9788 -0.0727
Z -0.2956 -0.0131 -0.9552

PART 43
OFFSET 5.0717 -7.2317 -7.4166
SCALE 1 1 1
X -0.9304 -0.3429 0.1297
Y -0.3544 0.9317 -0.0791
Z -0.0937 -0.1195 -0.9884

PART 44
OFFSET 13.0823 -6.4832 -6.9230
SCALE 1 1 1
X -0.7113 -0.6979 0.0833
Y 0.7018 -0.6988 0.1384
Z -0.0383 0.1569 0.9869

PART 45
OFFSET 14.3347 -5.2544 -7.0697
SCALE 1 1 1
X 0.2644 -0.9413 0.2100
Y 0.9616 0.2738 0.0164
Z -0.0729 0.1976 0.9776

PART 46
OFFSET 14.0088 -4.0981 -7.2657
SCALE 1 1 1
X 0.9909 -0.1245 0.0521
Y 0.1304 0.9827 -0.1314
Z -0.0348 0.1370 0.9900

PART 47
OFFSET 12.8896 -3.9575 -7.3245
SCALE 1 1 1
X -0.4500 -0.8081 0.3801
Y -0.8925 0.3932 -0.2209
Z 0.0290 -0.4387 -0.8982

PART 48
OFFSET 13.0439 -6.3277 -8.0161
SCALE 1 1 1
X -0.7802 -0.6155 0.1110
Y 0.6211 -0.7835 0.0208
Z 0.0742 0.0852 0.9936

PART 49
OFFSET 14.5682 -5.1252 -8.2330
SCALE 1 1 1
X 0.4478 -0.8935 0.0343
Y 0.8866 0.4388 -0.1461
Z 0.1155 0.0958 0.9887

PART 50
OFFSET 13.9141 -3.8202 -8.2831
SCALE 1 1 1
X 0.9579 0.2241 -0.1793
Y -0.2448 0.9641 -0.1028
Z 0.1498 0.1424 0.9784

PART 51
OFFSET 12.8279 -4.0744 -8.0870
SCALE 1 1 1
X -0.5877 -0.7967 0.1406
Y -0.7905 0.6025 0.1096
Z -0.1720 -0.0468 -0.9840

PART 52
OFFSET 7.4428 -5.7744 -7.0058
SCALE 1 1 1
X -0.9510 -0.2867 0.1157
Y -0.2828 0.9579 0.0493
Z -0.1249 0.0141 -0.9921

PART 53
OFFSET 8.0872 -6.2256 -6.1108
SCALE 1 1 1
X -0.9510 -0.2867 0.1157
Y -0.2828 0.9579 0.0493
Z -0.1249 0.0141 -0.9921

PART 54
OFFSET 8.5419 -7.4934 -6.4201
SCALE 1 1 1
X -0.9510 -0.2867 0.1157
Y -0.2828 0.9579 0.0493
Z -0.1249 0.0141 -0.9921

PART 55
OFFSET 0.0000 0.0000 0.0000
SCALE 1 1 1
X 1.0000 0.0000 0.0000
Y 0.0000 1.0000 0.0000
Z 0.0000 0.0000 1.0000

PART 56
OFFSET 0.0000 0.0000 0.0000
SCALE 1 1 1
X 1.0000 0.0000 -0.0059
Y 0.0000 1.0000 0.0000
Z 0.0059 0.0000 1.0000

PART 57
OFFSET 10.3221 -6.2729 -8.2952
SCALE 1 1 1
X -0.9689 -0.0708 0.2369
Y 0.0885 -0.9940 0.0650
Z 0.2309 0.0840 0.9694

PART 58
OFFSET 10.3221 -6.2729 -8.2952
SCALE 1 1 1
X -0.9689 -0.0708 0.2369
Y 0.0885 -0.9940 0.0650
Z 0.2309 0.0840 0.9694

PART 59
OFFSET 2.6606 0.0000 -1.3770
SCALE 1 1 1
X 1.0000 0.0000 0.0000
Y 0.0000 1.0000 0.0000
Z 0.0000 0.0000 1.0000

PART 60
OFFSET 3.3517 5.4626 -8.1622
SCALE 1 1 1
X 0.8856 -0.2186 -0.4097
Y -0.1888 -0.9756 0.1124
Z -0.4243 -0.0221 -0.9053

PART 61
OFFSET 14.0625 2.8186 -13.1170
SCALE 1 1 1
X 0.7902 -0.5024 0.3511
Y -0.4819 -0.1553 0.8624
Z -0.3787 -0.8506 -0.3648

PART 62
OFFSET 20.7831 -1.4544 -10.1309
SCALE 1 1 1
X 0.7902 -0.5024 0.3511
Y -0.5242 -0.2572 0.8118
Z -0.3176 -0.8255 -0.4666

PART 63
OFFSET 22.7282 -1.2323 -10.2097
SCALE 1 1 1
X 0.7941 -0.4991 0.3469
Y 0.3834 0.8542 0.3514
Z -0.4717 -0.1460 0.8696

PART 64
OFFSET 21.9184 -2.3868 -11.1320
SCALE 1 1 1
X 0.7941 -0.4991 0.3469
Y 0.3834 0.8542 0.3514
Z -0.4717 -0.1460 0.8696

PART 65
OFFSET 21.8823 -1.9742 -7.9052
SCALE 1 1 1
X 0.7941 -0.4991 0.3469
Y 0.3834 0.8542 0.3514
Z -0.4717 -0.1460 0.8696

PART 66
OFFSET 21.1840 -3.1401 -8.2552
SCALE 1 1 1
X 0.7941 -0.4991 0.3469
Y 0.3834 0.8542 0.3514
Z -0.4717 -0.1460 0.8696

PART 67
OFFSET 21.1096 -3.2835 -9.3865
SCALE 1 1 1
X 0.7941 -0.4991 0.3469
Y 0.3834 0.8542 0.3514
Z -0.4717 -0.1460 0.8696

PART 68
OFFSET 23.2055 -2.9946 -9.0546
SCALE 1 1 1
X 0.9959 0.0661 0.0614
Y -0.0474 -0.1963 0.9794
Z 0.0768 -0.9783 -0.1923

PART 69
OFFSET 23.6393 -3.5560 -8.1608
SCALE 1 1 1
X 0.6478 -0.6138 0.4513
Y -0.5983 -0.0432 0.8001
Z -0.4716 -0.7883 -0.3952

PART 70
OFFSET 24.9512 -4.9286 -7.1291
SCALE 1 1 1
X 0.9399 -0.0559 -0.3367
Y 0.2468 -0.5703 0.7835
Z -0.2358 -0.8195 -0.5223

PART 71
OFFSET 26.4275 -5.0765 -7.7779
SCALE 1 1 1
X 0.6753 0.0964 -0.7312
Y 0.6548 -0.5346 0.5342
Z -0.3394 -0.8396 -0.4242

PART 72
OFFSET 27.1534 -5.0197 -8.5790
SCALE 1 1 1
X 0.8514 0.5003 -0.1572
Y -0.3281 0.7420 0.5846
Z 0.4091 -0.4461 0.7960

PART 73
OFFSET 24.1144 -2.9263 -10.0902
SCALE 1 1 1
X 0.8405 0.2335 -0.4889
Y 0.1043 -0.9552 -0.2770
Z -0.5317 0.1818 -0.8272

PART 74
OFFSET 26.0932 -2.5452 -11.1022
SCALE 1 1 1
X 0.7312 -0.6373 -0.2432
Y -0.6397 -0.7645 0.0800
Z -0.2369 0.0970 -0.9667

PART 75
OFFSET 27.1284 -3.4475 -11.4465
SCALE 1 1 1
X -0.3032 -0.9526 -0.0242
Y -0.9350 0.2925 0.2007
Z -0.1841 0.0835 -0.9794

PART 76
OFFSET 26.8596 -4.2922 -11.4680
SCALE 1 1 1
X -0.9583 -0.1810 0.2211
Y -0.1497 0.9772 0.1508
Z -0.2433 0.1114 -0.9635

PART 77
OFFSET 25.9491 -4.4641 -11.2579
SCALE 1 1 1
X 0.8622 -0.4911 -0.1244
Y 0.4729 0.8682 -0.1502
Z 0.1818 0.0707 0.9808

PART 78
OFFSET 0.0000 0.0000 0.0000
SCALE 1 1 1
X 1.0000 0.0000 -0.0059
Y 0.0000 1.0000 0.0000
Z 0.0059 0.0000 1.0000

PART 79
OFFSET 22.5781 -4.7781 -5.5537
SCALE 1 1 1
X 0.9989 0.0435 -0.0198
Y -0.0400 0.9879 0.1499
Z 0.0261 -0.1490 0.9885

PART 80
OFFSET 40.2615 -3.9683 -6.1898
SCALE 1 1 1
X 0.9989 0.0435 -0.0198
Y -0.0402 0.9892 0.1408
Z 0.0257 -0.1399 0.9898

PART 81
OFFSET 12.7233 -7.2344 -5.6039
SCALE 1 1 1
X -0.5834 -0.7730 -0.2491
Y 0.0645 0.2616 -0.9630
Z 0.8096 -0.5779 -0.1027

PART 82
OFFSET 12.0750 -8.0935 -5.8807
SCALE 1 1 1
X -0.5855 -0.8074 -0.0725
Y -0.0410 0.1189 -0.9921
Z 0.8096 -0.5779 -0.1027

PART 83
OFFSET 11.3037 -9.1571 -5.9763
SCALE 1 1 1
X -0.4068 -0.9135 -0.0028
Y 0.0911 -0.0436 0.9949
Z -0.9090 0.4045 0.1010

PART 84
OFFSET 10.8240 -10.2342 -5.9795
SCALE 1 1 1
X -0.3984 -0.9153 0.0600
Y 0.0945 0.0241 0.9952
Z -0.9123 0.4021 0.0769

PART 85
OFFSET 10.3025 -11.4322 -5.9010
SCALE 1 1 1
X -0.5792 -0.8134 0.0539
Y 0.1953 -0.0743 0.9779
Z -0.7915 0.5769 0.2020

PART 86
OFFSET 9.6322 -12.3737 -5.8387
SCALE 1 1 1
X -0.6084 -0.7547 0.2455
Y 0.2742 0.0904 0.9574
Z -0.7448 0.6498 0.1519

PART 87
OFFSET 9.1007 -13.0330 -5.6242
SCALE 1 1 1
X -0.6647 -0.7201 0.1989
Y 0.2231 0.0628 0.9728
Z -0.7130 0.6910 0.1189

PART 88
OFFSET 8.4095 -13.7819 -5.4173
SCALE 1 1 1
X -0.6063 -0.7058 0.3665
Y 0.2753 0.2461 0.9293
Z -0.7461 0.6643 0.0451

PART 89
OFFSET 7.7102 -14.5960 -4.9946
SCALE 1 1 1
X -0.6379 -0.7409 0.2099
Y 0.1466 0.1508 0.9776
Z -0.7560 0.6544 0.0124

PART 90
OFFSET 7.1758 -15.2166 -4.8188
SCALE 1 1 1
X -0.6055 -0.7958 0.0097
Y -0.7877 0.6010 0.1353
Z -0.1136 0.0743 -0.9908

PART 91
OFFSET 5.8223 -16.9956 -4.7970
SCALE 1 1 1
X 0.8060 -0.5899 -0.0488
Y 0.5717 0.7971 -0.1942
Z 0.1535 0.1286 0.9798


FRAME 102
PART 0
OFFSET 23.6878 -3.1075 -9.9153
SCALE 1 1 1
X 0.9170 0.1625 -0.3644
Y 0.0788 -0.9690 -0.2340
Z -0.3911 0.1858 -0.9014

PART 1
OFFSET 23.6878 -3.1075 -9.9153
SCALE 1 1 1
X 0.9170 0.1625 -0.3644
Y 0.0788 -0.9690 -0.2340
Z -0.3911 0.1858 -0.9014

PART 2
OFFSET 23.6878 -3.1075 -9.9153
SCALE 1 1 1
X 0.9170 0.1625 -0.3644
Y 0.0788 -0.9690 -0.2340
Z -0.3911 0.1858 -0.9014

PART 3
OFFSET 26.0078 -2.6368 -10.9896
SCALE 1 1 1
X 0.4846 -0.8054 -0.3413
Y -0.8062 -0.5626 0.1829
Z -0.3393 0.1865 -0.9220

PART 4
OFFSET 26.8329 -4.0080 -11.5706
SCALE 1 1 1
X -0.8383 -0.5093 0.1946
Y -0.4418 0.8437 0.3050
Z -0.3195 0.1698 -0.9323

PART 5
OFFSET 25.6710 -4.7138 -11.3010
SCALE 1 1 1
X -0.6867 0.6378 0.3489
Y 0.6556 0.7507 -0.0818
Z -0.3141 0.1726 -0.9336

PART 6
OFFSET 24.9263 -4.0222 -10.9226
SCALE 1 1 1
X 0.1727 -0.9428 -0.2851
Y 0.9436 0.2414 -0.2268
Z 0.2826 -0.2298 0.9313

PART 7
OFFSET 25.9076 -3.6995 -8.1867
SCALE 1 1 1
X 0.9442 -0.1252 -0.3047
Y 0.1929 0.9599 0.2033
Z 0.2670 -0.2507 0.9305

PART 8
OFFSET 26.5483 -2.5648 -8.8815
SCALE 1 1 1
X 0.9729 -0.1616 -0.1653
Y -0.1898 -0.9666 -0.1720
Z -0.1320 0.1987 -0.9711

PART 9
OFFSET 28.2613 -2.8494 -9.1725
SCALE 1 1 1
X 0.6243 -0.7317 -0.2736
Y -0.7710 -0.6336 -0.0647
Z -0.1260 0.2513 -0.9597

PART 10
OFFSET 29.0279 -3.7542 -9.4468
SCALE 1 1 1
X -0.2626 -0.9523 -0.1557
Y -0.9599 0.2415 0.1421
Z -0.0977 0.1868 -0.9775

PART 11
OFFSET 28.7313 -4.8298 -9.6227
SCALE 1 1 1
X 0.9246 0.1445 -0.3526
Y -0.0259 0.9470 0.3203
Z 0.3802 -0.2870 0.8793

PART 12
OFFSET 26.3670 -2.5527 -9.9712
SCALE 1 1 1
X 0.4578 -0.8100 -0.3664
Y -0.8460 -0.5237 0.1006
Z -0.2734 0.2639 -0.9250

PART 13
OFFSET 27.2614 -4.1351 -10.6870
SCALE 1 1 1
X -0.7505 -0.6593 0.0447
Y -0.5859 0.6951 0.4166
Z -0.3057 0.2865 -0.9080

PART 14
OFFSET 26.1652 -5.0982 -10.6217
SCALE 1 1 1
X -0.8495 0.3145 0.4237
Y 0.4226 0.8863 0.1894
Z -0.3159 0.3399 -0.8858

PART 15
OFFSET 25.2005 -4.7402 -10.1483
SCALE 1 1 1
X 0.4017 -0.8290 -0.3892
Y 0.8442 0.4999 -0.1934
Z 0.3549 -0.2509 0.9006

PART 16
OFFSET 22.2088 -1.5595 -10.7037
SCALE 1 1 1
X 0.7872 -0.4891 0.3758
Y 0.4145 0.8707 0.2647
Z -0.4566 -0.0526 0.8881

PART 17
OFFSET 21.3610 -2.7846 -11.5580
SCALE 1 1 1
X 0.7872 -0.4891 0.3758
Y 0.4145 0.8707 0.2647
Z -0.4566 -0.0526 0.8881

PART 18
OFFSET 21.3844 -2.0711 -8.4022
SCALE 1 1 1
X 0.7872 -0.4891 0.3758
Y 0.4145 0.8707 0.2647
Z -0.4566 -0.0526 0.8881

PART 19
OFFSET 20.6408 -3.3090 -8.6274
SCALE 1 1 1
X 0.7872 -0.4891 0.3758
Y 0.4145 0.8707 0.2647
Z -0.4566 -0.0526 0.8881

PART 20
OFFSET 20.4946 -3.5457 -9.6413
SCALE 1 1 1
X 0.7872 -0.4891 0.3758
Y 0.4145 0.8707 0.2647
Z -0.4566 -0.0526 0.8881

PART 21
OFFSET 22.5735 -5.0061 -5.8678
SCALE 1 1 1
X 0.9847 0.0944 -0.1466
Y -0.0730 0.9867 0.1451
Z 0.1584 -0.1322 0.9785

PART 22
OFFSET -5.3605 -11.2544 4.7523
SCALE 1 1 1
X -0.2701 -0.0936 0.9583
Y -0.2691 -0.9483 -0.1685
Z 0.9245 -0.3034 0.2310

PART 23
OFFSET -2.0934 -10.1220 -6.8368
SCALE 1 1 1
X -0.9707 -0.2391 -0.0242
Y 0.0170 0.0322 -0.9993
Z 0.2397 -0.9705 -0.0272

PART 24
OFFSET 6.1628 -8.0885 -6.6310
SCALE 1 1 1
X -0.9707 -0.2391 -0.0242
Y 0.0361 -0.0456 -0.9983
Z 0.2376 -0.9699 0.0529

PART 25
OFFSET 7.2689 -6.6464 -5.8175
SCALE 1 1 1
X -0.9714 -0.2366 -0.0182
Y -0.2372 0.9706 0.0417
Z 0.0078 0.0448 -0.9990

PART 26
OFFSET 7.7648 -7.1505 -4.8600
SCALE 1 1 1
X -0.9714 -0.2366 -0.0182
Y -0.2372 0.9706 0.0417
Z 0.0078 0.0448 -0.9990

PART 27
OFFSET 8.1920 -8.4388 -5.1538
SCALE 1 1 1
X -0.9714 -0.2366 -0.0182
Y -0.2372 0.9706 0.0417
Z 0.0078 0.0448 -0.9990

PART 28
OFFSET 9.1386 -7.3554 -6.5568
SCALE 1 1 1
X -0.9907 -0.1249 0.0543
Y -0.0514 -0.0259 -0.9983
Z 0.1261 -0.9918 0.0193

PART 29
OFFSET 9.5821 -6.8670 -5.6257
SCALE 1 1 1
X -0.6651 -0.7141 -0.2183
Y 0.1778 0.1324 -0.9751
Z 0.7253 -0.6874 0.0389

PART 30
OFFSET 10.9592 -5.3009 -5.0596
SCALE 1 1 1
X -0.7595 -0.4047 0.5093
Y -0.2950 -0.4836 -0.8241
Z 0.5798 -0.7761 0.2479

PART 31
OFFSET 12.1027 -4.5894 -5.9587
SCALE 1 1 1
X -0.2132 -0.0195 0.9768
Y -0.7263 -0.6656 -0.1719
Z 0.6535 -0.7461 0.1278

PART 32
OFFSET 12.3158 -4.5229 -7.0179
SCALE 1 1 1
X -0.7268 0.3277 0.6036
Y -0.1559 0.7772 -0.6097
Z -0.6689 -0.5372 -0.5138

PART 33
OFFSET 9.8964 -7.0771 -7.6756
SCALE 1 1 1
X -0.7909 -0.0500 0.6100
Y 0.1317 -0.9872 0.0899
Z 0.5977 0.1514 0.7873

PART 34
OFFSET 11.7442 -6.8218 -8.9425
SCALE 1 1 1
X -0.8397 -0.3428 0.4213
Y 0.3467 -0.9354 -0.0699
Z 0.4180 0.0874 0.9042

PART 35
OFFSET 12.9331 -6.3365 -9.5388
SCALE 1 1 1
X -0.7908 -0.4931 0.3626
Y 0.4901 -0.8650 -0.1073
Z 0.3666 0.0928 0.9258

PART 36
OFFSET 13.6342 -5.8993 -9.8603
SCALE 1 1 1
X -0.6083 -0.7341 0.3018
Y 0.6823 -0.6779 -0.2738
Z 0.4056 0.0394 0.9132

PART 37
OFFSET 14.2121 -5.2019 -10.1470
SCALE 1 1 1
X -0.0217 0.9813 -0.1910
Y 0.9578 -0.0344 -0.2855
Z -0.2867 -0.1891 -0.9392

PART 38
OFFSET 10.1661 -7.1709 -7.0214
SCALE 1 1 1
X -0.9262 -0.1168 0.3584
Y 0.1485 -0.9870 0.0620
Z 0.3465 0.1106 0.9315

PART 39
OFFSET 12.5218 -6.9059 -8.0885
SCALE 1 1 1
X -0.8530 -0.3790 0.3589
Y 0.3512 -0.9254 -0.1424
Z 0.3861 0.0046 0.9225

PART 40
OFFSET 13.9740 -6.2607 -8.6995
SCALE 1 1 1
X -0.2970 -0.9477 0.1171
Y 0.8843 -0.3193 -0.3408
Z 0.3603 0.0023 0.9328

PART 41
OFFSET 14.3857 -4.9473 -8.8617
SCALE 1 1 1
X 0.6716 -0.6958 -0.2544
Y 0.6465 0.7182 -0.2574
Z 0.3618 0.0084 0.9322

PART 42
OFFSET 13.6573 -4.1926 -8.5858
SCALE 1 1 1
X -0.9018 0.1603 0.4013
Y 0.1286 0.9861 -0.1049
Z -0.4125 -0.0430 -0.9099

PART 43
OFFSET 5.1265 -8.3848 -5.4764
SCALE 1 1 1
X -0.8871 -0.3883 0.2495
Y -0.4104 0.9109 -0.0417
Z -0.2111 -0.1394 -0.9675

PART 44
OFFSET 13.0845 -7.2179 -6.0081
SCALE 1 1 1
X -0.6572 -0.7322 0.1789
Y 0.7497 -0.6596 0.0545
Z 0.0781 0.1699 0.9824

PART 45
OFFSET 14.2416 -5.9288 -6.3231
SCALE 1 1 1
X 0.3383 -0.9231 0.1830
Y 0.9402 0.3231 -0.1080
Z 0.0405 0.2086 0.9772

PART 46
OFFSET 13.8328 -4.7939 -6.4863
SCALE 1 1 1
X 0.9947 -0.0726 -0.0728
Y 0.0605 0.9860 -0.1554
Z 0.0831 0.1502 0.9852

PART 47
OFFSET 12.7093 -4.7120 -6.4040
SCALE 1 1 1
X -0.3551 -0.8242 0.4411
Y -0.9328 0.3433 -0.1095
Z -0.0612 -0.4503 -0.8908

PART 48
OFFSET 12.9004 -7.0815 -7.0889
SCALE 1 1 1
X -0.7263 -0.6531 0.2144
Y 0.6593 -0.7501 -0.0512
Z 0.1942 0.1042 0.9754

PART 49
OFFSET 14.3194 -5.8057 -7.5076
SCALE 1 1 1
X 0.4953 -0.8686 -0.0149
Y 0.8367 0.4815 -0.2611
Z 0.2339 0.1168 0.9652

PART 50
OFFSET 13.5960 -4.5370 -7.4859
SCALE 1 1 1
X 0.9145 0.2703 -0.3012
Y -0.3065 0.9485 -0.0794
Z 0.2642 0.1649 0.9503

PART 51
OFFSET 12.5582 -4.8436 -7.1516
SCALE 1 1 1
X -0.5223 -0.8236 0.2209
Y -0.8012 0.5627 0.2036
Z -0.2920 -0.0707 -0.9538

PART 52
OFFSET 7.2689 -6.6464 -5.8175
SCALE 1 1 1
X -0.9714 -0.2366 -0.0182
Y -0.2372 0.9706 0.0417
Z 0.0078 0.0448 -0.9990

PART 53
OFFSET 7.7648 -7.1505 -4.8600
SCALE 1 1 1
X -0.9714 -0.2366 -0.0182
Y -0.2372 0.9706 0.0417
Z 0.0078 0.0448 -0.9990

PART 54
OFFSET 8.1920 -8.4388 -5.1538
SCALE 1 1 1
X -0.9714 -0.2366 -0.0182
Y -0.2372 0.9706 0.0417
Z 0.0078 0.0448 -0.9990

PART 55
OFFSET 0.0000 0.0000 0.0000
SCALE 1 1 1
X 1.0000 0.0000 0.0000
Y 0.0000 1.0000 0.0000
Z 0.0000 0.0000 1.0000

PART 56
OFFSET 0.0000 0.0000 0.0000
SCALE 1 1 1
X 0.9998 0.0000 -0.0198
Y 0.0000 1.0000 0.0000
Z 0.0198 0.0000 0.9998

PART 57
OFFSET 10.1661 -7.1709 -7.0214
SCALE 1 1 1
X -0.9262 -0.1168 0.3584
Y 0.1485 -0.9870 0.0620
Z 0.3465 0.1106 0.9315

PART 58
OFFSET 10.1661 -7.1709 -7.0214
SCALE 1 1 1
X -0.9262 -0.1168 0.3584
Y 0.1485 -0.9870 0.0620
Z 0.3465 0.1106 0.9315

PART 59
OFFSET 2.6606 0.0000 -1.3770
SCALE 1 1 1
X 1.0000 0.0000 0.0000
Y 0.0000 1.0000 0.0000
Z 0.0000 0.0000 1.0000

PART 60
OFFSET 3.3517 5.4626 -8.1622
SCALE 1 1 1
X 0.8471 -0.2496 -0.4691
Y -0.1806 -0.9655 0.1876
Z -0.4998 -0.0742 -0.8630

PART 61
OFFSET 13.5968 2.4443 -13.8357
SCALE 1 1 1
X 0.7833 -0.4918 0.3803
Y -0.4672 -0.0622 0.8819
Z -0.4101 -0.8685 -0.2785

PART 62
OFFSET 20.2589 -1.7388 -10.6013
SCALE 1 1 1
X 0.7833 -0.4918 0.3803
Y -0.5527 -0.2708 0.7882
Z -0.2847 -0.8275 -0.4839

PART 63
OFFSET 22.2088 -1.5595 -10.7037
SCALE 1 1 1
X 0.7872 -0.4891 0.3758
Y 0.4145 0.8707 0.2647
Z -0.4566 -0.0526 0.8881

PART 64
OFFSET 21.3610 -2.7846 -11.5580
SCALE 1 1 1
X 0.7872 -0.4891 0.3758
Y 0.4145 0.8707 0.2647
Z -0.4566 -0.0526 0.8881

PART 65
OFFSET 21.3844 -2.0711 -8.4022
SCALE 1 1 1
X 0.7872 -0.4891 0.3758
Y 0.4145 0.8707 0.2647
Z -0.4566 -0.0526 0.8881

PART 66
OFFSET 20.6408 -3.3090 -8.6274
SCALE 1 1 1
X 0.7872 -0.4891 0.3758
Y 0.4145 0.8707 0.2647
Z -0.4566 -0.0526 0.8881

PART 67
OFFSET 20.4946 -3.5457 -9.6413
SCALE 1 1 1
X 0.7872 -0.4891 0.3758
Y 0.4145 0.8707 0.2647
Z -0.4566 -0.0526 0.8881

PART 68
OFFSET 22.6601 -3.2466 -9.4356
SCALE 1 1 1
X 0.9909 0.1175 -0.0657
Y 0.0867 -0.1840 0.9791
Z 0.1030 -0.9759 -0.1926

PART 69
OFFSET 23.2318 -3.7720 -8.5993
SCALE 1 1 1
X 0.7307 -0.5734 0.3706
Y -0.4897 -0.0618 0.8697
Z -0.4757 -0.8170 -0.3260

PART 70
OFFSET 24.7332 -5.0609 -7.7308
SCALE 1 1 1
X 0.8917 -0.0129 -0.4525
Y 0.3730 -0.5455 0.7505
Z -0.2566 -0.8380 -0.4816

PART 71
OFFSET 26.1217 -5.1431 -8.5601
SCALE 1 1 1
X 0.5719 0.1199 -0.8115
Y 0.7439 -0.4927 0.4514
Z -0.3457 -0.8619 -0.3710

PART 72
OFFSET 26.7369 -5.0612 -9.4470
SCALE 1 1 1
X 0.7975 0.5406 -0.2677
Y -0.2902 0.7329 0.6154
Z 0.5289 -0.4131 0.7414

PART 73
OFFSET 23.4266 -3.1473 -10.5784
SCALE 1 1 1
X 0.7589 0.2687 -0.5932
Y 0.1183 -0.9526 -0.2802
Z -0.6404 0.1424 -0.7547

PART 74
OFFSET 25.2394 -2.6810 -11.8357
SCALE 1 1 1
X 0.7271 -0.6028 -0.3286
Y -0.5837 -0.7947 0.1665
Z -0.3616 0.0707 -0.9297

PART 75
OFFSET 26.2688 -3.5345 -12.3010
SCALE 1 1 1
X -0.2536 -0.9671 0.0221
Y -0.9162 0.2475 0.3150
Z -0.3101 0.0597 -0.9488

PART 76
OFFSET 26.0439 -4.3919 -12.2814
SCALE 1 1 1
X -0.9120 -0.2262 0.3421
Y -0.1804 0.9704 0.1606
Z -0.3683 0.0847 -0.9259

PART 77
OFFSET 25.1774 -4.6068 -11.9564
SCALE 1 1 1
X 0.8641 -0.4484 -0.2285
Y 0.4041 0.8889 -0.2159
Z 0.2999 0.0942 0.9493

PART 78
OFFSET 0.0000 0.0000 0.0000
SCALE 1 1 1
X 0.9998 0.0000 -0.0198
Y 0.0000 1.0000 0.0000
Z 0.0198 0.0000 0.9998

PART 79
OFFSET 22.5735 -5.0061 -5.8678
SCALE 1 1 1
X 0.9847 0.0944 -0.1466
Y -0.0730 0.9867 0.1451
Z 0.1584 -0.1322 0.9785

PART 80
OFFSET 39.9677 -3.2981 -8.7459
SCALE 1 1 1
X 0.9847 0.0944 -0.1466
Y -0.0745 0.9879 0.1361
Z 0.1577 -0.1231 0.9798

PART 81
OFFSET 12.9349 -7.9663 -4.6477
SCALE 1 1 1
X -0.5684 -0.8058 -0.1664
Y -0.0713 0.2497 -0.9657
Z 0.8197 -0.5370 -0.1994

PART 82
OFFSET 12.3033 -8.8617 -4.8326
SCALE 1 1 1
X -0.5464 -0.8375 0.0093
Y -0.1720 0.1014 -0.9799
Z 0.8197 -0.5370 -0.1994

PART 83
OFFSET 11.5834 -9.9649 -4.8204
SCALE 1 1 1
X -0.3550 -0.9331 0.0568
Y 0.2180 -0.0235 0.9757
Z -0.9091 0.3587 0.2118

PART 84
OFFSET 11.1649 -11.0651 -4.7535
SCALE 1 1 1
X -0.3386 -0.9335 0.1179
Y 0.2178 0.0442 0.9750
Z -0.9154 0.3558 0.1883

PART 85
OFFSET 10.7216 -12.2871 -4.5991
SCALE 1 1 1
X -0.5239 -0.8412 0.1339
Y 0.3207 -0.0492 0.9459
Z -0.7891 0.5385 0.2955

PART 86
OFFSET 10.1153 -13.2607 -4.4441
SCALE 1 1 1
X -0.5318 -0.7811 0.3272
Y 0.3875 0.1191 0.9141
Z -0.7530 0.6129 0.2394

PART 87
OFFSET 9.6508 -13.9431 -4.1583
SCALE 1 1 1
X -0.5953 -0.7502 0.2878
Y 0.3403 0.0891 0.9361
Z -0.7279 0.6552 0.2022

PART 88
OFFSET 9.0317 -14.7232 -3.8590
SCALE 1 1 1
X -0.5170 -0.7303 0.4465
Y 0.3769 0.2741 0.8848
Z -0.7685 0.6257 0.1335

PART 89
OFFSET 8.4354 -15.5656 -3.3439
SCALE 1 1 1
X -0.5663 -0.7694 0.2955
Y 0.2604 0.1731 0.9498
Z -0.7820 0.6148 0.1024

PART 90
OFFSET 7.9611 -16.2101 -3.0964
SCALE 1 1 1
X -0.5564 -0.8256 0.0933
Y -0.7951 0.5617 0.2288
Z -0.2413 0.0531 -0.9690

PART 91
OFFSET 6.7172 -18.0558 -2.8878
SCALE 1 1 1
X 0.8235 -0.5484 -0.1454
Y 0.4997 0.8224 -0.2720
Z 0.2687 0.1513 0.9513


FRAME 103
PART 0
OFFSET 23.1381 -3.3605 -10.6817
SCALE 1 1 1
X 0.8531 0.2003 -0.4818
Y 0.0987 -0.9687 -0.2279
Z -0.5123 0.1469 -0.8461

PART 1
OFFSET 23.1381 -3.3605 -10.6817
SCALE 1 1 1
X 0.8531 0.2003 -0.4818
Y 0.0987 -0.9687 -0.2279
Z -0.5123 0.1469 -0.8461

PART 2
OFFSET 23.1381 -3.3605 -10.6817
SCALE 1 1 1
X 0.8531 0.2003 -0.4818
Y 0.0987 -0.9687 -0.2279
Z -0.5123 0.1469 -0.8461

PART 3
OFFSET 25.2739 -2.7975 -12.0526
SCALE 1 1 1
X 0.4784 -0.7873 -0.3890
Y -0.7457 -0.5981 0.2934
Z -0.4637 0.1497 -0.8733

PART 4
OFFSET 26.0884 -4.1378 -12.7149
SCALE 1 1 1
X -0.7788 -0.5462 0.3084
Y -0.4426 0.8269 0.3470
Z -0.4445 0.1338 -0.8857

PART 5
OFFSET 25.0090 -4.8949 -12.2875
SCALE 1 1 1
X -0.6688 0.6099 0.4251
Y 0.5997 0.7805 -0.1765
Z -0.4394 0.1368 -0.8878

PART 6
OFFSET 24.2837 -4.2334 -11.8265
SCALE 1 1 1
X 0.1838 -0.9389 -0.2911
Y 0.8929 0.2833 -0.3499
Z 0.4110 -0.1956 0.8904

PART 7
OFFSET 25.5886 -3.8042 -9.2448
SCALE 1 1 1
X 0.9027 -0.0843 -0.4219
Y 0.1669 0.9725 0.1627
Z 0.3966 -0.2172 0.8919

PART 8
OFFSET 26.0751 -2.6539 -10.0329
SCALE 1 1 1
X 0.9499 -0.1224 -0.2875
Y -0.1654 -0.9776 -0.1302
Z -0.2652 0.1712 -0.9489

PART 9
OFFSET 27.7475 -2.8694 -10.5392
SCALE 1 1 1
X 0.6125 -0.7136 -0.3401
Y -0.7464 -0.6637 0.0483
Z -0.2602 0.2243 -0.9391

PART 10
OFFSET 28.5079 -3.7505 -10.8956
SCALE 1 1 1
X -0.2476 -0.9636 -0.1013
Y -0.9407 0.2141 0.2632
Z -0.2319 0.1605 -0.9594

PART 11
OFFSET 28.2282 -4.8389 -11.0101
SCALE 1 1 1
X 0.8646 0.1656 -0.4745
Y -0.0164 0.9529 0.3027
Z 0.5023 -0.2540 0.8266

PART 12
OFFSET 25.7555 -2.6740 -11.0902
SCALE 1 1 1
X 0.4489 -0.7938 -0.4104
Y -0.7976 -0.5630 0.2164
Z -0.4028 0.2302 -0.8858

PART 13
OFFSET 26.6325 -4.2246 -11.8920
SCALE 1 1 1
X -0.7032 -0.6949 0.1506
Y -0.5633 0.6737 0.4783
Z -0.4338 0.2515 -0.8652

PART 14
OFFSET 25.6054 -5.2396 -11.6720
SCALE 1 1 1
X -0.8036 0.2806 0.5249
Y 0.3964 0.9101 0.1204
Z -0.4439 0.3048 -0.8426

PART 15
OFFSET 24.6918 -4.9203 -11.0836
SCALE 1 1 1
X 0.3914 -0.8159 -0.4255
Y 0.7853 0.5372 -0.3079
Z 0.4798 -0.2137 0.8510

PART 16
OFFSET 21.7188 -1.9151 -11.4171
SCALE 1 1 1
X 0.7949 -0.4740 0.3788
Y 0.4428 0.8800 0.1719
Z -0.4148 0.0311 0.9094

PART 17
OFFSET 20.8173 -3.2207 -12.1947
SCALE 1 1 1
X 0.7949 -0.4740 0.3788
Y 0.4428 0.8800 0.1719
Z -0.4148 0.0311 0.9094

PART 18
OFFSET 20.9752 -2.2390 -9.1393
SCALE 1 1 1
X 0.7949 -0.4740 0.3788
Y 0.4428 0.8800 0.1719
Z -0.4148 0.0311 0.9094

PART 19
OFFSET 20.2005 -3.5354 -9.2069
SCALE 1 1 1
X 0.7949 -0.4740 0.3788
Y 0.4428 0.8800 0.1719
Z -0.4148 0.0311 0.9094

PART 20
OFFSET 19.9425 -3.8555 -10.0710
SCALE 1 1 1
X 0.7949 -0.4740 0.3788
Y 0.4428 0.8800 0.1719
Z -0.4148 0.0311 0.9094

PART 21
OFFSET 22.6520 -5.2225 -6.4951
SCALE 1 1 1
X 0.9514 0.1412 -0.2738
Y -0.1064 0.9847 0.1380
Z 0.2891 -0.1022 0.9518

PART 22
OFFSET -5.3605 -11.2544 4.7523
SCALE 1 1 1
X -0.2857 -0.0719 0.9556
