// Export filename: `C:/cod5/cod/cod5/xanim_export/viewmodel/US/flamethrower/viewmodel_flamethrower_ads_down.XANIM_EXPORT`
// Source filename: `C:/cod5/cod/cod5/animation_assets/viewmodel/US/flamethrower/viewmodelanimation_m2flamethrower.mb`
// Export time: Tue Jul 15 14:59:35 2008

ANIMATION
VERSION 3

NUMPARTS 2
PART 0 "tag_view"
PART 1 "tag_torso"

FRAMERATE 30
NUMFRAMES 11

FRAME 36
PART 0
OFFSET 0.0000 0.0000 0.0000
SCALE 1 1 1
X 1.0000 0.0000 0.0000
Y 0.0000 1.0000 0.0000
Z 0.0000 0.0000 1.0000

PART 1
OFFSET 2.6606 4.8767 0.2245
SCALE 1 1 1
X 0.9998 -0.0187 0.0020
Y 0.0188 0.9941 -0.1066
Z 0.0000 0.1066 0.9943


FRAME 37
PART 0
OFFSET 0.0000 0.0000 0.0000
SCALE 1 1 1
X 1.0000 0.0000 0.0000
Y 0.0000 1.0000 0.0000
Z 0.0000 0.0000 1.0000

PART 1
OFFSET 2.6606 4.7402 0.1796
SCALE 1 1 1
X 0.9998 -0.0182 0.0020
Y 0.0183 0.9945 -0.1036
Z -0.0001 0.1036 0.9946


FRAME 38
PART 0
OFFSET 0.0000 0.0000 0.0000
SCALE 1 1 1
X 1.0000 0.0000 0.0000
Y 0.0000 1.0000 0.0000
Z 0.0000 0.0000 1.0000

PART 1
OFFSET 2.6606 4.3695 0.0579
SCALE 1 1 1
X 0.9999 -0.0168 0.0018
Y 0.0169 0.9953 -0.0955
Z -0.0002 0.0955 0.9954


FRAME 39
PART 0
OFFSET 0.0000 0.0000 0.0000
SCALE 1 1 1
X 1.0000 0.0000 0.0000
Y 0.0000 1.0000 0.0000
Z 0.0000 0.0000 1.0000

PART 1
OFFSET 2.6606 3.8233 -0.1214
SCALE 1 1 1
X 0.9999 -0.0147 0.0016
Y 0.0148 0.9964 -0.0836
Z -0.0003 0.0836 0.9965


FRAME 40
PART 0
OFFSET 0.0000 0.0000 0.0000
SCALE 1 1 1
X 1.0000 0.0000 0.0000
Y 0.0000 1.0000 0.0000
Z 0.0000 0.0000 1.0000

PART 1
OFFSET 2.6606 3.1601 -0.3392
SCALE 1 1 1
X 0.9999 -0.0121 0.0013
Y 0.0122 0.9975 -0.0691
Z -0.0005 0.0691 0.9976


FRAME 41
PART 0
OFFSET 0.0000 0.0000 0.0000
SCALE 1 1 1
X 1.0000 0.0000 0.0000
Y 0.0000 1.0000 0.0000
Z 0.0000 0.0000 1.0000

PART 1
OFFSET 2.6606 2.4384 -0.5762
SCALE 1 1 1
X 1.0000 -0.0094 0.0010
Y 0.0094 0.9985 -0.0534
Z -0.0005 0.0534 0.9986


FRAME 42
PART 0
OFFSET 0.0000 0.0000 0.0000
SCALE 1 1 1
X 1.0000 0.0000 0.0000
Y 0.0000 1.0000 0.0000
Z 0.0000 0.0000 1.0000

PART 1
OFFSET 2.6606 1.7166 -0.8133
SCALE 1 1 1
X 1.0000 -0.0066 0.0007
Y 0.0066 0.9993 -0.0376
Z -0.0005 0.0376 0.9993


FRAME 43
PART 0
OFFSET 0.0000 0.0000 0.0000
SCALE 1 1 1
X 1.0000 0.0000 0.0000
Y 0.0000 1.0000 0.0000
Z 0.0000 0.0000 1.0000

PART 1
OFFSET 2.6606 1.0534 -1.0310
SCALE 1 1 1
X 1.0000 -0.0040 0.0004
Y 0.0041 0.9997 -0.0231
Z -0.0003 0.0231 0.9997


FRAME 44
PART 0
OFFSET 0.0000 0.0000 0.0000
SCALE 1 1 1
X 1.0000 0.0000 0.0000
Y 0.0000 1.0000 0.0000
Z 0.0000 0.0000 1.0000

PART 1
OFFSET 2.6606 0.5072 -1.2104
SCALE 1 1 1
X 1.0000 -0.0019 0.0002
Y 0.0020 0.9999 -0.0111
Z -0.0002 0.0111 0.9999


FRAME 45
PART 0
OFFSET 0.0000 0.0000 0.0000
SCALE 1 1 1
X 1.0000 0.0000 0.0000
Y 0.0000 1.0000 0.0000
Z 0.0000 0.0000 1.0000

PART 1
OFFSET 2.6606 0.1365 -1.3321
SCALE 1 1 1
X 1.0000 -0.0005 0.0001
Y 0.0005 1.0000 -0.0030
Z -0.0001 0.0030 1.0000


FRAME 46
PART 0
OFFSET 0.0000 0.0000 0.0000
SCALE 1 1 1
X 1.0000 0.0000 0.0000
Y 0.0000 1.0000 0.0000
Z 0.0000 0.0000 1.0000

PART 1
OFFSET 2.6606 0.0000 -1.3770
SCALE 1 1 1
X 1.0000 0.0000 0.0000
Y 0.0000 1.0000 0.0000
Z 0.0000 0.0000 1.0000


NOTETRACKS

PART 0
NUMTRACKS 0

PART 1
NUMTRACKS 0

