// Export filename: `C:/cod5/cod/cod5/xanim_export/viewmodel/US/flamethrower/viewmodel_flamethrower_pullout.XANIM_EXPORT`
// Source filename: `C:/cod5/cod/cod5/animation_assets/viewmodel/US/flamethrower/viewmodelanimation_m2flamethrower.mb`
// Export time: Sun Jul 20 15:15:02 2008

ANIMATION
VERSION 3

NUMPARTS 92
PART 0 "RingPalm_FK_LE"
PART 1 "RingPalm_SDK_LE"
PART 2 "J_RingPalm_LE"
PART 3 "J_Ring_LE_0"
PART 4 "J_Ring_LE_1"
PART 5 "J_Ring_LE_2"
PART 6 "J_Ring_LE_3"
PART 7 "J_Webbing_LE"
PART 8 "J_Index_LE_0"
PART 9 "J_Index_LE_1"
PART 10 "J_Index_LE_2"
PART 11 "J_Index_LE_3"
PART 12 "J_Mid_LE_0"
PART 13 "J_Mid_LE_1"
PART 14 "J_Mid_LE_2"
PART 15 "J_Mid_LE_3"
PART 16 "D_Sleave_Reshape_Bottom_LE_1"
PART 17 "D_Sleave_Reshape_Bottom_LE_2"
PART 18 "D_Sleave_Reshape_Top_LE_1"
PART 19 "D_Sleave_Reshape_Top_LE_2"
PART 20 "D_Sleave_Reshape_Top_LE_3"
PART 21 "tag_weapon"
PART 22 "J_Shoulder_RI"
PART 23 "J_Elbow_RI"
PART 24 "J_WristTwist_RI"
PART 25 "J_Sleave_Reshape_Top_RI_3"
PART 26 "J_Sleave_Reshape_Top_RI_2"
PART 27 "J_Sleave_Reshape_Top_RI_1"
PART 28 "J_Wrist_RI"
PART 29 "J_Thumb_RI_0"
PART 30 "J_Thumb_RI_1"
PART 31 "J_Thumb_RI_2"
PART 32 "J_Thumb_RI_3"
PART 33 "J_PinkyPalm_RI"
PART 34 "J_Pinky_RI_0"
PART 35 "J_Pinky_RI_1"
PART 36 "J_Pinky_RI_2"
PART 37 "J_Pinky_RI_3"
PART 38 "J_RingPalm_RI"
PART 39 "J_Ring_RI_0"
PART 40 "J_Ring_RI_1"
PART 41 "J_Ring_RI_2"
PART 42 "J_Ring_RI_3"
PART 43 "J_Webbing_RI"
PART 44 "J_Index_RI_0"
PART 45 "J_Index_RI_1"
PART 46 "J_Index_RI_2"
PART 47 "J_Index_RI_3"
PART 48 "J_Mid_RI_0"
PART 49 "J_Mid_RI_1"
PART 50 "J_Mid_RI_2"
PART 51 "J_Mid_RI_3"
PART 52 "D_Sleave_Reshape_Top_RI_3"
PART 53 "D_Sleave_Reshape_Top_RI_2"
PART 54 "D_Sleave_Reshape_Top_RI_1"
PART 55 "tag_cambone"
PART 56 "tag_camera"
PART 57 "RingPalm_FK_RI"
PART 58 "RingPalm_SDK_RI"
PART 59 "tag_torso"
PART 60 "J_Shoulder_LE"
PART 61 "J_Elbow_LE"
PART 62 "J_WristTwist_LE"
PART 63 "J_Sleave_Reshape_Bottom_LE_1"
PART 64 "J_Sleave_Reshape_Bottom_LE_2"
PART 65 "J_Sleave_Reshape_Top_LE_1"
PART 66 "J_Sleave_Reshape_Top_LE_2"
PART 67 "J_Sleave_Reshape_Top_LE_3"
PART 68 "J_Wrist_LE"
PART 69 "J_Thumb_LE_0"
PART 70 "J_Thumb_LE_1"
PART 71 "J_Thumb_LE_2"
PART 72 "J_Thumb_LE_3"
PART 73 "J_PinkyPalm_LE"
PART 74 "J_Pinky_LE_0"
PART 75 "J_Pinky_LE_1"
PART 76 "J_Pinky_LE_2"
PART 77 "J_Pinky_LE_3"
PART 78 "tag_gasmask"
PART 79 "J_Gun"
PART 80 "tag_flash"
PART 81 "hose1"
PART 82 "hose2"
PART 83 "hose3"
PART 84 "hose4"
PART 85 "hose5"
PART 86 "hose6"
PART 87 "hose7"
PART 88 "hose8"
PART 89 "hose9"
PART 90 "hose10"
PART 91 "hose11"

FRAMERATE 30
NUMFRAMES 33

FRAME 124
PART 0
OFFSET 21.8512 -2.1351 -22.6657
SCALE 1 1 1
X 0.9493 0.0352 -0.3124
Y -0.0350 -0.9757 -0.2161
Z -0.3124 0.2161 -0.9250

PART 1
OFFSET 21.8512 -2.1351 -22.6657
SCALE 1 1 1
X 0.9493 0.0352 -0.3124
Y -0.0350 -0.9757 -0.2161
Z -0.3124 0.2161 -0.9250

PART 2
OFFSET 21.8512 -2.1351 -22.6657
SCALE 1 1 1
X 0.9493 0.0352 -0.3124
Y -0.0350 -0.9757 -0.2161
Z -0.3124 0.2161 -0.9250

PART 3
OFFSET 24.2693 -1.9902 -23.6091
SCALE 1 1 1
X 0.3941 -0.8681 -0.3017
Y -0.8815 -0.4499 0.1431
Z -0.2599 0.2096 -0.9426

PART 4
OFFSET 24.9403 -3.4682 -24.1228
SCALE 1 1 1
X -0.9070 -0.3927 0.1521
Y -0.3447 0.8998 0.2675
Z -0.2419 0.1902 -0.9515

PART 5
OFFSET 23.6832 -4.0124 -23.9119
SCALE 1 1 1
X -0.6164 0.7282 0.2998
Y 0.7512 0.6579 -0.0534
Z -0.2361 0.1923 -0.9525

PART 6
OFFSET 23.0147 -3.2227 -23.5868
SCALE 1 1 1
X 0.0643 -0.9629 -0.2620
Y 0.9782 0.1128 -0.1746
Z 0.1977 -0.2450 0.9492

PART 7
OFFSET 23.8747 -2.9729 -20.8029
SCALE 1 1 1
X 0.9355 -0.2523 -0.2475
Y 0.3044 0.9310 0.2014
Z 0.1796 -0.2637 0.9477

PART 8
OFFSET 24.6955 -1.9449 -21.4742
SCALE 1 1 1
X 0.8412 -0.5205 -0.1463
Y -0.5383 -0.8315 -0.1368
Z -0.0505 0.1939 -0.9797

PART 9
OFFSET 26.1766 -2.8614 -21.7318
SCALE 1 1 1
X 0.0492 -0.9691 -0.2419
Y -0.9985 -0.0539 0.0125
Z -0.0252 0.2409 -0.9702

PART 10
OFFSET 26.2380 -4.0541 -21.9669
SCALE 1 1 1
X -0.9174 -0.3968 -0.0301
Y -0.3957 0.9017 0.1740
Z -0.0419 0.1716 -0.9843

PART 11
OFFSET 25.2017 -4.5023 -22.0009
SCALE 1 1 1
X 0.6441 -0.6366 -0.4241
Y 0.7540 0.6216 0.2121
Z 0.1286 -0.4565 0.8804

PART 12
OFFSET 24.5787 -1.9321 -22.5726
SCALE 1 1 1
X 0.3684 -0.8698 -0.3283
Y -0.9112 -0.4079 0.0581
Z -0.1844 0.2778 -0.9428

PART 13
OFFSET 25.2984 -3.6313 -23.2140
SCALE 1 1 1
X -0.8312 -0.5559 0.0096
Y -0.5129 0.7734 0.3724
Z -0.2144 0.3047 -0.9280

PART 14
OFFSET 24.0843 -4.4432 -23.2000
SCALE 1 1 1
X -0.8238 0.4302 0.3692
Y 0.5230 0.8281 0.2019
Z -0.2189 0.3594 -0.9071

PART 15
OFFSET 23.1494 -3.9540 -22.7884
SCALE 1 1 1
X 0.3116 -0.8818 -0.3541
Y 0.9116 0.3826 -0.1505
Z 0.2682 -0.2759 0.9230

PART 16
OFFSET 19.5300 -0.3183 -21.9760
SCALE 1 1 1
X 0.7351 -0.3164 -0.5996
Y 0.4531 0.8871 0.0875
Z 0.5042 -0.3360 0.7955

PART 17
OFFSET 18.3203 -1.6803 -22.0967
SCALE 1 1 1
X 0.7351 -0.3164 -0.5996
Y 0.4531 0.8871 0.0875
Z 0.5042 -0.3360 0.7955

PART 18
OFFSET 21.0803 -1.5078 -20.2969
SCALE 1 1 1
X 0.7351 -0.3164 -0.5996
Y 0.4531 0.8871 0.0875
Z 0.5042 -0.3360 0.7955

PART 19
OFFSET 20.4883 -2.6716 -20.2347
SCALE 1 1 1
X 0.7351 -0.3164 -0.5996
Y 0.4531 0.8871 0.0875
Z 0.5042 -0.3360 0.7955

PART 20
OFFSET 19.4252 -2.8736 -20.7977
SCALE 1 1 1
X 0.7351 -0.3164 -0.5996
Y 0.4531 0.8871 0.0875
Z 0.5042 -0.3360 0.7955

PART 21
OFFSET 22.5581 -4.6230 -20.3864
SCALE 1 1 1
X 0.9947 0.0000 -0.1027
Y 0.0087 0.9964 0.0839
Z 0.1023 -0.0843 0.9912

PART 22
OFFSET -5.3605 -11.2544 4.7523
SCALE 1 1 1
X -0.4711 -0.1773 0.8640
Y -0.1720 -0.9423 -0.2872
Z 0.8651 -0.2839 0.4135

PART 23
OFFSET 0.3375 -9.1097 -5.6974
SCALE 1 1 1
X -0.4711 -0.1773 0.8640
Y -0.8320 -0.2361 -0.5021
Z 0.2930 -0.9554 -0.0363

PART 24
OFFSET 4.3447 -7.6014 -13.0465
SCALE 1 1 1
X -0.4711 -0.1773 0.8640
Y -0.8628 -0.1108 -0.4932
Z 0.1832 -0.9779 -0.1008

PART 25
OFFSET 5.2862 -6.0785 -13.8850
SCALE 1 1 1
X -0.4670 -0.1733 0.8671
Y -0.2797 0.9592 0.0411
Z -0.8389 -0.2234 -0.4964

PART 26
OFFSET 6.4433 -6.4007 -13.7646
SCALE 1 1 1
X -0.4670 -0.1733 0.8671
Y -0.2797 0.9592 0.0411
Z -0.8389 -0.2234 -0.4964

PART 27
OFFSET 6.7267 -7.6703 -13.9858
SCALE 1 1 1
X -0.4670 -0.1733 0.8671
Y -0.2797 0.9592 0.0411
Z -0.8389 -0.2234 -0.4964

PART 28
OFFSET 5.7891 -7.0578 -15.6954
SCALE 1 1 1
X -0.9993 -0.0355 0.0121
Y -0.0091 -0.0834 -0.9965
Z 0.0364 -0.9959 0.0830

PART 29
OFFSET 6.2325 -6.5524 -14.7733
SCALE 1 1 1
X -0.7156 -0.6664 -0.2093
Y 0.2321 0.0558 -0.9711
Z 0.6588 -0.7435 0.1147

PART 30
OFFSET 7.7169 -5.0786 -14.2312
SCALE 1 1 1
X -0.8143 -0.3054 0.4935
Y -0.2999 -0.5066 -0.8083
Z 0.4969 -0.8063 0.3210

PART 31
OFFSET 8.9580 -4.5255 -15.1121
SCALE 1 1 1
X -0.2573 0.0596 0.9645
Y -0.7743 -0.6099 -0.1689
Z 0.5782 -0.7902 0.2031

PART 32
OFFSET 9.2230 -4.5435 -16.1615
SCALE 1 1 1
X -0.7209 0.4259 0.5467
Y -0.0589 0.7483 -0.6607
Z -0.6905 -0.5085 -0.5144

PART 33
OFFSET 6.6176 -6.9158 -16.7895
SCALE 1 1 1
X -0.8185 0.0563 0.5718
Y 0.0392 -0.9874 0.1534
Z 0.5732 0.1480 0.8060

PART 34
OFFSET 8.5353 -6.8997 -17.9755
SCALE 1 1 1
X -0.8847 -0.2423 0.3982
Y 0.2649 -0.9643 0.0018
Z 0.3835 0.1071 0.9173

PART 35
OFFSET 9.7879 -6.5566 -18.5392
SCALE 1 1 1
X -0.8469 -0.3997 0.3508
Y 0.4155 -0.9090 -0.0325
Z 0.3319 0.1182 0.9359

PART 36
OFFSET 10.5388 -6.2022 -18.8502
SCALE 1 1 1
X -0.6840 -0.6588 0.3132
Y 0.6308 -0.7498 -0.1997
Z 0.3665 0.0609 0.9284

PART 37
OFFSET 11.1886 -5.5763 -19.1478
SCALE 1 1 1
X 0.0742 0.9658 -0.2484
Y 0.9626 -0.1344 -0.2350
Z -0.2604 -0.2217 -0.9397

PART 38
OFFSET 6.8485 -6.9916 -16.1183
SCALE 1 1 1
X -0.9480 -0.0141 0.3180
Y 0.0572 -0.9903 0.1264
Z 0.3132 0.1380 0.9396

PART 39
OFFSET 9.2636 -6.9973 -17.0805
SCALE 1 1 1
X -0.8984 -0.2811 0.3374
Y 0.2735 -0.9593 -0.0709
Z 0.3436 0.0286 0.9387

PART 40
OFFSET 10.7931 -6.5187 -17.6550
SCALE 1 1 1
X -0.3851 -0.9094 0.1569
Y 0.8666 -0.4148 -0.2773
Z 0.3173 0.0292 0.9479

PART 41
OFFSET 11.3268 -5.2583 -17.8724
SCALE 1 1 1
X 0.6177 -0.7655 -0.1799
Y 0.7187 0.6424 -0.2661
Z 0.3193 0.0351 0.9470

PART 42
OFFSET 10.6569 -4.4280 -17.6773
SCALE 1 1 1
X -0.9009 0.2620 0.3460
Y 0.2204 0.9630 -0.1554
Z -0.3739 -0.0637 -0.9253

PART 43
OFFSET 1.6573 -7.6687 -14.7579
SCALE 1 1 1
X -0.9284 -0.2942 0.2272
Y -0.3255 0.9386 -0.1148
Z -0.1795 -0.1805 -0.9671

PART 44
OFFSET 9.7033 -7.2268 -14.9602
SCALE 1 1 1
X -0.7270 -0.6604 0.1881
Y 0.6849 -0.7170 0.1298
Z 0.0492 0.2232 0.9735

PART 45
OFFSET 10.9833 -6.0641 -15.2914
SCALE 1 1 1
X 0.2463 -0.9356 0.2529
Y 0.9691 0.2336 -0.0797
Z 0.0155 0.2647 0.9642

PART 46
OFFSET 10.6847 -4.9106 -15.5403
SCALE 1 1 1
X 0.9866 -0.1623 -0.0189
Y 0.1549 0.9655 -0.2091
Z 0.0522 0.2034 0.9777

PART 47
OFFSET 9.5704 -4.7273 -15.5189
SCALE 1 1 1
X -0.4463 -0.7616 0.4700
Y -0.8928 0.4149 -0.1754
Z -0.0614 -0.4979 -0.8651

PART 48
OFFSET 9.5803 -7.1424 -16.0548
SCALE 1 1 1
X -0.7904 -0.5735 0.2155
Y 0.5916 -0.8058 0.0253
Z 0.1592 0.1475 0.9762

PART 49
OFFSET 11.1243 -6.0220 -16.4758
SCALE 1 1 1
X 0.4162 -0.9073 0.0601
Y 0.8869 0.3905 -0.2466
Z 0.2003 0.1560 0.9672

PART 50
OFFSET 10.5164 -4.6968 -16.5637
SCALE 1 1 1
X 0.9474 0.1713 -0.2705
Y -0.2171 0.9646 -0.1494
Z 0.2353 0.2003 0.9510

PART 51
OFFSET 9.4416 -4.8916 -16.2641
SCALE 1 1 1
X -0.6028 -0.7603 0.2421
Y -0.7562 0.6412 0.1305
Z -0.2544 -0.1044 -0.9614

PART 52
OFFSET 5.2862 -6.0785 -13.8850
SCALE 1 1 1
X -0.4670 -0.1733 0.8671
Y -0.2797 0.9592 0.0411
Z -0.8389 -0.2234 -0.4964

PART 53
OFFSET 6.4433 -6.4007 -13.7646
SCALE 1 1 1
X -0.4670 -0.1733 0.8671
Y -0.2797 0.9592 0.0411
Z -0.8389 -0.2234 -0.4964

PART 54
OFFSET 6.7267 -7.6703 -13.9858
SCALE 1 1 1
X -0.4670 -0.1733 0.8671
Y -0.2797 0.9592 0.0411
Z -0.8389 -0.2234 -0.4964

PART 55
OFFSET 0.0000 0.0000 0.0000
SCALE 1 1 1
X 1.0000 0.0000 0.0000
Y 0.0000 1.0000 0.0000
Z 0.0000 0.0000 1.0000

PART 56
OFFSET 0.0000 0.0000 0.0000
SCALE 1 1 1
X 1.0000 0.0000 0.0000
Y 0.0000 1.0000 0.0000
Z 0.0000 0.0000 1.0000

PART 57
OFFSET 6.8485 -6.9916 -16.1183
SCALE 1 1 1
X -0.9480 -0.0141 0.3180
Y 0.0572 -0.9903 0.1264
Z 0.3132 0.1380 0.9396

PART 58
OFFSET 6.8485 -6.9916 -16.1183
SCALE 1 1 1
X -0.9480 -0.0141 0.3180
Y 0.0572 -0.9903 0.1264
Z 0.3132 0.1380 0.9396

PART 59
OFFSET 2.6606 0.0000 -1.3770
SCALE 1 1 1
X 1.0000 0.0000 0.0000
Y 0.0000 1.0000 0.0000
Z 0.0000 0.0000 1.0000

PART 60
OFFSET 3.3517 5.4626 -8.1622
SCALE 1 1 1
X 0.7368 -0.3209 -0.5951
Y -0.1464 -0.9350 0.3229
Z -0.6600 -0.1508 -0.7359

PART 61
OFFSET 12.2629 1.5822 -15.3591
SCALE 1 1 1
X 0.7368 -0.3209 -0.5951
Y 0.4932 -0.3468 0.7977
Z -0.4624 -0.8813 -0.0973

PART 62
OFFSET 18.5300 -1.1468 -20.4205
SCALE 1 1 1
X 0.7368 -0.3209 -0.5951
Y 0.5620 -0.1985 0.8029
Z -0.3758 -0.9261 0.0340

PART 63
OFFSET 19.5300 -0.3183 -21.9760
SCALE 1 1 1
X 0.7351 -0.3164 -0.5996
Y 0.4531 0.8871 0.0875
Z 0.5042 -0.3360 0.7955

PART 64
OFFSET 18.3203 -1.6803 -22.0967
SCALE 1 1 1
X 0.7351 -0.3164 -0.5996
Y 0.4531 0.8871 0.0875
Z 0.5042 -0.3360 0.7955

PART 65
OFFSET 21.0803 -1.5078 -20.2969
SCALE 1 1 1
X 0.7351 -0.3164 -0.5996
Y 0.4531 0.8871 0.0875
Z 0.5042 -0.3360 0.7955

PART 66
OFFSET 20.4883 -2.6716 -20.2347
SCALE 1 1 1
X 0.7351 -0.3164 -0.5996
Y 0.4531 0.8871 0.0875
Z 0.5042 -0.3360 0.7955

PART 67
OFFSET 19.4252 -2.8736 -20.7977
SCALE 1 1 1
X 0.7351 -0.3164 -0.5996
Y 0.4531 0.8871 0.0875
Z 0.5042 -0.3360 0.7955

PART 68
OFFSET 20.7889 -2.1304 -22.2449
SCALE 1 1 1
X 0.9999 -0.0128 -0.0094
Y 0.0070 -0.1734 0.9848
Z -0.0142 -0.9848 -0.1733

PART 69
OFFSET 21.2396 -2.7078 -21.3698
SCALE 1 1 1
X 0.6279 -0.6551 0.4202
Y -0.5416 0.0199 0.8404
Z -0.5589 -0.7553 -0.3423

PART 70
OFFSET 22.5095 -4.1615 -20.3983
SCALE 1 1 1
X 0.9064 -0.1373 -0.3996
Y 0.2562 -0.5734 0.7782
Z -0.3360 -0.8077 -0.4846

PART 71
OFFSET 23.9198 -4.4394 -21.1440
SCALE 1 1 1
X 0.6272 0.0283 -0.7783
Y 0.6470 -0.5752 0.5005
Z -0.4336 -0.8175 -0.3791

PART 72
OFFSET 24.5892 -4.4560 -21.9945
SCALE 1 1 1
X 0.8748 0.4275 -0.2279
Y -0.2265 0.7768 0.5876
Z 0.4282 -0.4624 0.7764

PART 73
OFFSET 21.6246 -2.1546 -23.3423
SCALE 1 1 1
X 0.8194 0.1562 -0.5515
Y 0.0090 -0.9655 -0.2601
Z -0.5731 0.2082 -0.7926

PART 74
OFFSET 23.5503 -1.9524 -24.4979
SCALE 1 1 1
X 0.6598 -0.6983 -0.2777
Y -0.6905 -0.7091 0.1428
Z -0.2966 0.0975 -0.9500

PART 75
OFFSET 24.4844 -2.9411 -24.8910
SCALE 1 1 1
X -0.3781 -0.9256 0.0201
Y -0.8925 0.3702 0.2578
Z -0.2460 0.0795 -0.9660

PART 76
OFFSET 24.1492 -3.7617 -24.8732
SCALE 1 1 1
X -0.9515 -0.0994 0.2913
Y -0.0614 0.9887 0.1369
Z -0.3016 0.1124 -0.9468

PART 77
OFFSET 23.2453 -3.8562 -24.5964
SCALE 1 1 1
X 0.8099 -0.5608 -0.1718
Y 0.5278 0.8246 -0.2037
Z 0.2559 0.0743 0.9638

PART 78
OFFSET 0.0000 0.0000 0.0000
SCALE 1 1 1
X 1.0000 0.0000 0.0000
Y 0.0000 1.0000 0.0000
Z 0.0000 0.0000 1.0000

PART 79
OFFSET 22.5581 -4.6230 -20.3864
SCALE 1 1 1
X 0.9947 -0.0000 -0.1027
Y 0.0087 0.9964 0.0839
Z 0.1023 -0.0843 0.9912

PART 80
OFFSET 40.1460 -4.6014 -22.4905
SCALE 1 1 1
X 0.9947 0.0000 -0.1027
Y 0.0077 0.9972 0.0747
Z 0.1024 -0.0751 0.9919

PART 81
OFFSET 12.6498 -6.6606 -19.4774
SCALE 1 1 1
X -0.6299 -0.7626 -0.1474
Y -0.0058 0.1945 -0.9809
Z 0.7767 -0.6170 -0.1269

PART 82
OFFSET 11.9498 -7.5081 -19.6412
SCALE 1 1 1
X -0.6186 -0.7851 0.0306
Y -0.1186 0.0547 -0.9914
Z 0.7767 -0.6170 -0.1269

PART 83
OFFSET 11.1349 -8.5423 -19.6008
SCALE 1 1 1
X -0.4388 -0.8938 0.0931
Y 0.1714 0.0184 0.9850
Z -0.8821 0.4481 0.1451

PART 84
OFFSET 10.6176 -9.5961 -19.4911
SCALE 1 1 1
X -0.4252 -0.8917 0.1549
Y 0.1773 0.0858 0.9804
Z -0.8876 0.4444 0.1216

PART 85
OFFSET 10.0610 -10.7633 -19.2883
SCALE 1 1 1
X -0.6020 -0.7830 0.1562
Y 0.2727 -0.0177 0.9619
Z -0.7504 0.6217 0.2242

PART 86
OFFSET 9.3641 -11.6697 -19.1075
SCALE 1 1 1
X -0.6131 -0.7106 0.3451
Y 0.3556 0.1418 0.9238
Z -0.7054 0.6892 0.1657

PART 87
OFFSET 8.8285 -12.2904 -18.8060
SCALE 1 1 1
X -0.6718 -0.6768 0.3009
Y 0.3050 0.1175 0.9451
Z -0.6750 0.7267 0.1275

PART 88
OFFSET 8.1298 -12.9942 -18.4931
SCALE 1 1 1
X -0.5993 -0.6539 0.4619
Y 0.3601 0.2951 0.8850
Z -0.7150 0.6967 0.0586

PART 89
OFFSET 7.4386 -13.7485 -17.9603
SCALE 1 1 1
X -0.6450 -0.6980 0.3111
Y 0.2323 0.2087 0.9500
Z -0.7280 0.6850 0.0275

PART 90
OFFSET 6.8983 -14.3331 -17.6997
SCALE 1 1 1
X -0.6313 -0.7672 0.1133
Y -0.7513 0.6412 0.1560
Z -0.1923 0.0134 -0.9812

PART 91
OFFSET 5.4871 -16.0483 -17.4466
SCALE 1 1 1
X 0.7771 -0.6253 -0.0722
Y 0.5824 0.7578 -0.2941
Z 0.2386 0.1864 0.9531


FRAME 125
PART 0
OFFSET 22.3082 -2.3508 -21.9606
SCALE 1 1 1
X 0.9464 0.0359 -0.3209
Y -0.0362 -0.9757 -0.2159
Z -0.3209 0.2159 -0.9222

PART 1
OFFSET 22.3082 -2.3508 -21.9606
SCALE 1 1 1
X 0.9464 0.0359 -0.3209
Y -0.0362 -0.9757 -0.2159
Z -0.3209 0.2159 -0.9222

PART 2
OFFSET 22.3082 -2.3508 -21.9606
SCALE 1 1 1
X 0.9464 0.0359 -0.3209
Y -0.0362 -0.9757 -0.2159
Z -0.3209 0.2159 -0.9222

PART 3
OFFSET 24.7176 -2.2041 -22.9258
SCALE 1 1 1
X 0.3920 -0.8678 -0.3053
Y -0.8799 -0.4505 0.1509
Z -0.2686 0.2095 -0.9402

PART 4
OFFSET 25.3849 -3.6816 -23.4456
SCALE 1 1 1
X -0.9053 -0.3933 0.1603
Y -0.3429 0.8995 0.2707
Z -0.2506 0.1901 -0.9492

PART 5
OFFSET 24.1302 -4.2267 -23.2235
SCALE 1 1 1
X -0.6142 0.7277 0.3054
Y 0.7503 0.6584 -0.0601
Z -0.2448 0.1922 -0.9503

PART 6
OFFSET 23.4641 -3.4375 -22.8923
SCALE 1 1 1
X 0.0626 -0.9629 -0.2626
Y 0.9765 0.1135 -0.1834
Z 0.2064 -0.2450 0.9473

PART 7
OFFSET 24.3490 -3.1873 -20.1162
SCALE 1 1 1
X 0.9334 -0.2516 -0.2559
Y 0.3055 0.9312 0.1988
Z 0.1883 -0.2637 0.9461

PART 8
OFFSET 25.1630 -2.1587 -20.7948
SCALE 1 1 1
X 0.8402 -0.5199 -0.1540
Y -0.5390 -0.8319 -0.1321
Z -0.0594 0.1939 -0.9792

PART 9
OFFSET 26.6423 -3.0741 -21.0658
SCALE 1 1 1
X 0.0477 -0.9690 -0.2424
Y -0.9983 -0.0546 0.0215
Z -0.0341 0.2410 -0.9699

PART 10
OFFSET 26.7024 -4.2668 -21.3016
SCALE 1 1 1
X -0.9174 -0.3974 -0.0219
Y -0.3948 0.9014 0.1777
Z -0.0509 0.1716 -0.9838

PART 11
OFFSET 25.6662 -4.7157 -21.3263
SCALE 1 1 1
X 0.6407 -0.6361 -0.4300
Y 0.7555 0.6221 0.2054
Z 0.1369 -0.4564 0.8792

PART 12
OFFSET 25.0363 -2.1459 -21.8921
SCALE 1 1 1
X 0.3660 -0.8695 -0.3317
Y -0.9103 -0.4085 0.0663
Z -0.1931 0.2777 -0.9411

PART 13
OFFSET 25.7513 -3.8445 -22.5401
SCALE 1 1 1
X -0.8307 -0.5564 0.0170
Y -0.5101 0.7730 0.3771
Z -0.2230 0.3046 -0.9260

PART 14
OFFSET 24.5380 -4.6573 -22.5153
SCALE 1 1 1
X -0.8207 0.4296 0.3767
Y 0.5242 0.8284 0.1973
Z -0.2273 0.3594 -0.9051

PART 15
OFFSET 23.6065 -4.1687 -22.0952
SCALE 1 1 1
X 0.3090 -0.8815 -0.3570
Y 0.9099 0.3833 -0.1587
Z 0.2767 -0.2758 0.9205

PART 16
OFFSET 19.9761 -0.5447 -21.3336
SCALE 1 1 1
X 0.7548 -0.3256 -0.5695
Y 0.4523 0.8871 0.0923
Z 0.4751 -0.3272 0.8168

PART 17
OFFSET 18.7787 -1.8892 -21.4742
SCALE 1 1 1
X 0.7548 -0.3256 -0.5695
Y 0.4523 0.8871 0.0923
Z 0.4751 -0.3272 0.8168

PART 18
OFFSET 21.4688 -1.7120 -19.5824
SCALE 1 1 1
X 0.7548 -0.3256 -0.5695
Y 0.4523 0.8871 0.0923
Z 0.4751 -0.3272 0.8168

PART 19
OFFSET 20.8760 -2.8758 -19.5195
SCALE 1 1 1
X 0.7548 -0.3256 -0.5695
Y 0.4523 0.8871 0.0923
Z 0.4751 -0.3272 0.8168

PART 20
OFFSET 19.8342 -3.0687 -20.1226
SCALE 1 1 1
X 0.7548 -0.3256 -0.5695
Y 0.4523 0.8871 0.0923
Z 0.4751 -0.3272 0.8168

PART 21
OFFSET 22.5578 -4.6260 -19.1622
SCALE 1 1 1
X 0.9937 0.0007 -0.1117
Y 0.0087 0.9964 0.0839
Z 0.1113 -0.0843 0.9902

PART 22
OFFSET -5.3605 -11.2544 4.7523
SCALE 1 1 1
X -0.4895 -0.1839 0.8524
Y -0.1645 -0.9405 -0.2974
Z 0.8564 -0.2858 0.4301

PART 23
OFFSET 0.5592 -9.0298 -5.5566
SCALE 1 1 1
X -0.4895 -0.1839 0.8524
Y -0.8206 -0.2335 -0.5216
Z 0.2950 -0.9548 -0.0366

PART 24
OFFSET 4.7223 -7.4653 -12.8066
SCALE 1 1 1
X -0.4895 -0.1839 0.8524
Y -0.8509 -0.1133 -0.5130
Z 0.1909 -0.9764 -0.1011

PART 25
OFFSET 5.6805 -5.9358 -13.6134
SCALE 1 1 1
X -0.4854 -0.1799 0.8556
Y -0.2818 0.9586 0.0417
Z -0.8276 -0.2209 -0.5160

PART 26
OFFSET 6.8352 -6.2560 -13.4700
SCALE 1 1 1
X -0.4854 -0.1799 0.8556
Y -0.2818 0.9586 0.0417
Z -0.8276 -0.2209 -0.5160

PART 27
OFFSET 7.1239 -7.5240 -13.6945
SCALE 1 1 1
X -0.4854 -0.1799 0.8556
Y -0.2818 0.9586 0.0417
Z -0.8276 -0.2209 -0.5160

PART 28
OFFSET 6.2228 -6.9014 -15.4198
SCALE 1 1 1
X -0.9991 -0.0362 0.0211
Y -0.0180 -0.0833 -0.9964
Z 0.0378 -0.9959 0.0826

PART 29
OFFSET 6.6742 -6.3959 -14.5017
SCALE 1 1 1
X -0.7170 -0.6669 -0.2029
Y 0.2233 0.0560 -0.9731
Z 0.6603 -0.7431 0.1087

PART 30
OFFSET 8.1624 -4.9210 -13.9728
SCALE 1 1 1
X -0.8096 -0.3060 0.5008
Y -0.3068 -0.5068 -0.8056
Z 0.5003 -0.8059 0.3164

PART 31
OFFSET 9.3951 -4.3670 -14.8648
SCALE 1 1 1
X -0.2487 0.0594 0.9668
Y -0.7753 -0.6104 -0.1619
Z 0.5805 -0.7898 0.1978

PART 32
OFFSET 9.6507 -4.3847 -15.9165
SCALE 1 1 1
X -0.7163 0.4254 0.5532
Y -0.0654 0.7483 -0.6601
Z -0.6948 -0.5089 -0.5082

PART 33
OFFSET 7.0414 -6.7588 -16.5212
SCALE 1 1 1
X -0.8133 0.0557 0.5791
Y 0.0413 -0.9874 0.1529
Z 0.5803 0.1483 0.8008

PART 34
OFFSET 8.9483 -6.7412 -17.7245
SCALE 1 1 1
X -0.8809 -0.2430 0.4061
Y 0.2656 -0.9641 -0.0007
Z 0.3917 0.1072 0.9138

PART 35
OFFSET 10.1955 -6.3972 -18.2994
SCALE 1 1 1
X -0.8434 -0.4003 0.3584
Y 0.4159 -0.9087 -0.0363
Z 0.3402 0.1184 0.9329

PART 36
OFFSET 10.9433 -6.0423 -18.6172
SCALE 1 1 1
X -0.6807 -0.6593 0.3193
Y 0.6294 -0.7494 -0.2055
Z 0.3748 0.0611 0.9251

PART 37
OFFSET 11.5900 -5.4159 -18.9206
SCALE 1 1 1
X 0.0713 0.9659 -0.2490
Y 0.9606 -0.1337 -0.2437
Z -0.2687 -0.2218 -0.9373

PART 38
OFFSET 7.2784 -6.8345 -15.8521
SCALE 1 1 1
X -0.9451 -0.0148 0.3266
Y 0.0590 -0.9903 0.1258
Z 0.3215 0.1381 0.9368

PART 39
OFFSET 9.6847 -6.8384 -16.8361
SCALE 1 1 1
X -0.8951 -0.2817 0.3455
Y 0.2735 -0.9591 -0.0734
Z 0.3520 0.0288 0.9356

PART 40
OFFSET 11.2087 -6.3587 -17.4243
SCALE 1 1 1
X -0.3830 -0.9097 0.1603
Y 0.8644 -0.4142 -0.2851
Z 0.3258 0.0294 0.9450

PART 41
OFFSET 11.7395 -5.0979 -17.6464
SCALE 1 1 1
X 0.6166 -0.7651 -0.1855
Y 0.7158 0.6429 -0.2725
Z 0.3278 0.0352 0.9441

PART 42
OFFSET 11.0707 -4.2681 -17.4452
SCALE 1 1 1
X -0.8979 0.2613 0.3541
Y 0.2183 0.9631 -0.1572
Z -0.3822 -0.0639 -0.9219

PART 43
OFFSET 2.1001 -7.5153 -14.4451
SCALE 1 1 1
X -0.9261 -0.2948 0.2355
Y -0.3272 0.9383 -0.1118
Z -0.1880 -0.1805 -0.9654

PART 44
OFFSET 10.1436 -7.0678 -14.7198
SCALE 1 1 1
X -0.7248 -0.6609 0.1946
Y 0.6865 -0.7165 0.1236
Z 0.0578 0.2232 0.9731

PART 45
OFFSET 11.4198 -5.9042 -15.0625
SCALE 1 1 1
X 0.2493 -0.9355 0.2505
Y 0.9681 0.2343 -0.0884
Z 0.0240 0.2646 0.9641

PART 46
OFFSET 11.1182 -4.7509 -15.3085
SCALE 1 1 1
X 0.9865 -0.1616 -0.0278
Y 0.1523 0.9657 -0.2104
Z 0.0609 0.2034 0.9772

PART 47
OFFSET 10.0040 -4.5683 -15.2771
SCALE 1 1 1
X -0.4415 -0.7619 0.4739
Y -0.8946 0.4143 -0.1673
Z -0.0689 -0.4978 -0.8645

PART 48
OFFSET 10.0107 -6.9834 -15.8133
SCALE 1 1 1
X -0.7880 -0.5741 0.2226
Y 0.5924 -0.8054 0.0199
Z 0.1679 0.1475 0.9747

PART 49
OFFSET 11.5501 -5.8619 -16.2481
SCALE 1 1 1
X 0.4174 -0.9070 0.0563
Y 0.8844 0.3912 -0.2546
Z 0.2089 0.1560 0.9654

PART 50
OFFSET 10.9405 -4.5371 -16.3304
SCALE 1 1 1
X 0.9448 0.1720 -0.2790
Y -0.2191 0.9645 -0.1474
Z 0.2438 0.2004 0.9489

PART 51
OFFSET 9.8686 -4.7326 -16.0212
SCALE 1 1 1
X -0.6001 -0.7607 0.2474
Y -0.7555 0.6406 0.1374
Z -0.2630 -0.1045 -0.9591

PART 52
OFFSET 5.6805 -5.9358 -13.6134
SCALE 1 1 1
X -0.4854 -0.1799 0.8556
Y -0.2818 0.9586 0.0417
Z -0.8276 -0.2209 -0.5160

PART 53
OFFSET 6.8352 -6.2560 -13.4700
SCALE 1 1 1
X -0.4854 -0.1799 0.8556
Y -0.2818 0.9586 0.0417
Z -0.8276 -0.2209 -0.5160

PART 54
OFFSET 7.1239 -7.5240 -13.6945
SCALE 1 1 1
X -0.4854 -0.1799 0.8556
Y -0.2818 0.9586 0.0417
Z -0.8276 -0.2209 -0.5160

PART 55
OFFSET 0.0000 0.0000 0.0000
SCALE 1 1 1
X 1.0000 0.0000 0.0000
Y 0.0000 1.0000 0.0000
Z 0.0000 0.0000 1.0000

PART 56
OFFSET 0.0000 0.0000 0.0000
SCALE 1 1 1
X 1.0000 0.0000 0.0022
Y -0.0000 1.0000 0.0000
Z -0.0022 -0.0000 1.0000

PART 57
OFFSET 7.2784 -6.8345 -15.8521
SCALE 1 1 1
X -0.9451 -0.0148 0.3266
Y 0.0590 -0.9903 0.1258
Z 0.3215 0.1381 0.9368

PART 58
OFFSET 7.2784 -6.8345 -15.8521
SCALE 1 1 1
X -0.9451 -0.0148 0.3266
Y 0.0590 -0.9903 0.1258
Z 0.3215 0.1381 0.9368

PART 59
OFFSET 2.6606 0.0000 -1.3770
SCALE 1 1 1
X 1.0000 0.0000 0.0000
Y 0.0000 1.0000 0.0000
Z 0.0000 0.0000 1.0000

PART 60
OFFSET 3.3517 5.4626 -8.1622
SCALE 1 1 1
X 0.7563 -0.3300 -0.5649
Y -0.1602 -0.9306 0.3292
Z -0.6343 -0.1585 -0.7567

PART 61
OFFSET 12.4984 1.4716 -14.9938
SCALE 1 1 1
X 0.7563 -0.3300 -0.5649
Y 0.4641 -0.3380 0.8188
Z -0.4611 -0.8814 -0.1025

PART 62
OFFSET 18.9311 -1.3352 -19.7985
SCALE 1 1 1
X 0.7563 -0.3300 -0.5649
Y 0.5277 -0.2027 0.8249
Z -0.3867 -0.9220 0.0208

PART 63
OFFSET 19.9761 -0.5447 -21.3336
SCALE 1 1 1
X 0.7548 -0.3256 -0.5695
Y 0.4523 0.8871 0.0923
Z 0.4751 -0.3272 0.8168

PART 64
OFFSET 18.7787 -1.8892 -21.4742
SCALE 1 1 1
X 0.7548 -0.3256 -0.5695
Y 0.4523 0.8871 0.0923
Z 0.4751 -0.3272 0.8168

PART 65
OFFSET 21.4688 -1.7120 -19.5824
SCALE 1 1 1
X 0.7548 -0.3256 -0.5695
Y 0.4523 0.8871 0.0923
Z 0.4751 -0.3272 0.8168

PART 66
OFFSET 20.8760 -2.8758 -19.5195
SCALE 1 1 1
X 0.7548 -0.3256 -0.5695
Y 0.4523 0.8871 0.0923
Z 0.4751 -0.3272 0.8168

PART 67
OFFSET 19.8342 -3.0687 -20.1226
SCALE 1 1 1
X 0.7548 -0.3256 -0.5695
Y 0.4523 0.8871 0.0923
Z 0.4751 -0.3272 0.8168

PART 68
OFFSET 21.2497 -2.3469 -21.5302
SCALE 1 1 1
X 0.9998 -0.0121 -0.0184
Y 0.0160 -0.1735 0.9847
Z -0.0151 -0.9848 -0.1732

PART 69
OFFSET 21.7087 -2.9240 -20.6594
SCALE 1 1 1
X 0.6322 -0.6547 0.4144
Y -0.5340 0.0195 0.8453
Z -0.5615 -0.7556 -0.3373

PART 70
OFFSET 22.9883 -4.3769 -19.6994
SCALE 1 1 1
X 0.9028 -0.1366 -0.4077
Y 0.2636 -0.5733 0.7758
Z -0.3398 -0.8078 -0.4816

PART 71
OFFSET 24.3920 -4.6538 -20.4579
SCALE 1 1 1
X 0.6201 0.0288 -0.7840
Y 0.6519 -0.5748 0.4946
Z -0.4364 -0.8178 -0.3752

PART 72
OFFSET 25.0537 -4.6699 -21.3144
SCALE 1 1 1
X 0.8724 0.4281 -0.2358
Y -0.2217 0.7766 0.5897
Z 0.4355 -0.4622 0.7724

PART 73
OFFSET 22.0755 -2.3704 -22.6352
SCALE 1 1 1
X 0.8143 0.1568 -0.5588
Y 0.0073 -0.9655 -0.2603
Z -0.5804 0.2079 -0.7874

PART 74
OFFSET 23.9906 -2.1667 -23.8080
SCALE 1 1 1
X 0.6577 -0.6978 -0.2837
Y -0.6887 -0.7096 0.1489
Z -0.3052 0.0974 -0.9473

PART 75
OFFSET 24.9218 -3.1547 -24.2096
SCALE 1 1 1
X -0.3772 -0.9258 0.0234
Y -0.8904 0.3695 0.2658
Z -0.2548 0.0794 -0.9637

PART 76
OFFSET 24.5873 -3.9756 -24.1889
SCALE 1 1 1
X -0.9487 -0.1001 0.2998
Y -0.0609 0.9886 0.1376
Z -0.3102 0.1123 -0.9440

PART 77
OFFSET 23.6860 -4.0707 -23.9040
SCALE 1 1 1
X 0.8087 -0.5603 -0.1792
Y 0.5254 0.8250 -0.2084
Z 0.2646 0.0744 0.9615

PART 78
OFFSET 0.0000 0.0000 0.0000
SCALE 1 1 1
X 1.0000 0.0000 0.0022
Y -0.0000 1.0000 0.0000
Z -0.0022 -0.0000 1.0000

PART 79
OFFSET 22.5578 -4.6260 -19.1622
SCALE 1 1 1
X 0.9937 0.0007 -0.1117
Y 0.0087 0.9964 0.0839
Z 0.1113 -0.0843 0.9902

PART 80
OFFSET 40.1260 -4.5920 -21.4248
SCALE 1 1 1
X 0.9937 0.0007 -0.1117
Y 0.0077 0.9972 0.0748
Z 0.1114 -0.0752 0.9909

PART 81
OFFSET 12.6595 -6.6706 -18.1641
SCALE 1 1 1
X -0.6306 -0.7630 -0.1418
Y -0.0148 0.1945 -0.9808
Z 0.7759 -0.6164 -0.1340

PART 82
OFFSET 11.9587 -7.5185 -18.3217
SCALE 1 1 1
X -0.6178 -0.7855 0.0361
Y -0.1275 0.0547 -0.9903
Z 0.7759 -0.6164 -0.1340

PART 83
OFFSET 11.1448 -8.5533 -18.2741
SCALE 1 1 1
X -0.4373 -0.8941 0.0970
Y 0.1803 0.0185 0.9834
Z -0.8811 0.4475 0.1531

PART 84
OFFSET 10.6293 -9.6074 -18.1598
SCALE 1 1 1
X -0.4232 -0.8920 0.1586
Y 0.1861 0.0858 0.9788
Z -0.8867 0.4437 0.1297

PART 85
OFFSET 10.0753 -10.7751 -17.9522
SCALE 1 1 1
X -0.6001 -0.7835 0.1616
Y 0.2814 -0.0176 0.9594
Z -0.7488 0.6212 0.2310

PART 86
OFFSET 9.3807 -11.6819 -17.7651
SCALE 1 1 1
X -0.6095 -0.7110 0.3506
Y 0.3638 0.1420 0.9206
Z -0.7044 0.6887 0.1721

PART 87
OFFSET 8.8483 -12.3031 -17.4589
SCALE 1 1 1
X -0.6686 -0.6773 0.3069
Y 0.3134 0.1176 0.9423
Z -0.6743 0.7262 0.1336

PART 88
OFFSET 8.1530 -13.0074 -17.1398
SCALE 1 1 1
X -0.5946 -0.6544 0.4672
Y 0.3678 0.2953 0.8818
Z -0.7149 0.6962 0.0651

PART 89
OFFSET 7.4671 -13.7622 -16.6009
SCALE 1 1 1
X -0.6417 -0.6984 0.3168
Y 0.2407 0.2088 0.9479
Z -0.7282 0.6845 0.0342

PART 90
OFFSET 6.9296 -14.3472 -16.3355
SCALE 1 1 1
X -0.6297 -0.7677 0.1189
Y -0.7503 0.6407 0.1629
Z -0.2012 0.0134 -0.9795

PART 91
OFFSET 5.5219 -16.0634 -16.0698
SCALE 1 1 1
X 0.7768 -0.6247 -0.0793
Y 0.5792 0.7583 -0.2992
Z 0.2470 0.1865 0.9509


FRAME 126
PART 0
OFFSET 23.4348 -2.8852 -19.9327
SCALE 1 1 1
X 0.9391 0.0375 -0.3415
Y -0.0393 -0.9758 -0.2152
Z -0.3413 0.2156 -0.9149

PART 1
OFFSET 23.4348 -2.8852 -19.9327
SCALE 1 1 1
X 0.9391 0.0375 -0.3415
Y -0.0393 -0.9758 -0.2152
Z -0.3413 0.2156 -0.9149

PART 2
OFFSET 23.4348 -2.8852 -19.9327
SCALE 1 1 1
X 0.9391 0.0375 -0.3415
Y -0.0393 -0.9758 -0.2152
Z -0.3413 0.2156 -0.9149

PART 3
OFFSET 25.8223 -2.7344 -20.9502
SCALE 1 1 1
X 0.3866 -0.8671 -0.3140
Y -0.8757 -0.4520 0.1700
Z -0.2894 0.2092 -0.9341

PART 4
OFFSET 26.4806 -4.2107 -21.4848
SCALE 1 1 1
X -0.9010 -0.3948 0.1799
Y -0.3383 0.8989 0.2783
Z -0.2716 0.1899 -0.9435

PART 5
OFFSET 25.2319 -4.7579 -21.2355
SCALE 1 1 1
X -0.6085 0.7266 0.3189
Y 0.7477 0.6597 -0.0763
Z -0.2658 0.1920 -0.9447

PART 6
OFFSET 24.5719 -3.9698 -20.8896
SCALE 1 1 1
X 0.0584 -0.9627 -0.2642
Y 0.9720 0.1151 -0.2046
Z 0.2274 -0.2448 0.9425

PART 7
OFFSET 25.5168 -3.7187 -18.1335
SCALE 1 1 1
X 0.9280 -0.2500 -0.2763
Y 0.3083 0.9317 0.1922
Z 0.2093 -0.2636 0.9417

PART 8
OFFSET 26.3141 -2.6887 -18.8294
SCALE 1 1 1
X 0.8375 -0.5185 -0.1724
Y -0.5404 -0.8328 -0.1204
Z -0.0811 0.1940 -0.9776

PART 9
OFFSET 27.7887 -3.6016 -19.1329
SCALE 1 1 1
X 0.0440 -0.9689 -0.2436
Y -0.9975 -0.0562 0.0433
Z -0.0557 0.2411 -0.9689

PART 10
OFFSET 27.8456 -4.7941 -19.3702
SCALE 1 1 1
X -0.9170 -0.3989 -0.0019
Y -0.3923 0.9008 0.1864
Z -0.0726 0.1717 -0.9825

PART 11
OFFSET 26.8098 -5.2447 -19.3724
SCALE 1 1 1
X 0.6322 -0.6350 -0.4440
Y 0.7588 0.6233 0.1890
Z 0.1568 -0.4564 0.8759

PART 12
OFFSET 26.1634 -2.6758 -19.9238
SCALE 1 1 1
X 0.3601 -0.8688 -0.3398
Y -0.9080 -0.4100 0.0860
Z -0.2141 0.2776 -0.9365

PART 13
OFFSET 26.8670 -4.3731 -20.5876
SCALE 1 1 1
X -0.8292 -0.5578 0.0350
Y -0.5030 0.7721 0.3883
Z -0.2437 0.3044 -0.9209

PART 14
OFFSET 25.6558 -5.1879 -20.5364
SCALE 1 1 1
X -0.8130 0.4282 0.3946
Y 0.5270 0.8293 0.1860
Z -0.2476 0.3592 -0.8998

PART 15
OFFSET 24.7329 -4.7010 -20.0960
SCALE 1 1 1
X 0.3026 -0.8809 -0.3638
Y 0.9056 0.3848 -0.1784
Z 0.2972 -0.2755 0.9142

PART 16
OFFSET 21.0915 -1.1057 -19.4772
SCALE 1 1 1
X 0.8033 -0.3484 -0.4831
Y 0.4493 0.8869 0.1076
Z 0.3910 -0.3035 0.8689

PART 17
OFFSET 19.9254 -2.4090 -19.6775
SCALE 1 1 1
X 0.8033 -0.3484 -0.4831
Y 0.4493 0.8869 0.1076
Z 0.3910 -0.3035 0.8689

PART 18
OFFSET 22.4084 -2.2129 -17.5435
SCALE 1 1 1
X 0.8033 -0.3484 -0.4831
Y 0.4493 0.8869 0.1076
Z 0.3910 -0.3035 0.8689

PART 19
OFFSET 21.8087 -3.3773 -17.4850
SCALE 1 1 1
X 0.8033 -0.3484 -0.4831
Y 0.4493 0.8869 0.1076
Z 0.3910 -0.3035 0.8689

PART 20
OFFSET 20.8345 -3.5505 -18.1933
SCALE 1 1 1
X 0.8033 -0.3484 -0.4831
Y 0.4493 0.8869 0.1076
Z 0.3910 -0.3035 0.8689

PART 21
OFFSET 22.5585 -4.6332 -16.1135
SCALE 1 1 1
X 0.9911 0.0024 -0.1333
Y 0.0089 0.9964 0.0839
Z 0.1331 -0.0843 0.9875

PART 22
OFFSET -5.3605 -11.2544 4.7523
SCALE 1 1 1
X -0.5406 -0.2023 0.8166
Y -0.1425 -0.9346 -0.3259
Z 0.8291 -0.2925 0.4765

PART 23
OFFSET 1.1777 -8.8077 -5.1234
SCALE 1 1 1
X -0.5406 -0.2023 0.8166
Y -0.7859 -0.2248 -0.5760
Z 0.3001 -0.9532 -0.0375

PART 24
OFFSET 5.7759 -7.0870 -12.0687
SCALE 1 1 1
X -0.5406 -0.2023 0.8166
Y -0.8140 -0.1194 -0.5685
Z 0.2125 -0.9720 -0.1001

PART 25
OFFSET 6.7791 -5.5400 -12.7824
SCALE 1 1 1
X -0.5367 -0.1983 0.8201
Y -0.2872 0.9569 0.0434
Z -0.7934 -0.2122 -0.5706

PART 26
OFFSET 7.9238 -5.8561 -12.5732
SCALE 1 1 1
X -0.5367 -0.1983 0.8201
Y -0.2872 0.9569 0.0434
Z -0.7934 -0.2122 -0.5706

PART 27
OFFSET 8.2273 -7.1199 -12.8072
SCALE 1 1 1
X -0.5367 -0.1983 0.8201
Y -0.2872 0.9569 0.0434
Z -0.7934 -0.2122 -0.5706

PART 28
OFFSET 7.4332 -6.4667 -14.5721
SCALE 1 1 1
X -0.9984 -0.0378 0.0429
Y -0.0397 -0.0832 -0.9957
Z 0.0412 -0.9958 0.0815

PART 29
OFFSET 7.9037 -5.9606 -13.6640
SCALE 1 1 1
X -0.7202 -0.6680 -0.1873
Y 0.2018 0.0566 -0.9778
Z 0.6638 -0.7420 0.0941

PART 30
OFFSET 9.4007 -4.4834 -13.1674
SCALE 1 1 1
X -0.7980 -0.3074 0.5183
Y -0.3235 -0.5071 -0.7989
Z 0.5085 -0.8052 0.3052

PART 31
OFFSET 10.6127 -3.9272 -14.0860
SCALE 1 1 1
X -0.2276 0.0588 0.9720
Y -0.7777 -0.6117 -0.1451
Z 0.5860 -0.7889 0.1849

PART 32
OFFSET 10.8452 -3.9443 -15.1431
SCALE 1 1 1
X -0.7047 0.4241 0.5688
Y -0.0810 0.7484 -0.6583
Z -0.7049 -0.5100 -0.4930

PART 33
OFFSET 8.2273 -6.3225 -15.6911
SCALE 1 1 1
X -0.8006 0.0542 0.5968
Y 0.0462 -0.9873 0.1518
Z 0.5974 0.1491 0.7879

PART 34
OFFSET 10.1074 -6.3016 -16.9358
SCALE 1 1 1
X -0.8715 -0.2445 0.4252
Y 0.2671 -0.9636 -0.0067
Z 0.4114 0.1077 0.9051

PART 35
OFFSET 11.3412 -5.9554 -17.5378
SCALE 1 1 1
X -0.8347 -0.4018 0.3766
Y 0.4165 -0.9080 -0.0456
Z 0.3603 0.1188 0.9252

PART 36
OFFSET 12.0813 -5.5992 -17.8717
SCALE 1 1 1
X -0.6725 -0.6605 0.3340
Y 0.6260 -0.7483 -0.2194
Z 0.3948 0.0616 0.9167

PART 37
OFFSET 12.7201 -4.9717 -18.1890
SCALE 1 1 1
X 0.0642 0.9660 -0.2503
Y 0.9552 -0.1321 -0.2647
Z -0.2888 -0.2221 -0.9313

PART 38
OFFSET 8.4789 -6.3980 -15.0274
SCALE 1 1 1
X -0.9377 -0.0165 0.3471
Y 0.0634 -0.9902 0.1243
Z 0.3417 0.1385 0.9295

PART 39
OFFSET 10.8632 -6.3977 -16.0637
SCALE 1 1 1
X -0.8869 -0.2833 0.3649
Y 0.2734 -0.9586 -0.0796
Z 0.3723 0.0292 0.9276

PART 40
OFFSET 12.3732 -5.9154 -16.6849
SCALE 1 1 1
X -0.3779 -0.9104 0.1684
Y 0.8586 -0.4127 -0.3040
Z 0.3463 0.0297 0.9377

PART 41
OFFSET 12.8969 -4.6537 -16.9184
SCALE 1 1 1
X 0.6137 -0.7640 -0.1991
Y 0.7086 0.6442 -0.2880
Z 0.3483 0.0356 0.9367

PART 42
OFFSET 12.2314 -3.8250 -16.7024
SCALE 1 1 1
X -0.8904 0.2598 0.3737
Y 0.2132 0.9635 -0.1618
Z -0.4021 -0.0644 -0.9133

PART 43
OFFSET 3.3338 -7.0876 -13.5078
SCALE 1 1 1
X -0.9202 -0.2964 0.2556
Y -0.3311 0.9378 -0.1044
Z -0.2088 -0.1807 -0.9611

PART 44
OFFSET 11.3686 -6.6267 -13.9581
SCALE 1 1 1
X -0.7193 -0.6621 0.2103
Y 0.6902 -0.7154 0.1084
Z 0.0787 0.2231 0.9716

PART 45
OFFSET 12.6351 -5.4610 -14.3283
SCALE 1 1 1
X 0.2562 -0.9351 0.2448
Y 0.9656 0.2359 -0.1094
Z 0.0446 0.2644 0.9634

PART 46
OFFSET 12.3263 -4.3081 -14.5674
SCALE 1 1 1
X 0.9859 -0.1600 -0.0494
Y 0.1461 0.9660 -0.2135
Z 0.0819 0.2033 0.9757

PART 47
OFFSET 11.2127 -4.1274 -14.5116
SCALE 1 1 1
X -0.4298 -0.7627 0.4833
Y -0.8987 0.4129 -0.1476
Z -0.0869 -0.4978 -0.8629

PART 48
OFFSET 11.2117 -6.5423 -15.0484
SCALE 1 1 1
X -0.7820 -0.5754 0.2396
Y 0.5940 -0.8044 0.0067
Z 0.1889 0.1476 0.9708

PART 49
OFFSET 12.7394 -5.4182 -15.5164
SCALE 1 1 1
X 0.4200 -0.9063 0.0470
Y 0.8780 0.3927 -0.2737
Z 0.2297 0.1562 0.9607

PART 50
OFFSET 12.1260 -4.0944 -15.5851
SCALE 1 1 1
X 0.9382 0.1736 -0.2996
Y -0.2238 0.9642 -0.1423
Z 0.2641 0.2006 0.9434

PART 51
OFFSET 11.0614 -4.2918 -15.2525
SCALE 1 1 1
X -0.5933 -0.7618 0.2603
Y -0.7533 0.6393 0.1540
Z -0.2837 -0.1047 -0.9532

PART 52
OFFSET 6.7791 -5.5400 -12.7824
SCALE 1 1 1
X -0.5367 -0.1983 0.8201
Y -0.2872 0.9569 0.0434
Z -0.7934 -0.2122 -0.5706

PART 53
OFFSET 7.9238 -5.8561 -12.5732
SCALE 1 1 1
X -0.5367 -0.1983 0.8201
Y -0.2872 0.9569 0.0434
Z -0.7934 -0.2122 -0.5706

PART 54
OFFSET 8.2273 -7.1199 -12.8072
SCALE 1 1 1
X -0.5367 -0.1983 0.8201
Y -0.2872 0.9569 0.0434
Z -0.7934 -0.2122 -0.5706

PART 55
OFFSET 0.0000 0.0000 0.0000
SCALE 1 1 1
X 1.0000 0.0000 0.0000
Y 0.0000 1.0000 0.0000
Z 0.0000 0.0000 1.0000

PART 56
OFFSET 0.0000 0.0000 0.0000
SCALE 1 1 1
X 1.0000 0.0000 0.0079
Y -0.0000 1.0000 0.0000
Z -0.0079 -0.0000 1.0000

PART 57
OFFSET 8.4789 -6.3980 -15.0274
SCALE 1 1 1
X -0.9377 -0.0165 0.3471
Y 0.0634 -0.9902 0.1243
Z 0.3417 0.1385 0.9295

PART 58
OFFSET 8.4789 -6.3980 -15.0274
SCALE 1 1 1
X -0.9377 -0.0165 0.3471
Y 0.0634 -0.9902 0.1243
Z 0.3417 0.1385 0.9295

PART 59
OFFSET 2.6606 0.0000 -1.3770
SCALE 1 1 1
X 1.0000 0.0000 0.0000
Y 0.0000 1.0000 0.0000
Z 0.0000 0.0000 1.0000

PART 60
OFFSET 3.3517 5.4626 -8.1622
SCALE 1 1 1
X 0.8043 -0.3527 -0.4782
Y -0.1997 -0.9185 0.3414
Z -0.5596 -0.1791 -0.8092

PART 61
OFFSET 13.0791 1.1976 -13.9457
SCALE 1 1 1
X 0.8043 -0.3527 -0.4782
Y 0.3797 -0.3141 0.8702
Z -0.4571 -0.8815 -0.1188

PART 62
OFFSET 19.9202 -1.8020 -18.0132
SCALE 1 1 1
X 0.8043 -0.3527 -0.4782
Y 0.4291 -0.2120 0.8780
Z -0.4110 -0.9114 -0.0192

PART 63
OFFSET 21.0915 -1.1057 -19.4772
SCALE 1 1 1
X 0.8033 -0.3484 -0.4831
Y 0.4493 0.8869 0.1076
Z 0.3910 -0.3035 0.8689

PART 64
OFFSET 19.9254 -2.4090 -19.6775
SCALE 1 1 1
X 0.8033 -0.3484 -0.4831
Y 0.4493 0.8869 0.1076
Z 0.3910 -0.3035 0.8689

PART 65
OFFSET 22.4084 -2.2129 -17.5435
SCALE 1 1 1
X 0.8033 -0.3484 -0.4831
Y 0.4493 0.8869 0.1076
Z 0.3910 -0.3035 0.8689

PART 66
OFFSET 21.8087 -3.3773 -17.4850
SCALE 1 1 1
X 0.8033 -0.3484 -0.4831
Y 0.4493 0.8869 0.1076
Z 0.3910 -0.3035 0.8689

PART 67
OFFSET 20.8345 -3.5505 -18.1933
SCALE 1 1 1
X 0.8033 -0.3484 -0.4831
Y 0.4493 0.8869 0.1076
Z 0.3910 -0.3035 0.8689

PART 68
OFFSET 22.3860 -2.8831 -19.4793
SCALE 1 1 1
X 0.9991 -0.0104 -0.0402
Y 0.0378 -0.1736 0.9841
Z -0.0172 -0.9848 -0.1731

PART 69
OFFSET 22.8648 -3.4597 -18.6187
SCALE 1 1 1
X 0.6421 -0.6537 0.4004
Y -0.5154 0.0184 0.8567
Z -0.5674 -0.7565 -0.3251

PART 70
OFFSET 24.1675 -4.9106 -17.6873
SCALE 1 1 1
X 0.8939 -0.1351 -0.4274
Y 0.2814 -0.5730 0.7697
Z -0.3489 -0.8083 -0.4742

PART 71
OFFSET 25.5548 -5.1850 -18.4763
SCALE 1 1 1
X 0.6028 0.0299 -0.7973
Y 0.6635 -0.5738 0.4801
Z -0.4431 -0.8184 -0.3658

PART 72
OFFSET 26.1977 -5.1999 -19.3471
SCALE 1 1 1
X 0.8664 0.4296 -0.2547
Y -0.2100 0.7761 0.5946
Z 0.4531 -0.4616 0.7626

PART 73
OFFSET 23.1875 -2.9051 -20.6020
SCALE 1 1 1
X 0.8017 0.1583 -0.5765
Y 0.0032 -0.9654 -0.2606
Z -0.5978 0.2071 -0.7745

PART 74
OFFSET 25.0762 -2.6980 -21.8164
SCALE 1 1 1
X 0.6525 -0.6967 -0.2981
Y -0.6841 -0.7108 0.1638
Z -0.3260 0.0971 -0.9404

PART 75
OFFSET 26.0000 -3.6844 -22.2384
SCALE 1 1 1
X -0.3751 -0.9264 0.0314
Y -0.8850 0.3680 0.2853
Z -0.2759 0.0792 -0.9579

PART 76
OFFSET 25.6674 -4.5058 -22.2105
SCALE 1 1 1
X -0.9418 -0.1017 0.3205
Y -0.0595 0.9885 0.1391
Z -0.3309 0.1119 -0.9370

PART 77
OFFSET 24.7727 -4.6025 -21.9061
SCALE 1 1 1
X 0.8055 -0.5589 -0.1969
Y 0.5193 0.8259 -0.2196
Z 0.2854 0.0747 0.9555

PART 78
OFFSET 0.0000 0.0000 0.0000
SCALE 1 1 1
X 1.0000 0.0000 0.0079
Y -0.0000 1.0000 0.0000
Z -0.0079 -0.0000 1.0000

PART 79
OFFSET 22.5585 -4.6332 -16.1135
SCALE 1 1 1
X 0.9911 0.0024 -0.1333
Y 0.0089 0.9964 0.0839
Z 0.1331 -0.0843 0.9875

PART 80
OFFSET 40.0730 -4.5697 -18.7593
SCALE 1 1 1
X 0.9911 0.0024 -0.1333
Y 0.0077 0.9972 0.0748
Z 0.1331 -0.0752 0.9882

PART 81
OFFSET 12.6878 -6.6943 -14.8998
SCALE 1 1 1
X -0.6323 -0.7640 -0.1282
Y -0.0365 0.1947 -0.9802
Z 0.7738 -0.6151 -0.1510

PART 82
OFFSET 11.9851 -7.5433 -15.0422
SCALE 1 1 1
X -0.6156 -0.7865 0.0495
Y -0.1492 0.0547 -0.9873
Z 0.7738 -0.6151 -0.1510

PART 83
OFFSET 11.1742 -8.5795 -14.9771
SCALE 1 1 1
X -0.4336 -0.8948 0.1063
Y 0.2017 0.0186 0.9793
Z -0.8782 0.4460 0.1724

PART 84
OFFSET 10.6630 -9.6345 -14.8518
SCALE 1 1 1
X -0.4182 -0.8928 0.1676
Y 0.2073 0.0859 0.9745
Z -0.8844 0.4422 0.1491

PART 85
OFFSET 10.1156 -10.8031 -14.6323
SCALE 1 1 1
X -0.5951 -0.7845 0.1745
Y 0.3023 -0.0174 0.9530
Z -0.7446 0.6199 0.2475

PART 86
OFFSET 9.4268 -11.7111 -14.4304
SCALE 1 1 1
X -0.6005 -0.7121 0.3636
Y 0.3836 0.1424 0.9124
Z -0.7016 0.6875 0.1876

PART 87
OFFSET 8.9022 -12.3332 -14.1127
SCALE 1 1 1
X -0.6607 -0.6785 0.3213
Y 0.3337 0.1179 0.9353
Z -0.6724 0.7251 0.1485

PART 88
OFFSET 8.2152 -13.0387 -13.7786
SCALE 1 1 1
X -0.5832 -0.6554 0.4799
Y 0.3865 0.2957 0.8736
Z -0.7145 0.6950 0.0809

PART 89
OFFSET 7.5425 -13.7947 -13.2250
SCALE 1 1 1
X -0.6335 -0.6996 0.3306
Y 0.2611 0.2090 0.9424
Z -0.7284 0.6833 0.0502

PART 90
OFFSET 7.0119 -14.3807 -12.9481
SCALE 1 1 1
X -0.6257 -0.7688 0.1324
Y -0.7477 0.6394 0.1793
Z -0.2225 0.0132 -0.9748

PART 91
OFFSET 5.6132 -16.0992 -12.6521
SCALE 1 1 1
X 0.7759 -0.6234 -0.0964
Y 0.5713 0.7593 -0.3116
Z 0.2674 0.1868 0.9453


FRAME 127
PART 0
OFFSET 23.8530 -3.1193 -16.5129
SCALE 1 1 1
X 0.9301 0.0394 -0.3651
Y -0.0428 -0.9758 -0.2144
Z -0.3647 0.2151 -0.9059

PART 1
OFFSET 23.8530 -3.1193 -16.5129
SCALE 1 1 1
X 0.9301 0.0394 -0.3651
Y -0.0428 -0.9758 -0.2144
Z -0.3647 0.2151 -0.9059

PART 2
OFFSET 23.8530 -3.1193 -16.5129
SCALE 1 1 1
X 0.9301 0.0394 -0.3651
Y -0.0428 -0.9758 -0.2144
Z -0.3647 0.2151 -0.9059

PART 3
OFFSET 26.2138 -2.9636 -17.5903
SCALE 1 1 1
X 0.3803 -0.8663 -0.3239
Y -0.8702 -0.4538 0.1920
Z -0.3133 0.2088 -0.9264

PART 4
OFFSET 26.8613 -4.4385 -18.1416
SCALE 1 1 1
X -0.8954 -0.3966 0.2025
Y -0.3330 0.8982 0.2870
Z -0.2957 0.1895 -0.9363

PART 5
OFFSET 25.6203 -4.9882 -17.8610
SCALE 1 1 1
X -0.6017 0.7254 0.3343
Y 0.7442 0.6611 -0.0950
Z -0.2899 0.1916 -0.9377

PART 6
OFFSET 24.9678 -4.2015 -17.4984
SCALE 1 1 1
X 0.0536 -0.9625 -0.2658
Y 0.9663 0.1171 -0.2291
Z 0.2516 -0.2445 0.9364

PART 7
OFFSET 25.9814 -3.9490 -14.7669
SCALE 1 1 1
X 0.9212 -0.2482 -0.2997
Y 0.3112 0.9322 0.1846
Z 0.2335 -0.2633 0.9360

PART 8
OFFSET 26.7588 -2.9173 -15.4825
SCALE 1 1 1
X 0.8339 -0.5168 -0.1936
Y -0.5416 -0.8338 -0.1070
Z -0.1061 0.1940 -0.9752

PART 9
OFFSET 28.2270 -3.8273 -15.8233
SCALE 1 1 1
X 0.0398 -0.9687 -0.2449
Y -0.9960 -0.0582 0.0684
Z -0.0805 0.2412 -0.9671

PART 10
OFFSET 28.2803 -5.0196 -16.0623
SCALE 1 1 1
X -0.9159 -0.4007 0.0211
Y -0.3892 0.8999 0.1965
Z -0.0977 0.1717 -0.9803

PART 11
OFFSET 27.2457 -5.4723 -16.0384
SCALE 1 1 1
X 0.6220 -0.6336 -0.4600
Y 0.7621 0.6248 0.1699
Z 0.1797 -0.4562 0.8715

PART 12
OFFSET 26.5806 -2.9046 -16.5727
SCALE 1 1 1
X 0.3531 -0.8680 -0.3490
Y -0.9047 -0.4118 0.1088
Z -0.2382 0.2773 -0.9308

PART 13
OFFSET 27.2705 -4.6004 -17.2545
SCALE 1 1 1
X -0.8270 -0.5595 0.0558
Y -0.4946 0.7711 0.4011
Z -0.2674 0.3041 -0.9143

PART 14
OFFSET 26.0626 -5.4175 -17.1729
SCALE 1 1 1
X -0.8036 0.4265 0.4151
Y 0.5299 0.8303 0.1728
Z -0.2709 0.3588 -0.8932

PART 15
OFFSET 25.1501 -4.9325 -16.7093
SCALE 1 1 1
X 0.2951 -0.8803 -0.3715
Y 0.9000 0.3866 -0.2011
Z 0.3207 -0.2751 0.9064

PART 16
OFFSET 21.7388 -1.4210 -16.8302
SCALE 1 1 1
X 0.8947 -0.4415 -0.0674
Y 0.4466 0.8844 0.1359
Z -0.0004 -0.1517 0.9884

PART 17
OFFSET 20.6707 -2.6458 -17.2577
SCALE 1 1 1
X 0.8947 -0.4415 -0.0674
Y 0.4466 0.8844 0.1359
Z -0.0004 -0.1517 0.9884

PART 18
OFFSET 22.1258 -2.1555 -14.3849
SCALE 1 1 1
X 0.8947 -0.4415 -0.0674
Y 0.4466 0.8844 0.1359
Z -0.0004 -0.1517 0.9884

PART 19
OFFSET 21.4275 -3.3442 -14.3710
SCALE 1 1 1
X 0.8947 -0.4415 -0.0674
Y 0.4466 0.8844 0.1359
Z -0.0004 -0.1517 0.9884

PART 20
OFFSET 20.8364 -3.5296 -15.3652
SCALE 1 1 1
X 0.8947 -0.4415 -0.0674
Y 0.4466 0.8844 0.1359
Z -0.0004 -0.1517 0.9884

PART 21
