// Export filename: `C:/cod5/cod/cod5/xanim_export/viewmodel/US/flamethrower/viewmodel_flamethrower_pullout_fast.XANIM_EXPORT`
// Source filename: `C:/cod5/cod/cod5/animation_assets/viewmodel/US/flamethrower/viewmodelanimation_m2flamethrower.mb`
// Export time: Sun Jul 20 15:21:08 2008

ANIMATION
VERSION 3

NUMPARTS 92
PART 0 "RingPalm_FK_LE"
PART 1 "RingPalm_SDK_LE"
PART 2 "J_RingPalm_LE"
PART 3 "J_Ring_LE_0"
PART 4 "J_Ring_LE_1"
PART 5 "J_Ring_LE_2"
PART 6 "J_Ring_LE_3"
PART 7 "J_Webbing_LE"
PART 8 "J_Index_LE_0"
PART 9 "J_Index_LE_1"
PART 10 "J_Index_LE_2"
PART 11 "J_Index_LE_3"
PART 12 "J_Mid_LE_0"
PART 13 "J_Mid_LE_1"
PART 14 "J_Mid_LE_2"
PART 15 "J_Mid_LE_3"
PART 16 "D_Sleave_Reshape_Bottom_LE_1"
PART 17 "D_Sleave_Reshape_Bottom_LE_2"
PART 18 "D_Sleave_Reshape_Top_LE_1"
PART 19 "D_Sleave_Reshape_Top_LE_2"
PART 20 "D_Sleave_Reshape_Top_LE_3"
PART 21 "tag_weapon"
PART 22 "J_Shoulder_RI"
PART 23 "J_Elbow_RI"
PART 24 "J_WristTwist_RI"
PART 25 "J_Sleave_Reshape_Top_RI_3"
PART 26 "J_Sleave_Reshape_Top_RI_2"
PART 27 "J_Sleave_Reshape_Top_RI_1"
PART 28 "J_Wrist_RI"
PART 29 "J_Thumb_RI_0"
PART 30 "J_Thumb_RI_1"
PART 31 "J_Thumb_RI_2"
PART 32 "J_Thumb_RI_3"
PART 33 "J_PinkyPalm_RI"
PART 34 "J_Pinky_RI_0"
PART 35 "J_Pinky_RI_1"
PART 36 "J_Pinky_RI_2"
PART 37 "J_Pinky_RI_3"
PART 38 "J_RingPalm_RI"
PART 39 "J_Ring_RI_0"
PART 40 "J_Ring_RI_1"
PART 41 "J_Ring_RI_2"
PART 42 "J_Ring_RI_3"
PART 43 "J_Webbing_RI"
PART 44 "J_Index_RI_0"
PART 45 "J_Index_RI_1"
PART 46 "J_Index_RI_2"
PART 47 "J_Index_RI_3"
PART 48 "J_Mid_RI_0"
PART 49 "J_Mid_RI_1"
PART 50 "J_Mid_RI_2"
PART 51 "J_Mid_RI_3"
PART 52 "D_Sleave_Reshape_Top_RI_3"
PART 53 "D_Sleave_Reshape_Top_RI_2"
PART 54 "D_Sleave_Reshape_Top_RI_1"
PART 55 "tag_cambone"
PART 56 "tag_camera"
PART 57 "RingPalm_FK_RI"
PART 58 "RingPalm_SDK_RI"
PART 59 "tag_torso"
PART 60 "J_Shoulder_LE"
PART 61 "J_Elbow_LE"
PART 62 "J_WristTwist_LE"
PART 63 "J_Sleave_Reshape_Bottom_LE_1"
PART 64 "J_Sleave_Reshape_Bottom_LE_2"
PART 65 "J_Sleave_Reshape_Top_LE_1"
PART 66 "J_Sleave_Reshape_Top_LE_2"
PART 67 "J_Sleave_Reshape_Top_LE_3"
PART 68 "J_Wrist_LE"
PART 69 "J_Thumb_LE_0"
PART 70 "J_Thumb_LE_1"
PART 71 "J_Thumb_LE_2"
PART 72 "J_Thumb_LE_3"
PART 73 "J_PinkyPalm_LE"
PART 74 "J_Pinky_LE_0"
PART 75 "J_Pinky_LE_1"
PART 76 "J_Pinky_LE_2"
PART 77 "J_Pinky_LE_3"
PART 78 "tag_gasmask"
PART 79 "J_Gun"
PART 80 "tag_flash"
PART 81 "hose1"
PART 82 "hose2"
PART 83 "hose3"
PART 84 "hose4"
PART 85 "hose5"
PART 86 "hose6"
PART 87 "hose7"
PART 88 "hose8"
PART 89 "hose9"
PART 90 "hose10"
PART 91 "hose11"

FRAMERATE 30
NUMFRAMES 21

FRAME 164
PART 0
OFFSET 21.8512 -2.1351 -22.6657
SCALE 1 1 1
X 0.9493 0.0352 -0.3124
Y -0.0350 -0.9757 -0.2161
Z -0.3124 0.2161 -0.9250

PART 1
OFFSET 21.8512 -2.1351 -22.6657
SCALE 1 1 1
X 0.9493 0.0352 -0.3124
Y -0.0350 -0.9757 -0.2161
Z -0.3124 0.2161 -0.9250

PART 2
OFFSET 21.8512 -2.1351 -22.6657
SCALE 1 1 1
X 0.9493 0.0352 -0.3124
Y -0.0350 -0.9757 -0.2161
Z -0.3124 0.2161 -0.9250

PART 3
OFFSET 24.2693 -1.9902 -23.6091
SCALE 1 1 1
X 0.3941 -0.8681 -0.3017
Y -0.8815 -0.4499 0.1431
Z -0.2599 0.2096 -0.9426

PART 4
OFFSET 24.9403 -3.4682 -24.1228
SCALE 1 1 1
X -0.9070 -0.3927 0.1521
Y -0.3447 0.8998 0.2675
Z -0.2419 0.1902 -0.9515

PART 5
OFFSET 23.6832 -4.0124 -23.9119
SCALE 1 1 1
X -0.6164 0.7282 0.2998
Y 0.7512 0.6579 -0.0534
Z -0.2361 0.1923 -0.9525

PART 6
OFFSET 23.0147 -3.2227 -23.5868
SCALE 1 1 1
X 0.0643 -0.9629 -0.2620
Y 0.9782 0.1128 -0.1746
Z 0.1977 -0.2450 0.9492

PART 7
OFFSET 23.8747 -2.9729 -20.8029
SCALE 1 1 1
X 0.9355 -0.2523 -0.2475
Y 0.3044 0.9310 0.2014
Z 0.1796 -0.2637 0.9477

PART 8
OFFSET 24.6955 -1.9449 -21.4742
SCALE 1 1 1
X 0.8412 -0.5205 -0.1463
Y -0.5383 -0.8315 -0.1368
Z -0.0505 0.1939 -0.9797

PART 9
OFFSET 26.1766 -2.8614 -21.7318
SCALE 1 1 1
X 0.0492 -0.9691 -0.2419
Y -0.9985 -0.0539 0.0125
Z -0.0252 0.2409 -0.9702

PART 10
OFFSET 26.2380 -4.0541 -21.9669
SCALE 1 1 1
X -0.9174 -0.3968 -0.0301
Y -0.3957 0.9017 0.1740
Z -0.0419 0.1716 -0.9843

PART 11
OFFSET 25.2017 -4.5023 -22.0009
SCALE 1 1 1
X 0.6441 -0.6366 -0.4241
Y 0.7540 0.6216 0.2121
Z 0.1286 -0.4565 0.8804

PART 12
OFFSET 24.5787 -1.9321 -22.5726
SCALE 1 1 1
X 0.3684 -0.8698 -0.3283
Y -0.9112 -0.4079 0.0581
Z -0.1844 0.2778 -0.9428

PART 13
OFFSET 25.2984 -3.6313 -23.2140
SCALE 1 1 1
X -0.8312 -0.5559 0.0096
Y -0.5129 0.7734 0.3724
Z -0.2144 0.3047 -0.9280

PART 14
OFFSET 24.0843 -4.4432 -23.2000
SCALE 1 1 1
X -0.8238 0.4302 0.3692
Y 0.5230 0.8281 0.2019
Z -0.2189 0.3594 -0.9071

PART 15
OFFSET 23.1494 -3.9540 -22.7884
SCALE 1 1 1
X 0.3116 -0.8818 -0.3541
Y 0.9116 0.3826 -0.1505
Z 0.2682 -0.2759 0.9230

PART 16
OFFSET 19.5300 -0.3183 -21.9760
SCALE 1 1 1
X 0.7351 -0.3164 -0.5996
Y 0.4531 0.8871 0.0875
Z 0.5042 -0.3360 0.7955

PART 17
OFFSET 18.3203 -1.6803 -22.0967
SCALE 1 1 1
X 0.7351 -0.3164 -0.5996
Y 0.4531 0.8871 0.0875
Z 0.5042 -0.3360 0.7955

PART 18
OFFSET 21.0803 -1.5078 -20.2969
SCALE 1 1 1
X 0.7351 -0.3164 -0.5996
Y 0.4531 0.8871 0.0875
Z 0.5042 -0.3360 0.7955

PART 19
OFFSET 20.4883 -2.6716 -20.2347
SCALE 1 1 1
X 0.7351 -0.3164 -0.5996
Y 0.4531 0.8871 0.0875
Z 0.5042 -0.3360 0.7955

PART 20
OFFSET 19.4252 -2.8736 -20.7977
SCALE 1 1 1
X 0.7351 -0.3164 -0.5996
Y 0.4531 0.8871 0.0875
Z 0.5042 -0.3360 0.7955

PART 21
OFFSET 22.5581 -4.6230 -20.3864
SCALE 1 1 1
X 0.9947 0.0000 -0.1027
Y 0.0087 0.9964 0.0839
Z 0.1023 -0.0843 0.9912

PART 22
OFFSET -5.3605 -11.2544 4.7523
SCALE 1 1 1
X -0.4711 -0.1773 0.8640
Y -0.1720 -0.9423 -0.2872
Z 0.8651 -0.2839 0.4135

PART 23
OFFSET 0.3375 -9.1097 -5.6974
SCALE 1 1 1
X -0.4711 -0.1773 0.8640
Y -0.8320 -0.2361 -0.5021
Z 0.2930 -0.9554 -0.0363

PART 24
OFFSET 4.3447 -7.6014 -13.0465
SCALE 1 1 1
X -0.4711 -0.1773 0.8640
Y -0.8628 -0.1108 -0.4932
Z 0.1832 -0.9779 -0.1008

PART 25
OFFSET 5.2862 -6.0785 -13.8850
SCALE 1 1 1
X -0.4670 -0.1733 0.8671
Y -0.2797 0.9592 0.0411
Z -0.8389 -0.2234 -0.4964

PART 26
OFFSET 6.4433 -6.4007 -13.7646
SCALE 1 1 1
X -0.4670 -0.1733 0.8671
Y -0.2797 0.9592 0.0411
Z -0.8389 -0.2234 -0.4964

PART 27
OFFSET 6.7267 -7.6703 -13.9858
SCALE 1 1 1
X -0.4670 -0.1733 0.8671
Y -0.2797 0.9592 0.0411
Z -0.8389 -0.2234 -0.4964

PART 28
OFFSET 5.7891 -7.0578 -15.6954
SCALE 1 1 1
X -0.9993 -0.0355 0.0121
Y -0.0091 -0.0834 -0.9965
Z 0.0364 -0.9959 0.0830

PART 29
OFFSET 6.2325 -6.5524 -14.7733
SCALE 1 1 1
X -0.7156 -0.6664 -0.2093
Y 0.2321 0.0558 -0.9711
Z 0.6588 -0.7435 0.1147

PART 30
OFFSET 7.7169 -5.0786 -14.2312
SCALE 1 1 1
X -0.8143 -0.3054 0.4935
Y -0.2999 -0.5066 -0.8083
Z 0.4969 -0.8063 0.3210

PART 31
OFFSET 8.9580 -4.5255 -15.1121
SCALE 1 1 1
X -0.2573 0.0596 0.9645
Y -0.7743 -0.6099 -0.1689
Z 0.5782 -0.7902 0.2031

PART 32
OFFSET 9.2230 -4.5435 -16.1615
SCALE 1 1 1
X -0.7209 0.4259 0.5467
Y -0.0589 0.7483 -0.6607
Z -0.6905 -0.5085 -0.5144

PART 33
OFFSET 6.6176 -6.9158 -16.7895
SCALE 1 1 1
X -0.8185 0.0563 0.5718
Y 0.0392 -0.9874 0.1534
Z 0.5732 0.1480 0.8060

PART 34
OFFSET 8.5353 -6.8997 -17.9755
SCALE 1 1 1
X -0.8847 -0.2423 0.3982
Y 0.2649 -0.9643 0.0018
Z 0.3835 0.1071 0.9173

PART 35
OFFSET 9.7879 -6.5566 -18.5392
SCALE 1 1 1
X -0.8469 -0.3997 0.3508
Y 0.4155 -0.9090 -0.0325
Z 0.3319 0.1182 0.9359

PART 36
OFFSET 10.5388 -6.2022 -18.8502
SCALE 1 1 1
X -0.6840 -0.6588 0.3132
Y 0.6308 -0.7498 -0.1997
Z 0.3665 0.0609 0.9284

PART 37
OFFSET 11.1886 -5.5763 -19.1478
SCALE 1 1 1
X 0.0742 0.9658 -0.2484
Y 0.9626 -0.1344 -0.2350
Z -0.2604 -0.2217 -0.9397

PART 38
OFFSET 6.8485 -6.9916 -16.1183
SCALE 1 1 1
X -0.9480 -0.0141 0.3180
Y 0.0572 -0.9903 0.1264
Z 0.3132 0.1380 0.9396

PART 39
OFFSET 9.2636 -6.9973 -17.0805
SCALE 1 1 1
X -0.8984 -0.2811 0.3374
Y 0.2735 -0.9593 -0.0709
Z 0.3436 0.0286 0.9387

PART 40
OFFSET 10.7931 -6.5187 -17.6550
SCALE 1 1 1
X -0.3851 -0.9094 0.1569
Y 0.8666 -0.4148 -0.2773
Z 0.3173 0.0292 0.9479

PART 41
OFFSET 11.3268 -5.2583 -17.8724
SCALE 1 1 1
X 0.6177 -0.7655 -0.1799
Y 0.7187 0.6424 -0.2661
Z 0.3193 0.0351 0.9470

PART 42
OFFSET 10.6569 -4.4280 -17.6773
SCALE 1 1 1
X -0.9009 0.2620 0.3460
Y 0.2204 0.9630 -0.1554
Z -0.3739 -0.0637 -0.9253

PART 43
OFFSET 1.6573 -7.6687 -14.7579
SCALE 1 1 1
X -0.9284 -0.2942 0.2272
Y -0.3255 0.9386 -0.1148
Z -0.1795 -0.1805 -0.9671

PART 44
OFFSET 9.7033 -7.2268 -14.9602
SCALE 1 1 1
X -0.7270 -0.6604 0.1881
Y 0.6849 -0.7170 0.1298
Z 0.0492 0.2232 0.9735

PART 45
OFFSET 10.9833 -6.0641 -15.2914
SCALE 1 1 1
X 0.2463 -0.9356 0.2529
Y 0.9691 0.2336 -0.0797
Z 0.0155 0.2647 0.9642

PART 46
OFFSET 10.6847 -4.9106 -15.5403
SCALE 1 1 1
X 0.9866 -0.1623 -0.0189
Y 0.1549 0.9655 -0.2091
Z 0.0522 0.2034 0.9777

PART 47
OFFSET 9.5704 -4.7273 -15.5189
SCALE 1 1 1
X -0.4463 -0.7616 0.4700
Y -0.8928 0.4149 -0.1754
Z -0.0614 -0.4979 -0.8651

PART 48
OFFSET 9.5803 -7.1424 -16.0548
SCALE 1 1 1
X -0.7904 -0.5735 0.2155
Y 0.5916 -0.8058 0.0253
Z 0.1592 0.1475 0.9762

PART 49
OFFSET 11.1243 -6.0220 -16.4758
SCALE 1 1 1
X 0.4162 -0.9073 0.0601
Y 0.8869 0.3905 -0.2466
Z 0.2003 0.1560 0.9672

PART 50
OFFSET 10.5164 -4.6968 -16.5637
SCALE 1 1 1
X 0.9474 0.1713 -0.2705
Y -0.2171 0.9646 -0.1494
Z 0.2353 0.2003 0.9510

PART 51
OFFSET 9.4416 -4.8916 -16.2641
SCALE 1 1 1
X -0.6028 -0.7603 0.2421
Y -0.7562 0.6412 0.1305
Z -0.2544 -0.1044 -0.9614

PART 52
OFFSET 5.2862 -6.0785 -13.8850
SCALE 1 1 1
X -0.4670 -0.1733 0.8671
Y -0.2797 0.9592 0.0411
Z -0.8389 -0.2234 -0.4964

PART 53
OFFSET 6.4433 -6.4007 -13.7646
SCALE 1 1 1
X -0.4670 -0.1733 0.8671
Y -0.2797 0.9592 0.0411
Z -0.8389 -0.2234 -0.4964

PART 54
OFFSET 6.7267 -7.6703 -13.9858
SCALE 1 1 1
X -0.4670 -0.1733 0.8671
Y -0.2797 0.9592 0.0411
Z -0.8389 -0.2234 -0.4964

PART 55
OFFSET 0.0000 0.0000 0.0000
SCALE 1 1 1
X 1.0000 0.0000 0.0000
Y 0.0000 1.0000 0.0000
Z 0.0000 0.0000 1.0000

PART 56
OFFSET 0.0000 0.0000 0.0000
SCALE 1 1 1
X 1.0000 0.0000 0.0000
Y 0.0000 1.0000 0.0000
Z 0.0000 0.0000 1.0000

PART 57
OFFSET 6.8485 -6.9916 -16.1183
SCALE 1 1 1
X -0.9480 -0.0141 0.3180
Y 0.0572 -0.9903 0.1264
Z 0.3132 0.1380 0.9396

PART 58
OFFSET 6.8485 -6.9916 -16.1183
SCALE 1 1 1
X -0.9480 -0.0141 0.3180
Y 0.0572 -0.9903 0.1264
Z 0.3132 0.1380 0.9396

PART 59
OFFSET 2.6606 0.0000 -1.3770
SCALE 1 1 1
X 1.0000 0.0000 0.0000
Y 0.0000 1.0000 0.0000
Z 0.0000 0.0000 1.0000

PART 60
OFFSET 3.3517 5.4626 -8.1622
SCALE 1 1 1
X 0.7368 -0.3209 -0.5951
Y -0.1464 -0.9350 0.3229
Z -0.6600 -0.1508 -0.7359

PART 61
OFFSET 12.2629 1.5822 -15.3591
SCALE 1 1 1
X 0.7368 -0.3209 -0.5951
Y 0.4932 -0.3468 0.7977
Z -0.4624 -0.8813 -0.0973

PART 62
OFFSET 18.5300 -1.1468 -20.4205
SCALE 1 1 1
X 0.7368 -0.3209 -0.5951
Y 0.5620 -0.1985 0.8029
Z -0.3758 -0.9261 0.0340

PART 63
OFFSET 19.5300 -0.3183 -21.9760
SCALE 1 1 1
X 0.7351 -0.3164 -0.5996
Y 0.4531 0.8871 0.0875
Z 0.5042 -0.3360 0.7955

PART 64
OFFSET 18.3203 -1.6803 -22.0967
SCALE 1 1 1
X 0.7351 -0.3164 -0.5996
Y 0.4531 0.8871 0.0875
Z 0.5042 -0.3360 0.7955

PART 65
OFFSET 21.0803 -1.5078 -20.2969
SCALE 1 1 1
X 0.7351 -0.3164 -0.5996
Y 0.4531 0.8871 0.0875
Z 0.5042 -0.3360 0.7955

PART 66
OFFSET 20.4883 -2.6716 -20.2347
SCALE 1 1 1
X 0.7351 -0.3164 -0.5996
Y 0.4531 0.8871 0.0875
Z 0.5042 -0.3360 0.7955

PART 67
OFFSET 19.4252 -2.8736 -20.7977
SCALE 1 1 1
X 0.7351 -0.3164 -0.5996
Y 0.4531 0.8871 0.0875
Z 0.5042 -0.3360 0.7955

PART 68
OFFSET 20.7889 -2.1304 -22.2449
SCALE 1 1 1
X 0.9999 -0.0128 -0.0094
Y 0.0070 -0.1734 0.9848
Z -0.0142 -0.9848 -0.1733

PART 69
OFFSET 21.2396 -2.7078 -21.3698
SCALE 1 1 1
X 0.6279 -0.6551 0.4202
Y -0.5416 0.0199 0.8404
Z -0.5589 -0.7553 -0.3423

PART 70
OFFSET 22.5095 -4.1615 -20.3983
SCALE 1 1 1
X 0.9064 -0.1373 -0.3996
Y 0.2562 -0.5734 0.7782
Z -0.3360 -0.8077 -0.4846

PART 71
OFFSET 23.9198 -4.4394 -21.1440
SCALE 1 1 1
X 0.6272 0.0283 -0.7783
Y 0.6470 -0.5752 0.5005
Z -0.4336 -0.8175 -0.3791

PART 72
OFFSET 24.5892 -4.4560 -21.9945
SCALE 1 1 1
X 0.8748 0.4275 -0.2279
Y -0.2265 0.7768 0.5876
Z 0.4282 -0.4624 0.7764

PART 73
OFFSET 21.6246 -2.1546 -23.3423
SCALE 1 1 1
X 0.8194 0.1562 -0.5515
Y 0.0090 -0.9655 -0.2601
Z -0.5731 0.2082 -0.7926

PART 74
OFFSET 23.5503 -1.9524 -24.4979
SCALE 1 1 1
X 0.6598 -0.6983 -0.2777
Y -0.6905 -0.7091 0.1428
Z -0.2966 0.0975 -0.9500

PART 75
OFFSET 24.4844 -2.9411 -24.8910
SCALE 1 1 1
X -0.3781 -0.9256 0.0201
Y -0.8925 0.3702 0.2578
Z -0.2460 0.0795 -0.9660

PART 76
OFFSET 24.1492 -3.7617 -24.8732
SCALE 1 1 1
X -0.9515 -0.0994 0.2913
Y -0.0614 0.9887 0.1369
Z -0.3016 0.1124 -0.9468

PART 77
OFFSET 23.2453 -3.8562 -24.5964
SCALE 1 1 1
X 0.8099 -0.5608 -0.1718
Y 0.5278 0.8246 -0.2037
Z 0.2559 0.0743 0.9638

PART 78
OFFSET 0.0000 0.0000 0.0000
SCALE 1 1 1
X 1.0000 0.0000 0.0000
Y 0.0000 1.0000 0.0000
Z 0.0000 0.0000 1.0000

PART 79
OFFSET 22.5581 -4.6230 -20.3864
SCALE 1 1 1
X 0.9947 -0.0000 -0.1027
Y 0.0087 0.9964 0.0839
Z 0.1023 -0.0843 0.9912

PART 80
OFFSET 40.1460 -4.6014 -22.4905
SCALE 1 1 1
X 0.9947 0.0000 -0.1027
Y 0.0077 0.9972 0.0747
Z 0.1024 -0.0751 0.9919

PART 81
OFFSET 12.6498 -6.6606 -19.4774
SCALE 1 1 1
X -0.6299 -0.7626 -0.1474
Y -0.0058 0.1945 -0.9809
Z 0.7767 -0.6170 -0.1269

PART 82
OFFSET 11.9498 -7.5081 -19.6412
SCALE 1 1 1
X -0.6186 -0.7851 0.0306
Y -0.1186 0.0547 -0.9914
Z 0.7767 -0.6170 -0.1269

PART 83
OFFSET 11.1349 -8.5423 -19.6008
SCALE 1 1 1
X -0.4388 -0.8938 0.0931
Y 0.1714 0.0184 0.9850
Z -0.8821 0.4481 0.1451

PART 84
OFFSET 10.6176 -9.5961 -19.4911
SCALE 1 1 1
X -0.4252 -0.8917 0.1549
Y 0.1773 0.0858 0.9804
Z -0.8876 0.4444 0.1216

PART 85
OFFSET 10.0610 -10.7633 -19.2883
SCALE 1 1 1
X -0.6020 -0.7830 0.1562
Y 0.2727 -0.0177 0.9619
Z -0.7504 0.6217 0.2242

PART 86
OFFSET 9.3641 -11.6697 -19.1075
SCALE 1 1 1
X -0.6131 -0.7106 0.3451
Y 0.3556 0.1418 0.9238
Z -0.7054 0.6892 0.1657

PART 87
OFFSET 8.8285 -12.2904 -18.8060
SCALE 1 1 1
X -0.6718 -0.6768 0.3009
Y 0.3050 0.1175 0.9451
Z -0.6750 0.7267 0.1275

PART 88
OFFSET 8.1298 -12.9942 -18.4931
SCALE 1 1 1
X -0.5993 -0.6539 0.4619
Y 0.3601 0.2951 0.8850
Z -0.7150 0.6967 0.0586

PART 89
OFFSET 7.4386 -13.7485 -17.9603
SCALE 1 1 1
X -0.6450 -0.6980 0.3111
Y 0.2323 0.2087 0.9500
Z -0.7280 0.6850 0.0275

PART 90
OFFSET 6.8983 -14.3331 -17.6997
SCALE 1 1 1
X -0.6313 -0.7672 0.1133
Y -0.7513 0.6412 0.1560
Z -0.1923 0.0134 -0.9812

PART 91
OFFSET 5.4871 -16.0483 -17.4466
SCALE 1 1 1
X 0.7771 -0.6253 -0.0722
Y 0.5824 0.7578 -0.2941
Z 0.2386 0.1864 0.9531


FRAME 165
PART 0
OFFSET 21.9452 -2.1696 -22.5283
SCALE 1 1 1
X 0.9499 0.0357 -0.3104
Y -0.0343 -0.9755 -0.2171
Z -0.3106 0.2169 -0.9255

PART 1
OFFSET 21.9452 -2.1696 -22.5283
SCALE 1 1 1
X 0.9499 0.0357 -0.3104
Y -0.0343 -0.9755 -0.2171
Z -0.3106 0.2169 -0.9255

PART 2
OFFSET 21.9452 -2.1696 -22.5283
SCALE 1 1 1
X 0.9499 0.0357 -0.3104
Y -0.0343 -0.9755 -0.2171
Z -0.3106 0.2169 -0.9255

PART 3
OFFSET 24.3652 -2.0233 -23.4666
SCALE 1 1 1
X 0.3949 -0.8678 -0.3017
Y -0.8817 -0.4502 0.1408
Z -0.2580 0.2105 -0.9429

PART 4
OFFSET 25.0375 -3.5007 -23.9803
SCALE 1 1 1
X -0.9073 -0.3930 0.1499
Y -0.3454 0.8995 0.2677
Z -0.2400 0.1911 -0.9518

PART 5
OFFSET 23.7801 -4.0454 -23.7726
SCALE 1 1 1
X -0.6171 0.7277 0.2992
Y 0.7512 0.6581 -0.0512
Z -0.2342 0.1932 -0.9528

PART 6
OFFSET 23.1108 -3.2561 -23.4481
SCALE 1 1 1
X 0.0650 -0.9627 -0.2628
Y 0.9785 0.1131 -0.1725
Z 0.1958 -0.2459 0.9493

PART 7
OFFSET 23.9651 -3.0088 -20.6621
SCALE 1 1 1
X 0.9360 -0.2519 -0.2458
Y 0.3038 0.9309 0.2029
Z 0.1777 -0.2646 0.9478

PART 8
OFFSET 24.7870 -1.9801 -21.3307
SCALE 1 1 1
X 0.8416 -0.5202 -0.1451
Y -0.5379 -0.8315 -0.1388
Z -0.0485 0.1948 -0.9796

PART 9
OFFSET 26.2688 -2.8960 -21.5862
SCALE 1 1 1
X 0.0499 -0.9688 -0.2427
Y -0.9985 -0.0541 0.0104
Z -0.0232 0.2418 -0.9700

PART 10
OFFSET 26.3309 -4.0885 -21.8224
SCALE 1 1 1
X -0.9173 -0.3969 -0.0324
Y -0.3963 0.9015 0.1741
Z -0.0399 0.1725 -0.9842

PART 11
OFFSET 25.2948 -4.5368 -21.8590
SCALE 1 1 1
X 0.6451 -0.6360 -0.4234
Y 0.7535 0.6216 0.2143
Z 0.1269 -0.4573 0.8802

PART 12
OFFSET 24.6725 -1.9662 -22.4294
SCALE 1 1 1
X 0.3692 -0.8694 -0.3284
Y -0.9112 -0.4081 0.0558
Z -0.1826 0.2786 -0.9429

PART 13
OFFSET 25.3938 -3.6646 -23.0710
SCALE 1 1 1
X -0.8311 -0.5560 0.0073
Y -0.5138 0.7730 0.3721
Z -0.2126 0.3055 -0.9281

PART 14
OFFSET 24.1798 -4.4768 -23.0603
SCALE 1 1 1
X -0.8246 0.4297 0.3679
Y 0.5224 0.8280 0.2038
Z -0.2171 0.3603 -0.9072

PART 15
OFFSET 23.2440 -3.9881 -22.6501
SCALE 1 1 1
X 0.3125 -0.8814 -0.3543
Y 0.9118 0.3829 -0.1483
Z 0.2664 -0.2767 0.9233

PART 16
OFFSET 19.6196 -0.3559 -21.8542
SCALE 1 1 1
X 0.7391 -0.3178 -0.5939
Y 0.4529 0.8871 0.0888
Z 0.4986 -0.3346 0.7996

PART 17
OFFSET 18.4126 -1.7142 -21.9793
SCALE 1 1 1
X 0.7391 -0.3178 -0.5939
Y 0.4529 0.8871 0.0888
Z 0.4986 -0.3346 0.7996

PART 18
OFFSET 21.1591 -1.5416 -20.1613
SCALE 1 1 1
X 0.7391 -0.3178 -0.5939
Y 0.4529 0.8871 0.0888
Z 0.4986 -0.3346 0.7996

PART 19
OFFSET 20.5672 -2.7055 -20.0993
SCALE 1 1 1
X 0.7391 -0.3178 -0.5939
Y 0.4529 0.8871 0.0888
Z 0.4986 -0.3346 0.7996

PART 20
OFFSET 19.5081 -2.9053 -20.6703
SCALE 1 1 1
X 0.7391 -0.3178 -0.5939
Y 0.4529 0.8871 0.0888
Z 0.4986 -0.3346 0.7996

PART 21
OFFSET 22.5582 -4.6238 -20.1585
SCALE 1 1 1
X 0.9949 0.0003 -0.1007
Y 0.0083 0.9964 0.0849
Z 0.1003 -0.0853 0.9913

PART 22
OFFSET -5.3605 -11.2544 4.7523
SCALE 1 1 1
X -0.4739 -0.1783 0.8624
Y -0.1709 -0.9420 -0.2887
Z 0.8638 -0.2842 0.4160

PART 23
OFFSET 0.3707 -9.0985 -5.6769
SCALE 1 1 1
X -0.4739 -0.1783 0.8624
Y -0.8303 -0.2357 -0.5050
Z 0.2933 -0.9553 -0.0363

PART 24
OFFSET 4.4013 -7.5823 -13.0116
SCALE 1 1 1
X -0.4739 -0.1783 0.8624
Y -0.8612 -0.1105 -0.4961
Z 0.1837 -0.9778 -0.1011

PART 25
OFFSET 5.3454 -6.0584 -13.8455
SCALE 1 1 1
X -0.4697 -0.1742 0.8654
Y -0.2800 0.9591 0.0411
Z -0.8372 -0.2230 -0.4993

PART 26
OFFSET 6.5021 -6.3805 -13.7217
SCALE 1 1 1
X -0.4697 -0.1742 0.8654
Y -0.2800 0.9591 0.0411
Z -0.8372 -0.2230 -0.4993

PART 27
OFFSET 6.7863 -7.6500 -13.9433
SCALE 1 1 1
X -0.4697 -0.1742 0.8654
Y -0.2800 0.9591 0.0411
Z -0.8372 -0.2230 -0.4993

PART 28
OFFSET 5.8541 -7.0358 -15.6553
SCALE 1 1 1
X -0.9993 -0.0357 0.0100
Y -0.0071 -0.0824 -0.9966
Z 0.0364 -0.9960 0.0821

PART 29
OFFSET 6.2955 -6.5313 -14.7318
SCALE 1 1 1
X -0.7151 -0.6663 -0.2114
Y 0.2340 0.0568 -0.9706
Z 0.6587 -0.7435 0.1153

PART 30
OFFSET 7.7786 -5.0577 -14.1852
SCALE 1 1 1
X -0.8153 -0.3060 0.4916
Y -0.2981 -0.5059 -0.8094
Z 0.4964 -0.8065 0.3212

PART 31
OFFSET 9.0213 -4.5035 -15.0630
SCALE 1 1 1
X -0.2593 0.0587 0.9640
Y -0.7738 -0.6099 -0.1710
Z 0.5779 -0.7903 0.2035

PART 32
OFFSET 9.2885 -4.5204 -16.1119
SCALE 1 1 1
X -0.7221 0.4253 0.5456
Y -0.0577 0.7490 -0.6601
Z -0.6894 -0.5081 -0.5163

PART 33
OFFSET 6.6848 -6.8926 -16.7475
SCALE 1 1 1
X -0.8197 0.0556 0.5701
Y 0.0391 -0.9875 0.1525
Z 0.5715 0.1473 0.8073

PART 34
OFFSET 8.6049 -6.8750 -17.9296
SCALE 1 1 1
X -0.8855 -0.2429 0.3961
Y 0.2651 -0.9642 0.0014
Z 0.3816 0.1062 0.9182

PART 35
OFFSET 9.8586 -6.5311 -18.4904
SCALE 1 1 1
X -0.8475 -0.4002 0.3487
Y 0.4158 -0.9089 -0.0325
Z 0.3299 0.1174 0.9367

PART 36
OFFSET 10.6100 -6.1763 -18.7996
SCALE 1 1 1
X -0.6845 -0.6592 0.3112
Y 0.6313 -0.7495 -0.1992
Z 0.3646 0.0601 0.9292

PART 37
OFFSET 11.2604 -5.5499 -19.0952
SCALE 1 1 1
X 0.0745 0.9661 -0.2473
Y 0.9631 -0.1340 -0.2332
Z -0.2584 -0.2209 -0.9404

PART 38
OFFSET 6.9144 -6.9690 -16.0759
SCALE 1 1 1
X -0.9486 -0.0146 0.3161
Y 0.0571 -0.9904 0.1256
Z 0.3112 0.1372 0.9404

PART 39
OFFSET 9.3314 -6.9733 -17.0332
SCALE 1 1 1
X -0.8990 -0.2816 0.3353
Y 0.2738 -0.9591 -0.0712
Z 0.3417 0.0278 0.9394

PART 40
OFFSET 10.8621 -6.4939 -17.6041
SCALE 1 1 1
X -0.3852 -0.9097 0.1552
Y 0.8673 -0.4144 -0.2759
Z 0.3153 0.0284 0.9486

PART 41
OFFSET 11.3959 -5.2331 -17.8192
SCALE 1 1 1
X 0.6182 -0.7653 -0.1794
Y 0.7191 0.6428 -0.2640
Z 0.3174 0.0342 0.9477

PART 42
OFFSET 10.7254 -4.4032 -17.6247
SCALE 1 1 1
X -0.9017 0.2615 0.3444
Y 0.2205 0.9632 -0.1540
Z -0.3720 -0.0629 -0.9261

PART 43
OFFSET 1.7205 -7.6484 -14.7268
SCALE 1 1 1
X -0.9288 -0.2946 0.2250
Y -0.3254 0.9386 -0.1145
Z -0.1775 -0.1796 -0.9676

PART 44
OFFSET 9.7668 -7.2047 -14.9122
SCALE 1 1 1
X -0.7273 -0.6607 0.1860
Y 0.6847 -0.7170 0.1305
Z 0.0471 0.2223 0.9738

PART 45
OFFSET 11.0473 -6.0415 -15.2397
SCALE 1 1 1
X 0.2460 -0.9358 0.2524
Y 0.9692 0.2339 -0.0774
Z 0.0134 0.2637 0.9645

PART 46
OFFSET 10.7490 -4.8878 -15.4880
SCALE 1 1 1
X 0.9866 -0.1621 -0.0171
Y 0.1551 0.9658 -0.2079
Z 0.0502 0.2025 0.9780

PART 47
OFFSET 9.6346 -4.7047 -15.4687
SCALE 1 1 1
X -0.4471 -0.7621 0.4683
Y -0.8925 0.4149 -0.1768
Z -0.0595 -0.4970 -0.8657

PART 48
OFFSET 9.6461 -7.1193 -16.0070
SCALE 1 1 1
X -0.7907 -0.5739 0.2133
Y 0.5917 -0.8057 0.0257
Z 0.1571 0.1465 0.9766

PART 49
OFFSET 11.1907 -5.9982 -16.4237
SCALE 1 1 1
X 0.4162 -0.9073 0.0601
Y 0.8874 0.3909 -0.2444
Z 0.1983 0.1551 0.9678

PART 50
OFFSET 10.5827 -4.6731 -16.5116
SCALE 1 1 1
X 0.9479 0.1717 -0.2684
Y -0.2170 0.9648 -0.1489
Z 0.2334 0.1994 0.9517

PART 51
OFFSET 9.5074 -4.8683 -16.2144
SCALE 1 1 1
X -0.6032 -0.7606 0.2401
Y -0.7566 0.6409 0.1296
Z -0.2524 -0.1035 -0.9621

PART 52
OFFSET 5.3454 -6.0584 -13.8455
SCALE 1 1 1
X -0.4697 -0.1742 0.8654
Y -0.2800 0.9591 0.0411
Z -0.8372 -0.2230 -0.4993

PART 53
OFFSET 6.5021 -6.3805 -13.7217
SCALE 1 1 1
X -0.4697 -0.1742 0.8654
Y -0.2800 0.9591 0.0411
Z -0.8372 -0.2230 -0.4993

PART 54
OFFSET 6.7863 -7.6500 -13.9433
SCALE 1 1 1
X -0.4697 -0.1742 0.8654
Y -0.2800 0.9591 0.0411
Z -0.8372 -0.2230 -0.4993

PART 55
OFFSET 0.0000 0.0000 0.0000
SCALE 1 1 1
X 1.0000 0.0000 0.0000
Y 0.0000 1.0000 0.0000
Z 0.0000 0.0000 1.0000

PART 56
OFFSET 0.0000 0.0000 0.0000
SCALE 1 1 1
X 1.0000 0.0000 0.0000
Y 0.0000 1.0000 0.0000
Z 0.0000 0.0000 1.0000

PART 57
OFFSET 6.9144 -6.9690 -16.0759
SCALE 1 1 1
X -0.9486 -0.0146 0.3161
Y 0.0571 -0.9904 0.1256
Z 0.3112 0.1372 0.9404

PART 58
OFFSET 6.9144 -6.9690 -16.0759
SCALE 1 1 1
X -0.9486 -0.0146 0.3161
Y 0.0571 -0.9904 0.1256
Z 0.3112 0.1372 0.9404

PART 59
OFFSET 2.6606 0.0000 -1.3770
SCALE 1 1 1
X 1.0000 0.0000 0.0000
Y 0.0000 1.0000 0.0000
Z 0.0000 0.0000 1.0000

PART 60
OFFSET 3.3517 5.4626 -8.1622
SCALE 1 1 1
X 0.7408 -0.3223 -0.5894
Y -0.1489 -0.9343 0.3238
Z -0.6550 -0.1521 -0.7401

PART 61
OFFSET 12.3105 1.5643 -15.2899
SCALE 1 1 1
X 0.7408 -0.3223 -0.5894
Y 0.4876 -0.3454 0.8018
Z -0.4620 -0.8814 -0.0987

PART 62
OFFSET 18.6111 -1.1774 -20.3028
SCALE 1 1 1
X 0.7408 -0.3223 -0.5894
Y 0.5553 -0.1999 0.8073
Z -0.3780 -0.9253 0.0309

PART 63
OFFSET 19.6196 -0.3559 -21.8542
SCALE 1 1 1
X 0.7391 -0.3178 -0.5939
Y 0.4529 0.8871 0.0888
Z 0.4986 -0.3346 0.7996

PART 64
OFFSET 18.4126 -1.7142 -21.9793
SCALE 1 1 1
X 0.7391 -0.3178 -0.5939
Y 0.4529 0.8871 0.0888
Z 0.4986 -0.3346 0.7996

PART 65
OFFSET 21.1591 -1.5416 -20.1613
SCALE 1 1 1
X 0.7391 -0.3178 -0.5939
Y 0.4529 0.8871 0.0888
Z 0.4986 -0.3346 0.7996

PART 66
OFFSET 20.5672 -2.7055 -20.0993
SCALE 1 1 1
X 0.7391 -0.3178 -0.5939
Y 0.4529 0.8871 0.0888
Z 0.4986 -0.3346 0.7996

PART 67
OFFSET 19.5081 -2.9053 -20.6703
SCALE 1 1 1
X 0.7391 -0.3178 -0.5939
Y 0.4529 0.8871 0.0888
Z 0.4986 -0.3346 0.7996

PART 68
OFFSET 20.8820 -2.1655 -22.1096
SCALE 1 1 1
X 0.9999 -0.0126 -0.0073
Y 0.0050 -0.1743 0.9847
Z -0.0137 -0.9846 -0.1743

PART 69
OFFSET 21.3311 -2.7437 -21.2342
SCALE 1 1 1
X 0.6272 -0.6554 0.4208
Y -0.5433 0.0190 0.8393
Z -0.5581 -0.7551 -0.3441

PART 70
OFFSET 22.5992 -4.1981 -20.2615
SCALE 1 1 1
X 0.9072 -0.1367 -0.3978
Y 0.2547 -0.5742 0.7781
Z -0.3348 -0.8072 -0.4860

PART 71
OFFSET 24.0111 -4.4750 -21.0046
SCALE 1 1 1
X 0.6288 0.0291 -0.7770
Y 0.6461 -0.5756 0.5013
Z -0.4326 -0.8172 -0.3807

PART 72
OFFSET 24.6823 -4.4907 -21.8538
SCALE 1 1 1
X 0.8752 0.4279 -0.2257
Y -0.2278 0.7762 0.5879
Z 0.4267 -0.4631 0.7768

PART 73
OFFSET 21.7200 -2.1885 -23.2054
SCALE 1 1 1
X 0.8205 0.1569 -0.5497
Y 0.0097 -0.9653 -0.2611
Z -0.5715 0.2089 -0.7935

PART 74
OFFSET 23.6480 -1.9848 -24.3568
SCALE 1 1 1
X 0.6604 -0.6979 -0.2770
Y -0.6906 -0.7094 0.1407
Z -0.2947 0.0984 -0.9505

PART 75
OFFSET 24.5831 -2.9729 -24.7489
SCALE 1 1 1
X -0.3779 -0.9256 0.0184
Y -0.8931 0.3697 0.2563
Z -0.2441 0.0804 -0.9664

PART 76
OFFSET 24.2480 -3.7936 -24.7326
SCALE 1 1 1
X -0.9520 -0.0999 0.2892
Y -0.0619 0.9885 0.1378
Z -0.2997 0.1132 -0.9473

PART 77
OFFSET 23.3435 -3.8885 -24.4578
SCALE 1 1 1
X 0.8104 -0.5605 -0.1707
Y 0.5281 0.8249 -0.2018
Z 0.2539 0.0734 0.9644

PART 78
OFFSET 0.0000 0.0000 0.0000
SCALE 1 1 1
X 1.0000 0.0000 0.0000
Y 0.0000 1.0000 0.0000
Z 0.0000 0.0000 1.0000

PART 79
OFFSET 22.5582 -4.6238 -20.1585
SCALE 1 1 1
X 0.9949 0.0003 -0.1007
Y 0.0083 0.9964 0.0849
Z 0.1003 -0.0853 0.9913

PART 80
OFFSET 40.1503 -4.5968 -22.2266
SCALE 1 1 1
X 0.9949 0.0003 -0.1007
Y 0.0074 0.9971 0.0757
Z 0.1004 -0.0761 0.9920

PART 81
OFFSET 12.6484 -6.6641 -19.2717
SCALE 1 1 1
X -0.6294 -0.7626 -0.1495
Y -0.0039 0.1954 -0.9807
Z 0.7771 -0.6167 -0.1259

PART 82
OFFSET 11.9490 -7.5116 -19.4378
SCALE 1 1 1
X -0.6185 -0.7852 0.0286
Y -0.1165 0.0557 -0.9916
Z 0.7771 -0.6167 -0.1259

PART 83
OFFSET 11.1341 -8.5460 -19.4001
SCALE 1 1 1
X -0.4388 -0.8939 0.0913
Y 0.1694 0.0175 0.9854
Z -0.8825 0.4478 0.1438

PART 84
OFFSET 10.6168 -9.5999 -19.2925
SCALE 1 1 1
X -0.4254 -0.8920 0.1532
Y 0.1753 0.0848 0.9809
Z -0.8879 0.4441 0.1203

PART 85
OFFSET 10.0600 -10.7675 -19.0920
SCALE 1 1 1
X -0.6022 -0.7833 0.1542
Y 0.2708 -0.0186 0.9625
Z -0.7510 0.6214 0.2233

PART 86
OFFSET 9.3629 -11.6741 -18.9134
SCALE 1 1 1
X -0.6137 -0.7110 0.3432
Y 0.3537 0.1410 0.9247
Z -0.7059 0.6889 0.1649

PART 87
OFFSET 8.8268 -12.2953 -18.6137
SCALE 1 1 1
X -0.6723 -0.6772 0.2989
Y 0.3030 0.1166 0.9458
Z -0.6754 0.7265 0.1268

PART 88
OFFSET 8.1277 -12.9995 -18.3029
SCALE 1 1 1
X -0.6001 -0.6545 0.4600
Y 0.3582 0.2943 0.8860
Z -0.7153 0.6965 0.0578

PART 89
OFFSET 7.4355 -13.7544 -17.7723
SCALE 1 1 1
X -0.6455 -0.6984 0.3091
Y 0.2304 0.2078 0.9507
Z -0.7282 0.6849 0.0267

PART 90
OFFSET 6.8948 -14.3394 -17.5134
SCALE 1 1 1
X -0.6314 -0.7675 0.1112
Y -0.7518 0.6409 0.1551
Z -0.1903 0.0143 -0.9816

PART 91
OFFSET 5.4834 -16.0551 -17.2648
SCALE 1 1 1
X 0.7773 -0.6250 -0.0712
Y 0.5829 0.7582 -0.2921
Z 0.2366 0.1856 0.9537


FRAME 166
PART 0
OFFSET 22.2084 -2.2660 -22.1324
SCALE 1 1 1
X 0.9517 0.0370 -0.3049
Y -0.0326 -0.9750 -0.2200
Z -0.3054 0.2193 -0.9266

PART 1
OFFSET 22.2084 -2.2660 -22.1324
SCALE 1 1 1
X 0.9517 0.0370 -0.3049
Y -0.0326 -0.9750 -0.2200
Z -0.3054 0.2193 -0.9266

PART 2
OFFSET 22.2084 -2.2660 -22.1324
SCALE 1 1 1
X 0.9517 0.0370 -0.3049
Y -0.0326 -0.9750 -0.2200
Z -0.3054 0.2193 -0.9266

PART 3
OFFSET 24.6337 -2.1158 -23.0565
SCALE 1 1 1
X 0.3971 -0.8667 -0.3019
Y -0.8823 -0.4511 0.1345
Z -0.2527 0.2129 -0.9438

PART 4
OFFSET 25.3098 -3.5914 -23.5704
SCALE 1 1 1
X -0.9079 -0.3939 0.1436
Y -0.3474 0.8985 0.2682
Z -0.2347 0.1936 -0.9526

PART 5
OFFSET 24.0515 -4.1373 -23.3714
SCALE 1 1 1
X -0.6192 0.7266 0.2977
Y 0.7511 0.6586 -0.0451
Z -0.2288 0.1957 -0.9536

PART 6
OFFSET 23.3799 -3.3493 -23.0485
SCALE 1 1 1
X 0.0670 -0.9619 -0.2651
Y 0.9794 0.1141 -0.1665
Z 0.1905 -0.2484 0.9497

PART 7
OFFSET 24.2181 -3.1092 -20.2571
SCALE 1 1 1
X 0.9376 -0.2507 -0.2411
Y 0.3021 0.9305 0.2072
Z 0.1724 -0.2671 0.9481

PART 8
OFFSET 25.0433 -2.0782 -20.9181
SCALE 1 1 1
X 0.8427 -0.5194 -0.1417
Y -0.5366 -0.8314 -0.1441
Z -0.0430 0.1975 -0.9794

PART 9
OFFSET 26.5270 -2.9927 -21.1676
SCALE 1 1 1
X 0.0518 -0.9681 -0.2451
Y -0.9985 -0.0546 0.0046
Z -0.0178 0.2445 -0.9695

PART 10
OFFSET 26.5911 -4.1844 -21.4067
SCALE 1 1 1
X -0.9169 -0.3973 -0.0387
Y -0.3977 0.9008 0.1743
Z -0.0344 0.1752 -0.9839

PART 11
OFFSET 25.5555 -4.6332 -21.4505
SCALE 1 1 1
X 0.6479 -0.6345 -0.4215
Y 0.7519 0.6214 0.2203
Z 0.1221 -0.4596 0.8797

PART 12
OFFSET 24.9350 -2.0614 -22.0174
SCALE 1 1 1
X 0.3716 -0.8683 -0.3287
Y -0.9113 -0.4087 0.0495
Z -0.1773 0.2811 -0.9431

PART 13
OFFSET 25.6609 -3.7576 -22.6595
SCALE 1 1 1
X -0.8309 -0.5565 0.0010
Y -0.5164 0.7717 0.3713
Z -0.2074 0.3080 -0.9285

PART 14
OFFSET 24.4474 -4.5705 -22.6580
SCALE 1 1 1
X -0.8269 0.4282 0.3644
Y 0.5208 0.8277 0.2091
Z -0.2121 0.3627 -0.9075

PART 15
OFFSET 23.5089 -4.0834 -22.2518
SCALE 1 1 1
X 0.3150 -0.8802 -0.3549
Y 0.9124 0.3838 -0.1420
Z 0.2612 -0.2791 0.9240

PART 16
OFFSET 19.8712 -0.4609 -21.5027
SCALE 1 1 1
X 0.7502 -0.3220 -0.5775
Y 0.4521 0.8871 0.0927
Z 0.4825 -0.3306 0.8111

PART 17
OFFSET 18.6720 -1.8089 -21.6405
SCALE 1 1 1
X 0.7502 -0.3220 -0.5775
Y 0.4521 0.8871 0.0927
Z 0.4825 -0.3306 0.8111

PART 18
OFFSET 21.3790 -1.6357 -19.7707
SCALE 1 1 1
X 0.7502 -0.3220 -0.5775
Y 0.4521 0.8871 0.0927
Z 0.4825 -0.3306 0.8111

PART 19
OFFSET 20.7872 -2.8000 -19.7096
SCALE 1 1 1
X 0.7502 -0.3220 -0.5775
Y 0.4521 0.8871 0.0927
Z 0.4825 -0.3306 0.8111

PART 20
OFFSET 19.7402 -2.9937 -20.3036
SCALE 1 1 1
X 0.7502 -0.3220 -0.5775
Y 0.4521 0.8871 0.0927
Z 0.4825 -0.3306 0.8111

PART 21
OFFSET 22.5586 -4.6259 -19.5203
SCALE 1 1 1
X 0.9955 0.0011 -0.0950
Y 0.0073 0.9961 0.0876
Z 0.0947 -0.0879 0.9916

PART 22
OFFSET -5.3605 -11.2544 4.7523
SCALE 1 1 1
X -0.4817 -0.1809 0.8574
Y -0.1680 -0.9412 -0.2930
Z 0.8601 -0.2852 0.4230

PART 23
OFFSET 0.4655 -9.0664 -5.6175
SCALE 1 1 1
X -0.4817 -0.1809 0.8574
Y -0.8256 -0.2344 -0.5133
Z 0.2939 -0.9552 -0.0364

PART 24
OFFSET 4.5628 -7.5277 -12.9105
SCALE 1 1 1
X -0.4817 -0.1809 0.8574
Y -0.8565 -0.1098 -0.5044
Z 0.1854 -0.9774 -0.1021

PART 25
OFFSET 5.5141 -6.0012 -13.7311
SCALE 1 1 1
X -0.4776 -0.1769 0.8606
Y -0.2806 0.9589 0.0414
Z -0.8326 -0.2217 -0.5076

PART 26
OFFSET 6.6698 -6.3233 -13.5977
SCALE 1 1 1
X -0.4776 -0.1769 0.8606
Y -0.2806 0.9589 0.0414
Z -0.8326 -0.2217 -0.5076

PART 27
OFFSET 6.9563 -7.5920 -13.8205
SCALE 1 1 1
X -0.4776 -0.1769 0.8606
Y -0.2806 0.9589 0.0414
Z -0.8326 -0.2217 -0.5076

PART 28
OFFSET 6.0397 -6.9731 -15.5391
SCALE 1 1 1
X -0.9993 -0.0362 0.0042
Y -0.0013 -0.0797 -0.9968
Z 0.0364 -0.9962 0.0796

PART 29
OFFSET 6.4755 -6.4709 -14.6117
SCALE 1 1 1
X -0.7135 -0.6661 -0.2173
Y 0.2396 0.0596 -0.9691
Z 0.6584 -0.7435 0.1171

PART 30
OFFSET 7.9546 -4.9980 -14.0526
SCALE 1 1 1
X -0.8179 -0.3078 0.4861
Y -0.2932 -0.5038 -0.8125
Z 0.4950 -0.8071 0.3218

PART 31
OFFSET 9.2021 -4.4408 -14.9218
SCALE 1 1 1
X -0.2649 0.0559 0.9627
Y -0.7725 -0.6098 -0.1771
Z 0.5772 -0.7906 0.2047

PART 32
OFFSET 9.4752 -4.4546 -15.9691
SCALE 1 1 1
X -0.7255 0.4234 0.5426
Y -0.0543 0.7507 -0.6584
Z -0.6861 -0.5071 -0.5216

PART 33
OFFSET 6.8765 -6.8265 -16.6261
SCALE 1 1 1
X -0.8229 0.0536 0.5656
Y 0.0387 -0.9879 0.1500
Z 0.5668 0.1454 0.8109

PART 34
OFFSET 8.8034 -6.8046 -17.7972
SCALE 1 1 1
X -0.8876 -0.2444 0.3904
Y 0.2656 -0.9641 0.0002
Z 0.3763 0.1039 0.9207

PART 35
OFFSET 10.0601 -6.4585 -18.3498
SCALE 1 1 1
X -0.8493 -0.4016 0.3427
Y 0.4164 -0.9086 -0.0327
Z 0.3245 0.1150 0.9389

PART 36
OFFSET 10.8130 -6.1024 -18.6537
SCALE 1 1 1
X -0.6859 -0.6605 0.3054
Y 0.6328 -0.7486 -0.1976
Z 0.3592 0.0577 0.9315

PART 37
OFFSET 11.4647 -5.4750 -18.9439
SCALE 1 1 1
X 0.0754 0.9668 -0.2443
Y 0.9645 -0.1329 -0.2280
Z -0.2529 -0.2184 -0.9425

PART 38
OFFSET 7.1023 -6.9046 -15.9535
SCALE 1 1 1
X -0.9504 -0.0160 0.3106
Y 0.0569 -0.9908 0.1232
Z 0.3058 0.1347 0.9425

PART 39
OFFSET 9.5247 -6.9050 -16.8969
SCALE 1 1 1
X -0.9008 -0.2830 0.3294
Y 0.2748 -0.9588 -0.0723
Z 0.3363 0.0254 0.9414

PART 40
OFFSET 11.0584 -6.4232 -17.4577
SCALE 1 1 1
X -0.3856 -0.9103 0.1505
Y 0.8691 -0.4131 -0.2721
Z 0.3099 0.0259 0.9504

PART 41
OFFSET 11.5928 -5.1616 -17.6663
SCALE 1 1 1
X 0.6197 -0.7644 -0.1780
Y 0.7202 0.6439 -0.2581
Z 0.3119 0.0318 0.9496

PART 42
OFFSET 10.9208 -4.3325 -17.4733
SCALE 1 1 1
X -0.9038 0.2600 0.3400
Y 0.2208 0.9637 -0.1500
Z -0.3666 -0.0605 -0.9284

PART 43
OFFSET 1.9011 -7.5904 -14.6360
SCALE 1 1 1
X -0.9299 -0.2957 0.2189
Y -0.3253 0.9387 -0.1138
Z -0.1718 -0.1770 -0.9691

PART 44
OFFSET 9.9481 -7.1420 -14.7741
SCALE 1 1 1
X -0.7280 -0.6616 0.1800
Y 0.6844 -0.7170 0.1325
Z 0.0414 0.2196 0.9747

PART 45
OFFSET 11.2298 -5.9773 -15.0911
SCALE 1 1 1
X 0.2451 -0.9364 0.2513
Y 0.9695 0.2346 -0.0712
Z 0.0078 0.2611 0.9653

PART 46
OFFSET 10.9323 -4.8231 -15.3379
SCALE 1 1 1
X 0.9868 -0.1616 -0.0119
Y 0.1558 0.9664 -0.2043
Z 0.0445 0.1998 0.9788

PART 47
OFFSET 9.8177 -4.6406 -15.3245
SCALE 1 1 1
X -0.4493 -0.7636 0.4636
Y -0.8917 0.4149 -0.1808
Z -0.0543 -0.4947 -0.8674

PART 48
OFFSET 9.8336 -7.0537 -15.8693
SCALE 1 1 1
X -0.7916 -0.5749 0.2072
Y 0.5920 -0.8055 0.0269
Z 0.1515 0.1439 0.9779

PART 49
OFFSET 11.3800 -5.9307 -16.2741
SCALE 1 1 1
X 0.4164 -0.9072 0.0600
Y 0.8885 0.3921 -0.2383
Z 0.1926 0.1525 0.9693

PART 50
OFFSET 10.7718 -4.6056 -16.3618
SCALE 1 1 1
X 0.9493 0.1730 -0.2625
Y -0.2166 0.9650 -0.1475
Z 0.2278 0.1969 0.9536

PART 51
OFFSET 9.6949 -4.8022 -16.0713
SCALE 1 1 1
X -0.6041 -0.7616 0.2345
Y -0.7577 0.6401 0.1270
Z -0.2469 -0.1010 -0.9638

PART 52
OFFSET 5.5141 -6.0012 -13.7311
SCALE 1 1 1
X -0.4776 -0.1769 0.8606
Y -0.2806 0.9589 0.0414
Z -0.8326 -0.2217 -0.5076

PART 53
OFFSET 6.6698 -6.3233 -13.5977
SCALE 1 1 1
X -0.4776 -0.1769 0.8606
Y -0.2806 0.9589 0.0414
Z -0.8326 -0.2217 -0.5076

PART 54
OFFSET 6.9563 -7.5920 -13.8205
SCALE 1 1 1
X -0.4776 -0.1769 0.8606
Y -0.2806 0.9589 0.0414
Z -0.8326 -0.2217 -0.5076

PART 55
OFFSET 0.0000 0.0000 0.0000
SCALE 1 1 1
X 1.0000 0.0000 0.0000
Y 0.0000 1.0000 0.0000
Z 0.0000 0.0000 1.0000

PART 56
OFFSET 0.0000 0.0000 0.0000
SCALE 1 1 1
X 1.0000 0.0000 0.0000
Y 0.0000 1.0000 0.0000
Z 0.0000 0.0000 1.0000

PART 57
OFFSET 7.1023 -6.9046 -15.9535
SCALE 1 1 1
X -0.9504 -0.0160 0.3106
Y 0.0569 -0.9908 0.1232
Z 0.3058 0.1347 0.9425

PART 58
OFFSET 7.1023 -6.9046 -15.9535
SCALE 1 1 1
X -0.9504 -0.0160 0.3106
Y 0.0569 -0.9908 0.1232
Z 0.3058 0.1347 0.9425

PART 59
OFFSET 2.6606 0.0000 -1.3770
SCALE 1 1 1
X 1.0000 0.0000 0.0000
Y 0.0000 1.0000 0.0000
Z 0.0000 0.0000 1.0000

PART 60
OFFSET 3.3517 5.4626 -8.1622
SCALE 1 1 1
X 0.7518 -0.3265 -0.5729
Y -0.1564 -0.9323 0.3261
Z -0.6406 -0.1556 -0.7520

PART 61
OFFSET 12.4438 1.5142 -15.0907
SCALE 1 1 1
X 0.7518 -0.3265 -0.5729
Y 0.4714 -0.3414 0.8132
Z -0.4611 -0.8814 -0.1027

PART 62
OFFSET 18.8382 -1.2627 -19.9635
SCALE 1 1 1
X 0.7518 -0.3265 -0.5729
Y 0.5359 -0.2036 0.8193
Z -0.3842 -0.9230 0.0219

PART 63
OFFSET 19.8712 -0.4609 -21.5027
SCALE 1 1 1
X 0.7502 -0.3220 -0.5775
Y 0.4521 0.8871 0.0927
Z 0.4825 -0.3306 0.8111

PART 64
OFFSET 18.6720 -1.8089 -21.6405
SCALE 1 1 1
X 0.7502 -0.3220 -0.5775
Y 0.4521 0.8871 0.0927
Z 0.4825 -0.3306 0.8111

PART 65
OFFSET 21.3790 -1.6357 -19.7707
SCALE 1 1 1
X 0.7502 -0.3220 -0.5775
Y 0.4521 0.8871 0.0927
Z 0.4825 -0.3306 0.8111

PART 66
OFFSET 20.7872 -2.8000 -19.7096
SCALE 1 1 1
X 0.7502 -0.3220 -0.5775
Y 0.4521 0.8871 0.0927
Z 0.4825 -0.3306 0.8111

PART 67
OFFSET 19.7402 -2.9937 -20.3036
SCALE 1 1 1
X 0.7502 -0.3220 -0.5775
Y 0.4521 0.8871 0.0927
Z 0.4825 -0.3306 0.8111

PART 68
OFFSET 21.1429 -2.2636 -21.7198
SCALE 1 1 1
X 0.9999 -0.0120 -0.0016
Y -0.0005 -0.1770 0.9842
Z -0.0121 -0.9841 -0.1770

PART 69
OFFSET 21.5872 -2.8439 -20.8435
SCALE 1 1 1
X 0.6251 -0.6562 0.4226
Y -0.5481 0.0164 0.8363
Z -0.5557 -0.7544 -0.3494

PART 70
OFFSET 22.8506 -4.3003 -19.8675
SCALE 1 1 1
X 0.9095 -0.1352 -0.3930
Y 0.2505 -0.5762 0.7780
Z -0.3316 -0.8061 -0.4902

PART 71
OFFSET 24.2669 -4.5744 -20.6033
SCALE 1 1 1
X 0.6332 0.0316 -0.7733
Y 0.6435 -0.5766 0.5034
Z -0.4300 -0.8164 -0.3855

PART 72
OFFSET 24.9429 -4.5874 -21.4487
SCALE 1 1 1
X 0.8763 0.4289 -0.2195
Y -0.2316 0.7744 0.5887
Z 0.4225 -0.4650 0.7780

PART 73
OFFSET 21.9872 -2.2831 -22.8108
SCALE 1 1 1
X 0.8236 0.1588 -0.5445
Y 0.0117 -0.9645 -0.2637
Z -0.5671 0.2108 -0.7962

PART 74
OFFSET 23.9216 -2.0752 -23.9506
SCALE 1 1 1
X 0.6624 -0.6968 -0.2751
Y -0.6910 -0.7101 0.1348
Z -0.2893 0.1009 -0.9519

PART 75
OFFSET 24.8595 -3.0617 -24.3401
SCALE 1 1 1
X -0.3775 -0.9259 0.0137
Y -0.8947 0.3686 0.2522
Z -0.2386 0.0830 -0.9676

PART 76
OFFSET 24.5247 -3.8827 -24.3280
SCALE 1 1 1
X -0.9536 -0.1012 0.2835
Y -0.0632 0.9881 0.1401
Z -0.2943 0.1157 -0.9487

PART 77
OFFSET 23.6188 -3.9788 -24.0587
SCALE 1 1 1
X 0.8116 -0.5596 -0.1676
Y 0.5288 0.8257 -0.1965
Z 0.2484 0.0709 0.9661

PART 78
OFFSET 0.0000 0.0000 0.0000
SCALE 1 1 1
X 1.0000 0.0000 0.0000
Y 0.0000 1.0000 0.0000
Z 0.0000 0.0000 1.0000

PART 79
OFFSET 22.5586 -4.6259 -19.5203
SCALE 1 1 1
X 0.9955 0.0011 -0.0950
Y 0.0073 0.9961 0.0876
Z 0.0947 -0.0879 0.9916

PART 80
OFFSET 40.1623 -4.5840 -21.4876
SCALE 1 1 1
X 0.9955 0.0011 -0.0950
Y 0.0064 0.9969 0.0785
Z 0.0948 -0.0788 0.9924

PART 81
OFFSET 12.6450 -6.6739 -18.6959
SCALE 1 1 1
X -0.6281 -0.7625 -0.1552
Y 0.0017 0.1981 -0.9802
Z 0.7781 -0.6159 -0.1232

PART 82
OFFSET 11.9470 -7.5212 -18.8684
SCALE 1 1 1
X -0.6183 -0.7856 0.0229
Y -0.1109 0.0583 -0.9921
Z 0.7781 -0.6159 -0.1232

PART 83
OFFSET 11.1325 -8.5562 -18.8382
SCALE 1 1 1
X -0.4388 -0.8944 0.0863
Y 0.1638 0.0149 0.9864
Z -0.8835 0.4470 0.1399

PART 84
OFFSET 10.6151 -9.6107 -18.7364
SCALE 1 1 1
X -0.4258 -0.8926 0.1483
Y 0.1696 0.0822 0.9821
Z -0.8888 0.4433 0.1164

PART 85
OFFSET 10.0578 -10.7791 -18.5423
SCALE 1 1 1
X -0.6027 -0.7840 0.1486
Y 0.2653 -0.0211 0.9639
Z -0.7526 0.6204 0.2207

PART 86
OFFSET 9.3602 -11.6866 -18.3703
SCALE 1 1 1
X -0.6153 -0.7123 0.3377
Y 0.3483 0.1386 0.9271
Z -0.7072 0.6880 0.1628

PART 87
OFFSET 8.8228 -12.3088 -18.0753
SCALE 1 1 1
X -0.6737 -0.6784 0.2932
Y 0.2975 0.1142 0.9479
Z -0.6765 0.7258 0.1249

PART 88
OFFSET 8.1222 -13.0143 -17.7704
SCALE 1 1 1
X -0.6023 -0.6560 0.4547
Y 0.3530 0.2921 0.8889
Z -0.7160 0.6959 0.0556

PART 89
OFFSET 7.4274 -13.7710 -17.2459
SCALE 1 1 1
X -0.6469 -0.6996 0.3035
Y 0.2248 0.2053 0.9525
Z -0.7287 0.6844 0.0244

PART 90
OFFSET 6.8856 -14.3570 -16.9917
SCALE 1 1 1
X -0.6316 -0.7681 0.1055
Y -0.7530 0.6401 0.1526
Z -0.1847 0.0169 -0.9826

PART 91
OFFSET 5.4737 -16.0741 -16.7559
SCALE 1 1 1
X 0.7781 -0.6244 -0.0685
Y 0.5841 0.7593 -0.2867
Z 0.2310 0.1831 0.9556


FRAME 167
PART 0
OFFSET 22.6118 -2.4127 -21.4919
SCALE 1 1 1
X 0.9543 0.0391 -0.2963
Y -0.0298 -0.9740 -0.2244
Z -0.2974 0.2230 -0.9283

PART 1
OFFSET 22.6118 -2.4127 -21.4919
SCALE 1 1 1
X 0.9543 0.0391 -0.2963
Y -0.0298 -0.9740 -0.2244
Z -0.2974 0.2230 -0.9283

PART 2
OFFSET 22.6118 -2.4127 -21.4919
SCALE 1 1 1
X 0.9543 0.0391 -0.2963
Y -0.0298 -0.9740 -0.2244
Z -0.2974 0.2230 -0.9283

PART 3
OFFSET 25.0450 -2.2566 -22.3939
SCALE 1 1 1
X 0.4005 -0.8651 -0.3020
Y -0.8831 -0.4524 0.1248
Z -0.2446 0.2167 -0.9451

PART 4
OFFSET 25.7268 -3.7294 -22.9081
SCALE 1 1 1
X -0.9088 -0.3952 0.1339
Y -0.3505 0.8971 0.2689
Z -0.2265 0.1974 -0.9538

PART 5
OFFSET 24.4673 -4.2772 -22.7225
SCALE 1 1 1
X -0.6224 0.7248 0.2953
Y 0.7509 0.6594 -0.0357
Z -0.2206 0.1995 -0.9547

PART 6
OFFSET 23.7923 -3.4911 -22.4022
SCALE 1 1 1
X 0.0702 -0.9607 -0.2685
Y 0.9807 0.1156 -0.1574
Z 0.1823 -0.2523 0.9503

PART 7
OFFSET 24.6056 -3.2622 -19.6025
SCALE 1 1 1
X 0.9399 -0.2489 -0.2339
Y 0.2995 0.9298 0.2138
Z 0.1643 -0.2710 0.9485

PART 8
OFFSET 25.4357 -2.2277 -20.2519
SCALE 1 1 1
X 0.8444 -0.5181 -0.1365
Y -0.5346 -0.8312 -0.1523
Z -0.0345 0.2016 -0.9789

PART 9
OFFSET 26.9224 -3.1398 -20.4922
SCALE 1 1 1
X 0.0548 -0.9670 -0.2487
Y -0.9985 -0.0555 -0.0045
Z -0.0095 0.2486 -0.9686

PART 10
OFFSET 26.9896 -4.3305 -20.7358
SCALE 1 1 1
X -0.9161 -0.3979 -0.0485
Y -0.4000 0.8997 0.1746
Z -0.0259 0.1793 -0.9834

PART 11
OFFSET 25.9548 -4.7800 -20.7905
SCALE 1 1 1
X 0.6521 -0.6322 -0.4184
Y 0.7494 0.6210 0.2295
Z 0.1148 -0.4633 0.8788

PART 12
OFFSET 25.3372 -2.2063 -21.3520
SCALE 1 1 1
X 0.3752 -0.8666 -0.3291
Y -0.9114 -0.4097 0.0397
Z -0.1693 0.2850 -0.9435

PART 13
OFFSET 26.0701 -3.8992 -21.9949
SCALE 1 1 1
X -0.8303 -0.5572 -0.0086
Y -0.5203 0.7697 0.3700
Z -0.1995 0.3117 -0.9290

PART 14
OFFSET 24.8573 -4.7130 -22.0074
SCALE 1 1 1
X -0.8305 0.4260 0.3589
Y 0.5182 0.8272 0.2172
Z -0.2044 0.3663 -0.9078

PART 15
OFFSET 23.9149 -4.2285 -21.6075
SCALE 1 1 1
X 0.3189 -0.8784 -0.3559
Y 0.9133 0.3852 -0.1323
Z 0.2533 -0.2828 0.9251

PART 16
OFFSET 20.2587 -0.6208 -20.9321
SCALE 1 1 1
X 0.7673 -0.3284 -0.5509
Y 0.4508 0.8871 0.0991
Z 0.4562 -0.3243 0.8287

PART 17
OFFSET 19.0714 -1.9532 -21.0907
SCALE 1 1 1
X 0.7673 -0.3284 -0.5509
Y 0.4508 0.8871 0.0991
Z 0.4562 -0.3243 0.8287

PART 18
OFFSET 21.7138 -1.7787 -19.1397
SCALE 1 1 1
X 0.7673 -0.3284 -0.5509
Y 0.4508 0.8871 0.0991
Z 0.4562 -0.3243 0.8287

PART 19
OFFSET 21.1215 -2.9437 -19.0808
SCALE 1 1 1
X 0.7673 -0.3284 -0.5509
Y 0.4508 0.8871 0.0991
Z 0.4562 -0.3243 0.8287

PART 20
OFFSET 20.0949 -3.1282 -19.7107
SCALE 1 1 1
X 0.7673 -0.3284 -0.5509
Y 0.4508 0.8871 0.0991
Z 0.4562 -0.3243 0.8287

PART 21
OFFSET 22.5595 -4.6292 -18.5403
SCALE 1 1 1
