// Export filename: `C:/cod5/cod/cod5/xanim_export/viewmodel/US/flamethrower/viewmodel_flamethrower_putaway_fast.XANIM_EXPORT`
// Source filename: `C:/cod5/cod/cod5/animation_assets/viewmodel/US/flamethrower/viewmodelanimation_m2flamethrower.mb`
// Export time: Sun Jul 20 15:15:03 2008

ANIMATION
VERSION 3

NUMPARTS 92
PART 0 "RingPalm_FK_LE"
PART 1 "RingPalm_SDK_LE"
PART 2 "J_RingPalm_LE"
PART 3 "J_Ring_LE_0"
PART 4 "J_Ring_LE_1"
PART 5 "J_Ring_LE_2"
PART 6 "J_Ring_LE_3"
PART 7 "J_Webbing_LE"
PART 8 "J_Index_LE_0"
PART 9 "J_Index_LE_1"
PART 10 "J_Index_LE_2"
PART 11 "J_Index_LE_3"
PART 12 "J_Mid_LE_0"
PART 13 "J_Mid_LE_1"
PART 14 "J_Mid_LE_2"
PART 15 "J_Mid_LE_3"
PART 16 "D_Sleave_Reshape_Bottom_LE_1"
PART 17 "D_Sleave_Reshape_Bottom_LE_2"
PART 18 "D_Sleave_Reshape_Top_LE_1"
PART 19 "D_Sleave_Reshape_Top_LE_2"
PART 20 "D_Sleave_Reshape_Top_LE_3"
PART 21 "tag_weapon"
PART 22 "J_Shoulder_RI"
PART 23 "J_Elbow_RI"
PART 24 "J_WristTwist_RI"
PART 25 "J_Sleave_Reshape_Top_RI_3"
PART 26 "J_Sleave_Reshape_Top_RI_2"
PART 27 "J_Sleave_Reshape_Top_RI_1"
PART 28 "J_Wrist_RI"
PART 29 "J_Thumb_RI_0"
PART 30 "J_Thumb_RI_1"
PART 31 "J_Thumb_RI_2"
PART 32 "J_Thumb_RI_3"
PART 33 "J_PinkyPalm_RI"
PART 34 "J_Pinky_RI_0"
PART 35 "J_Pinky_RI_1"
PART 36 "J_Pinky_RI_2"
PART 37 "J_Pinky_RI_3"
PART 38 "J_RingPalm_RI"
PART 39 "J_Ring_RI_0"
PART 40 "J_Ring_RI_1"
PART 41 "J_Ring_RI_2"
PART 42 "J_Ring_RI_3"
PART 43 "J_Webbing_RI"
PART 44 "J_Index_RI_0"
PART 45 "J_Index_RI_1"
PART 46 "J_Index_RI_2"
PART 47 "J_Index_RI_3"
PART 48 "J_Mid_RI_0"
PART 49 "J_Mid_RI_1"
PART 50 "J_Mid_RI_2"
PART 51 "J_Mid_RI_3"
PART 52 "D_Sleave_Reshape_Top_RI_3"
PART 53 "D_Sleave_Reshape_Top_RI_2"
PART 54 "D_Sleave_Reshape_Top_RI_1"
PART 55 "tag_cambone"
PART 56 "tag_camera"
PART 57 "RingPalm_FK_RI"
PART 58 "RingPalm_SDK_RI"
PART 59 "tag_torso"
PART 60 "J_Shoulder_LE"
PART 61 "J_Elbow_LE"
PART 62 "J_WristTwist_LE"
PART 63 "J_Sleave_Reshape_Bottom_LE_1"
PART 64 "J_Sleave_Reshape_Bottom_LE_2"
PART 65 "J_Sleave_Reshape_Top_LE_1"
PART 66 "J_Sleave_Reshape_Top_LE_2"
PART 67 "J_Sleave_Reshape_Top_LE_3"
PART 68 "J_Wrist_LE"
PART 69 "J_Thumb_LE_0"
PART 70 "J_Thumb_LE_1"
PART 71 "J_Thumb_LE_2"
PART 72 "J_Thumb_LE_3"
PART 73 "J_PinkyPalm_LE"
PART 74 "J_Pinky_LE_0"
PART 75 "J_Pinky_LE_1"
PART 76 "J_Pinky_LE_2"
PART 77 "J_Pinky_LE_3"
PART 78 "tag_gasmask"
PART 79 "J_Gun"
PART 80 "tag_flash"
PART 81 "hose1"
PART 82 "hose2"
PART 83 "hose3"
PART 84 "hose4"
PART 85 "hose5"
PART 86 "hose6"
PART 87 "hose7"
PART 88 "hose8"
PART 89 "hose9"
PART 90 "hose10"
PART 91 "hose11"

FRAMERATE 30
NUMFRAMES 9

FRAME 156
PART 0
OFFSET 24.6529 -2.8588 -9.1857
SCALE 1 1 1
X 0.9824 0.0689 -0.1737
Y 0.0169 -0.9586 -0.2842
Z -0.1860 0.2763 -0.9429

PART 1
OFFSET 24.6529 -2.8588 -9.1857
SCALE 1 1 1
X 0.9824 0.0689 -0.1737
Y 0.0169 -0.9586 -0.2842
Z -0.1860 0.2763 -0.9429

PART 2
OFFSET 24.6529 -2.8588 -9.1857
SCALE 1 1 1
X 0.9824 0.0689 -0.1737
Y 0.0169 -0.9586 -0.2842
Z -0.1860 0.2763 -0.9429

PART 3
OFFSET 27.1746 -2.6179 -9.7702
SCALE 1 1 1
X 0.4513 -0.8399 -0.3016
Y -0.8827 -0.4699 -0.0122
Z -0.1315 0.2717 -0.9534

PART 4
OFFSET 27.9428 -4.0479 -10.2837
SCALE 1 1 1
X -0.9104 -0.4137 -0.0029
Y -0.3983 0.8745 0.2769
Z -0.1120 0.2532 -0.9609

PART 5
OFFSET 26.6811 -4.6212 -10.2877
SCALE 1 1 1
X -0.6680 0.6976 0.2592
Y 0.7366 0.6694 0.0966
Z -0.1061 0.2554 -0.9610

PART 6
OFFSET 25.9566 -3.8647 -10.0066
SCALE 1 1 1
X 0.1213 -0.9414 -0.3148
Y 0.9902 0.1370 -0.0282
Z 0.0697 -0.3083 0.9487

PART 7
OFFSET 26.4171 -3.7993 -7.1194
SCALE 1 1 1
X 0.9661 -0.2226 -0.1308
Y 0.2528 0.9184 0.3043
Z 0.0524 -0.3271 0.9435

PART 8
OFFSET 27.2999 -2.7167 -7.5985
SCALE 1 1 1
X 0.8647 -0.4984 -0.0622
Y -0.4956 -0.8266 -0.2665
Z 0.0814 0.2613 -0.9618

PART 9
OFFSET 28.8224 -3.5942 -7.7080
SCALE 1 1 1
X 0.1038 -0.9491 -0.2975
Y -0.9891 -0.0672 -0.1307
Z 0.1041 0.3078 -0.9457

PART 10
OFFSET 28.9422 -4.7667 -8.0122
SCALE 1 1 1
X -0.8954 -0.4052 -0.1847
Y -0.4359 0.8823 0.1775
Z 0.0910 0.2394 -0.9666

PART 11
OFFSET 27.9308 -5.2244 -8.2208
SCALE 1 1 1
X 0.7106 -0.5972 -0.3720
Y 0.7034 0.6147 0.3568
Z 0.0156 -0.5152 0.8569

PART 12
OFFSET 27.3361 -2.6286 -8.6991
SCALE 1 1 1
X 0.4295 -0.8400 -0.3316
Y -0.9012 -0.4224 -0.0974
Z -0.0582 0.3406 -0.9384

PART 13
OFFSET 28.1752 -4.2695 -9.3469
SCALE 1 1 1
X -0.8120 -0.5656 -0.1441
Y -0.5766 0.7390 0.3485
Z -0.0906 0.3661 -0.9262

PART 14
OFFSET 26.9892 -5.0957 -9.5574
SCALE 1 1 1
X -0.8763 0.3929 0.2787
Y 0.4715 0.8185 0.3284
Z -0.0991 0.4192 -0.9025

PART 15
OFFSET 25.9956 -4.6482 -9.2484
SCALE 1 1 1
X 0.3772 -0.8509 -0.3658
Y 0.9149 0.4036 0.0044
Z 0.1439 -0.3363 0.9307

PART 16
OFFSET 23.0295 -1.0927 -9.9942
SCALE 1 1 1
X 0.8046 -0.4992 0.3215
Y 0.3673 0.8438 0.3912
Z -0.4666 -0.1967 0.8623

PART 17
OFFSET 22.2358 -2.2184 -10.9577
SCALE 1 1 1
X 0.8046 -0.4992 0.3215
Y 0.3673 0.8438 0.3912
Z -0.4666 -0.1967 0.8623

PART 18
OFFSET 22.2039 -1.9635 -7.7111
SCALE 1 1 1
X 0.8046 -0.4992 0.3215
Y 0.3673 0.8438 0.3912
Z -0.4666 -0.1967 0.8623

PART 19
OFFSET 21.5310 -3.1050 -8.1102
SCALE 1 1 1
X 0.8046 -0.4992 0.3215
Y 0.3673 0.8438 0.3912
Z -0.4666 -0.1967 0.8623

PART 20
OFFSET 21.4630 -3.2005 -9.2704
SCALE 1 1 1
X 0.8046 -0.4992 0.3215
Y 0.3673 0.8438 0.3912
Z -0.4666 -0.1967 0.8623

PART 21
OFFSET 22.6070 -4.6741 -5.4659
SCALE 1 1 1
X 0.9991 0.0197 0.0375
Y -0.0251 0.9882 0.1513
Z -0.0341 -0.1521 0.9878

PART 22
OFFSET -5.3605 -11.2544 4.7523
SCALE 1 1 1
X -0.3258 -0.1423 0.9347
Y -0.1933 -0.9577 -0.2132
Z 0.9255 -0.2501 0.2845

PART 23
OFFSET -1.4207 -9.5332 -6.5516
SCALE 1 1 1
X -0.9343 -0.3072 0.1808
Y -0.1839 -0.0194 -0.9828
Z 0.3054 -0.9514 -0.0384

PART 24
OFFSET 6.5258 -6.9200 -8.0898
SCALE 1 1 1
X -0.9343 -0.3072 0.1808
Y -0.1678 -0.0685 -0.9834
Z 0.3145 -0.9492 0.0124

PART 25
OFFSET 7.6549 -5.3689 -7.5735
SCALE 1 1 1
X -0.9340 -0.3045 0.1868
Y -0.3001 0.9525 0.0520
Z -0.1938 -0.0075 -0.9810

PART 26
OFFSET 8.3714 -5.7946 -6.7191
SCALE 1 1 1
X -0.9340 -0.3045 0.1868
Y -0.3001 0.9525 0.0520
Z -0.1938 -0.0075 -0.9810

PART 27
OFFSET 8.8312 -7.0493 -7.0256
SCALE 1 1 1
X -0.9340 -0.3045 0.1868
Y -0.3001 0.9525 0.0520
Z -0.1938 -0.0075 -0.9810

PART 28
OFFSET 9.3900 -5.9781 -8.6442
SCALE 1 1 1
X -0.9903 -0.0488 -0.1300
Y 0.1308 -0.0136 -0.9913
Z 0.0466 -0.9987 0.0199

PART 29
OFFSET 9.6901 -5.5329 -7.6372
SCALE 1 1 1
X -0.6648 -0.6591 -0.3517
Y 0.3630 0.1265 -0.9232
Z 0.6529 -0.7414 0.1552

PART 30
OFFSET 11.0522 -4.0820 -6.7948
SCALE 1 1 1
X -0.8679 -0.3494 0.3532
Y -0.1738 -0.4526 -0.8746
Z 0.4654 -0.8204 0.3321

PART 31
OFFSET 12.3907 -3.4531 -7.4544
SCALE 1 1 1
X -0.3897 -0.0112 0.9209
Y -0.7297 -0.6063 -0.3161
Z 0.5619 -0.7951 0.2281

PART 32
OFFSET 12.7988 -3.3944 -8.4553
SCALE 1 1 1
X -0.7989 0.3776 0.4681
Y 0.0166 0.7919 -0.6104
Z -0.6012 -0.4799 -0.6389

PART 33
OFFSET 10.3587 -5.7495 -9.5997
SCALE 1 1 1
X -0.8908 0.0059 0.4543
Y 0.0395 -0.9951 0.0904
Z 0.4526 0.0984 0.8862

PART 34
OFFSET 12.4213 -5.6264 -10.5024
SCALE 1 1 1
X -0.9257 -0.2807 0.2534
Y 0.2834 -0.9586 -0.0263
Z 0.2503 0.0475 0.9670

PART 35
OFFSET 13.7320 -5.2291 -10.8612
SCALE 1 1 1
X -0.8782 -0.4338 0.2013
Y 0.4361 -0.8992 -0.0354
Z 0.1964 0.0567 0.9789

PART 36
OFFSET 14.5106 -4.8444 -11.0397
SCALE 1 1 1
X -0.7060 -0.6876 0.1694
Y 0.6688 -0.7260 -0.1598
Z 0.2329 0.0005 0.9725

PART 37
OFFSET 15.1813 -4.1911 -11.2007
SCALE 1 1 1
X 0.0865 0.9817 -0.1699
Y 0.9887 -0.1056 -0.1068
Z -0.1228 -0.1587 -0.9797

PART 38
OFFSET 10.4961 -5.8692 -8.9095
SCALE 1 1 1
X -0.9823 -0.0483 0.1808
Y 0.0611 -0.9959 0.0660
Z 0.1769 0.0759 0.9813

PART 39
OFFSET 13.0206 -5.7772 -9.5231
SCALE 1 1 1
X -0.9300 -0.3153 0.1889
Y 0.3019 -0.9484 -0.0965
Z 0.2096 -0.0328 0.9772

PART 40
OFFSET 14.6040 -5.2405 -9.8447
SCALE 1 1 1
X -0.3828 -0.9230 0.0399
Y 0.9057 -0.3835 -0.1809
Z 0.1822 -0.0331 0.9827

PART 41
OFFSET 15.1345 -3.9613 -9.9000
SCALE 1 1 1
X 0.6535 -0.7433 -0.1431
Y 0.7342 0.6684 -0.1192
Z 0.1843 -0.0272 0.9825

PART 42
OFFSET 14.4258 -3.1552 -9.7447
SCALE 1 1 1
X -0.9457 0.2258 0.2337
Y 0.2183 0.9742 -0.0577
Z -0.2407 -0.0036 -0.9706

PART 43
OFFSET 5.1828 -6.7049 -8.3363
SCALE 1 1 1
X -0.9441 -0.3210 0.0749
Y -0.3272 0.9401 -0.0955
Z -0.0398 -0.1147 -0.9926

PART 44
OFFSET 13.1675 -6.1488 -7.3825
SCALE 1 1 1
X -0.7312 -0.6810 0.0398
Y 0.6760 -0.7157 0.1755
Z -0.0911 0.1552 0.9837

PART 45
OFFSET 14.4549 -4.9498 -7.4526
SCALE 1 1 1
X 0.2297 -0.9478 0.2211
Y 0.9653 0.2508 0.0724
Z -0.1241 0.1968 0.9726

PART 46
OFFSET 14.1682 -3.7856 -7.6622
SCALE 1 1 1
X 0.9830 -0.1482 0.1081
Y 0.1609 0.9797 -0.1198
Z -0.0882 0.1352 0.9869

PART 47
OFFSET 13.0578 -3.6182 -7.7844
SCALE 1 1 1
X -0.4900 -0.7981 0.3506
Y -0.8689 0.4149 -0.2700
Z 0.0700 -0.4369 -0.8968

PART 48
OFFSET 13.1954 -5.9897 -8.4754
SCALE 1 1 1
X -0.7997 -0.5971 0.0638
Y 0.6002 -0.7981 0.0532
Z 0.0192 0.0808 0.9965

PART 49
OFFSET 14.7576 -4.8233 -8.6001
SCALE 1 1 1
X 0.4239 -0.9040 0.0563
Y 0.9037 0.4179 -0.0934
Z 0.0609 0.0905 0.9940

PART 50
OFFSET 14.1385 -3.5029 -8.6823
SCALE 1 1 1
X 0.9717 0.2017 -0.1234
Y -0.2157 0.9699 -0.1128
Z 0.0969 0.1362 0.9859

PART 51
OFFSET 13.0372 -3.7316 -8.5497
SCALE 1 1 1
X -0.6135 -0.7829 0.1036
Y -0.7811 0.6209 0.0666
Z -0.1165 -0.0401 -0.9924

PART 52
OFFSET 7.6549 -5.3689 -7.5735
SCALE 1 1 1
X -0.9340 -0.3045 0.1868
Y -0.3001 0.9525 0.0520
Z -0.1938 -0.0075 -0.9810

PART 53
OFFSET 8.3714 -5.7946 -6.7191
SCALE 1 1 1
X -0.9340 -0.3045 0.1868
Y -0.3001 0.9525 0.0520
Z -0.1938 -0.0075 -0.9810

PART 54
OFFSET 8.8312 -7.0493 -7.0256
SCALE 1 1 1
X -0.9340 -0.3045 0.1868
Y -0.3001 0.9525 0.0520
Z -0.1938 -0.0075 -0.9810

PART 55
OFFSET 0.0000 0.0000 0.0000
SCALE 1 1 1
X 1.0000 0.0000 0.0000
Y 0.0000 1.0000 0.0000
Z 0.0000 0.0000 1.0000

PART 56
OFFSET 0.0000 0.0000 0.0000
SCALE 1 1 1
X 1.0000 0.0000 0.0000
Y 0.0000 1.0000 0.0000
Z 0.0000 0.0000 1.0000

PART 57
OFFSET 10.4961 -5.8692 -8.9095
SCALE 1 1 1
X -0.9823 -0.0483 0.1808
Y 0.0611 -0.9959 0.0660
Z 0.1769 0.0759 0.9813

PART 58
OFFSET 10.4961 -5.8692 -8.9095
SCALE 1 1 1
X -0.9823 -0.0483 0.1808
Y 0.0611 -0.9959 0.0660
Z 0.1769 0.0759 0.9813

PART 59
OFFSET 2.6606 0.0000 -1.3770
SCALE 1 1 1
X 1.0000 0.0000 0.0000
Y 0.0000 1.0000 0.0000
Z 0.0000 0.0000 1.0000

PART 60
OFFSET 3.3517 5.4626 -8.1622
SCALE 1 1 1
X 0.9033 -0.2102 -0.3739
Y -0.1954 -0.9777 0.0774
Z -0.3818 0.0031 -0.9242

PART 61
OFFSET 14.2767 2.9210 -12.6840
SCALE 1 1 1
X 0.8008 -0.5028 0.3255
Y -0.4766 -0.2059 0.8547
Z -0.3627 -0.8395 -0.4045

PART 62
OFFSET 21.0878 -1.3555 -9.9158
SCALE 1 1 1
X 0.8008 -0.5028 0.3255
Y -0.5041 -0.2725 0.8195
Z -0.3234 -0.8203 -0.4717

PART 63
OFFSET 23.0295 -1.0927 -9.9942
SCALE 1 1 1
X 0.8046 -0.4992 0.3215
Y 0.3673 0.8438 0.3912
Z -0.4666 -0.1967 0.8623

PART 64
OFFSET 22.2358 -2.2184 -10.9577
SCALE 1 1 1
X 0.8046 -0.4992 0.3215
Y 0.3673 0.8438 0.3912
Z -0.4666 -0.1967 0.8623

PART 65
OFFSET 22.2039 -1.9635 -7.7111
SCALE 1 1 1
X 0.8046 -0.4992 0.3215
Y 0.3673 0.8438 0.3912
Z -0.4666 -0.1967 0.8623

PART 66
OFFSET 21.5310 -3.1050 -8.1102
SCALE 1 1 1
X 0.8046 -0.4992 0.3215
Y 0.3673 0.8438 0.3912
Z -0.4666 -0.1967 0.8623

PART 67
OFFSET 21.4630 -3.2005 -9.2704
SCALE 1 1 1
X 0.8046 -0.4992 0.3215
Y 0.3673 0.8438 0.3912
Z -0.4666 -0.1967 0.8623

PART 68
OFFSET 23.5427 -2.8969 -8.9180
SCALE 1 1 1
X 0.9916 0.0005 0.1295
Y -0.1256 -0.2417 0.9622
Z 0.0318 -0.9703 -0.2396

PART 69
OFFSET 23.8807 -3.5284 -8.0296
SCALE 1 1 1
X 0.5781 -0.6749 0.4586
Y -0.6530 -0.0457 0.7560
Z -0.4892 -0.7365 -0.4672

PART 70
OFFSET 25.0357 -5.0303 -6.9906
SCALE 1 1 1
X 0.9558 -0.0976 -0.2774
Y 0.1586 -0.6232 0.7658
Z -0.2476 -0.7760 -0.5801

PART 71
OFFSET 26.5415 -5.2377 -7.5490
SCALE 1 1 1
X 0.7281 0.0905 -0.6794
Y 0.5841 -0.6006 0.5460
Z -0.3587 -0.7944 -0.4902

PART 72
OFFSET 27.3225 -5.1864 -8.2969
SCALE 1 1 1
X 0.8883 0.4533 -0.0741
Y -0.3228 0.7309 0.6013
Z 0.3268 -0.5102 0.7956

PART 73
OFFSET 24.5227 -2.8338 -9.8871
SCALE 1 1 1
X 0.8842 0.2047 -0.4198
Y 0.0663 -0.9448 -0.3209
Z -0.4623 0.2559 -0.8490

PART 74
OFFSET 26.5849 -2.5271 -10.7461
SCALE 1 1 1
X 0.7072 -0.6688 -0.2293
Y -0.6877 -0.7260 -0.0032
Z -0.1643 0.1600 -0.9734

PART 75
OFFSET 27.5861 -3.4741 -11.0707
SCALE 1 1 1
X -0.3566 -0.9294 -0.0954
Y -0.9276 0.3400 0.1550
Z -0.1116 0.1438 -0.9833

PART 76
OFFSET 27.2699 -4.2981 -11.1553
SCALE 1 1 1
X -0.9802 -0.1315 0.1482
Y -0.1017 0.9758 0.1934
Z -0.1700 0.1745 -0.9699

PART 77
OFFSET 26.3388 -4.4230 -11.0145
SCALE 1 1 1
X 0.8381 -0.5372 -0.0945
Y 0.5325 0.8434 -0.0719
Z 0.1183 0.0100 0.9929

PART 78
OFFSET 0.0000 0.0000 0.0000
SCALE 1 1 1
X 1.0000 0.0000 0.0000
Y 0.0000 1.0000 0.0000
Z 0.0000 0.0000 1.0000

PART 79
OFFSET 22.6070 -4.6741 -5.4659
SCALE 1 1 1
X 0.9991 0.0197 0.0375
Y -0.0251 0.9882 0.1513
Z -0.0341 -0.1521 0.9878

PART 80
OFFSET 40.3119 -4.2843 -5.0866
SCALE 1 1 1
X 0.9991 0.0197 0.0375
Y -0.0248 0.9895 0.1422
Z -0.0343 -0.1430 0.9891

PART 81
OFFSET 12.7159 -6.8947 -6.0892
SCALE 1 1 1
X -0.5863 -0.7583 -0.2851
Y 0.1257 0.2625 -0.9567
Z 0.8003 -0.5968 -0.0585

PART 82
OFFSET 12.0643 -7.7374 -6.4060
SCALE 1 1 1
X -0.5993 -0.7930 -0.1091
Y 0.0187 0.1224 -0.9923
Z 0.8003 -0.5968 -0.0585

PART 83
OFFSET 11.2748 -8.7821 -6.5497
SCALE 1 1 1
X -0.4275 -0.9035 -0.0296
Y 0.0329 -0.0483 0.9983
Z -0.9034 0.4258 0.0504

PART 84
OFFSET 10.7708 -9.8474 -6.5846
SCALE 1 1 1
X -0.4227 -0.9057 0.0334
Y 0.0379 0.0192 0.9991
Z -0.9055 0.4236 0.0262

PART 85
OFFSET 10.2175 -11.0328 -6.5408
SCALE 1 1 1
X -0.6004 -0.7995 0.0174
Y 0.1372 -0.0815 0.9872
Z -0.7879 0.5951 0.1587

PART 86
OFFSET 9.5226 -11.9583 -6.5207
SCALE 1 1 1
X -0.6391 -0.7406 0.2074
Y 0.2210 0.0814 0.9719
Z -0.7367 0.6670 0.1117

PART 87
OFFSET 8.9643 -12.6053 -6.3395
SCALE 1 1 1
X -0.6919 -0.7046 0.1578
Y 0.1685 0.0549 0.9842
Z -0.7021 0.7075 0.0807

PART 88
OFFSET 8.2449 -13.3380 -6.1755
SCALE 1 1 1
X -0.6428 -0.6921 0.3284
Y 0.2274 0.2370 0.9445
Z -0.7315 0.6818 0.0051

PART 89
OFFSET 7.5034 -14.1363 -5.7966
SCALE 1 1 1
X -0.6663 -0.7261 0.1701
Y 0.0939 0.1447 0.9850
Z -0.7398 0.6722 -0.0282

PART 90
OFFSET 6.9454 -14.7444 -5.6541
SCALE 1 1 1
X -0.6237 -0.7812 -0.0281
Y -0.7797 0.6192 0.0925
Z -0.0549 0.0796 -0.9953

PART 91
OFFSET 5.5511 -16.4907 -5.7169
SCALE 1 1 1
X 0.7933 -0.6089 -0.0050
Y 0.6006 0.7838 -0.1580
Z 0.1001 0.1223 0.9874


FRAME 157
PART 0
OFFSET 24.6285 -2.8699 -9.8447
SCALE 1 1 1
X 0.9814 0.0674 -0.1797
Y 0.0144 -0.9595 -0.2814
Z -0.1914 0.2736 -0.9426

PART 1
OFFSET 24.6285 -2.8699 -9.8447
SCALE 1 1 1
X 0.9814 0.0674 -0.1797
Y 0.0144 -0.9595 -0.2814
Z -0.1914 0.2736 -0.9426

PART 2
OFFSET 24.6285 -2.8699 -9.8447
SCALE 1 1 1
X 0.9814 0.0674 -0.1797
Y 0.0144 -0.9595 -0.2814
Z -0.1914 0.2736 -0.9426

PART 3
OFFSET 27.1469 -2.6332 -10.4449
SCALE 1 1 1
X 0.4487 -0.8412 -0.3017
Y -0.8832 -0.4691 -0.0055
Z -0.1369 0.2689 -0.9534

PART 4
OFFSET 27.9107 -4.0654 -10.9587
SCALE 1 1 1
X -0.9108 -0.4128 0.0038
Y -0.3958 0.8757 0.2766
Z -0.1175 0.2504 -0.9610

PART 5
OFFSET 26.6484 -4.6375 -10.9534
SCALE 1 1 1
X -0.6657 0.6990 0.2611
Y 0.7378 0.6690 0.0902
Z -0.1116 0.2526 -0.9611

PART 6
OFFSET 25.9264 -3.8794 -10.6703
SCALE 1 1 1
X 0.1185 -0.9424 -0.3127
Y 0.9901 0.1360 -0.0346
Z 0.0751 -0.3055 0.9492

PART 7
OFFSET 26.4042 -3.8058 -7.7861
SCALE 1 1 1
X 0.9651 -0.2239 -0.1359
Y 0.2555 0.9191 0.3000
Z 0.0577 -0.3243 0.9442

PART 8
OFFSET 27.2851 -2.7255 -8.2738
SCALE 1 1 1
X 0.8639 -0.4994 -0.0659
Y -0.4980 -0.8270 -0.2610
Z 0.0759 0.2583 -0.9631

PART 9
OFFSET 28.8061 -3.6048 -8.3897
SCALE 1 1 1
X 0.1011 -0.9501 -0.2952
Y -0.9900 -0.0666 -0.1246
Z 0.0987 0.3049 -0.9473

PART 10
OFFSET 28.9229 -4.7783 -8.6911
SCALE 1 1 1
X -0.8968 -0.4049 -0.1781
Y -0.4340 0.8833 0.1774
Z 0.0855 0.2364 -0.9679

PART 11
OFFSET 27.9099 -5.2357 -8.8922
SCALE 1 1 1
X 0.7078 -0.5990 -0.3744
Y 0.7061 0.6151 0.3508
Z 0.0202 -0.5127 0.8584

PART 12
OFFSET 27.3148 -2.6407 -9.3748
SCALE 1 1 1
X 0.4267 -0.8414 -0.3316
Y -0.9021 -0.4218 -0.0907
Z -0.0635 0.3379 -0.9390

PART 13
OFFSET 28.1485 -4.2844 -10.0226
SCALE 1 1 1
X -0.8134 -0.5652 -0.1376
Y -0.5738 0.7406 0.3497
Z -0.0958 0.3634 -0.9267

PART 14
OFFSET 26.9604 -5.1100 -10.2236
SCALE 1 1 1
X -0.8743 0.3946 0.2828
Y 0.4742 0.8190 0.3231
Z -0.1041 0.4166 -0.9031

PART 15
OFFSET 25.9692 -4.6607 -9.9100
SCALE 1 1 1
X 0.3742 -0.8523 -0.3655
Y 0.9153 0.4028 -0.0022
Z 0.1491 -0.3337 0.9308

PART 16
OFFSET 22.9536 -1.1309 -10.6651
SCALE 1 1 1
X 0.8195 -0.4896 0.2980
Y 0.3823 0.8543 0.3521
Z -0.4270 -0.1746 0.8872

PART 17
OFFSET 22.1228 -2.2821 -11.5689
SCALE 1 1 1
X 0.8195 -0.4896 0.2980
Y 0.3823 0.8543 0.3521
Z -0.4270 -0.1746 0.8872

PART 18
OFFSET 22.2332 -1.9407 -8.3338
SCALE 1 1 1
X 0.8195 -0.4896 0.2980
Y 0.3823 0.8543 0.3521
Z -0.4270 -0.1746 0.8872

PART 19
OFFSET 21.5438 -3.1051 -8.6752
SCALE 1 1 1
X 0.8195 -0.4896 0.2980
Y 0.3823 0.8543 0.3521
Z -0.4270 -0.1746 0.8872

PART 20
OFFSET 21.4215 -3.2274 -9.8148
SCALE 1 1 1
X 0.8195 -0.4896 0.2980
Y 0.3823 0.8543 0.3521
Z -0.4270 -0.1746 0.8872

PART 21
OFFSET 22.6032 -4.6720 -6.1072
SCALE 1 1 1
X 0.9993 0.0188 0.0314
Y -0.0233 0.9886 0.1485
Z -0.0283 -0.1491 0.9884

PART 22
OFFSET -5.3605 -11.2544 4.7523
SCALE 1 1 1
X -0.3342 -0.1446 0.9313
Y -0.1922 -0.9569 -0.2176
Z 0.9227 -0.2517 0.2920

PART 23
OFFSET -1.3187 -9.5055 -6.5113
SCALE 1 1 1
X -0.9234 -0.3053 0.2326
Y -0.2330 -0.0355 -0.9718
Z 0.3050 -0.9516 -0.0383

PART 24
OFFSET 6.5353 -6.9088 -8.4895
SCALE 1 1 1
X -0.9234 -0.3053 0.2326
Y -0.2207 -0.0732 -0.9726
Z 0.3140 -0.9494 0.0002

PART 25
OFFSET 7.6863 -5.3502 -8.0572
SCALE 1 1 1
X -0.9228 -0.3025 0.2385
Y -0.2990 0.9529 0.0516
Z -0.2429 -0.0237 -0.9698

PART 26
OFFSET 8.4466 -5.7647 -7.2339
SCALE 1 1 1
X -0.9228 -0.3025 0.2385
Y -0.2990 0.9529 0.0516
Z -0.2429 -0.0237 -0.9698

PART 27
OFFSET 8.8927 -7.0181 -7.5361
SCALE 1 1 1
X -0.9228 -0.3025 0.2385
Y -0.2990 0.9529 0.0516
Z -0.2429 -0.0237 -0.9698

PART 28
OFFSET 9.3662 -5.9729 -9.2025
SCALE 1 1 1
X -0.9911 -0.0482 -0.1239
Y 0.1249 -0.0167 -0.9920
Z 0.0458 -0.9987 0.0226

PART 29
OFFSET 9.6728 -5.5250 -8.1988
SCALE 1 1 1
X -0.6675 -0.6595 -0.3457
Y 0.3576 0.1233 -0.9257
Z 0.6531 -0.7415 0.1535

PART 30
OFFSET 11.0411 -4.0729 -7.3689
SCALE 1 1 1
X -0.8661 -0.3475 0.3594
Y -0.1794 -0.4551 -0.8722
Z 0.4666 -0.8199 0.3318

PART 31
OFFSET 12.3763 -3.4472 -8.0384
SCALE 1 1 1
X -0.3842 -0.0080 0.9232
Y -0.7321 -0.6066 -0.3099
Z 0.5625 -0.7950 0.2271

PART 32
OFFSET 12.7784 -3.3919 -9.0419
SCALE 1 1 1
X -0.7958 0.3797 0.4717
Y 0.0137 0.7900 -0.6129
Z -0.6054 -0.4813 -0.6339

PART 33
OFFSET 10.3293 -5.7482 -10.1645
SCALE 1 1 1
X -0.8881 0.0081 0.4596
Y 0.0391 -0.9949 0.0931
Z 0.4580 0.1007 0.8832

PART 34
OFFSET 12.3866 -5.6298 -11.0800
SCALE 1 1 1
X -0.9245 -0.2790 0.2598
Y 0.2824 -0.9590 -0.0251
Z 0.2561 0.0501 0.9653

PART 35
OFFSET 13.6955 -5.2347 -11.4477
SCALE 1 1 1
X -0.8774 -0.4324 0.2079
Y 0.4350 -0.8997 -0.0353
Z 0.2023 0.0594 0.9775

PART 36
OFFSET 14.4734 -4.8513 -11.6320
SCALE 1 1 1
X -0.7056 -0.6865 0.1757
Y 0.6672 -0.7272 -0.1616
Z 0.2387 0.0032 0.9711

PART 37
OFFSET 15.1438 -4.1992 -11.7990
SCALE 1 1 1
X 0.0864 0.9811 -0.1734
Y 0.9879 -0.1068 -0.1124
Z -0.1288 -0.1616 -0.9784

PART 38
OFFSET 10.4707 -5.8659 -9.4748
SCALE 1 1 1
X -0.9813 -0.0468 0.1869
Y 0.0606 -0.9958 0.0687
Z 0.1829 0.0787 0.9800

PART 39
OFFSET 12.9917 -5.7781 -10.1038
SCALE 1 1 1
X -0.9292 -0.3138 0.1954
Y 0.3004 -0.9490 -0.0955
Z 0.2154 -0.0300 0.9761

PART 40
OFFSET 14.5736 -5.2439 -10.4364
SCALE 1 1 1
X -0.3834 -0.9225 0.0449
Y 0.9042 -0.3849 -0.1851
Z 0.1881 -0.0303 0.9817

PART 41
OFFSET 15.1050 -3.9654 -10.4987
SCALE 1 1 1
X 0.6519 -0.7443 -0.1448
Y 0.7341 0.6674 -0.1256
Z 0.1901 -0.0244 0.9815

PART 42
OFFSET 14.3980 -3.1581 -10.3417
SCALE 1 1 1
X -0.9441 0.2274 0.2386
Y 0.2189 0.9738 -0.0620
Z -0.2465 -0.0063 -0.9691

PART 43
OFFSET 5.1602 -6.6948 -8.8674
SCALE 1 1 1
X -0.9440 -0.3199 0.0815
Y -0.3269 0.9401 -0.0964
Z -0.0458 -0.1177 -0.9920

PART 44
OFFSET 13.1510 -6.1434 -7.9630
SCALE 1 1 1
X -0.7316 -0.6802 0.0462
Y 0.6764 -0.7158 0.1736
Z -0.0850 0.1583 0.9837

PART 45
OFFSET 14.4391 -4.9459 -8.0443
SCALE 1 1 1
X 0.2301 -0.9474 0.2225
Y 0.9660 0.2501 0.0659
Z -0.1181 0.1998 0.9727

PART 46
OFFSET 14.1522 -3.7821 -8.2558
SCALE 1 1 1
X 0.9835 -0.1488 0.1027
Y 0.1611 0.9792 -0.1237
Z -0.0822 0.1382 0.9870

PART 47
OFFSET 13.0413 -3.6140 -8.3718
SCALE 1 1 1
X -0.4887 -0.7966 0.3559
Y -0.8701 0.4149 -0.2660
Z 0.0643 -0.4397 -0.8959

PART 48
OFFSET 13.1725 -5.9876 -9.0565
SCALE 1 1 1
X -0.7998 -0.5961 0.0704
Y 0.5997 -0.7985 0.0520
Z 0.0252 0.0838 0.9962

PART 49
OFFSET 14.7350 -4.8231 -9.1940
SCALE 1 1 1
X 0.4234 -0.9042 0.0565
Y 0.9035 0.4168 -0.1001
Z 0.0669 0.0934 0.9934

PART 50
OFFSET 14.1167 -3.5024 -9.2766
SCALE 1 1 1
X 0.9711 0.2004 -0.1298
Y -0.2154 0.9698 -0.1145
Z 0.1029 0.1391 0.9849

PART 51
OFFSET 13.0159 -3.7297 -9.1366
SCALE 1 1 1
X -0.6136 -0.7820 0.1097
Y -0.7801 0.6218 0.0694
Z -0.1224 -0.0430 -0.9915

PART 52
OFFSET 7.6863 -5.3502 -8.0572
SCALE 1 1 1
X -0.9228 -0.3025 0.2385
Y -0.2990 0.9529 0.0516
Z -0.2429 -0.0237 -0.9698

PART 53
OFFSET 8.4466 -5.7647 -7.2339
SCALE 1 1 1
X -0.9228 -0.3025 0.2385
Y -0.2990 0.9529 0.0516
Z -0.2429 -0.0237 -0.9698

PART 54
OFFSET 8.8927 -7.0181 -7.5361
SCALE 1 1 1
X -0.9228 -0.3025 0.2385
Y -0.2990 0.9529 0.0516
Z -0.2429 -0.0237 -0.9698

PART 55
OFFSET 0.0000 0.0000 0.0000
SCALE 1 1 1
X 1.0000 0.0000 0.0000
Y 0.0000 1.0000 0.0000
Z 0.0000 0.0000 1.0000

PART 56
OFFSET 0.0000 0.0000 0.0000
SCALE 1 1 1
X 1.0000 0.0000 0.0000
Y 0.0000 1.0000 0.0000
Z 0.0000 0.0000 1.0000

PART 57
OFFSET 10.4707 -5.8659 -9.4748
SCALE 1 1 1
X -0.9813 -0.0468 0.1869
Y 0.0606 -0.9958 0.0687
Z 0.1829 0.0787 0.9800

PART 58
OFFSET 10.4707 -5.8659 -9.4748
SCALE 1 1 1
X -0.9813 -0.0468 0.1869
Y 0.0606 -0.9958 0.0687
Z 0.1829 0.0787 0.9800

PART 59
OFFSET 2.6606 0.0000 -1.3770
SCALE 1 1 1
X 1.0000 0.0000 0.0000
Y 0.0000 1.0000 0.0000
Z 0.0000 0.0000 1.0000

PART 60
OFFSET 3.3517 5.4626 -8.1622
SCALE 1 1 1
X 0.8871 -0.2203 -0.4057
Y -0.1908 -0.9752 0.1124
Z -0.4204 -0.0223 -0.9071

PART 61
OFFSET 14.0800 2.7984 -13.0682
SCALE 1 1 1
X 0.8158 -0.4930 0.3023
Y -0.4373 -0.1839 0.8803
Z -0.3784 -0.8504 -0.3657

PART 62
OFFSET 21.0189 -1.3947 -10.4970
SCALE 1 1 1
X 0.8158 -0.4930 0.3023
Y -0.4745 -0.2719 0.8372
Z -0.3305 -0.8264 -0.4558

PART 63
OFFSET 22.9536 -1.1309 -10.6651
SCALE 1 1 1
X 0.8195 -0.4896 0.2980
Y 0.3823 0.8543 0.3521
Z -0.4270 -0.1746 0.8872

PART 64
OFFSET 22.1228 -2.2821 -11.5689
SCALE 1 1 1
X 0.8195 -0.4896 0.2980
Y 0.3823 0.8543 0.3521
Z -0.4270 -0.1746 0.8872

PART 65
OFFSET 22.2332 -1.9407 -8.3338
SCALE 1 1 1
X 0.8195 -0.4896 0.2980
Y 0.3823 0.8543 0.3521
Z -0.4270 -0.1746 0.8872

PART 66
OFFSET 21.5438 -3.1051 -8.6752
SCALE 1 1 1
X 0.8195 -0.4896 0.2980
Y 0.3823 0.8543 0.3521
Z -0.4270 -0.1746 0.8872

PART 67
OFFSET 21.4215 -3.2274 -9.8148
SCALE 1 1 1
X 0.8195 -0.4896 0.2980
Y 0.3823 0.8543 0.3521
Z -0.4270 -0.1746 0.8872

PART 68
OFFSET 23.5199 -2.9061 -9.5703
SCALE 1 1 1
X 0.9923 -0.0001 0.1236
Y -0.1201 -0.2387 0.9636
Z 0.0294 -0.9711 -0.2369

PART 69
OFFSET 23.8626 -3.5352 -8.6819
SCALE 1 1 1
X 0.5802 -0.6741 0.4572
Y -0.6485 -0.0428 0.7600
Z -0.4927 -0.7374 -0.4620

PART 70
OFFSET 25.0224 -5.0351 -7.6453
SCALE 1 1 1
X 0.9540 -0.0994 -0.2828
Y 0.1626 -0.6210 0.7667
Z -0.2518 -0.7775 -0.5763

PART 71
OFFSET 26.5246 -5.2456 -8.2121
SCALE 1 1 1
X 0.7242 0.0878 -0.6840
Y 0.5868 -0.5995 0.5443
Z -0.3623 -0.7955 -0.4856

PART 72
OFFSET 27.3011 -5.1973 -8.9648
SCALE 1 1 1
X 0.8882 0.4522 -0.0808
Y -0.3185 0.7330 0.6010
Z 0.3310 -0.5081 0.7952

PART 73
OFFSET 24.4942 -2.8469 -10.5454
SCALE 1 1 1
X 0.8819 0.2025 -0.4257
Y 0.0635 -0.9458 -0.3184
Z -0.4671 0.2538 -0.8470

PART 74
OFFSET 26.5515 -2.5447 -11.4175
SCALE 1 1 1
X 0.7052 -0.6702 -0.2315
Y -0.6884 -0.7253 0.0031
Z -0.1699 0.1572 -0.9728

PART 75
OFFSET 27.5498 -3.4936 -11.7453
SCALE 1 1 1
X -0.3580 -0.9293 -0.0905
Y -0.9263 0.3413 0.1595
Z -0.1173 0.1409 -0.9830

PART 76
OFFSET 27.2324 -4.3176 -11.8255
SCALE 1 1 1
X -0.9794 -0.1301 0.1544
Y -0.0996 0.9765 0.1911
Z -0.1756 0.1717 -0.9694

PART 77
OFFSET 26.3019 -4.4412 -11.6788
SCALE 1 1 1
X 0.8370 -0.5383 -0.0979
Y 0.5328 0.8426 -0.0776
Z 0.1242 0.0128 0.9922

PART 78
OFFSET 0.0000 0.0000 0.0000
SCALE 1 1 1
X 1.0000 0.0000 0.0000
Y 0.0000 1.0000 0.0000
Z 0.0000 0.0000 1.0000

PART 79
OFFSET 22.6032 -4.6720 -6.1072
SCALE 1 1 1
X 0.9993 0.0188 0.0314
Y -0.0233 0.9886 0.1485
Z -0.0283 -0.1491 0.9884

PART 80
OFFSET 40.3104 -4.2980 -5.8349
SCALE 1 1 1
X 0.9993 0.0188 0.0314
Y -0.0231 0.9900 0.1394
Z -0.0285 -0.1400 0.9897

PART 81
OFFSET 12.7064 -6.8850 -6.6647
SCALE 1 1 1
X -0.5887 -0.7586 -0.2793
Y 0.1203 0.2595 -0.9582
Z 0.7994 -0.5977 -0.0615

PART 82
OFFSET 12.0522 -7.7280 -6.9751
SCALE 1 1 1
X -0.6007 -0.7928 -0.1031
Y 0.0129 0.1194 -0.9928
Z 0.7994 -0.5977 -0.0615

PART 83
OFFSET 11.2609 -8.7724 -7.1109
SCALE 1 1 1
X -0.4285 -0.9032 -0.0243
Y 0.0389 -0.0453 0.9982
Z -0.9027 0.4268 0.0545

PART 84
OFFSET 10.7557 -9.8373 -7.1396
SCALE 1 1 1
X -0.4233 -0.9051 0.0387
Y 0.0439 0.0222 0.9988
Z -0.9049 0.4245 0.0303

PART 85
OFFSET 10.2015 -11.0221 -7.0890
SCALE 1 1 1
X -0.6010 -0.7989 0.0234
Y 0.1430 -0.0787 0.9866
Z -0.7863 0.5963 0.1616

PART 86
OFFSET 9.5059 -11.9468 -7.0618
SCALE 1 1 1
X -0.6386 -0.7394 0.2134
Y 0.2269 0.0841 0.9703
Z -0.7354 0.6680 0.1141

PART 87
OFFSET 8.9481 -12.5927 -6.8754
SCALE 1 1 1
X -0.6916 -0.7035 0.1640
Y 0.1744 0.0577 0.9830
Z -0.7010 0.7084 0.0828

PART 88
OFFSET 8.2289 -13.3242 -6.7049
SCALE 1 1 1
X -0.6415 -0.6905 0.3344
Y 0.2333 0.2396 0.9424
Z -0.7308 0.6825 0.0074

PART 89
OFFSET 7.4890 -14.1207 -6.3192
SCALE 1 1 1
X -0.6659 -0.7249 0.1763
Y 0.0999 0.1476 0.9840
Z -0.7393 0.6729 -0.0259

PART 90
OFFSET 6.9313 -14.7278 -6.1715
SCALE 1 1 1
X -0.6246 -0.7806 -0.0220
Y -0.7786 0.6203 0.0953
Z -0.0607 0.0766 -0.9952

PART 91
OFFSET 5.5350 -16.4730 -6.2206
SCALE 1 1 1
X 0.7927 -0.6096 -0.0079
Y 0.6004 0.7827 -0.1640
Z 0.1061 0.1252 0.9864


FRAME 158
PART 0
OFFSET 24.5642 -2.8989 -11.5810
SCALE 1 1 1
X 0.9786 0.0635 -0.1957
Y 0.0077 -0.9617 -0.2740
Z -0.2056 0.2666 -0.9416

PART 1
OFFSET 24.5642 -2.8989 -11.5810
SCALE 1 1 1
X 0.9786 0.0635 -0.1957
Y 0.0077 -0.9617 -0.2740
Z -0.2056 0.2666 -0.9416

PART 2
OFFSET 24.5642 -2.8989 -11.5810
SCALE 1 1 1
X 0.9786 0.0635 -0.1957
Y 0.0077 -0.9617 -0.2740
Z -0.2056 0.2666 -0.9416

PART 3
OFFSET 27.0733 -2.6732 -12.2228
SCALE 1 1 1
X 0.4419 -0.8447 -0.3021
Y -0.8842 -0.4669 0.0122
Z -0.1513 0.2617 -0.9532

PART 4
OFFSET 27.8256 -4.1112 -12.7371
SCALE 1 1 1
X -0.9116 -0.4105 0.0214
Y -0.3893 0.8788 0.2758
Z -0.1321 0.2431 -0.9610

PART 5
OFFSET 26.5622 -4.6802 -12.7074
SCALE 1 1 1
X -0.6599 0.7027 0.2660
Y 0.7407 0.6679 0.0732
Z -0.1262 0.2453 -0.9612

PART 6
OFFSET 25.8465 -3.9181 -12.4189
SCALE 1 1 1
X 0.1113 -0.9452 -0.3070
Y 0.9898 0.1332 -0.0512
Z 0.0893 -0.2982 0.9503

PART 7
OFFSET 26.3699 -3.8229 -9.5433
SCALE 1 1 1
X 0.9623 -0.2274 -0.1493
Y 0.2624 0.9208 0.2886
Z 0.0719 -0.3169 0.9457

PART 8
OFFSET 27.2456 -2.7486 -10.0534
SCALE 1 1 1
X 0.8615 -0.5020 -0.0755
Y -0.5040 -0.8278 -0.2466
Z 0.0613 0.2505 -0.9662

PART 9
OFFSET 28.7624 -3.6326 -10.1863
SCALE 1 1 1
X 0.0942 -0.9526 -0.2892
Y -0.9920 -0.0651 -0.1085
Z 0.0845 0.2971 -0.9511

PART 10
OFFSET 28.8718 -4.8087 -10.4801
SCALE 1 1 1
X -0.9005 -0.4041 -0.1607
Y -0.4291 0.8857 0.1772
Z 0.0707 0.2285 -0.9710

PART 11
OFFSET 27.8547 -5.2652 -10.6616
SCALE 1 1 1
X 0.7004 -0.6037 -0.3808
Y 0.7130 0.6161 0.3347
Z 0.0325 -0.5059 0.8620

PART 12
OFFSET 27.2581 -2.6727 -11.1554
SCALE 1 1 1
X 0.4195 -0.8450 -0.3316
Y -0.9045 -0.4203 -0.0732
Z -0.0775 0.3306 -0.9406

PART 13
OFFSET 28.0776 -4.3235 -11.8032
SCALE 1 1 1
X -0.8168 -0.5643 -0.1203
Y -0.5665 0.7447 0.3528
Z -0.1095 0.3563 -0.9279

PART 14
OFFSET 26.8846 -5.1477 -11.9788
SCALE 1 1 1
X -0.8688 0.3990 0.2933
Y 0.4811 0.8203 0.3091
Z -0.1173 0.4097 -0.9047

PART 15
OFFSET 25.8994 -4.6935 -11.6532
SCALE 1 1 1
X 0.3663 -0.8561 -0.3645
Y 0.9161 0.4005 -0.0199
Z 0.1630 -0.3267 0.9310

PART 16
OFFSET 22.7482 -1.1999 -12.3679
SCALE 1 1 1
X 0.8547 -0.4707 0.2189
Y 0.4090 0.8703 0.2746
Z -0.3198 -0.1451 0.9363

PART 17
OFFSET 21.8361 -2.3922 -13.1384
SCALE 1 1 1
X 0.8547 -0.4707 0.2189
Y 0.4090 0.8703 0.2746
Z -0.3198 -0.1451 0.9363

PART 18
OFFSET 22.3090 -1.9275 -9.9550
SCALE 1 1 1
X 0.8547 -0.4707 0.2189
Y 0.4090 0.8703 0.2746
Z -0.3198 -0.1451 0.9363

PART 19
OFFSET 21.5983 -3.1256 -10.1742
SCALE 1 1 1
X 0.8547 -0.4707 0.2189
Y 0.4090 0.8703 0.2746
Z -0.3198 -0.1451 0.9363

PART 20
OFFSET 21.3440 -3.2882 -11.2669
SCALE 1 1 1
X 0.8547 -0.4707 0.2189
Y 0.4090 0.8703 0.2746
Z -0.3198 -0.1451 0.9363

PART 21
OFFSET 22.5938 -4.6663 -7.7979
SCALE 1 1 1
X 0.9997 0.0166 0.0156
Y -0.0186 0.9898 0.1410
Z -0.0130 -0.1412 0.9899

PART 22
OFFSET -5.3605 -11.2544 4.7523
SCALE 1 1 1
X -0.3728 -0.1555 0.9148
Y -0.1857 -0.9534 -0.2378
Z 0.9091 -0.2585 0.3265

PART 23
OFFSET -0.8519 -9.3736 -6.3111
SCALE 1 1 1
X -0.8779 -0.2951 0.3770
Y -0.3702 -0.0810 -0.9254
Z 0.3036 -0.9520 -0.0381

PART 24
OFFSET 6.6152 -6.8636 -9.5180
SCALE 1 1 1
X -0.8779 -0.2951 0.3770
Y -0.3690 -0.0848 -0.9256
Z 0.3051 -0.9517 -0.0344

PART 25
OFFSET 7.8041 -5.2892 -9.3318
SCALE 1 1 1
X -0.8765 -0.2920 0.3827
Y -0.2958 0.9539 0.0503
Z -0.3797 -0.0691 -0.9225

PART 26
OFFSET 8.6804 -5.6742 -8.6115
SCALE 1 1 1
X -0.8765 -0.2920 0.3827
Y -0.2958 0.9539 0.0503
Z -0.3797 -0.0691 -0.9225

PART 27
OFFSET 9.0900 -6.9250 -8.9007
SCALE 1 1 1
X -0.8765 -0.2920 0.3827
Y -0.2958 0.9539 0.0503
Z -0.3797 -0.0691 -0.9225

PART 28
OFFSET 9.3067 -5.9589 -10.6739
SCALE 1 1 1
X -0.9931 -0.0468 -0.1079
Y 0.1092 -0.0249 -0.9937
Z 0.0438 -0.9986 0.0298

PART 29
OFFSET 9.6301 -5.5038 -9.6787
SCALE 1 1 1
X -0.6744 -0.6606 -0.3299
Y 0.3432 0.1151 -0.9322
Z 0.6537 -0.7419 0.1491

PART 30
OFFSET 11.0148 -4.0486 -8.8821
SCALE 1 1 1
X -0.8611 -0.3425 0.3758
Y -0.1942 -0.4615 -0.8656
Z 0.4699 -0.8184 0.3309

PART 31
OFFSET 12.3407 -3.4316 -9.5775
SCALE 1 1 1
X -0.3696 0.0002 0.9292
Y -0.7384 -0.6072 -0.2935
Z 0.5641 -0.7946 0.2246

PART 32
OFFSET 12.7271 -3.3852 -10.5876
SCALE 1 1 1
X -0.7873 0.3854 0.4812
Y 0.0058 0.7851 -0.6193
Z -0.6165 -0.4848 -0.6204

PART 33
OFFSET 10.2550 -5.7442 -11.6527
SCALE 1 1 1
X -0.8807 0.0140 0.4735
Y 0.0382 -0.9942 0.1004
Z 0.4721 0.1065 0.8751

PART 34
OFFSET 12.2979 -5.6382 -12.6014
SCALE 1 1 1
X -0.9209 -0.2747 0.2765
Y 0.2797 -0.9598 -0.0219
Z 0.2714 0.0571 0.9608

PART 35
OFFSET 13.6018 -5.2493 -12.9928
SCALE 1 1 1
X -0.8750 -0.4286 0.2251
Y 0.4323 -0.9010 -0.0350
Z 0.2178 0.0667 0.9737

PART 36
OFFSET 14.3776 -4.8693 -13.1924
SCALE 1 1 1
X -0.7044 -0.6833 0.1923
Y 0.6628 -0.7301 -0.1663
Z 0.2540 0.0103 0.9671

PART 37
OFFSET 15.0467 -4.2201 -13.3751
SCALE 1 1 1
X 0.0859 0.9794 -0.1825
Y 0.9858 -0.1102 -0.1271
Z -0.1446 -0.1690 -0.9750

PART 38
OFFSET 10.4070 -5.8568 -10.9644
SCALE 1 1 1
X -0.9783 -0.0429 0.2027
Y 0.0593 -0.9954 0.0756
Z 0.1985 0.0860 0.9763

PART 39
OFFSET 12.9179 -5.7803 -11.6337
SCALE 1 1 1
X -0.9267 -0.3099 0.2125
Y 0.2967 -0.9505 -0.0926
Z 0.2307 -0.0228 0.9728

PART 40
OFFSET 14.4957 -5.2526 -11.9955
SCALE 1 1 1
X -0.3848 -0.9211 0.0583
Y 0.9003 -0.3886 -0.1963
Z 0.2035 -0.0230 0.9788

PART 41
OFFSET 15.0290 -3.9760 -12.0763
SCALE 1 1 1
X 0.6478 -0.7471 -0.1491
Y 0.7335 0.6645 -0.1424
Z 0.2055 -0.0171 0.9785

PART 42
OFFSET 14.3264 -3.1658 -11.9146
SCALE 1 1 1
X -0.9397 0.2316 0.2517
Y 0.2202 0.9727 -0.0731
Z -0.2617 -0.0133 -0.9650

PART 43
OFFSET 5.1048 -6.6678 -10.2668
SCALE 1 1 1
X -0.9433 -0.3169 0.0989
Y -0.3262 0.9401 -0.0987
Z -0.0617 -0.1254 -0.9902

PART 44
OFFSET 13.1101 -6.1290 -9.4928
SCALE 1 1 1
X -0.7324 -0.6780 0.0631
Y 0.6774 -0.7161 0.1686
Z -0.0691 0.1663 0.9837

PART 45
OFFSET 14.3996 -4.9354 -9.6040
SCALE 1 1 1
X 0.2313 -0.9462 0.2264
Y 0.9675 0.2482 0.0487
Z -0.1023 0.2078 0.9728

PART 46
OFFSET 14.1121 -3.7725 -9.8202
SCALE 1 1 1
X 0.9847 -0.1504 0.0884
Y 0.1614 0.9777 -0.1341
Z -0.0662 0.1463 0.9870

PART 47
OFFSET 12.9999 -3.6026 -9.9200
SCALE 1 1 1
X -0.4849 -0.7925 0.3699
Y -0.8732 0.4149 -0.2556
Z 0.0491 -0.4469 -0.8932

PART 48
OFFSET 13.1148 -5.9819 -10.5878
SCALE 1 1 1
X -0.8000 -0.5935 0.0877
Y 0.5986 -0.7996 0.0489
Z 0.0411 0.0916 0.9949

PART 49
OFFSET 14.6776 -4.8224 -10.7591
SCALE 1 1 1
X 0.4221 -0.9048 0.0570
Y 0.9028 0.4137 -0.1176
Z 0.0828 0.1011 0.9914

PART 50
OFFSET 14.0612 -3.5009 -10.8424
SCALE 1 1 1
X 0.9694 0.1969 -0.1466
Y -0.2149 0.9694 -0.1188
Z 0.1188 0.1467 0.9820

PART 51
OFFSET 12.9623 -3.7243 -10.6833
SCALE 1 1 1
X -0.6136 -0.7795 0.1255
Y -0.7774 0.6243 0.0767
Z -0.1382 -0.0505 -0.9891

PART 52
OFFSET 7.8041 -5.2892 -9.3318
SCALE 1 1 1
X -0.8765 -0.2920 0.3827
Y -0.2958 0.9539 0.0503
Z -0.3797 -0.0691 -0.9225

PART 53
OFFSET 8.6804 -5.6742 -8.6115
SCALE 1 1 1
X -0.8765 -0.2920 0.3827
Y -0.2958 0.9539 0.0503
Z -0.3797 -0.0691 -0.9225

PART 54
OFFSET 9.0900 -6.9250 -8.9007
SCALE 1 1 1
X -0.8765 -0.2920 0.3827
Y -0.2958 0.9539 0.0503
Z -0.3797 -0.0691 -0.9225

PART 55
OFFSET 0.0000 0.0000 0.0000
SCALE 1 1 1
X 1.0000 0.0000 0.0000
Y 0.0000 1.0000 0.0000
Z 0.0000 0.0000 1.0000

PART 56
OFFSET 0.0000 0.0000 0.0000
SCALE 1 1 1
X 1.0000 0.0000 0.0000
Y 0.0000 1.0000 0.0000
Z 0.0000 0.0000 1.0000

PART 57
OFFSET 10.4070 -5.8568 -10.9644
SCALE 1 1 1
X -0.9783 -0.0429 0.2027
Y 0.0593 -0.9954 0.0756
Z 0.1985 0.0860 0.9763

PART 58
OFFSET 10.4070 -5.8568 -10.9644
SCALE 1 1 1
X -0.9783 -0.0429 0.2027
Y 0.0593 -0.9954 0.0756
Z 0.1985 0.0860 0.9763

PART 59
OFFSET 2.6606 0.0000 -1.3770
SCALE 1 1 1
X 1.0000 0.0000 0.0000
Y 0.0000 1.0000 0.0000
Z 0.0000 0.0000 1.0000

PART 60
OFFSET 3.3517 5.4626 -8.1622
SCALE 1 1 1
X 0.8479 -0.2404 -0.4726
Y -0.1764 -0.9684 0.1762
Z -0.5000 -0.0660 -0.8635

PART 61
OFFSET 13.6057 2.5547 -13.8772
SCALE 1 1 1
X 0.8516 -0.4740 0.2237
Y -0.3307 -0.1548 0.9310
Z -0.4067 -0.8668 -0.2886

PART 62
OFFSET 20.8492 -1.4770 -11.9747
SCALE 1 1 1
X 0.8516 -0.4740 0.2237
Y -0.3828 -0.2709 0.8833
Z -0.3581 -0.8378 -0.4121

PART 63
OFFSET 22.7482 -1.1999 -12.3679
SCALE 1 1 1
X 0.8547 -0.4707 0.2189
Y 0.4090 0.8703 0.2746
Z -0.3198 -0.1451 0.9363

PART 64
OFFSET 21.8361 -2.3922 -13.1384
SCALE 1 1 1
X 0.8547 -0.4707 0.2189
Y 0.4090 0.8703 0.2746
Z -0.3198 -0.1451 0.9363

PART 65
OFFSET 22.3090 -1.9275 -9.9550
SCALE 1 1 1
X 0.8547 -0.4707 0.2189
Y 0.4090 0.8703 0.2746
Z -0.3198 -0.1451 0.9363

PART 66
OFFSET 21.5983 -3.1256 -10.1742
SCALE 1 1 1
X 0.8547 -0.4707 0.2189
Y 0.4090 0.8703 0.2746
Z -0.3198 -0.1451 0.9363

PART 67
OFFSET 21.3440 -3.2882 -11.2669
SCALE 1 1 1
X 0.8547 -0.4707 0.2189
Y 0.4090 0.8703 0.2746
Z -0.3198 -0.1451 0.9363

PART 68
OFFSET 23.4600 -2.9302 -11.2889
SCALE 1 1 1
X 0.9942 -0.0015 0.1080
Y -0.1054 -0.2308 0.9673
Z 0.0234 -0.9730 -0.2296

PART 69
OFFSET 23.8151 -3.5531 -10.4011
SCALE 1 1 1
X 0.5857 -0.6719 0.4533
Y -0.6366 -0.0352 0.7704
Z -0.5017 -0.7398 -0.4483

PART 70
OFFSET 24.9876 -5.0476 -9.3710
SCALE 1 1 1
X 0.9492 -0.1040 -0.2970
Y 0.1732 -0.6153 0.7690
Z -0.2627 -0.7814 -0.5661

PART 71
OFFSET 26.4802 -5.2663 -9.9597
SCALE 1 1 1
X 0.7135 0.0805 -0.6960
Y 0.5939 -0.5966 0.5397
Z -0.3718 -0.7985 -0.4735

PART 72
OFFSET 27.2449 -5.2259 -10.7249
SCALE 1 1 1
X 0.8879 0.4494 -0.0984
Y -0.3073 0.7385 0.6001
Z 0.3423 -0.5026 0.7939

PART 73
OFFSET 24.4188 -2.8811 -12.2797
SCALE 1 1 1
X 0.8755 0.1970 -0.4411
Y 0.0562 -0.9485 -0.3119
Z -0.4798 0.2482 -0.8415

PART 74
OFFSET 26.4629 -2.5909 -13.1865
SCALE 1 1 1
X 0.6998 -0.6738 -0.2372
Y -0.6900 -0.7236 0.0197
Z -0.1849 0.1499 -0.9713

PART 75
OFFSET 27.4537 -3.5448 -13.5224
SCALE 1 1 1
X -0.3616 -0.9291 -0.0774
Y -0.9229 0.3449 0.1714
Z -0.1325 0.1334 -0.9822

PART 76
OFFSET 27.1331 -4.3686 -13.5910
SCALE 1 1 1
X -0.9771 -0.1265 0.1708
Y -0.0943 0.9782 0.1848
Z -0.1905 0.1645 -0.9678

PART 77
OFFSET 26.2048 -4.4888 -13.4287
SCALE 1 1 1
X 0.8341 -0.5411 -0.1067
Y 0.5335 0.8407 -0.0927
Z 0.1399 0.0204 0.9900

PART 78
OFFSET 0.0000 0.0000 0.0000
SCALE 1 1 1
X 1.0000 0.0000 0.0000
Y 0.0000 1.0000 0.0000
Z 0.0000 0.0000 1.0000

PART 79
OFFSET 22.5938 -4.6663 -7.7979
SCALE 1 1 1
X 0.9997 0.0166 0.0156
Y -0.0186 0.9898 0.1410
Z -0.0130 -0.1412 0.9899

PART 80
OFFSET 40.3040 -4.3340 -7.8075
SCALE 1 1 1
X 0.9997 0.0166 0.0156
Y -0.0185 0.9911 0.1318
Z -0.0132 -0.1321 0.9911

PART 81
OFFSET 12.6843 -6.8592 -8.1818
SCALE 1 1 1
X -0.5948 -0.7593 -0.2639
Y 0.1057 0.2516 -0.9620
Z 0.7969 -0.6001 -0.0694

PART 82
OFFSET 12.0233 -7.7030 -8.4751
SCALE 1 1 1
X -0.6041 -0.7921 -0.0873
Y -0.0025 0.1115 -0.9938
Z 0.7969 -0.6001 -0.0694

PART 83
OFFSET 11.2275 -8.7464 -8.5902
SCALE 1 1 1
X -0.4310 -0.9023 -0.0104
Y 0.0545 -0.0375 0.9978
Z -0.9007 0.4294 0.0654

PART 84
OFFSET 10.7194 -9.8103 -8.6025
SCALE 1 1 1
X -0.4248 -0.9038 0.0526
Y 0.0597 0.0300 0.9978
Z -0.9033 0.4270 0.0412

PART 85
OFFSET 10.1633 -10.9933 -8.5337
SCALE 1 1 1
X -0.6024 -0.7972 0.0392
Y 0.1584 -0.0712 0.9848
Z -0.7823 0.5995 0.1692

PART 86
OFFSET 9.4660 -11.9160 -8.4882
SCALE 1 1 1
X -0.6368 -0.7361 0.2293
Y 0.2424 0.0912 0.9659
Z -0.7319 0.6707 0.1203

PART 87
OFFSET 8.9097 -12.5591 -8.2879
SCALE 1 1 1
X -0.6905 -0.7004 0.1805
Y 0.1900 0.0651 0.9796
Z -0.6979 0.7108 0.0881

PART 88
OFFSET 8.1916 -13.2874 -8.1003
SCALE 1 1 1
X -0.6377 -0.6862 0.3499
Y 0.2487 0.2465 0.9367
Z -0.7290 0.6844 0.0134

PART 89
OFFSET 7.4560 -14.0790 -7.6966
SCALE 1 1 1
X -0.6647 -0.7218 0.1925
Y 0.1157 0.1551 0.9811
Z -0.7381 0.6745 -0.0196

PART 90
OFFSET 6.8993 -14.6836 -7.5354
SCALE 1 1 1
X -0.6267 -0.7793 -0.0059
Y -0.7755 0.6229 0.1026
Z -0.0762 0.0689 -0.9947

PART 91
OFFSET 5.4983 -16.4256 -7.5486
SCALE 1 1 1
X 0.7910 -0.6116 -0.0155
Y 0.5995 0.7799 -0.1796
Z 0.1220 0.1328 0.9836


FRAME 159
PART 0
OFFSET 24.4732 -2.9396 -14.0336
SCALE 1 1 1
X 0.9742 0.0581 -0.2182
Y -0.0014 -0.9647 -0.2633
Z -0.2258 0.2568 -0.9397

PART 1
OFFSET 24.4732 -2.9396 -14.0336
SCALE 1 1 1
X 0.9742 0.0581 -0.2182
Y -0.0014 -0.9647 -0.2633
Z -0.2258 0.2568 -0.9397

PART 2
OFFSET 24.4732 -2.9396 -14.0336
SCALE 1 1 1
X 0.9742 0.0581 -0.2182
Y -0.0014 -0.9647 -0.2633
Z -0.2258 0.2568 -0.9397

PART 3
OFFSET 26.9681 -2.7293 -14.7336
SCALE 1 1 1
X 0.4324 -0.8495 -0.3024
Y -0.8852 -0.4638 0.0371
Z -0.1718 0.2516 -0.9525

PART 4
OFFSET 27.7043 -4.1755 -15.2484
SCALE 1 1 1
X -0.9121 -0.4072 0.0463
Y -0.3804 0.8831 0.2746
Z -0.1527 0.2328 -0.9604

PART 5
OFFSET 26.4401 -4.7400 -15.1842
SCALE 1 1 1
X -0.6516 0.7078 0.2727
Y 0.7442 0.6662 0.0492
Z -0.1469 0.2350 -0.9608

PART 6
OFFSET 25.7334 -3.9723 -14.8884
SCALE 1 1 1
X 0.1016 -0.9489 -0.2988
Y 0.9888 0.1294 -0.0748
Z 0.1096 -0.2879 0.9514

PART 7
OFFSET 26.3211 -3.8468 -12.0264
SCALE 1 1 1
X 0.9580 -0.2322 -0.1682
Y 0.2716 0.9231 0.2724
Z 0.0920 -0.3066 0.9474

PART 8
OFFSET 27.1885 -2.7812 -12.5678
SCALE 1 1 1
X 0.8581 -0.5057 -0.0890
Y -0.5119 -0.8288 -0.2260
Z 0.0405 0.2395 -0.9701

PART 9
OFFSET 28.6993 -3.6716 -12.7246
SCALE 1 1 1
X 0.0848 -0.9561 -0.2806
Y -0.9943 -0.0630 -0.0856
Z 0.0641 0.2862 -0.9560

PART 10
OFFSET 28.7985 -4.8513 -13.0076
SCALE 1 1 1
X -0.9051 -0.4029 -0.1361
Y -0.4223 0.8890 0.1768
Z 0.0497 0.2175 -0.9748

PART 11
OFFSET 27.7761 -5.3064 -13.1613
SCALE 1 1 1
X 0.6899 -0.6102 -0.3895
Y 0.7222 0.6174 0.3118
Z 0.0502 -0.4964 0.8666

PART 12
OFFSET 27.1767 -2.7176 -13.6707
SCALE 1 1 1
X 0.4094 -0.8501 -0.3314
Y -0.9071 -0.4180 -0.0483
Z -0.0975 0.3204 -0.9423

PART 13
OFFSET 27.9764 -4.3782 -14.3180
SCALE 1 1 1
X -0.8210 -0.5629 -0.0957
Y -0.5562 0.7505 0.3570
Z -0.1291 0.3463 -0.9292

PART 14
OFFSET 26.7772 -5.2004 -14.4578
SCALE 1 1 1
X -0.8608 0.4051 0.3082
Y 0.4904 0.8221 0.2891
Z -0.1362 0.4000 -0.9064

PART 15
OFFSET 25.8010 -4.7393 -14.1154
SCALE 1 1 1
X 0.3555 -0.8613 -0.3630
Y 0.9166 0.3972 -0.0448
Z 0.1827 -0.3168 0.9307

PART 16
OFFSET 22.4504 -1.2527 -14.6560
SCALE 1 1 1
X 0.8902 -0.4503 0.0691
Y 0.4292 0.8798 0.2043
Z -0.1528 -0.1522 0.9765

PART 17
OFFSET 21.4490 -2.4661 -15.2598
SCALE 1 1 1
X 0.8902 -0.4503 0.0691
Y 0.4292 0.8798 0.2043
Z -0.1528 -0.1522 0.9765

PART 18
OFFSET 22.4463 -1.9896 -12.2001
SCALE 1 1 1
X 0.8902 -0.4503 0.0691
Y 0.4292 0.8798 0.2043
Z -0.1528 -0.1522 0.9765

PART 19
OFFSET 21.7377 -3.1974 -12.2993
SCALE 1 1 1
X 0.8902 -0.4503 0.0691
Y 0.4292 0.8798 0.2043
Z -0.1528 -0.1522 0.9765

PART 20
OFFSET 21.3057 -3.3676 -13.3428
SCALE 1 1 1
X 0.8902 -0.4503 0.0691
Y 0.4292 0.8798 0.2043
Z -0.1528 -0.1522 0.9765

PART 21
OFFSET 22.5824 -4.6583 -10.1879
SCALE 1 1 1
X 0.9999 0.0135 -0.0069
Y -0.0125 0.9914 0.1302
Z 0.0086 -0.1301 0.9915

PART 22
