// Export filename: `C:\cod5\cod\cod5\xanim_export\viewmodel\US\flamethrower\viewmodel_flamethrower_lastshot.XANIM_EXPORT`
// Source filename: ``
// Export time: Thu May 29 17:56:56 2008

ANIMATION
VERSION 3

NUMPARTS 68
PART 0 "tag_cambone"
PART 1 "tag_camera"
PART 2 "tag_torso"
PART 3 "J_Shoulder_LE"
PART 4 "J_Elbow_LE"
PART 5 "J_WristTwist_LE"
PART 6 "J_Sleave_Reshape_Bottom_LE_1"
PART 7 "J_Sleave_Reshape_Bottom_LE_2"
PART 8 "J_Sleave_Reshape_Top_LE_1"
PART 9 "J_Sleave_Reshape_Top_LE_2"
PART 10 "J_Sleave_Reshape_Top_LE_3"
PART 11 "J_Wrist_LE"
PART 12 "J_Thumb_LE_0"
PART 13 "J_Thumb_LE_1"
PART 14 "J_Thumb_LE_2"
PART 15 "J_Thumb_LE_3"
PART 16 "J_PinkyPalm_LE"
PART 17 "J_Pinky_LE_0"
PART 18 "J_Pinky_LE_1"
PART 19 "J_Pinky_LE_2"
PART 20 "J_Pinky_LE_3"
PART 21 "J_RingPalm_LE"
PART 22 "J_Ring_LE_0"
PART 23 "J_Ring_LE_1"
PART 24 "J_Ring_LE_2"
PART 25 "J_Ring_LE_3"
PART 26 "J_Webbing_LE"
PART 27 "J_Index_LE_0"
PART 28 "J_Index_LE_1"
PART 29 "J_Index_LE_2"
PART 30 "J_Index_LE_3"
PART 31 "J_Mid_LE_0"
PART 32 "J_Mid_LE_1"
PART 33 "J_Mid_LE_2"
PART 34 "J_Mid_LE_3"
PART 35 "J_Shoulder_RI"
PART 36 "J_Elbow_RI"
PART 37 "J_WristTwist_RI"
PART 38 "J_Sleave_Reshape_Top_RI_3"
PART 39 "J_Sleave_Reshape_Top_RI_2"
PART 40 "J_Sleave_Reshape_Top_RI_1"
PART 41 "J_Wrist_RI"
PART 42 "J_Thumb_RI_0"
PART 43 "J_Thumb_RI_1"
PART 44 "J_Thumb_RI_2"
PART 45 "J_Thumb_RI_3"
PART 46 "J_PinkyPalm_RI"
PART 47 "J_Pinky_RI_0"
PART 48 "J_Pinky_RI_1"
PART 49 "J_Pinky_RI_2"
PART 50 "J_Pinky_RI_3"
PART 51 "J_RingPalm_RI"
PART 52 "J_Ring_RI_0"
PART 53 "J_Ring_RI_1"
PART 54 "J_Ring_RI_2"
PART 55 "J_Ring_RI_3"
PART 56 "J_Webbing_RI"
PART 57 "J_Index_RI_0"
PART 58 "J_Index_RI_1"
PART 59 "J_Index_RI_2"
PART 60 "J_Index_RI_3"
PART 61 "J_Mid_RI_0"
PART 62 "J_Mid_RI_1"
PART 63 "J_Mid_RI_2"
PART 64 "J_Mid_RI_3"
PART 65 "J_Gun"
PART 66 "tag_flash"
PART 67 "tag_weapon"

FRAMERATE 30
NUMFRAMES 20

FRAME 1
PART 0
OFFSET -0.0000  0.0000  0.0000
SCALE 1 1 1
X  1.0000  0.0000 -0.0000
Y -0.0000  1.0000 -0.0000
Z  0.0000  0.0000  1.0000

PART 1
OFFSET -0.0000  0.0000  0.0000
SCALE 1 1 1
X  1.0000  0.0000 -0.0000
Y -0.0000  1.0000 -0.0000
Z  0.0000  0.0000  1.0000

PART 2
OFFSET  3.5089 -5.5875 -2.6926
SCALE 1 1 1
X  1.0000  0.0000 -0.0000
Y -0.0000  1.0000  0.0000
Z  0.0000 -0.0000  1.0000

PART 3
OFFSET  3.1463  2.1254 -5.1010
SCALE 1 1 1
X  0.8719 -0.1263 -0.4730
Y -0.0789 -0.9898  0.1188
Z -0.4832 -0.0663 -0.8730

PART 4
OFFSET  13.6915  0.5983 -10.8219
SCALE 1 1 1
X  0.9205 -0.3736  0.1144
Y -0.2117 -0.2309  0.9497
Z -0.3284 -0.8984 -0.2916

PART 5
OFFSET  21.5209 -2.5791 -9.8487
SCALE 1 1 1
X  0.9205 -0.3736  0.1144
Y -0.2117 -0.2309  0.9497
Z -0.3284 -0.8984 -0.2916

PART 6
OFFSET  23.3248 -2.0515 -10.4303
SCALE 1 1 1
X  0.9227 -0.3697  0.1095
Y  0.3288  0.9027  0.2776
Z -0.2015 -0.2201  0.9544

PART 7
OFFSET  22.4805 -3.3243 -11.1380
SCALE 1 1 1
X  0.9227 -0.3697  0.1095
Y  0.3288  0.9027  0.2776
Z -0.2015 -0.2201  0.9544

PART 8
OFFSET  23.2341 -2.9331 -7.9909
SCALE 1 1 1
X  0.9227 -0.3697  0.1095
Y  0.3288  0.9027  0.2776
Z -0.2015 -0.2201  0.9544

PART 9
OFFSET  22.6617 -4.1359 -8.1836
SCALE 1 1 1
X  0.9227 -0.3697  0.1095
Y  0.3288  0.9027  0.2776
Z -0.2015 -0.2201  0.9544

PART 10
OFFSET  22.3123 -4.3156 -9.3156
SCALE 1 1 1
X  0.9227 -0.3697  0.1095
Y  0.3288  0.9027  0.2776
Z -0.2015 -0.2201  0.9544

PART 11
OFFSET  24.3429 -3.7244 -9.4979
SCALE 1 1 1
X  0.9978 -0.0232  0.0616
Y -0.0655 -0.2504  0.9659
Z -0.0070 -0.9679 -0.2513

PART 12
OFFSET  24.7257 -4.3739 -8.6412
SCALE 1 1 1
X  0.5390 -0.7729  0.3348
Y -0.7360 -0.2390  0.6334
Z -0.4095 -0.5878 -0.6977

PART 13
OFFSET  25.7927 -6.0983 -7.8944
SCALE 1 1 1
X  0.9716 -0.2345 -0.0307
Y -0.1677 -0.7746  0.6099
Z -0.1668 -0.5874 -0.7919

PART 14
OFFSET  27.3526 -6.4964 -8.0691
SCALE 1 1 1
X  0.8422  0.1875 -0.5054
Y  0.4394 -0.7820  0.4421
Z -0.3123 -0.5944 -0.7410

PART 15
OFFSET  28.2565 -6.3342 -8.6421
SCALE 1 1 1
X  0.9129  0.3591  0.1940
Y -0.3806  0.5772  0.7225
Z  0.1475 -0.7334  0.6636

PART 16
OFFSET  25.2560 -3.6716 -10.5308
SCALE 1 1 1
X  0.8568  0.0852 -0.5086
Y -0.0703 -0.9577 -0.2789
Z -0.5108  0.2747 -0.8146

PART 17
OFFSET  27.2431 -3.6442 -11.5963
SCALE 1 1 1
X  0.3616 -0.8976 -0.2520
Y -0.8329 -0.4325  0.3453
Z -0.4190  0.0851 -0.9040

PART 18
OFFSET  27.7550 -4.9151 -11.9531
SCALE 1 1 1
X -0.5138 -0.8415  0.1669
Y -0.7688  0.5380  0.3457
Z -0.3807  0.0493 -0.9234

PART 19
OFFSET  27.2994 -5.6612 -11.8051
SCALE 1 1 1
X -0.8959 -0.1919  0.4006
Y -0.1326  0.9763  0.1710
Z -0.4239  0.1001 -0.9001

PART 20
OFFSET  26.4483 -5.8434 -11.4245
SCALE 1 1 1
X  0.8298 -0.4806 -0.2836
Y  0.4229  0.8732 -0.2424
Z  0.3642  0.0812  0.9278

PART 21
OFFSET  25.4329 -3.7079 -9.8403
SCALE 1 1 1
X  0.9697  0.0490 -0.2395
Y -0.0245 -0.9553 -0.2947
Z -0.2432  0.2916 -0.9251

PART 22
OFFSET  27.9139 -3.5163 -10.5928
SCALE 1 1 1
X  0.3194 -0.8581 -0.4021
Y -0.7845 -0.4774  0.3958
Z -0.5316  0.1890 -0.8257

PART 23
OFFSET  28.4577 -4.9773 -11.2773
SCALE 1 1 1
X -0.6169 -0.7529  0.2291
Y -0.5928  0.6361  0.4939
Z -0.5176  0.1689 -0.8388

PART 24
OFFSET  27.6026 -6.0207 -10.9598
SCALE 1 1 1
X -0.8488  0.0300  0.5278
Y  0.1165  0.9845  0.1313
Z -0.5157  0.1730 -0.8392

PART 25
OFFSET  26.6820 -5.9882 -10.3874
SCALE 1 1 1
X  0.6035 -0.5785 -0.5487
Y  0.6040  0.7810 -0.1590
Z  0.5205 -0.2355  0.8207

PART 26
OFFSET  27.3112 -4.7122 -7.9090
SCALE 1 1 1
X  0.9496 -0.2425 -0.1987
Y  0.2940  0.9088  0.2959
Z  0.1088 -0.3395  0.9343

PART 27
OFFSET  28.1842 -3.6439 -8.4358
SCALE 1 1 1
X  0.9373 -0.3371 -0.0885
Y -0.3444 -0.9347 -0.0881
Z -0.0531  0.1131 -0.9922

PART 28
OFFSET  29.8345 -4.2374 -8.5917
SCALE 1 1 1
X  0.3512 -0.9218 -0.1642
Y -0.9362 -0.3478 -0.0501
Z -0.0109  0.1713 -0.9852

PART 29
OFFSET  30.2621 -5.3684 -8.7315
SCALE 1 1 1
X -0.3169 -0.9444 -0.0871
Y -0.9484  0.3147  0.0382
Z -0.0086  0.0947 -0.9955

PART 30
OFFSET  29.9041 -6.4352 -8.8298
SCALE 1 1 1
X  0.9569  0.0500 -0.2861
Y  0.0170  0.9738  0.2268
Z  0.2899 -0.2219  0.9310

PART 31
OFFSET  28.1476 -3.5434 -9.5354
SCALE 1 1 1
X  0.3434 -0.8586 -0.3806
Y -0.8101 -0.4758  0.3425
Z -0.4751  0.1907 -0.8590

PART 32
OFFSET  28.8185 -5.2208 -10.2788
SCALE 1 1 1
X -0.6740 -0.7106  0.2018
Y -0.5526  0.6663  0.5006
Z -0.4902  0.2259 -0.8418

PART 33
OFFSET  27.8339 -6.2587 -9.9841
SCALE 1 1 1
X -0.8360  0.1379  0.5311
Y  0.2658  0.9486  0.1720
Z -0.4800  0.2849 -0.8297

PART 34
OFFSET  26.8835 -6.1011 -9.3886
SCALE 1 1 1
X  0.5020 -0.7299 -0.4640
Y  0.7037  0.6566 -0.2715
Z  0.5028 -0.1902  0.8432

PART 35
OFFSET -2.3727 -11.0018 -3.9319
SCALE 1 1 1
X -0.2743 -0.3273  0.9042
Y -0.2876 -0.8693 -0.4019
Z  0.9176 -0.3703  0.1443

PART 36
OFFSET  0.9447 -7.0433 -14.8675
SCALE 1 1 1
X -0.8629 -0.0478 -0.5032
Y  0.5050 -0.0426 -0.8620
Z  0.0197 -0.9979  0.0609

PART 37
OFFSET  8.2838 -6.6368 -10.5879
SCALE 1 1 1
X -0.8629 -0.0478 -0.5032
Y  0.5050 -0.0426 -0.8620
Z  0.0197 -0.9979  0.0609

PART 38
OFFSET  9.1286 -5.3941 -9.2964
SCALE 1 1 1
X -0.8659 -0.0448 -0.4982
Y -0.0246  0.9986 -0.0471
Z  0.4996 -0.0285 -0.8658

PART 39
OFFSET  8.9874 -5.9398 -8.2391
SCALE 1 1 1
X -0.8659 -0.0448 -0.4982
Y -0.0246  0.9986 -0.0471
Z  0.4996 -0.0285 -0.8658

PART 40
OFFSET  9.2086 -7.2665 -8.2945
SCALE 1 1 1
X -0.8659 -0.0448 -0.4982
Y -0.0246  0.9986 -0.0471
Z  0.4996 -0.0285 -0.8658

PART 41
OFFSET  10.9291 -6.4903 -9.0454
SCALE 1 1 1
X -0.9867 -0.1188 -0.1112
Y  0.1176 -0.0483 -0.9919
Z  0.1125 -0.9917  0.0617

PART 42
OFFSET  11.2132 -5.9830 -8.0635
SCALE 1 1 1
X -0.4363 -0.6394 -0.6331
Y  0.8221  0.0028 -0.5694
Z  0.3658 -0.7689  0.5244

PART 43
OFFSET  12.0524 -4.5608 -6.6696
SCALE 1 1 1
X -0.9787 -0.1976 -0.0564
Y  0.1614 -0.5692 -0.8062
Z  0.1273 -0.7981  0.5889

PART 44
OFFSET  13.6276 -4.1863 -6.6927
SCALE 1 1 1
X -0.8825  0.0530  0.4672
Y -0.4017 -0.6016 -0.6905
Z  0.2445 -0.7970  0.5522

PART 45
OFFSET  14.5776 -4.1969 -7.2115
SCALE 1 1 1
X -0.8913  0.4271 -0.1521
Y  0.4441  0.7549 -0.4827
Z -0.0913 -0.4977 -0.8625

PART 46
OFFSET  11.8673 -6.2411 -10.0258
SCALE 1 1 1
X -0.8821 -0.0249  0.4705
Y  0.0767 -0.9929  0.0913
Z  0.4649  0.1166  0.8777

PART 47
OFFSET  13.9074 -6.0465 -10.9663
SCALE 1 1 1
X -0.9391 -0.3277  0.1032
Y  0.2992 -0.9278 -0.2228
Z  0.1687 -0.1783  0.9694

PART 48
OFFSET  15.2370 -5.5826 -11.1123
SCALE 1 1 1
X -0.3150 -0.9408 -0.1254
Y  0.9421 -0.2939 -0.1613
Z  0.1149 -0.1690  0.9789

PART 49
OFFSET  15.5163 -4.7485 -11.0011
SCALE 1 1 1
X  0.7159 -0.6559 -0.2394
Y  0.6773  0.7356  0.0099
Z  0.1696 -0.1693  0.9709

PART 50
OFFSET  14.8362 -4.1253 -10.7737
SCALE 1 1 1
X -0.9973  0.0644  0.0365
Y  0.0721  0.9560  0.2842
Z -0.0166  0.2861 -0.9581

PART 51
OFFSET  12.0218 -6.3213 -9.3335
SCALE 1 1 1
X -0.9744 -0.1042  0.1991
Y  0.1274 -0.9860  0.1074
Z  0.1852  0.1300  0.9741

PART 52
OFFSET  14.5261 -6.0919 -9.9927
SCALE 1 1 1
X -0.8550 -0.5182  0.0202
Y  0.5096 -0.8468 -0.1524
Z  0.0961 -0.1200  0.9881

PART 53
OFFSET  15.9817 -5.2096 -10.0271
SCALE 1 1 1
X  0.5898 -0.7919 -0.1579
Y  0.8049  0.5924  0.0355
Z  0.0654 -0.1480  0.9868

PART 54
OFFSET  15.1643 -4.1121 -9.8083
SCALE 1 1 1
X  0.9743  0.2147 -0.0685
Y -0.2016  0.9662  0.1607
Z  0.1007 -0.1428  0.9846

PART 55
OFFSET  14.1076 -4.3450 -9.7340
SCALE 1 1 1
X -0.6781 -0.7349  0.0127
Y -0.7277  0.6737  0.1285
Z -0.1030  0.0779 -0.9916

PART 56
OFFSET  6.7835 -7.4756 -8.6365
SCALE 1 1 1
X -0.9198 -0.3782  0.1043
Y -0.3896  0.9117 -0.1300
Z -0.0459 -0.1603 -0.9860

PART 57
OFFSET  14.7268 -6.3594 -7.8409
SCALE 1 1 1
X -0.3945 -0.9100 -0.1277
Y  0.8963 -0.4117  0.1648
Z -0.2025 -0.0495  0.9780

PART 58
OFFSET  15.4213 -4.7572 -7.6161
SCALE 1 1 1
X  0.7750 -0.6060  0.1794
Y  0.5699  0.7928  0.2161
Z -0.2732 -0.0653  0.9598

PART 59
OFFSET  14.4626 -4.0244 -7.7759
SCALE 1 1 1
X  0.9665  0.1564  0.2033
Y -0.1652  0.9859  0.0268
Z -0.1962 -0.0595  0.9788

PART 60
OFFSET  13.3709 -4.2011 -8.0055
SCALE 1 1 1
X -0.2207 -0.9577  0.1849
Y -0.9364  0.1550 -0.3149
Z  0.2729 -0.2426 -0.9309

PART 61
OFFSET  14.7290 -6.2466 -8.9399
SCALE 1 1 1
X -0.5311 -0.8329 -0.1556
Y  0.8467 -0.5147 -0.1351
Z  0.0324 -0.2034  0.9785

PART 62
OFFSET  15.7665 -4.6195 -8.6360
SCALE 1 1 1
X  0.8556 -0.5028 -0.1229
Y  0.5152  0.8503  0.1074
Z  0.0505 -0.1552  0.9866

PART 63
OFFSET  14.5168 -3.8850 -8.4565
SCALE 1 1 1
X  0.7121  0.6977  0.0780
Y -0.7020  0.7069  0.0862
Z  0.0050 -0.1161  0.9932

PART 64
OFFSET  13.7098 -4.6740 -8.5518
SCALE 1 1 1
X -0.0980 -0.9791 -0.1784
Y -0.9925  0.0830  0.0897
Z -0.0731  0.1858 -0.9799

PART 65
OFFSET  23.7229 -5.5875 -5.7976
SCALE 1 1 1
X  0.9977  0.0000 -0.0683
Y  0.0068  0.9951  0.0988
Z  0.0680 -0.0991  0.9928

PART 66
OFFSET  51.6136 -5.7381 -6.1914
SCALE 1 1 1
X  0.9977  0.0000 -0.0683
Y  0.0068  0.9951  0.0988
Z  0.0680 -0.0991  0.9928

PART 67
OFFSET  23.7229 -5.5875 -5.7976
SCALE 1 1 1
X  0.9977  0.0000 -0.0683
Y  0.0068  0.9951  0.0988
Z  0.0680 -0.0991  0.9928


FRAME 2
PART 0
OFFSET -0.0000  0.0000  0.0000
SCALE 1 1 1
X  1.0000  0.0000 -0.0000
Y -0.0000  1.0000 -0.0000
Z  0.0000  0.0000  1.0000

PART 1
OFFSET -0.0000  0.0000  0.0000
SCALE 1 1 1
X  1.0000  0.0000 -0.0000
Y -0.0000  1.0000 -0.0000
Z  0.0000  0.0000  1.0000

PART 2
OFFSET  3.5089 -5.5875 -2.6926
SCALE 1 1 1
X  1.0000  0.0000 -0.0000
Y -0.0000  1.0000  0.0000
Z  0.0000 -0.0000  1.0000

PART 3
OFFSET  3.1463  2.1254 -5.1010
SCALE 1 1 1
X  0.8719 -0.1263 -0.4730
Y -0.0789 -0.9898  0.1188
Z -0.4832 -0.0663 -0.8730

PART 4
OFFSET  13.6915  0.5983 -10.8219
SCALE 1 1 1
X  0.9205 -0.3736  0.1144
Y -0.2117 -0.2309  0.9497
Z -0.3284 -0.8984 -0.2916

PART 5
OFFSET  21.5209 -2.5791 -9.8487
SCALE 1 1 1
X  0.9205 -0.3736  0.1144
Y -0.2117 -0.2309  0.9497
Z -0.3284 -0.8984 -0.2916

PART 6
OFFSET  23.3248 -2.0515 -10.4303
SCALE 1 1 1
X  0.9227 -0.3697  0.1095
Y  0.3288  0.9027  0.2776
Z -0.2015 -0.2201  0.9544

PART 7
OFFSET  22.4805 -3.3243 -11.1380
SCALE 1 1 1
X  0.9227 -0.3697  0.1095
Y  0.3288  0.9027  0.2776
Z -0.2015 -0.2201  0.9544

PART 8
OFFSET  23.2341 -2.9331 -7.9909
SCALE 1 1 1
X  0.9227 -0.3697  0.1095
Y  0.3288  0.9027  0.2776
Z -0.2015 -0.2201  0.9544

PART 9
OFFSET  22.6617 -4.1359 -8.1836
SCALE 1 1 1
X  0.9227 -0.3697  0.1095
Y  0.3288  0.9027  0.2776
Z -0.2015 -0.2201  0.9544

PART 10
OFFSET  22.3123 -4.3156 -9.3156
SCALE 1 1 1
X  0.9227 -0.3697  0.1095
Y  0.3288  0.9027  0.2776
Z -0.2015 -0.2201  0.9544

PART 11
OFFSET  24.3429 -3.7244 -9.4979
SCALE 1 1 1
X  0.9978 -0.0232  0.0616
Y -0.0655 -0.2504  0.9659
Z -0.0070 -0.9679 -0.2513

PART 12
OFFSET  24.7257 -4.3739 -8.6412
SCALE 1 1 1
X  0.5390 -0.7729  0.3348
Y -0.7360 -0.2390  0.6334
Z -0.4095 -0.5878 -0.6977

PART 13
OFFSET  25.7927 -6.0983 -7.8944
SCALE 1 1 1
X  0.9716 -0.2345 -0.0307
Y -0.1677 -0.7746  0.6099
Z -0.1668 -0.5874 -0.7919

PART 14
OFFSET  27.3526 -6.4964 -8.0691
SCALE 1 1 1
X  0.8422  0.1875 -0.5054
Y  0.4394 -0.7820  0.4421
Z -0.3123 -0.5944 -0.7410

PART 15
OFFSET  28.2565 -6.3342 -8.6421
SCALE 1 1 1
X  0.9129  0.3591  0.1940
Y -0.3806  0.5772  0.7225
Z  0.1475 -0.7334  0.6636

PART 16
OFFSET  25.2560 -3.6716 -10.5308
SCALE 1 1 1
X  0.8568  0.0852 -0.5086
Y -0.0703 -0.9577 -0.2789
Z -0.5108  0.2747 -0.8146

PART 17
OFFSET  27.2431 -3.6442 -11.5963
SCALE 1 1 1
X  0.3616 -0.8976 -0.2520
Y -0.8329 -0.4325  0.3453
Z -0.4190  0.0851 -0.9040

PART 18
OFFSET  27.7550 -4.9151 -11.9531
SCALE 1 1 1
X -0.5138 -0.8415  0.1669
Y -0.7688  0.5380  0.3457
Z -0.3807  0.0493 -0.9234

PART 19
OFFSET  27.2994 -5.6612 -11.8051
SCALE 1 1 1
X -0.8959 -0.1919  0.4006
Y -0.1326  0.9763  0.1710
Z -0.4239  0.1001 -0.9001

PART 20
OFFSET  26.4483 -5.8434 -11.4245
SCALE 1 1 1
X  0.8298 -0.4806 -0.2836
Y  0.4229  0.8732 -0.2424
Z  0.3642  0.0812  0.9278

PART 21
OFFSET  25.4329 -3.7079 -9.8403
SCALE 1 1 1
X  0.9697  0.0490 -0.2395
Y -0.0245 -0.9553 -0.2947
Z -0.2432  0.2916 -0.9251

PART 22
OFFSET  27.9139 -3.5163 -10.5928
SCALE 1 1 1
X  0.3194 -0.8581 -0.4021
Y -0.7845 -0.4774  0.3958
Z -0.5316  0.1890 -0.8257

PART 23
OFFSET  28.4577 -4.9773 -11.2773
SCALE 1 1 1
X -0.6169 -0.7529  0.2291
Y -0.5928  0.6361  0.4939
Z -0.5176  0.1689 -0.8388

PART 24
OFFSET  27.6026 -6.0207 -10.9598
SCALE 1 1 1
X -0.8488  0.0300  0.5278
Y  0.1165  0.9845  0.1313
Z -0.5157  0.1730 -0.8392

PART 25
OFFSET  26.6820 -5.9882 -10.3874
SCALE 1 1 1
X  0.6035 -0.5785 -0.5487
Y  0.6040  0.7810 -0.1590
Z  0.5205 -0.2355  0.8207

PART 26
OFFSET  27.3112 -4.7122 -7.9090
SCALE 1 1 1
X  0.9496 -0.2425 -0.1987
Y  0.2940  0.9088  0.2959
Z  0.1088 -0.3395  0.9343

PART 27
OFFSET  28.1842 -3.6439 -8.4358
SCALE 1 1 1
X  0.9373 -0.3371 -0.0885
Y -0.3444 -0.9347 -0.0881
Z -0.0531  0.1131 -0.9922

PART 28
OFFSET  29.8345 -4.2374 -8.5917
SCALE 1 1 1
X  0.3512 -0.9218 -0.1642
Y -0.9362 -0.3478 -0.0501
Z -0.0109  0.1713 -0.9852

PART 29
OFFSET  30.2621 -5.3684 -8.7315
SCALE 1 1 1
X -0.3169 -0.9444 -0.0871
Y -0.9484  0.3147  0.0382
Z -0.0086  0.0947 -0.9955

PART 30
OFFSET  29.9041 -6.4352 -8.8298
SCALE 1 1 1
X  0.9569  0.0500 -0.2861
Y  0.0170  0.9738  0.2268
Z  0.2899 -0.2219  0.9310

PART 31
OFFSET  28.1476 -3.5434 -9.5354
SCALE 1 1 1
X  0.3434 -0.8586 -0.3806
Y -0.8101 -0.4758  0.3425
Z -0.4751  0.1907 -0.8590

PART 32
OFFSET  28.8185 -5.2208 -10.2788
SCALE 1 1 1
X -0.6740 -0.7106  0.2018
Y -0.5526  0.6663  0.5006
Z -0.4902  0.2259 -0.8418

PART 33
OFFSET  27.8339 -6.2587 -9.9841
SCALE 1 1 1
X -0.8360  0.1379  0.5311
Y  0.2658  0.9486  0.1720
Z -0.4800  0.2849 -0.8297

PART 34
OFFSET  26.8835 -6.1011 -9.3886
SCALE 1 1 1
X  0.5020 -0.7299 -0.4640
Y  0.7037  0.6566 -0.2715
Z  0.5028 -0.1902  0.8432

PART 35
OFFSET -2.3727 -11.0018 -3.9319
SCALE 1 1 1
X -0.2743 -0.3273  0.9042
Y -0.2876 -0.8693 -0.4019
Z  0.9176 -0.3703  0.1443

PART 36
OFFSET  0.9447 -7.0433 -14.8675
SCALE 1 1 1
X -0.8629 -0.0478 -0.5032
Y  0.5050 -0.0426 -0.8620
Z  0.0197 -0.9979  0.0609

PART 37
OFFSET  8.2838 -6.6368 -10.5879
SCALE 1 1 1
X -0.8629 -0.0478 -0.5032
Y  0.5050 -0.0426 -0.8620
Z  0.0197 -0.9979  0.0609

PART 38
OFFSET  9.1286 -5.3941 -9.2964
SCALE 1 1 1
X -0.8659 -0.0448 -0.4982
Y -0.0246  0.9986 -0.0471
Z  0.4996 -0.0285 -0.8658

PART 39
OFFSET  8.9874 -5.9398 -8.2391
SCALE 1 1 1
X -0.8659 -0.0448 -0.4982
Y -0.0246  0.9986 -0.0471
Z  0.4996 -0.0285 -0.8658

PART 40
OFFSET  9.2086 -7.2665 -8.2945
SCALE 1 1 1
X -0.8659 -0.0448 -0.4982
Y -0.0246  0.9986 -0.0471
Z  0.4996 -0.0285 -0.8658

PART 41
OFFSET  10.9291 -6.4903 -9.0454
SCALE 1 1 1
X -0.9867 -0.1188 -0.1112
Y  0.1176 -0.0483 -0.9919
Z  0.1125 -0.9917  0.0617

PART 42
OFFSET  11.2132 -5.9830 -8.0635
SCALE 1 1 1
X -0.4363 -0.6394 -0.6331
Y  0.8221  0.0028 -0.5694
Z  0.3658 -0.7689  0.5244

PART 43
OFFSET  12.0524 -4.5608 -6.6696
SCALE 1 1 1
X -0.9787 -0.1976 -0.0564
Y  0.1614 -0.5692 -0.8062
Z  0.1273 -0.7981  0.5889

PART 44
OFFSET  13.6276 -4.1863 -6.6927
SCALE 1 1 1
X -0.8825  0.0530  0.4672
Y -0.4017 -0.6016 -0.6905
Z  0.2445 -0.7970  0.5522

PART 45
OFFSET  14.5776 -4.1969 -7.2115
SCALE 1 1 1
X -0.8913  0.4271 -0.1521
Y  0.4441  0.7549 -0.4827
Z -0.0913 -0.4977 -0.8625

PART 46
OFFSET  11.8673 -6.2411 -10.0258
SCALE 1 1 1
X -0.8821 -0.0249  0.4705
Y  0.0767 -0.9929  0.0913
Z  0.4649  0.1166  0.8777

PART 47
OFFSET  13.9074 -6.0465 -10.9663
SCALE 1 1 1
X -0.9391 -0.3277  0.1032
Y  0.2992 -0.9278 -0.2228
Z  0.1687 -0.1783  0.9694

PART 48
OFFSET  15.2370 -5.5826 -11.1123
SCALE 1 1 1
X -0.3150 -0.9408 -0.1254
Y  0.9421 -0.2939 -0.1613
Z  0.1149 -0.1690  0.9789

PART 49
OFFSET  15.5163 -4.7485 -11.0011
SCALE 1 1 1
X  0.7159 -0.6559 -0.2394
Y  0.6773  0.7356  0.0099
Z  0.1696 -0.1693  0.9709

PART 50
OFFSET  14.8362 -4.1253 -10.7737
SCALE 1 1 1
X -0.9973  0.0644  0.0365
Y  0.0721  0.9560  0.2842
Z -0.0166  0.2861 -0.9581

PART 51
OFFSET  12.0218 -6.3213 -9.3335
SCALE 1 1 1
X -0.9744 -0.1042  0.1991
Y  0.1274 -0.9860  0.1074
Z  0.1852  0.1300  0.9741

PART 52
OFFSET  14.5261 -6.0919 -9.9927
SCALE 1 1 1
X -0.8550 -0.5182  0.0202
Y  0.5096 -0.8468 -0.1524
Z  0.0961 -0.1200  0.9881

PART 53
OFFSET  15.9817 -5.2096 -10.0271
SCALE 1 1 1
X  0.5898 -0.7919 -0.1579
Y  0.8049  0.5924  0.0355
Z  0.0654 -0.1480  0.9868

PART 54
OFFSET  15.1643 -4.1121 -9.8083
SCALE 1 1 1
X  0.9743  0.2147 -0.0685
Y -0.2016  0.9662  0.1607
Z  0.1007 -0.1428  0.9846

PART 55
OFFSET  14.1076 -4.3450 -9.7340
SCALE 1 1 1
X -0.6781 -0.7349  0.0127
Y -0.7277  0.6737  0.1285
Z -0.1030  0.0779 -0.9916

PART 56
OFFSET  6.7835 -7.4756 -8.6365
SCALE 1 1 1
X -0.9198 -0.3782  0.1043
Y -0.3896  0.9117 -0.1300
Z -0.0459 -0.1603 -0.9860

PART 57
OFFSET  14.7268 -6.3594 -7.8409
SCALE 1 1 1
X -0.3945 -0.9100 -0.1277
Y  0.8963 -0.4117  0.1648
Z -0.2025 -0.0495  0.9780

PART 58
OFFSET  15.4213 -4.7572 -7.6161
SCALE 1 1 1
X  0.7750 -0.6060  0.1794
Y  0.5699  0.7928  0.2161
Z -0.2732 -0.0653  0.9598

PART 59
OFFSET  14.4626 -4.0244 -7.7759
SCALE 1 1 1
X  0.9665  0.1564  0.2033
Y -0.1652  0.9859  0.0268
Z -0.1962 -0.0595  0.9788

PART 60
OFFSET  13.3709 -4.2011 -8.0055
SCALE 1 1 1
X -0.2207 -0.9577  0.1849
Y -0.9364  0.1550 -0.3149
Z  0.2729 -0.2426 -0.9309

PART 61
OFFSET  14.7290 -6.2466 -8.9399
SCALE 1 1 1
X -0.5311 -0.8329 -0.1556
Y  0.8467 -0.5147 -0.1351
Z  0.0324 -0.2034  0.9785

PART 62
OFFSET  15.7665 -4.6195 -8.6360
SCALE 1 1 1
X  0.8556 -0.5028 -0.1229
Y  0.5152  0.8503  0.1074
Z  0.0505 -0.1552  0.9866

PART 63
OFFSET  14.5168 -3.8850 -8.4565
SCALE 1 1 1
X  0.7121  0.6977  0.0780
Y -0.7020  0.7069  0.0862
Z  0.0050 -0.1161  0.9932

PART 64
OFFSET  13.7098 -4.6740 -8.5518
SCALE 1 1 1
X -0.0980 -0.9791 -0.1784
Y -0.9925  0.0830  0.0897
Z -0.0731  0.1858 -0.9799

PART 65
OFFSET  23.7229 -5.5875 -5.7976
SCALE 1 1 1
X  0.9977  0.0000 -0.0683
Y  0.0068  0.9951  0.0988
Z  0.0680 -0.0991  0.9928

PART 66
OFFSET  51.6136 -5.7381 -6.1914
SCALE 1 1 1
X  0.9977  0.0000 -0.0683
Y  0.0068  0.9951  0.0988
Z  0.0680 -0.0991  0.9928

PART 67
OFFSET  23.7229 -5.5875 -5.7976
SCALE 1 1 1
X  0.9977  0.0000 -0.0683
Y  0.0068  0.9951  0.0988
Z  0.0680 -0.0991  0.9928


FRAME 3
PART 0
OFFSET -0.0000  0.0000  0.0000
SCALE 1 1 1
X  1.0000  0.0000 -0.0000
Y -0.0000  1.0000 -0.0000
Z  0.0000  0.0000  1.0000

PART 1
OFFSET -0.2259  0.0000  0.0000
SCALE 1 1 1
X  1.0000  0.0000 -0.0084
Y  0.0000  1.0000  0.0001
Z  0.0084 -0.0001  1.0000

PART 2
OFFSET  3.5089 -5.5875 -2.6926
SCALE 1 1 1
X  1.0000  0.0000 -0.0000
Y -0.0000  1.0000  0.0000
Z  0.0000 -0.0000  1.0000

PART 3
OFFSET  3.1463  2.1254 -5.1010
SCALE 1 1 1
X  0.8383 -0.0850 -0.5385
Y -0.0422 -0.9949  0.0913
Z -0.5436 -0.0539 -0.8376

PART 4
OFFSET  13.2848  1.0976 -11.6138
SCALE 1 1 1
X  0.9007 -0.3938  0.1837
Y -0.2991 -0.2554  0.9194
Z -0.3151 -0.8830 -0.3478

PART 5
OFFSET  20.9455 -2.2514 -10.0516
SCALE 1 1 1
X  0.9007 -0.3938  0.1837
Y -0.2991 -0.2554  0.9194
Z -0.3151 -0.8830 -0.3478

PART 6
OFFSET  22.8021 -1.7399 -10.4541
SCALE 1 1 1
X  0.9033 -0.3898  0.1791
Y  0.3168  0.8877  0.3341
Z -0.2892 -0.2450  0.9254

PART 7
OFFSET  22.0043 -2.9750 -11.2737
SCALE 1 1 1
X  0.9033 -0.3898  0.1791
Y  0.3168  0.8877  0.3341
Z -0.2892 -0.2450  0.9254

PART 8
OFFSET  22.4804 -2.6926 -8.0614
SCALE 1 1 1
X  0.9033 -0.3898  0.1791
Y  0.3168  0.8877  0.3341
Z -0.2892 -0.2450  0.9254

PART 9
OFFSET  21.9087 -3.8783 -8.3420
SCALE 1 1 1
X  0.9033 -0.3898  0.1791
Y  0.3168  0.8877  0.3341
Z -0.2892 -0.2450  0.9254

PART 10
OFFSET  21.6588 -4.0174 -9.5056
SCALE 1 1 1
X  0.9033 -0.3898  0.1791
Y  0.3168  0.8877  0.3341
Z -0.2892 -0.2450  0.9254

PART 11
OFFSET  23.7067 -3.4586 -9.4885
SCALE 1 1 1
X  0.9961 -0.0650  0.0602
Y -0.0768 -0.2960  0.9521
Z -0.0440 -0.9530 -0.2999

PART 12
OFFSET  24.0625 -4.1648 -8.6657
SCALE 1 1 1
X  0.5988 -0.7646  0.2382
Y -0.6836 -0.3331  0.6494
Z -0.4172 -0.5517 -0.7222

PART 13
OFFSET  25.2633 -5.8787 -8.1271
SCALE 1 1 1
X  0.9617 -0.2736 -0.0161
Y -0.2171 -0.7961  0.5648
Z -0.1674 -0.5397 -0.8250

PART 14
OFFSET  26.8100 -6.3334 -8.2791
SCALE 1 1 1
X  0.8931  0.0949 -0.4398
Y  0.3141 -0.8314  0.4584
Z -0.3221 -0.5476 -0.7723

PART 15
OFFSET  27.7664 -6.2700 -8.7823
SCALE 1 1 1
X  0.9309  0.2505  0.2659
Y -0.3650  0.6099  0.7034
Z  0.0140 -0.7519  0.6592

PART 16
OFFSET  24.6229 -3.3892 -10.5176
SCALE 1 1 1
X  0.8604  0.0775 -0.5038
Y -0.1069 -0.9390 -0.3269
Z -0.4984  0.3351 -0.7996

PART 17
OFFSET  26.6115 -3.3852 -11.5807
SCALE 1 1 1
X  0.3269 -0.8971 -0.2971
Y -0.8497 -0.4167  0.3232
Z -0.4137  0.1467 -0.8985

PART 18
OFFSET  27.0744 -4.6554 -12.0013
SCALE 1 1 1
X -0.5464 -0.8283  0.1243
Y -0.7480  0.5493  0.3726
Z -0.3769  0.1105 -0.9196

PART 19
OFFSET  26.5899 -5.3897 -11.8910
SCALE 1 1 1
X -0.9034 -0.1769  0.3906
Y -0.0949  0.9708  0.2201
Z -0.4181  0.1618 -0.8939

PART 20
OFFSET  25.7317 -5.5578 -11.5200
SCALE 1 1 1
X  0.8111 -0.4975 -0.3077
Y  0.4568  0.8672 -0.1981
Z  0.3654  0.0202  0.9306

PART 21
OFFSET  24.7971 -3.4671 -9.8298
SCALE 1 1 1
X  0.9712  0.0233 -0.2369
Y -0.0610 -0.9375 -0.3425
Z -0.2301  0.3471 -0.9091

PART 22
OFFSET  27.2850 -3.3343 -10.5721
SCALE 1 1 1
X  0.2866 -0.8485 -0.4449
Y -0.8031 -0.4660  0.3713
Z -0.5224  0.2509 -0.8150

PART 23
OFFSET  27.7729 -4.7788 -11.3296
SCALE 1 1 1
X -0.6461 -0.7390  0.1909
Y -0.5686  0.6329  0.5255
Z -0.5092  0.2309 -0.8291

PART 24
OFFSET  26.8775 -5.8030 -11.0650
SCALE 1 1 1
X -0.8480  0.0363  0.5288
Y  0.1543  0.9713  0.1808
Z -0.5071  0.2349 -0.8293

PART 25
OFFSET  25.9578 -5.7636 -10.4915
SCALE 1 1 1
X  0.5816 -0.5730 -0.5773
Y  0.6341  0.7640 -0.1195
Z  0.5095 -0.2966  0.8077

PART 26
OFFSET  26.6316 -4.6397 -7.9520
SCALE 1 1 1
X  0.9398 -0.2689 -0.2109
Y  0.3285  0.8806  0.3414
Z  0.0939 -0.3901  0.9160

PART 27
OFFSET  27.5463 -3.5808 -8.4244
SCALE 1 1 1
X  0.8499 -0.5146 -0.1131
Y -0.5254 -0.8438 -0.1091
Z -0.0393  0.1521 -0.9876

PART 28
OFFSET  29.0427 -4.4869 -8.6235
SCALE 1 1 1
X -0.0658 -0.9781 -0.1975
Y -0.9974  0.0702 -0.0156
Z  0.0292  0.1960 -0.9802

PART 29
OFFSET  28.9610 -5.6879 -8.8041
SCALE 1 1 1
X -0.8266 -0.5594 -0.0611
Y -0.5627  0.8202  0.1032
Z -0.0076  0.1198 -0.9928

PART 30
OFFSET  28.0273 -6.3197 -8.8732
SCALE 1 1 1
X  0.7749 -0.5246 -0.3525
Y  0.6138  0.7578  0.2214
Z  0.1510 -0.3880  0.9092

PART 31
OFFSET  27.5155 -3.4237 -9.5175
SCALE 1 1 1
X  0.3105 -0.8510 -0.4235
Y -0.8286 -0.4607  0.3182
Z -0.4659  0.2521 -0.8482

PART 32
OFFSET  28.1222 -5.0862 -10.3448
SCALE 1 1 1
X -0.7014 -0.6932  0.1658
Y -0.5273  0.6612  0.5337
Z -0.4796  0.2869 -0.8293

PART 33
OFFSET  27.0977 -6.0987 -10.1026
SCALE 1 1 1
X -0.8310  0.1433  0.5375
Y  0.3020  0.9277  0.2196
Z -0.4672  0.3448 -0.8142

PART 34
OFFSET  26.1530 -5.9346 -9.4998
SCALE 1 1 1
X  0.4741 -0.7245 -0.5004
Y  0.7291  0.6417 -0.2382
Z  0.4936 -0.2519  0.8324

PART 35
OFFSET -2.3727 -11.0018 -3.9319
SCALE 1 1 1
X -0.2129 -0.3283  0.9203
Y -0.2811 -0.8815 -0.3795
Z  0.9358 -0.3395  0.0954

PART 36
OFFSET  0.2021 -7.0308 -15.0613
SCALE 1 1 1
X -0.8706 -0.0649 -0.4877
Y  0.4883  0.0083 -0.8727
Z  0.0607 -0.9979  0.0245

PART 37
OFFSET  7.6068 -6.4783 -10.9131
SCALE 1 1 1
X -0.8706 -0.0649 -0.4877
Y  0.4883  0.0083 -0.8727
Z  0.0607 -0.9979  0.0245

PART 38
OFFSET  8.4281 -5.2488 -9.5942
SCALE 1 1 1
X -0.8736 -0.0623 -0.4826
Y -0.0653  0.9978 -0.0105
Z  0.4822  0.0223 -0.8758

PART 39
OFFSET  8.3308 -5.8367 -8.5547
SCALE 1 1 1
X -0.8736 -0.0623 -0.4826
Y -0.0653  0.9978 -0.0105
Z  0.4822  0.0223 -0.8758

PART 40
OFFSET  8.6035 -7.1505 -8.6623
SCALE 1 1 1
X -0.8736 -0.0623 -0.4826
Y -0.0653  0.9978 -0.0105
Z  0.4822  0.0223 -0.8758

PART 41
OFFSET  10.2757 -6.2792 -9.4179
SCALE 1 1 1
X -0.9856 -0.1096 -0.1286
Y  0.1292  0.0018 -0.9916
Z  0.1089 -0.9940  0.0124

PART 42
OFFSET  10.5497 -5.8236 -8.4082
SCALE 1 1 1
X -0.4306 -0.6048 -0.6699
Y  0.8288  0.0289 -0.5589
Z  0.3574 -0.7958  0.4888

PART 43
OFFSET  11.3764 -4.4770 -6.9341
SCALE 1 1 1
X -0.9785 -0.1911 -0.0777
Y  0.1692 -0.5280 -0.8322
Z  0.1180 -0.8275  0.5490

PART 44
OFFSET  12.9529 -4.1074 -6.9197
SCALE 1 1 1
X -0.8878  0.0322  0.4590
Y -0.3952 -0.5643 -0.7248
Z  0.2357 -0.8250  0.5137

PART 45
OFFSET  13.9089 -4.0949 -7.4272
SCALE 1 1 1
X -0.8882  0.4374 -0.1405
Y  0.4519  0.7769 -0.4384
Z -0.0826 -0.4529 -0.8877

PART 46
OFFSET  11.2261 -5.9837 -10.3734
SCALE 1 1 1
X -0.8876 -0.0457  0.4583
Y  0.0727 -0.9965  0.0415
Z  0.4548  0.0702  0.8878

PART 47
OFFSET  13.2778 -5.7486 -11.2789
SCALE 1 1 1
X -0.9412 -0.3292  0.0754
Y  0.2992 -0.9163 -0.2662
Z  0.1568 -0.2280  0.9610

PART 48
OFFSET  14.6104 -5.2825 -11.3856
SCALE 1 1 1
X -0.3162 -0.9321 -0.1768
Y  0.9431 -0.2886 -0.1651
Z  0.1028 -0.2190  0.9703

PART 49
OFFSET  14.8907 -4.4561 -11.2288
SCALE 1 1 1
X  0.7168 -0.6454 -0.2641
Y  0.6793  0.7318  0.0553
Z  0.1576 -0.2191  0.9629

PART 50
OFFSET  14.2098 -3.8430 -10.9779
SCALE 1 1 1
X -0.9974  0.0659  0.0281
Y  0.0715  0.9401  0.3334
Z -0.0044  0.3345 -0.9424

PART 51
OFFSET  11.3722 -6.0996 -9.6843
SCALE 1 1 1
X -0.9770 -0.1108  0.1822
Y  0.1233 -0.9906  0.0585
Z  0.1740  0.0796  0.9815

PART 52
OFFSET  13.8847 -5.8457 -10.3017
SCALE 1 1 1
X -0.8567 -0.5156 -0.0162
Y  0.5089 -0.8397 -0.1894
Z  0.0841 -0.1705  0.9818

PART 53
OFFSET  15.3433 -4.9679 -10.2742
SCALE 1 1 1
X  0.5894 -0.7849 -0.1911
Y  0.8061  0.5870  0.0750
Z  0.0533 -0.1982  0.9787

PART 54
OFFSET  14.5264 -3.8800 -10.0093
SCALE 1 1 1
X  0.9756  0.2145 -0.0461
Y -0.2007  0.9574  0.2074
Z  0.0886 -0.1931  0.9772

PART 55
OFFSET  13.4683 -4.1127 -9.9593
SCALE 1 1 1
X -0.6803 -0.7322 -0.0326
Y -0.7272  0.6689  0.1542
Z -0.0911  0.1286 -0.9875

PART 56
OFFSET  6.1227 -7.2696 -9.1081
SCALE 1 1 1
X -0.9221 -0.3798  0.0742
Y -0.3854  0.9185 -0.0880
Z -0.0347 -0.1097 -0.9934

PART 57
OFFSET  14.0592 -6.2230 -8.1642
SCALE 1 1 1
X -0.3956 -0.9009 -0.1785
Y  0.8931 -0.4226  0.1540
Z -0.2142 -0.0985  0.9718

PART 58
OFFSET  14.7557 -4.6368 -7.8500
SCALE 1 1 1
X  0.7710 -0.6171  0.1573
Y  0.5696  0.7787  0.2628
Z -0.2847 -0.1131  0.9519

PART 59
OFFSET  13.8011 -3.8935 -7.9834
SCALE 1 1 1
X  0.9645  0.1425  0.2222
Y -0.1627  0.9838  0.0751
Z -0.2079 -0.1086  0.9721

PART 60
OFFSET  12.7116 -4.0545 -8.2344
SCALE 1 1 1
X -0.2256 -0.9650  0.1333
Y -0.9321  0.1741 -0.3175
Z  0.2832 -0.1959 -0.9388

PART 61
OFFSET  14.0748 -6.0545 -9.2559
SCALE 1 1 1
X -0.5316 -0.8220 -0.2040
Y  0.8467 -0.5101 -0.1512
Z  0.0203 -0.2531  0.9672

PART 62
OFFSET  15.1133 -4.4486 -8.8574
SCALE 1 1 1
X  0.8555 -0.4989 -0.1384
Y  0.5163  0.8420  0.1566
Z  0.0384 -0.2054  0.9779

PART 63
OFFSET  13.8637 -3.7198 -8.6553
SCALE 1 1 1
X  0.7132  0.6903  0.1218
Y -0.7010  0.7040  0.1139
Z -0.0071 -0.1666  0.9860

PART 64
OFFSET  13.0556 -4.5001 -8.8001
SCALE 1 1 1
X -0.0987 -0.9684 -0.2291
Y -0.9933  0.0817  0.0823
Z -0.0609  0.2357 -0.9699

PART 65
OFFSET  23.0328 -5.5875 -5.9794
SCALE 1 1 1
X  0.9984  0.0000 -0.0566
Y  0.0085  0.9887  0.1495
Z  0.0560 -0.1497  0.9871

PART 66
OFFSET  50.9256 -5.8151 -6.0552
SCALE 1 1 1
X  0.9984  0.0000 -0.0566
Y  0.0085  0.9887  0.1495
Z  0.0560 -0.1497  0.9871

PART 67
OFFSET  23.0328 -5.5875 -5.9794
SCALE 1 1 1
X  0.9984  0.0000 -0.0566
Y  0.0085  0.9887  0.1495
Z  0.0560 -0.1497  0.9871


FRAME 4
PART 0
OFFSET -0.0000  0.0000  0.0000
SCALE 1 1 1
X  1.0000  0.0000 -0.0000
Y -0.0000  1.0000 -0.0000
Z  0.0000  0.0000  1.0000

PART 1
OFFSET -0.6453  0.0000  0.0000
SCALE 1 1 1
X  0.9997  0.0000 -0.0229
Y  0.0000  1.0000  0.0002
Z  0.0229 -0.0002  0.9997

PART 2
OFFSET  3.5089 -5.5875 -2.6926
SCALE 1 1 1
X  1.0000  0.0000 -0.0000
Y -0.0000  1.0000  0.0000
Z  0.0000 -0.0000  1.0000

PART 3
OFFSET  3.1463  2.1254 -5.1010
SCALE 1 1 1
X  0.7730 -0.0517 -0.6323
Y -0.0281 -0.9985  0.0474
Z -0.6338 -0.0189 -0.7733

PART 4
OFFSET  12.4951  1.4996 -12.7476
SCALE 1 1 1
X  0.8631 -0.4439  0.2410
Y -0.3588 -0.2029  0.9111
Z -0.3555 -0.8728 -0.3344

PART 5
OFFSET  19.8359 -2.2757 -10.6979
SCALE 1 1 1
X  0.8631 -0.4439  0.2410
Y -0.3588 -0.2029  0.9111
Z -0.3555 -0.8728 -0.3344

PART 6
OFFSET  21.7392 -1.8987 -11.0237
SCALE 1 1 1
X  0.8662 -0.4403  0.2365
Y  0.3582  0.8769  0.3206
Z -0.3485 -0.1930  0.9172

PART 7
OFFSET  20.9020 -3.1085 -11.8417
SCALE 1 1 1
X  0.8662 -0.4403  0.2365
Y  0.3582  0.8769  0.3206
Z -0.3485 -0.1930  0.9172

PART 8
OFFSET  21.2420 -2.7434 -8.6205
SCALE 1 1 1
X  0.8662 -0.4403  0.2365
Y  0.3582  0.8769  0.3206
Z -0.3485 -0.1930  0.9172

PART 9
OFFSET  20.6076 -3.8993 -8.8908
SCALE 1 1 1
X  0.8662 -0.4403  0.2365
Y  0.3582  0.8769  0.3206
Z -0.3485 -0.1930  0.9172

PART 10
OFFSET  20.4048 -4.0633 -10.0603
SCALE 1 1 1
X  0.8662 -0.4403  0.2365
Y  0.3582  0.8769  0.3206
Z -0.3485 -0.1930  0.9172

PART 11
OFFSET  22.4818 -3.6364 -9.9591
SCALE 1 1 1
X  0.9949 -0.0385  0.0931
Y -0.1000 -0.2639  0.9593
Z -0.0124 -0.9638 -0.2665

PART 12
OFFSET  22.8278 -4.3042 -9.1009
SCALE 1 1 1
X  0.6086 -0.7409  0.2840
Y -0.6959 -0.3265  0.6397
Z -0.3812 -0.5869 -0.7143

PART 13
OFFSET  24.0505 -5.9683 -8.4640
SCALE 1 1 1
X  0.9678 -0.2506  0.0234
Y -0.2163 -0.7807  0.5863
Z -0.1287 -0.5725 -0.8098

PART 14
OFFSET  25.6114 -6.3903 -8.5519
SCALE 1 1 1
X  0.9041  0.1010 -0.4153
Y  0.3187 -0.8067  0.4976
Z -0.2848 -0.5822 -0.7615

PART 15
OFFSET  26.5815 -6.3214 -9.0274
SCALE 1 1 1
X  0.9160  0.2823  0.2851
Y -0.4011  0.6253  0.6694
Z  0.0107 -0.7275  0.6860

PART 16
OFFSET  23.4283 -3.5812 -10.9615
SCALE 1 1 1
X  0.8738  0.0805 -0.4796
Y -0.0747 -0.9523 -0.2959
Z -0.4805  0.2943 -0.8261

PART 17
OFFSET  25.4488 -3.5665 -11.9624
SCALE 1 1 1
X  0.3569 -0.8989 -0.2543
Y -0.8495 -0.4255  0.3118
Z -0.3885  0.1047 -0.9155

PART 18
OFFSET  25.9541 -4.8391 -12.3224
SCALE 1 1 1
X -0.5306 -0.8364  0.1373
Y -0.7719  0.5438  0.3293
Z -0.3501  0.0687 -0.9342

PART 19
OFFSET  25.4836 -5.5807 -12.2007
SCALE 1 1 1
X -0.9109 -0.1849  0.3688
Y -0.1244  0.9754  0.1819
Z -0.3934  0.1198 -0.9115

PART 20
OFFSET  24.6182 -5.7564 -11.8503
SCALE 1 1 1
X  0.8317 -0.4882 -0.2644
Y  0.4426  0.8705 -0.2152
Z  0.3353  0.0620  0.9401

PART 21
OFFSET  23.5824 -3.6305 -10.2662
SCALE 1 1 1
X  0.9774  0.0386 -0.2077
Y -0.0284 -0.9503 -0.3102
Z -0.2093  0.3090 -0.9277

PART 22
OFFSET  26.0887 -3.4635 -10.9361
SCALE 1 1 1
X  0.3201 -0.8565 -0.4050
Y -0.8034 -0.4720  0.3631
Z -0.5021  0.2091 -0.8392

PART 23
OFFSET  26.6337 -4.9216 -11.6256
SCALE 1 1 1
X -0.6344 -0.7473  0.1976
Y -0.5994  0.6370  0.4846
Z -0.4880  0.1890 -0.8521

PART 24
OFFSET  25.7544 -5.9573 -11.3518
SCALE 1 1 1
X -0.8648  0.0343  0.5009
Y  0.1260  0.9806  0.1503
Z -0.4860  0.1930 -0.8524

PART 25
OFFSET  24.8165 -5.9201 -10.8086
SCALE 1 1 1
X  0.6127 -0.5788 -0.5381
Y  0.6196  0.7745 -0.1275
Z  0.4905 -0.2553  0.8332

PART 26
OFFSET  25.3835 -4.6909 -8.2918
SCALE 1 1 1
X  0.9520 -0.2532 -0.1721
Y  0.2970  0.8999  0.3193
Z  0.0740 -0.3551  0.9319

PART 27
OFFSET  26.2878 -3.6275 -8.7739
SCALE 1 1 1
X  0.8648 -0.4974 -0.0683
Y -0.5020 -0.8597 -0.0946
Z -0.0116  0.1161 -0.9932

PART 28
OFFSET  27.8104 -4.5033 -8.8941
SCALE 1 1 1
X -0.0368 -0.9858 -0.1640
Y -0.9978  0.0453 -0.0488
Z  0.0555  0.1618 -0.9853

PART 29
OFFSET  27.7623 -5.7116 -9.0336
SCALE 1 1 1
X -0.8111 -0.5812 -0.0663
Y -0.5846  0.8094  0.0562
Z  0.0210  0.0843 -0.9962

PART 30
OFFSET  26.8462 -6.3680 -9.1084
SCALE 1 1 1
X  0.7976 -0.5178 -0.3094
Y  0.5887  0.7799  0.2126
Z  0.1312 -0.3518  0.9269

PART 31
OFFSET  26.2879 -3.5099 -9.8724
SCALE 1 1 1
X  0.3434 -0.8577 -0.3827
Y -0.8273 -0.4692  0.3090
Z -0.4446  0.2105 -0.8707

PART 32
OFFSET  26.9588 -5.1854 -10.6200
SCALE 1 1 1
X -0.6900 -0.7037  0.1691
Y -0.5591  0.6666  0.4930
Z -0.4597  0.2457 -0.8534

PART 33
OFFSET  25.9509 -6.2133 -10.3730
SCALE 1 1 1
X -0.8506  0.1420  0.5062
Y  0.2733  0.9419  0.1951
Z -0.4491  0.3043 -0.8401

PART 34
OFFSET  24.9841 -6.0510 -9.8058
SCALE 1 1 1
X  0.5064 -0.7299 -0.4591
Y  0.7211  0.6504 -0.2387
Z  0.4728 -0.2102  0.8557

PART 35
OFFSET -2.3727 -11.0018 -3.9319
SCALE 1 1 1
X -0.0993 -0.3037  0.9476
Y -0.2899 -0.9022 -0.3195
Z  0.9519 -0.3064  0.0015

PART 36
OFFSET -1.1723 -7.3292 -15.3919
SCALE 1 1 1
X -0.8841 -0.0780 -0.4607
Y  0.4630 -0.0137 -0.8863
Z  0.0628 -0.9969  0.0482

PART 37
OFFSET  6.3476 -6.6658 -11.4736
SCALE 1 1 1
X -0.8841 -0.0780 -0.4607
Y  0.4630 -0.0137 -0.8863
Z  0.0628 -0.9969  0.0482

PART 38
OFFSET  7.2047 -5.4024 -10.2107
SCALE 1 1 1
X -0.8870 -0.0752 -0.4555
Y -0.0670  0.9972 -0.0341
Z  0.4568  0.0002 -0.8896

PART 39
OFFSET  7.1381 -5.9636 -9.1542
SCALE 1 1 1
X -0.8870 -0.0752 -0.4555
Y -0.0670  0.9972 -0.0341
Z  0.4568  0.0002 -0.8896

PART 40
OFFSET  7.4094 -7.2796 -9.2359
SCALE 1 1 1
X -0.8870 -0.0752 -0.4555
Y -0.0670  0.9972 -0.0341
Z  0.4568  0.0002 -0.8896

PART 41
OFFSET  9.0580 -6.4267 -10.0612
SCALE 1 1 1
X -0.9821 -0.1161 -0.1484
Y  0.1531 -0.0332 -0.9876
Z  0.1097 -0.9927  0.0504

PART 42
OFFSET  9.3070 -5.9349 -9.0621
SCALE 1 1 1
X -0.4136 -0.6291 -0.6581
Y  0.8420  0.0107 -0.5394
Z  0.3464 -0.7772  0.5253

PART 43
OFFSET  10.0963 -4.5352 -7.6173
SCALE 1 1 1
X -0.9761 -0.1957 -0.0945
Y  0.1899 -0.5569 -0.8086
Z  0.1056 -0.8072  0.5807

PART 44
OFFSET  11.6715 -4.1620 -7.5781
SCALE 1 1 1
X -0.8987  0.0467  0.4360
Y -0.3769 -0.5905 -0.7136
Z  0.2241 -0.8057  0.5483

PART 45
OFFSET  12.6396 -4.1657 -8.0625
SCALE 1 1 1
X -0.8851  0.4303 -0.1774
Y  0.4615  0.7617 -0.4547
Z -0.0606 -0.4843 -0.8728

PART 46
OFFSET  10.0309 -6.1634 -11.0034
SCALE 1 1 1
X -0.8984 -0.0312  0.4381
Y  0.0729 -0.9942  0.0787
Z  0.4331  0.1026  0.8955

PART 47
OFFSET  12.1036 -5.9565 -11.8670
SCALE 1 1 1
X -0.9424 -0.3282  0.0644
Y  0.3066 -0.9246 -0.2262
Z  0.1338 -0.1934  0.9720

PART 48
OFFSET  13.4378 -5.4919 -11.9581
SCALE 1 1 1
X -0.3108 -0.9384 -0.1511
Y  0.9471 -0.2924 -0.1319
Z  0.0796 -0.1841  0.9797

PART 49
OFFSET  13.7133 -4.6598 -11.8241
SCALE 1 1 1
X  0.7237 -0.6529 -0.2237
Y  0.6769  0.7347  0.0456
Z  0.1346 -0.1844  0.9736

PART 50
OFFSET  13.0258 -4.0396 -11.6116
SCALE 1 1 1
X -0.9979  0.0648  0.0017
Y  0.0623  0.9515  0.3014
Z  0.0180  0.3008 -0.9535

PART 51
OFFSET  10.1604 -6.2545 -10.3074
SCALE 1 1 1
X -0.9810 -0.1062  0.1624
Y  0.1230 -0.9877  0.0967
Z  0.1502  0.1148  0.9820

PART 52
OFFSET  12.6869 -6.0176 -10.8727
SCALE 1 1 1
X -0.8554 -0.5176 -0.0185
Y  0.5143 -0.8449 -0.1471
Z  0.0605 -0.1353  0.9890

PART 53
OFFSET  14.1433 -5.1364 -10.8412
SCALE 1 1 1
X  0.5947 -0.7900 -0.1488
Y  0.8034  0.5909  0.0735
Z  0.0299 -0.1632  0.9861

PART 54
OFFSET  13.3190 -4.0415 -10.6350
SCALE 1 1 1
X  0.9762  0.2147 -0.0302
Y -0.2068  0.9638  0.1683
Z  0.0652 -0.1580  0.9853

PART 55
OFFSET  12.2603 -4.2744 -10.6023
SCALE 1 1 1
X -0.6785 -0.7343 -0.0229
Y -0.7315  0.6724  0.1127
Z -0.0673  0.0932 -0.9934

PART 56
OFFSET  4.8999 -7.4138 -9.8166
SCALE 1 1 1
X -0.9232 -0.3788  0.0654
Y -0.3843  0.9140 -0.1299
Z -0.0106 -0.1450 -0.9894

PART 57
OFFSET  12.8101 -6.3184 -8.7195
SCALE 1 1 1
X -0.3901 -0.9075 -0.1558
Y  0.8896 -0.4151  0.1904
Z -0.2375 -0.0643  0.9693

PART 58
OFFSET  13.4969 -4.7206 -8.4452
SCALE 1 1 1
X  0.7677 -0.6095  0.1977
Y  0.5622  0.7887  0.2486
Z -0.3075 -0.0797  0.9482

PART 59
OFFSET  12.5449 -3.9844 -8.6279
SCALE 1 1 1
X  0.9587  0.1523  0.2402
Y -0.1656  0.9855  0.0361
Z -0.2312 -0.0744  0.9700

PART 60
OFFSET  11.4620 -4.1564 -8.8992
SCALE 1 1 1
X -0.2277 -0.9602  0.1621
Y -0.9244  0.1608 -0.3459
Z  0.3061 -0.2286 -0.9242

PART 61
OFFSET  12.8518 -6.1887 -9.8158
SCALE 1 1 1
X -0.5256 -0.8298 -0.1873
Y  0.8507 -0.5134 -0.1125
Z -0.0028 -0.2185  0.9758

PART 62
OFFSET  13.8786 -4.5675 -9.4498
SCALE 1 1 1
X  0.8592 -0.5018 -0.0999
Y  0.5114  0.8480  0.1389
Z  0.0150 -0.1704  0.9853

PART 63
OFFSET  12.6236 -3.8346 -9.3039
SCALE 1 1 1
X  0.7092  0.6957  0.1143
Y -0.7043  0.7062  0.0718
Z -0.0307 -0.1314  0.9909

PART 64
OFFSET  11.8201 -4.6211 -9.4403
SCALE 1 1 1
X -0.0920 -0.9761 -0.1968
Y -0.9950  0.0826  0.0553
Z -0.0378  0.2009 -0.9789

PART 65
OFFSET  21.7275 -5.5875 -6.3430
SCALE 1 1 1
X  0.9995  0.0000 -0.0325
Y  0.0037  0.9934  0.1144
Z  0.0323 -0.1144  0.9929

PART 66
OFFSET  49.6143 -5.7615 -5.7383
SCALE 1 1 1
X  0.9995  0.0000 -0.0325
Y  0.0037  0.9934  0.1144
Z  0.0323 -0.1144  0.9929

PART 67
OFFSET  21.7275 -5.5875 -6.3430
SCALE 1 1 1
X  0.9995  0.0000 -0.0325
Y  0.0037  0.9934  0.1144
Z  0.0323 -0.1144  0.9929


FRAME 5
PART 0
OFFSET -0.0000  0.0000  0.0000
SCALE 1 1 1
X  1.0000  0.0000 -0.0000
Y -0.0000  1.0000 -0.0000
Z  0.0000  0.0000  1.0000

PART 1
OFFSET -0.8712  0.0000  0.0000
SCALE 1 1 1
X  0.9996  0.0000 -0.0272
Y  0.0000  1.0000  0.0004
Z  0.0272 -0.0004  0.9996

PART 2
OFFSET  3.5089 -5.5875 -2.6926
SCALE 1 1 1
X  1.0000  0.0000 -0.0000
Y -0.0000  1.0000  0.0000
Z  0.0000 -0.0000  1.0000

PART 3
OFFSET  3.1463  2.1254 -5.1010
SCALE 1 1 1
X  0.7339 -0.0388 -0.6781
Y -0.0299 -0.9992  0.0248
Z -0.6785  0.0021 -0.7346

PART 4
OFFSET  12.0226  1.6563 -13.3019
SCALE 1 1 1
X  0.8432 -0.4714  0.2584
Y -0.3749 -0.1712  0.9111
Z -0.3853 -0.8651 -0.3211

PART 5
OFFSET  19.1945 -2.3533 -11.1044
SCALE 1 1 1
X  0.8432 -0.4714  0.2584
Y -0.3749 -0.1712  0.9111
Z -0.3853 -0.8651 -0.3211

PART 6
OFFSET  21.1138 -2.0551 -11.4179
SCALE 1 1 1
X  0.8465 -0.4680  0.2538
Y  0.3883  0.8688  0.3072
Z -0.3643 -0.1615  0.9172

PART 7
OFFSET  20.2390 -3.2482 -12.2209
SCALE 1 1 1
X  0.8465 -0.4680  0.2538
Y  0.3883  0.8688  0.3072
Z -0.3643 -0.1615  0.9172

PART 8
OFFSET  20.5620 -2.8328 -9.0040
SCALE 1 1 1
X  0.8465 -0.4680  0.2538
Y  0.3883  0.8688  0.3072
Z -0.3643 -0.1615  0.9172

PART 9
OFFSET  19.8867 -3.9689 -9.2584
SCALE 1 1 1
X  0.8465 -0.4680  0.2538
Y  0.3883  0.8688  0.3072
Z -0.3643 -0.1615  0.9172

PART 10
OFFSET  19.6889 -4.1482 -10.4264
SCALE 1 1 1
X  0.8465 -0.4680  0.2538
Y  0.3883  0.8688  0.3072
Z -0.3643 -0.1615  0.9172

PART 11
OFFSET  21.7796 -3.7985 -10.3123
SCALE 1 1 1
X  0.9928 -0.0206  0.1176
Y -0.1192 -0.2310  0.9656
Z  0.0073 -0.9727 -0.2318

PART 12
OFFSET  22.1142 -4.4300 -9.4227
SCALE 1 1 1
X  0.6119 -0.7213  0.3246
Y -0.7064 -0.3136  0.6346
Z -0.3559 -0.6176 -0.7014

PART 13
OFFSET  23.3443 -6.0521 -8.6979
SCALE 1 1 1
X  0.9704 -0.2353  0.0550
Y -0.2194 -0.7623  0.6089
Z -0.1014 -0.6029 -0.7914

PART 14
OFFSET  24.9125 -6.4540 -8.7341
SCALE 1 1 1
X  0.9122  0.0994 -0.3974
Y  0.3179 -0.7837  0.5337
Z -0.2584 -0.6132 -0.7465

PART 15
OFFSET  25.8926 -6.3879 -9.1890
SCALE 1 1 1
X  0.9049  0.3057  0.2961
Y -0.4256  0.6429  0.6368
Z  0.0044 -0.7023  0.7119

PART 16
OFFSET  22.7488 -3.7652 -11.2936
SCALE 1 1 1
X  0.8838  0.0761 -0.4616
Y -0.0544 -0.9633 -0.2630
Z -0.4647  0.2576 -0.8472

PART 17
OFFSET  24.7922 -3.7565 -12.2470
SCALE 1 1 1
X  0.3753 -0.9020 -0.2133
Y -0.8508 -0.4266  0.3070
Z -0.3679  0.0663 -0.9275

PART 18
OFFSET  25.3235 -5.0336 -12.5490
SCALE 1 1 1
X -0.5221 -0.8387  0.1550
