// Export filename: `C:/cod5/cod/cod5/xanim_export/viewmodel/US/flamethrower/viewmodel_flamethrower_first_pullout.XANIM_EXPORT`
// Source filename: `C:/cod5/cod/cod5/animation_assets/viewmodel/US/flamethrower/viewmodelanimation_m2flamethrower.mb`
// Export time: Thu Aug 21 19:34:23 2008

ANIMATION
VERSION 3

NUMPARTS 92
PART 0 "RingPalm_FK_LE"
PART 1 "RingPalm_SDK_LE"
PART 2 "J_RingPalm_LE"
PART 3 "J_Ring_LE_0"
PART 4 "J_Ring_LE_1"
PART 5 "J_Ring_LE_2"
PART 6 "J_Ring_LE_3"
PART 7 "J_Webbing_LE"
PART 8 "J_Index_LE_0"
PART 9 "J_Index_LE_1"
PART 10 "J_Index_LE_2"
PART 11 "J_Index_LE_3"
PART 12 "J_Mid_LE_0"
PART 13 "J_Mid_LE_1"
PART 14 "J_Mid_LE_2"
PART 15 "J_Mid_LE_3"
PART 16 "D_Sleave_Reshape_Bottom_LE_1"
PART 17 "D_Sleave_Reshape_Bottom_LE_2"
PART 18 "D_Sleave_Reshape_Top_LE_1"
PART 19 "D_Sleave_Reshape_Top_LE_2"
PART 20 "D_Sleave_Reshape_Top_LE_3"
PART 21 "tag_weapon"
PART 22 "J_Shoulder_RI"
PART 23 "J_Elbow_RI"
PART 24 "J_WristTwist_RI"
PART 25 "J_Sleave_Reshape_Top_RI_3"
PART 26 "J_Sleave_Reshape_Top_RI_2"
PART 27 "J_Sleave_Reshape_Top_RI_1"
PART 28 "J_Wrist_RI"
PART 29 "J_Thumb_RI_0"
PART 30 "J_Thumb_RI_1"
PART 31 "J_Thumb_RI_2"
PART 32 "J_Thumb_RI_3"
PART 33 "J_PinkyPalm_RI"
PART 34 "J_Pinky_RI_0"
PART 35 "J_Pinky_RI_1"
PART 36 "J_Pinky_RI_2"
PART 37 "J_Pinky_RI_3"
PART 38 "J_RingPalm_RI"
PART 39 "J_Ring_RI_0"
PART 40 "J_Ring_RI_1"
PART 41 "J_Ring_RI_2"
PART 42 "J_Ring_RI_3"
PART 43 "J_Webbing_RI"
PART 44 "J_Index_RI_0"
PART 45 "J_Index_RI_1"
PART 46 "J_Index_RI_2"
PART 47 "J_Index_RI_3"
PART 48 "J_Mid_RI_0"
PART 49 "J_Mid_RI_1"
PART 50 "J_Mid_RI_2"
PART 51 "J_Mid_RI_3"
PART 52 "D_Sleave_Reshape_Top_RI_3"
PART 53 "D_Sleave_Reshape_Top_RI_2"
PART 54 "D_Sleave_Reshape_Top_RI_1"
PART 55 "tag_cambone"
PART 56 "tag_camera"
PART 57 "RingPalm_FK_RI"
PART 58 "RingPalm_SDK_RI"
PART 59 "tag_torso"
PART 60 "J_Shoulder_LE"
PART 61 "J_Elbow_LE"
PART 62 "J_WristTwist_LE"
PART 63 "J_Sleave_Reshape_Bottom_LE_1"
PART 64 "J_Sleave_Reshape_Bottom_LE_2"
PART 65 "J_Sleave_Reshape_Top_LE_1"
PART 66 "J_Sleave_Reshape_Top_LE_2"
PART 67 "J_Sleave_Reshape_Top_LE_3"
PART 68 "J_Wrist_LE"
PART 69 "J_Thumb_LE_0"
PART 70 "J_Thumb_LE_1"
PART 71 "J_Thumb_LE_2"
PART 72 "J_Thumb_LE_3"
PART 73 "J_PinkyPalm_LE"
PART 74 "J_Pinky_LE_0"
PART 75 "J_Pinky_LE_1"
PART 76 "J_Pinky_LE_2"
PART 77 "J_Pinky_LE_3"
PART 78 "tag_gasmask"
PART 79 "J_Gun"
PART 80 "tag_flash"
PART 81 "hose1"
PART 82 "hose2"
PART 83 "hose3"
PART 84 "hose4"
PART 85 "hose5"
PART 86 "hose6"
PART 87 "hose7"
PART 88 "hose8"
PART 89 "hose9"
PART 90 "hose10"
PART 91 "hose11"

FRAMERATE 30
NUMFRAMES 61

FRAME 260
PART 0
OFFSET 22.6863 -3.1804 -17.0965
SCALE 1 1 1
X 0.7630 0.0884 -0.6403
Y -0.0292 -0.9849 -0.1707
Z -0.6458 0.1489 -0.7489

PART 1
OFFSET 22.6863 -3.1804 -17.0965
SCALE 1 1 1
X 0.7630 0.0884 -0.6403
Y -0.0292 -0.9849 -0.1707
Z -0.6458 0.1489 -0.7489

PART 2
OFFSET 22.6863 -3.1804 -17.0965
SCALE 1 1 1
X 0.7630 0.0884 -0.6403
Y -0.0292 -0.9849 -0.1707
Z -0.6458 0.1489 -0.7489

PART 3
OFFSET 24.5713 -2.9072 -18.8659
SCALE 1 1 1
X 0.3283 -0.8509 -0.4101
Y -0.7271 -0.5047 0.4653
Z -0.6030 0.1454 -0.7844

PART 4
OFFSET 25.1301 -4.3560 -19.5640
SCALE 1 1 1
X -0.7522 -0.4491 0.4821
Y -0.2976 0.8844 0.3595
Z -0.5879 0.1270 -0.7989

PART 5
OFFSET 24.0876 -4.9784 -18.8958
SCALE 1 1 1
X -0.5232 0.6954 0.4926
Y 0.6215 0.7068 -0.3377
Z -0.5830 0.1294 -0.8021

PART 6
OFFSET 23.5201 -4.2242 -18.3616
SCALE 1 1 1
X 0.0450 -0.9672 -0.2501
Y 0.8336 0.1743 -0.5242
Z 0.5506 -0.1849 0.8140

PART 7
OFFSET 25.3133 -3.7814 -16.0943
SCALE 1 1 1
X 0.7981 -0.1960 -0.5698
Y 0.2774 0.9590 0.0587
Z 0.5349 -0.2049 0.8197

PART 8
OFFSET 25.7425 -2.7302 -17.0387
SCALE 1 1 1
X 0.8689 -0.2199 -0.4435
Y -0.2604 -0.9650 -0.0317
Z -0.4210 0.1431 -0.8957

PART 9
OFFSET 27.2723 -3.1174 -17.8195
SCALE 1 1 1
X 0.4923 -0.7745 -0.3972
Y -0.7677 -0.6014 0.2213
Z -0.4103 0.1960 -0.8907

PART 10
OFFSET 27.8956 -4.0709 -18.2483
SCALE 1 1 1
X -0.3152 -0.9490 0.0005
Y -0.8650 0.2875 0.4112
Z -0.3904 0.1292 -0.9115

PART 11
OFFSET 27.5396 -5.1428 -18.2477
SCALE 1 1 1
X 0.7737 0.0857 -0.6278
Y 0.0914 0.9654 0.2444
Z 0.6270 -0.2465 0.7390

PART 12
OFFSET 25.2319 -2.7780 -18.0172
SCALE 1 1 1
X 0.2948 -0.8557 -0.4253
Y -0.7892 -0.4690 0.3965
Z -0.5388 0.2187 -0.8136

PART 13
OFFSET 25.8079 -4.4496 -18.8480
SCALE 1 1 1
X -0.7203 -0.6130 0.3246
Y -0.4046 0.7514 0.5212
Z -0.5634 0.2441 -0.7893

PART 14
OFFSET 24.7558 -5.3450 -18.3739
SCALE 1 1 1
X -0.6651 0.3870 0.6387
Y 0.4889 0.8721 -0.0194
Z -0.5645 0.2993 -0.7692

PART 15
OFFSET 23.9982 -4.9052 -17.6559
SCALE 1 1 1
X 0.2338 -0.8729 -0.4282
Y 0.7579 0.4395 -0.4821
Z 0.6090 -0.2118 0.7643

PART 16
OFFSET 21.5180 -2.2409 -13.9529
SCALE 1 1 1
X 0.4221 -0.8619 -0.2810
Y -0.1142 -0.3581 0.9267
Z -0.8993 -0.3591 -0.2496

PART 17
OFFSET 22.2213 -0.7567 -16.0752
SCALE 1 1 1
X 0.4221 -0.8619 -0.2810
Y -0.1142 -0.3581 0.9267
Z -0.8993 -0.3591 -0.2496

PART 18
OFFSET 19.9552 -3.2689 -14.9603
SCALE 1 1 1
X 0.4221 -0.8619 -0.2810
Y -0.1142 -0.3581 0.9267
Z -0.8993 -0.3591 -0.2496

PART 19
OFFSET 20.0804 -2.5890 -16.4859
SCALE 1 1 1
X 0.4221 -0.8619 -0.2810
Y -0.1142 -0.3581 0.9267
Z -0.8993 -0.3591 -0.2496

PART 20
OFFSET 20.2750 -1.6202 -17.7971
SCALE 1 1 1
X 0.4221 -0.8619 -0.2810
Y -0.1142 -0.3581 0.9267
Z -0.8993 -0.3591 -0.2496

PART 21
OFFSET 22.8237 -4.7552 -12.7689
SCALE 1 1 1
X 0.8929 0.0300 -0.4492
Y 0.0087 0.9964 0.0839
Z 0.4501 -0.0788 0.8895

PART 22
OFFSET -5.3605 -11.2544 4.7523
SCALE 1 1 1
X -0.3593 -0.1363 0.9232
Y -0.2152 -0.9505 -0.2241
Z 0.9080 -0.2792 0.3122

PART 23
OFFSET -1.0146 -9.6057 -6.4127
SCALE 1 1 1
X -0.9320 -0.2777 0.2330
Y -0.2331 -0.0333 -0.9719
Z 0.2777 -0.9601 -0.0337

PART 24
OFFSET 6.9123 -7.2435 -8.3945
SCALE 1 1 1
X -0.9320 -0.2777 0.2330
Y -0.2097 -0.1113 -0.9714
Z 0.2957 -0.9542 0.0455

PART 25
OFFSET 8.1056 -5.7085 -7.9639
SCALE 1 1 1
X -0.9313 -0.2749 0.2389
Y -0.2717 0.9612 0.0470
Z -0.2425 -0.0211 -0.9699

PART 26
OFFSET 8.8499 -6.1282 -7.1353
SCALE 1 1 1
X -0.9313 -0.2749 0.2389
Y -0.2717 0.9612 0.0470
Z -0.2425 -0.0211 -0.9699

PART 27
OFFSET 9.2601 -7.4162 -7.4572
SCALE 1 1 1
X -0.9313 -0.2749 0.2389
Y -0.2717 0.9612 0.0470
Z -0.2425 -0.0211 -0.9699

PART 28
OFFSET 9.7694 -6.3920 -9.1088
SCALE 1 1 1
X -0.9284 -0.0659 0.3658
Y -0.3600 -0.0860 -0.9290
Z 0.0927 -0.9941 0.0562

PART 29
OFFSET 10.4963 -5.8712 -8.3999
SCALE 1 1 1
X -0.7234 -0.6884 0.0527
Y -0.1297 0.0605 -0.9897
Z 0.6781 -0.7228 -0.1330

PART 30
OFFSET 12.0326 -4.3516 -8.4075
SCALE 1 1 1
X -0.5766 -0.3289 0.7479
Y -0.5524 -0.5175 -0.6535
Z 0.6019 -0.7900 0.1167

PART 31
OFFSET 12.8632 -3.7630 -9.6669
SCALE 1 1 1
X 0.1003 0.0541 0.9935
Y -0.7655 -0.6336 0.1118
Z 0.6355 -0.7717 -0.0222

PART 32
OFFSET 12.7386 -3.7755 -10.7421
SCALE 1 1 1
X -0.4919 0.4051 0.7707
Y -0.3116 0.7446 -0.5903
Z -0.8130 -0.5305 -0.2401

PART 33
OFFSET 10.1508 -6.2275 -10.4244
SCALE 1 1 1
X -0.5634 0.0327 0.8256
Y 0.1201 -0.9854 0.1210
Z 0.8174 0.1673 0.5512

PART 34
OFFSET 11.5209 -6.1559 -12.2139
SCALE 1 1 1
X -0.6781 -0.2682 0.6842
Y 0.2764 -0.9557 -0.1007
Z 0.6810 0.1209 0.7223

PART 35
OFFSET 12.4810 -5.7762 -13.1826
SCALE 1 1 1
X -0.6550 -0.4244 0.6252
Y 0.4034 -0.8960 -0.1857
Z 0.6390 0.1305 0.7581

PART 36
OFFSET 13.0618 -5.3998 -13.7370
SCALE 1 1 1
X -0.5085 -0.6786 0.5300
Y 0.5404 -0.7308 -0.4171
Z 0.6703 0.0743 0.7383

PART 37
OFFSET 13.5449 -4.7552 -14.2405
SCALE 1 1 1
X -0.0472 0.9670 -0.2503
Y 0.8199 -0.1056 -0.5627
Z -0.5705 -0.2318 -0.7879

PART 38
OFFSET 10.6072 -6.2947 -9.8796
SCALE 1 1 1
X -0.7724 -0.0422 0.6338
Y 0.1274 -0.9878 0.0894
Z 0.6223 0.1497 0.7683

PART 39
OFFSET 12.5221 -6.2291 -11.6367
SCALE 1 1 1
X -0.7114 -0.3075 0.6320
Y 0.2585 -0.9506 -0.1716
Z 0.6536 0.0413 0.7557

PART 40
OFFSET 13.7332 -5.7056 -12.7126
SCALE 1 1 1
X -0.2774 -0.9204 0.2756
Y 0.7234 -0.3889 -0.5705
Z 0.6322 0.0411 0.7737

PART 41
OFFSET 14.1177 -4.4300 -13.0946
SCALE 1 1 1
X 0.5357 -0.7468 -0.3941
Y 0.5581 0.6634 -0.4984
Z 0.6336 0.0471 0.7722

PART 42
OFFSET 13.5367 -3.6200 -12.6672
SCALE 1 1 1
X -0.7266 0.2352 0.6456
Y 0.1225 0.9689 -0.2152
Z -0.6761 -0.0773 -0.7328

PART 43
OFFSET 6.2597 -7.1263 -6.7706
SCALE 1 1 1
X -0.7781 -0.3218 0.5395
Y -0.3724 0.9279 0.0163
Z -0.5058 -0.1882 -0.8418

PART 44
OFFSET 13.6927 -6.4400 -9.8126
SCALE 1 1 1
X -0.5931 -0.6817 0.4283
Y 0.7070 -0.6955 -0.1280
Z 0.3851 0.2270 0.8945

PART 45
OFFSET 14.7369 -5.2397 -10.5668
SCALE 1 1 1
X 0.3474 -0.9271 0.1409
Y 0.8703 0.2628 -0.4165
Z 0.3491 0.2673 0.8981

PART 46
OFFSET 14.3358 -4.0964 -10.6835
SCALE 1 1 1
X 0.9198 -0.1323 -0.3694
Y 0.0421 0.9693 -0.2422
Z 0.3901 0.2072 0.8972

PART 47
OFFSET 13.2968 -3.9470 -10.2663
SCALE 1 1 1
X -0.2277 -0.7737 0.5912
Y -0.9086 0.3871 0.1566
Z -0.3500 -0.5016 -0.7911

PART 48
OFFSET 13.1866 -6.3620 -10.7915
SCALE 1 1 1
X -0.6451 -0.5968 0.4771
Y 0.5854 -0.7874 -0.1933
Z 0.4911 0.1546 0.8573

PART 49
OFFSET 14.4468 -5.1962 -11.7237
SCALE 1 1 1
X 0.4368 -0.8940 -0.0993
Y 0.7297 0.4168 -0.5421
Z 0.5261 0.1643 0.8344

PART 50
OFFSET 13.8088 -3.8903 -11.5786
SCALE 1 1 1
X 0.7841 0.1994 -0.5878
Y -0.2842 0.9572 -0.0543
Z 0.5518 0.2096 0.8072

PART 51
OFFSET 12.9167 -4.1170 -10.9187
SCALE 1 1 1
X -0.4550 -0.7777 0.4338
Y -0.6790 0.6181 0.3960
Z -0.5761 -0.1144 -0.8093

PART 52
OFFSET 8.1056 -5.7085 -7.9639
SCALE 1 1 1
X -0.9313 -0.2749 0.2389
Y -0.2717 0.9612 0.0470
Z -0.2425 -0.0211 -0.9699

PART 53
OFFSET 8.8499 -6.1282 -7.1353
SCALE 1 1 1
X -0.9313 -0.2749 0.2389
Y -0.2717 0.9612 0.0470
Z -0.2425 -0.0211 -0.9699

PART 54
OFFSET 9.2601 -7.4162 -7.4572
SCALE 1 1 1
X -0.9313 -0.2749 0.2389
Y -0.2717 0.9612 0.0470
Z -0.2425 -0.0211 -0.9699

PART 55
OFFSET 0.0000 0.0000 0.0000
SCALE 1 1 1
X 1.0000 0.0000 0.0000
Y 0.0000 1.0000 0.0000
Z 0.0000 0.0000 1.0000

PART 56
OFFSET 0.0000 0.0000 0.0000
SCALE 1 1 1
X 1.0000 0.0000 0.0000
Y 0.0000 1.0000 0.0000
Z 0.0000 0.0000 1.0000

PART 57
OFFSET 10.6072 -6.2947 -9.8796
SCALE 1 1 1
X -0.7724 -0.0422 0.6338
Y 0.1274 -0.9878 0.0894
Z 0.6223 0.1497 0.7683

PART 58
OFFSET 10.6072 -6.2947 -9.8796
SCALE 1 1 1
X -0.7724 -0.0422 0.6338
Y 0.1274 -0.9878 0.0894
Z 0.6223 0.1497 0.7683

PART 59
OFFSET 2.6606 0.0000 -1.3770
SCALE 1 1 1
X 1.0000 0.0000 0.0000
Y 0.0000 1.0000 0.0000
Z 0.0000 0.0000 1.0000

PART 60
OFFSET 5.0366 7.6543 -14.2974
SCALE 1 1 1
X 0.9916 -0.0745 0.1060
Y 0.0932 -0.1584 -0.9830
Z 0.0900 0.9846 -0.1502

PART 61
OFFSET 17.0286 6.7538 -13.0158
SCALE 1 1 1
X 0.4171 -0.8630 -0.2851
Y -0.9001 -0.3487 -0.2612
Z 0.1260 0.3655 -0.9222

PART 62
OFFSET 20.5762 -0.5864 -15.4405
SCALE 1 1 1
X 0.4171 -0.8630 -0.2851
Y 0.4514 -0.0756 0.8891
Z -0.7888 -0.4995 0.3580

PART 63
OFFSET 21.5180 -2.2409 -13.9529
SCALE 1 1 1
X 0.4221 -0.8619 -0.2810
Y -0.1142 -0.3581 0.9267
Z -0.8993 -0.3591 -0.2496

PART 64
OFFSET 22.2213 -0.7567 -16.0752
SCALE 1 1 1
X 0.4221 -0.8619 -0.2810
Y -0.1142 -0.3581 0.9267
Z -0.8993 -0.3591 -0.2496

PART 65
OFFSET 19.9552 -3.2689 -14.9603
SCALE 1 1 1
X 0.4221 -0.8619 -0.2810
Y -0.1142 -0.3581 0.9267
Z -0.8993 -0.3591 -0.2496

PART 66
OFFSET 20.0804 -2.5890 -16.4859
SCALE 1 1 1
X 0.4221 -0.8619 -0.2810
Y -0.1142 -0.3581 0.9267
Z -0.8993 -0.3591 -0.2496

PART 67
OFFSET 20.2750 -1.6202 -17.7971
SCALE 1 1 1
X 0.4221 -0.8619 -0.2810
Y -0.1142 -0.3581 0.9267
Z -0.8993 -0.3591 -0.2496

PART 68
OFFSET 21.8548 -3.2320 -16.3145
SCALE 1 1 1
X 0.9246 0.0586 -0.3764
Y 0.3808 -0.1255 0.9161
Z 0.0065 -0.9904 -0.1384

PART 69
OFFSET 22.6410 -3.7334 -15.6566
SCALE 1 1 1
X 0.7908 -0.5876 0.1712
Y -0.1967 0.0208 0.9802
Z -0.5796 -0.8089 -0.0991

PART 70
OFFSET 24.2956 -5.0444 -15.1947
SCALE 1 1 1
X 0.7059 -0.0907 -0.7025
Y 0.5700 -0.5160 0.6394
Z -0.4205 -0.8518 -0.3125

PART 71
OFFSET 25.3540 -5.2554 -16.4020
SCALE 1 1 1
X 0.2948 0.0362 -0.9549
Y 0.8311 -0.5029 0.2375
Z -0.4716 -0.8636 -0.1783

PART 72
OFFSET 25.6653 -5.2643 -17.4387
SCALE 1 1 1
X 0.6918 0.4779 -0.5414
Y -0.0607 0.7856 0.6158
Z 0.7196 -0.3931 0.5724

PART 73
OFFSET 22.2308 -3.2482 -17.6418
SCALE 1 1 1
X 0.5451 0.1883 -0.8170
Y -0.0054 -0.9736 -0.2280
Z -0.8384 0.1287 -0.5297

PART 74
OFFSET 23.5769 -2.9634 -19.4283
SCALE 1 1 1
X 0.5690 -0.6615 -0.4885
Y -0.5283 -0.7493 0.3994
Z -0.6302 0.0308 -0.7758

PART 75
OFFSET 24.3825 -3.9000 -20.1198
SCALE 1 1 1
X -0.2652 -0.9483 0.1742
Y -0.7644 0.3169 0.5615
Z -0.5877 0.0157 -0.8090

PART 76
OFFSET 24.1473 -4.7408 -19.9654
SCALE 1 1 1
X -0.7673 -0.1535 0.6226
Y -0.0902 0.9871 0.1323
Z -0.6349 0.0454 -0.7712

PART 77
OFFSET 23.4184 -4.8866 -19.3738
SCALE 1 1 1
X 0.7353 -0.5088 -0.4478
Y 0.3455 0.8497 -0.3982
Z 0.5831 0.1382 0.8006

PART 78
OFFSET 0.0000 0.0000 0.0000
SCALE 1 1 1
X 1.0000 0.0000 0.0000
Y 0.0000 1.0000 0.0000
Z 0.0000 0.0000 1.0000

PART 79
OFFSET 22.8237 -4.7552 -12.7689
SCALE 1 1 1
X 0.8929 0.0300 -0.4492
Y 0.0087 0.9964 0.0839
Z 0.4501 -0.0788 0.8895

PART 80
OFFSET 38.5091 -4.2031 -20.9802
SCALE 1 1 1
X 0.8929 0.0300 -0.4492
Y 0.0045 0.9971 0.0757
Z 0.4502 -0.0696 0.8902

PART 81
OFFSET 13.9484 -7.0915 -8.4186
SCALE 1 1 1
X -0.6185 -0.7818 0.0793
Y -0.3595 0.1918 -0.9132
Z 0.6987 -0.5933 -0.3997

PART 82
OFFSET 13.2611 -7.9602 -8.3305
SCALE 1 1 1
X -0.5441 -0.8035 0.2416
Y -0.4645 0.0487 -0.8842
Z 0.6987 -0.5933 -0.3997

PART 83
OFFSET 12.5443 -9.0187 -8.0123
SCALE 1 1 1
X -0.3507 -0.9065 0.2351
Y 0.5095 0.0260 0.8601
Z -0.7858 0.4214 0.4527

PART 84
OFFSET 12.1309 -10.0875 -7.7351
SCALE 1 1 1
X -0.3162 -0.9039 0.2881
Y 0.5113 0.0935 0.8543
Z -0.7991 0.4174 0.4326

PART 85
OFFSET 11.7170 -11.2706 -7.3579
SCALE 1 1 1
X -0.4841 -0.8006 0.3531
Y 0.5970 -0.0071 0.8022
Z -0.6398 0.5991 0.4814

PART 86
OFFSET 11.1567 -12.1973 -6.9492
SCALE 1 1 1
X -0.4295 -0.7281 0.5342
Y 0.6562 0.1548 0.7386
Z -0.6205 0.6678 0.4113

PART 87
OFFSET 10.7815 -12.8334 -6.4825
SCALE 1 1 1
X -0.5010 -0.6962 0.5140
Y 0.6171 0.1290 0.7762
Z -0.6067 0.7061 0.3651

PART 88
OFFSET 10.2605 -13.5574 -5.9480
SCALE 1 1 1
X -0.3767 -0.6707 0.6389
Y 0.6421 0.3081 0.7020
Z -0.6677 0.6747 0.3146

PART 89
OFFSET 9.8260 -14.3311 -5.2110
SCALE 1 1 1
X -0.4717 -0.7165 0.5139
Y 0.5483 0.2180 0.8073
Z -0.6905 0.6626 0.2901

PART 90
OFFSET 9.4308 -14.9312 -4.7806
SCALE 1 1 1
X -0.5271 -0.7858 0.3234
Y -0.6654 0.6184 0.4181
Z -0.5286 0.0052 -0.8489

PART 91
OFFSET 8.2525 -16.6880 -4.0576
SCALE 1 1 1
X 0.7188 -0.6015 -0.3488
Y 0.4176 0.7745 -0.4752
Z 0.5559 0.1959 0.8078


FRAME 261
PART 0
OFFSET 22.5853 -2.9409 -16.5176
SCALE 1 1 1
X 0.7757 0.0864 -0.6251
Y -0.0535 -0.9780 -0.2015
Z -0.6288 0.1898 -0.7541

PART 1
OFFSET 22.5853 -2.9409 -16.5176
SCALE 1 1 1
X 0.7757 0.0864 -0.6251
Y -0.0535 -0.9780 -0.2015
Z -0.6288 0.1898 -0.7541

PART 2
OFFSET 22.5853 -2.9409 -16.5176
SCALE 1 1 1
X 0.7757 0.0864 -0.6251
Y -0.0535 -0.9780 -0.2015
Z -0.6288 0.1898 -0.7541

PART 3
OFFSET 24.5064 -2.6670 -18.2476
SCALE 1 1 1
X 0.3316 -0.8315 -0.4457
Y -0.7375 -0.5231 0.4271
Z -0.5883 0.1871 -0.7867

PART 4
OFFSET 25.0710 -4.0826 -19.0063
SCALE 1 1 1
X -0.7536 -0.4935 0.4343
Y -0.3222 0.8531 0.4103
Z -0.5730 0.1693 -0.8019

PART 5
OFFSET 24.0266 -4.7665 -18.4044
SCALE 1 1 1
X -0.5648 0.6298 0.5333
Y 0.5986 0.7575 -0.2606
Z -0.5681 0.1720 -0.8048

PART 6
OFFSET 23.4141 -4.0835 -17.8260
SCALE 1 1 1
X 0.0929 -0.9402 -0.3277
Y 0.8379 0.2516 -0.4844
Z 0.5378 -0.2296 0.8112

PART 7
OFFSET 25.1776 -3.6458 -15.4930
SCALE 1 1 1
X 0.8018 -0.2009 -0.5628
Y 0.3027 0.9486 0.0927
Z 0.5152 -0.2447 0.8214

PART 8
OFFSET 25.6514 -2.5788 -16.3974
SCALE 1 1 1
X 0.8732 -0.2255 -0.4321
Y -0.2810 -0.9573 -0.0684
Z -0.3982 0.1811 -0.8992

PART 9
OFFSET 27.1888 -2.9758 -17.1581
SCALE 1 1 1
X 0.4983 -0.7612 -0.4151
Y -0.7761 -0.6050 0.1777
Z -0.3864 0.2336 -0.8922

PART 10
OFFSET 27.8181 -3.9153 -17.6086
SCALE 1 1 1
X -0.2932 -0.9543 -0.0574
Y -0.8831 0.2473 0.3988
Z -0.3664 0.1676 -0.9153

PART 11
OFFSET 27.4869 -4.9932 -17.6734
SCALE 1 1 1
X 0.7896 0.1346 -0.5987
Y 0.0619 0.9532 0.2959
Z 0.6105 -0.2707 0.7443

PART 12
OFFSET 25.1561 -2.5823 -17.3849
SCALE 1 1 1
X 0.3028 -0.8394 -0.4514
Y -0.7998 -0.4813 0.3586
Z -0.5183 0.2524 -0.8171

PART 13
OFFSET 25.7476 -4.2221 -18.2667
SCALE 1 1 1
X -0.7181 -0.6423 0.2680
Y -0.4348 0.7147 0.5479
Z -0.5435 0.2769 -0.7924

PART 14
OFFSET 24.6987 -5.1603 -17.8752
SCALE 1 1 1
X -0.7042 0.3159 0.6358
Y 0.4535 0.8892 0.0605
Z -0.5462 0.3309 -0.7695

PART 15
OFFSET 23.8969 -4.8007 -17.1605
SCALE 1 1 1
X 0.2853 -0.8313 -0.4770
Y 0.7574 0.5005 -0.4193
Z 0.5873 -0.2417 0.7724

PART 16
OFFSET 21.4086 -1.9090 -13.4295
SCALE 1 1 1
X 0.4341 -0.8658 -0.2489
Y -0.0992 -0.3206 0.9420
Z -0.8954 -0.3843 -0.2251

PART 17
OFFSET 22.0660 -0.5040 -15.6193
SCALE 1 1 1
X 0.4341 -0.8658 -0.2489
Y -0.0992 -0.3206 0.9420
Z -0.8954 -0.3843 -0.2251

PART 18
OFFSET 19.8540 -3.0046 -14.3769
SCALE 1 1 1
X 0.4341 -0.8658 -0.2489
Y -0.0992 -0.3206 0.9420
Z -0.8954 -0.3843 -0.2251

PART 19
OFFSET 19.9530 -2.3875 -15.9309
SCALE 1 1 1
X 0.4341 -0.8658 -0.2489
Y -0.0992 -0.3206 0.9420
Z -0.8954 -0.3843 -0.2251

PART 20
OFFSET 20.1184 -1.4717 -17.2835
SCALE 1 1 1
X 0.4341 -0.8658 -0.2489
Y -0.0992 -0.3206 0.9420
Z -0.8954 -0.3843 -0.2251

PART 21
OFFSET 22.7837 -4.6774 -12.4372
SCALE 1 1 1
X 0.9037 0.0386 -0.4264
Y -0.0055 0.9969 0.0786
Z 0.4281 -0.0687 0.9011

PART 22
OFFSET -5.3605 -11.2544 4.7523
SCALE 1 1 1
X -0.3487 -0.1325 0.9278
Y -0.2190 -0.9510 -0.2181
Z 0.9113 -0.2792 0.3026

PART 23
OFFSET -1.1435 -9.6518 -6.4688
SCALE 1 1 1
X -0.9337 -0.2763 0.2276
Y -0.2279 -0.0316 -0.9732
Z 0.2761 -0.9605 -0.0334

PART 24
OFFSET 6.7982 -7.3016 -8.4047
SCALE 1 1 1
X -0.9337 -0.2763 0.2276
Y -0.2015 -0.1198 -0.9721
Z 0.2959 -0.9536 0.0562

PART 25
OFFSET 7.9916 -5.7669 -7.9647
SCALE 1 1 1
X -0.9331 -0.2735 0.2335
Y -0.2702 0.9617 0.0468
Z -0.2373 -0.0195 -0.9712

PART 26
OFFSET 8.7297 -6.1856 -7.1321
SCALE 1 1 1
X -0.9331 -0.2735 0.2335
Y -0.2702 0.9617 0.0468
Z -0.2373 -0.0195 -0.9712

PART 27
OFFSET 9.1392 -7.4801 -7.4609
SCALE 1 1 1
X -0.9331 -0.2735 0.2335
Y -0.2702 0.9617 0.0468
Z -0.2373 -0.0195 -0.9712

PART 28
OFFSET 9.6607 -6.4545 -9.1025
SCALE 1 1 1
X -0.9365 -0.0753 0.3424
Y -0.3350 -0.0952 -0.9374
Z 0.1032 -0.9926 0.0639

PART 29
OFFSET 10.3629 -5.9212 -8.3781
SCALE 1 1 1
X -0.7162 -0.6969 0.0380
Y -0.1051 0.0538 -0.9930
Z 0.6900 -0.7152 -0.1118

PART 30
OFFSET 11.8805 -4.3830 -8.3548
SCALE 1 1 1
X -0.5916 -0.3320 0.7347
Y -0.5292 -0.5275 -0.6645
Z 0.6082 -0.7820 0.1363

PART 31
OFFSET 12.7358 -3.7909 -9.5958
SCALE 1 1 1
X 0.0742 0.0604 0.9954
Y -0.7604 -0.6423 0.0957
Z 0.6452 -0.7640 -0.0017

PART 32
OFFSET 12.6390 -3.8103 -10.6738
SCALE 1 1 1
X -0.5163 0.4030 0.7556
Y -0.3054 0.7377 -0.6021
Z -0.8001 -0.5416 -0.2578

PART 33
OFFSET 10.0736 -6.2921 -10.4088
SCALE 1 1 1
X -0.5846 0.0301 0.8107
Y 0.1288 -0.9832 0.1294
Z 0.8010 0.1801 0.5709

PART 34
OFFSET 11.4881 -6.2130 -12.1632
SCALE 1 1 1
X -0.6921 -0.2729 0.6682
Y 0.2904 -0.9528 -0.0884
Z 0.6608 0.1329 0.7387

PART 35
OFFSET 12.4680 -5.8266 -13.1091
SCALE 1 1 1
X -0.6656 -0.4292 0.6106
Y 0.4188 -0.8920 -0.1705
Z 0.6178 0.1422 0.7734

PART 36
OFFSET 13.0581 -5.4460 -13.6505
SCALE 1 1 1
X -0.5137 -0.6820 0.5206
Y 0.5597 -0.7262 -0.3992
Z 0.6503 0.0863 0.7548

PART 37
OFFSET 13.5462 -4.7981 -14.1450
SCALE 1 1 1
X -0.0525 0.9651 -0.2567
Y 0.8353 -0.0985 -0.5410
Z -0.5474 -0.2428 -0.8009

PART 38
OFFSET 10.5167 -6.3509 -9.8522
SCALE 1 1 1
X -0.7878 -0.0484 0.6141
Y 0.1369 -0.9857 0.0980
Z 0.6006 0.1613 0.7831

PART 39
OFFSET 12.4750 -6.2710 -11.5602
SCALE 1 1 1
X -0.7235 -0.3129 0.6153
Y 0.2743 -0.9483 -0.1597
Z 0.6335 0.0532 0.7719

PART 40
OFFSET 13.7068 -5.7383 -12.6077
SCALE 1 1 1
X -0.2732 -0.9223 0.2735
Y 0.7424 -0.3829 -0.5497
Z 0.6117 0.0528 0.7893

PART 41
OFFSET 14.0855 -4.4601 -12.9867
SCALE 1 1 1
X 0.5546 -0.7422 -0.3762
Y 0.5627 0.6676 -0.4876
Z 0.6131 0.0588 0.7878

PART 42
OFFSET 13.4840 -3.6551 -12.5787
SCALE 1 1 1
X -0.7456 0.2297 0.6255
Y 0.1162 0.9692 -0.2173
Z -0.6561 -0.0893 -0.7493

PART 43
OFFSET 6.1015 -7.2195 -6.8507
SCALE 1 1 1
X -0.7877 -0.3284 0.5212
Y -0.3839 0.9234 0.0017
Z -0.4818 -0.1987 -0.8534

PART 44
OFFSET 13.6010 -6.4582 -9.7057
SCALE 1 1 1
X -0.5956 -0.6867 0.4168
Y 0.7184 -0.6875 -0.1061
Z 0.3594 0.2362 0.9028

PART 45
OFFSET 14.6496 -5.2492 -10.4396
SCALE 1 1 1
X 0.3548 -0.9220 0.1548
Y 0.8774 0.2713 -0.3956
Z 0.3228 0.2762 0.9053

PART 46
OFFSET 14.2379 -4.1115 -10.5727
SCALE 1 1 1
X 0.9305 -0.1229 -0.3451
Y 0.0366 0.9685 -0.2463
Z 0.3645 0.2166 0.9057

PART 47
OFFSET 13.1868 -3.9726 -10.1829
SCALE 1 1 1
X -0.2334 -0.7733 0.5895
Y -0.9170 0.3768 0.1312
Z -0.3236 -0.5099 -0.7971

PART 48
OFFSET 13.1192 -6.3914 -10.6976
SCALE 1 1 1
X -0.6499 -0.6022 0.4638
Y 0.5996 -0.7812 -0.1741
Z 0.4671 0.1650 0.8687

PART 49
OFFSET 14.3887 -5.2151 -11.6037
SCALE 1 1 1
X 0.4500 -0.8891 -0.0833
Y 0.7382 0.4228 -0.5256
Z 0.5025 0.1750 0.8467

PART 50
OFFSET 13.7315 -3.9164 -11.4821
SCALE 1 1 1
X 0.7964 0.2059 -0.5686
Y -0.2942 0.9534 -0.0668
Z 0.5284 0.2205 0.8199

PART 51
OFFSET 12.8256 -4.1506 -10.8439
SCALE 1 1 1
X -0.4565 -0.7810 0.4263
Y -0.6963 0.6118 0.3752
Z -0.5538 -0.1256 -0.8231

PART 52
OFFSET 7.9916 -5.7669 -7.9647
SCALE 1 1 1
X -0.9331 -0.2735 0.2335
Y -0.2702 0.9617 0.0468
Z -0.2373 -0.0195 -0.9712

PART 53
OFFSET 8.7297 -6.1856 -7.1321
SCALE 1 1 1
X -0.9331 -0.2735 0.2335
Y -0.2702 0.9617 0.0468
Z -0.2373 -0.0195 -0.9712

PART 54
OFFSET 9.1392 -7.4801 -7.4609
SCALE 1 1 1
X -0.9331 -0.2735 0.2335
Y -0.2702 0.9617 0.0468
Z -0.2373 -0.0195 -0.9712

PART 55
OFFSET 0.0000 0.0000 0.0000
SCALE 1 1 1
X 1.0000 0.0000 0.0000
Y 0.0000 1.0000 0.0000
Z 0.0000 0.0000 1.0000

PART 56
OFFSET 0.0000 0.0000 0.0000
SCALE 1 1 1
X 1.0000 -0.0004 -0.0007
Y 0.0004 1.0000 -0.0000
Z 0.0007 0.0000 1.0000

PART 57
OFFSET 10.5167 -6.3509 -9.8522
SCALE 1 1 1
X -0.7878 -0.0484 0.6141
Y 0.1369 -0.9857 0.0980
Z 0.6006 0.1613 0.7831

PART 58
OFFSET 10.5167 -6.3509 -9.8522
SCALE 1 1 1
X -0.7878 -0.0484 0.6141
Y 0.1369 -0.9857 0.0980
Z 0.6006 0.1613 0.7831

PART 59
OFFSET 2.6606 0.0000 -1.3770
SCALE 1 1 1
X 1.0000 0.0000 0.0000
Y 0.0000 1.0000 0.0000
Z 0.0000 0.0000 1.0000

PART 60
OFFSET 4.7565 7.6408 -14.0355
SCALE 1 1 1
X 0.9937 -0.0496 0.1001
Y 0.0885 -0.1982 -0.9762
Z 0.0683 0.9789 -0.1926

PART 61
OFFSET 16.7747 7.0407 -12.8244
SCALE 1 1 1
X 0.4291 -0.8671 -0.2529
Y -0.8964 -0.3744 -0.2371
Z 0.1109 0.3285 -0.9380

PART 62
OFFSET 20.4243 -0.3346 -14.9755
SCALE 1 1 1
X 0.4291 -0.8671 -0.2529
Y 0.2917 -0.1320 0.9474
Z -0.8549 -0.4803 0.1963

PART 63
OFFSET 21.4086 -1.9090 -13.4295
SCALE 1 1 1
X 0.4341 -0.8658 -0.2489
Y -0.0992 -0.3206 0.9420
Z -0.8954 -0.3843 -0.2251

PART 64
OFFSET 22.0660 -0.5040 -15.6193
SCALE 1 1 1
X 0.4341 -0.8658 -0.2489
Y -0.0992 -0.3206 0.9420
Z -0.8954 -0.3843 -0.2251

PART 65
OFFSET 19.8540 -3.0046 -14.3769
SCALE 1 1 1
X 0.4341 -0.8658 -0.2489
Y -0.0992 -0.3206 0.9420
Z -0.8954 -0.3843 -0.2251

PART 66
OFFSET 19.9530 -2.3875 -15.9309
SCALE 1 1 1
X 0.4341 -0.8658 -0.2489
Y -0.0992 -0.3206 0.9420
Z -0.8954 -0.3843 -0.2251

PART 67
OFFSET 20.1184 -1.4717 -17.2835
SCALE 1 1 1
X 0.4341 -0.8658 -0.2489
Y -0.0992 -0.3206 0.9420
Z -0.8954 -0.3843 -0.2251

PART 68
OFFSET 21.7398 -2.9929 -15.7508
SCALE 1 1 1
X 0.9320 0.0441 -0.3597
Y 0.3619 -0.1640 0.9177
Z -0.0186 -0.9855 -0.1688

PART 69
OFFSET 22.5007 -3.5361 -15.0963
SCALE 1 1 1
X 0.7713 -0.6115 0.1768
Y -0.2186 0.0064 0.9758
Z -0.5978 -0.7912 -0.1287

PART 70
OFFSET 24.1099 -4.8990 -14.6245
SCALE 1 1 1
X 0.7287 -0.1046 -0.6768
Y 0.5290 -0.5417 0.6533
Z -0.4350 -0.8340 -0.3393

PART 71
OFFSET 25.2059 -5.1290 -15.7941
SCALE 1 1 1
X 0.3361 0.0354 -0.9412
Y 0.8034 -0.5322 0.2669
Z -0.4915 -0.8459 -0.2073

PART 72
OFFSET 25.5606 -5.1385 -16.8169
SCALE 1 1 1
X 0.7294 0.4598 -0.5066
Y -0.0612 0.7813 0.6211
Z 0.6814 -0.4220 0.5980

PART 73
OFFSET 22.1373 -2.9792 -17.0719
SCALE 1 1 1
X 0.5635 0.1946 -0.8028
Y -0.0303 -0.9663 -0.2555
Z -0.8255 0.1683 -0.5387

PART 74
OFFSET 23.5200 -2.6849 -18.8286
SCALE 1 1 1
X 0.5695 -0.6441 -0.5107
Y -0.5436 -0.7611 0.3538
Z -0.6165 0.0761 -0.7836

PART 75
OFFSET 24.3263 -3.5969 -19.5516
SCALE 1 1 1
X -0.2643 -0.9579 0.1127
Y -0.7753 0.2805 0.5659
Z -0.5736 0.0622 -0.8168

PART 76
OFFSET 24.0920 -4.4461 -19.4517
SCALE 1 1 1
X -0.7748 -0.2165 0.5940
Y -0.1154 0.9722 0.2038
Z -0.6216 0.0894 -0.7782

PART 77
OFFSET 23.3559 -4.6518 -18.8874
SCALE 1 1 1
X 0.7549 -0.4576 -0.4698
Y 0.3329 0.8845 -0.3267
Z 0.5651 0.0902 0.8201

PART 78
OFFSET 0.0000 0.0000 0.0000
SCALE 1 1 1
X 1.0000 -0.0004 -0.0007
Y 0.0004 1.0000 -0.0000
Z 0.0007 0.0000 1.0000

PART 79
OFFSET 22.7837 -4.6774 -12.4372
SCALE 1 1 1
X 0.9037 0.0386 -0.4264
Y -0.0055 0.9969 0.0786
Z 0.4281 -0.0687 0.9011

PART 80
OFFSET 38.6661 -3.9762 -20.2486
SCALE 1 1 1
X 0.9037 0.0386 -0.4264
Y -0.0094 0.9975 0.0703
Z 0.4280 -0.0595 0.9018

PART 81
OFFSET 13.8289 -7.0994 -8.3021
SCALE 1 1 1
X -0.6109 -0.7888 0.0677
Y -0.3383 0.1827 -0.9231
Z 0.7158 -0.5868 -0.3785

PART 82
OFFSET 13.1500 -7.9760 -8.2269
SCALE 1 1 1
X -0.5404 -0.8088 0.2320
Y -0.4423 0.0385 -0.8961
Z 0.7158 -0.5868 -0.3785

PART 83
OFFSET 12.4382 -9.0415 -7.9213
SCALE 1 1 1
X -0.3456 -0.9095 0.2311
Y 0.4870 0.0366 0.8727
Z -0.8021 0.4141 0.4302

PART 84
OFFSET 12.0307 -10.1138 -7.6488
SCALE 1 1 1
X -0.3125 -0.9062 0.2849
Y 0.4882 0.1041 0.8665
Z -0.8149 0.4099 0.4098

PART 85
OFFSET 11.6216 -11.2999 -7.2759
SCALE 1 1 1
X -0.4833 -0.8046 0.3450
Y 0.5763 0.0043 0.8172
Z -0.6591 0.5938 0.4616

PART 86
OFFSET 11.0623 -12.2313 -6.8766
SCALE 1 1 1
X -0.4342 -0.7305 0.5271
Y 0.6352 0.1666 0.7542
Z -0.6388 0.6622 0.3917

PART 87
OFFSET 10.6830 -12.8694 -6.4162
SCALE 1 1 1
X -0.5056 -0.6997 0.5049
Y 0.5955 0.1405 0.7910
Z -0.6243 0.7005 0.3456

PART 88
OFFSET 10.1572 -13.5970 -5.8912
SCALE 1 1 1
X -0.3848 -0.6720 0.6327
Y 0.6202 0.3195 0.7165
Z -0.6836 0.6681 0.2938

PART 89
OFFSET 9.7133 -14.3721 -5.1613
SCALE 1 1 1
X -0.4760 -0.7196 0.5055
Y 0.5248 0.2288 0.8199
Z -0.7056 0.6556 0.2688

PART 90
OFFSET 9.3146 -14.9749 -4.7379
SCALE 1 1 1
X -0.5257 -0.7905 0.3142
Y -0.6833 0.6124 0.3976
Z -0.5067 -0.0056 -0.8621

PART 91
OFFSET 8.1394 -16.7421 -4.0356
SCALE 1 1 1
X 0.7346 -0.5944 -0.3270
Y 0.4202 0.7771 -0.4686
Z 0.5327 0.2068 0.8207


FRAME 262
PART 0
OFFSET 22.2398 -2.2896 -14.8750
SCALE 1 1 1
X 0.8110 0.0799 -0.5795
Y -0.1134 -0.9504 -0.2896
Z -0.5739 0.3006 -0.7617

PART 1
OFFSET 22.2398 -2.2896 -14.8750
SCALE 1 1 1
X 0.8110 0.0799 -0.5795
Y -0.1134 -0.9504 -0.2896
Z -0.5739 0.3006 -0.7617

PART 2
OFFSET 22.2398 -2.2896 -14.8750
SCALE 1 1 1
X 0.8110 0.0799 -0.5795
Y -0.1134 -0.9504 -0.2896
Z -0.5739 0.3006 -0.7617

PART 3
OFFSET 24.2620 -2.0167 -16.4859
SCALE 1 1 1
X 0.3520 -0.7688 -0.5338
Y -0.7648 -0.5651 0.3095
Z -0.5396 0.2993 -0.7869

PART 4
OFFSET 24.8613 -3.3257 -17.3947
SCALE 1 1 1
X -0.7513 -0.5984 0.2785
Y -0.4018 0.7494 0.5263
Z -0.5236 0.2835 -0.8034

PART 5
OFFSET 23.8201 -4.1550 -17.0088
SCALE 1 1 1
X -0.6820 0.4292 0.5922
Y 0.5155 0.8564 -0.0269
Z -0.5187 0.2869 -0.8053

PART 6
OFFSET 23.0804 -3.6896 -16.3665
SCALE 1 1 1
X 0.2388 -0.8267 -0.5094
Y 0.8351 0.4426 -0.3268
Z 0.4957 -0.3474 0.7960

PART 7
OFFSET 24.7186 -3.2746 -13.8016
SCALE 1 1 1
X 0.8131 -0.2128 -0.5418
Y 0.3651 0.9114 0.1900
Z 0.4534 -0.3523 0.8187

PART 8
OFFSET 25.3137 -2.1737 -14.5857
SCALE 1 1 1
X 0.8851 -0.2417 -0.3977
Y -0.3308 -0.9278 -0.1724
Z -0.3273 0.2842 -0.9012

PART 9
OFFSET 26.8721 -2.5993 -15.2858
SCALE 1 1 1
X 0.5216 -0.7213 -0.4556
Y -0.7937 -0.6062 0.0510
Z -0.3130 0.3350 -0.8887

PART 10
OFFSET 27.5253 -3.4966 -15.7857
SCALE 1 1 1
X -0.2209 -0.9521 -0.2115
Y -0.9306 0.1409 0.3378
Z -0.2918 0.2715 -0.9171

PART 11
OFFSET 27.2758 -4.5720 -16.0246
SCALE 1 1 1
X 0.8299 0.2591 -0.4941
Y -0.0305 0.9054 0.4235
Z 0.5571 -0.3364 0.7593

PART 12
OFFSET 24.8709 -2.0555 -15.5908
SCALE 1 1 1
X 0.3329 -0.7898 -0.5151
Y -0.8264 -0.5075 0.2441
Z -0.4542 0.3444 -0.8216

PART 13
OFFSET 25.5211 -3.5985 -16.5971
SCALE 1 1 1
X -0.7017 -0.7055 0.0993
Y -0.5255 0.6066 0.5965
Z -0.4811 0.3664 -0.7964

PART 14
OFFSET 24.4962 -4.6290 -16.4521
SCALE 1 1 1
X -0.8054 0.1216 0.5801
Y 0.3347 0.9011 0.2758
Z -0.4892 0.4163 -0.7664

PART 15
OFFSET 23.5803 -4.4889 -15.8007
SCALE 1 1 1
X 0.4351 -0.6954 -0.5720
Y 0.7360 0.6406 -0.2190
Z 0.5187 -0.3257 0.7905

PART 16
OFFSET 20.9785 -1.0883 -11.9276
SCALE 1 1 1
X 0.4666 -0.8662 -0.1790
Y -0.0891 -0.2474 0.9648
Z -0.8800 -0.4342 -0.1926

PART 17
OFFSET 21.5876 0.1598 -14.2238
SCALE 1 1 1
X 0.4666 -0.8662 -0.1790
Y -0.0891 -0.2474 0.9648
Z -0.8800 -0.4342 -0.1926

PART 18
OFFSET 19.4677 -2.3136 -12.7823
SCALE 1 1 1
X 0.4666 -0.8662 -0.1790
Y -0.0891 -0.2474 0.9648
Z -0.8800 -0.4342 -0.1926

PART 19
OFFSET 19.5468 -1.8200 -14.3810
SCALE 1 1 1
X 0.4666 -0.8662 -0.1790
Y -0.0891 -0.2474 0.9648
Z -0.8800 -0.4342 -0.1926

PART 20
OFFSET 19.6807 -1.0103 -15.8029
SCALE 1 1 1
X 0.4666 -0.8662 -0.1790
Y -0.0891 -0.2474 0.9648
Z -0.8800 -0.4342 -0.1926

PART 21
OFFSET 22.6907 -4.4653 -11.4400
SCALE 1 1 1
X 0.9292 0.0627 -0.3641
Y -0.0427 0.9971 0.0628
Z 0.3670 -0.0429 0.9292

PART 22
OFFSET -5.3605 -11.2544 4.7523
SCALE 1 1 1
X -0.3238 -0.1228 0.9381
Y -0.2292 -0.9518 -0.2037
Z 0.9179 -0.2810 0.2800

PART 23
OFFSET -1.4445 -9.7694 -6.5933
SCALE 1 1 1
X -0.9400 -0.2715 0.2066
Y -0.2076 -0.0254 -0.9779
Z 0.2707 -0.9621 -0.0325

PART 24
OFFSET 6.5507 -7.4606 -8.3507
SCALE 1 1 1
X -0.9400 -0.2715 0.2066
Y -0.1732 -0.1420 -0.9746
Z 0.2939 -0.9519 0.0865

PART 25
OFFSET 7.7424 -5.9274 -7.8753
SCALE 1 1 1
X -0.9395 -0.2687 0.2125
Y -0.2650 0.9631 0.0460
Z -0.2171 -0.0131 -0.9761

PART 26
OFFSET 8.4577 -6.3454 -7.0283
SCALE 1 1 1
X -0.9395 -0.2687 0.2125
Y -0.2650 0.9631 0.0460
Z -0.2171 -0.0131 -0.9761

PART 27
OFFSET 8.8660 -7.6591 -7.3783
SCALE 1 1 1
X -0.9395 -0.2687 0.2125
Y -0.2650 0.9631 0.0460
Z -0.2171 -0.0131 -0.9761

PART 28
OFFSET 9.4325 -6.6284 -8.9841
SCALE 1 1 1
X -0.9550 -0.1015 0.2786
Y -0.2665 -0.1184 -0.9566
Z 0.1301 -0.9878 0.0860

PART 29
OFFSET 10.0658 -6.0630 -8.2217
SCALE 1 1 1
X -0.6945 -0.7194 -0.0004
Y -0.0381 0.0374 -0.9986
Z 0.7184 -0.6935 -0.0534

PART 30
OFFSET 11.5284 -4.4756 -8.1181
SCALE 1 1 1
X -0.6299 -0.3417 0.6975
Y -0.4651 -0.5532 -0.6911
Z 0.6220 -0.7597 0.1896

PART 31
OFFSET 12.4479 -3.8720 -9.3065
SCALE 1 1 1
X 0.0035 0.0758 0.9971
Y -0.7444 -0.6656 0.0533
Z 0.6678 -0.7424 0.0541

PART 32
OFFSET 12.4261 -3.9087 -10.3882
SCALE 1 1 1
X -0.5797 0.3957 0.7123
Y -0.2865 0.7194 -0.6328
Z -0.7628 -0.5709 -0.3037

PART 33
OFFSET 9.9290 -6.4696 -10.2615
SCALE 1 1 1
X -0.6397 0.0215 0.7683
Y 0.1508 -0.9767 0.1529
Z 0.7536 0.2137 0.6216

PART 34
OFFSET 11.4577 -6.3670 -11.9159
SCALE 1 1 1
X -0.7275 -0.2868 0.6233
Y 0.3260 -0.9438 -0.0537
Z 0.6037 0.1641 0.7801

PART 35
OFFSET 12.4876 -5.9610 -12.7984
SCALE 1 1 1
X -0.6920 -0.4428 0.5701
Y 0.4577 -0.8799 -0.1278
Z 0.5582 0.1725 0.8116

PART 36
OFFSET 13.1012 -5.5684 -13.3039
SCALE 1 1 1
X -0.5264 -0.6916 0.4946
Y 0.6087 -0.7126 -0.3488
Z 0.5937 0.1174 0.7961

PART 37
OFFSET 13.6013 -4.9113 -13.7738
SCALE 1 1 1
X -0.0654 0.9594 -0.2744
Y 0.8732 -0.0781 -0.4810
Z -0.4829 -0.2711 -0.8327

PART 38
OFFSET 10.3343 -6.5066 -9.6751
SCALE 1 1 1
X -0.8262 -0.0662 0.5594
Y 0.1612 -0.9793 0.1222
Z 0.5398 0.1911 0.8198

PART 39
OFFSET 12.4021 -6.3847 -11.2460
SCALE 1 1 1
X -0.7539 -0.3284 0.5691
Y 0.3147 -0.9408 -0.1261
Z 0.5768 0.0840 0.8126

PART 40
OFFSET 13.6855 -5.8256 -12.2149
SCALE 1 1 1
X -0.2619 -0.9271 0.2682
Y 0.7903 -0.3655 -0.4917
Z 0.5539 0.0832 0.8284

PART 41
OFFSET 14.0485 -4.5407 -12.5865
SCALE 1 1 1
X 0.6025 -0.7285 -0.3260
Y 0.5734 0.6792 -0.4581
Z 0.5552 0.0891 0.8269

PART 42
OFFSET 13.3950 -3.7506 -12.2330
SCALE 1 1 1
X -0.7939 0.2132 0.5695
Y 0.1000 0.9695 -0.2236
Z -0.5998 -0.1206 -0.7910

PART 43
OFFSET 5.7527 -7.4803 -6.9697
SCALE 1 1 1
X -0.8109 -0.3473 0.4710
Y -0.4123 0.9102 -0.0386
Z -0.4153 -0.2255 -0.8813

PART 44
OFFSET 13.4031 -6.5107 -9.3163
SCALE 1 1 1
X -0.6007 -0.7004 0.3855
Y 0.7455 -0.6649 -0.0462
Z 0.2886 0.2597 0.9216

PART 45
OFFSET 14.4607 -5.2775 -9.9950
SCALE 1 1 1
X 0.3725 -0.9078 0.1927
Y 0.8935 0.2948 -0.3387
Z 0.2507 0.2984 0.9209

PART 46
OFFSET 14.0230 -4.1558 -10.1734
SCALE 1 1 1
X 0.9555 -0.0968 -0.2787
Y 0.0226 0.9659 -0.2580
Z 0.2941 0.2402 0.9251

PART 47
OFFSET 12.9438 -4.0465 -9.8586
SCALE 1 1 1
X -0.2487 -0.7728 0.5838
Y -0.9354 0.3482 0.0624
Z -0.2515 -0.5306 -0.8095

PART 48
OFFSET 12.9888 -6.4727 -10.3397
SCALE 1 1 1
X -0.6608 -0.6170 0.4274
Y 0.6347 -0.7633 -0.1207
Z 0.4007 0.1915 0.8960

PART 49
OFFSET 14.2796 -5.2673 -11.1746
SCALE 1 1 1
X 0.4827 -0.8749 -0.0387
Y 0.7588 0.4399 -0.4802
Z 0.4372 0.2025 0.8763

PART 50
OFFSET 13.5745 -3.9894 -11.1181
SCALE 1 1 1
X 0.8267 0.2245 -0.5159
Y -0.3191 0.9423 -0.1013
Z 0.4634 0.2484 0.8506

PART 51
OFFSET 12.6347 -4.2448 -10.5399
SCALE 1 1 1
X -0.4597 -0.7899 0.4059
Y -0.7397 0.5935 0.3173
Z -0.4915 -0.1544 -0.8571

PART 52
OFFSET 7.7424 -5.9274 -7.8753
SCALE 1 1 1
X -0.9395 -0.2687 0.2125
Y -0.2650 0.9631 0.0460
Z -0.2171 -0.0131 -0.9761

PART 53
OFFSET 8.4577 -6.3454 -7.0283
SCALE 1 1 1
X -0.9395 -0.2687 0.2125
Y -0.2650 0.9631 0.0460
Z -0.2171 -0.0131 -0.9761

PART 54
OFFSET 8.8660 -7.6591 -7.3783
SCALE 1 1 1
X -0.9395 -0.2687 0.2125
Y -0.2650 0.9631 0.0460
Z -0.2171 -0.0131 -0.9761

PART 55
OFFSET 0.0000 0.0000 0.0000
SCALE 1 1 1
X 1.0000 0.0000 0.0000
Y 0.0000 1.0000 0.0000
Z 0.0000 0.0000 1.0000

PART 56
OFFSET 0.0000 0.0000 0.0000
SCALE 1 1 1
X 1.0000 -0.0015 -0.0027
Y 0.0015 1.0000 -0.0001
Z 0.0027 0.0001 1.0000

PART 57
OFFSET 10.3343 -6.5066 -9.6751
SCALE 1 1 1
X -0.8262 -0.0662 0.5594
Y 0.1612 -0.9793 0.1222
Z 0.5398 0.1911 0.8198

PART 58
OFFSET 10.3343 -6.5066 -9.6751
SCALE 1 1 1
X -0.8262 -0.0662 0.5594
Y 0.1612 -0.9793 0.1222
Z 0.5398 0.1911 0.8198

PART 59
OFFSET 2.6606 0.0000 -1.3770
SCALE 1 1 1
X 1.0000 0.0000 0.0000
Y 0.0000 1.0000 0.0000
Z 0.0000 0.0000 1.0000

PART 60
OFFSET 3.9883 7.6038 -13.3217
SCALE 1 1 1
X 0.9943 0.0081 0.1061
Y 0.1043 -0.2725 -0.9565
Z 0.0211 0.9621 -0.2718

PART 61
OFFSET 16.0135 7.7022 -12.0388
SCALE 1 1 1
X 0.4616 -0.8681 -0.1829
Y -0.8814 -0.4254 -0.2054
Z 0.1005 0.2560 -0.9615

PART 62
OFFSET 19.9394 0.3191 -13.5941
SCALE 1 1 1
X 0.4616 -0.8681 -0.1829
Y -0.0729 -0.2425 0.9674
Z -0.8841 -0.4332 -0.1752

PART 63
OFFSET 20.9785 -1.0883 -11.9276
SCALE 1 1 1
X 0.4666 -0.8662 -0.1790
Y -0.0891 -0.2474 0.9648
Z -0.8800 -0.4342 -0.1926

PART 64
OFFSET 21.5876 0.1598 -14.2238
SCALE 1 1 1
X 0.4666 -0.8662 -0.1790
Y -0.0891 -0.2474 0.9648
Z -0.8800 -0.4342 -0.1926

PART 65
OFFSET 19.4677 -2.3136 -12.7823
SCALE 1 1 1
X 0.4666 -0.8662 -0.1790
Y -0.0891 -0.2474 0.9648
Z -0.8800 -0.4342 -0.1926

PART 66
OFFSET 19.5468 -1.8200 -14.3810
SCALE 1 1 1
X 0.4666 -0.8662 -0.1790
Y -0.0891 -0.2474 0.9648
Z -0.8800 -0.4342 -0.1926

PART 67
OFFSET 19.6807 -1.0103 -15.8029
SCALE 1 1 1
X 0.4666 -0.8662 -0.1790
Y -0.0891 -0.2474 0.9648
Z -0.8800 -0.4342 -0.1926

PART 68
OFFSET 21.3545 -2.3421 -14.1547
SCALE 1 1 1
X 0.9500 0.0033 -0.3121
Y 0.3015 -0.2686 0.9149
Z -0.0808 -0.9632 -0.2562

PART 69
OFFSET 22.0396 -2.9953 -13.5174
SCALE 1 1 1
X 0.7136 -0.6749 0.1876
Y -0.2818 -0.0314 0.9589
Z -0.6413 -0.7372 -0.2126

PART 70
OFFSET 23.5158 -4.4959 -13.0286
SCALE 1 1 1
X 0.7835 -0.1495 -0.6032
Y 0.4085 -0.6075 0.6812
Z -0.4683 -0.7801 -0.4149

PART 71
OFFSET 24.7038 -4.7883 -14.0895
SCALE 1 1 1
X 0.4459 0.0240 -0.8948
Y 0.7146 -0.6116 0.3397
Z -0.5390 -0.7908 -0.2899

PART 72
OFFSET 25.1734 -4.8089 -15.0646
SCALE 1 1 1
X 0.8227 0.3997 -0.4043
Y -0.0619 0.7698 0.6352
Z 0.5652 -0.4976 0.6580

PART 73
OFFSET 21.8192 -2.2463 -15.4501
SCALE 1 1 1
X 0.6158 0.2106 -0.7592
Y -0.0919 -0.9378 -0.3348
Z -0.7825 0.2760 -0.5582

PART 74
OFFSET 23.3056 -1.9282 -17.1157
SCALE 1 1 1
X 0.5804 -0.5891 -0.5622
Y -0.5819 -0.7830 0.2197
Z -0.5696 0.1997 -0.7973

PART 75
OFFSET 24.1273 -2.7622 -17.9117
SCALE 1 1 1
X -0.2524 -0.9658 -0.0600
Y -0.8126 0.1779 0.5550
Z -0.5253 0.1888 -0.8297

PART 76
OFFSET 23.9036 -3.6185 -17.9649
SCALE 1 1 1
X -0.7930 -0.3774 0.4783
Y -0.1983 0.9022 0.3831
Z -0.5760 0.2090 -0.7903

PART 77
OFFSET 23.1502 -3.9770 -17.5105
SCALE 1 1 1
X 0.8143 -0.3079 -0.4920
Y 0.2878 0.9503 -0.1184
Z 0.5040 -0.0452 0.8625

PART 78
OFFSET 0.0000 0.0000 0.0000
SCALE 1 1 1
X 1.0000 -0.0015 -0.0027
Y 0.0015 1.0000 -0.0001
Z 0.0027 0.0001 1.0000

PART 79
OFFSET 22.6907 -4.4653 -11.4400
SCALE 1 1 1
X 0.9292 0.0627 -0.3641
Y -0.0427 0.9971 0.0628
Z 0.3670 -0.0429 0.9292

PART 80
OFFSET 39.0430 -3.3452 -18.1562
SCALE 1 1 1
X 0.9292 0.0627 -0.3641
Y -0.0460 0.9975 0.0543
Z 0.3666 -0.0337 0.9298

PART 81
OFFSET 13.5540 -7.1256 -7.8907
SCALE 1 1 1
X -0.5886 -0.8075 0.0378
Y -0.2796 0.1595 -0.9468
Z 0.7585 -0.5679 -0.3196

PART 82
OFFSET 12.8998 -8.0230 -7.8487
SCALE 1 1 1
X -0.5290 -0.8230 0.2068
Y -0.3805 0.0122 -0.9247
Z 0.7585 -0.5679 -0.3196

PART 83
OFFSET 12.2029 -9.1072 -7.5763
SCALE 1 1 1
X -0.3316 -0.9172 0.2207
Y 0.4243 0.0640 0.9033
Z -0.8426 0.3932 0.3679

PART 84
OFFSET 11.8119 -10.1886 -7.3160
SCALE 1 1 1
X -0.3024 -0.9122 0.2767
Y 0.4238 0.1314 0.8962
Z -0.8538 0.3882 0.3468

PART 85
OFFSET 11.4162 -11.3826 -6.9539
SCALE 1 1 1
X -0.4800 -0.8155 0.3234
Y 0.5182 0.0339 0.8546
Z -0.7079 0.5778 0.4063

PART 86
OFFSET 10.8606 -12.3265 -6.5796
SCALE 1 1 1
X -0.4460 -0.7374 0.5072
Y 0.5761 0.1972 0.7932
Z -0.6850 0.6460 0.3369

PART 87
OFFSET 10.4710 -12.9707 -6.1365
SCALE 1 1 1
X -0.5166 -0.7092 0.4797
Y 0.5348 0.1703 0.8276
Z -0.6687 0.6841 0.2913

PART 88
OFFSET 9.9338 -13.7082 -5.6376
SCALE 1 1 1
X -0.4059 -0.6759 0.6151
Y 0.5589 0.3490 0.7523
Z -0.7231 0.6491 0.2361

PART 89
OFFSET 9.4656 -14.4879 -4.9281
SCALE 1 1 1
X -0.4866 -0.7282 0.4827
Y 0.4596 0.2566 0.8503
Z -0.7430 0.6356 0.2098

PART 90
OFFSET 9.0580 -15.0978 -4.5238
SCALE 1 1 1
X -0.5206 -0.8032 0.2895
Y -0.7282 0.5948 0.3405
Z -0.4457 -0.0335 -0.8946

PART 91
OFFSET 7.8941 -16.8934 -3.8766
SCALE 1 1 1
X 0.7740 -0.5742 -0.2669
Y 0.4265 0.7843 -0.4506
Z 0.4680 0.2349 0.8519


FRAME 263
PART 0
OFFSET 21.5592 -1.3378 -12.5265
SCALE 1 1 1
X 0.8645 0.0672 -0.4982
Y -0.1789 -0.8850 -0.4298
Z -0.4697 0.4607 -0.7530

PART 1
OFFSET 21.5592 -1.3378 -12.5265
SCALE 1 1 1
X 0.8645 0.0672 -0.4982
Y -0.1789 -0.8850 -0.4298
Z -0.4697 0.4607 -0.7530

PART 2
OFFSET 21.5592 -1.3378 -12.5265
SCALE 1 1 1
X 0.8645 0.0672 -0.4982
Y -0.1789 -0.8850 -0.4298
Z -0.4697 0.4607 -0.7530

PART 3
OFFSET 23.7370 -1.0754 -13.9218
SCALE 1 1 1
X 0.4155 -0.6542 -0.6320
Y -0.7932 -0.6007 0.1003
Z -0.4453 0.4596 -0.7684

PART 4
OFFSET 24.4444 -2.1892 -14.9977
SCALE 1 1 1
X -0.7154 -0.6987 -0.0085
Y -0.5528 0.5585 0.6184
Z -0.4274 0.4471 -0.7858

PART 5
OFFSET 23.4530 -3.1575 -15.0095
SCALE 1 1 1
X -0.8477 0.1099 0.5189
Y 0.3205 0.8856 0.3361
Z -0.4226 0.4512 -0.7860

PART 6
OFFSET 22.5336 -3.0383 -14.4467
SCALE 1 1 1
X 0.4906 -0.5737 -0.6558
Y 0.7663 0.6423 0.0114
Z 0.4147 -0.5081 0.7548

PART 7
OFFSET 23.8212 -2.7229 -11.4167
SCALE 1 1 1
X 0.8345 -0.2263 -0.5024
Y 0.4336 0.8323 0.3453
Z 0.3401 -0.5060 0.7927

PART 8
OFFSET 24.5904 -1.5991 -11.9880
SCALE 1 1 1
X 0.9027 -0.2686 -0.3361
Y -0.3815 -0.8609 -0.3366
Z -0.1990 0.4321 -0.8796

PART 9
OFFSET 26.1797 -2.0719 -12.5798
SCALE 1 1 1
X 0.5749 -0.6565 -0.4884
Y -0.7977 -0.5826 -0.1559
Z -0.1822 0.4792 -0.8586

PART 10
OFFSET 26.8897 -2.8991 -13.1214
SCALE 1 1 1
X -0.0759 -0.9074 -0.4134
Y -0.9846 0.0026 0.1750
Z -0.1578 0.4203 -0.8936

PART 11
OFFSET 26.8039 -3.9240 -13.5883
SCALE 1 1 1
X 0.8691 0.4113 -0.2748
Y -0.2016 0.8019 0.5625
Z 0.4517 -0.4334 0.7798

PART 12
OFFSET 24.2549 -1.2998 -12.9971
SCALE 1 1 1
X 0.4021 -0.7053 -0.5839
Y -0.8515 -0.5224 0.0446
Z -0.3365 0.4793 -0.8106

PART 13
OFFSET 25.0403 -2.6776 -14.1378
SCALE 1 1 1
X -0.6373 -0.7499 -0.1774
Y -0.6778 0.4360 0.5920
Z -0.3666 0.4976 -0.7861

PART 14
OFFSET 24.1094 -3.7729 -14.3969
SCALE 1 1 1
X -0.9184 -0.1418 0.3694
Y 0.0931 0.8300 0.5500
Z -0.3846 0.5395 -0.7490

PART 15
OFFSET 23.0665 -3.9303 -13.9842
SCALE 1 1 1
X 0.6693 -0.4559 -0.5867
Y 0.6319 0.7646 0.1267
Z 0.3908 -0.4555 0.7999

PART 16
OFFSET 20.1918 0.0818 -9.8262
SCALE 1 1 1
X 0.5068 -0.8573 -0.0905
Y -0.0947 -0.1597 0.9826
Z -0.8568 -0.4895 -0.1621

PART 17
OFFSET 20.7358 1.1037 -12.1929
SCALE 1 1 1
X 0.5068 -0.8573 -0.0905
Y -0.0947 -0.1597 0.9826
Z -0.8568 -0.4895 -0.1621

PART 18
OFFSET 18.6801 -1.3240 -10.6025
SCALE 1 1 1
X 0.5068 -0.8573 -0.0905
Y -0.0947 -0.1597 0.9826
Z -0.8568 -0.4895 -0.1621

PART 19
OFFSET 18.7862 -0.9720 -12.1889
SCALE 1 1 1
X 0.5068 -0.8573 -0.0905
Y -0.0947 -0.1597 0.9826
Z -0.8568 -0.4895 -0.1621

PART 20
OFFSET 19.0156 -0.2531 -13.4809
SCALE 1 1 1
