// Export filename: `C:\cod5\cod\cod5\xanim_export\viewmodel\US\flamethrower\viewmodel_flamethrower_ads_last_shot.XANIM_EXPORT`
// Source filename: `file`
// Export time: Mon Jul 02 17:26:22 2007

ANIMATION
VERSION 3

NUMPARTS 115
PART 0 "tag_weapon_Guns"
PART 1 "tag_torso"
PART 2 "tag_gasmask"
PART 3 "tag_camera"
PART 4 "tag_cambone"
PART 5 "tag_view"
PART 6 "TAG_EYE"
PART 7 "J_Helmet"
PART 8 "J_Head_END"
PART 9 "J_Chin_SkinRoll"
PART 10 "J_Lip_Bot_LE"
PART 11 "J_Lip_Bot_RI"
PART 12 "J_Jaw"
PART 13 "J_Mouth_LE"
PART 14 "J_Lip_Top_LE"
PART 15 "J_Lip_Top_RI"
PART 16 "J_Cheek_LE"
PART 17 "J_Cheek_RI"
PART 18 "J_Levator_RI"
PART 19 "J_Levator_LE"
PART 20 "J_Mouth_RI"
PART 21 "J_Brow_LE"
PART 22 "J_Brow_RI"
PART 23 "J_Eye_Lid_Top_LE"
PART 24 "J_Eye_Lid_Bot_LE"
PART 25 "J_Eye_Lid_Bot_RI"
PART 26 "J_Eye_Lid_Top_RI"
PART 27 "J_EyeBall_RI"
PART 28 "A_Ponytail"
PART 29 "J_EyeBall_LE"
PART 30 "J_Head"
PART 31 "J_Neck"
PART 32 "J_Thumb_LE_3"
PART 33 "J_Thumb_LE_2"
PART 34 "J_Thumb_LE_1"
PART 35 "J_Index_LE_3"
PART 36 "J_Index_LE_2"
PART 37 "J_Index_LE_1"
PART 38 "J_Mid_LE_3"
PART 39 "J_Mid_LE_2"
PART 40 "J_Mid_LE_1"
PART 41 "J_Ring_LE_3"
PART 42 "J_Ring_LE_2"
PART 43 "J_Ring_LE_1"
PART 44 "J_Pinky_LE_3"
PART 45 "J_Pinky_LE_2"
PART 46 "J_Pinky_LE_1"
PART 47 "TAG_WEAPON_LEFT"
PART 48 "J_Wrist_LE"
PART 49 "J_WristTwist_LE"
PART 50 "J_Elbow_LE"
PART 51 "J_ShoulderTwist_LE"
PART 52 "J_Elbow_Bulge_LE"
PART 53 "J_Shoulder_LE"
PART 54 "J_Clavicle_LE"
PART 55 "J_Thumb_RI_3"
PART 56 "J_Thumb_RI_2"
PART 57 "J_Thumb_RI_1"
PART 58 "J_Index_RI_3"
PART 59 "J_Index_RI_2"
PART 60 "J_Index_RI_1"
PART 61 "J_Mid_RI_3"
PART 62 "J_Mid_RI_2"
PART 63 "J_Mid_RI_1"
PART 64 "J_Ring_RI_3"
PART 65 "J_Ring_RI_2"
PART 66 "J_Ring_RI_1"
PART 67 "J_Pinky_RI_3"
PART 68 "J_Pinky_RI_2"
PART 69 "J_Pinky_RI_1"
PART 70 "TAG_WEAPON_RIGHT"
PART 71 "J_Wrist_RI"
PART 72 "J_WristTwist_RI"
PART 73 "J_Elbow_RI"
PART 74 "J_ShoulderTwist_RI"
PART 75 "J_Elbow_Bulge_RI"
PART 76 "J_Shoulder_RI"
PART 77 "J_Clavicle_RI"
PART 78 "J_ShoulderRaise_LE"
PART 79 "J_ShoulderRaise_RI"
PART 80 "J_Collar_Rear"
PART 81 "TAG_WEAPON_CHEST"
PART 82 "J_Collar_LE"
PART 83 "J_Collar_RI"
PART 84 "J_Collar"
PART 85 "J_Collar_Front"
PART 86 "TAG_STOWED_BACK"
PART 87 "TAG_INHAND"
PART 88 "TAG_BIPOD"
PART 89 "J_Spine4"
PART 90 "J_SpineUpper"
PART 91 "J_SpineLower"
PART 92 "J_Ball_LE"
PART 93 "J_Ankle_LE"
PART 94 "J_Knee_Bulge_LE"
PART 95 "J_Knee_LE"
PART 96 "J_HipTwist_LE"
PART 97 "J_Shorts_LE"
PART 98 "J_Shorts_Lift_LE"
PART 99 "J_Hip_LE"
PART 100 "J_Ball_RI"
PART 101 "J_Ankle_RI"
PART 102 "J_Knee_Bulge_RI"
PART 103 "J_Knee_RI"
PART 104 "J_HipTwist_RI"
PART 105 "J_Shorts_RI"
PART 106 "J_Shorts_Lift_RI"
PART 107 "J_Hip_RI"
PART 108 "J_CoatFront_LE"
PART 109 "J_CoatFront_RI"
PART 110 "J_CoatRear_RI"
PART 111 "J_CoatRear_LE"
PART 112 "J_MainRoot"
PART 113 "TAG_SYNC"
PART 114 "TAG_ORIGIN"

FRAMERATE 30
NUMFRAMES 16

FRAME 25
PART 0
OFFSET 0.0000 0.0000 52.4782
SCALE 1 1 1
X 0.0000 -1.0000 0.0000
Y 1.0000 0.0000 0.0000
Z -0.0000 -0.0000 1.0000

PART 1
OFFSET 0.0000 0.0000 52.4782
SCALE 1 1 1
X 0.0000 -1.0000 0.0000
Y 1.0000 0.0000 0.0000
Z -0.0000 -0.0000 1.0000

PART 2
OFFSET 6.1156 14.6211 63.7108
SCALE 1 1 1
X -0.0252 -0.9997 -0.0000
Y 0.9997 -0.0252 -0.0000
Z 0.0000 -0.0000 1.0000

PART 3
OFFSET 6.1544 16.1610 59.5751
SCALE 1 1 1
X -0.0252 -0.9997 -0.0000
Y 0.9997 -0.0252 -0.0000
Z 0.0000 -0.0000 1.0000

PART 4
OFFSET 0.0000 0.0000 52.4782
SCALE 1 1 1
X 0.0000 -1.0000 0.0000
Y 1.0000 0.0000 0.0000
Z -0.0000 -0.0000 1.0000

PART 5
OFFSET 0.0000 0.0000 52.4782
SCALE 1 1 1
X 0.0000 -1.0000 0.0000
Y 1.0000 0.0000 0.0000
Z -0.0000 -0.0000 1.0000

PART 6
OFFSET 2.4853 9.2714 61.0842
SCALE 1 1 1
X -0.1778 -0.9458 0.2717
Y 0.9741 -0.1299 0.1852
Z -0.1399 0.2976 0.9444

PART 7
OFFSET 2.0123 12.9902 66.1769
SCALE 1 1 1
X -0.1275 -0.9915 -0.0248
Y 0.9741 -0.1299 0.1852
Z -0.1869 -0.0006 0.9824

PART 8
OFFSET 2.1646 12.0255 64.6995
SCALE 1 1 1
X -0.2135 -0.2572 0.9425
Y -0.0748 -0.9576 -0.2782
Z 0.9741 -0.1299 0.1852

PART 9
OFFSET 3.3366 9.1060 56.4909
SCALE 1 1 1
X 0.9741 -0.1299 0.1852
Y 0.1192 0.9906 0.0677
Z -0.1923 -0.0438 0.9804

PART 10
OFFSET 3.4040 8.2421 58.0613
SCALE 1 1 1
X 0.9741 -0.1299 0.1852
Y 0.1192 0.9906 0.0677
Z -0.1923 -0.0438 0.9804

PART 11
OFFSET 2.4909 8.3638 57.8876
SCALE 1 1 1
X 0.9741 -0.1299 0.1852
Y -0.1192 -0.9906 -0.0677
Z 0.1923 0.0438 -0.9804

PART 12
OFFSET 3.3134 12.2513 58.8190
SCALE 1 1 1
X 0.9741 -0.1299 0.1852
Y 0.1192 0.9906 0.0677
Z -0.1923 -0.0438 0.9804

PART 13
OFFSET 3.9958 8.5643 58.2286
SCALE 1 1 1
X 0.9741 -0.1299 0.1852
Y 0.1192 0.9906 0.0677
Z -0.1923 -0.0438 0.9804

PART 14
OFFSET 3.3353 8.1329 58.2833
SCALE 1 1 1
X 0.9741 -0.1299 0.1852
Y 0.1192 0.9906 0.0677
Z -0.1923 -0.0438 0.9804

PART 15
OFFSET 2.4448 8.2517 58.1138
SCALE 1 1 1
X 0.9741 -0.1299 0.1852
Y -0.1192 -0.9906 -0.0677
Z 0.1923 0.0438 -0.9804

PART 16
OFFSET 4.1143 8.6674 60.1901
SCALE 1 1 1
X 0.9741 -0.1299 0.1852
Y 0.1192 0.9906 0.0677
Z -0.1923 -0.0438 0.9804

PART 17
OFFSET 1.1927 9.0570 59.6344
SCALE 1 1 1
X 0.9741 -0.1299 0.1852
Y -0.1192 -0.9906 -0.0677
Z 0.1923 0.0438 -0.9804

PART 18
OFFSET 2.1750 8.3390 59.6649
SCALE 1 1 1
X 0.9741 -0.1299 0.1852
Y -0.1192 -0.9906 -0.0677
Z 0.1923 0.0438 -0.9804

PART 19
OFFSET 3.1166 8.2135 59.8438
SCALE 1 1 1
X 0.9741 -0.1299 0.1852
Y 0.1192 0.9906 0.0677
Z -0.1923 -0.0438 0.9804

PART 20
OFFSET 1.9808 8.8330 57.8453
SCALE 1 1 1
X 0.9741 -0.1299 0.1852
Y -0.1192 -0.9906 -0.0677
Z 0.1923 0.0438 -0.9804

PART 21
OFFSET 3.6006 8.0434 61.7975
SCALE 1 1 1
X 0.9741 -0.1299 0.1852
Y 0.1192 0.9906 0.0677
Z -0.1923 -0.0438 0.9804

PART 22
OFFSET 0.9159 8.4015 61.2871
SCALE 1 1 1
X 0.9741 -0.1299 0.1852
Y -0.1192 -0.9906 -0.0677
Z 0.1923 0.0438 -0.9804

PART 23
OFFSET 3.8214 9.4736 61.3391
SCALE 1 1 1
X 0.9709 -0.0673 0.2298
Y 0.0552 0.9968 0.0586
Z -0.2330 -0.0442 0.9715

PART 24
OFFSET 3.8390 9.4815 61.2582
SCALE 1 1 1
X 0.9709 -0.0673 0.2298
Y 0.0552 0.9968 0.0586
Z -0.2330 -0.0442 0.9715

PART 25
OFFSET 1.2604 9.8254 60.7680
SCALE 1 1 1
X 0.9715 -0.1918 0.1396
Y -0.1816 -0.9799 -0.0826
Z 0.1526 0.0549 -0.9868

PART 26
OFFSET 1.2451 9.8172 60.8493
SCALE 1 1 1
X 0.9715 -0.1918 0.1396
Y -0.1816 -0.9799 -0.0826
Z 0.1526 0.0549 -0.9868

PART 27
OFFSET 1.3539 9.7968 60.8123
SCALE 1 1 1
X 0.9280 -0.3330 0.1671
Y -0.3192 -0.9419 -0.1047
Z 0.1923 0.0438 -0.9804

PART 28
OFFSET 3.5270 17.9826 61.7159
SCALE 1 1 1
X 0.2142 0.2666 -0.9397
Y 0.0727 0.9550 0.2875
Z 0.9741 -0.1299 0.1852

PART 29
OFFSET 3.7318 9.4795 61.2650
SCALE 1 1 1
X 0.9776 0.0789 0.1952
Y -0.0859 0.9959 0.0277
Z -0.1923 -0.0438 0.9804

PART 30
OFFSET 3.5041 13.3834 58.6101
SCALE 1 1 1
X -0.2135 -0.2572 0.9425
Y -0.0748 -0.9576 -0.2782
Z 0.9741 -0.1299 0.1852

PART 31
OFFSET 5.2656 14.3429 56.2632
SCALE 1 1 1
X -0.5909 -0.3438 0.7299
Y -0.3982 -0.6626 -0.6344
Z 0.7017 -0.6654 0.2546

PART 32
OFFSET -0.9960 -4.9976 49.7393
SCALE 1 1 1
X -0.6345 -0.7647 0.1119
Y 0.5470 -0.5466 -0.6340
Z 0.5460 -0.3411 0.7652

PART 33
OFFSET -0.0456 -4.4038 49.3258
SCALE 1 1 1
X -0.7956 -0.4971 0.3461
Y 0.2623 -0.7978 -0.5429
Z 0.5460 -0.3411 0.7652

PART 34
OFFSET 1.9657 -4.0139 48.0644
SCALE 1 1 1
X -0.8360 -0.1621 0.5243
Y -0.0549 -0.9259 -0.3737
Z 0.5460 -0.3411 0.7652

PART 35
OFFSET 0.6903 -8.5270 49.9713
SCALE 1 1 1
X -0.9330 -0.3345 -0.1329
Y -0.2351 0.8459 -0.4787
Z 0.2726 -0.4154 -0.8679

PART 36
OFFSET 1.4110 -7.8803 49.8881
SCALE 1 1 1
X -0.7415 -0.6654 0.0856
Y -0.6131 0.6202 -0.4894
Z 0.2725 -0.4154 -0.8679

PART 37
OFFSET 1.5284 -6.4717 49.2508
SCALE 1 1 1
X -0.0757 -0.9085 0.4110
Y -0.9592 -0.0463 -0.2790
Z 0.2726 -0.4154 -0.8679

PART 38
OFFSET 0.0139 -8.5167 48.4937
SCALE 1 1 1
X -0.9133 0.3381 -0.2273
Y 0.3818 0.9049 -0.1881
Z 0.1421 -0.2586 -0.9555

PART 39
OFFSET 1.1043 -8.4712 48.6435
SCALE 1 1 1
X -0.9898 -0.0413 -0.1360
Y -0.0043 0.9651 -0.2618
Z 0.1421 -0.2586 -0.9555

PART 40
OFFSET 1.8229 -6.7960 48.2969
SCALE 1 1 1
X -0.3873 -0.9028 0.1868
Y -0.9109 0.3435 -0.2284
Z 0.1421 -0.2586 -0.9555

PART 41
OFFSET 0.1912 -8.4117 47.3652
SCALE 1 1 1
X -0.9526 0.2687 -0.1426
Y 0.2901 0.9435 -0.1602
Z 0.0915 -0.1940 -0.9767

PART 42
OFFSET 1.1289 -8.3467 47.4402
SCALE 1 1 1
X -0.9944 -0.0690 -0.0795
Y -0.0520 0.9786 -0.1992
Z 0.0915 -0.1940 -0.9767

PART 43
OFFSET 1.9348 -6.8858 47.2255
SCALE 1 1 1
X -0.4791 -0.8685 0.1276
Y -0.8730 0.4562 -0.1724
Z 0.0915 -0.1940 -0.9767

PART 44
OFFSET 0.5796 -7.9039 46.3509
SCALE 1 1 1
X -0.8770 0.4279 -0.2187
Y 0.4652 0.8700 -0.1632
Z 0.1204 -0.2449 -0.9620

PART 45
OFFSET 1.2641 -7.8474 46.4221
SCALE 1 1 1
X -0.9913 -0.0819 -0.1032
Y -0.0536 0.9661 -0.2526
Z 0.1204 -0.2449 -0.9621

PART 46
OFFSET 1.9343 -6.8674 46.2565
SCALE 1 1 1
X -0.5591 -0.8175 0.1381
Y -0.8203 0.5213 -0.2353
Z 0.1204 -0.2449 -0.9621

PART 47
OFFSET -39.4028 15.2407 60.5200
SCALE 1 1 1
X -0.1241 -0.6758 0.7266
Y 0.8139 -0.4882 -0.3151
Z 0.5676 0.5523 0.6106

PART 48
OFFSET 2.1468 -3.3590 47.1593
SCALE 1 1 1
X -0.1641 -0.9764 0.1404
Y -0.9705 0.1344 -0.1999
Z 0.1763 -0.1691 -0.9697

PART 49
OFFSET 3.8788 -1.4056 45.7208
SCALE 1 1 1
X -0.5680 -0.6679 0.4810
Y -0.1002 -0.5240 -0.8458
Z 0.8169 -0.5286 0.2307

PART 50
OFFSET 8.0639 3.3132 42.2457
SCALE 1 1 1
X -0.5680 -0.6679 0.4810
Y -0.1791 -0.4702 -0.8642
Z 0.8033 -0.5770 0.1474

PART 51
OFFSET 9.3164 8.3481 52.2670
SCALE 1 1 1
X -0.1431 -0.4638 -0.8743
Y 0.8200 0.4391 -0.3671
Z 0.5542 -0.7695 0.3175

PART 52
OFFSET 7.9735 2.8194 40.9560
SCALE 1 1 1
X -0.4620 -0.8281 -0.3174
Y 0.2815 0.2024 -0.9380
Z 0.8410 -0.5227 0.1396

PART 53
OFFSET 9.3826 8.5627 52.6715
SCALE 1 1 1
X -0.1431 -0.4638 -0.8743
Y 0.5218 0.7153 -0.4648
Z 0.8410 -0.5227 0.1396

PART 54
OFFSET 6.8222 14.3926 52.1605
SCALE 1 1 1
X 0.4008 -0.9127 0.0800
Y 0.9033 0.4083 0.1318
Z -0.1530 0.0194 0.9880

PART 55
OFFSET 0.8685 9.5943 51.4398
SCALE 1 1 1
X -0.6626 0.5788 0.4754
Y 0.7269 0.3438 0.5945
Z 0.1806 0.7394 -0.6485

PART 56
OFFSET -0.1952 10.0757 51.6925
SCALE 1 1 1
X -0.8904 0.4030 0.2115
Y 0.4178 0.5393 0.7312
Z 0.1806 0.7394 -0.6485

PART 57
OFFSET -2.5581 10.4887 51.5056
SCALE 1 1 1
X -0.9821 0.1716 -0.0778
Y 0.0538 0.6510 0.7572
Z 0.1806 0.7394 -0.6485

PART 58
OFFSET -0.4168 6.0041 50.5387
SCALE 1 1 1
X -0.8185 0.0309 0.5737
Y 0.0149 -0.9971 0.0749
Z 0.5744 0.0699 0.8156

PART 59
OFFSET -1.1414 6.4476 51.0108
SCALE 1 1 1
X -0.7455 0.4562 0.4859
Y -0.3382 -0.8871 0.3141
Z 0.5744 0.0699 0.8156

PART 60
OFFSET -1.5691 7.9277 51.1854
SCALE 1 1 1
X -0.2759 0.9546 0.1125
Y -0.7707 -0.2896 0.5676
Z 0.5744 0.0699 0.8156

PART 61
OFFSET -0.3836 6.7747 49.1081
SCALE 1 1 1
X -0.7308 -0.5973 0.3303
Y 0.4679 -0.7907 -0.3948
Z 0.4970 -0.1340 0.8573

PART 62
OFFSET -1.3258 6.5082 49.6126
SCALE 1 1 1
X -0.8554 -0.2419 0.4581
Y 0.1460 -0.9610 -0.2348
Z 0.4970 -0.1340 0.8573

PART 63
OFFSET -2.2021 7.9688 50.3489
SCALE 1 1 1
X -0.4722 0.7871 0.3968
Y -0.7280 -0.6021 0.3280
Z 0.4970 -0.1340 0.8573

PART 64
OFFSET -0.9989 7.2932 48.2905
SCALE 1 1 1
X -0.8038 -0.5099 0.3064
Y 0.3745 -0.8339 -0.4054
Z 0.4622 -0.2112 0.8613

PART 65
OFFSET -1.8318 7.1091 48.6922
SCALE 1 1 1
X -0.8833 -0.1952 0.4262
Y 0.0781 -0.9578 -0.2767
Z 0.4622 -0.2112 0.8613

PART 66
OFFSET -2.7255 8.3064 49.4656
SCALE 1 1 1
X -0.5312 0.7117 0.4596
Y -0.7101 -0.6699 0.2168
Z 0.4622 -0.2112 0.8613

PART 67
OFFSET -1.7817 8.0726 47.8244
SCALE 1 1 1
X -0.6967 -0.6649 0.2693
Y 0.5328 -0.7309 -0.4265
Z 0.4804 -0.1537 0.8635

PART 68
OFFSET -2.3836 7.9395 48.1357
SCALE 1 1 1
X -0.8716 -0.1928 0.4506
Y 0.0973 -0.9691 -0.2266
Z 0.4804 -0.1537 0.8635

PART 69
OFFSET -3.1105 8.7224 48.6794
SCALE 1 1 1
X -0.6064 0.6531 0.4536
Y -0.6337 -0.7415 0.2206
Z 0.4804 -0.1537 0.8635

PART 70
OFFSET 0.0000 0.0000 52.4782
SCALE 1 1 1
X 0.0000 -1.0000 0.0000
Y 1.0000 0.0000 0.0000
Z -0.0000 -0.0000 1.0000

PART 71
OFFSET -3.1145 11.3996 51.1293
SCALE 1 1 1
X -0.2528 0.8831 0.3954
Y -0.8039 -0.4191 0.4220
Z 0.5384 -0.2112 0.8158

PART 72
OFFSET -4.1036 13.9801 50.0121
SCALE 1 1 1
X -0.3154 0.8686 -0.3821
Y 0.5111 0.4948 0.7029
Z 0.7996 0.0264 -0.5999

PART 73
OFFSET -6.4930 20.2142 47.3134
SCALE 1 1 1
X -0.3154 0.8686 -0.3821
Y 0.5220 0.4951 0.6946
Z 0.7925 0.0196 -0.6095

PART 74
OFFSET 1.1308 20.2035 55.6959
SCALE 1 1 1
X 0.6635 0.0361 0.7473
Y -0.0919 -0.9873 0.1292
Z 0.7426 -0.1544 -0.6517

PART 75
OFFSET -7.7671 20.3426 45.8497
SCALE 1 1 1
X 0.5198 0.7080 0.4780
Y 0.4158 -0.6985 0.5824
Z 0.7463 -0.1039 -0.6575

PART 76
OFFSET 1.4071 20.2185 56.0071
SCALE 1 1 1
X 0.6635 0.0361 0.7473
Y -0.0539 -0.9939 0.0959
Z 0.7463 -0.1039 -0.6575

PART 77
OFFSET 5.5478 16.7452 52.6018
SCALE 1 1 1
X -0.6482 0.5437 0.5331
Y 0.7501 0.5764 0.3241
Z -0.1310 0.6100 -0.7815

PART 78
OFFSET 7.5267 11.2384 54.6175
SCALE 1 1 1
X -0.4434 0.8911 0.0966
Y -0.8814 -0.4138 -0.2279
Z -0.1631 -0.1862 0.9689

PART 79
OFFSET 3.0064 17.7386 56.3603
SCALE 1 1 1
X -0.4938 0.8392 0.2279
Y 0.8644 0.4452 0.2338
Z 0.0947 0.3124 -0.9452

PART 80
OFFSET 7.1310 14.9638 58.3398
SCALE 1 1 1
X -0.4699 0.8676 0.1627
Y -0.8690 -0.4224 -0.2578
Z -0.1549 -0.2625 0.9524

PART 81
OFFSET -17.2461 38.5835 37.2740
SCALE 1 1 1
X -0.8753 -0.4343 -0.2127
Y 0.4699 -0.8676 -0.1627
Z -0.1139 -0.2424 0.9635

PART 82
OFFSET 5.7417 11.4777 56.4976
SCALE 1 1 1
X -0.4699 0.8676 0.1627
Y -0.8690 -0.4224 -0.2578
Z -0.1549 -0.2625 0.9524

PART 83
OFFSET 3.2310 16.1128 57.3668
SCALE 1 1 1
X -0.4699 0.8676 0.1627
Y 0.8690 0.4224 0.2578
Z 0.1549 0.2625 -0.9524

PART 84
OFFSET 7.9869 15.4175 58.3928
SCALE 1 1 1
X 0.4699 -0.8676 -0.1627
Y 0.8753 0.4343 0.2127
Z -0.1139 -0.2424 0.9635

PART 85
OFFSET 1.9470 12.6970 55.4538
SCALE 1 1 1
X -0.4699 0.8676 0.1627
Y -0.8690 -0.4224 -0.2578
Z -0.1549 -0.2625 0.9524

PART 86
OFFSET 11.5438 23.0215 49.3042
SCALE 1 1 1
X 0.1076 0.3302 -0.9378
Y -0.7712 -0.5675 -0.2883
Z -0.6274 0.7542 0.1936

PART 87
OFFSET 3.6209 -1.2921 45.6667
SCALE 1 1 1
X 0.8055 -0.5702 0.1615
Y -0.3680 -0.6949 -0.6178
Z 0.4645 0.4382 -0.7695

PART 88
OFFSET -21.3843 37.9357 28.7746
SCALE 1 1 1
X -0.8753 -0.4343 -0.2127
Y 0.4699 -0.8676 -0.1627
Z -0.1139 -0.2424 0.9635

PART 89
OFFSET 6.7591 16.7165 47.9197
SCALE 1 1 1
X -0.1549 -0.2625 0.9524
Y -0.8690 -0.4224 -0.2578
Z 0.4699 -0.8676 -0.1627

PART 90
OFFSET 7.0665 17.5148 43.9028
SCALE 1 1 1
X -0.0789 -0.1970 0.9772
Y -0.8229 -0.5404 -0.1754
Z 0.5627 -0.8180 -0.1195

PART 91
OFFSET 7.1861 18.0386 38.7108
SCALE 1 1 1
X 0.0023 -0.0789 0.9969
Y -0.7602 -0.6478 -0.0495
Z 0.6497 -0.7577 -0.0615

PART 92
OFFSET 10.7705 3.2320 0.3279
SCALE 1 1 1
X -0.4299 -0.8843 0.1822
Y 0.0798 0.1638 0.9833
Z -0.8993 0.4373 0.0001

PART 93
OFFSET 13.1483 8.2821 4.7743
SCALE 1 1 1
X -0.0039 -0.0078 -1.0000
Y -0.4372 -0.8993 0.0087
Z -0.8993 0.4373 0.0001

PART 94
OFFSET 7.5723 3.8620 18.6563
SCALE 1 1 1
X -0.2018 0.0406 0.9786
Y -0.4853 -0.8720 -0.0640
Z 0.8507 -0.4878 0.1957

PART 95
OFFSET 8.3763 5.3589 18.8693
SCALE 1 1 1
X 0.3147 0.1928 -0.9294
Y -0.4208 -0.8494 -0.3186
Z -0.8508 0.4914 -0.1861

PART 96
OFFSET 10.2673 12.7175 31.0582
SCALE 1 1 1
X -0.1317 -0.5123 -0.8486
Y -0.6158 -0.6286 0.4750
Z -0.7768 0.5851 -0.2327

PART 97
OFFSET 9.4700 10.2207 24.3804
SCALE 1 1 1
X 0.0866 0.4984 0.8626
Y 0.7231 0.5642 -0.3986
Z -0.6853 0.6583 -0.3115

PART 98
OFFSET 10.8572 9.4523 19.2522
SCALE 1 1 1
X 0.1166 0.5214 0.8453
Y 0.5216 0.6921 -0.4989
Z -0.8452 0.4991 -0.1913

PART 99
OFFSET 10.6820 14.3311 33.7311
SCALE 1 1 1
X -0.1317 -0.5123 -0.8486
Y -0.5298 -0.6872 0.4971
Z -0.8378 0.5151 -0.1810

PART 100
OFFSET -0.0858 25.3929 0.3869
SCALE 1 1 1
X 0.7766 0.6030 -0.1822
Y -0.1438 -0.1119 -0.9833
Z -0.6133 0.7898 -0.0001

PART 101
OFFSET 4.3655 28.7610 4.8333
SCALE 1 1 1
X 0.0068 0.0055 1.0000
Y 0.7898 0.6133 -0.0087
Z -0.6133 0.7898 -0.0001

PART 102
OFFSET -2.6452 20.6664 16.0363
SCALE 1 1 1
X 0.1913 0.3295 -0.9246
Y 0.7214 0.5915 0.3601
Z 0.6656 -0.7359 -0.1246

PART 103
OFFSET -1.5174 21.5796 16.8251
SCALE 1 1 1
X -0.3879 -0.4735 0.7907
Y 0.6369 0.4824 0.6013
Z -0.6662 0.7369 0.1145

PART 104
OFFSET 3.3362 21.7220 30.3427
SCALE 1 1 1
X 0.3379 0.0099 0.9411
Y 0.7431 0.6108 -0.2733
Z -0.5776 0.7917 0.1991

PART 105
OFFSET 2.1729 21.9016 23.2659
SCALE 1 1 1
X 0.3203 -0.0047 0.9473
Y 0.7463 0.6171 -0.2493
Z -0.5834 0.7868 0.2012

PART 106
OFFSET 2.3222 24.0322 18.3413
SCALE 1 1 1
X 0.3379 0.0099 0.9411
Y 0.7451 0.6081 -0.2740
Z -0.5750 0.7938 0.1981

PART 107
OFFSET 4.4004 21.7532 33.3066
SCALE 1 1 1
X 0.3379 0.0099 0.9411
Y 0.7451 0.6081 -0.2740
Z -0.5750 0.7938 0.1981

PART 108
OFFSET 6.8190 11.2899 36.1804
SCALE 1 1 1
X 0.1851 -0.2818 -0.9414
Y -0.7621 -0.6460 0.0436
Z -0.6204 0.7094 -0.3343

PART 109
OFFSET 0.9323 18.0537 35.6531
SCALE 1 1 1
X 0.1139 -0.1720 0.9785
Y 0.7641 0.6446 0.0244
Z -0.6350 0.7449 0.2048

PART 110
OFFSET 7.4642 23.6592 37.0064
SCALE 1 1 1
X 0.0057 -0.0221 0.9997
Y 0.7579 0.6523 0.0101
Z -0.6523 0.7577 0.0205

PART 111
OFFSET 13.2601 16.8109 37.3981
SCALE 1 1 1
X 0.0568 -0.1002 -0.9933
Y -0.7621 -0.6472 0.0217
Z -0.6450 0.7557 -0.1131

PART 112
OFFSET 7.5412 18.0422 33.5188
SCALE 1 1 1
X -0.0391 0.0241 0.9989
Y -0.7628 -0.6464 -0.0143
Z 0.6454 -0.7626 0.0436

PART 113
OFFSET 7.5412 18.0422 59.6007
SCALE 1 1 1
X 0.7778 0.6286 -0.0000
Y -0.6286 0.7778 0.0013
Z 0.0008 -0.0010 1.0000

PART 114
OFFSET 7.5412 18.0422 59.6008
SCALE 1 1 1
X 0.0000 -1.0000 0.0000
Y 1.0000 0.0000 -0.0008
Z 0.0008 0.0000 1.0000


FRAME 26
PART 0
OFFSET 0.0000 0.2569 52.4782
SCALE 1 1 1
X -0.0183 -0.9998 0.0051
Y 0.9998 -0.0183 0.0038
Z -0.0037 0.0052 1.0000

PART 1
OFFSET 0.0000 0.2569 52.4782
SCALE 1 1 1
X -0.0183 -0.9998 0.0051
Y 0.9998 -0.0183 0.0038
Z -0.0037 0.0052 1.0000

PART 2
OFFSET 6.1156 14.6211 63.7108
SCALE 1 1 1
X -0.0252 -0.9997 -0.0000
Y 0.9997 -0.0252 -0.0000
Z 0.0000 -0.0000 1.0000

PART 3
OFFSET 6.1544 16.1610 59.5751
SCALE 1 1 1
X -0.0252 -0.9997 -0.0000
Y 0.9997 -0.0252 -0.0000
Z 0.0000 -0.0000 1.0000

PART 4
OFFSET 0.0000 0.2569 52.4782
SCALE 1 1 1
X -0.0183 -0.9998 0.0051
Y 0.9998 -0.0183 0.0038
Z -0.0037 0.0052 1.0000

PART 5
OFFSET 0.0000 0.2569 52.4782
SCALE 1 1 1
X -0.0183 -0.9998 0.0051
Y 0.9998 -0.0183 0.0038
Z -0.0037 0.0052 1.0000

PART 6
OFFSET 2.4853 9.2714 61.0842
SCALE 1 1 1
X -0.1778 -0.9458 0.2717
Y 0.9741 -0.1299 0.1852
Z -0.1399 0.2976 0.9444

PART 7
OFFSET 2.0123 12.9902 66.1769
SCALE 1 1 1
X -0.1275 -0.9915 -0.0248
Y 0.9741 -0.1299 0.1852
Z -0.1869 -0.0006 0.9824

PART 8
OFFSET 2.1646 12.0255 64.6995
SCALE 1 1 1
X -0.2135 -0.2572 0.9425
Y -0.0748 -0.9576 -0.2782
Z 0.9741 -0.1299 0.1852

PART 9
OFFSET 3.3366 9.1060 56.4909
SCALE 1 1 1
X 0.9741 -0.1299 0.1852
Y 0.1192 0.9906 0.0677
Z -0.1923 -0.0438 0.9804

PART 10
OFFSET 3.4040 8.2421 58.0613
SCALE 1 1 1
X 0.9741 -0.1299 0.1852
Y 0.1192 0.9906 0.0677
Z -0.1923 -0.0438 0.9804

PART 11
OFFSET 2.4909 8.3638 57.8876
SCALE 1 1 1
X 0.9741 -0.1299 0.1852
Y -0.1192 -0.9906 -0.0677
Z 0.1923 0.0438 -0.9804

PART 12
OFFSET 3.3134 12.2513 58.8190
SCALE 1 1 1
X 0.9741 -0.1299 0.1852
Y 0.1192 0.9906 0.0677
Z -0.1923 -0.0438 0.9804

PART 13
OFFSET 3.9958 8.5643 58.2286
SCALE 1 1 1
X 0.9741 -0.1299 0.1852
Y 0.1192 0.9906 0.0677
Z -0.1923 -0.0438 0.9804

PART 14
OFFSET 3.3353 8.1329 58.2833
SCALE 1 1 1
X 0.9741 -0.1299 0.1852
Y 0.1192 0.9906 0.0677
Z -0.1923 -0.0438 0.9804

PART 15
OFFSET 2.4448 8.2517 58.1138
SCALE 1 1 1
X 0.9741 -0.1299 0.1852
Y -0.1192 -0.9906 -0.0677
Z 0.1923 0.0438 -0.9804

PART 16
OFFSET 4.1143 8.6674 60.1901
SCALE 1 1 1
X 0.9741 -0.1299 0.1852
Y 0.1192 0.9906 0.0677
Z -0.1923 -0.0438 0.9804

PART 17
OFFSET 1.1927 9.0570 59.6344
SCALE 1 1 1
X 0.9741 -0.1299 0.1852
Y -0.1192 -0.9906 -0.0677
Z 0.1923 0.0438 -0.9804

PART 18
OFFSET 2.1750 8.3390 59.6649
SCALE 1 1 1
X 0.9741 -0.1299 0.1852
Y -0.1192 -0.9906 -0.0677
Z 0.1923 0.0438 -0.9804

PART 19
OFFSET 3.1166 8.2135 59.8438
SCALE 1 1 1
X 0.9741 -0.1299 0.1852
Y 0.1192 0.9906 0.0677
Z -0.1923 -0.0438 0.9804

PART 20
OFFSET 1.9808 8.8330 57.8453
SCALE 1 1 1
X 0.9741 -0.1299 0.1852
Y -0.1192 -0.9906 -0.0677
Z 0.1923 0.0438 -0.9804

PART 21
OFFSET 3.6006 8.0434 61.7975
SCALE 1 1 1
X 0.9741 -0.1299 0.1852
Y 0.1192 0.9906 0.0677
Z -0.1923 -0.0438 0.9804

PART 22
OFFSET 0.9159 8.4015 61.2871
SCALE 1 1 1
X 0.9741 -0.1299 0.1852
Y -0.1192 -0.9906 -0.0677
Z 0.1923 0.0438 -0.9804

PART 23
OFFSET 3.8214 9.4736 61.3391
SCALE 1 1 1
X 0.9709 -0.0673 0.2298
Y 0.0552 0.9968 0.0586
Z -0.2330 -0.0442 0.9715

PART 24
OFFSET 3.8390 9.4815 61.2582
SCALE 1 1 1
X 0.9709 -0.0673 0.2298
Y 0.0552 0.9968 0.0586
Z -0.2330 -0.0442 0.9715

PART 25
OFFSET 1.2604 9.8254 60.7680
SCALE 1 1 1
X 0.9715 -0.1918 0.1396
Y -0.1816 -0.9799 -0.0826
Z 0.1526 0.0549 -0.9868

PART 26
OFFSET 1.2451 9.8172 60.8493
SCALE 1 1 1
X 0.9715 -0.1918 0.1396
Y -0.1816 -0.9799 -0.0826
Z 0.1526 0.0549 -0.9868

PART 27
OFFSET 1.3539 9.7968 60.8123
SCALE 1 1 1
X 0.9280 -0.3330 0.1671
Y -0.3192 -0.9419 -0.1047
Z 0.1923 0.0438 -0.9804

PART 28
OFFSET 3.5270 17.9826 61.7159
SCALE 1 1 1
X 0.2142 0.2666 -0.9397
Y 0.0727 0.9550 0.2875
Z 0.9741 -0.1299 0.1852

PART 29
OFFSET 3.7318 9.4795 61.2650
SCALE 1 1 1
X 0.9776 0.0789 0.1952
Y -0.0859 0.9959 0.0277
Z -0.1923 -0.0438 0.9804

PART 30
OFFSET 3.5041 13.3834 58.6101
SCALE 1 1 1
X -0.2135 -0.2572 0.9425
Y -0.0748 -0.9576 -0.2782
Z 0.9741 -0.1299 0.1852

PART 31
OFFSET 5.2656 14.3429 56.2632
SCALE 1 1 1
X -0.5909 -0.3438 0.7299
Y -0.3982 -0.6626 -0.6344
Z 0.7017 -0.6654 0.2546

PART 32
OFFSET -1.0770 -4.7359 49.7613
SCALE 1 1 1
X -0.6488 -0.7524 0.1134
Y 0.5393 -0.5598 -0.6291
Z 0.5369 -0.3471 0.7690

PART 33
OFFSET -0.1143 -4.1617 49.3484
SCALE 1 1 1
X -0.8059 -0.4807 0.3457
Y 0.2497 -0.8053 -0.5378
Z 0.5369 -0.3471 0.7690

PART 34
OFFSET 1.9084 -3.8151 48.0926
SCALE 1 1 1
X -0.8407 -0.1440 0.5219
Y -0.0704 -0.9267 -0.3691
Z 0.5369 -0.3471 0.7690

PART 35
OFFSET 0.5437 -8.2943 50.0178
SCALE 1 1 1
X -0.9384 -0.3181 -0.1348
Y -0.2178 0.8476 -0.4839
Z 0.2681 -0.4248 -0.8647

PART 36
OFFSET 1.2764 -7.6612 49.9341
SCALE 1 1 1
X -0.7539 -0.6513 0.0862
Y -0.5998 0.6288 -0.4949
Z 0.2681 -0.4248 -0.8647

PART 37
OFFSET 1.4219 -6.2583 49.2900
SCALE 1 1 1
X -0.0938 -0.9048 0.4154
Y -0.9588 -0.0303 -0.2825
Z 0.2681 -0.4248 -0.8647

PART 38
OFFSET -0.1269 -8.2793 48.5376
SCALE 1 1 1
X -0.9061 0.3535 -0.2325
Y 0.3990 0.8968 -0.1913
Z 0.1409 -0.2661 -0.9536

PART 39
OFFSET 0.9635 -8.2529 48.6913
SCALE 1 1 1
X -0.9899 -0.0239 -0.1396
Y 0.0143 0.9636 -0.2668
Z 0.1409 -0.2661 -0.9536

PART 40
OFFSET 1.7139 -6.5929 48.3389
SCALE 1 1 1
X -0.4044 -0.8946 0.1899
Y -0.9037 0.3589 -0.2337
Z 0.1409 -0.2661 -0.9536

PART 41
OFFSET 0.0565 -8.1834 47.4093
SCALE 1 1 1
X -0.9470 0.2853 -0.1476
Y 0.3079 0.9372 -0.1639
Z 0.0916 -0.2007 -0.9754

PART 42
OFFSET 0.9949 -8.1351 47.4875
SCALE 1 1 1
X -0.9952 -0.0512 -0.0829
Y -0.0333 0.9783 -0.2044
Z 0.0916 -0.2007 -0.9754

PART 43
OFFSET 1.8281 -6.6903 47.2684
SCALE 1 1 1
X -0.4953 -0.8589 0.1302
Y -0.8639 0.4712 -0.1781
Z 0.0916 -0.2007 -0.9754

PART 44
OFFSET 0.4578 -7.6881 46.3938
SCALE 1 1 1
X -0.8682 0.4427 -0.2242
Y 0.4817 0.8605 -0.1659
Z 0.1195 -0.2521 -0.9603

PART 45
OFFSET 1.1430 -7.6437 46.4674
SCALE 1 1 1
X -0.9922 -0.0644 -0.1065
Y -0.0350 0.9656 -0.2578
Z 0.1195 -0.2520 -0.9603

PART 46
OFFSET 1.8317 -6.6770 46.2993
SCALE 1 1 1
X -0.5745 -0.8064 0.1402
Y -0.8098 0.5349 -0.2411
Z 0.1195 -0.2520 -0.9603

PART 47
OFFSET -39.1474 16.2560 60.2912
SCALE 1 1 1
X -0.1391 -0.6696 0.7296
Y 0.8060 -0.5046 -0.3095
Z 0.5753 0.5450 0.6099

PART 48
OFFSET 2.1049 -3.1684 47.1849
SCALE 1 1 1
X -0.1825 -0.9725 0.1448
Y -0.9672 0.1510 -0.2043
Z 0.1768 -0.1773 -0.9681

PART 49
OFFSET 3.8541 -1.2458 45.7258
SCALE 1 1 1
X -0.5739 -0.6577 0.4879
Y -0.1078 -0.5300 -0.8411
Z 0.8118 -0.5353 0.2333

PART 50
OFFSET 8.0808 3.3984 42.2011
SCALE 1 1 1
X -0.5739 -0.6577 0.4879
Y -0.1882 -0.4739 -0.8602
Z 0.7970 -0.5855 0.1482

PART 51
OFFSET 9.3169 8.3515 52.2651
SCALE 1 1 1
X -0.1419 -0.4564 -0.8784
Y 0.8230 0.4386 -0.3608
Z 0.5500 -0.7742 0.3134

PART 52
OFFSET 7.9906 2.9047 40.8882
SCALE 1 1 1
X -0.4669 -0.8221 -0.3259
Y 0.2884 0.2068 -0.9349
Z 0.8360 -0.5305 0.1406

PART 53
OFFSET 9.3826 8.5627 52.6715
SCALE 1 1 1
X -0.1419 -0.4564 -0.8784
Y 0.5301 0.7144 -0.4568
Z 0.8360 -0.5305 0.1406

PART 54
OFFSET 6.8222 14.3926 52.1605
SCALE 1 1 1
X 0.4008 -0.9127 0.0800
Y 0.9033 0.4083 0.1318
Z -0.1530 0.0194 0.9880

PART 55
OFFSET 1.0475 9.8282 51.3939
SCALE 1 1 1
X -0.6536 0.5933 0.4699
Y 0.7308 0.3336 0.5955
Z 0.1965 0.7326 -0.6516

PART 56
OFFSET -0.0081 10.3303 51.6400
SCALE 1 1 1
X -0.8837 0.4203 0.2060
Y 0.4248 0.5353 0.7300
Z 0.1965 0.7326 -0.6516

PART 57
OFFSET -2.3623 10.7854 51.4419
SCALE 1 1 1
X -0.9785 0.1891 -0.0824
Y 0.0629 0.6538 0.7540
Z 0.1965 0.7326 -0.6516

PART 58
OFFSET -0.2998 6.2575 50.5063
SCALE 1 1 1
X -0.8199 0.0488 0.5704
Y -0.0036 -0.9968 0.0801
Z 0.5725 0.0636 0.8174

PART 59
OFFSET -1.0179 6.7165 50.9734
SCALE 1 1 1
X -0.7388 0.4723 0.4807
Y -0.3555 -0.8791 0.3174
Z 0.5725 0.0636 0.8174

PART 60
OFFSET -1.4192 8.2050 51.1387
SCALE 1 1 1
X -0.2588 0.9600 0.1065
Y -0.7780 -0.2725 0.5661
Z 0.5725 0.0636 0.8174

PART 61
OFFSET -0.2471 7.0198 49.0718
SCALE 1 1 1
X -0.7428 -0.5822 0.3306
Y 0.4548 -0.8012 -0.3889
Z 0.4913 -0.1386 0.8599

PART 62
OFFSET -1.1959 6.7732 49.5741
SCALE 1 1 1
X -0.8613 -0.2239 0.4560
Y 0.1293 -0.9647 -0.2293
Z 0.4913 -0.1386 0.8599

PART 63
OFFSET -2.0481 8.2533 50.2996
SCALE 1 1 1
X -0.4592 0.7977 0.3909
Y -0.7401 -0.5870 0.3283
Z 0.4913 -0.1386 0.8599

PART 64
OFFSET -0.8499 7.5452 48.2493
SCALE 1 1 1
X -0.8141 -0.4936 0.3059
Y 0.3607 -0.8427 -0.3997
Z 0.4551 -0.2151 0.8641

PART 65
OFFSET -1.6875 7.3784 48.6488
SCALE 1 1 1
X -0.8883 -0.1768 0.4238
Y 0.0616 -0.9605 -0.2715
Z 0.4551 -0.2151 0.8641

PART 66
OFFSET -2.5620 8.5959 49.4126
SCALE 1 1 1
X -0.5198 0.7237 0.4539
Y -0.7230 -0.6557 0.2175
Z 0.4551 -0.2151 0.8641

PART 67
OFFSET -1.6166 8.3364 47.7762
SCALE 1 1 1
X -0.7097 -0.6507 0.2700
Y 0.5209 -0.7427 -0.4207
Z 0.4743 -0.1579 0.8661

PART 68
OFFSET -2.2220 8.2159 48.0859
SCALE 1 1 1
X -0.8767 -0.1745 0.4483
Y 0.0804 -0.9719 -0.2212
Z 0.4743 -0.1579 0.8661

PART 69
OFFSET -2.9364 9.0148 48.6227
SCALE 1 1 1
X -0.5960 0.6665 0.4479
Y -0.6479 -0.7286 0.2220
Z 0.4743 -0.1579 0.8661

PART 70
OFFSET 0.0000 0.2569 52.4782
SCALE 1 1 1
X -0.0183 -0.9998 0.0051
Y 0.9998 -0.0183 0.0038
Z -0.0037 0.0052 1.0000

PART 71
OFFSET -2.9006 11.7043 51.0588
SCALE 1 1 1
X -0.2381 0.8896 0.3899
Y -0.8130 -0.4021 0.4211
Z 0.5314 -0.2167 0.8190

PART 72
OFFSET -3.9240 14.2697 49.9378
SCALE 1 1 1
X -0.3268 0.8639 -0.3833
Y 0.4944 0.5019 0.7097
Z 0.8054 0.0424 -0.5912

PART 73
OFFSET -6.3961 20.4674 47.2299
SCALE 1 1 1
X -0.3268 0.8639 -0.3833
Y 0.5078 0.5026 0.6997
Z 0.7971 0.0340 -0.6029

PART 74
OFFSET 1.1342 20.2125 55.6926
SCALE 1 1 1
X 0.6553 0.0144 0.7553
Y -0.1032 -0.9887 0.1084
Z 0.7483 -0.1490 -0.6464

PART 75
OFFSET -7.6715 20.6377 45.7352
SCALE 1 1 1
X 0.5172 0.6935 0.5015
Y 0.4066 -0.7147 0.5690
Z 0.7531 -0.0903 -0.6517

PART 76
OFFSET 1.4071 20.2185 56.0071
SCALE 1 1 1
X 0.6553 0.0144 0.7553
Y -0.0589 -0.9958 0.0700
Z 0.7531 -0.0903 -0.6517

PART 77
OFFSET 5.5478 16.7452 52.6018
SCALE 1 1 1
X -0.6482 0.5437 0.5331
Y 0.7501 0.5764 0.3241
Z -0.1310 0.6100 -0.7815

PART 78
OFFSET 7.5267 11.2384 54.6175
SCALE 1 1 1
X -0.4434 0.8911 0.0966
Y -0.8814 -0.4138 -0.2279
Z -0.1631 -0.1862 0.9689

PART 79
OFFSET 3.0064 17.7386 56.3603
SCALE 1 1 1
X -0.4938 0.8392 0.2279
Y 0.8644 0.4452 0.2338
Z 0.0947 0.3124 -0.9452

PART 80
OFFSET 7.1310 14.9638 58.3398
SCALE 1 1 1
X -0.4699 0.8676 0.1627
Y -0.8690 -0.4224 -0.2578
Z -0.1549 -0.2625 0.9524

PART 81
OFFSET -17.2461 38.5835 37.2740
SCALE 1 1 1
X -0.8753 -0.4343 -0.2127
Y 0.4699 -0.8676 -0.1627
Z -0.1139 -0.2424 0.9635

PART 82
OFFSET 5.7417 11.4777 56.4976
SCALE 1 1 1
X -0.4699 0.8676 0.1627
Y -0.8690 -0.4224 -0.2578
Z -0.1549 -0.2625 0.9524

PART 83
OFFSET 3.2310 16.1128 57.3668
SCALE 1 1 1
X -0.4699 0.8676 0.1627
Y 0.8690 0.4224 0.2578
Z 0.1549 0.2625 -0.9524

PART 84
OFFSET 7.9869 15.4175 58.3928
SCALE 1 1 1
X 0.4699 -0.8676 -0.1627
Y 0.8753 0.4343 0.2127
Z -0.1139 -0.2424 0.9635

PART 85
OFFSET 1.9470 12.6970 55.4538
SCALE 1 1 1
X -0.4699 0.8676 0.1627
Y -0.8690 -0.4224 -0.2578
Z -0.1549 -0.2625 0.9524

PART 86
OFFSET 11.5438 23.0215 49.3042
SCALE 1 1 1
X 0.1076 0.3302 -0.9378
Y -0.7712 -0.5675 -0.2883
Z -0.6274 0.7542 0.1936

PART 87
OFFSET 3.6209 -1.2921 45.6667
SCALE 1 1 1
X 0.8055 -0.5702 0.1615
Y -0.3680 -0.6949 -0.6178
Z 0.4645 0.4382 -0.7695

PART 88
OFFSET -21.3843 37.9357 28.7746
SCALE 1 1 1
X -0.8753 -0.4343 -0.2127
Y 0.4699 -0.8676 -0.1627
Z -0.1139 -0.2424 0.9635

PART 89
OFFSET 6.7591 16.7165 47.9197
SCALE 1 1 1
X -0.1549 -0.2625 0.9524
Y -0.8690 -0.4224 -0.2578
Z 0.4699 -0.8676 -0.1627

PART 90
OFFSET 7.0665 17.5148 43.9028
SCALE 1 1 1
X -0.0789 -0.1970 0.9772
Y -0.8229 -0.5404 -0.1754
Z 0.5627 -0.8180 -0.1195

PART 91
OFFSET 7.1861 18.0386 38.7108
SCALE 1 1 1
X 0.0023 -0.0789 0.9969
Y -0.7602 -0.6478 -0.0495
Z 0.6497 -0.7577 -0.0615

PART 92
OFFSET 10.7705 3.2320 0.3279
SCALE 1 1 1
X -0.4299 -0.8843 0.1822
Y 0.0798 0.1638 0.9833
Z -0.8993 0.4373 0.0001

PART 93
OFFSET 13.1483 8.2821 4.7743
SCALE 1 1 1
X -0.0039 -0.0078 -1.0000
Y -0.4372 -0.8993 0.0087
Z -0.8993 0.4373 0.0001

PART 94
OFFSET 7.5723 3.8620 18.6563
SCALE 1 1 1
X -0.2018 0.0406 0.9786
Y -0.4853 -0.8720 -0.0640
Z 0.8507 -0.4878 0.1957

PART 95
OFFSET 8.3763 5.3589 18.8693
SCALE 1 1 1
X 0.3147 0.1928 -0.9294
Y -0.4208 -0.8494 -0.3186
Z -0.8508 0.4914 -0.1861

PART 96
OFFSET 10.2673 12.7175 31.0582
SCALE 1 1 1
X -0.1317 -0.5123 -0.8486
Y -0.6158 -0.6286 0.4750
Z -0.7768 0.5851 -0.2327

PART 97
OFFSET 9.4700 10.2207 24.3804
SCALE 1 1 1
X 0.0866 0.4984 0.8626
Y 0.7231 0.5642 -0.3986
Z -0.6853 0.6583 -0.3115

PART 98
OFFSET 10.8572 9.4523 19.2522
SCALE 1 1 1
X 0.1166 0.5214 0.8453
Y 0.5216 0.6921 -0.4989
Z -0.8452 0.4991 -0.1913

PART 99
OFFSET 10.6820 14.3311 33.7311
SCALE 1 1 1
X -0.1317 -0.5123 -0.8486
Y -0.5298 -0.6872 0.4971
Z -0.8378 0.5151 -0.1810

PART 100
OFFSET -0.0858 25.3929 0.3869
SCALE 1 1 1
X 0.7766 0.6030 -0.1822
Y -0.1438 -0.1119 -0.9833
Z -0.6133 0.7898 -0.0001

PART 101
OFFSET 4.3655 28.7610 4.8333
SCALE 1 1 1
X 0.0068 0.0055 1.0000
Y 0.7898 0.6133 -0.0087
Z -0.6133 0.7898 -0.0001

PART 102
OFFSET -2.6452 20.6664 16.0363
SCALE 1 1 1
X 0.1913 0.3295 -0.9246
Y 0.7214 0.5915 0.3601
Z 0.6656 -0.7359 -0.1246

PART 103
OFFSET -1.5174 21.5796 16.8251
SCALE 1 1 1
X -0.3879 -0.4735 0.7907
Y 0.6369 0.4824 0.6013
Z -0.6662 0.7369 0.1145

PART 104
OFFSET 3.3362 21.7220 30.3427
SCALE 1 1 1
X 0.3379 0.0099 0.9411
Y 0.7431 0.6108 -0.2733
Z -0.5776 0.7917 0.1991

PART 105
OFFSET 2.1729 21.9016 23.2659
SCALE 1 1 1
X 0.3203 -0.0047 0.9473
Y 0.7463 0.6171 -0.2493
Z -0.5834 0.7868 0.2012

PART 106
OFFSET 2.3222 24.0322 18.3413
SCALE 1 1 1
X 0.3379 0.0099 0.9411
Y 0.7451 0.6081 -0.2740
Z -0.5750 0.7938 0.1981

PART 107
OFFSET 4.4004 21.7532 33.3066
SCALE 1 1 1
X 0.3379 0.0099 0.9411
Y 0.7451 0.6081 -0.2740
Z -0.5750 0.7938 0.1981

PART 108
OFFSET 6.8190 11.2899 36.1804
SCALE 1 1 1
X 0.1851 -0.2818 -0.9414
Y -0.7621 -0.6460 0.0436
Z -0.6204 0.7094 -0.3343

PART 109
OFFSET 0.9323 18.0537 35.6531
SCALE 1 1 1
X 0.1139 -0.1720 0.9785
Y 0.7641 0.6446 0.0244
Z -0.6350 0.7449 0.2048

PART 110
OFFSET 7.4642 23.6592 37.0064
SCALE 1 1 1
X 0.0057 -0.0221 0.9997
Y 0.7579 0.6523 0.0101
Z -0.6523 0.7577 0.0205

PART 111
OFFSET 13.2601 16.8109 37.3981
SCALE 1 1 1
X 0.0568 -0.1002 -0.9933
Y -0.7621 -0.6472 0.0217
Z -0.6450 0.7557 -0.1131

PART 112
OFFSET 7.5412 18.0422 33.5188
SCALE 1 1 1
X -0.0391 0.0241 0.9989
Y -0.7628 -0.6464 -0.0143
Z 0.6454 -0.7626 0.0436

PART 113
OFFSET 7.5412 18.0422 59.6007
SCALE 1 1 1
X 0.7778 0.6286 -0.0000
Y -0.6286 0.7778 0.0013
Z 0.0008 -0.0010 1.0000

PART 114
OFFSET 7.5412 18.0422 59.6008
SCALE 1 1 1
X 0.0000 -1.0000 0.0000
Y 1.0000 0.0000 -0.0008
Z 0.0008 0.0000 1.0000


FRAME 27
PART 0
OFFSET 0.0000 0.7087 52.4782
SCALE 1 1 1
X -0.0206 -0.9996 0.0186
Y 0.9998 -0.0206 0.0044
Z -0.0040 0.0187 0.9998

PART 1
OFFSET 0.0000 0.7087 52.4782
SCALE 1 1 1
X -0.0206 -0.9996 0.0186
Y 0.9998 -0.0206 0.0044
Z -0.0040 0.0187 0.9998

PART 2
OFFSET 6.1156 14.6211 63.7108
SCALE 1 1 1
X -0.0252 -0.9997 -0.0000
Y 0.9997 -0.0252 -0.0000
Z 0.0000 -0.0000 1.0000

PART 3
OFFSET 6.1544 16.1610 59.5751
SCALE 1 1 1
X -0.0252 -0.9997 -0.0000
Y 0.9997 -0.0252 -0.0000
Z 0.0000 -0.0000 1.0000

PART 4
OFFSET 0.0000 0.7087 52.4782
SCALE 1 1 1
X -0.0206 -0.9996 0.0186
Y 0.9998 -0.0206 0.0044
Z -0.0040 0.0187 0.9998

PART 5
OFFSET 0.0000 0.7087 52.4782
SCALE 1 1 1
X -0.0206 -0.9996 0.0186
Y 0.9998 -0.0206 0.0044
Z -0.0040 0.0187 0.9998

PART 6
OFFSET 2.4853 9.2714 61.0842
SCALE 1 1 1
X -0.1778 -0.9458 0.2717
Y 0.9741 -0.1299 0.1852
Z -0.1399 0.2976 0.9444

PART 7
OFFSET 2.0123 12.9902 66.1769
SCALE 1 1 1
X -0.1275 -0.9915 -0.0248
Y 0.9741 -0.1299 0.1852
Z -0.1869 -0.0006 0.9824

PART 8
OFFSET 2.1646 12.0255 64.6995
SCALE 1 1 1
X -0.2135 -0.2572 0.9425
Y -0.0748 -0.9576 -0.2782
Z 0.9741 -0.1299 0.1852

PART 9
OFFSET 3.3366 9.1060 56.4909
SCALE 1 1 1
X 0.9741 -0.1299 0.1852
Y 0.1192 0.9906 0.0677
Z -0.1923 -0.0438 0.9804

PART 10
OFFSET 3.4040 8.2421 58.0613
SCALE 1 1 1
X 0.9741 -0.1299 0.1852
Y 0.1192 0.9906 0.0677
Z -0.1923 -0.0438 0.9804

PART 11
OFFSET 2.4909 8.3638 57.8876
SCALE 1 1 1
X 0.9741 -0.1299 0.1852
Y -0.1192 -0.9906 -0.0677
Z 0.1923 0.0438 -0.9804

PART 12
OFFSET 3.3134 12.2513 58.8190
SCALE 1 1 1
X 0.9741 -0.1299 0.1852
Y 0.1192 0.9906 0.0677
Z -0.1923 -0.0438 0.9804

PART 13
OFFSET 3.9958 8.5643 58.2286
SCALE 1 1 1
X 0.9741 -0.1299 0.1852
Y 0.1192 0.9906 0.0677
Z -0.1923 -0.0438 0.9804

PART 14
OFFSET 3.3353 8.1329 58.2833
SCALE 1 1 1
X 0.9741 -0.1299 0.1852
Y 0.1192 0.9906 0.0677
Z -0.1923 -0.0438 0.9804

PART 15
OFFSET 2.4448 8.2517 58.1138
SCALE 1 1 1
X 0.9741 -0.1299 0.1852
Y -0.1192 -0.9906 -0.0677
Z 0.1923 0.0438 -0.9804

PART 16
OFFSET 4.1143 8.6674 60.1901
SCALE 1 1 1
X 0.9741 -0.1299 0.1852
Y 0.1192 0.9906 0.0677
Z -0.1923 -0.0438 0.9804

PART 17
OFFSET 1.1927 9.0570 59.6344
SCALE 1 1 1
X 0.9741 -0.1299 0.1852
Y -0.1192 -0.9906 -0.0677
Z 0.1923 0.0438 -0.9804

PART 18
OFFSET 2.1750 8.3390 59.6649
SCALE 1 1 1
X 0.9741 -0.1299 0.1852
Y -0.1192 -0.9906 -0.0677
Z 0.1923 0.0438 -0.9804

PART 19
OFFSET 3.1166 8.2135 59.8438
SCALE 1 1 1
X 0.9741 -0.1299 0.1852
Y 0.1192 0.9906 0.0677
Z -0.1923 -0.0438 0.9804

PART 20
OFFSET 1.9808 8.8330 57.8453
SCALE 1 1 1
X 0.9741 -0.1299 0.1852
Y -0.1192 -0.9906 -0.0677
Z 0.1923 0.0438 -0.9804

PART 21
OFFSET 3.6006 8.0434 61.7975
SCALE 1 1 1
X 0.9741 -0.1299 0.1852
Y 0.1192 0.9906 0.0677
Z -0.1923 -0.0438 0.9804

PART 22
OFFSET 0.9159 8.4015 61.2871
SCALE 1 1 1
X 0.9741 -0.1299 0.1852
Y -0.1192 -0.9906 -0.0677
Z 0.1923 0.0438 -0.9804

PART 23
OFFSET 3.8214 9.4736 61.3391
SCALE 1 1 1
X 0.9709 -0.0673 0.2298
Y 0.0552 0.9968 0.0586
Z -0.2330 -0.0442 0.9715

PART 24
OFFSET 3.8390 9.4815 61.2582
SCALE 1 1 1
X 0.9709 -0.0673 0.2298
Y 0.0552 0.9968 0.0586
Z -0.2330 -0.0442 0.9715

PART 25
OFFSET 1.2604 9.8254 60.7680
SCALE 1 1 1
X 0.9715 -0.1918 0.1396
Y -0.1816 -0.9799 -0.0826
Z 0.1526 0.0549 -0.9868

PART 26
OFFSET 1.2451 9.8172 60.8493
SCALE 1 1 1
X 0.9715 -0.1918 0.1396
Y -0.1816 -0.9799 -0.0826
Z 0.1526 0.0549 -0.9868

PART 27
OFFSET 1.3539 9.7968 60.8123
SCALE 1 1 1
X 0.9280 -0.3330 0.1671
Y -0.3192 -0.9419 -0.1047
Z 0.1923 0.0438 -0.9804

PART 28
OFFSET 3.5270 17.9826 61.7159
SCALE 1 1 1
X 0.2142 0.2666 -0.9397
Y 0.0727 0.9550 0.2875
Z 0.9741 -0.1299 0.1852

PART 29
OFFSET 3.7318 9.4795 61.2650
SCALE 1 1 1
X 0.9776 0.0789 0.1952
Y -0.0859 0.9959 0.0277
Z -0.1923 -0.0438 0.9804

PART 30
OFFSET 3.5041 13.3834 58.6101
SCALE 1 1 1
X -0.2135 -0.2572 0.9425
Y -0.0748 -0.9576 -0.2782
Z 0.9741 -0.1299 0.1852

PART 31
OFFSET 5.2656 14.3429 56.2632
SCALE 1 1 1
X -0.5909 -0.3438 0.7299
Y -0.3982 -0.6626 -0.6344
Z 0.7017 -0.6654 0.2546

PART 32
OFFSET -1.0879 -4.3177 49.8284
SCALE 1 1 1
X -0.6506 -0.7493 0.1233
Y 0.5381 -0.5695 -0.6214
Z 0.5358 -0.3379 0.7738

PART 33
OFFSET -0.1238 -3.7513 49.4081
SCALE 1 1 1
X -0.8071 -0.4741 0.3518
Y 0.2480 -0.8130 -0.5268
Z 0.5358 -0.3379 0.7738

PART 34
OFFSET 1.9001 -3.4265 48.1485
SCALE 1 1 1
X -0.8412 -0.1350 0.5236
Y -0.0725 -0.9314 -0.3566
Z 0.5358 -0.3379 0.7738

PART 35
OFFSET 0.5243 -7.8761 50.1334
SCALE 1 1 1
X -0.9391 -0.3176 -0.1308
Y -0.2156 0.8415 -0.4954
Z 0.2674 -0.4370 -0.8588

PART 36
OFFSET 1.2585 -7.2459 50.0413
SCALE 1 1 1
X -0.7554 -0.6483 0.0947
Y -0.5982 0.6235 -0.5035
Z 0.2674 -0.4370 -0.8588

PART 37
OFFSET 1.4075 -5.8522 49.3784
SCALE 1 1 1
X -0.0961 -0.8989 0.4275
Y -0.9588 -0.0318 -0.2823
Z 0.2674 -0.4370 -0.8588

PART 38
OFFSET -0.1459 -7.8794 48.6528
SCALE 1 1 1
X -0.9052 0.3525 -0.2375
Y 0.4012 0.8932 -0.2033
Z 0.1405 -0.2793 -0.9499

PART 39
OFFSET 0.9446 -7.8536 48.8065
SCALE 1 1 1
X -0.9899 -0.0235 -0.1395
Y 0.0167 0.9599 -0.2798
Z 0.1405 -0.2793 -0.9499

PART 40
OFFSET 1.6990 -6.2003 48.4320
SCALE 1 1 1
X -0.4066 -0.8910 0.2018
Y -0.9027 0.3578 -0.2388
Z 0.1405 -0.2793 -0.9499

PART 41
OFFSET 0.0381 -7.7992 47.5234
SCALE 1 1 1
X -0.9463 0.2855 -0.1518
Y 0.3101 0.9342 -0.1764
Z 0.0914 -0.2140 -0.9725

PART 42
OFFSET 0.9766 -7.7521 47.6012
SCALE 1 1 1
X -0.9953 -0.0500 -0.0825
Y -0.0310 0.9756 -0.2176
Z 0.0914 -0.2140 -0.9725

PART 43
OFFSET 1.8133 -6.3123 47.3630
SCALE 1 1 1
X -0.4974 -0.8559 0.1416
Y -0.8627 0.4708 -0.1847
Z 0.0914 -0.2140 -0.9725

PART 44
OFFSET 0.4409 -7.3186 46.5015
SCALE 1 1 1
X -0.8671 0.4417 -0.2304
Y 0.4837 0.8571 -0.1773
Z 0.1192 -0.2652 -0.9568

PART 45
OFFSET 1.1262 -7.2747 46.5747
SCALE 1 1 1
X -0.9923 -0.0635 -0.1060
Y -0.0326 0.9621 -0.2708
Z 0.1191 -0.2652 -0.9568

PART 46
OFFSET 1.8171 -6.3120 46.3938
SCALE 1 1 1
X -0.5764 -0.8031 0.1509
Y -0.8084 0.5335 -0.2486
Z 0.1191 -0.2652 -0.9568

PART 47
OFFSET -39.1118 16.9036 60.0623
SCALE 1 1 1
X -0.1409 -0.6594 0.7385
Y 0.8049 -0.5106 -0.3024
Z 0.5764 0.5518 0.6027

PART 48
OFFSET 2.0983 -2.7925 47.2322
SCALE 1 1 1
X -0.1848 -0.9700 0.1578
Y -0.9668 0.1506 -0.2067
Z 0.1767 -0.1908 -0.9656

PART 49
OFFSET 3.8636 -0.9196 45.7285
SCALE 1 1 1
X -0.5795 -0.6413 0.5029
Y -0.1219 -0.5419 -0.8315
Z 0.8058 -0.5432 0.2359

PART 50
OFFSET 8.1292 3.6046 42.0961
SCALE 1 1 1
X -0.5795 -0.6413 0.5029
Y -0.2056 -0.4821 -0.8516
Z 0.7886 -0.5969 0.1476

PART 51
OFFSET 9.3187 8.3597 52.2607
SCALE 1 1 1
X -0.1380 -0.4387 -0.8879
Y 0.8273 0.4418 -0.3469
Z 0.5445 -0.7825 0.3020

PART 52
OFFSET 8.0400 3.1150 40.7311
SCALE 1 1 1
X -0.4717 -0.8113 -0.3453
Y 0.2992 0.2211 -0.9282
Z 0.8294 -0.5412 0.1385

PART 53
OFFSET 9.3826 8.5627 52.6715
SCALE 1 1 1
X -0.1380 -0.4387 -0.8879
Y 0.5413 0.7174 -0.4386
Z 0.8294 -0.5412 0.1385

PART 54
OFFSET 6.8222 14.3926 52.1605
SCALE 1 1 1
X 0.4008 -0.9127 0.0800
Y 0.9033 0.4083 0.1318
Z -0.1530 0.0194 0.9880

PART 55
OFFSET 1.0704 10.2621 51.2655
SCALE 1 1 1
X -0.6524 0.6011 0.4616
Y 0.7315 0.3399 0.5912
Z 0.1984 0.7233 -0.6614

PART 56
OFFSET 0.0159 10.7699 51.5045
SCALE 1 1 1
X -0.8828 0.4251 0.2001
Y 0.4259 0.5441 0.7229
Z 0.1984 0.7233 -0.6614

PART 57
OFFSET -2.3372 11.2278 51.2995
SCALE 1 1 1
X -0.9780 0.1903 -0.0853
Y 0.0642 0.6638 0.7452
Z 0.1984 0.7233 -0.6614

PART 58
OFFSET -0.2851 6.6829 50.4256
SCALE 1 1 1
X -0.8199 0.0584 0.5695
Y -0.0060 -0.9956 0.0935
Z 0.5724 0.0733 0.8167

PART 59
OFFSET -1.0022 7.1498 50.8862
SCALE 1 1 1
X -0.7378 0.4805 0.4741
Y -0.3576 -0.8740 0.3291
Z 0.5724 0.0733 0.8167

PART 60
OFFSET -1.4000 8.6414 51.0313
SCALE 1 1 1
X -0.2566 0.9620 0.0935
Y -0.7788 -0.2631 0.5695
Z 0.5724 0.0733 0.8167

PART 61
OFFSET -0.2302 7.4257 48.9810
SCALE 1 1 1
X -0.7443 -0.5759 0.3382
Y 0.4530 -0.8074 -0.3780
Z 0.4907 -0.1281 0.8618

PART 62
OFFSET -1.1797 7.1881 49.4863
SCALE 1 1 1
X -0.8620 -0.2157 0.4587
Y 0.1271 -0.9680 -0.2163
Z 0.4907 -0.1281 0.8618

PART 63
OFFSET -2.0286 8.6799 50.1915
SCALE 1 1 1
X -0.4575 0.8039 0.3800
Y -0.7416 -0.5807 0.3359
Z 0.4907 -0.1281 0.8618

PART 64
OFFSET -0.8315 7.9413 48.1513
SCALE 1 1 1
X -0.8154 -0.4875 0.3123
Y 0.3588 -0.8488 -0.3882
Z 0.4543 -0.2045 0.8671

PART 65
OFFSET -1.6696 7.7819 48.5527
SCALE 1 1 1
X -0.8889 -0.1690 0.4259
Y 0.0595 -0.9642 -0.2586
Z 0.4543 -0.2045 0.8671

PART 66
OFFSET -2.5414 9.0116 49.2998
SCALE 1 1 1
X -0.5183 0.7310 0.4439
Y -0.7246 -0.6510 0.2261
Z 0.4543 -0.2045 0.8671

PART 67
OFFSET -1.5961 8.7279 47.6674
SCALE 1 1 1
X -0.7113 -0.6453 0.2785
Y 0.5193 -0.7496 -0.4105
Z 0.4737 -0.1473 0.8683

PART 68
OFFSET -2.2019 8.6130 47.9784
