// Export filename: `C:\cod5\cod\cod5\xanim_export\viewmodel\US\flamethrower\viewmodel_flamethrower_reload.XANIM_EXPORT`
// Source filename: ``
// Export time: Thu May 29 17:57:10 2008

ANIMATION
VERSION 3

NUMPARTS 68
PART 0 "tag_cambone"
PART 1 "tag_camera"
PART 2 "tag_torso"
PART 3 "J_Shoulder_LE"
PART 4 "J_Elbow_LE"
PART 5 "J_WristTwist_LE"
PART 6 "J_Sleave_Reshape_Bottom_LE_1"
PART 7 "J_Sleave_Reshape_Bottom_LE_2"
PART 8 "J_Sleave_Reshape_Top_LE_1"
PART 9 "J_Sleave_Reshape_Top_LE_2"
PART 10 "J_Sleave_Reshape_Top_LE_3"
PART 11 "J_Wrist_LE"
PART 12 "J_Thumb_LE_0"
PART 13 "J_Thumb_LE_1"
PART 14 "J_Thumb_LE_2"
PART 15 "J_Thumb_LE_3"
PART 16 "J_PinkyPalm_LE"
PART 17 "J_Pinky_LE_0"
PART 18 "J_Pinky_LE_1"
PART 19 "J_Pinky_LE_2"
PART 20 "J_Pinky_LE_3"
PART 21 "J_RingPalm_LE"
PART 22 "J_Ring_LE_0"
PART 23 "J_Ring_LE_1"
PART 24 "J_Ring_LE_2"
PART 25 "J_Ring_LE_3"
PART 26 "J_Webbing_LE"
PART 27 "J_Index_LE_0"
PART 28 "J_Index_LE_1"
PART 29 "J_Index_LE_2"
PART 30 "J_Index_LE_3"
PART 31 "J_Mid_LE_0"
PART 32 "J_Mid_LE_1"
PART 33 "J_Mid_LE_2"
PART 34 "J_Mid_LE_3"
PART 35 "J_Shoulder_RI"
PART 36 "J_Elbow_RI"
PART 37 "J_WristTwist_RI"
PART 38 "J_Sleave_Reshape_Top_RI_3"
PART 39 "J_Sleave_Reshape_Top_RI_2"
PART 40 "J_Sleave_Reshape_Top_RI_1"
PART 41 "J_Wrist_RI"
PART 42 "J_Thumb_RI_0"
PART 43 "J_Thumb_RI_1"
PART 44 "J_Thumb_RI_2"
PART 45 "J_Thumb_RI_3"
PART 46 "J_PinkyPalm_RI"
PART 47 "J_Pinky_RI_0"
PART 48 "J_Pinky_RI_1"
PART 49 "J_Pinky_RI_2"
PART 50 "J_Pinky_RI_3"
PART 51 "J_RingPalm_RI"
PART 52 "J_Ring_RI_0"
PART 53 "J_Ring_RI_1"
PART 54 "J_Ring_RI_2"
PART 55 "J_Ring_RI_3"
PART 56 "J_Webbing_RI"
PART 57 "J_Index_RI_0"
PART 58 "J_Index_RI_1"
PART 59 "J_Index_RI_2"
PART 60 "J_Index_RI_3"
PART 61 "J_Mid_RI_0"
PART 62 "J_Mid_RI_1"
PART 63 "J_Mid_RI_2"
PART 64 "J_Mid_RI_3"
PART 65 "J_Gun"
PART 66 "tag_flash"
PART 67 "tag_weapon"

FRAMERATE 30
NUMFRAMES 1

FRAME 1
PART 0
OFFSET -0.0000  0.0000  0.0000
SCALE 1 1 1
X  1.0000  0.0000 -0.0000
Y -0.0000  1.0000 -0.0000
Z  0.0000  0.0000  1.0000

PART 1
OFFSET -0.0000  0.0000  0.0000
SCALE 1 1 1
X  1.0000  0.0000 -0.0000
Y -0.0000  1.0000 -0.0000
Z  0.0000  0.0000  1.0000

PART 2
OFFSET  3.5089 -5.5875 -2.6926
SCALE 1 1 1
X  1.0000  0.0000 -0.0000
Y -0.0000  1.0000  0.0000
Z  0.0000 -0.0000  1.0000

PART 3
OFFSET  3.1463  2.1254 -5.1010
SCALE 1 1 1
X  0.8719 -0.1263 -0.4730
Y -0.0789 -0.9898  0.1188
Z -0.4832 -0.0663 -0.8730

PART 4
OFFSET  13.6915  0.5983 -10.8219
SCALE 1 1 1
X  0.9205 -0.3736  0.1144
Y -0.2117 -0.2309  0.9497
Z -0.3284 -0.8984 -0.2916

PART 5
OFFSET  21.5209 -2.5791 -9.8487
SCALE 1 1 1
X  0.9205 -0.3736  0.1144
Y -0.2117 -0.2309  0.9497
Z -0.3284 -0.8984 -0.2916

PART 6
OFFSET  23.3248 -2.0515 -10.4303
SCALE 1 1 1
X  0.9227 -0.3697  0.1095
Y  0.3288  0.9027  0.2776
Z -0.2015 -0.2201  0.9544

PART 7
OFFSET  22.4805 -3.3243 -11.1380
SCALE 1 1 1
X  0.9227 -0.3697  0.1095
Y  0.3288  0.9027  0.2776
Z -0.2015 -0.2201  0.9544

PART 8
OFFSET  23.2341 -2.9331 -7.9909
SCALE 1 1 1
X  0.9227 -0.3697  0.1095
Y  0.3288  0.9027  0.2776
Z -0.2015 -0.2201  0.9544

PART 9
OFFSET  22.6617 -4.1359 -8.1836
SCALE 1 1 1
X  0.9227 -0.3697  0.1095
Y  0.3288  0.9027  0.2776
Z -0.2015 -0.2201  0.9544

PART 10
OFFSET  22.3123 -4.3156 -9.3156
SCALE 1 1 1
X  0.9227 -0.3697  0.1095
Y  0.3288  0.9027  0.2776
Z -0.2015 -0.2201  0.9544

PART 11
OFFSET  24.3429 -3.7244 -9.4979
SCALE 1 1 1
X  0.9978 -0.0232  0.0616
Y -0.0655 -0.2504  0.9659
Z -0.0070 -0.9679 -0.2513

PART 12
OFFSET  24.7257 -4.3739 -8.6412
SCALE 1 1 1
X  0.5390 -0.7729  0.3348
Y -0.7360 -0.2390  0.6334
Z -0.4095 -0.5878 -0.6977

PART 13
OFFSET  25.7927 -6.0983 -7.8944
SCALE 1 1 1
X  0.9716 -0.2345 -0.0307
Y -0.1677 -0.7746  0.6099
Z -0.1668 -0.5874 -0.7919

PART 14
OFFSET  27.3526 -6.4964 -8.0691
SCALE 1 1 1
X  0.8422  0.1875 -0.5054
Y  0.4394 -0.7820  0.4421
Z -0.3123 -0.5944 -0.7410

PART 15
OFFSET  28.2565 -6.3342 -8.6421
SCALE 1 1 1
X  0.9129  0.3591  0.1940
Y -0.3806  0.5772  0.7225
Z  0.1475 -0.7334  0.6636

PART 16
OFFSET  25.2560 -3.6716 -10.5308
SCALE 1 1 1
X  0.8568  0.0852 -0.5086
Y -0.0703 -0.9577 -0.2789
Z -0.5108  0.2747 -0.8146

PART 17
OFFSET  27.2431 -3.6442 -11.5963
SCALE 1 1 1
X  0.3616 -0.8976 -0.2520
Y -0.8329 -0.4325  0.3453
Z -0.4190  0.0851 -0.9040

PART 18
OFFSET  27.7550 -4.9151 -11.9531
SCALE 1 1 1
X -0.5138 -0.8415  0.1669
Y -0.7688  0.5380  0.3457
Z -0.3807  0.0493 -0.9234

PART 19
OFFSET  27.2994 -5.6612 -11.8051
SCALE 1 1 1
X -0.8959 -0.1919  0.4006
Y -0.1326  0.9763  0.1710
Z -0.4239  0.1001 -0.9001

PART 20
OFFSET  26.4483 -5.8434 -11.4245
SCALE 1 1 1
X  0.8298 -0.4806 -0.2836
Y  0.4229  0.8732 -0.2424
Z  0.3642  0.0812  0.9278

PART 21
OFFSET  25.4329 -3.7079 -9.8403
SCALE 1 1 1
X  0.9697  0.0490 -0.2395
Y -0.0245 -0.9553 -0.2947
Z -0.2432  0.2916 -0.9251

PART 22
OFFSET  27.9139 -3.5163 -10.5928
SCALE 1 1 1
X  0.3194 -0.8581 -0.4021
Y -0.7845 -0.4774  0.3958
Z -0.5316  0.1890 -0.8257

PART 23
OFFSET  28.4577 -4.9773 -11.2773
SCALE 1 1 1
X -0.6169 -0.7529  0.2291
Y -0.5928  0.6361  0.4939
Z -0.5176  0.1689 -0.8388

PART 24
OFFSET  27.6026 -6.0207 -10.9598
SCALE 1 1 1
X -0.8488  0.0300  0.5278
Y  0.1165  0.9845  0.1313
Z -0.5157  0.1730 -0.8392

PART 25
OFFSET  26.6820 -5.9882 -10.3874
SCALE 1 1 1
X  0.6035 -0.5785 -0.5487
Y  0.6040  0.7810 -0.1590
Z  0.5205 -0.2355  0.8207

PART 26
OFFSET  27.3112 -4.7122 -7.9090
SCALE 1 1 1
X  0.9496 -0.2425 -0.1987
Y  0.2940  0.9088  0.2959
Z  0.1088 -0.3395  0.9343

PART 27
OFFSET  28.1842 -3.6439 -8.4358
SCALE 1 1 1
X  0.9373 -0.3371 -0.0885
Y -0.3444 -0.9347 -0.0881
Z -0.0531  0.1131 -0.9922

PART 28
OFFSET  29.8345 -4.2374 -8.5917
SCALE 1 1 1
X  0.3512 -0.9218 -0.1642
Y -0.9362 -0.3478 -0.0501
Z -0.0109  0.1713 -0.9852

PART 29
OFFSET  30.2621 -5.3684 -8.7315
SCALE 1 1 1
X -0.3169 -0.9444 -0.0871
Y -0.9484  0.3147  0.0382
Z -0.0086  0.0947 -0.9955

PART 30
OFFSET  29.9041 -6.4352 -8.8298
SCALE 1 1 1
X  0.9569  0.0500 -0.2861
Y  0.0170  0.9738  0.2268
Z  0.2899 -0.2219  0.9310

PART 31
OFFSET  28.1476 -3.5434 -9.5354
SCALE 1 1 1
X  0.3434 -0.8586 -0.3806
Y -0.8101 -0.4758  0.3425
Z -0.4751  0.1907 -0.8590

PART 32
OFFSET  28.8185 -5.2208 -10.2788
SCALE 1 1 1
X -0.6740 -0.7106  0.2018
Y -0.5526  0.6663  0.5006
Z -0.4902  0.2259 -0.8418

PART 33
OFFSET  27.8339 -6.2587 -9.9841
SCALE 1 1 1
X -0.8360  0.1379  0.5311
Y  0.2658  0.9486  0.1720
Z -0.4800  0.2849 -0.8297

PART 34
OFFSET  26.8835 -6.1011 -9.3886
SCALE 1 1 1
X  0.5020 -0.7299 -0.4640
Y  0.7037  0.6566 -0.2715
Z  0.5028 -0.1902  0.8432

PART 35
OFFSET -2.3727 -11.0018 -3.9319
SCALE 1 1 1
X -0.2743 -0.3273  0.9042
Y -0.2876 -0.8693 -0.4019
Z  0.9176 -0.3703  0.1443

PART 36
OFFSET  0.9447 -7.0433 -14.8675
SCALE 1 1 1
X -0.8629 -0.0478 -0.5032
Y  0.5050 -0.0426 -0.8620
Z  0.0197 -0.9979  0.0609

PART 37
OFFSET  8.2838 -6.6368 -10.5879
SCALE 1 1 1
X -0.8629 -0.0478 -0.5032
Y  0.5050 -0.0426 -0.8620
Z  0.0197 -0.9979  0.0609

PART 38
OFFSET  9.1286 -5.3941 -9.2964
SCALE 1 1 1
X -0.8659 -0.0448 -0.4982
Y -0.0246  0.9986 -0.0471
Z  0.4996 -0.0285 -0.8658

PART 39
OFFSET  8.9874 -5.9398 -8.2391
SCALE 1 1 1
X -0.8659 -0.0448 -0.4982
Y -0.0246  0.9986 -0.0471
Z  0.4996 -0.0285 -0.8658

PART 40
OFFSET  9.2086 -7.2665 -8.2945
SCALE 1 1 1
X -0.8659 -0.0448 -0.4982
Y -0.0246  0.9986 -0.0471
Z  0.4996 -0.0285 -0.8658

PART 41
OFFSET  10.9291 -6.4903 -9.0454
SCALE 1 1 1
X -0.9867 -0.1188 -0.1112
Y  0.1176 -0.0483 -0.9919
Z  0.1125 -0.9917  0.0617

PART 42
OFFSET  11.2132 -5.9830 -8.0635
SCALE 1 1 1
X -0.4363 -0.6394 -0.6331
Y  0.8221  0.0028 -0.5694
Z  0.3658 -0.7689  0.5244

PART 43
OFFSET  12.0524 -4.5608 -6.6696
SCALE 1 1 1
X -0.9787 -0.1976 -0.0564
Y  0.1614 -0.5692 -0.8062
Z  0.1273 -0.7981  0.5889

PART 44
OFFSET  13.6276 -4.1863 -6.6927
SCALE 1 1 1
X -0.8825  0.0530  0.4672
Y -0.4017 -0.6016 -0.6905
Z  0.2445 -0.7970  0.5522

PART 45
OFFSET  14.5776 -4.1969 -7.2115
SCALE 1 1 1
X -0.8913  0.4271 -0.1521
Y  0.4441  0.7549 -0.4827
Z -0.0913 -0.4977 -0.8625

PART 46
OFFSET  11.8673 -6.2411 -10.0258
SCALE 1 1 1
X -0.8821 -0.0249  0.4705
Y  0.0767 -0.9929  0.0913
Z  0.4649  0.1166  0.8777

PART 47
OFFSET  13.9074 -6.0465 -10.9663
SCALE 1 1 1
X -0.9391 -0.3277  0.1032
Y  0.2992 -0.9278 -0.2228
Z  0.1687 -0.1783  0.9694

PART 48
OFFSET  15.2370 -5.5826 -11.1123
SCALE 1 1 1
X -0.3150 -0.9408 -0.1254
Y  0.9421 -0.2939 -0.1613
Z  0.1149 -0.1690  0.9789

PART 49
OFFSET  15.5163 -4.7485 -11.0011
SCALE 1 1 1
X  0.7159 -0.6559 -0.2394
Y  0.6773  0.7356  0.0099
Z  0.1696 -0.1693  0.9709

PART 50
OFFSET  14.8362 -4.1253 -10.7737
SCALE 1 1 1
X -0.9973  0.0644  0.0365
Y  0.0721  0.9560  0.2842
Z -0.0166  0.2861 -0.9581

PART 51
OFFSET  12.0218 -6.3213 -9.3335
SCALE 1 1 1
X -0.9744 -0.1042  0.1991
Y  0.1274 -0.9860  0.1074
Z  0.1852  0.1300  0.9741

PART 52
OFFSET  14.5261 -6.0919 -9.9927
SCALE 1 1 1
X -0.8550 -0.5182  0.0202
Y  0.5096 -0.8468 -0.1524
Z  0.0961 -0.1200  0.9881

PART 53
OFFSET  15.9817 -5.2096 -10.0271
SCALE 1 1 1
X  0.5898 -0.7919 -0.1579
Y  0.8049  0.5924  0.0355
Z  0.0654 -0.1480  0.9868

PART 54
OFFSET  15.1643 -4.1121 -9.8083
SCALE 1 1 1
X  0.9743  0.2147 -0.0685
Y -0.2016  0.9662  0.1607
Z  0.1007 -0.1428  0.9846

PART 55
OFFSET  14.1076 -4.3450 -9.7340
SCALE 1 1 1
X -0.6781 -0.7349  0.0127
Y -0.7277  0.6737  0.1285
Z -0.1030  0.0779 -0.9916

PART 56
OFFSET  6.7835 -7.4756 -8.6365
SCALE 1 1 1
X -0.9198 -0.3782  0.1043
Y -0.3896  0.9117 -0.1300
Z -0.0459 -0.1603 -0.9860

PART 57
OFFSET  14.7268 -6.3594 -7.8409
SCALE 1 1 1
X -0.3945 -0.9100 -0.1277
Y  0.8963 -0.4117  0.1648
Z -0.2025 -0.0495  0.9780

PART 58
OFFSET  15.4213 -4.7572 -7.6161
SCALE 1 1 1
X  0.7750 -0.6060  0.1794
Y  0.5699  0.7928  0.2161
Z -0.2732 -0.0653  0.9598

PART 59
OFFSET  14.4626 -4.0244 -7.7759
SCALE 1 1 1
X  0.9665  0.1564  0.2033
Y -0.1652  0.9859  0.0268
Z -0.1962 -0.0595  0.9788

PART 60
OFFSET  13.3709 -4.2011 -8.0055
SCALE 1 1 1
X -0.2207 -0.9577  0.1849
Y -0.9364  0.1550 -0.3149
Z  0.2729 -0.2426 -0.9309

PART 61
OFFSET  14.7290 -6.2466 -8.9399
SCALE 1 1 1
X -0.5311 -0.8329 -0.1556
Y  0.8467 -0.5147 -0.1351
Z  0.0324 -0.2034  0.9785

PART 62
OFFSET  15.7665 -4.6195 -8.6360
SCALE 1 1 1
X  0.8556 -0.5028 -0.1229
Y  0.5152  0.8503  0.1074
Z  0.0505 -0.1552  0.9866

PART 63
OFFSET  14.5168 -3.8850 -8.4565
SCALE 1 1 1
X  0.7121  0.6977  0.0780
Y -0.7020  0.7069  0.0862
Z  0.0050 -0.1161  0.9932

PART 64
OFFSET  13.7098 -4.6740 -8.5518
SCALE 1 1 1
X -0.0980 -0.9791 -0.1784
Y -0.9925  0.0830  0.0897
Z -0.0731  0.1858 -0.9799

PART 65
OFFSET  23.7229 -5.5875 -5.7976
SCALE 1 1 1
X  0.9977  0.0000 -0.0683
Y  0.0068  0.9951  0.0988
Z  0.0680 -0.0991  0.9928

PART 66
OFFSET  51.6136 -5.7381 -6.1914
SCALE 1 1 1
X  0.9977  0.0000 -0.0683
Y  0.0068  0.9951  0.0988
Z  0.0680 -0.0991  0.9928

PART 67
OFFSET  23.7229 -5.5875 -5.7976
SCALE 1 1 1
X  0.9977  0.0000 -0.0683
Y  0.0068  0.9951  0.0988
Z  0.0680 -0.0991  0.9928


NOTETRACKS

PART 0
NUMTRACKS 0

PART 1
NUMTRACKS 0

PART 2
NUMTRACKS 0

PART 3
NUMTRACKS 0

PART 4
NUMTRACKS 0

PART 5
NUMTRACKS 0

PART 6
NUMTRACKS 0

PART 7
NUMTRACKS 0

PART 8
NUMTRACKS 0

PART 9
NUMTRACKS 0

PART 10
NUMTRACKS 0

PART 11
NUMTRACKS 0

PART 12
NUMTRACKS 0

PART 13
NUMTRACKS 0

PART 14
NUMTRACKS 0

PART 15
NUMTRACKS 0

PART 16
NUMTRACKS 0

PART 17
NUMTRACKS 0

PART 18
NUMTRACKS 0

PART 19
NUMTRACKS 0

PART 20
NUMTRACKS 0

PART 21
NUMTRACKS 0

PART 22
NUMTRACKS 0

PART 23
NUMTRACKS 0

PART 24
NUMTRACKS 0

PART 25
NUMTRACKS 0

PART 26
NUMTRACKS 0

PART 27
NUMTRACKS 0

PART 28
NUMTRACKS 0

PART 29
NUMTRACKS 0

PART 30
NUMTRACKS 0

PART 31
NUMTRACKS 0

PART 32
NUMTRACKS 0

PART 33
NUMTRACKS 0

PART 34
NUMTRACKS 0

PART 35
NUMTRACKS 0

PART 36
NUMTRACKS 0

PART 37
NUMTRACKS 0

PART 38
NUMTRACKS 0

PART 39
NUMTRACKS 0

PART 40
NUMTRACKS 0

PART 41
NUMTRACKS 0

PART 42
NUMTRACKS 0

PART 43
NUMTRACKS 0

PART 44
NUMTRACKS 0

PART 45
NUMTRACKS 0

PART 46
NUMTRACKS 0

PART 47
NUMTRACKS 0

PART 48
NUMTRACKS 0

PART 49
NUMTRACKS 0

PART 50
NUMTRACKS 0

PART 51
NUMTRACKS 0

PART 52
NUMTRACKS 0

PART 53
NUMTRACKS 0

PART 54
NUMTRACKS 0

PART 55
NUMTRACKS 0

PART 56
NUMTRACKS 0

PART 57
NUMTRACKS 0

PART 58
NUMTRACKS 0

PART 59
NUMTRACKS 0

PART 60
NUMTRACKS 0

PART 61
NUMTRACKS 0

PART 62
NUMTRACKS 0

PART 63
NUMTRACKS 0

PART 64
NUMTRACKS 0

PART 65
NUMTRACKS 0

PART 66
NUMTRACKS 0

PART 67
NUMTRACKS 0

