// Export filename: 'C:/cod5/cod/cod5/model_export/american/characters/multiplayer/char_usa_marine_player_body_hmg_LOD0.XMODEL_EXPORT'
// Source filename: 'C:/cod5/cod/cod5/model_export/american/characters/multiplayer/char_usa_mp_assault_body.ma'
// Export time: Tue Aug 26 01:30:32 2008
MODEL
VERSION 6

NUMBONES 73
BONE 0 -1 "TAG_ORIGIN"
BONE 1 0 "J_MainRoot"
BONE 2 0 "TAG_SYNC"
BONE 3 1 "J_Hip_LE"
BONE 4 1 "J_Hip_RI"
BONE 5 1 "J_SpineLower"
BONE 6 1 "TAG_STOWED_HIP_REAR"
BONE 7 3 "J_HipTwist_LE"
BONE 8 4 "J_HipTwist_RI"
BONE 9 3 "J_Knee_LE"
BONE 10 4 "J_Knee_RI"
BONE 11 5 "J_SpineUpper"
BONE 12 9 "J_Ankle_LE"
BONE 13 10 "J_Ankle_RI"
BONE 14 9 "J_Knee_Bulge_LE"
BONE 15 10 "J_Knee_Bulge_RI"
BONE 16 11 "J_Spine4"
BONE 17 12 "J_Ball_LE"
BONE 18 13 "J_Ball_RI"
BONE 19 16 "J_Clavicle_LE"
BONE 20 16 "J_Clavicle_RI"
BONE 21 16 "J_Neck"
BONE 22 16 "J_ShoulderRaise_LE"
BONE 23 16 "J_ShoulderRaise_RI"
BONE 24 16 "TAG_INHAND"
BONE 25 16 "TAG_STOWED_BACK"
BONE 26 16 "TAG_WEAPON_CHEST"
BONE 27 21 "J_Head"
BONE 28 19 "J_Shoulder_LE"
BONE 29 20 "J_Shoulder_RI"
BONE 30 28 "J_Elbow_Bulge_LE"
BONE 31 29 "J_Elbow_Bulge_RI"
BONE 32 28 "J_Elbow_LE"
BONE 33 29 "J_Elbow_RI"
BONE 34 28 "J_ShoulderTwist_LE"
BONE 35 29 "J_ShoulderTwist_RI"
BONE 36 27 "TAG_EYE"
BONE 37 32 "J_Wrist_LE"
BONE 38 33 "J_Wrist_RI"
BONE 39 32 "J_WristTwist_LE"
BONE 40 33 "J_WristTwist_RI"
BONE 41 37 "J_Index_LE_1"
BONE 42 38 "J_Index_RI_1"
BONE 43 37 "J_Mid_LE_1"
BONE 44 38 "J_Mid_RI_1"
BONE 45 37 "J_Pinky_LE_1"
BONE 46 38 "J_Pinky_RI_1"
BONE 47 37 "J_Ring_LE_1"
BONE 48 38 "J_Ring_RI_1"
BONE 49 37 "J_Thumb_LE_1"
BONE 50 38 "J_Thumb_RI_1"
BONE 51 37 "TAG_WEAPON_LEFT"
BONE 52 38 "TAG_WEAPON_RIGHT"
BONE 53 41 "J_Index_LE_2"
BONE 54 42 "J_Index_RI_2"
BONE 55 43 "J_Mid_LE_2"
BONE 56 44 "J_Mid_RI_2"
BONE 57 45 "J_Pinky_LE_2"
BONE 58 46 "J_Pinky_RI_2"
BONE 59 47 "J_Ring_LE_2"
BONE 60 48 "J_Ring_RI_2"
BONE 61 49 "J_Thumb_LE_2"
BONE 62 50 "J_Thumb_RI_2"
BONE 63 53 "J_Index_LE_3"
BONE 64 54 "J_Index_RI_3"
BONE 65 55 "J_Mid_LE_3"
BONE 66 56 "J_Mid_RI_3"
BONE 67 57 "J_Pinky_LE_3"
BONE 68 58 "J_Pinky_RI_3"
BONE 69 59 "J_Ring_LE_3"
BONE 70 60 "J_Ring_RI_3"
BONE 71 61 "J_Thumb_LE_3"
BONE 72 62 "J_Thumb_RI_3"

BONE 0
OFFSET 0.000002, -2.222000, 0.000042
SCALE 1.000000, 1.000000, 1.000000
X -0.000000, -1.000000, -0.000001
Y 1.000000, -0.000000, 0.000000
Z -0.000000, -0.000001, 1.000000

BONE 1
OFFSET 0.000082, 1.218927, 37.228020
SCALE 1.000000, 1.000000, 1.000000
X 0.000005, 0.024825, 0.999692
Y 0.000006, -0.999692, 0.024825
Z 1.000000, 0.000006, -0.000005

BONE 2
OFFSET 0.000002, -2.219720, 0.000042
SCALE 1.000000, 1.000000, 1.000000
X 0.000000, 1.000000, -0.000001
Y -1.000000, 0.000000, 0.000000
Z 0.000000, 0.000001, 1.000000

BONE 3
OFFSET 4.865472, 1.218951, 37.228016
SCALE 1.000000, 1.000000, 1.000000
X -0.008941, 0.033879, -0.999386
Y -0.004877, -0.999415, -0.033837
Z -0.999948, 0.004571, 0.009101

BONE 4
OFFSET -4.865293, 1.218927, 37.227978
SCALE 1.000000, 1.000000, 1.000000
X -0.008909, -0.033842, 0.999388
Y -0.004870, 0.999417, 0.033800
Z -0.999948, -0.004566, -0.009069

BONE 5
OFFSET 0.000089, 1.148792, 42.432632
SCALE 1.000000, 1.000000, 1.000000
X 0.000001, 0.029870, 0.999554
Y -0.000002, -0.999554, 0.029870
Z 1.000000, -0.000002, -0.000001

BONE 6
OFFSET -4.400561, 6.159410, 39.124432
SCALE 1.000000, 1.000000, 1.000000
X 0.906308, 0.422488, -0.010500
Y -0.000001, -0.024844, -0.999691
Z -0.422618, 0.906028, -0.022516

BONE 7
OFFSET 4.837310, 1.325658, 34.080341
SCALE 1.000000, 1.000000, 1.000000
X -0.008941, 0.033879, -0.999386
Y -0.004864, -0.999416, -0.033837
Z -0.999948, 0.004558, 0.009101

BONE 8
OFFSET -4.837236, 1.325506, 34.080624
SCALE 1.000000, 1.000000, 1.000000
X -0.008909, -0.033842, 0.999388
Y -0.004874, 0.999417, 0.033800
Z -0.999948, -0.004570, -0.009069

BONE 9
OFFSET 4.708874, 1.812570, 19.727123
SCALE 1.000000, 1.000000, 1.000000
X -0.008203, 0.166937, -0.985933
Y -0.006021, -0.985957, -0.166891
Z -0.999948, 0.004567, 0.009093

BONE 10
OFFSET -4.708568, 1.812141, 19.727461
SCALE 1.000000, 1.000000, 1.000000
X -0.008167, -0.166975, 0.985927
Y -0.006022, 0.985950, 0.166929
Z -0.999949, -0.004574, -0.009057

BONE 11
OFFSET 0.000094, 1.131313, 47.652164
SCALE 1.000000, 1.000000, 1.000000
X 0.000003, -0.020406, 0.999792
Y 0.000005, -0.999792, -0.020406
Z 1.000000, 0.000006, -0.000003

BONE 12
OFFSET 4.584381, 4.343949, 4.776942
SCALE 1.000000, 1.000000, 1.000000
X -0.000000, -0.008729, -0.999962
Y 0.016577, -0.999824, 0.008728
Z -0.999863, -0.016577, 0.000145

BONE 13
OFFSET -4.584069, 4.344151, 4.777238
SCALE 1.000000, 1.000000, 1.000000
X 0.000009, 0.008730, 0.999962
Y 0.016581, 0.999824, -0.008729
Z -0.999862, 0.016581, -0.000136

BONE 14
OFFSET 4.700434, -0.061645, 19.740444
SCALE 1.000000, 1.000000, 1.000000
X -0.000006, 0.029936, 0.999552
Y -0.000002, -0.999552, 0.029936
Z 1.000000, -0.000002, 0.000006

BONE 15
OFFSET -4.688320, -0.066627, 19.765453
SCALE 1.000000, 1.000000, 1.000000
X -0.000042, -0.029921, -0.999552
Y -0.000010, 0.999552, -0.029921
Z 1.000000, 0.000009, -0.000042

BONE 16
OFFSET 0.000090, 1.067745, 51.758411
SCALE 1.000000, 1.000000, 1.000000
X 0.000002, -0.047080, 0.998891
Y 0.000010, -0.998891, -0.047080
Z 1.000000, 0.000011, -0.000001

BONE 17
OFFSET 4.746620, -1.234840, 0.330913
SCALE 1.000000, 1.000000, 1.000000
X 0.016342, -0.983115, 0.182258
Y -0.002855, 0.182235, 0.983251
Z -0.999862, -0.016588, 0.000171

BONE 18
OFFSET -4.746290, -1.234591, 0.331138
SCALE 1.000000, 1.000000, 1.000000
X 0.016296, 0.983125, -0.182210
Y -0.002898, -0.182187, -0.983260
Z -0.999863, 0.016551, -0.000120

BONE 19
OFFSET 1.356609, 1.015539, 56.400341
SCALE 1.000000, 1.000000, 1.000000
X 0.997183, -0.019399, 0.072449
Y 0.018071, 0.999657, 0.018947
Z -0.072792, -0.017584, 0.997192

BONE 20
OFFSET -1.356719, 1.015542, 56.400444
SCALE 1.000000, 1.000000, 1.000000
X 0.997186, 0.019411, -0.072414
Y 0.018084, -0.999657, -0.018932
Z -0.072757, 0.017569, -0.997195

BONE 21
OFFSET 0.000058, 0.503915, 60.542107
SCALE 1.000000, 1.000000, 1.000000
X 0.000005, -0.309757, 0.950816
Y 0.000009, -0.950816, -0.309757
Z 1.000000, 0.000010, -0.000002

BONE 22
OFFSET 4.025334, 0.920922, 58.859638
SCALE 1.000000, 1.000000, 1.000000
X -0.997186, 0.019392, -0.072414
Y -0.018067, -0.999658, -0.018910
Z -0.072756, -0.017549, 0.997195

BONE 23
OFFSET -4.025115, 0.920835, 58.859825
SCALE 1.000000, 1.000000, 1.000000
X -0.997185, -0.019413, 0.072417
Y -0.018088, 0.999658, 0.018910
Z -0.072759, 0.017547, -0.997195

BONE 24
OFFSET -28.519920, -12.713210, 38.935009
SCALE 1.000000, 1.000000, 1.000000
X 1.000000, 0.000011, -0.000001
Y 0.000007, -0.764281, -0.644884
Z -0.000008, 0.644884, -0.764281

BONE 25
OFFSET -6.585263, 6.281759, 45.948441
SCALE 1.000000, 1.000000, 1.000000
X -0.083352, 0.038091, -0.995792
Y 0.176876, -0.982837, -0.052401
Z -0.980697, -0.180500, 0.075184

BONE 26
OFFSET -28.519920, -12.713210, 38.935009
SCALE 1.000000, 1.000000, 1.000000
X 0.000011, -1.000000, 0.000001
Y 1.000000, 0.000011, -0.000001
Z 0.000001, 0.000001, 1.000000

BONE 27
OFFSET 0.000057, -0.306903, 63.520969
SCALE 1.000000, 1.000000, 1.000000
X -0.000007, -0.216434, 0.976297
Y 0.000005, -0.976297, -0.216434
Z 1.000000, 0.000004, 0.000008

BONE 28
OFFSET 7.725458, 0.891629, 56.863182
SCALE 1.000000, 1.000000, 1.000000
X 0.662981, -0.260696, -0.701779
Y 0.273873, 0.956889, -0.096732
Z 0.696743, -0.128067, 0.705796

BONE 29
OFFSET -7.725506, 0.891564, 56.862965
SCALE 1.000000, 1.000000, 1.000000
X 0.662960, 0.260726, 0.701788
Y 0.273916, -0.956876, 0.096734
Z 0.696745, 0.128101, -0.705788

BONE 30
OFFSET 15.846285, -1.632342, 48.642529
SCALE 1.000000, 1.000000, 1.000000
X 0.294563, -0.846066, -0.444303
Y 0.654051, 0.517466, -0.551767
Z 0.696743, -0.128067, 0.705796

BONE 31
OFFSET -15.846131, -1.632841, 48.642246
SCALE 1.000000, 1.000000, 1.000000
X 0.294518, 0.846079, 0.444308
Y 0.654068, -0.517437, 0.551773
Z 0.696745, 0.128101, -0.705788

BONE 32
OFFSET 15.742274, -1.805675, 48.713013
SCALE 1.000000, 1.000000, 1.000000
X 0.294845, -0.845858, -0.444512
Y 0.653923, 0.517813, -0.551593
Z 0.696743, -0.128042, 0.705801

BONE 33
OFFSET -15.742270, -1.806072, 48.712933
SCALE 1.000000, 1.000000, 1.000000
X 0.294819, 0.845861, 0.444523
Y 0.653933, -0.517800, 0.551592
Z 0.696745, 0.128069, -0.705794

BONE 34
OFFSET 8.032188, 0.771017, 56.538502
SCALE 1.000000, 1.000000, 1.000000
X 0.662981, -0.260696, -0.701779
Y 0.273875, 0.956889, -0.096730
Z 0.696742, -0.128070, 0.705797

BONE 35
OFFSET -8.001591, 0.782987, 56.570709
SCALE 1.000000, 1.000000, 1.000000
X 0.662960, 0.260726, 0.701788
Y 0.273908, -0.956878, 0.096742
Z 0.696748, 0.128089, -0.705787

BONE 36
OFFSET 0.000049, -4.334190, 66.322540
SCALE 1.000000, 1.000000, 1.000000
X 0.000001, -0.939691, 0.342026
Y 1.000000, 0.000004, 0.000007
Z -0.000008, 0.342026, 0.939691

BONE 37
OFFSET 18.585669, -10.419226, 44.089733
SCALE 1.000000, 1.000000, 1.000000
X 0.299004, -0.782064, -0.546784
Y -0.792522, 0.115636, -0.598779
Z 0.531512, 0.612376, -0.585227

BONE 38
OFFSET -18.585567, -10.419399, 44.089657
SCALE 1.000000, 1.000000, 1.000000
X 0.299011, 0.782058, 0.546788
Y -0.792524, -0.115633, 0.598778
Z 0.531506, -0.612384, 0.585224

BONE 39
OFFSET 17.753496, -7.897926, 45.442410
SCALE 1.000000, 1.000000, 1.000000
X 0.294846, -0.845857, -0.444513
Y 0.653930, 0.517812, -0.551585
Z 0.696736, -0.128048, 0.705806

BONE 40
OFFSET -17.753546, -7.898361, 45.442448
SCALE 1.000000, 1.000000, 1.000000
X 0.294819, 0.845861, 0.444523
Y 0.653933, -0.517800, 0.551592
Z 0.696745, 0.128069, -0.705794

BONE 41
OFFSET 18.943596, -14.118733, 43.296165
SCALE 1.000000, 1.000000, 1.000000
X 0.252533, -0.921880, -0.293878
Y -0.670074, 0.052482, -0.740436
Z 0.698017, 0.383905, -0.604475

BONE 42
OFFSET -18.943485, -14.118932, 43.296089
SCALE 1.000000, 1.000000, 1.000000
X 0.252692, 0.921873, 0.293763
Y -0.670040, -0.052297, 0.740480
Z 0.697992, -0.383946, 0.604477

BONE 43
OFFSET 19.641989, -13.608097, 42.701954
SCALE 1.000000, 1.000000, 1.000000
X 0.066843, -0.793765, -0.604540
Y -0.837155, 0.285040, -0.466823
Z 0.542866, 0.537298, -0.645452

BONE 44
OFFSET -19.641909, -13.608223, 42.701809
SCALE 1.000000, 1.000000, 1.000000
X 0.066887, 0.793771, 0.604528
Y -0.837171, -0.284987, 0.466827
Z 0.542836, -0.537317, 0.645460

BONE 45
OFFSET 20.410118, -12.159682, 41.480377
SCALE 1.000000, 1.000000, 1.000000
X -0.099274, -0.722106, -0.684623
Y -0.848031, 0.421335, -0.321434
Z 0.520565, 0.548671, -0.654195

BONE 46
OFFSET -20.410091, -12.159837, 41.480251
SCALE 1.000000, 1.000000, 1.000000
X -0.099304, 0.722089, 0.684635
Y -0.848020, -0.421369, 0.321418
Z 0.520577, -0.548666, 0.654190

BONE 47
OFFSET 20.114302, -12.876246, 42.061901
SCALE 1.000000, 1.000000, 1.000000
X -0.006006, -0.738898, -0.673791
Y -0.878970, 0.325202, -0.348791
Z 0.476839, 0.590147, -0.651422

BONE 48
OFFSET -20.114208, -12.876396, 42.061890
SCALE 1.000000, 1.000000, 1.000000
X -0.005979, 0.738908, 0.673780
Y -0.878978, -0.325169, 0.348801
Z 0.476825, -0.590152, 0.651428

BONE 49
OFFSET 18.473015, -11.541899, 44.177650
SCALE 1.000000, 1.000000, 1.000000
X -0.766327, -0.594301, -0.244027
Y 0.525231, -0.360813, -0.770679
Z 0.369968, -0.718763, 0.588646

BONE 50
OFFSET -18.472874, -11.542074, 44.177635
SCALE 1.000000, 1.000000, 1.000000
X -0.766329, 0.594294, 0.244036
Y 0.525229, 0.360803, 0.770685
Z 0.369965, 0.718773, -0.588635

BONE 51
OFFSET -28.519896, -12.719981, 38.932270
SCALE 1.000000, 1.000000, 1.000000
X 0.000190, -1.000000, -0.000189
Y 1.000000, 0.000190, 0.000053
Z -0.000053, -0.000189, 1.000000

BONE 52
OFFSET -28.520119, -12.709172, 38.935143
SCALE 1.000000, 1.000000, 1.000000
X -0.000199, -1.000000, -0.000195
Y 0.998877, -0.000190, -0.047381
Z 0.047381, -0.000205, 0.998877

BONE 53
OFFSET 19.335176, -15.548034, 42.840546
SCALE 1.000000, 1.000000, 1.000000
X -0.305493, -0.603804, -0.736271
Y -0.647669, 0.698577, -0.304162
Z 0.697997, 0.383940, -0.604476

BONE 54
OFFSET -19.335234, -15.548249, 42.840523
SCALE 1.000000, 1.000000, 1.000000
X -0.305842, 0.603512, 0.736365
Y -0.647460, -0.698892, 0.303884
Z 0.698038, -0.383827, 0.604500

BONE 55
OFFSET 19.766018, -15.080857, 41.580357
SCALE 1.000000, 1.000000, 1.000000
X -0.742584, -0.051931, -0.667737
Y -0.392291, 0.841795, 0.370795
Z 0.542841, 0.537294, -0.645475

BONE 56
OFFSET -19.765930, -15.081016, 41.579948
SCALE 1.000000, 1.000000, 1.000000
X -0.742558, 0.051921, 0.667766
Y -0.392315, -0.841780, -0.370804
Z 0.542860, -0.537318, 0.645439

BONE 57
OFFSET 20.291075, -13.025280, 40.659801
SCALE 1.000000, 1.000000, 1.000000
X -0.734217, -0.103408, -0.670993
Y -0.435791, 0.829631, 0.348997
Z 0.520587, 0.548653, -0.654194

BONE 58
OFFSET -20.291012, -13.025424, 40.659672
SCALE 1.000100, 1.000101, 1.000094
X -0.734208, 0.103424, 0.671001
Y -0.435814, -0.829619, -0.348996
Z 0.520581, -0.548667, 0.654187

BONE 59
OFFSET 20.104219, -14.119193, 40.928596
SCALE 1.000000, 1.000000, 1.000000
X -0.750598, -0.112264, -0.651152
Y -0.457408, 0.799450, 0.389433
Z 0.476844, 0.590150, -0.651416

BONE 60
OFFSET -20.104130, -14.119358, 40.928261
SCALE 1.000000, 1.000000, 1.000000
X -0.750602, 0.112272, 0.651146
Y -0.457410, -0.799450, -0.389431
Z 0.476836, -0.590148, 0.651423

BONE 61
OFFSET 16.629330, -12.971684, 43.590553
SCALE 1.000000, 1.000000, 1.000000
X -0.513767, -0.686190, -0.514963
Y 0.774059, -0.111908, -0.623144
Z 0.369966, -0.718763, 0.588646

BONE 62
OFFSET -16.629194, -12.971821, 43.590179
SCALE 1.000000, 1.000000, 1.000000
X -0.513765, 0.686181, 0.514977
Y 0.774059, 0.111890, 0.623148
Z 0.369972, 0.718774, -0.588629

BONE 63
OFFSET 19.038221, -16.134914, 42.125023
SCALE 1.000000, 1.000000, 1.000000
X -0.554097, -0.245160, -0.795533
Y -0.453622, 0.890222, 0.041612
Z 0.698000, 0.383929, -0.604479

BONE 64
OFFSET -19.037983, -16.134798, 42.125008
SCALE 1.000000, 1.000000, 1.000000
X -0.553871, 0.245483, 0.795591
Y -0.453788, -0.890154, -0.041256
Z 0.698071, -0.383880, 0.604428

BONE 65
OFFSET 18.948034, -15.138112, 40.844826
SCALE 1.000000, 1.000000, 1.000000
X -0.836744, 0.280258, -0.470441
Y -0.071875, 0.795463, 0.601724
Z 0.542857, 0.537302, -0.645456

BONE 66
OFFSET -18.947971, -15.138271, 40.844528
SCALE 0.999896, 0.999903, 0.999904
X -0.836742, -0.280254, 0.470448
Y -0.071886, -0.795461, -0.601726
Z 0.542859, -0.537308, 0.645449

BONE 67
OFFSET 19.784019, -13.096679, 40.196491
SCALE 1.000000, 1.000000, 1.000000
X -0.853803, 0.339164, -0.394953
Y 0.005198, 0.764171, 0.644992
Z 0.520570, 0.548643, -0.654215

BONE 68
OFFSET -19.783998, -13.096812, 40.196270
SCALE 0.999787, 0.999785, 0.999800
X -0.853799, -0.339167, 0.394959
Y 0.005186, -0.764161, -0.645004
Z 0.520576, -0.548656, 0.654199

BONE 69
OFFSET 19.396437, -14.225060, 40.314682
SCALE 1.000000, 1.000000, 1.000000
X -0.861545, 0.166924, -0.479454
Y -0.174209, 0.789854, 0.588033
Z 0.476856, 0.590142, -0.651415

BONE 70
OFFSET -19.396343, -14.225204, 40.314499
SCALE 1.000000, 1.000000, 1.000000
X -0.861557, -0.166916, 0.479436
Y -0.174209, -0.789846, -0.588043
Z 0.476834, -0.590155, 0.651419

BONE 71
OFFSET 16.015608, -13.791351, 42.975456
SCALE 1.000000, 1.000000, 1.000000
X -0.178188, -0.676734, -0.714339
Y 0.911796, 0.159395, -0.378446
Z 0.369969, -0.718766, 0.588641

BONE 72
OFFSET -16.015455, -13.791477, 42.975048
SCALE 1.000000, 1.000000, 1.000000
X -0.178183, 0.676724, 0.714350
Y 0.911791, -0.159415, 0.378450
Z 0.369984, 0.718771, -0.588626

NUMVERTS 3945
VERT 0
OFFSET 7.902349, -1.877530, 35.741169
BONES 3
BONE 1 0.200709
BONE 3 0.013225
BONE 7 0.786066

VERT 1
OFFSET 8.164891, -2.099211, 35.844570
BONES 3
BONE 1 0.196686
BONE 3 0.012789
BONE 7 0.790525

VERT 2
OFFSET 8.594198, -1.055926, 35.970737
BONES 3
BONE 1 0.207035
BONE 3 0.011240
BONE 7 0.781725

VERT 3
OFFSET -2.877011, -3.394604, 36.520107
BONES 5
BONE 1 0.242365
BONE 3 0.001694
BONE 7 0.187968
BONE 8 0.565797
BONE 4 0.002176

VERT 4
OFFSET -3.375575, -3.501756, 35.903782
BONES 5
BONE 1 0.241480
BONE 3 0.001385
BONE 7 0.147183
BONE 8 0.607653
BONE 4 0.002299

VERT 5
OFFSET -3.260897, -3.316941, 35.808201
BONES 5
BONE 1 0.242845
BONE 3 0.001403
BONE 7 0.158097
BONE 8 0.595653
BONE 4 0.002002

VERT 6
OFFSET -2.999383, -3.604816, 36.510551
BONES 5
BONE 1 0.242495
BONE 3 0.001620
BONE 7 0.179011
BONE 8 0.574734
BONE 4 0.002140

VERT 7
OFFSET -5.068229, -2.790872, 36.222000
BONES 5
BONE 1 0.199888
BONE 3 0.001347
BONE 7 0.122001
BONE 8 0.666957
BONE 4 0.009808

VERT 8
OFFSET -5.004920, -2.519339, 36.191116
BONES 5
BONE 1 0.197541
BONE 3 0.001401
BONE 7 0.125969
BONE 8 0.664802
BONE 4 0.010288

VERT 9
OFFSET -3.989623, -3.633081, 36.208637
BONES 5
BONE 1 0.230195
BONE 3 0.001342
BONE 7 0.137527
BONE 8 0.626623
BONE 4 0.004313

VERT 10
OFFSET -6.080193, -3.381094, 48.916130
BONES 6
BONE 5 0.480459
BONE 11 0.320209
BONE 16 0.124845
BONE 1 0.048064
BONE 20 0.012151
BONE 35 0.014272

VERT 11
OFFSET -6.077400, -3.586700, 47.353691
BONES 6
BONE 5 0.557310
BONE 11 0.264194
BONE 16 0.061413
BONE 1 0.105683
BONE 20 0.005424
BONE 35 0.005976

VERT 12
OFFSET -5.536181, -4.087917, 47.589798
BONES 6
BONE 5 0.552274
BONE 11 0.282564
BONE 16 0.060969
BONE 1 0.094766
BONE 20 0.006197
BONE 35 0.003230

VERT 13
OFFSET -5.595776, -3.829757, 49.168995
BONES 7
BONE 5 0.469643
BONE 11 0.329641
BONE 16 0.132306
BONE 1 0.039693
BONE 23 0.000256
BONE 20 0.014410
BONE 35 0.014051

VERT 14
OFFSET -6.753670, -2.487939, 49.225899
BONES 7
BONE 5 0.412392
BONE 11 0.306441
BONE 16 0.195471
BONE 1 0.033776
BONE 23 0.000086
BONE 20 0.012739
BONE 35 0.039095

VERT 15
OFFSET -7.251159, -1.670615, 47.645210
BONES 6
BONE 5 0.525917
BONE 11 0.260672
BONE 16 0.108431
BONE 1 0.073223
BONE 20 0.005408
BONE 35 0.026349

VERT 16
OFFSET -7.132664, -2.348981, 47.454735
BONES 6
BONE 5 0.547238
BONE 11 0.251903
BONE 16 0.090450
BONE 1 0.086731
BONE 20 0.005476
BONE 35 0.018202

VERT 17
OFFSET -6.508906, -2.910902, 48.988361
BONES 6
BONE 5 0.443914
BONE 11 0.305623
BONE 16 0.167722
BONE 1 0.041955
BONE 20 0.011367
BONE 35 0.029419

VERT 18
OFFSET -6.685407, -2.793591, 49.791367
BONES 7
BONE 5 0.362954
BONE 11 0.313126
BONE 16 0.225444
BONE 1 0.023529
BONE 23 0.000982
BONE 20 0.019452
BONE 35 0.054512

VERT 19
OFFSET -6.375597, -3.179199, 49.460510
BONES 7
BONE 5 0.409912
BONE 11 0.331218
BONE 16 0.186484
BONE 1 0.023931
BONE 23 0.001000
BONE 20 0.015891
BONE 35 0.031564

VERT 20
OFFSET -6.153725, -3.194250, 49.802242
BONES 7
BONE 5 0.393099
BONE 11 0.328630
BONE 16 0.197801
BONE 1 0.022304
BONE 23 0.001000
BONE 20 0.019827
BONE 35 0.037339

VERT 21
OFFSET -6.475022, -2.798641, 50.103619
BONES 7
BONE 5 0.334053
BONE 11 0.316390
BONE 16 0.243735
BONE 1 0.017430
BONE 23 0.001549
BONE 20 0.023457
BONE 35 0.063386

VERT 22
OFFSET -5.736577, -3.802288, 49.984535
BONES 7
BONE 5 0.405668
BONE 11 0.335405
BONE 16 0.180907
BONE 1 0.024000
BONE 23 0.002313
BONE 20 0.025817
BONE 35 0.025890

VERT 23
OFFSET -6.189852, -3.359539, 49.365520
BONES 7
BONE 5 0.425826
BONE 11 0.334170
BONE 16 0.172564
BONE 1 0.025975
BONE 23 0.000805
BONE 20 0.015000
BONE 35 0.025660

VERT 24
OFFSET -5.704888, -3.941932, 49.658585
BONES 7
BONE 5 0.439166
BONE 11 0.339546
BONE 16 0.153325
BONE 1 0.028024
BONE 23 0.001600
BONE 20 0.021620
BONE 35 0.016720

VERT 25
OFFSET -5.585159, -3.460685, 45.423832
BONES 5
BONE 5 0.586986
BONE 11 0.164765
BONE 16 0.008870
BONE 1 0.239367
BONE 35 0.000013

VERT 26
OFFSET -4.961500, -3.827211, 45.377926
BONES 4
BONE 5 0.568523
BONE 11 0.144914
BONE 16 0.008115
BONE 1 0.278448

VERT 27
OFFSET -7.058064, -0.540105, 46.208755
BONES 6
BONE 5 0.621214
BONE 11 0.194550
BONE 16 0.036333
BONE 1 0.135265
BONE 20 0.000958
BONE 35 0.011681

VERT 28
OFFSET -7.132321, -1.256788, 45.726570
BONES 5
BONE 5 0.656424
BONE 11 0.168173
BONE 16 0.011039
BONE 1 0.161020
BONE 35 0.003345

VERT 29
OFFSET -6.004958, -3.141265, 48.901134
BONES 6
BONE 5 0.481050
BONE 11 0.319784
BONE 16 0.124398
BONE 1 0.048443
BONE 20 0.012098
BONE 35 0.014227

VERT 30
OFFSET -5.963356, -3.401847, 47.356758
BONES 6
BONE 5 0.557773
BONE 11 0.261706
BONE 16 0.061624
BONE 1 0.107199
BONE 20 0.005311
BONE 35 0.006387

VERT 31
OFFSET -5.399827, -3.920837, 47.589970
BONES 6
BONE 5 0.551332
BONE 11 0.280779
BONE 16 0.062869
BONE 1 0.094858
BONE 20 0.006509
BONE 35 0.003654

VERT 32
OFFSET -5.477227, -3.667547, 49.182949
BONES 7
BONE 5 0.467682
BONE 11 0.329775
BONE 16 0.133837
BONE 1 0.039209
BONE 23 0.000310
BONE 20 0.014705
BONE 35 0.014481

VERT 33
OFFSET -5.536951, -3.578725, 50.031364
BONES 7
BONE 5 0.398775
BONE 11 0.335013
BONE 16 0.186174
BONE 1 0.023183
BONE 23 0.002466
BONE 20 0.026757
BONE 35 0.027632

VERT 34
OFFSET -6.025748, -2.981342, 49.572628
BONES 7
BONE 5 0.413357
BONE 11 0.331894
BONE 16 0.183647
BONE 1 0.024336
BONE 23 0.001000
BONE 20 0.015553
BONE 35 0.030213

VERT 35
OFFSET -5.545013, -3.370836, 45.488564
BONES 5
BONE 5 0.588742
BONE 11 0.165436
BONE 16 0.008942
BONE 1 0.236825
BONE 35 0.000055

VERT 36
OFFSET -4.906287, -3.779209, 45.391376
BONES 4
BONE 5 0.567511
BONE 11 0.143058
BONE 16 0.008002
BONE 1 0.281429

VERT 37
OFFSET -6.578789, -2.314145, 49.338238
BONES 7
BONE 5 0.397657
BONE 11 0.306564
BONE 16 0.205942
BONE 1 0.031113
BONE 23 0.000220
BONE 20 0.014005
BONE 35 0.044500

VERT 38
OFFSET -7.080317, -1.509565, 47.670094
BONES 6
BONE 5 0.522620
BONE 11 0.262032
BONE 16 0.110449
BONE 1 0.071892
BONE 20 0.005286
BONE 35 0.027721

VERT 39
OFFSET -6.983683, -2.159826, 47.453449
BONES 6
BONE 5 0.548365
BONE 11 0.249706
BONE 16 0.090652
BONE 1 0.087181
BONE 20 0.005327
BONE 35 0.018769

VERT 40
OFFSET -6.282041, -2.770483, 49.023346
BONES 6
BONE 5 0.442072
BONE 11 0.306454
BONE 16 0.169156
BONE 1 0.041189
BONE 20 0.011465
BONE 35 0.029663

VERT 41
OFFSET -6.906201, -0.436921, 46.309521
BONES 6
BONE 5 0.615389
BONE 11 0.198178
BONE 16 0.040432
BONE 1 0.131796
BONE 20 0.001069
BONE 35 0.013137

VERT 42
OFFSET -6.594893, 0.737330, 45.049648
BONES 6
BONE 5 0.632312
BONE 11 0.132693
BONE 16 0.009133
BONE 1 0.221638
BONE 20 0.000085
BONE 35 0.004138

VERT 43
OFFSET -6.827333, -0.618266, 44.959023
BONES 5
BONE 5 0.652105
BONE 11 0.126219
BONE 16 0.007678
BONE 1 0.211104
BONE 35 0.002894

VERT 44
OFFSET -6.965021, -1.162444, 45.783310
BONES 5
BONE 5 0.656247
BONE 11 0.164620
BONE 16 0.010776
BONE 1 0.165001
BONE 35 0.003355

VERT 45
OFFSET -6.334908, -2.615924, 50.038380
BONES 7
BONE 5 0.335139
BONE 11 0.315598
BONE 16 0.243487
BONE 1 0.017912
BONE 23 0.001439
BONE 20 0.022888
BONE 35 0.063538

VERT 46
OFFSET -5.296387, -3.311464, 44.815071
BONES 5
BONE 5 0.569360
BONE 11 0.121129
BONE 16 0.006423
BONE 1 0.303075
BONE 35 0.000012

VERT 47
OFFSET -4.675408, -3.774532, 44.789894
BONES 4
BONE 5 0.549312
BONE 11 0.112748
BONE 16 0.006211
BONE 1 0.331729

VERT 48
OFFSET 7.507830, -3.477861, 47.352016
BONES 6
BONE 5 0.578626
BONE 11 0.282011
BONE 16 0.059584
BONE 19 0.003780
BONE 34 0.010460
BONE 1 0.065539

VERT 49
OFFSET 7.723154, -3.481996, 48.277882
BONES 6
BONE 5 0.535019
BONE 11 0.313783
BONE 16 0.087347
BONE 19 0.006178
BONE 34 0.014614
BONE 1 0.043059

VERT 50
OFFSET 7.463242, -4.192673, 48.509918
BONES 6
BONE 5 0.523116
BONE 11 0.322144
BONE 16 0.094129
BONE 19 0.007689
BONE 34 0.014148
BONE 1 0.038773

VERT 51
OFFSET 7.162115, -4.163157, 47.612003
BONES 6
BONE 5 0.578771
BONE 11 0.282588
BONE 16 0.058059
BONE 19 0.005015
BONE 34 0.007748
BONE 1 0.067818

VERT 52
OFFSET 6.612131, -2.985059, 45.876335
BONES 6
BONE 5 0.648900
BONE 11 0.188649
BONE 16 0.009088
BONE 19 0.000473
BONE 34 0.001592
BONE 1 0.151297

VERT 53
OFFSET 6.315773, -3.765666, 46.250774
BONES 6
BONE 5 0.624586
BONE 11 0.208100
BONE 16 0.021389
BONE 19 0.001721
BONE 34 0.002127
BONE 1 0.142078

VERT 54
OFFSET 7.763180, -0.182059, 45.958546
BONES 7
BONE 5 0.671279
BONE 11 0.204006
BONE 16 0.006791
BONE 19 0.000178
BONE 28 0.000048
BONE 34 0.003950
BONE 1 0.113748

VERT 55
OFFSET 7.981058, -1.239380, 47.286629
BONES 7
BONE 5 0.569241
BONE 11 0.287513
BONE 16 0.063566
BONE 19 0.002782
BONE 28 0.000189
BONE 34 0.017018
BONE 1 0.059691

VERT 56
OFFSET 7.801361, -1.837105, 46.850929
BONES 6
BONE 5 0.601808
BONE 11 0.251057
BONE 16 0.047288
BONE 19 0.002316
BONE 34 0.010964
BONE 1 0.086567

VERT 57
OFFSET 7.868078, -0.747994, 45.537056
BONES 5
BONE 5 0.683360
BONE 11 0.175041
BONE 16 0.001946
BONE 34 0.001664
BONE 1 0.137989

VERT 58
OFFSET 8.046678, -2.160818, 48.376682
BONES 7
BONE 5 0.498703
BONE 11 0.325951
BONE 16 0.110816
BONE 19 0.005512
BONE 28 0.000293
BONE 34 0.025947
BONE 1 0.032778

VERT 59
OFFSET 7.812679, -2.703880, 47.890182
BONES 7
BONE 5 0.541504
BONE 11 0.307801
BONE 16 0.083241
BONE 19 0.004614
BONE 28 0.000060
BONE 34 0.017394
BONE 1 0.045387

VERT 60
OFFSET 7.718194, -4.175486, 49.193207
BONES 7
BONE 5 0.484905
BONE 11 0.341625
BONE 16 0.120157
BONE 19 0.009750
BONE 34 0.018844
BONE 22 0.000094
BONE 1 0.024625

VERT 61
OFFSET 7.924328, -3.532819, 49.015171
BONES 6
BONE 5 0.470039
BONE 11 0.344444
BONE 16 0.130009
BONE 19 0.009266
BONE 34 0.024129
BONE 1 0.022113

VERT 62
OFFSET 8.138281, -2.870109, 49.270657
BONES 7
BONE 5 0.431712
BONE 11 0.351268
BONE 16 0.156824
BONE 19 0.009175
BONE 28 0.000355
BONE 34 0.034399
BONE 1 0.016267

VERT 63
OFFSET 7.297861, -3.349775, 47.380867
BONES 6
BONE 5 0.578916
BONE 11 0.281670
BONE 16 0.059398
BONE 19 0.003769
BONE 34 0.010426
BONE 1 0.065821

VERT 64
OFFSET 7.424060, -3.348415, 48.407112
BONES 6
BONE 5 0.524711
BONE 11 0.320390
BONE 16 0.093822
BONE 19 0.006839
BONE 34 0.015407
BONE 1 0.038830

VERT 65
OFFSET 7.153961, -3.968823, 48.689404
BONES 6
BONE 5 0.508445
BONE 11 0.331727
BONE 16 0.103536
BONE 19 0.008447
BONE 34 0.015649
BONE 1 0.032196

VERT 66
OFFSET 6.966606, -4.059248, 47.667877
BONES 6
BONE 5 0.574666
BONE 11 0.285797
BONE 16 0.060479
BONE 19 0.005474
BONE 34 0.007741
BONE 1 0.065843

VERT 67
OFFSET 6.473742, -2.817904, 46.001476
BONES 6
BONE 5 0.646210
BONE 11 0.192685
BONE 16 0.011016
BONE 19 0.000653
BONE 34 0.001816
BONE 1 0.147620

VERT 68
OFFSET 6.243585, -3.439066, 46.413578
BONES 6
BONE 5 0.624500
BONE 11 0.214373
BONE 16 0.023278
BONE 19 0.001874
BONE 34 0.002608
BONE 1 0.133368

VERT 69
OFFSET 7.351417, -3.959673, 49.331718
BONES 7
BONE 5 0.468849
BONE 11 0.340637
BONE 16 0.133743
BONE 19 0.011726
BONE 34 0.021067
BONE 22 0.000341
BONE 1 0.023637

VERT 70
OFFSET 7.584666, -3.202586, 49.173550
BONES 6
BONE 5 0.443850
BONE 11 0.345740
BONE 16 0.150494
BONE 19 0.010044
BONE 34 0.030353
BONE 1 0.019520

VERT 71
OFFSET 6.523170, -2.936651, 44.850204
BONES 5
BONE 5 0.647064
BONE 11 0.122689
BONE 16 0.002686
BONE 34 0.000353
BONE 1 0.227208

VERT 72
OFFSET 5.716849, -3.423350, 44.865585
BONES 5
BONE 5 0.621617
BONE 11 0.119696
BONE 16 0.003421
BONE 34 0.000095
BONE 1 0.255171

VERT 73
OFFSET 7.590718, -0.173315, 46.157379
BONES 7
BONE 5 0.656111
BONE 11 0.217193
BONE 16 0.014592
BONE 19 0.000448
BONE 28 0.000117
BONE 34 0.006262
BONE 1 0.105276

VERT 74
OFFSET 7.792240, -1.176016, 47.459320
BONES 7
BONE 5 0.558399
BONE 11 0.298383
BONE 16 0.069306
BONE 19 0.003014
BONE 28 0.000223
BONE 34 0.018654
BONE 1 0.052020

VERT 75
OFFSET 7.613532, -1.754614, 46.965317
BONES 6
BONE 5 0.596349
BONE 11 0.256763
BONE 16 0.050402
BONE 19 0.002484
BONE 34 0.011639
BONE 1 0.082363

VERT 76
OFFSET 7.714114, -0.748285, 45.687527
BONES 5
BONE 5 0.683612
BONE 11 0.173724
BONE 16 0.001934
BONE 34 0.001633
BONE 1 0.139097

VERT 77
OFFSET 7.836849, -1.935805, 48.402580
BONES 7
BONE 5 0.490481
BONE 11 0.329045
BONE 16 0.116174
BONE 19 0.005628
BONE 28 0.000350
BONE 34 0.027720
BONE 1 0.030602

VERT 78
OFFSET 7.533843, -2.527961, 48.063004
BONES 7
BONE 5 0.525847
BONE 11 0.314756
BONE 16 0.093420
BONE 19 0.005224
BONE 28 0.000122
BONE 34 0.019759
BONE 1 0.040872

VERT 79
OFFSET 7.773339, -2.625019, 49.366978
BONES 7
BONE 5 0.415687
BONE 11 0.352692
BONE 16 0.168953
BONE 19 0.009494
BONE 28 0.000400
BONE 34 0.038356
BONE 1 0.014418

VERT 80
OFFSET 7.430479, 0.915654, 45.079372
BONES 5
BONE 5 0.697204
BONE 11 0.159690
BONE 16 0.000750
BONE 34 0.002085
BONE 1 0.140270

VERT 81
OFFSET 7.561471, -0.008324, 44.972198
BONES 5
BONE 5 0.697210
BONE 11 0.146781
BONE 16 0.000674
BONE 34 0.001491
BONE 1 0.153844

VERT 82
OFFSET 7.708641, -4.190995, 50.606453
BONES 7
BONE 5 0.334000
BONE 11 0.343000
BONE 16 0.239000
BONE 19 0.025000
BONE 34 0.043000
BONE 22 0.002000
BONE 1 0.014000

VERT 83
OFFSET 8.249003, -3.268953, 50.699142
BONES 8
BONE 5 0.212357
BONE 11 0.273702
BONE 16 0.293950
BONE 19 0.031220
BONE 28 0.014604
BONE 34 0.165452
BONE 22 0.002293
BONE 1 0.006422

VERT 84
OFFSET 8.000206, -3.466045, 53.255638
BONES 7
BONE 5 0.105696
BONE 11 0.078374
BONE 16 0.483845
BONE 19 0.060696
BONE 28 0.001292
BONE 34 0.267853
BONE 22 0.002244

VERT 85
OFFSET 7.361365, -4.071389, 53.365784
BONES 8
BONE 5 0.106571
BONE 11 0.259936
BONE 16 0.384248
BONE 19 0.131691
BONE 28 0.000977
BONE 34 0.090834
BONE 22 0.024510
BONE 1 0.001233

VERT 86
OFFSET 7.810689, -3.183232, 55.546528
BONES 7
BONE 5 0.013085
BONE 11 0.022448
BONE 16 0.340714
BONE 19 0.176395
BONE 28 0.001696
BONE 34 0.430497
BONE 22 0.015165

VERT 87
OFFSET 6.956124, -3.496588, 55.879910
BONES 7
BONE 5 0.028145
BONE 11 0.073162
BONE 16 0.353302
BONE 19 0.240230
BONE 28 0.000899
BONE 34 0.243988
BONE 22 0.060273

VERT 88
OFFSET 7.534613, -2.270405, 57.664082
BONES 7
BONE 5 0.006934
BONE 11 0.003262
BONE 16 0.089044
BONE 19 0.282741
BONE 28 0.001867
BONE 34 0.543681
BONE 22 0.072472

VERT 89
OFFSET 6.546321, -2.449378, 57.882065
BONES 7
BONE 5 0.009583
BONE 11 0.015677
BONE 16 0.221564
BONE 19 0.311481
BONE 28 0.000295
BONE 34 0.320812
BONE 22 0.120587

VERT 90
OFFSET -6.163503, -3.297972, 50.642094
BONES 7
BONE 5 0.307219
BONE 11 0.320187
BONE 16 0.255789
BONE 1 0.013881
BONE 23 0.002988
BONE 20 0.034918
BONE 35 0.065019

VERT 91
OFFSET -6.679914, -3.127074, 51.132378
BONES 8
BONE 5 0.227660
BONE 11 0.281462
BONE 16 0.311171
BONE 1 0.007118
BONE 23 0.003458
BONE 20 0.042125
BONE 35 0.119006
BONE 29 0.008000

VERT 92
OFFSET -6.631186, -2.812141, 50.591244
BONES 8
BONE 5 0.277361
BONE 11 0.308808
BONE 16 0.281335
BONE 1 0.011062
BONE 23 0.002092
BONE 20 0.031384
BONE 35 0.086767
BONE 29 0.001192

VERT 93
OFFSET -6.416654, -3.144899, 53.707287
BONES 8
BONE 5 0.063588
BONE 11 0.182744
BONE 16 0.459541
BONE 1 0.000334
BONE 23 0.022585
BONE 20 0.126818
BONE 35 0.143463
BONE 29 0.000928

VERT 94
OFFSET -5.866402, -3.941391, 51.033039
BONES 7
BONE 5 0.289834
BONE 11 0.327945
BONE 16 0.264949
BONE 1 0.010621
BONE 23 0.005540
BONE 20 0.049540
BONE 35 0.051570

VERT 95
OFFSET -5.628595, -4.100886, 53.829632
BONES 8
BONE 5 0.101165
BONE 11 0.227034
BONE 16 0.404463
BONE 1 0.001455
BONE 23 0.038672
BONE 20 0.152987
BONE 35 0.073792
BONE 29 0.000432

VERT 96
OFFSET -6.431836, -3.299417, 55.908665
BONES 8
BONE 5 0.020526
BONE 11 0.088780
BONE 16 0.494057
BONE 1 0.000063
BONE 23 0.052940
BONE 20 0.180634
BONE 35 0.162426
BONE 29 0.000574

VERT 97
OFFSET -5.455022, -3.738075, 56.108635
BONES 8
BONE 5 0.022752
BONE 11 0.059018
BONE 16 0.558071
BONE 1 0.001311
BONE 23 0.076079
BONE 20 0.205749
BONE 35 0.076667
BONE 29 0.000353

VERT 98
OFFSET -5.397293, -2.511313, 58.182137
BONES 7
BONE 5 0.006502
BONE 11 0.011320
BONE 16 0.436700
BONE 1 0.000371
BONE 23 0.181565
BONE 20 0.289766
BONE 35 0.073776

VERT 99
OFFSET -6.370115, -2.246592, 57.845566
BONES 8
BONE 5 0.007427
BONE 11 0.013387
BONE 16 0.317653
BONE 1 0.000005
BONE 23 0.156532
BONE 20 0.326472
BONE 35 0.178128
BONE 29 0.000395

VERT 100
OFFSET -5.517198, -0.353869, 59.288483
BONES 6
BONE 5 0.001668
BONE 11 0.004415
BONE 16 0.404569
BONE 23 0.214986
BONE 20 0.297810
BONE 35 0.076552

VERT 101
OFFSET -6.467002, -0.274056, 59.166855
BONES 6
BONE 5 0.001708
BONE 11 0.005538
BONE 16 0.216740
BONE 23 0.207681
BONE 20 0.367828
BONE 35 0.200505

VERT 102
OFFSET -2.712945, 5.701602, 56.749695
BONES 9
BONE 5 0.041897
BONE 11 0.152372
BONE 16 0.507473
BONE 19 0.001140
BONE 22 0.003281
BONE 1 0.001000
BONE 23 0.102963
BONE 20 0.177717
BONE 35 0.012158

VERT 103
OFFSET -3.596879, 5.501604, 56.199104
BONES 9
BONE 5 0.050877
BONE 11 0.167733
BONE 16 0.449937
BONE 19 0.001037
BONE 22 0.000484
BONE 1 0.001737
BONE 23 0.097026
BONE 20 0.203362
BONE 35 0.027808

VERT 104
OFFSET -5.260264, 4.314997, 58.314335
BONES 9
BONE 5 0.012808
BONE 11 0.051442
BONE 16 0.411669
BONE 19 0.000072
BONE 22 0.000396
BONE 1 0.000258
BONE 23 0.142264
BONE 20 0.277902
BONE 35 0.103189

VERT 105
OFFSET -4.302388, 4.199900, 58.830593
BONES 9
BONE 5 0.005997
BONE 11 0.038119
BONE 16 0.492352
BONE 19 0.000004
BONE 22 0.000246
BONE 1 0.000014
BONE 23 0.179135
BONE 20 0.241947
BONE 35 0.042186

VERT 106
OFFSET -1.012336, 6.373198, 54.576427
BONES 9
BONE 5 0.127545
BONE 11 0.325196
BONE 16 0.428348
BONE 19 0.007398
BONE 22 0.005807
BONE 1 0.000843
BONE 23 0.034932
BONE 20 0.067029
BONE 35 0.002901

VERT 107
OFFSET -1.868923, 6.334997, 53.907745
BONES 9
BONE 5 0.171118
BONE 11 0.357675
BONE 16 0.350665
BONE 19 0.001544
BONE 22 0.001830
BONE 1 0.002533
BONE 23 0.032010
BONE 20 0.076701
BONE 35 0.005923

VERT 108
OFFSET -5.946426, 3.130148, 59.167091
BONES 7
BONE 5 0.003636
BONE 11 0.022711
BONE 16 0.336759
BONE 22 0.000280
BONE 23 0.164347
BONE 20 0.320945
BONE 35 0.151323

VERT 109
OFFSET -5.029606, 2.913839, 59.639931
BONES 7
BONE 5 0.001446
BONE 11 0.017147
BONE 16 0.433264
BONE 22 0.000161
BONE 23 0.209304
BONE 20 0.275610
BONE 35 0.063067

VERT 110
OFFSET -6.350087, 1.746068, 59.616894
BONES 6
BONE 5 0.000248
BONE 11 0.008815
BONE 16 0.250202
BONE 23 0.207536
BONE 20 0.361805
BONE 35 0.171395

VERT 111
OFFSET -5.486171, 1.474586, 59.931870
BONES 5
BONE 11 0.006150
BONE 16 0.362172
BONE 23 0.243626
BONE 20 0.326478
BONE 35 0.061574

VERT 112
OFFSET 6.843440, 2.091462, 59.338528
BONES 6
BONE 5 0.001000
BONE 11 0.011112
BONE 16 0.260337
BONE 19 0.368443
BONE 34 0.211998
BONE 22 0.147111

VERT 113
OFFSET 5.821788, 2.359000, 59.626057
BONES 7
BONE 5 0.000422
BONE 11 0.012548
BONE 16 0.354471
BONE 19 0.329327
BONE 34 0.131124
BONE 22 0.172062
BONE 23 0.000047

VERT 114
OFFSET 6.018339, 0.567646, 59.916752
BONES 6
BONE 5 0.000266
BONE 11 0.006467
BONE 16 0.286069
BONE 19 0.360869
BONE 34 0.168131
BONE 22 0.178197

VERT 115
OFFSET 7.086458, 0.335640, 59.586834
BONES 6
BONE 5 0.001231
BONE 11 0.007386
BONE 16 0.225704
BONE 19 0.361133
BONE 34 0.265244
BONE 22 0.139302

VERT 116
OFFSET 6.427752, 3.680037, 58.313915
BONES 6
BONE 5 0.006535
BONE 11 0.031063
BONE 16 0.327265
BONE 19 0.327873
BONE 34 0.169873
BONE 22 0.137391

VERT 117
OFFSET 5.451380, 3.816944, 58.675083
BONES 7
BONE 5 0.006406
BONE 11 0.034323
BONE 16 0.400603
BONE 19 0.292929
BONE 34 0.107135
BONE 22 0.157926
BONE 23 0.000678

VERT 118
OFFSET 4.974440, 5.570427, 55.910233
BONES 9
BONE 5 0.039386
BONE 11 0.116351
BONE 16 0.422737
BONE 19 0.230426
BONE 34 0.101659
BONE 22 0.087818
BONE 1 0.000954
BONE 23 0.000111
BONE 20 0.000559

VERT 119
OFFSET 4.111789, 5.680854, 56.427326
BONES 9
BONE 5 0.040359
BONE 11 0.128862
BONE 16 0.468010
BONE 19 0.205905
BONE 34 0.057480
BONE 22 0.096502
BONE 1 0.000309
BONE 23 0.000644
BONE 20 0.001928

VERT 120
OFFSET -1.562323, 5.212089, 47.686928
BONES 7
BONE 5 0.453505
BONE 11 0.433372
BONE 16 0.057811
BONE 1 0.051750
BONE 23 0.000296
BONE 20 0.002329
BONE 35 0.000937

VERT 121
OFFSET -2.265060, 5.438823, 48.544376
BONES 7
BONE 5 0.437678
BONE 11 0.417889
BONE 16 0.103476
BONE 1 0.030615
BONE 23 0.001149
BONE 20 0.006745
BONE 35 0.002447

VERT 122
OFFSET 0.211934, 6.069539, 51.313843
BONES 10
BONE 5 0.298973
BONE 11 0.417894
BONE 16 0.260823
BONE 19 0.009006
BONE 34 0.001210
BONE 22 0.001346
BONE 1 0.003845
BONE 23 0.001209
BONE 20 0.005562
BONE 35 0.000132

VERT 123
OFFSET 0.921769, 5.962509, 50.593891
BONES 9
BONE 5 0.330909
BONE 11 0.410600
BONE 16 0.239391
BONE 19 0.008569
BONE 34 0.001087
BONE 22 0.001087
BONE 1 0.006162
BONE 23 0.000252
BONE 20 0.001943

VERT 124
OFFSET 0.941188, 6.248844, 52.125610
BONES 9
BONE 5 0.251797
BONE 11 0.427202
BONE 16 0.285636
BONE 19 0.020086
BONE 34 0.003534
BONE 22 0.003186
BONE 1 0.002373
BONE 23 0.001195
BONE 20 0.004991

VERT 125
OFFSET 2.569641, 6.426550, 54.195019
BONES 9
BONE 5 0.140520
BONE 11 0.323536
BONE 16 0.395978
BONE 19 0.084147
BONE 34 0.013829
BONE 22 0.033322
BONE 1 0.001834
BONE 23 0.002000
BONE 20 0.004834

VERT 126
OFFSET 3.353234, 6.366797, 53.631405
BONES 8
BONE 5 0.161458
BONE 11 0.354044
BONE 16 0.352902
BONE 19 0.085414
BONE 34 0.020975
BONE 22 0.021207
BONE 1 0.003000
BONE 20 0.001000

VERT 127
OFFSET 1.588306, 6.274023, 51.348206
BONES 9
BONE 5 0.282415
BONE 11 0.411696
BONE 16 0.272058
BONE 19 0.021641
BONE 34 0.004007
BONE 22 0.002937
BONE 1 0.003134
BONE 23 0.000254
BONE 20 0.001859

VERT 128
OFFSET 4.145078, 5.469484, 46.989162
BONES 5
BONE 5 0.551000
BONE 11 0.378000
BONE 16 0.008000
BONE 34 0.002000
BONE 1 0.061000

VERT 129
OFFSET 3.180771, 5.912822, 48.041897
BONES 7
BONE 5 0.450252
BONE 11 0.427153
BONE 16 0.086825
BONE 19 0.006788
BONE 34 0.003000
BONE 22 0.000558
BONE 1 0.025423

VERT 130
OFFSET 3.891002, 5.855841, 48.655785
BONES 7
BONE 5 0.444912
BONE 11 0.405856
BONE 16 0.113613
BONE 19 0.009620
BONE 34 0.005424
BONE 22 0.000545
BONE 1 0.020030

VERT 131
OFFSET 4.939306, 5.481209, 47.470470
BONES 6
BONE 5 0.517332
BONE 11 0.398295
BONE 16 0.043418
BONE 19 0.003977
BONE 34 0.005532
BONE 1 0.031446

VERT 132
OFFSET 8.006592, -3.523188, 50.099606
BONES 7
BONE 5 0.328719
BONE 11 0.347192
BONE 16 0.240882
BONE 19 0.014261
BONE 34 0.057303
BONE 22 0.000452
BONE 1 0.011192

VERT 133
OFFSET 8.072618, -2.978195, 50.183899
BONES 8
BONE 5 0.260166
BONE 11 0.290223
BONE 16 0.262763
BONE 19 0.019103
BONE 28 0.015100
BONE 34 0.143907
BONE 22 0.000783
BONE 1 0.007955

VERT 134
OFFSET 7.337283, -1.372362, 59.125519
BONES 7
BONE 5 0.003897
BONE 11 0.006669
BONE 16 0.188679
BONE 19 0.334141
BONE 28 0.000242
BONE 34 0.347625
BONE 22 0.118747

VERT 135
OFFSET 3.075620, 5.811037, 48.079132
BONES 7
BONE 5 0.447187
BONE 11 0.427827
BONE 16 0.089352
BONE 19 0.006957
BONE 34 0.003000
BONE 22 0.000591
BONE 1 0.025086

VERT 136
OFFSET 3.766669, 5.696365, 48.732914
BONES 7
BONE 5 0.442691
BONE 11 0.406736
BONE 16 0.115271
BONE 19 0.009627
BONE 34 0.005170
BONE 22 0.000585
BONE 1 0.019918

VERT 137
OFFSET 6.224664, -1.053184, 59.304718
BONES 6
BONE 5 0.002695
BONE 11 0.005000
BONE 16 0.265187
BONE 19 0.347086
BONE 34 0.196712
BONE 22 0.183321

VERT 138
OFFSET -5.859118, -3.720370, 50.546997
BONES 7
BONE 5 0.340105
BONE 11 0.329959
BONE 16 0.229146
BONE 1 0.016887
BONE 23 0.003777
BONE 20 0.036573
BONE 35 0.043554

VERT 139
OFFSET 7.646873, -3.961698, 49.992661
BONES 7
BONE 5 0.387000
BONE 11 0.340000
BONE 16 0.199000
BONE 19 0.019000
BONE 34 0.036000
BONE 22 0.001000
BONE 1 0.018000

VERT 140
OFFSET 7.802971, -3.212811, 53.235268
BONES 7
BONE 5 0.108938
BONE 11 0.070804
BONE 16 0.465835
BONE 19 0.067623
BONE 28 0.001182
BONE 34 0.282776
BONE 22 0.002841

VERT 141
OFFSET 7.881824, -3.479634, 53.016651
BONES 8
BONE 5 0.112134
BONE 11 0.079642
BONE 16 0.477427
BONE 19 0.061001
BONE 28 0.001826
BONE 34 0.265357
BONE 22 0.002562
BONE 1 0.000051

VERT 142
OFFSET 7.175970, -3.836776, 53.340858
BONES 8
BONE 5 0.080721
BONE 11 0.255950
BONE 16 0.391487
BONE 19 0.124430
BONE 28 0.001000
BONE 34 0.126161
BONE 22 0.019928
BONE 1 0.000322

VERT 143
OFFSET 7.231651, -3.971017, 53.113491
BONES 8
BONE 5 0.089822
BONE 11 0.262421
BONE 16 0.388002
BONE 19 0.119720
BONE 28 0.000970
BONE 34 0.119176
BONE 22 0.019207
BONE 1 0.000683

VERT 144
OFFSET 7.716886, -2.929518, 55.454926
BONES 7
BONE 5 0.014270
BONE 11 0.024882
BONE 16 0.293706
BONE 19 0.190053
BONE 28 0.001803
BONE 34 0.458493
BONE 22 0.016793

VERT 145
OFFSET 6.817846, -3.241505, 55.836372
BONES 7
BONE 5 0.026056
BONE 11 0.066847
BONE 16 0.367946
BONE 19 0.232569
BONE 28 0.000876
BONE 34 0.248836
BONE 22 0.056870

VERT 146
OFFSET 7.433438, -2.061395, 57.490715
BONES 7
BONE 5 0.007080
BONE 11 0.003232
BONE 16 0.089046
BONE 19 0.282201
BONE 28 0.001851
BONE 34 0.544070
BONE 22 0.072520

VERT 147
OFFSET -6.407839, -2.625845, 50.967384
BONES 8
BONE 5 0.234653
BONE 11 0.277766
BONE 16 0.307680
BONE 1 0.007960
BONE 23 0.002844
BONE 20 0.038230
BONE 35 0.121782
BONE 29 0.009085

VERT 148
OFFSET -6.532384, -2.655376, 50.634308
BONES 8
BONE 5 0.268281
BONE 11 0.300872
BONE 16 0.287393
BONE 1 0.010442
