// Export filename: 'C:/cod5/cod/cod5/model_export/american/characters/multiplayer/char_usa_marine_player_body_cqb_LOD3.XMODEL_EXPORT'
// Source filename: 'C:/cod5/cod/cod5/model_export/american/characters/multiplayer/char_usa_mp_assault_body.ma'
// Export time: Tue Aug 26 01:29:53 2008
MODEL
VERSION 6

NUMBONES 73
BONE 0 -1 "TAG_ORIGIN"
BONE 1 0 "J_MainRoot"
BONE 2 0 "TAG_SYNC"
BONE 3 1 "J_Hip_LE"
BONE 4 1 "J_Hip_RI"
BONE 5 1 "J_SpineLower"
BONE 6 1 "TAG_STOWED_HIP_REAR"
BONE 7 3 "J_HipTwist_LE"
BONE 8 4 "J_HipTwist_RI"
BONE 9 3 "J_Knee_LE"
BONE 10 4 "J_Knee_RI"
BONE 11 5 "J_SpineUpper"
BONE 12 9 "J_Ankle_LE"
BONE 13 10 "J_Ankle_RI"
BONE 14 9 "J_Knee_Bulge_LE"
BONE 15 10 "J_Knee_Bulge_RI"
BONE 16 11 "J_Spine4"
BONE 17 12 "J_Ball_LE"
BONE 18 13 "J_Ball_RI"
BONE 19 16 "J_Clavicle_LE"
BONE 20 16 "J_Clavicle_RI"
BONE 21 16 "J_Neck"
BONE 22 16 "J_ShoulderRaise_LE"
BONE 23 16 "J_ShoulderRaise_RI"
BONE 24 16 "TAG_INHAND"
BONE 25 16 "TAG_STOWED_BACK"
BONE 26 16 "TAG_WEAPON_CHEST"
BONE 27 21 "J_Head"
BONE 28 19 "J_Shoulder_LE"
BONE 29 20 "J_Shoulder_RI"
BONE 30 28 "J_Elbow_Bulge_LE"
BONE 31 29 "J_Elbow_Bulge_RI"
BONE 32 28 "J_Elbow_LE"
BONE 33 29 "J_Elbow_RI"
BONE 34 28 "J_ShoulderTwist_LE"
BONE 35 29 "J_ShoulderTwist_RI"
BONE 36 27 "TAG_EYE"
BONE 37 32 "J_Wrist_LE"
BONE 38 33 "J_Wrist_RI"
BONE 39 32 "J_WristTwist_LE"
BONE 40 33 "J_WristTwist_RI"
BONE 41 37 "J_Index_LE_1"
BONE 42 38 "J_Index_RI_1"
BONE 43 37 "J_Mid_LE_1"
BONE 44 38 "J_Mid_RI_1"
BONE 45 37 "J_Pinky_LE_1"
BONE 46 38 "J_Pinky_RI_1"
BONE 47 37 "J_Ring_LE_1"
BONE 48 38 "J_Ring_RI_1"
BONE 49 37 "J_Thumb_LE_1"
BONE 50 38 "J_Thumb_RI_1"
BONE 51 37 "TAG_WEAPON_LEFT"
BONE 52 38 "TAG_WEAPON_RIGHT"
BONE 53 41 "J_Index_LE_2"
BONE 54 42 "J_Index_RI_2"
BONE 55 43 "J_Mid_LE_2"
BONE 56 44 "J_Mid_RI_2"
BONE 57 45 "J_Pinky_LE_2"
BONE 58 46 "J_Pinky_RI_2"
BONE 59 47 "J_Ring_LE_2"
BONE 60 48 "J_Ring_RI_2"
BONE 61 49 "J_Thumb_LE_2"
BONE 62 50 "J_Thumb_RI_2"
BONE 63 53 "J_Index_LE_3"
BONE 64 54 "J_Index_RI_3"
BONE 65 55 "J_Mid_LE_3"
BONE 66 56 "J_Mid_RI_3"
BONE 67 57 "J_Pinky_LE_3"
BONE 68 58 "J_Pinky_RI_3"
BONE 69 59 "J_Ring_LE_3"
BONE 70 60 "J_Ring_RI_3"
BONE 71 61 "J_Thumb_LE_3"
BONE 72 62 "J_Thumb_RI_3"

BONE 0
OFFSET 0.000002, -2.222000, 0.000042
SCALE 1.000000, 1.000000, 1.000000
X -0.000000, -1.000000, -0.000001
Y 1.000000, -0.000000, 0.000000
Z -0.000000, -0.000001, 1.000000

BONE 1
OFFSET 0.000082, 1.218927, 37.228020
SCALE 1.000000, 1.000000, 1.000000
X 0.000005, 0.024825, 0.999692
Y 0.000006, -0.999692, 0.024825
Z 1.000000, 0.000006, -0.000005

BONE 2
OFFSET 0.000002, -2.219720, 0.000042
SCALE 1.000000, 1.000000, 1.000000
X 0.000000, 1.000000, -0.000001
Y -1.000000, 0.000000, 0.000000
Z 0.000000, 0.000001, 1.000000

BONE 3
OFFSET 4.865472, 1.218951, 37.228016
SCALE 1.000000, 1.000000, 1.000000
X -0.008941, 0.033879, -0.999386
Y -0.004877, -0.999415, -0.033837
Z -0.999948, 0.004571, 0.009101

BONE 4
OFFSET -4.865293, 1.218927, 37.227978
SCALE 1.000000, 1.000000, 1.000000
X -0.008909, -0.033842, 0.999388
Y -0.004870, 0.999417, 0.033800
Z -0.999948, -0.004566, -0.009069

BONE 5
OFFSET 0.000089, 1.148792, 42.432632
SCALE 1.000000, 1.000000, 1.000000
X 0.000001, 0.029870, 0.999554
Y -0.000002, -0.999554, 0.029870
Z 1.000000, -0.000002, -0.000001

BONE 6
OFFSET -4.400561, 6.159410, 39.124432
SCALE 1.000000, 1.000000, 1.000000
X 0.906308, 0.422488, -0.010500
Y -0.000001, -0.024844, -0.999691
Z -0.422618, 0.906028, -0.022516

BONE 7
OFFSET 4.837310, 1.325658, 34.080341
SCALE 1.000000, 1.000000, 1.000000
X -0.008941, 0.033879, -0.999386
Y -0.004864, -0.999416, -0.033837
Z -0.999948, 0.004558, 0.009101

BONE 8
OFFSET -4.837236, 1.325506, 34.080624
SCALE 1.000000, 1.000000, 1.000000
X -0.008909, -0.033842, 0.999388
Y -0.004874, 0.999417, 0.033800
Z -0.999948, -0.004570, -0.009069

BONE 9
OFFSET 4.708874, 1.812570, 19.727123
SCALE 1.000000, 1.000000, 1.000000
X -0.008203, 0.166937, -0.985933
Y -0.006021, -0.985957, -0.166891
Z -0.999948, 0.004567, 0.009093

BONE 10
OFFSET -4.708568, 1.812141, 19.727461
SCALE 1.000000, 1.000000, 1.000000
X -0.008167, -0.166975, 0.985927
Y -0.006022, 0.985950, 0.166929
Z -0.999949, -0.004574, -0.009057

BONE 11
OFFSET 0.000094, 1.131313, 47.652164
SCALE 1.000000, 1.000000, 1.000000
X 0.000003, -0.020406, 0.999792
Y 0.000005, -0.999792, -0.020406
Z 1.000000, 0.000006, -0.000003

BONE 12
OFFSET 4.584381, 4.343949, 4.776942
SCALE 1.000000, 1.000000, 1.000000
X -0.000000, -0.008729, -0.999962
Y 0.016577, -0.999824, 0.008728
Z -0.999863, -0.016577, 0.000145

BONE 13
OFFSET -4.584069, 4.344151, 4.777238
SCALE 1.000000, 1.000000, 1.000000
X 0.000009, 0.008730, 0.999962
Y 0.016581, 0.999824, -0.008729
Z -0.999862, 0.016581, -0.000136

BONE 14
OFFSET 4.700434, -0.061645, 19.740444
SCALE 1.000000, 1.000000, 1.000000
X -0.000006, 0.029936, 0.999552
Y -0.000002, -0.999552, 0.029936
Z 1.000000, -0.000002, 0.000006

BONE 15
OFFSET -4.688320, -0.066627, 19.765453
SCALE 1.000000, 1.000000, 1.000000
X -0.000042, -0.029921, -0.999552
Y -0.000010, 0.999552, -0.029921
Z 1.000000, 0.000009, -0.000042

BONE 16
OFFSET 0.000090, 1.067745, 51.758411
SCALE 1.000000, 1.000000, 1.000000
X 0.000002, -0.047080, 0.998891
Y 0.000010, -0.998891, -0.047080
Z 1.000000, 0.000011, -0.000001

BONE 17
OFFSET 4.746620, -1.234840, 0.330913
SCALE 1.000000, 1.000000, 1.000000
X 0.016342, -0.983115, 0.182258
Y -0.002855, 0.182235, 0.983251
Z -0.999862, -0.016588, 0.000171

BONE 18
OFFSET -4.746290, -1.234591, 0.331138
SCALE 1.000000, 1.000000, 1.000000
X 0.016296, 0.983125, -0.182210
Y -0.002898, -0.182187, -0.983260
Z -0.999863, 0.016551, -0.000120

BONE 19
OFFSET 1.356609, 1.015539, 56.400341
SCALE 1.000000, 1.000000, 1.000000
X 0.997183, -0.019399, 0.072449
Y 0.018071, 0.999657, 0.018947
Z -0.072792, -0.017584, 0.997192

BONE 20
OFFSET -1.356719, 1.015542, 56.400444
SCALE 1.000000, 1.000000, 1.000000
X 0.997186, 0.019411, -0.072414
Y 0.018084, -0.999657, -0.018932
Z -0.072757, 0.017569, -0.997195

BONE 21
OFFSET 0.000058, 0.503915, 60.542107
SCALE 1.000000, 1.000000, 1.000000
X 0.000005, -0.309757, 0.950816
Y 0.000009, -0.950816, -0.309757
Z 1.000000, 0.000010, -0.000002

BONE 22
OFFSET 4.025334, 0.920922, 58.859638
SCALE 1.000000, 1.000000, 1.000000
X -0.997186, 0.019392, -0.072414
Y -0.018067, -0.999658, -0.018910
Z -0.072756, -0.017549, 0.997195

BONE 23
OFFSET -4.025115, 0.920835, 58.859825
SCALE 1.000000, 1.000000, 1.000000
X -0.997185, -0.019413, 0.072417
Y -0.018088, 0.999658, 0.018910
Z -0.072759, 0.017547, -0.997195

BONE 24
OFFSET -28.519920, -12.713210, 38.935009
SCALE 1.000000, 1.000000, 1.000000
X 1.000000, 0.000011, -0.000001
Y 0.000007, -0.764281, -0.644884
Z -0.000008, 0.644884, -0.764281

BONE 25
OFFSET -6.585263, 6.281759, 45.948441
SCALE 1.000000, 1.000000, 1.000000
X -0.083352, 0.038091, -0.995792
Y 0.176876, -0.982837, -0.052401
Z -0.980697, -0.180500, 0.075184

BONE 26
OFFSET -28.519920, -12.713210, 38.935009
SCALE 1.000000, 1.000000, 1.000000
X 0.000011, -1.000000, 0.000001
Y 1.000000, 0.000011, -0.000001
Z 0.000001, 0.000001, 1.000000

BONE 27
OFFSET 0.000057, -0.306903, 63.520969
SCALE 1.000000, 1.000000, 1.000000
X -0.000007, -0.216434, 0.976297
Y 0.000005, -0.976297, -0.216434
Z 1.000000, 0.000004, 0.000008

BONE 28
OFFSET 7.725458, 0.891629, 56.863182
SCALE 1.000000, 1.000000, 1.000000
X 0.662981, -0.260696, -0.701779
Y 0.273873, 0.956889, -0.096732
Z 0.696743, -0.128067, 0.705796

BONE 29
OFFSET -7.725506, 0.891564, 56.862965
SCALE 1.000000, 1.000000, 1.000000
X 0.662960, 0.260726, 0.701788
Y 0.273916, -0.956876, 0.096734
Z 0.696745, 0.128101, -0.705788

BONE 30
OFFSET 15.846285, -1.632342, 48.642529
SCALE 1.000000, 1.000000, 1.000000
X 0.294563, -0.846066, -0.444303
Y 0.654051, 0.517466, -0.551767
Z 0.696743, -0.128067, 0.705796

BONE 31
OFFSET -15.846131, -1.632841, 48.642246
SCALE 1.000000, 1.000000, 1.000000
X 0.294518, 0.846079, 0.444308
Y 0.654068, -0.517437, 0.551773
Z 0.696745, 0.128101, -0.705788

BONE 32
OFFSET 15.742274, -1.805675, 48.713013
SCALE 1.000000, 1.000000, 1.000000
X 0.294845, -0.845858, -0.444512
Y 0.653923, 0.517813, -0.551593
Z 0.696743, -0.128042, 0.705801

BONE 33
OFFSET -15.742270, -1.806072, 48.712933
SCALE 1.000000, 1.000000, 1.000000
X 0.294819, 0.845861, 0.444523
Y 0.653933, -0.517800, 0.551592
Z 0.696745, 0.128069, -0.705794

BONE 34
OFFSET 8.032188, 0.771017, 56.538502
SCALE 1.000000, 1.000000, 1.000000
X 0.662981, -0.260696, -0.701779
Y 0.273875, 0.956889, -0.096730
Z 0.696742, -0.128070, 0.705797

BONE 35
OFFSET -8.001591, 0.782987, 56.570709
SCALE 1.000000, 1.000000, 1.000000
X 0.662960, 0.260726, 0.701788
Y 0.273908, -0.956878, 0.096742
Z 0.696748, 0.128089, -0.705787

BONE 36
OFFSET 0.000049, -4.334190, 66.322540
SCALE 1.000000, 1.000000, 1.000000
X 0.000001, -0.939691, 0.342026
Y 1.000000, 0.000004, 0.000007
Z -0.000008, 0.342026, 0.939691

BONE 37
OFFSET 18.585669, -10.419226, 44.089733
SCALE 1.000000, 1.000000, 1.000000
X 0.299004, -0.782064, -0.546784
Y -0.792522, 0.115636, -0.598779
Z 0.531512, 0.612376, -0.585227

BONE 38
OFFSET -18.585567, -10.419399, 44.089657
SCALE 1.000000, 1.000000, 1.000000
X 0.299011, 0.782058, 0.546788
Y -0.792524, -0.115633, 0.598778
Z 0.531506, -0.612384, 0.585224

BONE 39
OFFSET 17.753496, -7.897926, 45.442410
SCALE 1.000000, 1.000000, 1.000000
X 0.294846, -0.845857, -0.444513
Y 0.653930, 0.517812, -0.551585
Z 0.696736, -0.128048, 0.705806

BONE 40
OFFSET -17.753546, -7.898361, 45.442448
SCALE 1.000000, 1.000000, 1.000000
X 0.294819, 0.845861, 0.444523
Y 0.653933, -0.517800, 0.551592
Z 0.696745, 0.128069, -0.705794

BONE 41
OFFSET 18.943596, -14.118733, 43.296165
SCALE 1.000000, 1.000000, 1.000000
X 0.252533, -0.921880, -0.293878
Y -0.670074, 0.052482, -0.740436
Z 0.698017, 0.383905, -0.604475

BONE 42
OFFSET -18.943485, -14.118932, 43.296089
SCALE 1.000000, 1.000000, 1.000000
X 0.252692, 0.921873, 0.293763
Y -0.670040, -0.052297, 0.740480
Z 0.697992, -0.383946, 0.604477

BONE 43
OFFSET 19.641989, -13.608097, 42.701954
SCALE 1.000000, 1.000000, 1.000000
X 0.066843, -0.793765, -0.604540
Y -0.837155, 0.285040, -0.466823
Z 0.542866, 0.537298, -0.645452

BONE 44
OFFSET -19.641909, -13.608223, 42.701809
SCALE 1.000000, 1.000000, 1.000000
X 0.066887, 0.793771, 0.604528
Y -0.837171, -0.284987, 0.466827
Z 0.542836, -0.537317, 0.645460

BONE 45
OFFSET 20.410118, -12.159682, 41.480377
SCALE 1.000000, 1.000000, 1.000000
X -0.099274, -0.722106, -0.684623
Y -0.848031, 0.421335, -0.321434
Z 0.520565, 0.548671, -0.654195

BONE 46
OFFSET -20.410091, -12.159837, 41.480251
SCALE 1.000000, 1.000000, 1.000000
X -0.099304, 0.722089, 0.684635
Y -0.848020, -0.421369, 0.321418
Z 0.520577, -0.548666, 0.654190

BONE 47
OFFSET 20.114302, -12.876246, 42.061901
SCALE 1.000000, 1.000000, 1.000000
X -0.006006, -0.738898, -0.673791
Y -0.878970, 0.325202, -0.348791
Z 0.476839, 0.590147, -0.651422

BONE 48
OFFSET -20.114208, -12.876396, 42.061890
SCALE 1.000000, 1.000000, 1.000000
X -0.005979, 0.738908, 0.673780
Y -0.878978, -0.325169, 0.348801
Z 0.476825, -0.590152, 0.651428

BONE 49
OFFSET 18.473015, -11.541899, 44.177650
SCALE 1.000000, 1.000000, 1.000000
X -0.766327, -0.594301, -0.244027
Y 0.525231, -0.360813, -0.770679
Z 0.369968, -0.718763, 0.588646

BONE 50
OFFSET -18.472874, -11.542074, 44.177635
SCALE 1.000000, 1.000000, 1.000000
X -0.766329, 0.594294, 0.244036
Y 0.525229, 0.360803, 0.770685
Z 0.369965, 0.718773, -0.588635

BONE 51
OFFSET -28.519896, -12.719981, 38.932270
SCALE 1.000000, 1.000000, 1.000000
X 0.000190, -1.000000, -0.000189
Y 1.000000, 0.000190, 0.000053
Z -0.000053, -0.000189, 1.000000

BONE 52
OFFSET -28.520119, -12.709172, 38.935143
SCALE 1.000000, 1.000000, 1.000000
X -0.000199, -1.000000, -0.000195
Y 0.998877, -0.000190, -0.047381
Z 0.047381, -0.000205, 0.998877

BONE 53
OFFSET 19.335176, -15.548034, 42.840546
SCALE 1.000000, 1.000000, 1.000000
X -0.305493, -0.603804, -0.736271
Y -0.647669, 0.698577, -0.304162
Z 0.697997, 0.383940, -0.604476

BONE 54
OFFSET -19.335234, -15.548249, 42.840523
SCALE 1.000000, 1.000000, 1.000000
X -0.305842, 0.603512, 0.736365
Y -0.647460, -0.698892, 0.303884
Z 0.698038, -0.383827, 0.604500

BONE 55
OFFSET 19.766018, -15.080857, 41.580357
SCALE 1.000000, 1.000000, 1.000000
X -0.742584, -0.051931, -0.667737
Y -0.392291, 0.841795, 0.370795
Z 0.542841, 0.537294, -0.645475

BONE 56
OFFSET -19.765930, -15.081016, 41.579948
SCALE 1.000000, 1.000000, 1.000000
X -0.742558, 0.051921, 0.667766
Y -0.392315, -0.841780, -0.370804
Z 0.542860, -0.537318, 0.645439

BONE 57
OFFSET 20.291075, -13.025280, 40.659801
SCALE 1.000000, 1.000000, 1.000000
X -0.734217, -0.103408, -0.670993
Y -0.435791, 0.829631, 0.348997
Z 0.520587, 0.548653, -0.654194

BONE 58
OFFSET -20.291012, -13.025424, 40.659672
SCALE 1.000100, 1.000101, 1.000094
X -0.734208, 0.103424, 0.671001
Y -0.435814, -0.829619, -0.348996
Z 0.520581, -0.548667, 0.654187

BONE 59
OFFSET 20.104219, -14.119193, 40.928596
SCALE 1.000000, 1.000000, 1.000000
X -0.750598, -0.112264, -0.651152
Y -0.457408, 0.799450, 0.389433
Z 0.476844, 0.590150, -0.651416

BONE 60
OFFSET -20.104130, -14.119358, 40.928261
SCALE 1.000000, 1.000000, 1.000000
X -0.750602, 0.112272, 0.651146
Y -0.457410, -0.799450, -0.389431
Z 0.476836, -0.590148, 0.651423

BONE 61
OFFSET 16.629330, -12.971684, 43.590553
SCALE 1.000000, 1.000000, 1.000000
X -0.513767, -0.686190, -0.514963
Y 0.774059, -0.111908, -0.623144
Z 0.369966, -0.718763, 0.588646

BONE 62
OFFSET -16.629194, -12.971821, 43.590179
SCALE 1.000000, 1.000000, 1.000000
X -0.513765, 0.686181, 0.514977
Y 0.774059, 0.111890, 0.623148
Z 0.369972, 0.718774, -0.588629

BONE 63
OFFSET 19.038221, -16.134914, 42.125023
SCALE 1.000000, 1.000000, 1.000000
X -0.554097, -0.245160, -0.795533
Y -0.453622, 0.890222, 0.041612
Z 0.698000, 0.383929, -0.604479

BONE 64
OFFSET -19.037983, -16.134798, 42.125008
SCALE 1.000000, 1.000000, 1.000000
X -0.553871, 0.245483, 0.795591
Y -0.453788, -0.890154, -0.041256
Z 0.698071, -0.383880, 0.604428

BONE 65
OFFSET 18.948034, -15.138112, 40.844826
SCALE 1.000000, 1.000000, 1.000000
X -0.836744, 0.280258, -0.470441
Y -0.071875, 0.795463, 0.601724
Z 0.542857, 0.537302, -0.645456

BONE 66
OFFSET -18.947971, -15.138271, 40.844528
SCALE 0.999896, 0.999903, 0.999904
X -0.836742, -0.280254, 0.470448
Y -0.071886, -0.795461, -0.601726
Z 0.542859, -0.537308, 0.645449

BONE 67
OFFSET 19.784019, -13.096679, 40.196491
SCALE 1.000000, 1.000000, 1.000000
X -0.853803, 0.339164, -0.394953
Y 0.005198, 0.764171, 0.644992
Z 0.520570, 0.548643, -0.654215

BONE 68
OFFSET -19.783998, -13.096812, 40.196270
SCALE 0.999787, 0.999785, 0.999800
X -0.853799, -0.339167, 0.394959
Y 0.005186, -0.764161, -0.645004
Z 0.520576, -0.548656, 0.654199

BONE 69
OFFSET 19.396437, -14.225060, 40.314682
SCALE 1.000000, 1.000000, 1.000000
X -0.861545, 0.166924, -0.479454
Y -0.174209, 0.789854, 0.588033
Z 0.476856, 0.590142, -0.651415

BONE 70
OFFSET -19.396343, -14.225204, 40.314499
SCALE 1.000000, 1.000000, 1.000000
X -0.861557, -0.166916, 0.479436
Y -0.174209, -0.789846, -0.588043
Z 0.476834, -0.590155, 0.651419

BONE 71
OFFSET 16.015608, -13.791351, 42.975456
SCALE 1.000000, 1.000000, 1.000000
X -0.178188, -0.676734, -0.714339
Y 0.911796, 0.159395, -0.378446
Z 0.369969, -0.718766, 0.588641

BONE 72
OFFSET -16.015455, -13.791477, 42.975048
SCALE 1.000000, 1.000000, 1.000000
X -0.178183, 0.676724, 0.714350
Y 0.911791, -0.159415, 0.378450
Z 0.369984, 0.718771, -0.588626

NUMVERTS 411
VERT 0
OFFSET -0.120637, 7.202118, 38.577362
BONES 6
BONE 5 0.004080
BONE 1 0.834661
BONE 3 0.000061
BONE 7 0.071833
BONE 8 0.089097
BONE 4 0.000267

VERT 1
OFFSET 5.904681, 5.826404, 38.582001
BONES 5
BONE 5 0.023805
BONE 1 0.745066
BONE 3 0.001475
BONE 7 0.224536
BONE 8 0.005118

VERT 2
OFFSET 9.167408, 0.920231, 37.998276
BONES 4
BONE 5 0.029270
BONE 1 0.557461
BONE 3 0.002455
BONE 7 0.410814

VERT 3
OFFSET 6.690417, -4.207716, 37.693771
BONES 5
BONE 5 0.016276
BONE 1 0.559531
BONE 3 0.002281
BONE 7 0.421467
BONE 8 0.000445

VERT 4
OFFSET 0.046148, -6.018300, 37.442032
BONES 6
BONE 5 0.022878
BONE 1 0.699419
BONE 3 0.000005
BONE 7 0.153327
BONE 8 0.124363
BONE 4 0.000009

VERT 5
OFFSET 0.339771, -6.229317, 49.897034
BONES 8
BONE 5 0.453270
BONE 11 0.358001
BONE 16 0.150209
BONE 19 0.005556
BONE 22 0.001951
BONE 1 0.027891
BONE 23 0.000498
BONE 20 0.002624

VERT 6
OFFSET 6.528124, -4.701540, 49.231770
BONES 7
BONE 5 0.455684
BONE 11 0.318750
BONE 16 0.149343
BONE 19 0.020253
BONE 34 0.017185
BONE 22 0.001987
BONE 1 0.036797

VERT 7
OFFSET 8.357672, 1.130784, 47.710499
BONES 7
BONE 5 0.514650
BONE 11 0.315673
BONE 16 0.097116
BONE 19 0.005167
BONE 28 0.000678
BONE 34 0.031403
BONE 1 0.035313

VERT 8
OFFSET 5.354884, 5.810207, 49.996548
BONES 7
BONE 5 0.347743
BONE 11 0.361261
BONE 16 0.199280
BONE 19 0.039152
BONE 34 0.037819
BONE 22 0.005058
BONE 1 0.009687

VERT 9
OFFSET 0.668466, 6.000876, 50.300259
BONES 10
BONE 5 0.342111
BONE 11 0.412897
BONE 16 0.222372
BONE 19 0.007751
BONE 34 0.000984
BONE 22 0.000987
BONE 1 0.010472
BONE 23 0.000276
BONE 20 0.002055
BONE 35 0.000096

VERT 10
OFFSET 8.884943, 1.291825, 50.455864
BONES 9
BONE 5 0.019909
BONE 11 0.024733
BONE 16 0.489084
BONE 19 0.009595
BONE 28 0.074868
BONE 34 0.380022
BONE 22 0.001102
BONE 1 0.000025
BONE 32 0.000663

VERT 11
OFFSET 8.042002, -2.065812, 52.263210
BONES 9
BONE 5 0.071166
BONE 11 0.053686
BONE 16 0.495723
BONE 19 0.037812
BONE 28 0.021984
BONE 34 0.317674
BONE 22 0.001490
BONE 1 0.000320
BONE 32 0.000145

VERT 12
OFFSET 8.225316, -2.730783, 55.859791
BONES 7
BONE 5 0.009200
BONE 11 0.014992
BONE 16 0.192231
BONE 19 0.152265
BONE 28 0.005684
BONE 34 0.610733
BONE 22 0.014896

VERT 13
OFFSET 8.494027, 0.557264, 59.047428
BONES 7
BONE 5 0.000876
BONE 11 0.005752
BONE 16 0.074425
BONE 19 0.302635
BONE 28 0.002317
BONE 34 0.568679
BONE 22 0.045315

VERT 14
OFFSET 9.190702, 4.235095, 54.160007
BONES 8
BONE 5 0.004718
BONE 11 0.002065
BONE 16 0.036998
BONE 19 0.101365
BONE 28 0.015940
BONE 34 0.836238
BONE 22 0.002543
BONE 32 0.000132

VERT 15
OFFSET 5.003245, 5.489806, 55.747547
BONES 9
BONE 5 0.044463
BONE 11 0.123896
BONE 16 0.418412
BONE 19 0.225300
BONE 34 0.101843
BONE 22 0.084450
BONE 1 0.001027
BONE 23 0.000086
BONE 20 0.000522

VERT 16
OFFSET 5.276721, -4.042600, 55.339375
BONES 8
BONE 5 0.055126
BONE 11 0.136233
BONE 16 0.491417
BONE 19 0.165170
BONE 28 0.000372
BONE 34 0.086271
BONE 22 0.064313
BONE 1 0.001099

VERT 17
OFFSET 0.473401, -5.205488, 56.009811
BONES 9
BONE 5 0.048007
BONE 11 0.150232
BONE 16 0.743330
BONE 19 0.019946
BONE 34 0.000016
BONE 22 0.017914
BONE 1 0.007805
BONE 23 0.003387
BONE 20 0.009363

VERT 18
OFFSET 4.738686, -1.237013, 59.872520
BONES 7
BONE 5 0.001080
BONE 11 0.002942
BONE 16 0.687197
BONE 19 0.143535
BONE 34 0.026439
BONE 22 0.138703
BONE 1 0.000105

VERT 19
OFFSET 6.003320, -3.336166, 42.501614
BONES 5
BONE 5 0.459381
BONE 11 0.026273
BONE 16 0.000380
BONE 1 0.511373
BONE 7 0.002593

VERT 20
OFFSET 7.481080, 1.497794, 42.850876
BONES 7
BONE 5 0.491196
BONE 11 0.041775
BONE 16 0.000093
BONE 34 0.000324
BONE 1 0.456350
BONE 3 0.000023
BONE 7 0.010239

VERT 21
OFFSET 4.945691, 4.733748, 43.190170
BONES 6
BONE 5 0.434310
BONE 11 0.092893
BONE 16 0.000896
BONE 34 0.000299
BONE 1 0.467857
BONE 7 0.003746

VERT 22
OFFSET 0.312425, 5.668018, 43.414513
BONES 5
BONE 5 0.420793
BONE 11 0.107724
BONE 1 0.469383
BONE 7 0.000927
BONE 8 0.001172

VERT 23
OFFSET 0.477806, 6.054003, 55.764847
BONES 10
BONE 5 0.080186
BONE 11 0.233983
BONE 16 0.528823
BONE 19 0.046427
BONE 34 0.002647
BONE 22 0.033821
BONE 1 0.000288
BONE 23 0.028488
BONE 20 0.044601
BONE 35 0.000736

VERT 24
OFFSET 3.648847, 2.219859, 60.448853
BONES 8
BONE 5 0.000809
BONE 11 0.009007
BONE 16 0.656284
BONE 19 0.142473
BONE 34 0.017576
BONE 22 0.172264
BONE 23 0.001176
BONE 20 0.000411

VERT 25
OFFSET 0.067022, 3.476607, 60.701744
BONES 9
BONE 5 0.000254
BONE 11 0.009092
BONE 16 0.906137
BONE 19 0.007222
BONE 34 0.000054
BONE 22 0.030390
BONE 23 0.033287
BONE 20 0.013561
BONE 35 0.000003

VERT 26
OFFSET 0.643288, -5.540872, 42.323570
BONES 5
BONE 5 0.344853
BONE 11 0.021269
BONE 1 0.628677
BONE 7 0.002755
BONE 8 0.002446

VERT 27
OFFSET 3.190205, -0.613127, 61.041595
BONES 6
BONE 11 0.004643
BONE 16 0.808783
BONE 19 0.051266
BONE 22 0.133913
BONE 23 0.000697
BONE 20 0.000697

VERT 28
OFFSET 2.622929, 1.722387, 61.985046
BONES 7
BONE 11 0.001067
BONE 16 0.883248
BONE 19 0.032169
BONE 34 0.000018
BONE 22 0.082796
BONE 23 0.000670
BONE 20 0.000031

VERT 29
OFFSET 0.083395, 2.836585, 62.111279
BONES 6
BONE 11 0.002783
BONE 16 0.961662
BONE 19 0.002309
BONE 22 0.015070
BONE 23 0.014937
BONE 20 0.003238

VERT 30
OFFSET 2.202028, -2.504328, 59.426716
BONES 9
BONE 5 0.002285
BONE 11 0.022736
BONE 16 0.832798
BONE 19 0.038386
BONE 34 0.002078
BONE 22 0.096932
BONE 1 0.001605
BONE 23 0.002181
BONE 20 0.001000

VERT 31
OFFSET 0.159543, -2.976125, 59.510059
BONES 8
BONE 5 0.001728
BONE 11 0.029103
BONE 16 0.933366
BONE 19 0.004107
BONE 22 0.017779
BONE 1 0.002686
BONE 23 0.009754
BONE 20 0.001477

VERT 32
OFFSET 10.556443, 0.444523, 57.596588
BONES 7
BONE 5 0.000714
BONE 11 0.006867
BONE 16 0.019047
BONE 19 0.121876
BONE 28 0.023094
BONE 34 0.819169
BONE 22 0.009233

VERT 33
OFFSET 17.395260, -9.492970, 42.747662
BONES 3
BONE 28 0.000002
BONE 32 0.999995
BONE 30 0.000003

VERT 34
OFFSET 17.063107, -11.109365, 45.218624
BONES 1
BONE 32 1.000000

VERT 35
OFFSET 20.050661, -10.524044, 45.588581
BONES 1
BONE 32 1.000000

VERT 36
OFFSET 20.251051, -8.608456, 43.094505
BONES 3
BONE 28 0.000176
BONE 32 0.999258
BONE 30 0.000565

VERT 37
OFFSET 15.785008, -4.323097, 44.430279
BONES 1
BONE 32 1.000000

VERT 38
OFFSET 19.187571, -4.898113, 48.560959
BONES 1
BONE 32 1.000000

VERT 39
OFFSET 18.983477, -3.363638, 45.553539
BONES 1
BONE 32 1.000000

VERT 40
OFFSET 15.780480, -6.177148, 47.638393
BONES 1
BONE 32 1.000000

VERT 41
OFFSET 14.411824, -0.597940, 46.075886
BONES 5
BONE 11 0.000058
BONE 28 0.625068
BONE 34 0.003502
BONE 32 0.280071
BONE 30 0.091301

VERT 42
OFFSET 14.850893, -3.556259, 49.150360
BONES 6
BONE 11 0.000026
BONE 19 0.000012
BONE 28 0.432579
BONE 34 0.005952
BONE 32 0.521415
BONE 30 0.040017

VERT 43
OFFSET 17.978548, -1.189609, 50.613098
BONES 6
BONE 11 0.000585
BONE 19 0.000158
BONE 28 0.331773
BONE 34 0.021878
BONE 32 0.423323
BONE 30 0.222282

VERT 44
OFFSET 18.283005, -0.609529, 46.999798
BONES 5
BONE 11 0.000003
BONE 28 0.015295
BONE 34 0.000247
BONE 32 0.797606
BONE 30 0.186849

VERT 45
OFFSET 14.323078, -3.154568, 49.667583
BONES 9
BONE 5 0.000019
BONE 11 0.000459
BONE 16 0.000142
BONE 19 0.000476
BONE 28 0.791747
BONE 34 0.016377
BONE 22 0.000014
BONE 32 0.190729
BONE 30 0.000037

VERT 46
OFFSET 17.269102, 0.978578, 48.047096
BONES 6
BONE 11 0.000066
BONE 19 0.000047
BONE 28 0.099855
BONE 34 0.003367
BONE 32 0.319711
BONE 30 0.576954

VERT 47
OFFSET 6.779476, 6.444144, 33.600048
BONES 4
BONE 1 0.345899
BONE 3 0.003659
BONE 7 0.642440
BONE 8 0.008002

VERT 48
OFFSET 9.732277, 0.581183, 32.902462
BONES 3
BONE 1 0.047425
BONE 3 0.099250
BONE 7 0.853324

VERT 49
OFFSET 7.386784, -5.213766, 32.639183
BONES 4
BONE 1 0.048295
BONE 3 0.066072
BONE 7 0.883736
BONE 8 0.001897

VERT 50
OFFSET 0.083156, 7.734290, 33.070461
BONES 5
BONE 1 0.438694
BONE 3 0.001106
BONE 7 0.266420
BONE 8 0.293273
BONE 4 0.000507

VERT 51
OFFSET -0.070817, -6.897101, 31.890047
BONES 5
BONE 1 0.340479
BONE 3 0.000000
BONE 7 0.315787
BONE 8 0.343670
BONE 4 0.000064

VERT 52
OFFSET 0.268431, 5.581374, 45.774029
BONES 4
BONE 5 0.500529
BONE 11 0.381553
BONE 16 0.001034
BONE 1 0.116884

VERT 53
OFFSET 4.959014, 4.778791, 45.460361
BONES 6
BONE 5 0.588407
BONE 11 0.281437
BONE 16 0.006524
BONE 34 0.001831
BONE 1 0.121772
BONE 7 0.000028

VERT 54
OFFSET 7.556279, 1.272187, 45.111443
BONES 5
BONE 5 0.694604
BONE 11 0.168157
BONE 16 0.001043
BONE 34 0.002358
BONE 1 0.133838

VERT 55
OFFSET 6.054882, -3.671466, 44.789913
BONES 6
BONE 5 0.632289
BONE 11 0.125575
BONE 16 0.002727
BONE 34 0.000279
BONE 1 0.239100
BONE 7 0.000029

VERT 56
OFFSET 0.611920, -6.048365, 44.819229
BONES 4
BONE 5 0.596336
BONE 11 0.115660
BONE 16 0.000840
BONE 1 0.287164

VERT 57
OFFSET -4.999712, 5.449436, 55.736164
BONES 9
BONE 5 0.052144
BONE 11 0.135664
BONE 16 0.396335
BONE 19 0.000424
BONE 22 0.000240
BONE 1 0.001189
BONE 23 0.076850
BONE 20 0.217751
BONE 35 0.119403

VERT 58
OFFSET -8.944895, 4.807672, 54.505459
BONES 8
BONE 5 0.008858
BONE 11 0.006183
BONE 16 0.024518
BONE 1 0.000026
BONE 23 0.006682
BONE 20 0.124633
BONE 35 0.811200
BONE 29 0.017899

VERT 59
OFFSET -5.269843, 5.397649, 50.114319
BONES 10
BONE 5 0.357851
BONE 11 0.340428
BONE 16 0.184471
BONE 19 0.000011
BONE 22 0.000004
BONE 1 0.016918
BONE 23 0.004367
BONE 20 0.030692
BONE 35 0.064816
BONE 29 0.000441

VERT 60
OFFSET -8.276367, 0.805772, 50.592781
BONES 9
BONE 5 0.037904
BONE 11 0.066795
BONE 16 0.186939
BONE 1 0.000167
BONE 23 0.001068
BONE 20 0.007665
BONE 35 0.630640
BONE 29 0.068041
BONE 33 0.000782

VERT 61
OFFSET -5.821242, -3.910047, 49.576565
BONES 7
BONE 5 0.438411
BONE 11 0.338424
BONE 16 0.155230
BONE 1 0.028177
BONE 23 0.001443
BONE 20 0.020452
BONE 35 0.017863

VERT 62
OFFSET -7.533641, 0.626055, 47.907539
BONES 8
BONE 5 0.437349
BONE 11 0.259467
BONE 16 0.190600
BONE 1 0.058311
BONE 23 0.000015
BONE 20 0.003570
BONE 35 0.050349
BONE 29 0.000339

VERT 63
OFFSET -5.459336, -3.934911, 55.336929
BONES 8
BONE 5 0.049559
BONE 11 0.116456
BONE 16 0.505558
BONE 1 0.001360
BONE 23 0.063291
BONE 20 0.187712
BONE 35 0.075684
BONE 29 0.000380

VERT 64
OFFSET -8.098907, -1.550203, 52.526543
BONES 8
BONE 5 0.025515
BONE 11 0.020187
BONE 16 0.161074
BONE 1 0.000372
BONE 23 0.002121
BONE 20 0.039063
BONE 35 0.732800
BONE 29 0.018870

VERT 65
OFFSET -4.539039, -1.015346, 59.581432
BONES 7
BONE 5 0.001659
BONE 11 0.005680
BONE 16 0.573570
BONE 1 0.000326
BONE 23 0.187043
BONE 20 0.197355
BONE 35 0.034368

VERT 66
OFFSET -8.045107, -2.284036, 55.748333
BONES 7
BONE 5 0.008620
BONE 11 0.013743
BONE 16 0.083999
BONE 23 0.017858
BONE 20 0.135092
BONE 35 0.738527
BONE 29 0.002161

VERT 67
OFFSET -8.304103, 1.350992, 58.581764
BONES 7
BONE 5 0.000518
BONE 11 0.003262
BONE 16 0.045789
BONE 23 0.038019
BONE 20 0.275428
BONE 35 0.635779
BONE 29 0.001205

VERT 68
OFFSET -6.040349, -3.071066, 44.829254
BONES 5
BONE 5 0.591147
BONE 11 0.127155
BONE 16 0.006996
BONE 1 0.274506
BONE 35 0.000197

VERT 69
OFFSET -6.009225, -2.640182, 42.704777
BONES 6
BONE 5 0.376652
BONE 11 0.032800
BONE 16 0.001428
BONE 1 0.581503
BONE 8 0.007581
BONE 35 0.000036

VERT 70
OFFSET -6.895322, 1.119734, 42.859333
BONES 6
BONE 5 0.400158
BONE 11 0.053303
BONE 16 0.002182
BONE 1 0.537328
BONE 8 0.006031
BONE 35 0.000998

VERT 71
OFFSET -6.808346, 0.806364, 45.033226
BONES 6
BONE 5 0.632234
BONE 11 0.133161
BONE 16 0.009198
BONE 1 0.221151
BONE 20 0.000089
BONE 35 0.004167

VERT 72
OFFSET -4.332916, 3.848330, 43.286091
BONES 7
BONE 5 0.373189
BONE 11 0.100367
BONE 16 0.002658
BONE 1 0.519964
BONE 8 0.002944
BONE 20 0.000022
BONE 35 0.000856

VERT 73
OFFSET -4.611783, 3.921079, 45.935295
BONES 7
BONE 5 0.561229
BONE 11 0.246777
BONE 16 0.028243
BONE 1 0.152394
BONE 23 0.000178
BONE 20 0.002503
BONE 35 0.008677

VERT 74
OFFSET -5.834692, 5.452443, 38.405521
BONES 5
BONE 5 0.002654
BONE 1 0.731959
BONE 7 0.003805
BONE 8 0.258087
BONE 4 0.003496

VERT 75
OFFSET -8.533395, 1.427787, 37.995922
BONES 7
BONE 5 0.013803
BONE 11 0.010063
BONE 1 0.571316
BONE 3 0.008856
BONE 7 0.000069
BONE 8 0.360488
BONE 4 0.035406

VERT 76
OFFSET -6.910346, -3.444108, 37.469940
BONES 5
BONE 5 0.017583
BONE 1 0.535731
BONE 7 0.005364
BONE 8 0.438140
BONE 4 0.003182

VERT 77
OFFSET -3.709543, 2.299409, 60.567211
BONES 7
BONE 5 0.000053
BONE 11 0.006301
BONE 16 0.640003
BONE 22 0.000329
BONE 23 0.187557
BONE 20 0.152432
BONE 35 0.013325

VERT 78
OFFSET -0.200718, -5.900769, 44.818439
BONES 4
BONE 5 0.590205
BONE 11 0.123600
BONE 16 0.001756
BONE 1 0.284439

VERT 79
OFFSET -0.367995, -5.110763, 42.348751
BONES 6
BONE 5 0.334235
BONE 11 0.025491
BONE 16 0.000090
BONE 1 0.634547
BONE 7 0.002002
BONE 8 0.003635

VERT 80
OFFSET -2.521869, 1.669564, 61.989601
BONES 6
BONE 11 0.000995
BONE 16 0.880572
BONE 19 0.000055
BONE 22 0.000513
BONE 23 0.091274
BONE 20 0.026591

VERT 81
OFFSET -2.951312, -0.508394, 60.965466
BONES 9
BONE 5 0.000004
BONE 11 0.004533
BONE 16 0.858358
BONE 19 0.000009
BONE 22 0.000073
BONE 1 0.000003
BONE 23 0.101558
BONE 20 0.035452
BONE 35 0.000012

VERT 82
OFFSET -1.703902, -2.493989, 59.671112
BONES 8
BONE 5 0.000813
BONE 11 0.018376
BONE 16 0.899178
BONE 19 0.000615
BONE 22 0.001642
BONE 1 0.001396
BONE 23 0.058053
BONE 20 0.019927

VERT 83
OFFSET -10.179954, 0.921883, 57.184242
BONES 7
BONE 5 0.000908
BONE 11 0.001385
BONE 16 0.005106
BONE 23 0.009114
BONE 20 0.120111
BONE 35 0.832324
BONE 29 0.031052

VERT 84
OFFSET -17.337721, -9.055963, 42.710510
BONES 3
BONE 29 0.000142
BONE 33 0.999635
BONE 31 0.000223

VERT 85
OFFSET -16.987062, -10.864198, 45.281784
BONES 1
BONE 33 1.000000

VERT 86
OFFSET -15.238085, -4.699905, 44.690899
BONES 3
BONE 29 0.000070
BONE 33 0.999846
BONE 31 0.000084

VERT 87
OFFSET -19.888304, -10.082801, 45.825016
BONES 3
BONE 29 0.000006
BONE 33 0.999950
BONE 31 0.000044

VERT 88
OFFSET -18.418114, -5.569079, 48.864029
BONES 4
BONE 35 0.000021
BONE 29 0.033695
BONE 33 0.964894
BONE 31 0.001390

VERT 89
OFFSET -20.187929, -8.635201, 43.148365
BONES 3
BONE 29 0.000109
BONE 33 0.999483
BONE 31 0.000408

VERT 90
OFFSET -18.428513, -3.822402, 45.967884
BONES 4
BONE 35 0.000002
BONE 29 0.000653
BONE 33 0.990990
BONE 31 0.008355

VERT 91
OFFSET -15.257002, -6.762755, 47.647522
BONES 1
BONE 33 1.000000

VERT 92
OFFSET -13.499226, -3.739845, 49.616749
BONES 9
BONE 5 0.000121
BONE 11 0.002665
BONE 16 0.000822
BONE 23 0.000072
BONE 20 0.002594
BONE 35 0.090767
BONE 29 0.668930
BONE 33 0.232856
BONE 31 0.001173

VERT 93
OFFSET -13.195304, 0.051877, 46.653061
BONES 9
BONE 5 0.000182
BONE 11 0.001861
BONE 16 0.000745
BONE 23 0.000053
BONE 20 0.001237
BONE 35 0.050471
BONE 29 0.933082
BONE 33 0.010430
BONE 31 0.001938

VERT 94
OFFSET -16.111963, -1.610799, 51.788559
BONES 9
BONE 5 0.000002
BONE 11 0.000631
BONE 16 0.000098
BONE 23 0.000050
BONE 20 0.001404
BONE 35 0.035637
BONE 29 0.904913
BONE 33 0.051216
BONE 31 0.006049

VERT 95
OFFSET -16.567039, 0.279080, 48.234810
BONES 6
BONE 11 0.000117
BONE 20 0.000041
BONE 35 0.004713
BONE 29 0.170759
BONE 33 0.371343
BONE 31 0.453027

VERT 96
OFFSET -12.774939, -2.892159, 50.378189
BONES 9
BONE 5 0.000391
BONE 11 0.007137
BONE 16 0.002474
BONE 23 0.000212
BONE 20 0.007032
BONE 35 0.247290
BONE 29 0.662001
BONE 33 0.072667
BONE 31 0.000797

VERT 97
OFFSET -15.144547, 1.750063, 49.582619
BONES 9
BONE 5 0.000090
BONE 11 0.003656
BONE 16 0.000462
BONE 23 0.000060
BONE 20 0.003427
BONE 35 0.115594
BONE 29 0.767832
BONE 33 0.108085
BONE 31 0.000794

VERT 98
OFFSET -9.683991, 1.262867, 33.024212
BONES 4
BONE 1 0.052516
BONE 7 0.000404
BONE 8 0.860649
BONE 4 0.086432

VERT 99
OFFSET -6.740557, 5.825466, 33.670658
BONES 4
BONE 1 0.188491
BONE 7 0.012758
BONE 8 0.783408
BONE 4 0.015344

VERT 100
OFFSET -7.562921, -4.123813, 32.796471
BONES 4
BONE 1 0.101372
BONE 7 0.003606
BONE 8 0.833818
BONE 4 0.061204

VERT 101
OFFSET -2.731374, -3.463054, 58.863392
BONES 9
BONE 5 0.002198
BONE 11 0.020946
BONE 16 0.826473
BONE 19 0.000030
BONE 22 0.000030
BONE 1 0.002691
BONE 23 0.087185
BONE 20 0.059095
BONE 35 0.001353

VERT 102
OFFSET 3.576577, -3.497236, 58.440250
BONES 9
BONE 5 0.004497
BONE 11 0.018403
BONE 16 0.833297
BONE 19 0.065561
BONE 34 0.010958
BONE 22 0.065785
BONE 1 0.001075
BONE 23 0.000207
BONE 20 0.000217

VERT 103
OFFSET 0.127410, -0.076066, 59.890537
BONES 9
BONE 5 0.000360
BONE 11 0.016586
BONE 16 0.943309
BONE 19 0.002010
BONE 34 0.000030
BONE 22 0.009757
BONE 1 0.000591
BONE 23 0.019478
BONE 20 0.007879

VERT 104
OFFSET 0.245140, 0.040223, 35.072411
BONES 5
BONE 1 0.294887
BONE 3 0.002637
BONE 7 0.331406
BONE 8 0.367510
BONE 4 0.003560

VERT 105
OFFSET -19.332443, -14.220828, 44.095852
BONES 11
BONE 38 0.486253
BONE 42 0.468603
BONE 54 0.003118
BONE 64 0.000081
BONE 44 0.040433
BONE 46 0.000028
BONE 48 0.000353
BONE 50 0.000987
BONE 62 0.000139
BONE 72 0.000004
BONE 40 0.000001

VERT 106
OFFSET -20.504200, -12.976046, 42.828026
BONES 11
BONE 38 0.532547
BONE 42 0.001300
BONE 44 0.153180
BONE 56 0.000004
BONE 66 0.000000
BONE 46 0.009448
BONE 48 0.303446
BONE 60 0.000032
BONE 70 0.000001
BONE 62 0.000002
BONE 40 0.000041

VERT 107
OFFSET -19.545963, -14.257296, 43.148117
BONES 9
BONE 38 0.165156
BONE 42 0.586132
BONE 54 0.001190
BONE 64 0.000023
BONE 44 0.247450
BONE 56 0.000032
BONE 66 0.000000
BONE 46 0.000000
BONE 48 0.000015

VERT 108
OFFSET -18.296598, -14.234651, 43.799862
BONES 10
BONE 38 0.556199
BONE 42 0.439357
BONE 54 0.000399
BONE 64 0.000018
BONE 44 0.001351
BONE 46 0.000006
BONE 48 0.000050
BONE 50 0.002218
BONE 62 0.000393
BONE 72 0.000009

VERT 109
OFFSET -17.333359, -13.481386, 43.590240
BONES 8
BONE 38 0.341991
BONE 42 0.027955
BONE 44 0.001571
BONE 46 0.000019
BONE 48 0.000131
BONE 50 0.377431
BONE 62 0.249340
BONE 72 0.001562

VERT 110
OFFSET -19.232506, -8.494745, 43.729435
BONES 2
BONE 38 0.148900
BONE 40 0.851100

VERT 111
OFFSET -17.646744, -9.840864, 43.678524
BONES 5
BONE 38 0.290415
BONE 42 0.000000
BONE 50 0.000000
BONE 62 0.001438
BONE 40 0.708146

VERT 112
OFFSET -16.691656, -12.372679, 43.128399
BONES 6
BONE 38 0.001126
BONE 42 0.000016
BONE 50 0.629996
BONE 62 0.364893
BONE 72 0.003858
BONE 40 0.000110

VERT 113
OFFSET -20.428785, -11.554793, 41.314903
BONES 7
BONE 38 0.680269
BONE 42 0.000001
BONE 44 0.000009
BONE 46 0.319337
BONE 58 0.000000
BONE 48 0.000384
BONE 40 0.000001

VERT 114
OFFSET -19.213497, -10.278663, 45.677048
BONES 2
BONE 38 0.168688
BONE 40 0.831312

VERT 115
OFFSET -17.023462, -10.237939, 45.439522
BONES 2
BONE 38 0.160495
BONE 40 0.839505

VERT 116
OFFSET -15.478014, -14.472610, 42.564812
BONES 3
BONE 50 0.000000
BONE 62 0.000535
BONE 72 0.999465

VERT 117
OFFSET -15.958530, -14.866338, 41.825249
BONES 3
BONE 50 0.000001
BONE 62 0.000179
BONE 72 0.999821

VERT 118
OFFSET -15.345819, -14.445730, 41.543362
BONES 3
BONE 50 0.000000
BONE 62 0.000072
BONE 72 0.999928

VERT 119
OFFSET -16.243380, -12.728176, 44.148563
BONES 6
BONE 38 0.000733
BONE 42 0.000009
BONE 44 0.000000
BONE 50 0.483544
BONE 62 0.496838
BONE 72 0.018877

VERT 120
OFFSET -20.468534, -14.422544, 40.960667
BONES 5
BONE 38 0.000017
BONE 42 0.000003
BONE 48 0.498525
BONE 60 0.499878
BONE 70 0.001577

VERT 121
OFFSET -19.795095, -15.511863, 41.718040
BONES 7
BONE 38 0.002835
BONE 42 0.011957
BONE 54 0.000068
BONE 64 0.000001
BONE 44 0.490260
BONE 56 0.493450
BONE 66 0.001429

VERT 122
OFFSET -18.047150, -15.276003, 40.259750
BONES 4
BONE 42 0.000000
BONE 44 0.000001
BONE 56 0.001824
BONE 66 0.998174

VERT 123
OFFSET -19.504816, -14.430991, 39.823906
BONES 5
BONE 38 0.000000
BONE 42 0.000000
BONE 48 0.000302
BONE 60 0.455666
BONE 70 0.544032

VERT 124
OFFSET -19.091995, -12.955877, 39.771877
BONES 2
BONE 58 0.000000
BONE 68 1.000000

VERT 125
OFFSET -19.367216, -15.396899, 42.186352
BONES 5
BONE 38 0.001829
BONE 42 0.361734
BONE 54 0.464232
BONE 64 0.170119
BONE 44 0.002086

VERT 126
OFFSET -19.569227, -16.325834, 42.806934
BONES 5
BONE 38 0.000020
BONE 42 0.283770
BONE 54 0.579789
BONE 64 0.136363
BONE 44 0.000058

VERT 127
OFFSET -18.574686, -15.720359, 42.705193
BONES 5
BONE 38 0.002286
BONE 42 0.343485
BONE 54 0.465756
BONE 64 0.188406
BONE 44 0.000066

VERT 128
OFFSET -18.256104, -15.962274, 40.757065
BONES 4
BONE 42 0.000001
BONE 54 0.000439
BONE 64 0.999559
BONE 44 0.000001

VERT 129
OFFSET -19.184568, -16.559887, 41.837872
BONES 5
BONE 38 0.000001
BONE 42 0.000163
BONE 54 0.315320
BONE 64 0.684413
BONE 44 0.000103

VERT 130
OFFSET -17.934641, -16.359434, 41.193890
BONES 3
BONE 42 0.000028
BONE 54 0.000506
BONE 64 0.999465

VERT 131
OFFSET -17.439817, -8.918759, 44.283691
BONES 2
BONE 38 0.148900
BONE 40 0.851100

VERT 132
OFFSET -18.976377, -9.069960, 46.255669
BONES 2
BONE 38 0.056700
BONE 40 0.943300

VERT 133
OFFSET 19.332443, -14.220828, 44.095852
BONES 11
BONE 37 0.486253
BONE 41 0.468603
BONE 53 0.003118
BONE 63 0.000081
BONE 43 0.040433
BONE 45 0.000028
BONE 47 0.000353
BONE 49 0.000987
BONE 61 0.000139
BONE 71 0.000004
BONE 39 0.000001

VERT 134
OFFSET 20.504200, -12.976046, 42.828026
BONES 11
BONE 37 0.532547
BONE 41 0.001300
BONE 43 0.153181
BONE 55 0.000004
BONE 65 0.000000
BONE 45 0.009448
BONE 47 0.303444
BONE 59 0.000032
BONE 69 0.000001
BONE 61 0.000002
BONE 39 0.000041

VERT 135
OFFSET 19.545963, -14.257296, 43.148117
BONES 9
BONE 37 0.165156
BONE 41 0.586132
BONE 53 0.001190
BONE 63 0.000023
BONE 43 0.247450
BONE 55 0.000032
BONE 65 0.000000
BONE 45 0.000000
BONE 47 0.000015

VERT 136
OFFSET 18.296598, -14.234651, 43.799858
BONES 10
BONE 37 0.556199
BONE 41 0.439357
BONE 53 0.000399
BONE 63 0.000018
BONE 43 0.001351
BONE 45 0.000006
BONE 47 0.000050
BONE 49 0.002218
BONE 61 0.000393
BONE 71 0.000009

VERT 137
OFFSET 17.333359, -13.481383, 43.590240
BONES 8
BONE 37 0.341990
BONE 41 0.027955
BONE 43 0.001571
BONE 45 0.000019
BONE 47 0.000131
BONE 49 0.377432
BONE 61 0.249340
BONE 71 0.001562

VERT 138
OFFSET 19.232504, -8.494745, 43.729435
BONES 2
BONE 37 0.089457
BONE 39 0.910543

VERT 139
OFFSET 17.646740, -9.840853, 43.678520
BONES 5
BONE 37 0.290412
BONE 41 0.000000
BONE 49 0.000000
BONE 61 0.001438
BONE 39 0.708149

VERT 140
OFFSET 16.691656, -12.372679, 43.128399
BONES 6
BONE 37 0.001126
BONE 41 0.000016
BONE 49 0.629996
BONE 61 0.364893
BONE 71 0.003858
BONE 39 0.000110

VERT 141
OFFSET 20.428785, -11.554799, 41.314903
BONES 7
BONE 37 0.680268
BONE 41 0.000001
BONE 43 0.000009
BONE 45 0.319338
BONE 57 0.000000
BONE 47 0.000384
BONE 39 0.000001

VERT 142
OFFSET 19.213497, -10.278660, 45.677052
BONES 2
BONE 37 0.168686
BONE 39 0.831314

VERT 143
OFFSET 17.023462, -10.237939, 45.439522
BONES 2
BONE 37 0.160496
BONE 39 0.839504

VERT 144
OFFSET 15.478014, -14.472613, 42.564812
BONES 3
BONE 49 0.000000
BONE 61 0.000535
BONE 71 0.999465

VERT 145
OFFSET 15.958530, -14.866338, 41.825241
BONES 3
BONE 49 0.000001
BONE 61 0.000179
BONE 71 0.999821

VERT 146
OFFSET 15.345819, -14.445730, 41.543362
BONES 3
BONE 49 0.000000
BONE 61 0.000072
BONE 71 0.999928

VERT 147
OFFSET 16.243380, -12.728176, 44.148563
BONES 6
BONE 37 0.000733
BONE 41 0.000009
BONE 43 0.000000
BONE 49 0.483544
BONE 61 0.496838
BONE 71 0.018877

VERT 148
OFFSET 19.795094, -15.511866, 41.718040
BONES 7
BONE 37 0.002835
BONE 41 0.011957
BONE 53 0.000068
BONE 63 0.000001
BONE 43 0.490260
BONE 55 0.493450
BONE 65 0.001429

VERT 149
OFFSET 20.468533, -14.422544, 40.960667
BONES 5
BONE 37 0.000017
BONE 41 0.000003
BONE 47 0.498525
BONE 59 0.499878
BONE 69 0.001577

VERT 150
OFFSET 18.047150, -15.276003, 40.259750
BONES 4
BONE 41 0.000000
BONE 43 0.000001
BONE 55 0.001824
BONE 65 0.998174

VERT 151
OFFSET 19.504816, -14.430991, 39.823906
BONES 5
BONE 37 0.000000
BONE 41 0.000000
BONE 47 0.000302
BONE 59 0.455666
BONE 69 0.544032

VERT 152
OFFSET 19.091993, -12.955874, 39.771870
BONES 2
BONE 57 0.000000
BONE 67 1.000000

VERT 153
OFFSET 19.367216, -15.396899, 42.186352
BONES 5
BONE 37 0.001829
BONE 41 0.361734
BONE 53 0.464232
BONE 63 0.170119
BONE 43 0.002086

VERT 154
OFFSET 19.569227, -16.325834, 42.806934
BONES 5
BONE 37 0.000020
BONE 41 0.283770
BONE 53 0.579789
BONE 63 0.136363
BONE 43 0.000058

VERT 155
OFFSET 18.574686, -15.720365, 42.705193
BONES 5
BONE 37 0.002286
BONE 41 0.343482
BONE 53 0.465758
BONE 63 0.188409
BONE 43 0.000066

VERT 156
OFFSET 19.184568, -16.559887, 41.837872
BONES 5
BONE 37 0.000001
BONE 41 0.000163
BONE 53 0.315320
BONE 63 0.684413
BONE 43 0.000103

VERT 157
OFFSET 18.256104, -15.962274, 40.757065
BONES 4
BONE 41 0.000001
BONE 53 0.000439
BONE 63 0.999559
BONE 43 0.000001

VERT 158
OFFSET 17.934643, -16.359440, 41.193890
BONES 3
BONE 41 0.000028
BONE 53 0.000506
BONE 63 0.999465

VERT 159
OFFSET 17.439810, -8.918747, 44.283688
BONES 2
BONE 37 0.011436
BONE 39 0.988564

VERT 160
OFFSET 18.976376, -9.069960, 46.255665
BONES 1
BONE 39 1.000000

VERT 161
OFFSET 7.207941, 2.087404, 3.108081
BONES 3
BONE 9 0.109433
BONE 12 0.873797
BONE 17 0.016770

VERT 162
