// Export filename: 'C:/cod5/cod/cod5/model_export/american/characters/multiplayer/char_usa_marine_player_body_rifle_LOD1.XMODEL_EXPORT'
// Source filename: 'C:/cod5/cod/cod5/model_export/american/characters/multiplayer/char_usa_mp_assault_body.ma'
// Export time: Tue Aug 26 01:30:12 2008
MODEL
VERSION 6

NUMBONES 73
BONE 0 -1 "TAG_ORIGIN"
BONE 1 0 "J_MainRoot"
BONE 2 0 "TAG_SYNC"
BONE 3 1 "J_Hip_LE"
BONE 4 1 "J_Hip_RI"
BONE 5 1 "J_SpineLower"
BONE 6 1 "TAG_STOWED_HIP_REAR"
BONE 7 3 "J_HipTwist_LE"
BONE 8 4 "J_HipTwist_RI"
BONE 9 3 "J_Knee_LE"
BONE 10 4 "J_Knee_RI"
BONE 11 5 "J_SpineUpper"
BONE 12 9 "J_Ankle_LE"
BONE 13 10 "J_Ankle_RI"
BONE 14 9 "J_Knee_Bulge_LE"
BONE 15 10 "J_Knee_Bulge_RI"
BONE 16 11 "J_Spine4"
BONE 17 12 "J_Ball_LE"
BONE 18 13 "J_Ball_RI"
BONE 19 16 "J_Clavicle_LE"
BONE 20 16 "J_Clavicle_RI"
BONE 21 16 "J_Neck"
BONE 22 16 "J_ShoulderRaise_LE"
BONE 23 16 "J_ShoulderRaise_RI"
BONE 24 16 "TAG_INHAND"
BONE 25 16 "TAG_STOWED_BACK"
BONE 26 16 "TAG_WEAPON_CHEST"
BONE 27 21 "J_Head"
BONE 28 19 "J_Shoulder_LE"
BONE 29 20 "J_Shoulder_RI"
BONE 30 28 "J_Elbow_Bulge_LE"
BONE 31 29 "J_Elbow_Bulge_RI"
BONE 32 28 "J_Elbow_LE"
BONE 33 29 "J_Elbow_RI"
BONE 34 28 "J_ShoulderTwist_LE"
BONE 35 29 "J_ShoulderTwist_RI"
BONE 36 27 "TAG_EYE"
BONE 37 32 "J_Wrist_LE"
BONE 38 33 "J_Wrist_RI"
BONE 39 32 "J_WristTwist_LE"
BONE 40 33 "J_WristTwist_RI"
BONE 41 37 "J_Index_LE_1"
BONE 42 38 "J_Index_RI_1"
BONE 43 37 "J_Mid_LE_1"
BONE 44 38 "J_Mid_RI_1"
BONE 45 37 "J_Pinky_LE_1"
BONE 46 38 "J_Pinky_RI_1"
BONE 47 37 "J_Ring_LE_1"
BONE 48 38 "J_Ring_RI_1"
BONE 49 37 "J_Thumb_LE_1"
BONE 50 38 "J_Thumb_RI_1"
BONE 51 37 "TAG_WEAPON_LEFT"
BONE 52 38 "TAG_WEAPON_RIGHT"
BONE 53 41 "J_Index_LE_2"
BONE 54 42 "J_Index_RI_2"
BONE 55 43 "J_Mid_LE_2"
BONE 56 44 "J_Mid_RI_2"
BONE 57 45 "J_Pinky_LE_2"
BONE 58 46 "J_Pinky_RI_2"
BONE 59 47 "J_Ring_LE_2"
BONE 60 48 "J_Ring_RI_2"
BONE 61 49 "J_Thumb_LE_2"
BONE 62 50 "J_Thumb_RI_2"
BONE 63 53 "J_Index_LE_3"
BONE 64 54 "J_Index_RI_3"
BONE 65 55 "J_Mid_LE_3"
BONE 66 56 "J_Mid_RI_3"
BONE 67 57 "J_Pinky_LE_3"
BONE 68 58 "J_Pinky_RI_3"
BONE 69 59 "J_Ring_LE_3"
BONE 70 60 "J_Ring_RI_3"
BONE 71 61 "J_Thumb_LE_3"
BONE 72 62 "J_Thumb_RI_3"

BONE 0
OFFSET 0.000002, -2.222000, 0.000042
SCALE 1.000000, 1.000000, 1.000000
X -0.000000, -1.000000, -0.000001
Y 1.000000, -0.000000, 0.000000
Z -0.000000, -0.000001, 1.000000

BONE 1
OFFSET 0.000082, 1.218927, 37.228020
SCALE 1.000000, 1.000000, 1.000000
X 0.000005, 0.024825, 0.999692
Y 0.000006, -0.999692, 0.024825
Z 1.000000, 0.000006, -0.000005

BONE 2
OFFSET 0.000002, -2.219720, 0.000042
SCALE 1.000000, 1.000000, 1.000000
X 0.000000, 1.000000, -0.000001
Y -1.000000, 0.000000, 0.000000
Z 0.000000, 0.000001, 1.000000

BONE 3
OFFSET 4.865472, 1.218951, 37.228016
SCALE 1.000000, 1.000000, 1.000000
X -0.008941, 0.033879, -0.999386
Y -0.004877, -0.999415, -0.033837
Z -0.999948, 0.004571, 0.009101

BONE 4
OFFSET -4.865293, 1.218927, 37.227978
SCALE 1.000000, 1.000000, 1.000000
X -0.008909, -0.033842, 0.999388
Y -0.004870, 0.999417, 0.033800
Z -0.999948, -0.004566, -0.009069

BONE 5
OFFSET 0.000089, 1.148792, 42.432632
SCALE 1.000000, 1.000000, 1.000000
X 0.000001, 0.029870, 0.999554
Y -0.000002, -0.999554, 0.029870
Z 1.000000, -0.000002, -0.000001

BONE 6
OFFSET -4.400561, 6.159410, 39.124432
SCALE 1.000000, 1.000000, 1.000000
X 0.906308, 0.422488, -0.010500
Y -0.000001, -0.024844, -0.999691
Z -0.422618, 0.906028, -0.022516

BONE 7
OFFSET 4.837310, 1.325658, 34.080341
SCALE 1.000000, 1.000000, 1.000000
X -0.008941, 0.033879, -0.999386
Y -0.004864, -0.999416, -0.033837
Z -0.999948, 0.004558, 0.009101

BONE 8
OFFSET -4.837236, 1.325506, 34.080624
SCALE 1.000000, 1.000000, 1.000000
X -0.008909, -0.033842, 0.999388
Y -0.004874, 0.999417, 0.033800
Z -0.999948, -0.004570, -0.009069

BONE 9
OFFSET 4.708874, 1.812570, 19.727123
SCALE 1.000000, 1.000000, 1.000000
X -0.008203, 0.166937, -0.985933
Y -0.006021, -0.985957, -0.166891
Z -0.999948, 0.004567, 0.009093

BONE 10
OFFSET -4.708568, 1.812141, 19.727461
SCALE 1.000000, 1.000000, 1.000000
X -0.008167, -0.166975, 0.985927
Y -0.006022, 0.985950, 0.166929
Z -0.999949, -0.004574, -0.009057

BONE 11
OFFSET 0.000094, 1.131313, 47.652164
SCALE 1.000000, 1.000000, 1.000000
X 0.000003, -0.020406, 0.999792
Y 0.000005, -0.999792, -0.020406
Z 1.000000, 0.000006, -0.000003

BONE 12
OFFSET 4.584381, 4.343949, 4.776942
SCALE 1.000000, 1.000000, 1.000000
X -0.000000, -0.008729, -0.999962
Y 0.016577, -0.999824, 0.008728
Z -0.999863, -0.016577, 0.000145

BONE 13
OFFSET -4.584069, 4.344151, 4.777238
SCALE 1.000000, 1.000000, 1.000000
X 0.000009, 0.008730, 0.999962
Y 0.016581, 0.999824, -0.008729
Z -0.999862, 0.016581, -0.000136

BONE 14
OFFSET 4.700434, -0.061645, 19.740444
SCALE 1.000000, 1.000000, 1.000000
X -0.000006, 0.029936, 0.999552
Y -0.000002, -0.999552, 0.029936
Z 1.000000, -0.000002, 0.000006

BONE 15
OFFSET -4.688320, -0.066627, 19.765453
SCALE 1.000000, 1.000000, 1.000000
X -0.000042, -0.029921, -0.999552
Y -0.000010, 0.999552, -0.029921
Z 1.000000, 0.000009, -0.000042

BONE 16
OFFSET 0.000090, 1.067745, 51.758411
SCALE 1.000000, 1.000000, 1.000000
X 0.000002, -0.047080, 0.998891
Y 0.000010, -0.998891, -0.047080
Z 1.000000, 0.000011, -0.000001

BONE 17
OFFSET 4.746620, -1.234840, 0.330913
SCALE 1.000000, 1.000000, 1.000000
X 0.016342, -0.983115, 0.182258
Y -0.002855, 0.182235, 0.983251
Z -0.999862, -0.016588, 0.000171

BONE 18
OFFSET -4.746290, -1.234591, 0.331138
SCALE 1.000000, 1.000000, 1.000000
X 0.016296, 0.983125, -0.182210
Y -0.002898, -0.182187, -0.983260
Z -0.999863, 0.016551, -0.000120

BONE 19
OFFSET 1.356609, 1.015539, 56.400341
SCALE 1.000000, 1.000000, 1.000000
X 0.997183, -0.019399, 0.072449
Y 0.018071, 0.999657, 0.018947
Z -0.072792, -0.017584, 0.997192

BONE 20
OFFSET -1.356719, 1.015542, 56.400444
SCALE 1.000000, 1.000000, 1.000000
X 0.997186, 0.019411, -0.072414
Y 0.018084, -0.999657, -0.018932
Z -0.072757, 0.017569, -0.997195

BONE 21
OFFSET 0.000058, 0.503915, 60.542107
SCALE 1.000000, 1.000000, 1.000000
X 0.000005, -0.309757, 0.950816
Y 0.000009, -0.950816, -0.309757
Z 1.000000, 0.000010, -0.000002

BONE 22
OFFSET 4.025334, 0.920922, 58.859638
SCALE 1.000000, 1.000000, 1.000000
X -0.997186, 0.019392, -0.072414
Y -0.018067, -0.999658, -0.018910
Z -0.072756, -0.017549, 0.997195

BONE 23
OFFSET -4.025115, 0.920835, 58.859825
SCALE 1.000000, 1.000000, 1.000000
X -0.997185, -0.019413, 0.072417
Y -0.018088, 0.999658, 0.018910
Z -0.072759, 0.017547, -0.997195

BONE 24
OFFSET -28.519920, -12.713210, 38.935009
SCALE 1.000000, 1.000000, 1.000000
X 1.000000, 0.000011, -0.000001
Y 0.000007, -0.764281, -0.644884
Z -0.000008, 0.644884, -0.764281

BONE 25
OFFSET -6.585263, 6.281759, 45.948441
SCALE 1.000000, 1.000000, 1.000000
X -0.083352, 0.038091, -0.995792
Y 0.176876, -0.982837, -0.052401
Z -0.980697, -0.180500, 0.075184

BONE 26
OFFSET -28.519920, -12.713210, 38.935009
SCALE 1.000000, 1.000000, 1.000000
X 0.000011, -1.000000, 0.000001
Y 1.000000, 0.000011, -0.000001
Z 0.000001, 0.000001, 1.000000

BONE 27
OFFSET 0.000057, -0.306903, 63.520969
SCALE 1.000000, 1.000000, 1.000000
X -0.000007, -0.216434, 0.976297
Y 0.000005, -0.976297, -0.216434
Z 1.000000, 0.000004, 0.000008

BONE 28
OFFSET 7.725458, 0.891629, 56.863182
SCALE 1.000000, 1.000000, 1.000000
X 0.662981, -0.260696, -0.701779
Y 0.273873, 0.956889, -0.096732
Z 0.696743, -0.128067, 0.705796

BONE 29
OFFSET -7.725506, 0.891564, 56.862965
SCALE 1.000000, 1.000000, 1.000000
X 0.662960, 0.260726, 0.701788
Y 0.273916, -0.956876, 0.096734
Z 0.696745, 0.128101, -0.705788

BONE 30
OFFSET 15.846285, -1.632342, 48.642529
SCALE 1.000000, 1.000000, 1.000000
X 0.294563, -0.846066, -0.444303
Y 0.654051, 0.517466, -0.551767
Z 0.696743, -0.128067, 0.705796

BONE 31
OFFSET -15.846131, -1.632841, 48.642246
SCALE 1.000000, 1.000000, 1.000000
X 0.294518, 0.846079, 0.444308
Y 0.654068, -0.517437, 0.551773
Z 0.696745, 0.128101, -0.705788

BONE 32
OFFSET 15.742274, -1.805675, 48.713013
SCALE 1.000000, 1.000000, 1.000000
X 0.294845, -0.845858, -0.444512
Y 0.653923, 0.517813, -0.551593
Z 0.696743, -0.128042, 0.705801

BONE 33
OFFSET -15.742270, -1.806072, 48.712933
SCALE 1.000000, 1.000000, 1.000000
X 0.294819, 0.845861, 0.444523
Y 0.653933, -0.517800, 0.551592
Z 0.696745, 0.128069, -0.705794

BONE 34
OFFSET 8.032188, 0.771017, 56.538502
SCALE 1.000000, 1.000000, 1.000000
X 0.662981, -0.260696, -0.701779
Y 0.273875, 0.956889, -0.096730
Z 0.696742, -0.128070, 0.705797

BONE 35
OFFSET -8.001591, 0.782987, 56.570709
SCALE 1.000000, 1.000000, 1.000000
X 0.662960, 0.260726, 0.701788
Y 0.273908, -0.956878, 0.096742
Z 0.696748, 0.128089, -0.705787

BONE 36
OFFSET 0.000049, -4.334190, 66.322540
SCALE 1.000000, 1.000000, 1.000000
X 0.000001, -0.939691, 0.342026
Y 1.000000, 0.000004, 0.000007
Z -0.000008, 0.342026, 0.939691

BONE 37
OFFSET 18.585669, -10.419226, 44.089733
SCALE 1.000000, 1.000000, 1.000000
X 0.299004, -0.782064, -0.546784
Y -0.792522, 0.115636, -0.598779
Z 0.531512, 0.612376, -0.585227

BONE 38
OFFSET -18.585567, -10.419399, 44.089657
SCALE 1.000000, 1.000000, 1.000000
X 0.299011, 0.782058, 0.546788
Y -0.792524, -0.115633, 0.598778
Z 0.531506, -0.612384, 0.585224

BONE 39
OFFSET 17.753496, -7.897926, 45.442410
SCALE 1.000000, 1.000000, 1.000000
X 0.294846, -0.845857, -0.444513
Y 0.653930, 0.517812, -0.551585
Z 0.696736, -0.128048, 0.705806

BONE 40
OFFSET -17.753546, -7.898361, 45.442448
SCALE 1.000000, 1.000000, 1.000000
X 0.294819, 0.845861, 0.444523
Y 0.653933, -0.517800, 0.551592
Z 0.696745, 0.128069, -0.705794

BONE 41
OFFSET 18.943596, -14.118733, 43.296165
SCALE 1.000000, 1.000000, 1.000000
X 0.252533, -0.921880, -0.293878
Y -0.670074, 0.052482, -0.740436
Z 0.698017, 0.383905, -0.604475

BONE 42
OFFSET -18.943485, -14.118932, 43.296089
SCALE 1.000000, 1.000000, 1.000000
X 0.252692, 0.921873, 0.293763
Y -0.670040, -0.052297, 0.740480
Z 0.697992, -0.383946, 0.604477

BONE 43
OFFSET 19.641989, -13.608097, 42.701954
SCALE 1.000000, 1.000000, 1.000000
X 0.066843, -0.793765, -0.604540
Y -0.837155, 0.285040, -0.466823
Z 0.542866, 0.537298, -0.645452

BONE 44
OFFSET -19.641909, -13.608223, 42.701809
SCALE 1.000000, 1.000000, 1.000000
X 0.066887, 0.793771, 0.604528
Y -0.837171, -0.284987, 0.466827
Z 0.542836, -0.537317, 0.645460

BONE 45
OFFSET 20.410118, -12.159682, 41.480377
SCALE 1.000000, 1.000000, 1.000000
X -0.099274, -0.722106, -0.684623
Y -0.848031, 0.421335, -0.321434
Z 0.520565, 0.548671, -0.654195

BONE 46
OFFSET -20.410091, -12.159837, 41.480251
SCALE 1.000000, 1.000000, 1.000000
X -0.099304, 0.722089, 0.684635
Y -0.848020, -0.421369, 0.321418
Z 0.520577, -0.548666, 0.654190

BONE 47
OFFSET 20.114302, -12.876246, 42.061901
SCALE 1.000000, 1.000000, 1.000000
X -0.006006, -0.738898, -0.673791
Y -0.878970, 0.325202, -0.348791
Z 0.476839, 0.590147, -0.651422

BONE 48
OFFSET -20.114208, -12.876396, 42.061890
SCALE 1.000000, 1.000000, 1.000000
X -0.005979, 0.738908, 0.673780
Y -0.878978, -0.325169, 0.348801
Z 0.476825, -0.590152, 0.651428

BONE 49
OFFSET 18.473015, -11.541899, 44.177650
SCALE 1.000000, 1.000000, 1.000000
X -0.766327, -0.594301, -0.244027
Y 0.525231, -0.360813, -0.770679
Z 0.369968, -0.718763, 0.588646

BONE 50
OFFSET -18.472874, -11.542074, 44.177635
SCALE 1.000000, 1.000000, 1.000000
X -0.766329, 0.594294, 0.244036
Y 0.525229, 0.360803, 0.770685
Z 0.369965, 0.718773, -0.588635

BONE 51
OFFSET -28.519896, -12.719981, 38.932270
SCALE 1.000000, 1.000000, 1.000000
X 0.000190, -1.000000, -0.000189
Y 1.000000, 0.000190, 0.000053
Z -0.000053, -0.000189, 1.000000

BONE 52
OFFSET -28.520119, -12.709172, 38.935143
SCALE 1.000000, 1.000000, 1.000000
X -0.000199, -1.000000, -0.000195
Y 0.998877, -0.000190, -0.047381
Z 0.047381, -0.000205, 0.998877

BONE 53
OFFSET 19.335176, -15.548034, 42.840546
SCALE 1.000000, 1.000000, 1.000000
X -0.305493, -0.603804, -0.736271
Y -0.647669, 0.698577, -0.304162
Z 0.697997, 0.383940, -0.604476

BONE 54
OFFSET -19.335234, -15.548249, 42.840523
SCALE 1.000000, 1.000000, 1.000000
X -0.305842, 0.603512, 0.736365
Y -0.647460, -0.698892, 0.303884
Z 0.698038, -0.383827, 0.604500

BONE 55
OFFSET 19.766018, -15.080857, 41.580357
SCALE 1.000000, 1.000000, 1.000000
X -0.742584, -0.051931, -0.667737
Y -0.392291, 0.841795, 0.370795
Z 0.542841, 0.537294, -0.645475

BONE 56
OFFSET -19.765930, -15.081016, 41.579948
SCALE 1.000000, 1.000000, 1.000000
X -0.742558, 0.051921, 0.667766
Y -0.392315, -0.841780, -0.370804
Z 0.542860, -0.537318, 0.645439

BONE 57
OFFSET 20.291075, -13.025280, 40.659801
SCALE 1.000000, 1.000000, 1.000000
X -0.734217, -0.103408, -0.670993
Y -0.435791, 0.829631, 0.348997
Z 0.520587, 0.548653, -0.654194

BONE 58
OFFSET -20.291012, -13.025424, 40.659672
SCALE 1.000100, 1.000101, 1.000094
X -0.734208, 0.103424, 0.671001
Y -0.435814, -0.829619, -0.348996
Z 0.520581, -0.548667, 0.654187

BONE 59
OFFSET 20.104219, -14.119193, 40.928596
SCALE 1.000000, 1.000000, 1.000000
X -0.750598, -0.112264, -0.651152
Y -0.457408, 0.799450, 0.389433
Z 0.476844, 0.590150, -0.651416

BONE 60
OFFSET -20.104130, -14.119358, 40.928261
SCALE 1.000000, 1.000000, 1.000000
X -0.750602, 0.112272, 0.651146
Y -0.457410, -0.799450, -0.389431
Z 0.476836, -0.590148, 0.651423

BONE 61
OFFSET 16.629330, -12.971684, 43.590553
SCALE 1.000000, 1.000000, 1.000000
X -0.513767, -0.686190, -0.514963
Y 0.774059, -0.111908, -0.623144
Z 0.369966, -0.718763, 0.588646

BONE 62
OFFSET -16.629194, -12.971821, 43.590179
SCALE 1.000000, 1.000000, 1.000000
X -0.513765, 0.686181, 0.514977
Y 0.774059, 0.111890, 0.623148
Z 0.369972, 0.718774, -0.588629

BONE 63
OFFSET 19.038221, -16.134914, 42.125023
SCALE 1.000000, 1.000000, 1.000000
X -0.554097, -0.245160, -0.795533
Y -0.453622, 0.890222, 0.041612
Z 0.698000, 0.383929, -0.604479

BONE 64
OFFSET -19.037983, -16.134798, 42.125008
SCALE 1.000000, 1.000000, 1.000000
X -0.553871, 0.245483, 0.795591
Y -0.453788, -0.890154, -0.041256
Z 0.698071, -0.383880, 0.604428

BONE 65
OFFSET 18.948034, -15.138112, 40.844826
SCALE 1.000000, 1.000000, 1.000000
X -0.836744, 0.280258, -0.470441
Y -0.071875, 0.795463, 0.601724
Z 0.542857, 0.537302, -0.645456

BONE 66
OFFSET -18.947971, -15.138271, 40.844528
SCALE 0.999896, 0.999903, 0.999904
X -0.836742, -0.280254, 0.470448
Y -0.071886, -0.795461, -0.601726
Z 0.542859, -0.537308, 0.645449

BONE 67
OFFSET 19.784019, -13.096679, 40.196491
SCALE 1.000000, 1.000000, 1.000000
X -0.853803, 0.339164, -0.394953
Y 0.005198, 0.764171, 0.644992
Z 0.520570, 0.548643, -0.654215

BONE 68
OFFSET -19.783998, -13.096812, 40.196270
SCALE 0.999787, 0.999785, 0.999800
X -0.853799, -0.339167, 0.394959
Y 0.005186, -0.764161, -0.645004
Z 0.520576, -0.548656, 0.654199

BONE 69
OFFSET 19.396437, -14.225060, 40.314682
SCALE 1.000000, 1.000000, 1.000000
X -0.861545, 0.166924, -0.479454
Y -0.174209, 0.789854, 0.588033
Z 0.476856, 0.590142, -0.651415

BONE 70
OFFSET -19.396343, -14.225204, 40.314499
SCALE 1.000000, 1.000000, 1.000000
X -0.861557, -0.166916, 0.479436
Y -0.174209, -0.789846, -0.588043
Z 0.476834, -0.590155, 0.651419

BONE 71
OFFSET 16.015608, -13.791351, 42.975456
SCALE 1.000000, 1.000000, 1.000000
X -0.178188, -0.676734, -0.714339
Y 0.911796, 0.159395, -0.378446
Z 0.369969, -0.718766, 0.588641

BONE 72
OFFSET -16.015455, -13.791477, 42.975048
SCALE 1.000000, 1.000000, 1.000000
X -0.178183, 0.676724, 0.714350
Y 0.911791, -0.159415, 0.378450
Z 0.369984, 0.718771, -0.588626

NUMVERTS 2007
VERT 0
OFFSET -18.978794, -9.082247, 45.929848
BONES 2
BONE 38 0.056700
BONE 40 0.943300

VERT 1
OFFSET -19.463499, -8.369343, 44.788097
BONES 2
BONE 38 0.073151
BONE 40 0.926849

VERT 2
OFFSET -18.783342, -8.264198, 43.874046
BONES 2
BONE 38 0.148900
BONE 40 0.851100

VERT 3
OFFSET -17.618252, -8.857315, 44.219707
BONES 2
BONE 38 0.148900
BONE 40 0.851100

VERT 4
OFFSET -17.070902, -9.316161, 45.067234
BONES 2
BONE 38 0.148900
BONE 40 0.851100

VERT 5
OFFSET -17.212761, -9.679236, 45.978439
BONES 2
BONE 38 0.148900
BONE 40 0.851100

VERT 6
OFFSET -17.799490, -9.655544, 43.769962
BONES 2
BONE 38 0.226798
BONE 40 0.773202

VERT 7
OFFSET -19.070530, -9.119053, 43.515446
BONES 2
BONE 38 0.225316
BONE 40 0.774684

VERT 8
OFFSET -16.521330, -13.744623, 42.555523
BONES 5
BONE 38 0.000007
BONE 42 0.000006
BONE 50 0.001388
BONE 62 0.446416
BONE 72 0.552183

VERT 9
OFFSET -17.207663, -13.057350, 43.289253
BONES 8
BONE 38 0.050603
BONE 42 0.003987
BONE 44 0.000226
BONE 46 0.000003
BONE 48 0.000019
BONE 50 0.691097
BONE 62 0.253219
BONE 72 0.000846

VERT 10
OFFSET -17.163174, -13.445198, 44.040623
BONES 9
BONE 38 0.084360
BONE 42 0.007756
BONE 44 0.000307
BONE 46 0.000004
BONE 48 0.000026
BONE 50 0.512113
BONE 62 0.392561
BONE 72 0.002874
BONE 40 0.000000

VERT 11
OFFSET -16.550779, -14.232260, 43.084793
BONES 6
BONE 38 0.000038
BONE 42 0.000018
BONE 44 0.000000
BONE 50 0.002763
BONE 62 0.449430
BONE 72 0.547752

VERT 12
OFFSET -18.493538, -14.422523, 43.701271
BONES 10
BONE 38 0.486007
BONE 42 0.511983
BONE 54 0.001163
BONE 64 0.000046
BONE 44 0.000785
BONE 46 0.000001
BONE 48 0.000006
BONE 50 0.000008
BONE 62 0.000001
BONE 72 0.000000

VERT 13
OFFSET -18.591848, -14.213666, 43.018078
BONES 8
BONE 38 0.393544
BONE 42 0.594589
BONE 54 0.000535
BONE 64 0.000014
BONE 44 0.011286
BONE 56 0.000000
BONE 46 0.000001
BONE 48 0.000029

VERT 14
OFFSET -16.607401, -12.528975, 43.103149
BONES 6
BONE 38 0.000057
BONE 42 0.000005
BONE 50 0.536605
BONE 62 0.458430
BONE 72 0.004901
BONE 40 0.000002

VERT 15
OFFSET -19.093206, -13.714912, 42.365917
BONES 8
BONE 38 0.322445
BONE 42 0.012068
BONE 54 0.000000
BONE 44 0.664138
BONE 56 0.000202
BONE 66 0.000037
BONE 46 0.000000
BONE 48 0.001109

VERT 16
OFFSET -19.540442, -13.009693, 41.734066
BONES 10
BONE 38 0.284167
BONE 42 0.000084
BONE 44 0.112237
BONE 56 0.000007
BONE 66 0.000001
BONE 46 0.044913
BONE 58 0.000000
BONE 48 0.557914
BONE 60 0.000615
BONE 70 0.000064

VERT 17
OFFSET -19.672453, -11.682110, 41.249191
BONES 8
BONE 38 0.834758
BONE 42 0.000005
BONE 44 0.000088
BONE 46 0.162194
BONE 58 0.000000
BONE 68 0.000000
BONE 48 0.002953
BONE 40 0.000002

VERT 18
OFFSET -20.503550, -11.839567, 41.243298
BONES 7
BONE 38 0.396019
BONE 42 0.000000
BONE 44 0.000002
BONE 46 0.600663
BONE 58 0.003139
BONE 68 0.000029
BONE 48 0.000147

VERT 19
OFFSET -19.960865, -12.406693, 41.274406
BONES 9
BONE 38 0.215834
BONE 42 0.000005
BONE 44 0.000151
BONE 46 0.600284
BONE 58 0.001193
BONE 68 0.000087
BONE 48 0.182447
BONE 60 0.000001
BONE 70 0.000000

VERT 20
OFFSET -18.646677, -10.029838, 42.461029
BONES 7
BONE 38 0.668365
BONE 42 0.000019
BONE 44 0.000040
BONE 46 0.000008
BONE 48 0.000100
BONE 62 0.000058
BONE 40 0.331410

VERT 21
OFFSET -18.246655, -11.601143, 43.257484
BONES 9
BONE 38 0.997962
BONE 42 0.000038
BONE 44 0.000053
BONE 46 0.000040
BONE 48 0.000062
BONE 50 0.001399
BONE 62 0.000025
BONE 72 0.000000
BONE 40 0.000421

VERT 22
OFFSET -17.452625, -10.945713, 43.430424
BONES 9
BONE 38 0.707158
BONE 42 0.000007
BONE 44 0.000000
BONE 46 0.000000
BONE 48 0.000000
BONE 50 0.004032
BONE 62 0.001720
BONE 72 0.000004
BONE 40 0.287078

VERT 23
OFFSET -17.143496, -10.289325, 44.767879
BONES 2
BONE 38 0.249853
BONE 40 0.750147

VERT 24
OFFSET -15.883748, -13.363787, 42.562595
BONES 5
BONE 38 0.000001
BONE 42 0.000001
BONE 50 0.001408
BONE 62 0.505868
BONE 72 0.492722

VERT 25
OFFSET -20.568268, -12.685804, 40.448650
BONES 6
BONE 38 0.000658
BONE 42 0.000000
BONE 46 0.609281
BONE 58 0.346216
BONE 68 0.043845
BONE 48 0.000000

VERT 26
OFFSET -19.944010, -12.719880, 40.677429
BONES 6
BONE 38 0.000600
BONE 42 0.000000
BONE 46 0.696045
BONE 58 0.273318
BONE 68 0.030035
BONE 48 0.000002

VERT 27
OFFSET -19.696264, -12.808684, 40.357006
BONES 4
BONE 38 0.000011
BONE 46 0.022448
BONE 58 0.584546
BONE 68 0.392995

VERT 28
OFFSET -19.995667, -12.681384, 40.033287
BONES 4
BONE 38 0.000082
BONE 46 0.070562
BONE 58 0.476842
BONE 68 0.452514

VERT 29
OFFSET -19.115162, -12.701210, 39.675011
BONES 4
BONE 38 0.000000
BONE 46 0.000130
BONE 58 0.001094
BONE 68 0.998776

VERT 30
OFFSET -19.210508, -12.756821, 40.084049
BONES 4
BONE 38 0.000000
BONE 46 0.000014
BONE 58 0.003153
BONE 68 0.996833

VERT 31
OFFSET -18.953878, -13.135186, 39.874516
BONES 3
BONE 46 0.000001
BONE 58 0.000459
BONE 68 0.999540

VERT 32
OFFSET -19.617929, -13.204486, 40.453461
BONES 6
BONE 38 0.000007
BONE 42 0.000000
BONE 46 0.014836
BONE 58 0.483351
BONE 68 0.501802
BONE 48 0.000004

VERT 33
OFFSET -20.199879, -13.300899, 40.898098
BONES 6
BONE 38 0.000043
BONE 42 0.000000
BONE 46 0.457927
BONE 58 0.465498
BONE 68 0.076372
BONE 48 0.000161

VERT 34
OFFSET -20.291573, -12.868385, 41.638191
BONES 9
BONE 38 0.001275
BONE 42 0.000000
BONE 44 0.000001
BONE 46 0.380687
BONE 58 0.000822
BONE 68 0.000079
BONE 48 0.609026
BONE 60 0.008099
BONE 70 0.000011

VERT 35
OFFSET -19.804420, -13.721152, 41.048012
BONES 7
BONE 38 0.000314
BONE 42 0.000000
BONE 44 0.000005
BONE 46 0.000321
BONE 48 0.885000
BONE 60 0.110875
BONE 70 0.003485

VERT 36
OFFSET -20.415325, -13.745916, 40.736877
BONES 6
BONE 38 0.000458
BONE 42 0.000000
BONE 46 0.000002
BONE 48 0.622891
BONE 60 0.375587
BONE 70 0.001062

VERT 37
OFFSET -19.198629, -14.018502, 40.570869
BONES 5
BONE 38 0.000001
BONE 42 0.000000
BONE 48 0.004638
BONE 60 0.463934
BONE 70 0.531427

VERT 38
OFFSET -19.644825, -13.985410, 40.011692
BONES 6
BONE 38 0.000004
BONE 42 0.000000
BONE 46 0.000000
BONE 48 0.010219
BONE 60 0.497606
BONE 70 0.492171

VERT 39
OFFSET -18.603729, -13.873707, 39.488457
BONES 3
BONE 48 0.000007
BONE 60 0.001094
BONE 70 0.998898

VERT 40
OFFSET -18.560879, -13.744308, 40.195747
BONES 3
BONE 48 0.000001
BONE 60 0.001757
BONE 70 0.998242

VERT 41
OFFSET -19.186052, -14.530610, 40.526749
BONES 6
BONE 38 0.000001
BONE 42 0.000001
BONE 44 0.000000
BONE 48 0.001447
BONE 60 0.486803
BONE 70 0.511748

VERT 42
OFFSET -19.916645, -14.445869, 41.202248
BONES 6
BONE 38 0.000035
BONE 42 0.000010
BONE 44 0.000379
BONE 48 0.510834
BONE 60 0.485698
BONE 70 0.003044

VERT 43
OFFSET -18.305676, -14.249431, 39.907848
BONES 3
BONE 48 0.000001
BONE 60 0.000677
BONE 70 0.999322

VERT 44
OFFSET -20.041731, -13.752362, 42.235432
BONES 9
BONE 38 0.000986
BONE 42 0.000019
BONE 44 0.726851
BONE 56 0.014488
BONE 66 0.000018
BONE 46 0.000001
BONE 48 0.256978
BONE 60 0.000656
BONE 70 0.000003

VERT 45
OFFSET -19.988508, -14.741916, 41.303970
BONES 8
BONE 38 0.001570
BONE 42 0.000013
BONE 44 0.526830
BONE 56 0.465688
BONE 66 0.000820
BONE 48 0.005067
BONE 60 0.000013
BONE 70 0.000000

VERT 46
OFFSET -19.344011, -14.682924, 41.622902
BONES 6
BONE 38 0.000693
BONE 42 0.000101
BONE 44 0.701971
BONE 56 0.295666
BONE 66 0.001235
BONE 48 0.000334

VERT 47
OFFSET -18.766977, -14.950353, 40.915390
BONES 5
BONE 38 0.000000
BONE 42 0.000007
BONE 44 0.000387
BONE 56 0.257854
BONE 66 0.741752

VERT 48
OFFSET -19.239870, -15.048492, 40.526268
BONES 5
BONE 38 0.000003
BONE 42 0.000002
BONE 44 0.001532
BONE 56 0.500331
BONE 66 0.498132

VERT 49
OFFSET -18.063940, -14.815221, 39.969460
BONES 3
BONE 44 0.000000
BONE 56 0.000507
BONE 66 0.999493

VERT 50
OFFSET -18.067711, -14.667344, 40.479397
BONES 4
BONE 38 0.000000
BONE 44 0.000014
BONE 56 0.012276
BONE 66 0.987710

VERT 51
OFFSET -18.634201, -15.462833, 41.022079
BONES 6
BONE 38 0.000003
BONE 42 0.000053
BONE 54 0.000000
BONE 44 0.002792
BONE 56 0.442268
BONE 66 0.554883

VERT 52
OFFSET -19.382767, -15.241727, 41.892101
BONES 7
BONE 38 0.002939
BONE 42 0.037812
BONE 54 0.000033
BONE 64 0.000001
BONE 44 0.439301
BONE 56 0.517984
BONE 66 0.001930

VERT 53
OFFSET -17.710909, -15.174885, 40.372959
BONES 3
BONE 44 0.000000
BONE 56 0.000310
BONE 66 0.999690

VERT 54
OFFSET -19.384056, -14.344053, 42.925591
BONES 8
BONE 38 0.039996
BONE 42 0.258642
BONE 54 0.015292
BONE 64 0.000042
BONE 44 0.685913
BONE 56 0.000115
BONE 66 0.000000
BONE 48 0.000000

VERT 55
OFFSET -19.724447, -15.495652, 42.581127
BONES 5
BONE 38 0.002672
BONE 42 0.487678
BONE 54 0.505924
BONE 64 0.001551
BONE 44 0.002176

VERT 56
OFFSET -18.941677, -15.328565, 42.661957
BONES 5
BONE 38 0.000742
BONE 42 0.693520
BONE 54 0.304496
BONE 64 0.000946
BONE 44 0.000296

VERT 57
OFFSET -18.125099, -16.622885, 41.246567
BONES 3
BONE 42 0.000006
BONE 54 0.000122
BONE 64 0.999872

VERT 58
OFFSET -18.687414, -16.320583, 42.400532
BONES 5
BONE 38 0.000018
BONE 42 0.025224
BONE 54 0.463446
BONE 64 0.511303
BONE 44 0.000008

VERT 59
OFFSET -18.733751, -15.858823, 42.006821
BONES 5
BONE 38 0.000001
BONE 42 0.001400
BONE 54 0.329263
BONE 64 0.669291
BONE 44 0.000044

VERT 60
OFFSET -18.245087, -16.156496, 41.168682
BONES 4
BONE 42 0.000000
BONE 54 0.000491
BONE 64 0.999508
BONE 44 0.000000

VERT 61
OFFSET -19.392828, -16.011827, 41.889858
BONES 5
BONE 38 0.000135
BONE 42 0.020225
BONE 54 0.489686
BONE 64 0.487746
BONE 44 0.002208

VERT 62
OFFSET -18.967178, -15.898499, 43.135826
BONES 5
BONE 38 0.004152
BONE 42 0.477231
BONE 54 0.507890
BONE 64 0.010678
BONE 44 0.000049

VERT 63
OFFSET -18.601061, -16.381790, 40.887722
BONES 4
BONE 42 0.000000
BONE 54 0.000507
BONE 64 0.999492
BONE 44 0.000001

VERT 64
OFFSET -15.886600, -14.659966, 41.792805
BONES 5
BONE 38 0.000000
BONE 42 0.000000
BONE 50 0.000001
BONE 62 0.000182
BONE 72 0.999817

VERT 65
OFFSET -15.241748, -14.414921, 41.985615
BONES 3
BONE 50 0.000000
BONE 62 0.000391
BONE 72 0.999609

VERT 66
OFFSET -15.765328, -15.062891, 42.341213
BONES 3
BONE 50 0.000000
BONE 62 0.000281
BONE 72 0.999719

VERT 67
OFFSET -18.258383, -10.495973, 45.822479
BONES 2
BONE 38 0.148876
BONE 40 0.851124

VERT 68
OFFSET -19.200478, -10.043651, 45.436028
BONES 2
BONE 38 0.146332
BONE 40 0.853668

VERT 69
OFFSET -15.828305, -14.362926, 43.170765
BONES 6
BONE 38 0.000003
BONE 42 0.000001
BONE 44 0.000000
BONE 50 0.000140
BONE 62 0.249253
BONE 72 0.750603

VERT 70
OFFSET -15.458748, -13.826385, 42.889877
BONES 5
BONE 38 0.000000
BONE 42 0.000000
BONE 50 0.000162
BONE 62 0.326684
BONE 72 0.673153

VERT 71
OFFSET -17.445675, -10.467036, 45.603897
BONES 2
BONE 38 0.186543
BONE 40 0.813457

VERT 72
OFFSET -18.554127, -12.157053, 45.113125
BONES 10
BONE 38 0.908209
BONE 42 0.007204
BONE 54 0.000000
BONE 44 0.001064
BONE 46 0.000045
BONE 48 0.000162
BONE 50 0.076827
BONE 62 0.001349
BONE 72 0.000021
BONE 40 0.005118

VERT 73
OFFSET -16.401051, -12.897730, 44.310852
BONES 8
BONE 38 0.019579
BONE 42 0.000032
BONE 44 0.000001
BONE 48 0.000000
BONE 50 0.502417
BONE 62 0.474233
BONE 72 0.003707
BONE 40 0.000031

VERT 74
OFFSET -17.043371, -11.771352, 44.928177
BONES 6
BONE 38 0.740765
BONE 42 0.000003
BONE 50 0.022331
BONE 62 0.008359
BONE 72 0.000035
BONE 40 0.228507

VERT 75
OFFSET -16.576313, -11.170174, 44.139145
BONES 6
BONE 38 0.772055
BONE 42 0.000062
BONE 50 0.022427
BONE 62 0.011485
BONE 72 0.000070
BONE 40 0.193901

VERT 76
OFFSET -16.132664, -12.310503, 43.759727
BONES 6
BONE 38 0.025028
BONE 42 0.000010
BONE 50 0.503176
BONE 62 0.464781
BONE 72 0.006970
BONE 40 0.000034

VERT 77
OFFSET -17.428267, -13.021142, 44.441338
BONES 8
BONE 38 0.131419
BONE 42 0.000649
BONE 44 0.000001
BONE 48 0.000000
BONE 50 0.787140
BONE 62 0.080234
BONE 72 0.000557
BONE 40 0.000001

VERT 78
OFFSET -18.872885, -14.468258, 44.045609
BONES 10
BONE 38 0.474734
BONE 42 0.516043
BONE 54 0.002769
BONE 64 0.000089
BONE 44 0.006334
BONE 46 0.000001
BONE 48 0.000005
BONE 50 0.000022
BONE 62 0.000003
BONE 72 0.000000

VERT 79
OFFSET -19.480505, -14.420613, 43.998184
BONES 9
BONE 38 0.420520
BONE 42 0.535224
BONE 54 0.006537
BONE 64 0.000157
BONE 44 0.037557
BONE 46 0.000000
BONE 48 0.000004
BONE 50 0.000001
BONE 62 0.000000

VERT 80
OFFSET -19.748699, -14.148660, 43.426773
BONES 12
BONE 38 0.336798
BONE 42 0.538814
BONE 54 0.002159
BONE 64 0.000055
BONE 44 0.121939
BONE 56 0.000001
BONE 66 0.000000
BONE 46 0.000009
BONE 48 0.000224
BONE 50 0.000002
BONE 62 0.000000
BONE 40 0.000000

VERT 81
OFFSET -20.250126, -13.902090, 43.147583
BONES 13
BONE 38 0.441723
BONE 42 0.053852
BONE 54 0.000125
BONE 64 0.000003
BONE 44 0.490637
BONE 56 0.000225
BONE 66 0.000006
BONE 46 0.000160
BONE 48 0.013267
BONE 60 0.000000
BONE 50 0.000000
BONE 62 0.000000
BONE 40 0.000001

VERT 82
OFFSET -20.365562, -13.504857, 42.801647
BONES 12
BONE 38 0.459876
BONE 42 0.004184
BONE 54 0.000002
BONE 64 0.000000
BONE 44 0.391612
BONE 56 0.000106
BONE 66 0.000004
BONE 46 0.000568
BONE 48 0.143568
BONE 60 0.000078
BONE 70 0.000003
BONE 40 0.000000

VERT 83
OFFSET -20.604801, -13.230114, 42.488445
BONES 9
BONE 38 0.380065
BONE 42 0.000227
BONE 44 0.068589
BONE 56 0.000006
BONE 66 0.000000
BONE 46 0.003244
BONE 48 0.547729
BONE 60 0.000135
BONE 70 0.000005

VERT 84
OFFSET -20.692833, -12.677205, 42.274017
BONES 12
BONE 38 0.520985
BONE 42 0.000135
BONE 44 0.013141
BONE 56 0.000000
BONE 46 0.117941
BONE 58 0.000028
BONE 68 0.000001
BONE 48 0.347708
BONE 60 0.000050
BONE 70 0.000002
BONE 62 0.000000
BONE 40 0.000008

VERT 85
OFFSET -20.771555, -12.231347, 41.824905
BONES 9
BONE 38 0.466347
BONE 42 0.000001
BONE 44 0.000070
BONE 46 0.464337
BONE 58 0.000021
BONE 68 0.000001
BONE 48 0.069222
BONE 60 0.000001
BONE 70 0.000000

VERT 86
OFFSET -19.841433, -9.964765, 42.780952
BONES 7
BONE 38 0.748771
BONE 42 0.000001
BONE 44 0.000001
BONE 46 0.000204
BONE 48 0.000013
BONE 62 0.000076
BONE 40 0.250934

VERT 87
OFFSET -19.798328, -11.465930, 44.515038
BONES 9
BONE 38 0.886795
BONE 42 0.000233
BONE 44 0.004761
BONE 46 0.000210
BONE 48 0.003291
BONE 50 0.000079
BONE 62 0.002551
BONE 72 0.000000
BONE 40 0.102080

VERT 88
OFFSET -19.786041, -9.279556, 44.393856
BONES 2
BONE 38 0.138660
BONE 40 0.861340

VERT 89
OFFSET -15.889972, -14.155367, 43.439266
BONES 7
BONE 38 0.000035
BONE 42 0.000004
BONE 44 0.000000
BONE 48 0.000000
BONE 50 0.000801
BONE 62 0.499536
BONE 72 0.499624

VERT 90
OFFSET -15.547242, -13.614550, 43.195099
BONES 5
BONE 38 0.000010
BONE 42 0.000000
BONE 50 0.015457
BONE 62 0.499141
BONE 72 0.485392

VERT 91
OFFSET -20.703539, -13.142876, 40.727180
BONES 6
BONE 38 0.000241
BONE 42 0.000000
BONE 46 0.537636
BONE 58 0.454719
BONE 68 0.007403
BONE 48 0.000000

VERT 92
OFFSET -19.987429, -13.212216, 39.961987
BONES 4
BONE 38 0.000001
BONE 46 0.001654
BONE 58 0.531245
BONE 68 0.467100

VERT 93
OFFSET -20.587696, -13.250463, 40.547985
BONES 5
BONE 38 0.000015
BONE 42 0.000000
BONE 46 0.434645
BONE 58 0.526926
BONE 68 0.038414

VERT 94
OFFSET -20.121094, -13.213675, 40.077206
BONES 4
BONE 38 0.000005
BONE 46 0.031087
BONE 58 0.648763
BONE 68 0.320145

VERT 95
OFFSET -20.565899, -14.373576, 40.978996
BONES 7
BONE 38 0.000018
BONE 42 0.000002
BONE 44 0.000000
BONE 46 0.000002
BONE 48 0.504622
BONE 60 0.495017
BONE 70 0.000338

VERT 96
OFFSET -19.426132, -14.582854, 40.003185
BONES 5
BONE 38 0.000000
BONE 42 0.000000
BONE 48 0.000285
BONE 60 0.473802
BONE 70 0.525912

VERT 97
OFFSET -20.359924, -14.456932, 40.651203
BONES 5
BONE 38 0.000005
BONE 42 0.000001
BONE 48 0.483858
BONE 60 0.499840
BONE 70 0.016296

VERT 98
OFFSET -19.691641, -14.616044, 40.139904
BONES 5
BONE 38 0.000001
BONE 42 0.000001
BONE 48 0.006369
BONE 60 0.519764
BONE 70 0.473865

VERT 99
OFFSET -18.933924, -15.634729, 40.492157
BONES 5
BONE 38 0.000001
BONE 42 0.000007
BONE 44 0.000534
BONE 56 0.456784
BONE 66 0.542673

VERT 100
OFFSET -19.207497, -15.677000, 40.673687
BONES 5
BONE 38 0.000002
BONE 42 0.000021
BONE 44 0.009235
BONE 56 0.509321
BONE 66 0.481421

VERT 101
OFFSET -19.958118, -15.623973, 41.403168
BONES 6
BONE 38 0.000036
BONE 42 0.000515
BONE 54 0.000000
BONE 44 0.494772
BONE 56 0.502117
BONE 66 0.002561

VERT 102
OFFSET -20.133665, -15.486599, 41.663654
BONES 8
BONE 38 0.004876
BONE 42 0.003163
BONE 54 0.000016
BONE 64 0.000000
BONE 44 0.503746
BONE 56 0.487861
BONE 66 0.000338
BONE 48 0.000000

VERT 103
OFFSET -19.640255, -15.849592, 43.148846
BONES 5
BONE 38 0.008302
BONE 42 0.506939
BONE 54 0.483404
BONE 64 0.001009
BONE 44 0.000345

VERT 104
OFFSET -19.557539, -16.065340, 42.889709
BONES 5
BONE 38 0.000026
BONE 42 0.369606
BONE 54 0.603179
BONE 64 0.027114
BONE 44 0.000075

VERT 105
OFFSET -19.205967, -16.581970, 42.181278
BONES 5
BONE 38 0.000001
BONE 42 0.006305
BONE 54 0.475684
BONE 64 0.517994
BONE 44 0.000017

VERT 106
OFFSET -19.070862, -16.638060, 41.928291
BONES 5
BONE 38 0.000000
BONE 42 0.000112
BONE 54 0.277557
BONE 64 0.722311
BONE 44 0.000019

VERT 107
OFFSET -15.396246, -14.963677, 42.001999
BONES 2
BONE 62 0.000000
BONE 72 1.000000

VERT 108
OFFSET -18.012247, -9.631873, 46.330410
BONES 2
BONE 38 0.058872
BONE 40 0.941128

VERT 109
OFFSET -20.177378, -10.713770, 43.829933
BONES 8
BONE 38 0.894635
BONE 42 0.000093
BONE 44 0.000110
BONE 46 0.000925
BONE 48 0.002896
BONE 50 0.000000
BONE 62 0.004394
BONE 40 0.096946

VERT 110
OFFSET -20.160978, -10.849696, 41.932217
BONES 7
BONE 38 0.953859
BONE 42 0.000006
BONE 44 0.000048
BONE 46 0.030025
BONE 48 0.000963
BONE 62 0.000003
BONE 40 0.015095

VERT 111
OFFSET 17.070902, -9.316161, 45.067234
BONES 2
BONE 37 0.009359
BONE 39 0.990641

VERT 112
OFFSET 17.618252, -8.857315, 44.219707
BONES 2
BONE 37 0.010998
BONE 39 0.989002

VERT 113
OFFSET 18.783340, -8.264197, 43.874043
BONES 2
BONE 37 0.011005
BONE 39 0.988995

VERT 114
OFFSET 19.463499, -8.369343, 44.788097
BONES 2
BONE 37 0.005610
BONE 39 0.994390

VERT 115
OFFSET 18.978796, -9.082248, 45.929852
BONES 2
BONE 37 0.002662
BONE 39 0.997338

VERT 116
OFFSET 17.212759, -9.679235, 45.978439
BONES 2
BONE 37 0.004131
BONE 39 0.995869

VERT 117
OFFSET 16.521330, -13.744623, 42.555523
BONES 5
BONE 37 0.000007
BONE 41 0.000006
BONE 49 0.001388
BONE 61 0.446416
BONE 71 0.552183

VERT 118
OFFSET 16.550779, -14.232259, 43.084793
BONES 6
BONE 37 0.000038
BONE 41 0.000018
BONE 43 0.000000
BONE 49 0.002763
BONE 61 0.449430
BONE 71 0.547751

VERT 119
OFFSET 17.207663, -13.057351, 43.289257
BONES 8
BONE 37 0.050604
BONE 41 0.003987
BONE 43 0.000226
BONE 45 0.000003
BONE 47 0.000019
BONE 49 0.691096
BONE 61 0.253220
BONE 71 0.000846

VERT 120
OFFSET 17.163174, -13.445198, 44.040623
BONES 9
BONE 37 0.084360
BONE 41 0.007756
BONE 43 0.000307
BONE 45 0.000004
BONE 47 0.000026
BONE 49 0.512113
BONE 61 0.392561
BONE 71 0.002874
BONE 39 0.000000

VERT 121
OFFSET 18.493538, -14.422523, 43.701271
BONES 10
BONE 37 0.486008
BONE 41 0.511982
BONE 53 0.001163
BONE 63 0.000046
BONE 43 0.000785
BONE 45 0.000001
BONE 47 0.000006
BONE 49 0.000008
BONE 61 0.000001
BONE 71 0.000000

VERT 122
OFFSET 19.672451, -11.682110, 41.249191
BONES 8
BONE 37 0.834758
BONE 41 0.000005
BONE 43 0.000088
BONE 45 0.162194
BONE 57 0.000000
BONE 67 0.000000
BONE 47 0.002953
BONE 39 0.000002

VERT 123
OFFSET 19.960865, -12.406693, 41.274406
BONES 9
BONE 37 0.215834
BONE 41 0.000005
BONE 43 0.000151
BONE 45 0.600284
BONE 57 0.001193
BONE 67 0.000087
BONE 47 0.182447
BONE 59 0.000001
BONE 69 0.000000

VERT 124
OFFSET 20.503550, -11.839568, 41.243298
BONES 7
BONE 37 0.396019
BONE 41 0.000000
BONE 43 0.000002
BONE 45 0.600664
BONE 57 0.003139
BONE 67 0.000029
BONE 47 0.000147

VERT 125
OFFSET 19.540442, -13.009693, 41.734066
BONES 10
BONE 37 0.284167
BONE 41 0.000084
BONE 43 0.112237
BONE 55 0.000007
BONE 65 0.000001
BONE 45 0.044913
BONE 57 0.000000
BONE 47 0.557914
BONE 59 0.000615
BONE 69 0.000064

VERT 126
OFFSET 18.646677, -10.029840, 42.461029
BONES 7
BONE 37 0.668365
BONE 41 0.000019
BONE 43 0.000040
BONE 45 0.000008
BONE 47 0.000100
BONE 61 0.000058
BONE 39 0.331410

VERT 127
OFFSET 18.246655, -11.601143, 43.257484
BONES 9
BONE 37 0.997962
BONE 41 0.000038
BONE 43 0.000053
BONE 45 0.000040
BONE 47 0.000062
BONE 49 0.001399
BONE 61 0.000025
BONE 71 0.000000
BONE 39 0.000421

VERT 128
OFFSET 19.093204, -13.714911, 42.365913
BONES 8
BONE 37 0.322446
BONE 41 0.012068
BONE 53 0.000000
BONE 43 0.664137
BONE 55 0.000202
BONE 65 0.000037
BONE 45 0.000000
BONE 47 0.001109

VERT 129
OFFSET 18.591848, -14.213667, 43.018078
BONES 8
BONE 37 0.393543
BONE 41 0.594590
BONE 53 0.000535
BONE 63 0.000014
BONE 43 0.011286
BONE 55 0.000000
BONE 45 0.000001
BONE 47 0.000029

VERT 130
OFFSET 15.883746, -13.363781, 42.562599
BONES 5
BONE 37 0.000001
BONE 41 0.000001
BONE 49 0.001408
BONE 61 0.505871
BONE 71 0.492719

VERT 131
OFFSET 16.607401, -12.528970, 43.103153
BONES 6
BONE 37 0.000057
BONE 41 0.000005
BONE 49 0.536608
BONE 61 0.458427
BONE 71 0.004901
BONE 39 0.000002

VERT 132
OFFSET 20.568268, -12.685804, 40.448650
BONES 6
BONE 37 0.000658
BONE 41 0.000000
BONE 45 0.609281
BONE 57 0.346216
BONE 67 0.043845
BONE 47 0.000000

VERT 133
OFFSET 19.944008, -12.719880, 40.677429
BONES 6
BONE 37 0.000600
BONE 41 0.000000
BONE 45 0.696044
BONE 57 0.273318
BONE 67 0.030035
BONE 47 0.000002

VERT 134
OFFSET 19.696264, -12.808684, 40.357006
BONES 4
BONE 37 0.000011
BONE 45 0.022448
BONE 57 0.584546
BONE 67 0.392995

VERT 135
OFFSET 19.210508, -12.756821, 40.084049
BONES 4
BONE 37 0.000000
BONE 45 0.000014
BONE 57 0.003153
BONE 67 0.996833

VERT 136
OFFSET 19.995667, -12.681384, 40.033287
BONES 4
BONE 37 0.000082
BONE 45 0.070562
BONE 57 0.476842
BONE 67 0.452514

VERT 137
OFFSET 19.115162, -12.701210, 39.675007
BONES 4
BONE 37 0.000000
BONE 45 0.000130
BONE 57 0.001094
BONE 67 0.998776

VERT 138
OFFSET 18.953878, -13.135186, 39.874516
BONES 3
BONE 45 0.000001
BONE 57 0.000459
BONE 67 0.999540

VERT 139
OFFSET 19.617929, -13.204486, 40.453461
BONES 6
BONE 37 0.000007
BONE 41 0.000000
BONE 45 0.014836
BONE 57 0.483351
BONE 67 0.501802
BONE 47 0.000004

VERT 140
OFFSET 20.199879, -13.300899, 40.898098
BONES 6
BONE 37 0.000043
BONE 41 0.000000
BONE 45 0.457927
BONE 57 0.465498
BONE 67 0.076372
BONE 47 0.000161

VERT 141
OFFSET 20.291573, -12.868385, 41.638191
BONES 9
BONE 37 0.001275
BONE 41 0.000000
BONE 43 0.000001
BONE 45 0.380687
BONE 57 0.000822
BONE 67 0.000079
BONE 47 0.609026
BONE 59 0.008099
BONE 69 0.000011

VERT 142
OFFSET 19.198629, -14.018503, 40.570873
BONES 5
BONE 37 0.000001
BONE 41 0.000000
BONE 47 0.004638
BONE 59 0.463937
BONE 69 0.531424

VERT 143
OFFSET 18.560879, -13.744308, 40.195751
BONES 3
BONE 47 0.000001
BONE 59 0.001757
BONE 69 0.998242

VERT 144
OFFSET 19.644825, -13.985410, 40.011692
BONES 6
BONE 37 0.000004
BONE 41 0.000000
BONE 45 0.000000
BONE 47 0.010220
BONE 59 0.497606
BONE 69 0.492170

VERT 145
OFFSET 18.603729, -13.873707, 39.488457
BONES 3
BONE 47 0.000007
BONE 59 0.001094
BONE 69 0.998898

VERT 146
OFFSET 18.305676, -14.249434, 39.907848
BONES 3
BONE 47 0.000001
BONE 59 0.000677
BONE 69 0.999322

VERT 147
OFFSET 19.186052, -14.530610, 40.526749
BONES 6
BONE 37 0.000001
BONE 41 0.000001
BONE 43 0.000000
BONE 47 0.001447
BONE 59 0.486803
BONE 69 0.511748

VERT 148
OFFSET 19.916645, -14.445869, 41.202248
BONES 6
BONE 37 0.000035
BONE 41 0.000010
BONE 43 0.000379
BONE 47 0.510834
BONE 59 0.485698
BONE 69 0.003044

VERT 149
OFFSET 19.804420, -13.721152, 41.048012
BONES 7
BONE 37 0.000314
BONE 41 0.000000
BONE 43 0.000005
BONE 45 0.000321
BONE 47 0.885000
BONE 59 0.110875
BONE 69 0.003485

VERT 150
OFFSET 20.415325, -13.745916, 40.736877
BONES 6
BONE 37 0.000458
BONE 41 0.000000
BONE 45 0.000002
BONE 47 0.622891
BONE 59 0.375587
BONE 69 0.001062

VERT 151
OFFSET 19.344011, -14.682924, 41.622902
BONES 6
BONE 37 0.000693
BONE 41 0.000101
BONE 43 0.701971
BONE 55 0.295666
BONE 65 0.001235
BONE 47 0.000334

VERT 152
OFFSET 20.041731, -13.752360, 42.235432
BONES 9
BONE 37 0.000986
BONE 41 0.000019
BONE 43 0.726850
BONE 55 0.014488
BONE 65 0.000018
BONE 45 0.000001
BONE 47 0.256979
BONE 59 0.000656
BONE 69 0.000003

VERT 153
OFFSET 19.988508, -14.741916, 41.303970
BONES 8
BONE 37 0.001570
BONE 41 0.000013
BONE 43 0.526830
BONE 55 0.465687
BONE 65 0.000820
BONE 47 0.005067
BONE 59 0.000013
BONE 69 0.000000

VERT 154
OFFSET 18.766977, -14.950353, 40.915390
BONES 5
BONE 37 0.000000
BONE 41 0.000007
BONE 43 0.000387
BONE 55 0.257853
BONE 65 0.741753

VERT 155
OFFSET 18.067711, -14.667344, 40.479393
BONES 4
BONE 37 0.000000
BONE 43 0.000014
BONE 55 0.012276
BONE 65 0.987710

VERT 156
OFFSET 19.239870, -15.048492, 40.526268
BONES 5
BONE 37 0.000003
BONE 41 0.000002
BONE 43 0.001532
BONE 55 0.500331
BONE 65 0.498132

VERT 157
OFFSET 18.063940, -14.815223, 39.969460
BONES 3
BONE 43 0.000000
BONE 55 0.000507
BONE 65 0.999493

VERT 158
OFFSET 17.710909, -15.174887, 40.372959
BONES 3
BONE 43 0.000000
BONE 55 0.000310
BONE 65 0.999690

VERT 159
OFFSET 18.634201, -15.462833, 41.022076
BONES 6
