// Export filename: 'C:/cod5/cod/cod5/model_export/american/characters/multiplayer/char_usa_marine_player_body_hmg_LOD2.XMODEL_EXPORT'
// Source filename: 'C:/cod5/cod/cod5/model_export/american/characters/multiplayer/char_usa_mp_assault_body.ma'
// Export time: Tue Aug 26 01:30:38 2008
MODEL
VERSION 6

NUMBONES 73
BONE 0 -1 "TAG_ORIGIN"
BONE 1 0 "J_MainRoot"
BONE 2 0 "TAG_SYNC"
BONE 3 1 "J_Hip_LE"
BONE 4 1 "J_Hip_RI"
BONE 5 1 "J_SpineLower"
BONE 6 1 "TAG_STOWED_HIP_REAR"
BONE 7 3 "J_HipTwist_LE"
BONE 8 4 "J_HipTwist_RI"
BONE 9 3 "J_Knee_LE"
BONE 10 4 "J_Knee_RI"
BONE 11 5 "J_SpineUpper"
BONE 12 9 "J_Ankle_LE"
BONE 13 10 "J_Ankle_RI"
BONE 14 9 "J_Knee_Bulge_LE"
BONE 15 10 "J_Knee_Bulge_RI"
BONE 16 11 "J_Spine4"
BONE 17 12 "J_Ball_LE"
BONE 18 13 "J_Ball_RI"
BONE 19 16 "J_Clavicle_LE"
BONE 20 16 "J_Clavicle_RI"
BONE 21 16 "J_Neck"
BONE 22 16 "J_ShoulderRaise_LE"
BONE 23 16 "J_ShoulderRaise_RI"
BONE 24 16 "TAG_INHAND"
BONE 25 16 "TAG_STOWED_BACK"
BONE 26 16 "TAG_WEAPON_CHEST"
BONE 27 21 "J_Head"
BONE 28 19 "J_Shoulder_LE"
BONE 29 20 "J_Shoulder_RI"
BONE 30 28 "J_Elbow_Bulge_LE"
BONE 31 29 "J_Elbow_Bulge_RI"
BONE 32 28 "J_Elbow_LE"
BONE 33 29 "J_Elbow_RI"
BONE 34 28 "J_ShoulderTwist_LE"
BONE 35 29 "J_ShoulderTwist_RI"
BONE 36 27 "TAG_EYE"
BONE 37 32 "J_Wrist_LE"
BONE 38 33 "J_Wrist_RI"
BONE 39 32 "J_WristTwist_LE"
BONE 40 33 "J_WristTwist_RI"
BONE 41 37 "J_Index_LE_1"
BONE 42 38 "J_Index_RI_1"
BONE 43 37 "J_Mid_LE_1"
BONE 44 38 "J_Mid_RI_1"
BONE 45 37 "J_Pinky_LE_1"
BONE 46 38 "J_Pinky_RI_1"
BONE 47 37 "J_Ring_LE_1"
BONE 48 38 "J_Ring_RI_1"
BONE 49 37 "J_Thumb_LE_1"
BONE 50 38 "J_Thumb_RI_1"
BONE 51 37 "TAG_WEAPON_LEFT"
BONE 52 38 "TAG_WEAPON_RIGHT"
BONE 53 41 "J_Index_LE_2"
BONE 54 42 "J_Index_RI_2"
BONE 55 43 "J_Mid_LE_2"
BONE 56 44 "J_Mid_RI_2"
BONE 57 45 "J_Pinky_LE_2"
BONE 58 46 "J_Pinky_RI_2"
BONE 59 47 "J_Ring_LE_2"
BONE 60 48 "J_Ring_RI_2"
BONE 61 49 "J_Thumb_LE_2"
BONE 62 50 "J_Thumb_RI_2"
BONE 63 53 "J_Index_LE_3"
BONE 64 54 "J_Index_RI_3"
BONE 65 55 "J_Mid_LE_3"
BONE 66 56 "J_Mid_RI_3"
BONE 67 57 "J_Pinky_LE_3"
BONE 68 58 "J_Pinky_RI_3"
BONE 69 59 "J_Ring_LE_3"
BONE 70 60 "J_Ring_RI_3"
BONE 71 61 "J_Thumb_LE_3"
BONE 72 62 "J_Thumb_RI_3"

BONE 0
OFFSET 0.000002, -2.222000, 0.000042
SCALE 1.000000, 1.000000, 1.000000
X -0.000000, -1.000000, -0.000001
Y 1.000000, -0.000000, 0.000000
Z -0.000000, -0.000001, 1.000000

BONE 1
OFFSET 0.000082, 1.218927, 37.228020
SCALE 1.000000, 1.000000, 1.000000
X 0.000005, 0.024825, 0.999692
Y 0.000006, -0.999692, 0.024825
Z 1.000000, 0.000006, -0.000005

BONE 2
OFFSET 0.000002, -2.219720, 0.000042
SCALE 1.000000, 1.000000, 1.000000
X 0.000000, 1.000000, -0.000001
Y -1.000000, 0.000000, 0.000000
Z 0.000000, 0.000001, 1.000000

BONE 3
OFFSET 4.865472, 1.218951, 37.228016
SCALE 1.000000, 1.000000, 1.000000
X -0.008941, 0.033879, -0.999386
Y -0.004877, -0.999415, -0.033837
Z -0.999948, 0.004571, 0.009101

BONE 4
OFFSET -4.865293, 1.218927, 37.227978
SCALE 1.000000, 1.000000, 1.000000
X -0.008909, -0.033842, 0.999388
Y -0.004870, 0.999417, 0.033800
Z -0.999948, -0.004566, -0.009069

BONE 5
OFFSET 0.000089, 1.148792, 42.432632
SCALE 1.000000, 1.000000, 1.000000
X 0.000001, 0.029870, 0.999554
Y -0.000002, -0.999554, 0.029870
Z 1.000000, -0.000002, -0.000001

BONE 6
OFFSET -4.400561, 6.159410, 39.124432
SCALE 1.000000, 1.000000, 1.000000
X 0.906308, 0.422488, -0.010500
Y -0.000001, -0.024844, -0.999691
Z -0.422618, 0.906028, -0.022516

BONE 7
OFFSET 4.837310, 1.325658, 34.080341
SCALE 1.000000, 1.000000, 1.000000
X -0.008941, 0.033879, -0.999386
Y -0.004864, -0.999416, -0.033837
Z -0.999948, 0.004558, 0.009101

BONE 8
OFFSET -4.837236, 1.325506, 34.080624
SCALE 1.000000, 1.000000, 1.000000
X -0.008909, -0.033842, 0.999388
Y -0.004874, 0.999417, 0.033800
Z -0.999948, -0.004570, -0.009069

BONE 9
OFFSET 4.708874, 1.812570, 19.727123
SCALE 1.000000, 1.000000, 1.000000
X -0.008203, 0.166937, -0.985933
Y -0.006021, -0.985957, -0.166891
Z -0.999948, 0.004567, 0.009093

BONE 10
OFFSET -4.708568, 1.812141, 19.727461
SCALE 1.000000, 1.000000, 1.000000
X -0.008167, -0.166975, 0.985927
Y -0.006022, 0.985950, 0.166929
Z -0.999949, -0.004574, -0.009057

BONE 11
OFFSET 0.000094, 1.131313, 47.652164
SCALE 1.000000, 1.000000, 1.000000
X 0.000003, -0.020406, 0.999792
Y 0.000005, -0.999792, -0.020406
Z 1.000000, 0.000006, -0.000003

BONE 12
OFFSET 4.584381, 4.343949, 4.776942
SCALE 1.000000, 1.000000, 1.000000
X -0.000000, -0.008729, -0.999962
Y 0.016577, -0.999824, 0.008728
Z -0.999863, -0.016577, 0.000145

BONE 13
OFFSET -4.584069, 4.344151, 4.777238
SCALE 1.000000, 1.000000, 1.000000
X 0.000009, 0.008730, 0.999962
Y 0.016581, 0.999824, -0.008729
Z -0.999862, 0.016581, -0.000136

BONE 14
OFFSET 4.700434, -0.061645, 19.740444
SCALE 1.000000, 1.000000, 1.000000
X -0.000006, 0.029936, 0.999552
Y -0.000002, -0.999552, 0.029936
Z 1.000000, -0.000002, 0.000006

BONE 15
OFFSET -4.688320, -0.066627, 19.765453
SCALE 1.000000, 1.000000, 1.000000
X -0.000042, -0.029921, -0.999552
Y -0.000010, 0.999552, -0.029921
Z 1.000000, 0.000009, -0.000042

BONE 16
OFFSET 0.000090, 1.067745, 51.758411
SCALE 1.000000, 1.000000, 1.000000
X 0.000002, -0.047080, 0.998891
Y 0.000010, -0.998891, -0.047080
Z 1.000000, 0.000011, -0.000001

BONE 17
OFFSET 4.746620, -1.234840, 0.330913
SCALE 1.000000, 1.000000, 1.000000
X 0.016342, -0.983115, 0.182258
Y -0.002855, 0.182235, 0.983251
Z -0.999862, -0.016588, 0.000171

BONE 18
OFFSET -4.746290, -1.234591, 0.331138
SCALE 1.000000, 1.000000, 1.000000
X 0.016296, 0.983125, -0.182210
Y -0.002898, -0.182187, -0.983260
Z -0.999863, 0.016551, -0.000120

BONE 19
OFFSET 1.356609, 1.015539, 56.400341
SCALE 1.000000, 1.000000, 1.000000
X 0.997183, -0.019399, 0.072449
Y 0.018071, 0.999657, 0.018947
Z -0.072792, -0.017584, 0.997192

BONE 20
OFFSET -1.356719, 1.015542, 56.400444
SCALE 1.000000, 1.000000, 1.000000
X 0.997186, 0.019411, -0.072414
Y 0.018084, -0.999657, -0.018932
Z -0.072757, 0.017569, -0.997195

BONE 21
OFFSET 0.000058, 0.503915, 60.542107
SCALE 1.000000, 1.000000, 1.000000
X 0.000005, -0.309757, 0.950816
Y 0.000009, -0.950816, -0.309757
Z 1.000000, 0.000010, -0.000002

BONE 22
OFFSET 4.025334, 0.920922, 58.859638
SCALE 1.000000, 1.000000, 1.000000
X -0.997186, 0.019392, -0.072414
Y -0.018067, -0.999658, -0.018910
Z -0.072756, -0.017549, 0.997195

BONE 23
OFFSET -4.025115, 0.920835, 58.859825
SCALE 1.000000, 1.000000, 1.000000
X -0.997185, -0.019413, 0.072417
Y -0.018088, 0.999658, 0.018910
Z -0.072759, 0.017547, -0.997195

BONE 24
OFFSET -28.519920, -12.713210, 38.935009
SCALE 1.000000, 1.000000, 1.000000
X 1.000000, 0.000011, -0.000001
Y 0.000007, -0.764281, -0.644884
Z -0.000008, 0.644884, -0.764281

BONE 25
OFFSET -6.585263, 6.281759, 45.948441
SCALE 1.000000, 1.000000, 1.000000
X -0.083352, 0.038091, -0.995792
Y 0.176876, -0.982837, -0.052401
Z -0.980697, -0.180500, 0.075184

BONE 26
OFFSET -28.519920, -12.713210, 38.935009
SCALE 1.000000, 1.000000, 1.000000
X 0.000011, -1.000000, 0.000001
Y 1.000000, 0.000011, -0.000001
Z 0.000001, 0.000001, 1.000000

BONE 27
OFFSET 0.000057, -0.306903, 63.520969
SCALE 1.000000, 1.000000, 1.000000
X -0.000007, -0.216434, 0.976297
Y 0.000005, -0.976297, -0.216434
Z 1.000000, 0.000004, 0.000008

BONE 28
OFFSET 7.725458, 0.891629, 56.863182
SCALE 1.000000, 1.000000, 1.000000
X 0.662981, -0.260696, -0.701779
Y 0.273873, 0.956889, -0.096732
Z 0.696743, -0.128067, 0.705796

BONE 29
OFFSET -7.725506, 0.891564, 56.862965
SCALE 1.000000, 1.000000, 1.000000
X 0.662960, 0.260726, 0.701788
Y 0.273916, -0.956876, 0.096734
Z 0.696745, 0.128101, -0.705788

BONE 30
OFFSET 15.846285, -1.632342, 48.642529
SCALE 1.000000, 1.000000, 1.000000
X 0.294563, -0.846066, -0.444303
Y 0.654051, 0.517466, -0.551767
Z 0.696743, -0.128067, 0.705796

BONE 31
OFFSET -15.846131, -1.632841, 48.642246
SCALE 1.000000, 1.000000, 1.000000
X 0.294518, 0.846079, 0.444308
Y 0.654068, -0.517437, 0.551773
Z 0.696745, 0.128101, -0.705788

BONE 32
OFFSET 15.742274, -1.805675, 48.713013
SCALE 1.000000, 1.000000, 1.000000
X 0.294845, -0.845858, -0.444512
Y 0.653923, 0.517813, -0.551593
Z 0.696743, -0.128042, 0.705801

BONE 33
OFFSET -15.742270, -1.806072, 48.712933
SCALE 1.000000, 1.000000, 1.000000
X 0.294819, 0.845861, 0.444523
Y 0.653933, -0.517800, 0.551592
Z 0.696745, 0.128069, -0.705794

BONE 34
OFFSET 8.032188, 0.771017, 56.538502
SCALE 1.000000, 1.000000, 1.000000
X 0.662981, -0.260696, -0.701779
Y 0.273875, 0.956889, -0.096730
Z 0.696742, -0.128070, 0.705797

BONE 35
OFFSET -8.001591, 0.782987, 56.570709
SCALE 1.000000, 1.000000, 1.000000
X 0.662960, 0.260726, 0.701788
Y 0.273908, -0.956878, 0.096742
Z 0.696748, 0.128089, -0.705787

BONE 36
OFFSET 0.000049, -4.334190, 66.322540
SCALE 1.000000, 1.000000, 1.000000
X 0.000001, -0.939691, 0.342026
Y 1.000000, 0.000004, 0.000007
Z -0.000008, 0.342026, 0.939691

BONE 37
OFFSET 18.585669, -10.419226, 44.089733
SCALE 1.000000, 1.000000, 1.000000
X 0.299004, -0.782064, -0.546784
Y -0.792522, 0.115636, -0.598779
Z 0.531512, 0.612376, -0.585227

BONE 38
OFFSET -18.585567, -10.419399, 44.089657
SCALE 1.000000, 1.000000, 1.000000
X 0.299011, 0.782058, 0.546788
Y -0.792524, -0.115633, 0.598778
Z 0.531506, -0.612384, 0.585224

BONE 39
OFFSET 17.753496, -7.897926, 45.442410
SCALE 1.000000, 1.000000, 1.000000
X 0.294846, -0.845857, -0.444513
Y 0.653930, 0.517812, -0.551585
Z 0.696736, -0.128048, 0.705806

BONE 40
OFFSET -17.753546, -7.898361, 45.442448
SCALE 1.000000, 1.000000, 1.000000
X 0.294819, 0.845861, 0.444523
Y 0.653933, -0.517800, 0.551592
Z 0.696745, 0.128069, -0.705794

BONE 41
OFFSET 18.943596, -14.118733, 43.296165
SCALE 1.000000, 1.000000, 1.000000
X 0.252533, -0.921880, -0.293878
Y -0.670074, 0.052482, -0.740436
Z 0.698017, 0.383905, -0.604475

BONE 42
OFFSET -18.943485, -14.118932, 43.296089
SCALE 1.000000, 1.000000, 1.000000
X 0.252692, 0.921873, 0.293763
Y -0.670040, -0.052297, 0.740480
Z 0.697992, -0.383946, 0.604477

BONE 43
OFFSET 19.641989, -13.608097, 42.701954
SCALE 1.000000, 1.000000, 1.000000
X 0.066843, -0.793765, -0.604540
Y -0.837155, 0.285040, -0.466823
Z 0.542866, 0.537298, -0.645452

BONE 44
OFFSET -19.641909, -13.608223, 42.701809
SCALE 1.000000, 1.000000, 1.000000
X 0.066887, 0.793771, 0.604528
Y -0.837171, -0.284987, 0.466827
Z 0.542836, -0.537317, 0.645460

BONE 45
OFFSET 20.410118, -12.159682, 41.480377
SCALE 1.000000, 1.000000, 1.000000
X -0.099274, -0.722106, -0.684623
Y -0.848031, 0.421335, -0.321434
Z 0.520565, 0.548671, -0.654195

BONE 46
OFFSET -20.410091, -12.159837, 41.480251
SCALE 1.000000, 1.000000, 1.000000
X -0.099304, 0.722089, 0.684635
Y -0.848020, -0.421369, 0.321418
Z 0.520577, -0.548666, 0.654190

BONE 47
OFFSET 20.114302, -12.876246, 42.061901
SCALE 1.000000, 1.000000, 1.000000
X -0.006006, -0.738898, -0.673791
Y -0.878970, 0.325202, -0.348791
Z 0.476839, 0.590147, -0.651422

BONE 48
OFFSET -20.114208, -12.876396, 42.061890
SCALE 1.000000, 1.000000, 1.000000
X -0.005979, 0.738908, 0.673780
Y -0.878978, -0.325169, 0.348801
Z 0.476825, -0.590152, 0.651428

BONE 49
OFFSET 18.473015, -11.541899, 44.177650
SCALE 1.000000, 1.000000, 1.000000
X -0.766327, -0.594301, -0.244027
Y 0.525231, -0.360813, -0.770679
Z 0.369968, -0.718763, 0.588646

BONE 50
OFFSET -18.472874, -11.542074, 44.177635
SCALE 1.000000, 1.000000, 1.000000
X -0.766329, 0.594294, 0.244036
Y 0.525229, 0.360803, 0.770685
Z 0.369965, 0.718773, -0.588635

BONE 51
OFFSET -28.519896, -12.719981, 38.932270
SCALE 1.000000, 1.000000, 1.000000
X 0.000190, -1.000000, -0.000189
Y 1.000000, 0.000190, 0.000053
Z -0.000053, -0.000189, 1.000000

BONE 52
OFFSET -28.520119, -12.709172, 38.935143
SCALE 1.000000, 1.000000, 1.000000
X -0.000199, -1.000000, -0.000195
Y 0.998877, -0.000190, -0.047381
Z 0.047381, -0.000205, 0.998877

BONE 53
OFFSET 19.335176, -15.548034, 42.840546
SCALE 1.000000, 1.000000, 1.000000
X -0.305493, -0.603804, -0.736271
Y -0.647669, 0.698577, -0.304162
Z 0.697997, 0.383940, -0.604476

BONE 54
OFFSET -19.335234, -15.548249, 42.840523
SCALE 1.000000, 1.000000, 1.000000
X -0.305842, 0.603512, 0.736365
Y -0.647460, -0.698892, 0.303884
Z 0.698038, -0.383827, 0.604500

BONE 55
OFFSET 19.766018, -15.080857, 41.580357
SCALE 1.000000, 1.000000, 1.000000
X -0.742584, -0.051931, -0.667737
Y -0.392291, 0.841795, 0.370795
Z 0.542841, 0.537294, -0.645475

BONE 56
OFFSET -19.765930, -15.081016, 41.579948
SCALE 1.000000, 1.000000, 1.000000
X -0.742558, 0.051921, 0.667766
Y -0.392315, -0.841780, -0.370804
Z 0.542860, -0.537318, 0.645439

BONE 57
OFFSET 20.291075, -13.025280, 40.659801
SCALE 1.000000, 1.000000, 1.000000
X -0.734217, -0.103408, -0.670993
Y -0.435791, 0.829631, 0.348997
Z 0.520587, 0.548653, -0.654194

BONE 58
OFFSET -20.291012, -13.025424, 40.659672
SCALE 1.000100, 1.000101, 1.000094
X -0.734208, 0.103424, 0.671001
Y -0.435814, -0.829619, -0.348996
Z 0.520581, -0.548667, 0.654187

BONE 59
OFFSET 20.104219, -14.119193, 40.928596
SCALE 1.000000, 1.000000, 1.000000
X -0.750598, -0.112264, -0.651152
Y -0.457408, 0.799450, 0.389433
Z 0.476844, 0.590150, -0.651416

BONE 60
OFFSET -20.104130, -14.119358, 40.928261
SCALE 1.000000, 1.000000, 1.000000
X -0.750602, 0.112272, 0.651146
Y -0.457410, -0.799450, -0.389431
Z 0.476836, -0.590148, 0.651423

BONE 61
OFFSET 16.629330, -12.971684, 43.590553
SCALE 1.000000, 1.000000, 1.000000
X -0.513767, -0.686190, -0.514963
Y 0.774059, -0.111908, -0.623144
Z 0.369966, -0.718763, 0.588646

BONE 62
OFFSET -16.629194, -12.971821, 43.590179
SCALE 1.000000, 1.000000, 1.000000
X -0.513765, 0.686181, 0.514977
Y 0.774059, 0.111890, 0.623148
Z 0.369972, 0.718774, -0.588629

BONE 63
OFFSET 19.038221, -16.134914, 42.125023
SCALE 1.000000, 1.000000, 1.000000
X -0.554097, -0.245160, -0.795533
Y -0.453622, 0.890222, 0.041612
Z 0.698000, 0.383929, -0.604479

BONE 64
OFFSET -19.037983, -16.134798, 42.125008
SCALE 1.000000, 1.000000, 1.000000
X -0.553871, 0.245483, 0.795591
Y -0.453788, -0.890154, -0.041256
Z 0.698071, -0.383880, 0.604428

BONE 65
OFFSET 18.948034, -15.138112, 40.844826
SCALE 1.000000, 1.000000, 1.000000
X -0.836744, 0.280258, -0.470441
Y -0.071875, 0.795463, 0.601724
Z 0.542857, 0.537302, -0.645456

BONE 66
OFFSET -18.947971, -15.138271, 40.844528
SCALE 0.999896, 0.999903, 0.999904
X -0.836742, -0.280254, 0.470448
Y -0.071886, -0.795461, -0.601726
Z 0.542859, -0.537308, 0.645449

BONE 67
OFFSET 19.784019, -13.096679, 40.196491
SCALE 1.000000, 1.000000, 1.000000
X -0.853803, 0.339164, -0.394953
Y 0.005198, 0.764171, 0.644992
Z 0.520570, 0.548643, -0.654215

BONE 68
OFFSET -19.783998, -13.096812, 40.196270
SCALE 0.999787, 0.999785, 0.999800
X -0.853799, -0.339167, 0.394959
Y 0.005186, -0.764161, -0.645004
Z 0.520576, -0.548656, 0.654199

BONE 69
OFFSET 19.396437, -14.225060, 40.314682
SCALE 1.000000, 1.000000, 1.000000
X -0.861545, 0.166924, -0.479454
Y -0.174209, 0.789854, 0.588033
Z 0.476856, 0.590142, -0.651415

BONE 70
OFFSET -19.396343, -14.225204, 40.314499
SCALE 1.000000, 1.000000, 1.000000
X -0.861557, -0.166916, 0.479436
Y -0.174209, -0.789846, -0.588043
Z 0.476834, -0.590155, 0.651419

BONE 71
OFFSET 16.015608, -13.791351, 42.975456
SCALE 1.000000, 1.000000, 1.000000
X -0.178188, -0.676734, -0.714339
Y 0.911796, 0.159395, -0.378446
Z 0.369969, -0.718766, 0.588641

BONE 72
OFFSET -16.015455, -13.791477, 42.975048
SCALE 1.000000, 1.000000, 1.000000
X -0.178183, 0.676724, 0.714350
Y 0.911791, -0.159415, 0.378450
Z 0.369984, 0.718771, -0.588626

NUMVERTS 875
VERT 0
OFFSET 0.151254, 7.331256, 38.313320
BONES 6
BONE 5 0.003552
BONE 1 0.813464
BONE 3 0.000089
BONE 7 0.089561
BONE 8 0.093129
BONE 4 0.000205

VERT 1
OFFSET 3.590696, 6.927689, 38.524181
BONES 5
BONE 5 0.017255
BONE 1 0.785267
BONE 3 0.001463
BONE 7 0.178647
BONE 8 0.017368

VERT 2
OFFSET 7.169934, 4.936861, 38.359829
BONES 5
BONE 5 0.024487
BONE 1 0.689569
BONE 3 0.001638
BONE 7 0.282248
BONE 8 0.002059

VERT 3
OFFSET 9.142139, 1.049402, 37.927246
BONES 5
BONE 5 0.028009
BONE 1 0.549966
BONE 3 0.002567
BONE 7 0.419441
BONE 8 0.000016

VERT 4
OFFSET 7.975888, -2.638899, 38.059292
BONES 4
BONE 5 0.033030
BONE 1 0.537187
BONE 3 0.002998
BONE 7 0.426785

VERT 5
OFFSET 5.021651, -5.560750, 37.629166
BONES 5
BONE 5 0.006241
BONE 1 0.687044
BONE 3 0.000791
BONE 7 0.304778
BONE 8 0.001145

VERT 6
OFFSET -0.053459, -6.001904, 37.401550
BONES 6
BONE 5 0.022884
BONE 1 0.695030
BONE 3 0.000004
BONE 7 0.156581
BONE 8 0.125493
BONE 4 0.000007

VERT 7
OFFSET 0.304904, -6.267416, 50.493641
BONES 8
BONE 5 0.405271
BONE 11 0.376846
BONE 16 0.185211
BONE 19 0.007181
BONE 22 0.002568
BONE 1 0.018864
BONE 23 0.000654
BONE 20 0.003406

VERT 8
OFFSET 6.836604, -2.498840, 45.006836
BONES 6
BONE 5 0.657783
BONE 11 0.131466
BONE 16 0.003289
BONE 19 0.000073
BONE 34 0.000581
BONE 1 0.206808

VERT 9
OFFSET 7.433867, 1.217970, 45.244522
BONES 7
BONE 5 0.686803
BONE 11 0.174846
BONE 16 0.004977
BONE 19 0.000156
BONE 28 0.000036
BONE 34 0.003617
BONE 1 0.129565

VERT 10
OFFSET 5.826842, 3.746270, 45.428116
BONES 7
BONE 5 0.632481
BONE 11 0.241342
BONE 16 0.008259
BONE 19 0.000374
BONE 34 0.003273
BONE 22 0.000015
BONE 1 0.114256

VERT 11
OFFSET 3.283322, 5.410502, 45.595184
BONES 6
BONE 5 0.543296
BONE 11 0.343119
BONE 16 0.001731
BONE 1 0.111831
BONE 7 0.000023
BONE 8 0.000001

VERT 12
OFFSET 0.081991, 5.559017, 45.719364
BONES 6
BONE 5 0.499993
BONE 11 0.380673
BONE 16 0.001016
BONE 1 0.118314
BONE 7 0.000001
BONE 8 0.000002

VERT 13
OFFSET 7.911855, -2.491622, 49.379223
BONES 8
BONE 5 0.413139
BONE 11 0.348439
BONE 16 0.168195
BONE 19 0.009346
BONE 28 0.001574
BONE 34 0.044723
BONE 22 0.000034
BONE 1 0.014550

VERT 14
OFFSET 8.512102, 1.387748, 48.368397
BONES 8
BONE 5 0.450403
BONE 11 0.339725
BONE 16 0.139133
BONE 19 0.008143
BONE 28 0.000864
BONE 34 0.042702
BONE 22 0.000000
BONE 1 0.019031

VERT 15
OFFSET 7.029577, 4.727536, 48.926220
BONES 7
BONE 5 0.413254
BONE 11 0.353382
BONE 16 0.153050
BONE 19 0.024105
BONE 34 0.040587
BONE 22 0.002282
BONE 1 0.013340

VERT 16
OFFSET 3.840870, 5.971139, 50.262054
BONES 9
BONE 5 0.339857
BONE 11 0.378858
BONE 16 0.210531
BONE 19 0.033673
BONE 34 0.022703
BONE 22 0.004508
BONE 1 0.009484
BONE 23 0.000043
BONE 20 0.000342

VERT 17
OFFSET 0.309382, 6.038894, 50.575317
BONES 10
BONE 5 0.331257
BONE 11 0.415343
BONE 16 0.229604
BONE 19 0.007763
BONE 34 0.001012
BONE 22 0.001067
BONE 1 0.009349
BONE 23 0.000688
BONE 20 0.003678
BONE 35 0.000240

VERT 18
OFFSET 8.028594, -1.533070, 51.574249
BONES 9
BONE 5 0.075412
BONE 11 0.065939
BONE 16 0.497368
BONE 19 0.025227
BONE 28 0.038412
BONE 34 0.295463
BONE 22 0.000997
BONE 1 0.000972
BONE 32 0.000211

VERT 19
OFFSET 7.840171, -3.441668, 54.821716
BONES 8
BONE 5 0.046453
BONE 11 0.056761
BONE 16 0.385687
BONE 19 0.147202
BONE 28 0.001458
BONE 34 0.345747
BONE 22 0.016624
BONE 1 0.000067

VERT 20
OFFSET 7.572875, -2.211756, 57.887604
BONES 7
BONE 5 0.006555
BONE 11 0.003687
BONE 16 0.101470
BONE 19 0.289151
BONE 28 0.001664
BONE 34 0.519231
BONE 22 0.078243

VERT 21
OFFSET 7.780487, 0.582051, 59.341297
BONES 7
BONE 5 0.001000
BONE 11 0.005641
BONE 16 0.119200
BONE 19 0.341250
BONE 28 0.000670
BONE 34 0.461333
BONE 22 0.070907

VERT 22
OFFSET 7.163005, 3.519608, 58.044193
BONES 7
BONE 5 0.004646
BONE 11 0.021139
BONE 16 0.225133
BONE 19 0.298093
BONE 28 0.000250
BONE 34 0.364213
BONE 22 0.086525

VERT 23
OFFSET 3.877064, 5.872495, 56.157509
BONES 9
BONE 5 0.054366
BONE 11 0.156086
BONE 16 0.457937
BONE 19 0.188878
BONE 34 0.051376
BONE 22 0.087667
BONE 1 0.000522
BONE 23 0.000834
BONE 20 0.002334

VERT 24
OFFSET 7.403798, 4.820348, 54.938759
BONES 10
BONE 5 0.026309
BONE 11 0.043300
BONE 16 0.189405
BONE 19 0.181478
BONE 28 0.000429
BONE 34 0.523739
BONE 22 0.034979
BONE 1 0.000248
BONE 23 0.000016
BONE 20 0.000096

VERT 25
OFFSET 8.082918, 4.507987, 51.592789
BONES 8
BONE 5 0.070550
BONE 11 0.104963
BONE 16 0.332034
BONE 19 0.059875
BONE 28 0.016609
BONE 34 0.408168
BONE 22 0.007192
BONE 1 0.000608

VERT 26
OFFSET 8.871386, 1.398420, 50.123859
BONES 9
BONE 5 0.038686
BONE 11 0.044236
BONE 16 0.537615
BONE 19 0.009278
BONE 28 0.071883
BONE 34 0.296544
BONE 22 0.001126
BONE 1 0.000022
BONE 32 0.000610

VERT 27
OFFSET 5.176150, -6.448653, 50.566456
BONES 9
BONE 5 0.385951
BONE 11 0.360136
BONE 16 0.194609
BONE 19 0.028204
BONE 34 0.011015
BONE 22 0.004754
BONE 1 0.015327
BONE 23 0.000001
BONE 20 0.000004

VERT 28
OFFSET 4.203304, -4.357736, 55.219090
BONES 9
BONE 5 0.064139
BONE 11 0.152699
BONE 16 0.552843
BONE 19 0.130838
BONE 34 0.027332
BONE 22 0.070034
BONE 1 0.001952
BONE 23 0.000055
BONE 20 0.000109

VERT 29
OFFSET 0.419151, -5.316685, 55.790829
BONES 9
BONE 5 0.058824
BONE 11 0.167975
BONE 16 0.714321
BONE 19 0.018997
BONE 22 0.016492
BONE 1 0.007720
BONE 23 0.004538
BONE 20 0.011120
BONE 35 0.000013

VERT 30
OFFSET 3.765033, -3.422889, 58.496395
BONES 9
BONE 5 0.002821
BONE 11 0.010916
BONE 16 0.870960
BONE 19 0.052662
BONE 34 0.008666
BONE 22 0.053164
BONE 1 0.000689
BONE 23 0.000060
BONE 20 0.000060

VERT 31
OFFSET 4.472629, 0.129952, 60.443115
BONES 6
BONE 5 0.000045
BONE 11 0.001621
BONE 16 0.705906
BONE 19 0.119565
BONE 34 0.011721
BONE 22 0.161142

VERT 32
OFFSET 6.871606, -2.397603, 42.597603
BONES 6
BONE 5 0.487914
BONE 11 0.026810
BONE 16 0.000354
BONE 34 0.000012
BONE 1 0.481997
BONE 7 0.002913

VERT 33
OFFSET 7.486258, 1.550290, 42.822876
BONES 7
BONE 5 0.487243
BONE 11 0.041811
BONE 16 0.000091
BONE 34 0.000328
BONE 1 0.458086
BONE 3 0.000030
BONE 7 0.012410

VERT 34
OFFSET 5.772558, 3.963687, 43.055588
BONES 6
BONE 5 0.454778
BONE 11 0.074810
BONE 16 0.000650
BONE 34 0.000390
BONE 1 0.465820
BONE 7 0.003551

VERT 35
OFFSET 3.114409, 5.575576, 43.366928
BONES 5
BONE 5 0.396159
BONE 11 0.124762
BONE 1 0.476854
BONE 7 0.002158
BONE 8 0.000067

VERT 36
OFFSET 0.199304, 5.669226, 43.385723
BONES 5
BONE 5 0.423573
BONE 11 0.105343
BONE 1 0.469019
BONE 7 0.000869
BONE 8 0.001197

VERT 37
OFFSET 0.395939, 5.896338, 56.225254
BONES 10
BONE 5 0.064351
BONE 11 0.200950
BONE 16 0.563078
BONE 19 0.046019
BONE 34 0.002293
BONE 22 0.038222
BONE 1 0.000197
BONE 23 0.034543
BONE 20 0.049489
BONE 35 0.000859

VERT 38
OFFSET 2.779420, 2.501528, 60.646580
BONES 8
BONE 5 0.000576
BONE 11 0.007429
BONE 16 0.761659
BONE 19 0.081064
BONE 34 0.006052
BONE 22 0.138586
BONE 23 0.003325
BONE 20 0.001309

VERT 39
OFFSET 0.102189, 3.393753, 60.888973
BONES 9
BONE 5 0.000109
BONE 11 0.007492
BONE 16 0.920104
BONE 19 0.005972
BONE 34 0.000023
BONE 22 0.027377
BONE 23 0.028171
BONE 20 0.010751
BONE 35 0.000000

VERT 40
OFFSET 4.432655, -5.251661, 44.814560
BONES 4
BONE 5 0.598348
BONE 11 0.125096
BONE 16 0.002732
BONE 1 0.273824

VERT 41
OFFSET 4.266078, -4.721679, 42.332848
BONES 7
BONE 5 0.389085
BONE 11 0.024607
BONE 16 0.000306
BONE 1 0.579003
BONE 3 0.000013
BONE 7 0.006786
BONE 8 0.000201

VERT 42
OFFSET 0.694247, -6.069592, 44.831547
BONES 4
BONE 5 0.600511
BONE 11 0.117380
BONE 16 0.000800
BONE 1 0.281310

VERT 43
OFFSET 0.476625, -5.549823, 42.458633
BONES 5
BONE 5 0.351286
BONE 11 0.022912
BONE 1 0.620755
BONE 7 0.002567
BONE 8 0.002479

VERT 44
OFFSET 3.195126, -0.251355, 61.310001
BONES 6
BONE 11 0.002927
BONE 16 0.808631
BONE 19 0.053031
BONE 22 0.134124
BONE 23 0.000644
BONE 20 0.000644

VERT 45
OFFSET 2.245274, 2.100330, 62.072041
BONES 6
BONE 11 0.001103
BONE 16 0.904267
BONE 19 0.024110
BONE 22 0.069097
BONE 23 0.001371
BONE 20 0.000052

VERT 46
OFFSET 0.148008, 2.767999, 62.171577
BONES 6
BONE 11 0.002731
BONE 16 0.963324
BONE 19 0.002329
BONE 22 0.015297
BONE 23 0.013500
BONE 20 0.002820

VERT 47
OFFSET 2.328731, -2.568120, 59.408394
BONES 9
BONE 5 0.002954
BONE 11 0.023842
BONE 16 0.811902
BONE 19 0.047048
BONE 34 0.003067
BONE 22 0.106508
BONE 1 0.001874
BONE 23 0.001806
BONE 20 0.001000

VERT 48
OFFSET 0.104007, -2.955802, 59.511574
BONES 8
BONE 5 0.001692
BONE 11 0.028745
BONE 16 0.932550
BONE 19 0.004003
BONE 22 0.017318
BONE 1 0.002638
BONE 23 0.011075
BONE 20 0.001979

VERT 49
OFFSET 9.736737, 2.887071, 56.948223
BONES 7
BONE 5 0.000253
BONE 11 0.001258
BONE 16 0.004153
BONE 19 0.176295
BONE 28 0.003261
BONE 34 0.812391
BONE 22 0.002389

VERT 50
OFFSET 9.638183, -2.057311, 56.765034
BONES 7
BONE 5 0.001432
BONE 11 0.004076
BONE 16 0.050715
BONE 19 0.075116
BONE 28 0.015159
BONE 34 0.847230
BONE 22 0.006273

VERT 51
OFFSET 8.926911, -2.791361, 54.617317
BONES 7
BONE 5 0.009347
BONE 11 0.012232
BONE 16 0.174635
BONE 19 0.072743
BONE 28 0.019061
BONE 34 0.707934
BONE 22 0.004048

VERT 52
OFFSET 14.118176, -1.451381, 54.102116
BONES 9
BONE 5 0.000004
BONE 11 0.007462
BONE 16 0.001023
BONE 19 0.019979
BONE 28 0.508047
BONE 34 0.457099
BONE 22 0.000775
BONE 32 0.004600
BONE 30 0.001011

VERT 53
OFFSET 10.337726, 0.209995, 57.762928
BONES 7
BONE 5 0.000829
BONE 11 0.007167
BONE 16 0.021606
BONE 19 0.142418
BONE 28 0.019742
BONE 34 0.797598
BONE 22 0.010640

VERT 54
OFFSET 13.982626, 1.004058, 53.624210
BONES 9
BONE 5 0.000227
BONE 11 0.009468
BONE 16 0.001015
BONE 19 0.019146
BONE 28 0.490590
BONE 34 0.476579
BONE 22 0.000589
BONE 32 0.002141
BONE 30 0.000244

VERT 55
OFFSET 13.529995, 2.459038, 51.976658
BONES 8
BONE 5 0.000325
BONE 11 0.011823
BONE 16 0.001851
BONE 19 0.013457
BONE 28 0.541339
BONE 34 0.430078
BONE 22 0.000272
BONE 30 0.000855

VERT 56
OFFSET 9.162477, 4.233197, 54.832687
BONES 7
BONE 5 0.002408
BONE 11 0.000513
BONE 16 0.002751
BONE 19 0.124209
BONE 28 0.003574
BONE 34 0.864075
BONE 22 0.002470

VERT 57
OFFSET 8.909245, -1.486717, 51.686733
BONES 9
BONE 5 0.009064
BONE 11 0.016824
BONE 16 0.202419
BONE 19 0.014185
BONE 28 0.069012
BONE 34 0.686983
BONE 22 0.000225
BONE 32 0.001289
BONE 30 0.000000

VERT 58
OFFSET 12.177785, -2.839991, 51.638386
BONES 9
BONE 5 0.000401
BONE 11 0.011069
BONE 16 0.003421
BONE 19 0.012386
BONE 28 0.547770
BONE 34 0.418537
BONE 22 0.000359
BONE 32 0.005223
BONE 30 0.000833

VERT 59
OFFSET 11.529243, -1.792547, 49.466625
BONES 9
BONE 5 0.001468
BONE 11 0.010611
BONE 16 0.006836
BONE 19 0.007039
BONE 28 0.653754
BONE 34 0.310680
BONE 22 0.000318
BONE 32 0.006405
BONE 30 0.002889

VERT 60
OFFSET 9.133616, 1.372324, 50.541626
BONES 9
BONE 5 0.009026
BONE 11 0.014703
BONE 16 0.322156
BONE 19 0.010520
BONE 28 0.105309
BONE 34 0.535534
BONE 22 0.001249
BONE 1 0.000000
BONE 32 0.001503

VERT 61
OFFSET 9.091266, 3.995760, 51.810665
BONES 9
BONE 5 0.018141
BONE 11 0.021578
BONE 16 0.193809
BONE 19 0.036249
BONE 28 0.051186
BONE 34 0.675466
BONE 22 0.003118
BONE 1 0.000064
BONE 32 0.000390

VERT 62
OFFSET 12.198846, 2.862203, 49.800129
BONES 9
BONE 5 0.001545
BONE 11 0.009543
BONE 16 0.002804
BONE 19 0.012706
BONE 28 0.556598
BONE 34 0.410007
BONE 22 0.000482
BONE 32 0.001826
BONE 30 0.004489

VERT 63
OFFSET 11.442400, 0.710495, 48.576958
BONES 9
BONE 5 0.001806
BONE 11 0.009387
BONE 16 0.008704
BONE 19 0.006727
BONE 28 0.638741
BONE 34 0.327147
BONE 22 0.000417
BONE 32 0.002119
BONE 30 0.004952

VERT 64
OFFSET 17.510628, -9.808992, 42.920040
BONES 1
BONE 32 1.000000

VERT 65
OFFSET 16.799337, -10.956611, 44.807369
BONES 1
BONE 32 1.000000

VERT 66
OFFSET 18.988165, -11.114643, 45.725243
BONES 1
BONE 32 1.000000

VERT 67
OFFSET 20.412092, -10.099405, 44.963680
BONES 1
BONE 32 1.000000

VERT 68
OFFSET 20.345251, -9.007420, 43.304455
BONES 1
BONE 32 1.000000

VERT 69
OFFSET 18.946779, -8.703022, 42.185604
BONES 3
BONE 28 0.000025
BONE 32 0.999906
BONE 30 0.000070

VERT 70
OFFSET 15.894670, -4.944193, 44.357555
BONES 1
BONE 32 1.000000

VERT 71
OFFSET 17.887936, -6.628989, 48.560284
BONES 1
BONE 32 1.000000

VERT 72
OFFSET 19.581436, -5.045094, 47.072380
BONES 1
BONE 32 1.000000

VERT 73
OFFSET 19.442095, -4.167974, 45.495865
BONES 1
BONE 32 1.000000

VERT 74
OFFSET 18.150579, -3.911999, 43.968124
BONES 1
BONE 32 1.000000

VERT 75
OFFSET 15.614245, -6.748085, 47.090839
BONES 1
BONE 32 1.000000

VERT 76
OFFSET 14.485221, -0.509496, 45.975685
BONES 5
BONE 11 0.000059
BONE 28 0.605074
BONE 34 0.003592
BONE 32 0.292175
BONE 30 0.099100

VERT 77
OFFSET 14.830323, -3.712409, 48.841015
BONES 6
BONE 11 0.000017
BONE 19 0.000007
BONE 28 0.361811
BONE 34 0.004761
BONE 32 0.602460
BONE 30 0.030945

VERT 78
OFFSET 16.880623, -3.430416, 50.789169
BONES 6
BONE 11 0.000197
BONE 19 0.000081
BONE 28 0.326888
BONE 34 0.013111
BONE 32 0.562794
BONE 30 0.096929

VERT 79
OFFSET 18.292933, -1.317723, 50.205040
BONES 6
BONE 11 0.000326
BONE 19 0.000051
BONE 28 0.212972
BONE 34 0.012428
BONE 32 0.517186
BONE 30 0.257037

VERT 80
OFFSET 18.623583, -1.263860, 47.419224
BONES 4
BONE 28 0.003421
BONE 34 0.000026
BONE 32 0.898985
BONE 30 0.097569

VERT 81
OFFSET 16.813959, 0.670368, 46.439625
BONES 6
BONE 11 0.000023
BONE 19 0.000022
BONE 28 0.147637
BONE 34 0.002041
BONE 32 0.385958
BONE 30 0.464319

VERT 82
OFFSET 18.156878, 0.106944, 48.209991
BONES 6
BONE 11 0.000058
BONE 19 0.000006
BONE 28 0.064063
BONE 34 0.002916
BONE 32 0.391970
BONE 30 0.540986

VERT 83
OFFSET 14.591183, -3.320385, 49.278336
BONES 6
BONE 11 0.000012
BONE 19 0.000005
BONE 28 0.613967
BONE 34 0.003044
BONE 32 0.362899
BONE 30 0.020073

VERT 84
OFFSET 16.999533, 0.982510, 49.242943
BONES 6
BONE 11 0.000176
BONE 19 0.000048
BONE 28 0.451645
BONE 34 0.006383
BONE 32 0.270703
BONE 30 0.271045

VERT 85
OFFSET 3.902646, 8.023186, 33.106369
BONES 4
BONE 1 0.435611
BONE 3 0.003467
BONE 7 0.509090
BONE 8 0.051832

VERT 86
OFFSET 8.073320, 5.282530, 33.361580
BONES 4
BONE 1 0.270598
BONE 3 0.005354
BONE 7 0.721990
BONE 8 0.002057

VERT 87
OFFSET 10.080989, 0.782704, 32.912712
BONES 3
BONE 1 0.048578
BONE 3 0.099114
BONE 7 0.852307

VERT 88
OFFSET 8.656913, -2.770675, 32.966309
BONES 3
BONE 1 0.044686
BONE 3 0.067791
BONE 7 0.887523

VERT 89
OFFSET 0.190705, 8.488713, 33.124981
BONES 5
BONE 1 0.445744
BONE 3 0.001194
BONE 7 0.281312
BONE 8 0.271417
BONE 4 0.000333

VERT 90
OFFSET 5.281661, -5.902691, 32.484604
BONES 4
BONE 1 0.121788
BONE 3 0.017720
BONE 7 0.841463
BONE 8 0.019029

VERT 91
OFFSET -0.291068, -6.784058, 31.801151
BONES 4
BONE 1 0.331870
BONE 7 0.307428
BONE 8 0.360196
BONE 4 0.000506

VERT 92
OFFSET 4.967526, -6.434289, 48.129513
BONES 6
BONE 5 0.577458
BONE 11 0.291653
BONE 16 0.053206
BONE 19 0.005431
BONE 34 0.001503
BONE 1 0.070748

VERT 93
OFFSET -2.759902, 4.545792, 45.757336
BONES 7
BONE 5 0.528471
BONE 11 0.322760
BONE 16 0.007049
BONE 1 0.140948
BONE 23 0.000023
BONE 20 0.000174
BONE 35 0.000575

VERT 94
OFFSET -3.237351, 5.782568, 50.213760
BONES 10
BONE 5 0.361863
BONE 11 0.377141
BONE 16 0.188253
BONE 19 0.000060
BONE 22 0.000024
BONE 1 0.014951
BONE 23 0.006574
BONE 20 0.031361
BONE 35 0.019745
BONE 29 0.000028

VERT 95
OFFSET -6.146266, 4.359310, 49.007225
BONES 8
BONE 5 0.413652
BONE 11 0.319005
BONE 16 0.151056
BONE 1 0.036420
BONE 23 0.002080
BONE 20 0.018934
BONE 35 0.058500
BONE 29 0.000353

VERT 96
OFFSET -5.161187, 3.455353, 45.417210
BONES 6
BONE 5 0.594024
BONE 11 0.193909
BONE 16 0.015397
BONE 1 0.189650
BONE 20 0.000954
BONE 35 0.006065

VERT 97
OFFSET -7.583481, 0.656669, 48.249084
BONES 8
BONE 5 0.399645
BONE 11 0.267281
BONE 16 0.226677
BONE 1 0.044836
BONE 23 0.000013
BONE 20 0.004052
BONE 35 0.057049
BONE 29 0.000448

VERT 98
OFFSET -6.732246, 0.725534, 45.179672
BONES 6
BONE 5 0.625493
BONE 11 0.141672
BONE 16 0.015296
BONE 1 0.210928
BONE 20 0.000245
BONE 35 0.006365

VERT 99
OFFSET -6.872273, -2.471792, 49.238113
BONES 7
BONE 5 0.413573
BONE 11 0.305964
BONE 16 0.194566
BONE 1 0.034187
BONE 23 0.000085
BONE 20 0.012663
BONE 35 0.038962

VERT 100
OFFSET -6.394401, -2.229940, 44.888680
BONES 5
BONE 5 0.618746
BONE 11 0.125557
BONE 16 0.007017
BONE 1 0.247669
BONE 35 0.001011

VERT 101
OFFSET -3.238969, 5.713858, 56.184753
BONES 9
BONE 5 0.057224
BONE 11 0.178276
BONE 16 0.458592
BONE 19 0.001237
BONE 22 0.001404
BONE 1 0.001572
BONE 23 0.093407
BONE 20 0.186349
BONE 35 0.021938

VERT 102
OFFSET -6.509951, 3.763160, 58.299091
BONES 9
BONE 5 0.007405
BONE 11 0.030366
BONE 16 0.284593
BONE 19 0.000011
BONE 22 0.000110
BONE 1 0.000093
BONE 23 0.105939
BONE 20 0.356378
BONE 35 0.215105

VERT 103
OFFSET -6.656278, 5.367616, 54.943657
BONES 10
BONE 5 0.043026
BONE 11 0.082717
BONE 16 0.288162
BONE 19 0.000031
BONE 22 0.000031
BONE 1 0.000751
BONE 23 0.046247
BONE 20 0.184406
BONE 35 0.354385
BONE 29 0.000244

VERT 104
OFFSET -7.365033, 4.238913, 51.262634
BONES 8
BONE 5 0.133621
BONE 11 0.187201
BONE 16 0.319109
BONE 1 0.002287
BONE 23 0.009459
BONE 20 0.062104
BONE 35 0.271891
BONE 29 0.014327

VERT 105
OFFSET -7.360111, -1.676508, 51.465500
BONES 9
BONE 5 0.057797
BONE 11 0.200017
BONE 16 0.507969
BONE 1 0.001735
BONE 23 0.002906
BONE 20 0.025753
BONE 35 0.187991
BONE 29 0.015758
BONE 33 0.000073

VERT 106
OFFSET -8.075208, 0.600704, 50.191978
BONES 9
BONE 5 0.082406
BONE 11 0.137643
BONE 16 0.353767
BONE 1 0.001197
BONE 23 0.000923
BONE 20 0.007680
BONE 35 0.356534
BONE 29 0.059207
BONE 33 0.000643

VERT 107
OFFSET -3.993068, -5.181921, 50.587173
BONES 8
BONE 5 0.355684
BONE 11 0.367827
BONE 16 0.221494
BONE 19 0.000423
BONE 1 0.018898
BONE 23 0.003494
BONE 20 0.024933
BONE 35 0.007246

VERT 108
OFFSET -4.009123, -4.519948, 55.241707
BONES 9
BONE 5 0.059532
BONE 11 0.139852
BONE 16 0.635395
BONE 19 0.000491
BONE 1 0.003090
BONE 23 0.040264
BONE 20 0.093189
BONE 35 0.028106
BONE 29 0.000080

VERT 109
OFFSET -6.536621, -3.247761, 54.737873
BONES 8
BONE 5 0.043371
BONE 11 0.138630
BONE 16 0.475746
BONE 1 0.000206
BONE 23 0.036836
BONE 20 0.152083
BONE 35 0.152366
BONE 29 0.000762

VERT 110
OFFSET -3.501172, -3.067804, 58.764530
BONES 7
BONE 5 0.003743
BONE 11 0.019093
BONE 16 0.708625
BONE 1 0.002452
BONE 23 0.124841
BONE 20 0.130057
BONE 35 0.011189

VERT 111
OFFSET -6.460902, -2.277579, 57.808079
BONES 8
BONE 5 0.007725
BONE 11 0.015105
BONE 16 0.321673
BONE 1 0.000007
BONE 23 0.154171
BONE 20 0.323149
BONE 35 0.177770
BONE 29 0.000399

VERT 112
OFFSET -6.912313, 0.592227, 59.110176
BONES 6
BONE 5 0.000846
BONE 11 0.006642
BONE 16 0.170840
BONE 23 0.165151
BONE 20 0.377208
BONE 35 0.279313

VERT 113
OFFSET -4.141634, 0.100642, 60.454414
BONES 7
BONE 5 0.000288
BONE 11 0.002632
BONE 16 0.664382
BONE 1 0.000094
BONE 23 0.187505
BONE 20 0.132952
BONE 35 0.012148

VERT 114
OFFSET -6.346900, -1.975785, 42.639107
BONES 6
BONE 5 0.380940
BONE 11 0.031414
BONE 16 0.001269
BONE 1 0.578564
BONE 8 0.007668
BONE 35 0.000145

VERT 115
OFFSET -6.672588, 0.876299, 42.806473
BONES 9
BONE 5 0.388727
BONE 11 0.049608
BONE 16 0.001999
BONE 1 0.548445
BONE 3 0.000624
BONE 7 0.000000
BONE 8 0.007438
BONE 35 0.000919
BONE 4 0.002239

VERT 116
OFFSET -5.027445, 3.362800, 43.071442
BONES 6
BONE 5 0.364454
BONE 11 0.085129
BONE 16 0.002633
BONE 1 0.543408
BONE 8 0.003440
BONE 35 0.000936

VERT 117
OFFSET -2.714066, 4.835432, 43.330734
BONES 7
BONE 5 0.396518
BONE 11 0.104667
BONE 16 0.001035
BONE 1 0.495238
BONE 7 0.000065
BONE 8 0.002217
BONE 35 0.000259

VERT 118
OFFSET -3.437532, 6.676014, 38.439060
BONES 5
BONE 5 0.003010
BONE 1 0.792634
BONE 7 0.015976
BONE 8 0.186218
BONE 4 0.002162

VERT 119
OFFSET -6.736737, 4.677032, 38.227798
BONES 5
BONE 5 0.006742
BONE 1 0.675781
BONE 7 0.002713
BONE 8 0.310762
BONE 4 0.004001

VERT 120
OFFSET -8.588067, 1.041192, 37.770668
BONES 7
BONE 5 0.012246
BONE 11 0.008918
BONE 1 0.538251
BONE 3 0.007882
BONE 7 0.000067
BONE 8 0.400593
BONE 4 0.032043

VERT 121
OFFSET -7.503133, -2.336797, 37.871319
BONES 7
BONE 5 0.019481
BONE 11 0.005901
BONE 1 0.590919
BONE 3 0.005358
BONE 7 0.002315
BONE 8 0.355434
BONE 4 0.020592

VERT 122
OFFSET -2.892775, 2.594391, 60.717041
BONES 8
BONE 5 0.000219
BONE 11 0.005946
BONE 16 0.779153
BONE 19 0.000051
BONE 22 0.001195
BONE 23 0.148654
BONE 20 0.064080
BONE 35 0.000702

VERT 123
OFFSET -3.849858, -4.369519, 44.748688
BONES 5
BONE 5 0.548110
BONE 11 0.121742
BONE 16 0.006512
BONE 1 0.323616
BONE 8 0.000021

VERT 124
OFFSET -3.868912, -5.257998, 48.148762
BONES 8
BONE 5 0.529835
BONE 11 0.308238
BONE 16 0.074540
BONE 19 0.000073
BONE 1 0.078252
BONE 23 0.000595
BONE 20 0.006836
BONE 35 0.001631

VERT 125
OFFSET -4.012274, -4.005928, 42.496979
BONES 5
BONE 5 0.353176
BONE 11 0.029599
BONE 16 0.001177
BONE 1 0.610195
BONE 8 0.005852

VERT 126
OFFSET -4.920669, -4.616091, 37.250656
BONES 5
BONE 5 0.008208
BONE 1 0.604716
BONE 7 0.016452
BONE 8 0.369160
BONE 4 0.001463

VERT 127
OFFSET -0.307867, -5.914313, 44.759315
BONES 4
BONE 5 0.588066
BONE 11 0.121771
BONE 16 0.001686
BONE 1 0.288477

VERT 128
OFFSET -0.490336, -5.137881, 42.382919
BONES 6
BONE 5 0.335618
BONE 11 0.025680
BONE 16 0.000083
BONE 1 0.633030
BONE 7 0.002009
BONE 8 0.003579

VERT 129
OFFSET -2.987393, -0.094797, 61.302456
BONES 6
BONE 11 0.002935
BONE 16 0.854661
BONE 19 0.000002
BONE 22 0.000019
BONE 23 0.106182
BONE 20 0.036200

VERT 130
OFFSET -2.303589, 1.877906, 62.047775
BONES 6
BONE 11 0.001163
BONE 16 0.893417
BONE 19 0.000114
BONE 22 0.000949
BONE 23 0.081466
BONE 20 0.022891

VERT 131
OFFSET -1.902704, -2.422417, 59.694180
BONES 9
BONE 5 0.000709
BONE 11 0.017225
BONE 16 0.894363
BONE 19 0.000541
BONE 22 0.001470
BONE 1 0.001246
BONE 23 0.062373
BONE 20 0.022050
BONE 35 0.000022

VERT 132
OFFSET -9.213431, 3.074165, 57.235615
BONES 7
BONE 5 0.002447
BONE 11 0.001294
BONE 16 0.009639
BONE 23 0.015657
BONE 20 0.200318
BONE 35 0.760679
BONE 29 0.009965

VERT 133
OFFSET -8.703657, -1.806460, 56.597847
BONES 7
BONE 5 0.002712
BONE 11 0.002598
BONE 16 0.021216
BONE 23 0.010190
BONE 20 0.116710
BONE 35 0.843343
BONE 29 0.003230

VERT 134
OFFSET -7.987827, -2.244712, 54.570862
BONES 7
BONE 5 0.012010
BONE 11 0.020697
BONE 16 0.102107
BONE 23 0.009624
BONE 20 0.097095
BONE 35 0.752631
BONE 29 0.005836

VERT 135
OFFSET -13.181538, -1.543991, 53.583256
BONES 9
BONE 5 0.000145
BONE 11 0.004204
BONE 16 0.001287
BONE 23 0.000919
BONE 20 0.025786
BONE 35 0.494916
BONE 29 0.453462
BONE 33 0.018817
BONE 31 0.000464

VERT 136
OFFSET -9.675495, 0.210025, 57.560146
BONES 7
BONE 5 0.000649
BONE 11 0.001100
BONE 16 0.006641
BONE 23 0.012101
BONE 20 0.138995
BONE 35 0.827931
BONE 29 0.012583

VERT 137
OFFSET -13.725191, 1.033068, 53.396881
BONES 9
BONE 5 0.000480
BONE 11 0.004855
BONE 16 0.001899
BONE 23 0.001017
BONE 20 0.027954
BONE 35 0.477926
BONE 29 0.463737
BONE 33 0.022022
BONE 31 0.000111

VERT 138
OFFSET -13.285373, 2.689428, 51.909180
BONES 9
BONE 5 0.001059
BONE 11 0.008120
BONE 16 0.005196
BONE 23 0.000709
BONE 20 0.020775
BONE 35 0.470907
BONE 29 0.460818
BONE 33 0.032171
BONE 31 0.000244

VERT 139
OFFSET -8.671766, 4.932776, 54.745602
BONES 8
BONE 5 0.008784
BONE 11 0.005739
BONE 16 0.022408
BONE 1 0.000030
BONE 23 0.007417
BONE 20 0.145572
BONE 35 0.802854
BONE 29 0.007194

VERT 140
OFFSET -8.337234, -1.237854, 51.781975
BONES 8
BONE 5 0.025315
BONE 11 0.015816
BONE 16 0.114698
BONE 1 0.000417
BONE 23 0.000581
BONE 20 0.017578
BONE 35 0.773787
BONE 29 0.051807

VERT 141
OFFSET -10.893117, -2.637367, 51.739437
BONES 9
BONE 5 0.001986
BONE 11 0.007656
BONE 16 0.011662
BONE 23 0.000908
BONE 20 0.017876
BONE 35 0.586247
BONE 29 0.365737
BONE 33 0.007792
BONE 31 0.000138

VERT 142
OFFSET -10.468839, -1.399964, 49.634758
BONES 9
BONE 5 0.005076
BONE 11 0.011372
BONE 16 0.015156
BONE 23 0.000771
BONE 20 0.008316
BONE 35 0.469411
BONE 29 0.486737
BONE 33 0.002722
BONE 31 0.000438

VERT 143
OFFSET -8.690530, 0.643368, 50.529446
BONES 10
BONE 5 0.016072
BONE 11 0.017095
BONE 16 0.073270
BONE 1 0.000005
BONE 23 0.001023
BONE 20 0.007121
BONE 35 0.706065
BONE 29 0.179174
BONE 33 0.000169
BONE 31 0.000006

VERT 144
OFFSET -8.321492, 4.074751, 51.628738
BONES 8
BONE 5 0.040052
BONE 11 0.055447
BONE 16 0.140760
BONE 1 0.000246
BONE 23 0.004003
BONE 20 0.033542
BONE 35 0.709565
BONE 29 0.016385

VERT 145
OFFSET -11.773458, 2.873131, 49.725727
BONES 9
BONE 5 0.002219
BONE 11 0.008810
BONE 16 0.007431
BONE 23 0.000749
BONE 20 0.015377
BONE 35 0.468644
BONE 29 0.488345
BONE 33 0.007219
BONE 31 0.001205

VERT 146
OFFSET -10.719409, 0.554176, 48.451889
BONES 9
BONE 5 0.003440
BONE 11 0.010549
BONE 16 0.012771
BONE 23 0.000667
BONE 20 0.008081
BONE 35 0.385938
BONE 29 0.577404
BONE 33 0.000155
BONE 31 0.000996

VERT 147
OFFSET -17.453897, -9.159221, 42.758766
BONES 3
BONE 29 0.000084
BONE 33 0.999784
BONE 31 0.000132

VERT 148
OFFSET -16.901346, -10.748033, 44.913319
BONES 3
BONE 29 0.000001
BONE 33 0.999999
BONE 31 0.000000

VERT 149
OFFSET -15.482817, -5.141542, 44.497459
BONES 3
