// Export filename: 'C:/cod5/cod/cod5/model_export/viewmodels/viewmodel_cloth_pbycrew.XMODEL_EXPORT'
// Source filename: 'C:/cod5/cod/cod5/model_export/viewmodels/viewmodel_usa_pbycrew.ma'
// Export time: Tue Jun 10 16:26:12 2008
MODEL
VERSION 6

NUMBONES 70
BONE 0 -1 "tag_view"
BONE 1 0 "tag_ads"
BONE 2 0 "tag_cambone"
BONE 3 0 "tag_torso"
BONE 4 3 "J_Shoulder_LE"
BONE 5 3 "J_Shoulder_RI"
BONE 6 2 "tag_camera"
BONE 7 3 "tag_weapon"
BONE 8 4 "J_Elbow_LE"
BONE 9 5 "J_Elbow_RI"
BONE 10 6 "tag_gasmask"
BONE 11 8 "J_Sleave_Reshape_Bottom_LE_1"
BONE 12 8 "J_Sleave_Reshape_Bottom_LE_2"
BONE 13 8 "J_Sleave_Reshape_Top_LE_1"
BONE 14 8 "J_Sleave_Reshape_Top_LE_2"
BONE 15 8 "J_Sleave_Reshape_Top_LE_3"
BONE 16 9 "J_Sleave_Reshape_Top_RI_1"
BONE 17 9 "J_Sleave_Reshape_Top_RI_2"
BONE 18 9 "J_Sleave_Reshape_Top_RI_3"
BONE 19 8 "J_Wrist_LE"
BONE 20 9 "J_Wrist_RI"
BONE 21 8 "J_WristTwist_LE"
BONE 22 9 "J_WristTwist_RI"
BONE 23 19 "J_Index_LE_0"
BONE 24 20 "J_Index_RI_0"
BONE 25 19 "J_Mid_LE_0"
BONE 26 20 "J_Mid_RI_0"
BONE 27 19 "J_PinkyPalm_LE"
BONE 28 20 "J_PinkyPalm_RI"
BONE 29 19 "J_RingPalm_LE"
BONE 30 20 "J_RingPalm_RI"
BONE 31 19 "J_Thumb_LE_0"
BONE 32 20 "J_Thumb_RI_0"
BONE 33 19 "J_Webbing_LE"
BONE 34 20 "J_Webbing_RI"
BONE 35 19 "tag_knife_attach"
BONE 36 23 "J_Index_LE_1"
BONE 37 24 "J_Index_RI_1"
BONE 38 25 "J_Mid_LE_1"
BONE 39 26 "J_Mid_RI_1"
BONE 40 27 "J_Pinky_LE_0"
BONE 41 28 "J_Pinky_RI_0"
BONE 42 29 "J_Ring_LE_0"
BONE 43 30 "J_Ring_RI_0"
BONE 44 31 "J_Thumb_LE_1"
BONE 45 32 "J_Thumb_RI_1"
BONE 46 36 "J_Index_LE_2"
BONE 47 37 "J_Index_RI_2"
BONE 48 38 "J_Mid_LE_2"
BONE 49 39 "J_Mid_RI_2"
BONE 50 40 "J_Pinky_LE_1"
BONE 51 41 "J_Pinky_RI_1"
BONE 52 42 "J_Ring_LE_1"
BONE 53 43 "J_Ring_RI_1"
BONE 54 44 "J_Thumb_LE_2"
BONE 55 45 "J_Thumb_RI_2"
BONE 56 46 "J_Index_LE_3"
BONE 57 47 "J_Index_RI_3"
BONE 58 48 "J_Mid_LE_3"
BONE 59 49 "J_Mid_RI_3"
BONE 60 50 "J_Pinky_LE_2"
BONE 61 51 "J_Pinky_RI_2"
BONE 62 52 "J_Ring_LE_2"
BONE 63 53 "J_Ring_RI_2"
BONE 64 54 "J_Thumb_LE_3"
BONE 65 55 "J_Thumb_RI_3"
BONE 66 60 "J_Pinky_LE_3"
BONE 67 61 "J_Pinky_RI_3"
BONE 68 62 "J_Ring_LE_3"
BONE 69 63 "J_Ring_RI_3"

BONE 0
OFFSET 0.000000, 0.000000, 0.000000
SCALE 1.000000, 1.000000, 1.000000
X 1.000000, 0.000000, 0.000000
Y 0.000000, 1.000000, 0.000000
Z 0.000000, 0.000000, 1.000000

BONE 1
OFFSET 0.000000, 0.000000, 0.000000
SCALE 1.000000, 1.000000, 1.000000
X 1.000000, 0.000000, 0.000000
Y 0.000000, 1.000000, 0.000000
Z 0.000000, 0.000000, 1.000000

BONE 2
OFFSET 0.000000, 0.000000, 0.000000
SCALE 1.000000, 1.000000, 1.000000
X 1.000000, 0.000000, 0.000000
Y 0.000000, 1.000000, 0.000000
Z 0.000000, 0.000000, 1.000000

BONE 3
OFFSET -4.631834, 0.000000, -1.376955
SCALE 1.000000, 1.000000, 1.000000
X 1.000000, 0.000000, 0.000000
Y 0.000000, 1.000000, 0.000000
Z 0.000000, 0.000000, 1.000000

BONE 4
OFFSET -3.506030, 7.937290, -3.186910
SCALE 1.000000, 1.000000, 1.000000
X 0.472986, 0.011374, -0.880996
Y 0.446745, -0.864941, 0.228681
Z -0.759409, -0.501744, -0.414187

BONE 5
OFFSET -3.506032, -7.937284, -3.186909
SCALE 1.000000, 1.000000, 1.000000
X -0.472986, 0.011374, 0.880996
Y -0.446745, -0.864941, -0.228681
Z 0.759409, -0.501744, 0.414187

BONE 6
OFFSET 0.000000, 0.000000, 0.000000
SCALE 1.000000, 1.000000, 1.000000
X 1.000000, 0.000000, 0.000000
Y 0.000000, 1.000000, 0.000000
Z 0.000000, 0.000000, 1.000000

BONE 7
OFFSET 10.527968, 0.000000, -8.129675
SCALE 1.000000, 1.000000, 1.000000
X 1.000000, 0.000000, 0.000000
Y 0.000000, 1.000000, 0.000000
Z 0.000000, 0.000000, 1.000000

BONE 8
OFFSET 2.214219, 8.074842, -13.841592
SCALE 1.000000, 1.000000, 1.000000
X 0.999978, -0.002833, 0.005930
Y -0.005970, -0.014367, 0.999879
Z -0.002747, -0.999893, -0.014384

BONE 9
OFFSET 2.214221, -8.074842, -13.841575
SCALE 1.000000, 1.000000, 1.000000
X -0.999978, -0.002833, -0.005930
Y 0.005970, -0.014367, -0.999879
Z 0.002747, -0.999893, 0.014384

BONE 10
OFFSET 1.540442, 0.000000, 4.135746
SCALE 1.000000, 1.000000, 1.000000
X 1.000000, 0.000000, 0.000000
Y 0.000000, 1.000000, 0.000000
Z 0.000000, 0.000000, 1.000000

BONE 11
OFFSET 12.125037, 8.958635, -14.825972
SCALE 1.000000, 1.000000, 1.000000
X 1.000000, 0.000000, 0.000000
Y 0.000000, 1.000000, 0.000000
Z 0.000000, 0.000000, 1.000000

BONE 12
OFFSET 11.739065, 7.335669, -15.051069
SCALE 1.000000, 1.000000, 1.000000
X 1.000000, 0.000000, 0.000000
Y 0.000000, 1.000000, 0.000000
Z 0.000000, 0.000000, 1.000000

BONE 13
OFFSET 12.634503, 8.810233, -12.285378
SCALE 1.000000, 1.000000, 1.000000
X 1.000000, 0.000000, 0.000000
Y 0.000000, 1.000000, 0.000000
Z 0.000000, 0.000000, 1.000000

BONE 14
OFFSET 12.530005, 7.482795, -12.089205
SCALE 1.000000, 1.000000, 1.000000
X 1.000000, 0.000000, 0.000000
Y 0.000000, 1.000000, 0.000000
Z 0.000000, 0.000000, 1.000000

BONE 15
OFFSET 12.149994, 6.891432, -13.059547
SCALE 1.000000, 1.000000, 1.000000
X 1.000000, 0.000000, 0.000000
Y 0.000000, 1.000000, 0.000000
Z 0.000000, 0.000000, 1.000000

BONE 16
OFFSET 12.634488, -8.810236, -12.285394
SCALE 1.000000, 1.000000, 1.000000
X -1.000000, 0.000000, -0.000000
Y 0.000000, 1.000000, 0.000000
Z 0.000000, 0.000000, -1.000000

BONE 17
OFFSET 12.530000, -7.482795, -12.089212
SCALE 1.000000, 1.000000, 1.000000
X -1.000000, 0.000000, -0.000000
Y 0.000000, 1.000000, 0.000000
Z 0.000000, 0.000000, -1.000000

BONE 18
OFFSET 12.150000, -6.891418, -13.059566
SCALE 1.000000, 1.000000, 1.000000
X -1.000000, 0.000000, -0.000000
Y 0.000000, 1.000000, 0.000000
Z 0.000000, 0.000000, -1.000000

BONE 19
OFFSET 13.785073, 8.042067, -13.772971
SCALE 1.000000, 1.000000, 1.000000
X 0.996700, -0.023076, 0.077825
Y -0.077652, 0.008297, 0.996946
Z -0.023651, -0.999699, 0.006478

BONE 20
OFFSET 13.785079, -8.042048, -13.772953
SCALE 1.000000, 1.000000, 1.000000
X -0.996700, -0.023076, -0.077825
Y 0.077652, 0.008297, -0.996946
Z 0.023651, -0.999699, -0.006478

BONE 21
OFFSET 10.719465, 8.050750, -13.791152
SCALE 1.000000, 1.000000, 1.000000
X 0.999978, -0.002833, 0.005930
Y -0.005970, -0.014367, 0.999879
Z -0.002747, -0.999893, -0.014384

BONE 22
OFFSET 10.719449, -8.050748, -13.791142
SCALE 1.000000, 1.000000, 1.000000
X -0.999978, -0.002833, -0.005930
Y 0.005970, -0.014367, -0.999879
Z 0.002747, -0.999893, 0.014384

BONE 23
OFFSET 17.618980, 8.329933, -12.720215
SCALE 1.000000, 1.000000, 1.000000
X 0.770359, -0.621881, 0.140748
Y -0.611755, -0.783111, -0.111771
Z 0.179730, 0.000000, -0.983716

BONE 24
OFFSET 17.618977, -8.329922, -12.720197
SCALE 1.000000, 1.000000, 1.000000
X -0.770359, -0.621881, -0.140748
Y 0.611755, -0.783111, 0.111771
Z -0.179730, -0.000000, 0.983716

BONE 25
OFFSET 17.592691, 8.144073, -13.808888
SCALE 1.000000, 1.000000, 1.000000
X 0.786575, -0.616967, 0.025504
Y -0.616643, -0.786989, -0.019994
Z 0.032407, 0.000000, -0.999475

BONE 26
OFFSET 17.592678, -8.144055, -13.808898
SCALE 1.000000, 1.000000, 1.000000
X -0.786575, -0.616967, -0.025504
Y 0.616643, -0.786989, 0.019994
Z -0.032407, -0.000000, 0.999475

BONE 27
OFFSET 14.706850, 7.811601, -14.773290
SCALE 1.000000, 1.000000, 1.000000
X 0.860527, -0.066586, -0.505035
Y -0.090728, -0.995602, -0.023327
Z -0.501261, 0.065894, -0.862784

BONE 28
OFFSET 14.706850, -7.811614, -14.773307
SCALE 1.000000, 1.000000, 1.000000
X -0.860527, -0.066586, 0.505035
Y 0.090728, -0.995602, 0.023327
Z 0.501261, 0.065894, 0.862784

BONE 29
OFFSET 14.877762, 7.951642, -14.094536
SCALE 1.000000, 1.000000, 1.000000
X 0.972219, -0.030530, -0.232073
Y -0.040633, -0.998417, -0.038880
Z -0.230519, 0.047230, -0.971921

BONE 30
OFFSET 14.877756, -7.951653, -14.094527
SCALE 1.000000, 1.000000, 1.000000
X -0.972219, -0.030530, 0.232073
Y 0.040633, -0.998417, 0.038880
Z 0.230519, 0.047230, 0.971921

BONE 31
OFFSET 14.148777, 7.629210, -12.773211
SCALE 1.000000, 1.000000, 1.000000
X 0.614049, -0.475564, 0.629907
Y -0.500882, 0.381986, 0.776662
Z -0.609968, -0.792418, -0.003644

BONE 32
OFFSET 14.148780, -7.629212, -12.773229
SCALE 1.000000, 1.000000, 1.000000
X -0.614049, -0.475564, -0.629907
Y 0.500882, 0.381986, -0.776662
Z 0.609968, -0.792418, 0.003644

BONE 33
OFFSET 16.721630, 7.448270, -11.946650
SCALE 1.000000, 1.000000, 1.000000
X 0.946229, -0.301294, -0.117786
Y 0.309193, 0.949386, 0.055376
Z 0.095139, -0.088817, 0.991494

BONE 34
OFFSET 9.583885, -8.680950, -13.257301
SCALE 1.000000, 1.000000, 1.000000
X -0.946229, -0.301294, 0.117786
Y -0.309193, 0.949386, -0.055376
Z -0.095139, -0.088817, -0.991494

BONE 35
OFFSET 16.493113, 6.451591, -14.089364
SCALE 1.000000, 1.000000, 1.000000
X -0.281344, 0.000438, -0.959607
Y 0.023651, 0.999699, -0.006478
Z 0.959315, -0.024518, -0.281270

BONE 36
OFFSET 18.975315, 7.235017, -12.472406
SCALE 1.000000, 1.000000, 1.000000
X 0.426042, -0.903354, 0.049392
Y -0.880239, -0.426513, -0.208005
Z 0.208969, 0.045142, -0.976880

BONE 37
OFFSET 18.975315, -7.235000, -12.472402
SCALE 1.000000, 1.000000, 1.000000
X -0.426042, -0.903354, -0.049392
Y 0.880239, -0.426513, 0.208005
Z -0.208969, 0.045142, 0.976880

BONE 38
OFFSET 19.129311, 6.938792, -13.759066
SCALE 1.000000, 1.000000, 1.000000
X 0.028169, -0.999543, -0.010950
Y -0.999561, -0.028267, 0.008848
Z -0.009153, 0.010696, -0.999901

BONE 39
OFFSET 19.129292, -6.938779, -13.759055
SCALE 1.000000, 1.000000, 1.000000
X -0.028169, -0.999543, 0.010950
Y 0.999561, -0.028267, -0.008848
Z 0.009153, 0.010696, 0.999901

BONE 40
OFFSET 16.702198, 7.530317, -15.785225
SCALE 1.000000, 1.000000, 1.000000
X 0.856282, -0.436541, -0.276069
Y -0.415481, -0.899684, 0.133953
Z -0.306851, 0.000000, -0.951758

BONE 41
OFFSET 16.702206, -7.530315, -15.785236
SCALE 1.000000, 1.000000, 1.000000
X -0.856282, -0.436541, 0.276069
Y 0.415481, -0.899684, -0.133953
Z 0.306851, -0.000000, 0.951758

BONE 42
OFFSET 17.367678, 7.901457, -14.840354
SCALE 1.000000, 1.000000, 1.000000
X 0.831745, -0.508839, -0.221999
Y -0.491628, -0.860862, 0.131219
Z -0.257880, -0.000000, -0.966177

BONE 43
OFFSET 17.367678, -7.901457, -14.840354
SCALE 1.000000, 1.000000, 1.000000
X -0.831745, -0.508839, 0.221999
Y 0.491628, -0.860862, -0.131219
Z 0.257880, -0.000000, 0.966177

BONE 44
OFFSET 15.389911, 6.597012, -11.336607
SCALE 1.000000, 1.000000, 1.000000
X 0.914596, -0.402924, 0.034161
Y -0.078983, -0.095150, 0.992325
Z -0.396581, -0.910274, -0.118848

BONE 45
OFFSET 15.389921, -6.597008, -11.336615
SCALE 1.000000, 1.000000, 1.000000
X -0.914596, -0.402924, -0.034161
Y 0.078983, -0.095150, -0.992325
Z 0.396581, -0.910274, 0.118848

BONE 46
OFFSET 19.480556, 6.134072, -12.353014
SCALE 1.000000, 1.000000, 1.000000
X 0.139847, -0.988437, 0.058612
Y -0.965352, -0.149273, -0.214039
Z 0.220313, -0.026648, -0.975065

BONE 47
OFFSET 19.480551, -6.134055, -12.353031
SCALE 1.000000, 1.000000, 1.000000
X -0.139847, -0.988437, -0.058612
Y 0.965352, -0.149273, 0.214039
Z -0.220313, -0.026648, 0.975065

BONE 48
OFFSET 19.170456, 5.478823, -13.775060
SCALE 1.000000, 1.000000, 1.000000
X -0.530249, -0.847838, 0.002716
Y -0.845552, 0.529049, 0.071753
Z -0.062271, 0.035750, -0.997419

BONE 49
OFFSET 19.170473, -5.478819, -13.775079
SCALE 1.000000, 1.000000, 1.000000
X 0.530249, -0.847838, -0.002716
Y 0.845552, 0.529049, -0.071753
Z 0.062271, 0.035750, 0.997419

BONE 50
OFFSET 17.914511, 6.912269, -16.176081
SCALE 1.000000, 1.000000, 1.000000
X 0.129509, -0.990999, -0.033881
Y -0.958733, -0.133868, 0.250818
Z -0.253096, 0.000000, -0.967441

BONE 51
OFFSET 17.914528, -6.912283, -16.176064
SCALE 1.000000, 1.000000, 1.000000
X -0.129509, -0.990999, 0.033881
Y 0.958733, -0.133868, -0.250818
Z 0.253096, -0.000000, 0.967441

BONE 52
OFFSET 18.783724, 7.035159, -15.218307
SCALE 1.000000, 1.000000, 1.000000
X 0.018696, -0.999823, 0.001993
Y -0.972646, -0.017726, 0.231616
Z -0.231540, -0.006269, -0.972805

BONE 53
OFFSET 18.783741, -7.035158, -15.218307
SCALE 1.000000, 1.000000, 1.000000
X -0.018696, -0.999823, -0.001993
Y 0.972646, -0.017726, -0.231616
Z 0.231540, -0.006269, 0.972805

BONE 54
OFFSET 16.826696, 5.850290, -11.353966
SCALE 1.000000, 1.000000, 1.000000
X 0.780284, -0.439636, -0.444835
Y 0.353937, -0.276002, 0.893617
Z -0.515641, -0.854718, -0.059757

BONE 55
OFFSET 16.826693, -5.850276, -11.353976
SCALE 1.000000, 1.000000, 1.000000
X -0.780284, -0.439636, 0.444835
Y -0.353937, -0.276002, -0.893617
Z 0.515641, -0.854718, 0.059757

BONE 56
OFFSET 19.638519, 5.017599, -12.286811
SCALE 1.000000, 1.000000, 1.000000
X 0.887890, 0.449028, -0.100123
Y -0.450278, 0.892820, 0.011023
Z 0.094341, 0.035295, 0.994914

BONE 57
OFFSET 19.638504, -5.017599, -12.286811
SCALE 1.000000, 1.000000, 1.000000
X -0.887890, 0.449028, 0.100123
Y 0.450278, 0.892820, -0.011023
Z -0.094341, 0.035295, -0.994914

BONE 58
OFFSET 18.570051, 4.518455, -13.779097
SCALE 1.000000, 1.000000, 1.000000
X 0.950632, 0.309916, 0.015845
Y -0.309563, 0.950639, -0.021349
Z -0.021679, 0.015390, 0.999647

BONE 59
OFFSET 18.570040, -4.518465, -13.779095
SCALE 1.000000, 1.000000, 1.000000
X -0.950632, 0.309916, -0.015845
Y 0.309563, 0.950639, 0.021349
Z 0.021679, 0.015390, -0.999647

BONE 60
OFFSET 18.029337, 6.033617, -16.206121
SCALE 1.000000, 1.000000, 1.000000
X -0.508594, -0.843981, 0.170374
Y -0.800272, 0.536372, 0.268083
Z -0.317641, -0.000000, -0.948211

BONE 61
OFFSET 18.029331, -6.033622, -16.206102
SCALE 1.000000, 1.000000, 1.000000
X 0.508594, -0.843981, -0.170374
Y 0.800272, 0.536372, -0.268083
Z 0.317641, -0.000000, 0.948211

BONE 62
OFFSET 18.809635, 5.649475, -15.215545
SCALE 1.000000, 1.000000, 1.000000
X -0.560939, -0.817051, 0.133323
Y -0.794907, 0.576565, 0.188932
Z -0.231237, 0.000000, -0.972898

BONE 63
OFFSET 18.809647, -5.649488, -15.215551
SCALE 1.000000, 1.000000, 1.000000
X 0.560939, -0.817051, -0.133323
Y 0.794907, 0.576565, -0.188932
Z 0.231237, 0.000000, 0.972898

BONE 64
OFFSET 17.652914, 5.331044, -11.822542
SCALE 1.000000, 1.000000, 1.000000
X 0.980154, 0.167623, -0.105833
Y -0.164811, 0.985710, 0.034839
Z 0.110161, -0.016705, 0.993773

BONE 65
OFFSET 17.652914, -5.331063, -11.822559
SCALE 1.000000, 1.000000, 1.000000
X -0.980154, 0.167623, 0.105833
Y 0.164811, 0.985710, -0.034839
Z -0.110161, -0.016705, -0.993773

BONE 66
OFFSET 17.546160, 5.231812, -16.044260
SCALE 1.000000, 1.000000, 1.000000
X 0.937314, 0.308816, -0.161479
Y -0.317012, 0.948035, -0.027072
Z 0.144727, 0.076566, 0.986505

BONE 67
OFFSET 17.546143, -5.231811, -16.044252
SCALE 1.000000, 1.000000, 1.000000
X -0.937314, 0.308816, 0.161479
Y 0.317012, 0.948035, 0.027072
Z -0.144727, 0.076566, -0.986505

BONE 68
OFFSET 18.201283, 4.763361, -15.070953
SCALE 1.000000, 1.000000, 1.000000
X 0.902287, 0.340068, -0.265014
Y -0.319075, 0.940102, 0.120000
Z 0.289948, -0.023715, 0.956748

BONE 69
OFFSET 18.201300, -4.763347, -15.070945
SCALE 1.000000, 1.000000, 1.000000
X -0.902287, 0.340068, 0.265014
Y 0.319075, 0.940102, -0.120000
Z -0.289948, -0.023715, -0.956748

NUMVERTS 2758
VERT 0
OFFSET -0.314822, -8.624991, -2.976122
BONES 2
BONE 5 0.993400
BONE 9 0.006600

VERT 1
OFFSET -1.184811, -10.179171, -3.151761
BONES 2
BONE 5 0.992358
BONE 9 0.007642

VERT 2
OFFSET -1.785663, -9.825730, -1.804815
BONES 2
BONE 5 0.993538
BONE 9 0.006462

VERT 3
OFFSET -0.594759, -8.274044, -2.139499
BONES 2
BONE 5 0.993592
BONE 9 0.006408

VERT 4
OFFSET -3.717599, -10.856767, -2.379253
BONES 2
BONE 5 0.990370
BONE 9 0.009630

VERT 5
OFFSET -2.917015, -11.222588, -3.800463
BONES 2
BONE 5 0.989398
BONE 9 0.010602

VERT 6
OFFSET -6.170882, -9.710521, -6.001794
BONES 2
BONE 5 0.987084
BONE 9 0.012916

VERT 7
OFFSET -7.014402, -9.532415, -4.348700
BONES 2
BONE 5 0.987084
BONE 9 0.012916

VERT 8
OFFSET -5.466945, -10.724372, -3.167769
BONES 2
BONE 5 0.988465
BONE 9 0.011535

VERT 9
OFFSET -4.819919, -11.018161, -4.682376
BONES 2
BONE 5 0.988049
BONE 9 0.011951

VERT 10
OFFSET -5.625168, -5.856785, -6.888743
BONES 2
BONE 5 0.989167
BONE 9 0.010833

VERT 11
OFFSET -6.547834, -5.763051, -6.177164
BONES 2
BONE 5 0.988575
BONE 9 0.011425

VERT 12
OFFSET -7.273742, -7.377036, -5.892948
BONES 2
BONE 5 0.987084
BONE 9 0.012916

VERT 13
OFFSET -6.371686, -7.785055, -6.471102
BONES 2
BONE 5 0.987084
BONE 9 0.012916

VERT 14
OFFSET 0.176440, -6.412255, -3.144993
BONES 2
BONE 5 0.995376
BONE 9 0.004624

VERT 15
OFFSET 0.119329, -7.036878, -3.514756
BONES 2
BONE 5 0.995773
BONE 9 0.004227

VERT 16
OFFSET 0.015783, -5.508812, -4.792435
BONES 2
BONE 5 0.996066
BONE 9 0.003934

VERT 17
OFFSET 0.215040, -4.964819, -4.453646
BONES 2
BONE 5 0.995863
BONE 9 0.004137

VERT 18
OFFSET -0.704446, -3.831374, -6.057311
BONES 2
BONE 5 0.996522
BONE 9 0.003478

VERT 19
OFFSET -0.589685, -4.321348, -6.199385
BONES 2
BONE 5 0.996816
BONE 9 0.003184

VERT 20
OFFSET -3.889305, -4.334978, -7.561074
BONES 2
BONE 5 0.989942
BONE 9 0.010058

VERT 21
OFFSET -3.727901, -3.777990, -7.291896
BONES 2
BONE 5 0.990929
BONE 9 0.009071

VERT 22
OFFSET 11.538437, -6.239196, -13.138041
BONES 2
BONE 9 0.903175
BONE 22 0.096825

VERT 23
OFFSET 11.589425, -6.452829, -12.626231
BONES 2
BONE 9 0.897671
BONE 22 0.102329

VERT 24
OFFSET 10.751079, -6.652118, -12.556816
BONES 2
BONE 9 0.914164
BONE 22 0.085836

VERT 25
OFFSET 10.726268, -6.339219, -13.182046
BONES 3
BONE 5 0.000116
BONE 9 0.918733
BONE 22 0.081150

VERT 26
OFFSET 11.610999, -6.981821, -12.312459
BONES 2
BONE 9 0.907507
BONE 22 0.092493

VERT 27
OFFSET 10.795049, -7.157526, -12.174733
BONES 2
BONE 9 0.923050
BONE 22 0.076950

VERT 28
OFFSET 11.780420, -8.049335, -12.067377
BONES 2
BONE 9 0.897628
BONE 22 0.102372

VERT 29
OFFSET 11.808872, -8.360966, -12.231173
BONES 2
BONE 9 0.913653
BONE 22 0.086347

VERT 30
OFFSET 10.875569, -8.530892, -12.016870
BONES 3
BONE 5 0.000038
BONE 9 0.955510
BONE 22 0.044452

VERT 31
OFFSET 10.856719, -8.196405, -11.879180
BONES 3
BONE 5 0.000226
BONE 9 0.939238
BONE 22 0.060536

VERT 32
OFFSET 11.858177, -8.645586, -12.595652
BONES 3
BONE 5 0.000852
BONE 9 0.934303
BONE 22 0.064845

VERT 33
OFFSET 11.870827, -8.913002, -13.126387
BONES 3
BONE 5 0.001140
BONE 9 0.932950
BONE 22 0.065910

VERT 34
OFFSET 10.888753, -9.172965, -12.998403
BONES 3
BONE 5 0.000785
BONE 9 0.949687
BONE 22 0.049528

VERT 35
OFFSET 10.835401, -8.884314, -12.420099
BONES 2
BONE 9 0.950594
BONE 22 0.049406

VERT 36
OFFSET 11.830241, -9.156363, -13.566974
BONES 2
BONE 9 0.947946
BONE 22 0.052054

VERT 37
OFFSET 10.924302, -9.437884, -13.642660
BONES 3
BONE 5 0.001342
BONE 9 0.953039
BONE 22 0.045619

VERT 38
OFFSET 11.798269, -9.234474, -14.129235
BONES 2
BONE 9 0.961653
BONE 22 0.038347

VERT 39
OFFSET 11.661622, -9.042812, -14.771814
BONES 3
BONE 5 0.000499
BONE 9 0.967250
BONE 22 0.032251

VERT 40
OFFSET 10.867705, -9.189829, -14.886913
BONES 3
BONE 5 0.003386
BONE 9 0.953478
BONE 22 0.043136

VERT 41
OFFSET 10.971739, -9.607864, -14.221624
BONES 3
BONE 5 0.001364
BONE 9 0.958441
BONE 22 0.040195

VERT 42
OFFSET 11.589326, -8.688520, -15.209757
BONES 2
BONE 9 0.957071
BONE 22 0.042929

VERT 43
OFFSET 11.494417, -8.207714, -15.486535
BONES 2
BONE 9 0.952691
BONE 22 0.047309

VERT 44
OFFSET 10.743463, -8.396885, -15.627383
BONES 3
BONE 5 0.005487
BONE 9 0.944513
BONE 22 0.050000

VERT 45
OFFSET 10.757440, -8.823496, -15.356108
BONES 3
BONE 5 0.005459
BONE 9 0.944541
BONE 22 0.050000

VERT 46
OFFSET 11.432111, -7.377875, -15.545023
BONES 2
BONE 9 0.952417
BONE 22 0.047583

VERT 47
OFFSET 11.435605, -7.125483, -15.409608
BONES 2
BONE 9 0.958762
BONE 22 0.041238

VERT 48
OFFSET 10.672954, -7.189910, -15.508484
BONES 2
BONE 9 0.970950
BONE 22 0.029050

VERT 49
OFFSET 10.711862, -7.419173, -15.666325
BONES 2
BONE 9 0.963795
BONE 22 0.036205

VERT 50
OFFSET 11.502751, -6.707237, -14.533728
BONES 2
BONE 9 0.918939
BONE 22 0.081061

VERT 51
OFFSET 10.639012, -6.703179, -14.636541
BONES 3
BONE 5 0.000116
BONE 9 0.939483
BONE 22 0.060401

VERT 52
OFFSET 9.210186, -10.067895, -13.575086
BONES 3
BONE 5 0.006862
BONE 9 0.943876
BONE 22 0.049262

VERT 53
OFFSET 9.155100, -9.539354, -12.536493
BONES 3
BONE 5 0.006445
BONE 9 0.943555
BONE 22 0.050000

VERT 54
OFFSET 9.059755, -9.620708, -15.496670
BONES 3
BONE 5 0.015330
BONE 9 0.941095
BONE 22 0.043575

VERT 55
OFFSET 9.202646, -10.135167, -14.559786
BONES 3
BONE 5 0.005998
BONE 9 0.951474
BONE 22 0.042528

VERT 56
OFFSET 8.824066, -6.347442, -15.128727
BONES 3
BONE 5 0.005264
BONE 9 0.954244
BONE 22 0.040492

VERT 57
OFFSET 8.911046, -7.156915, -15.966541
BONES 3
BONE 5 0.008818
BONE 9 0.951764
BONE 22 0.039418

VERT 58
OFFSET 10.664777, -6.351781, -13.903366
BONES 3
BONE 5 0.000237
BONE 9 0.922664
BONE 22 0.077099

VERT 59
OFFSET 8.812528, -5.968706, -14.095958
BONES 3
BONE 5 0.001579
BONE 9 0.954209
BONE 22 0.044212

VERT 60
OFFSET 8.856948, -6.170578, -13.276425
BONES 3
BONE 5 0.001494
BONE 9 0.947759
BONE 22 0.050747

VERT 61
OFFSET 8.955003, -6.628672, -12.450690
BONES 3
BONE 5 0.000828
BONE 9 0.948479
BONE 22 0.050693

VERT 62
OFFSET 7.368343, -6.381146, -12.244116
BONES 3
BONE 5 0.005243
BONE 9 0.956157
BONE 22 0.038600

VERT 63
OFFSET 7.249590, -5.967431, -13.003270
BONES 3
BONE 5 0.010209
BONE 9 0.957806
BONE 22 0.031985

VERT 64
OFFSET 9.038377, -7.092789, -11.811590
BONES 3
BONE 5 0.000891
BONE 9 0.949109
BONE 22 0.050000

VERT 65
OFFSET 9.012209, -7.921057, -11.384311
BONES 3
BONE 5 0.001622
BONE 9 0.948378
BONE 22 0.050000

VERT 66
OFFSET 7.586114, -8.035716, -10.961432
BONES 3
BONE 5 0.006793
BONE 9 0.961336
BONE 22 0.031871

VERT 67
OFFSET 7.474719, -6.997271, -11.539117
BONES 3
BONE 5 0.003223
BONE 9 0.956914
BONE 22 0.039863

VERT 68
OFFSET 7.437230, -10.497115, -13.446012
BONES 3
BONE 5 0.016254
BONE 9 0.968752
BONE 22 0.014994

VERT 69
OFFSET 7.533919, -9.828396, -12.438889
BONES 3
BONE 5 0.009100
BONE 9 0.962162
BONE 22 0.028739

VERT 70
OFFSET 7.122518, -10.183285, -15.784873
BONES 3
BONE 5 0.022928
BONE 9 0.977072
BONE 22 0.000000

VERT 71
OFFSET 7.311867, -10.675182, -14.577861
BONES 3
BONE 5 0.021548
BONE 9 0.972597
BONE 22 0.005856

VERT 72
OFFSET 8.972102, -8.626025, -16.238905
BONES 3
BONE 5 0.031130
BONE 9 0.918870
BONE 22 0.050000

VERT 73
OFFSET 6.899896, -9.110585, -16.608744
BONES 3
BONE 5 0.029601
BONE 9 0.961893
BONE 22 0.008505

VERT 74
OFFSET 6.984509, -6.072006, -15.308295
BONES 3
BONE 5 0.020132
BONE 9 0.964618
BONE 22 0.015250

VERT 75
OFFSET 6.837086, -6.935666, -16.393116
BONES 3
BONE 5 0.024267
BONE 9 0.964795
BONE 22 0.010938

VERT 76
OFFSET 7.131282, -5.630592, -14.019526
BONES 3
BONE 5 0.016435
BONE 9 0.957224
BONE 22 0.026342

VERT 77
OFFSET 5.091242, -5.419663, -12.645006
BONES 3
BONE 5 0.011058
BONE 9 0.987643
BONE 22 0.001299

VERT 78
OFFSET 5.285381, -6.270431, -11.974288
BONES 3
BONE 5 0.008978
BONE 9 0.987603
BONE 22 0.003419

VERT 79
OFFSET 4.090986, -6.181426, -11.948017
BONES 3
BONE 5 0.007193
BONE 9 0.992464
BONE 22 0.000343

VERT 80
OFFSET 3.750905, -5.270771, -12.653188
BONES 2
BONE 5 0.004683
BONE 9 0.995317

VERT 81
OFFSET 5.321021, -7.321185, -11.278828
BONES 3
BONE 5 0.005284
BONE 9 0.992169
BONE 22 0.002547

VERT 82
OFFSET 5.528370, -8.290949, -10.765595
BONES 3
BONE 5 0.009166
BONE 9 0.989929
BONE 22 0.000906

VERT 83
OFFSET 4.168962, -8.592005, -10.970861
BONES 2
BONE 5 0.009780
BONE 9 0.990220

VERT 84
OFFSET 4.237618, -7.369328, -11.283867
BONES 3
BONE 5 0.006468
BONE 9 0.993293
BONE 22 0.000238

VERT 85
OFFSET 5.392605, -9.529940, -10.483790
BONES 2
BONE 5 0.080562
BONE 9 0.919438

VERT 86
OFFSET 4.311960, -10.347141, -10.698842
BONES 2
BONE 5 0.029844
BONE 9 0.970156

VERT 87
OFFSET 4.636523, -11.074924, -14.265477
BONES 2
BONE 5 0.000234
BONE 9 0.999766

VERT 88
OFFSET 4.043787, -10.524633, -15.709414
BONES 2
BONE 5 0.020602
BONE 9 0.979398

VERT 89
OFFSET 2.236826, -10.372154, -15.549239
BONES 2
BONE 5 0.066030
BONE 9 0.933970

VERT 90
OFFSET 2.996612, -11.110049, -13.865451
BONES 2
BONE 5 0.000234
BONE 9 0.999766

VERT 91
OFFSET 3.763503, -9.240047, -16.695642
BONES 2
BONE 5 0.018277
BONE 9 0.981723

VERT 92
OFFSET 1.972027, -9.159431, -16.408678
BONES 2
BONE 5 0.079149
BONE 9 0.920851

VERT 93
OFFSET 3.792445, -7.732910, -16.670475
BONES 2
BONE 5 0.045543
BONE 9 0.954457

VERT 94
OFFSET 2.047239, -7.745090, -16.345085
BONES 2
BONE 5 0.047118
BONE 9 0.952882

VERT 95
OFFSET 3.920314, -9.741669, -10.330009
BONES 2
BONE 5 0.056381
BONE 9 0.943619

VERT 96
OFFSET 3.564760, -8.362289, -10.348506
BONES 2
BONE 5 0.016001
BONE 9 0.983999

VERT 97
OFFSET 0.475945, -9.100919, -16.285028
BONES 2
BONE 5 0.390983
BONE 9 0.609017

VERT 98
OFFSET 0.746646, -7.871619, -15.886809
BONES 2
BONE 5 0.280441
BONE 9 0.719559

VERT 99
OFFSET -0.489126, -7.947854, -15.612269
BONES 2
BONE 5 0.574835
BONE 9 0.425165

VERT 100
OFFSET -0.674989, -9.052843, -15.998837
BONES 2
BONE 5 0.482479
BONE 9 0.517521

VERT 101
OFFSET 0.844321, -10.946158, -13.607523
BONES 2
BONE 5 0.229379
BONE 9 0.770621

VERT 102
OFFSET -0.302721, -10.293074, -15.079955
BONES 2
BONE 5 0.501167
BONE 9 0.498833

VERT 103
OFFSET -1.348661, -10.054031, -14.108309
BONES 2
BONE 5 0.943689
BONE 9 0.056311

VERT 104
OFFSET -0.462162, -10.988548, -13.773533
BONES 2
BONE 5 0.665573
BONE 9 0.334427

VERT 105
OFFSET -1.747585, -8.646882, -14.863146
BONES 2
BONE 5 0.857722
BONE 9 0.142278

VERT 106
OFFSET -0.184098, -6.281413, -13.251678
BONES 2
BONE 5 0.756041
BONE 9 0.243959

VERT 107
OFFSET -0.703866, -7.220841, -14.396337
BONES 2
BONE 5 0.846836
BONE 9 0.153164

VERT 108
OFFSET 0.632529, -6.001166, -14.069352
BONES 2
BONE 5 0.252625
BONE 9 0.747375

VERT 109
OFFSET 1.224289, -8.654117, -6.491691
BONES 2
BONE 5 0.997339
BONE 9 0.002661

VERT 110
OFFSET 0.553251, -10.066066, -7.011040
BONES 2
BONE 5 0.997403
BONE 9 0.002597

VERT 111
OFFSET -0.533510, -10.304183, -4.875601
BONES 2
BONE 5 0.990296
BONE 9 0.009704

VERT 112
OFFSET 0.332180, -9.165389, -4.383849
BONES 2
BONE 5 0.993023
BONE 9 0.006977

VERT 113
OFFSET -3.130064, -10.794069, -10.233047
BONES 2
BONE 5 0.998046
BONE 9 0.001954

VERT 114
OFFSET -3.951423, -9.511117, -11.105410
BONES 2
BONE 5 1.000000
BONE 9 0.000000

VERT 115
OFFSET -5.171696, -9.971223, -8.195730
BONES 2
BONE 5 0.987084
BONE 9 0.012916

VERT 116
OFFSET -3.869969, -11.024681, -7.169574
BONES 2
BONE 5 0.987228
BONE 9 0.012772

VERT 117
OFFSET -4.332509, -7.804889, -11.506845
BONES 1
BONE 5 1.000000

VERT 118
OFFSET -5.315315, -7.800320, -8.144326
BONES 2
BONE 5 0.987854
BONE 9 0.012146

VERT 119
OFFSET 2.656566, -9.348684, -9.778038
BONES 2
BONE 5 0.667179
BONE 9 0.332821

VERT 120
OFFSET 2.937582, -8.132629, -9.959008
BONES 2
BONE 5 0.773124
BONE 9 0.226876

VERT 121
OFFSET -2.298219, -11.458170, -6.042160
BONES 2
BONE 5 0.987086
BONE 9 0.012914

VERT 122
OFFSET -5.157690, -6.237290, -7.837820
BONES 2
BONE 5 0.989306
BONE 9 0.010694

VERT 123
OFFSET -3.351829, -4.936808, -7.557409
BONES 2
BONE 5 0.991558
BONE 9 0.008442

VERT 124
OFFSET 0.297710, -5.589791, -5.306495
BONES 2
BONE 5 0.996975
BONE 9 0.003025

VERT 125
OFFSET -0.026101, -4.857656, -6.589713
BONES 2
BONE 5 0.997733
BONE 9 0.002267

VERT 126
OFFSET 0.162353, -7.251249, -4.202782
BONES 2
BONE 5 0.996531
BONE 9 0.003469

VERT 127
OFFSET 0.608619, -10.256406, -15.451961
BONES 2
BONE 5 0.450902
BONE 9 0.549098

VERT 128
OFFSET 1.692044, -10.952563, -13.719844
BONES 2
BONE 5 0.042360
BONE 9 0.957640

VERT 129
OFFSET 2.917115, -10.889880, -11.988967
BONES 2
BONE 5 0.160055
BONE 9 0.839945

VERT 130
OFFSET 3.161322, -10.934126, -12.048191
BONES 2
BONE 5 0.042756
BONE 9 0.957244

VERT 131
OFFSET 1.739245, -10.547048, -11.990002
BONES 2
BONE 5 0.247755
BONE 9 0.752245

VERT 132
OFFSET 2.678403, -6.593190, -10.523228
BONES 2
BONE 5 0.483951
BONE 9 0.516049

VERT 133
OFFSET 3.477267, -6.653176, -10.927361
BONES 3
BONE 5 0.053015
BONE 9 0.946689
BONE 22 0.000296

VERT 134
OFFSET 1.961892, -5.192716, -12.981876
BONES 2
BONE 5 0.060767
BONE 9 0.939233

VERT 135
OFFSET 0.864392, -5.303457, -12.779025
BONES 2
BONE 5 0.719361
BONE 9 0.280639

VERT 136
OFFSET 1.574352, -5.913550, -14.548894
BONES 2
BONE 5 0.046339
BONE 9 0.953661

VERT 137
OFFSET -0.130650, -7.115880, -15.133883
BONES 2
BONE 5 0.670764
BONE 9 0.329236

VERT 138
OFFSET 1.027626, -7.066766, -15.420643
BONES 2
BONE 5 0.225032
BONE 9 0.774968

VERT 139
OFFSET 6.322396, -8.107563, -10.704687
BONES 3
BONE 5 0.009204
BONE 9 0.983602
BONE 22 0.007194

VERT 140
OFFSET 6.267692, -9.167775, -10.526141
BONES 3
BONE 5 0.074409
BONE 9 0.922551
BONE 22 0.003040

VERT 141
OFFSET 6.787231, -7.789613, -16.671946
BONES 3
BONE 5 0.031157
BONE 9 0.960001
BONE 22 0.008842

VERT 142
OFFSET 4.446594, -5.578615, -15.088101
BONES 2
BONE 5 0.077560
BONE 9 0.922440

VERT 143
OFFSET 3.938263, -6.831827, -16.381090
BONES 2
BONE 5 0.096469
BONE 9 0.903531

VERT 144
OFFSET 4.296177, -10.525934, -10.909911
BONES 2
BONE 5 0.035163
BONE 9 0.964837

VERT 145
OFFSET 5.477625, -9.671122, -10.699397
BONES 3
BONE 5 0.067744
BONE 9 0.932241
BONE 22 0.000014

VERT 146
OFFSET 4.741556, -10.220970, -12.464932
BONES 2
BONE 5 0.035981
BONE 9 0.964019

VERT 147
OFFSET 6.291248, -9.391365, -10.766382
BONES 3
BONE 5 0.065975
BONE 9 0.931207
BONE 22 0.002818

VERT 148
OFFSET 5.793079, -10.042688, -12.327358
BONES 3
BONE 5 0.034336
BONE 9 0.965658
BONE 22 0.000005

VERT 149
OFFSET 7.562229, -9.192376, -11.191831
BONES 3
BONE 5 0.017696
BONE 9 0.964192
BONE 22 0.018112

VERT 150
OFFSET 7.533726, -9.014543, -10.949845
BONES 3
BONE 5 0.017088
BONE 9 0.963088
BONE 22 0.019825

VERT 151
OFFSET 9.033448, -8.812033, -11.406500
BONES 3
BONE 5 0.004894
BONE 9 0.948486
BONE 22 0.046620

VERT 152
OFFSET 9.034410, -8.912035, -11.514685
BONES 3
BONE 5 0.005489
BONE 9 0.948265
BONE 22 0.046246

VERT 153
OFFSET 4.102899, -10.472303, -10.747125
BONES 2
BONE 5 0.046950
BONE 9 0.953050

VERT 154
OFFSET 2.513692, -9.553838, -9.872917
BONES 2
BONE 5 0.610436
BONE 9 0.389564

VERT 155
OFFSET 3.659031, -9.917331, -10.503548
BONES 2
BONE 5 0.068111
BONE 9 0.931889

VERT 156
OFFSET 5.116493, -10.777379, -13.262058
BONES 2
BONE 5 0.002314
BONE 9 0.997686

VERT 157
OFFSET 2.928525, -5.784904, -11.692880
BONES 2
BONE 5 0.100564
BONE 9 0.899436

VERT 158
OFFSET 2.679668, -5.772830, -11.987763
BONES 2
BONE 5 0.091511
BONE 9 0.908489

VERT 159
OFFSET 3.505789, -5.215160, -12.965058
BONES 2
BONE 5 0.004683
BONE 9 0.995317

VERT 160
OFFSET 6.235849, -7.036022, -11.218771
BONES 3
BONE 5 0.006008
BONE 9 0.984066
BONE 22 0.009926

VERT 161
OFFSET 5.946394, -5.620411, -12.824754
BONES 3
BONE 5 0.014649
BONE 9 0.979413
BONE 22 0.005937

VERT 162
OFFSET 6.092536, -6.206580, -11.963411
BONES 3
BONE 5 0.008786
BONE 9 0.980489
BONE 22 0.010725

VERT 163
OFFSET 5.310879, -5.386954, -13.668335
BONES 3
BONE 5 0.023968
BONE 9 0.968243
BONE 22 0.007788

VERT 164
OFFSET 1.719671, -5.644917, -11.742219
BONES 2
BONE 5 0.097331
BONE 9 0.902669

VERT 165
OFFSET 2.187469, -5.308824, -12.783423
BONES 2
BONE 5 0.077064
BONE 9 0.922936

VERT 166
OFFSET 2.317851, -6.665197, -10.531909
BONES 2
BONE 5 0.438269
BONE 9 0.561731

VERT 167
OFFSET 2.324384, -7.986125, -9.692385
BONES 2
BONE 5 0.816847
BONE 9 0.183153

VERT 168
OFFSET 1.969218, -9.139039, -9.352571
BONES 2
BONE 5 0.889039
BONE 9 0.110961

VERT 169
OFFSET 2.043795, -8.789402, -9.344087
BONES 2
BONE 5 0.889039
BONE 9 0.110961

VERT 170
OFFSET 0.794955, -10.174929, -11.630543
BONES 2
BONE 5 0.335370
BONE 9 0.664630

VERT 171
OFFSET 1.680505, -9.224900, -9.448219
BONES 2
BONE 5 0.879805
BONE 9 0.120195

VERT 172
OFFSET 1.682755, -9.070574, -9.184060
BONES 2
BONE 5 0.893405
BONE 9 0.106595

VERT 173
OFFSET 1.158173, -10.438989, -9.584954
BONES 2
BONE 5 0.837090
BONE 9 0.162910

VERT 174
OFFSET 1.208674, -10.173372, -9.216503
BONES 2
BONE 5 0.860321
BONE 9 0.139679

VERT 175
OFFSET 0.318258, -10.634390, -11.079594
BONES 2
BONE 5 0.709565
BONE 9 0.290435

VERT 176
OFFSET 2.087842, -7.932899, -9.760578
BONES 2
BONE 5 0.797370
BONE 9 0.202630

VERT 177
OFFSET 2.539780, -5.082052, -14.032028
BONES 2
BONE 5 0.075288
BONE 9 0.924712

VERT 178
OFFSET 2.711422, -5.127284, -13.811213
BONES 2
BONE 5 0.083658
BONE 9 0.916342

VERT 179
OFFSET 2.992697, -5.265200, -14.871531
BONES 2
BONE 5 0.074989
BONE 9 0.925011

VERT 180
OFFSET 3.334733, -5.157170, -14.705701
BONES 2
BONE 5 0.076431
BONE 9 0.923569

VERT 181
OFFSET 2.357221, -6.782756, -15.861004
BONES 2
BONE 5 0.163360
BONE 9 0.836640

VERT 182
OFFSET 2.457997, -5.987007, -15.078239
BONES 2
BONE 5 0.085659
BONE 9 0.914341

VERT 183
OFFSET 2.853356, -5.522709, -13.701966
BONES 2
BONE 5 0.070714
BONE 9 0.929286

VERT 184
OFFSET 2.139000, -5.877793, -12.727977
BONES 2
BONE 5 0.075291
BONE 9 0.924709

VERT 185
OFFSET 2.153179, -5.500572, -12.728357
BONES 2
BONE 5 0.075877
BONE 9 0.924123

VERT 186
OFFSET 1.752609, -5.835137, -11.686986
BONES 2
BONE 5 0.091153
BONE 9 0.908847

VERT 187
OFFSET 1.877187, -6.416532, -11.225921
BONES 2
BONE 5 0.189058
BONE 9 0.810942

VERT 188
OFFSET 1.426224, -6.231631, -11.745085
BONES 2
BONE 5 0.217284
BONE 9 0.782716

VERT 189
OFFSET 1.462974, -6.038079, -9.823996
BONES 1
BONE 5 1.000000

VERT 190
OFFSET 1.210076, -5.458354, -10.563160
BONES 2
BONE 5 0.998622
BONE 9 0.001378

VERT 191
OFFSET 1.459723, -6.209202, -10.011815
BONES 2
BONE 5 0.856927
BONE 9 0.143073

VERT 192
OFFSET 0.902350, -5.200763, -10.986346
BONES 2
BONE 5 0.922401
BONE 9 0.077599

VERT 193
OFFSET 0.660177, -5.174917, -11.208777
BONES 2
BONE 5 0.885967
BONE 9 0.114033

VERT 194
OFFSET 11.526021, -6.356863, -13.756456
BONES 3
BONE 5 0.000027
BONE 9 0.918817
BONE 22 0.081156

VERT 195
OFFSET 11.651261, -7.514072, -12.080001
BONES 2
BONE 9 0.906839
BONE 22 0.093161

VERT 196
OFFSET 10.836880, -7.660427, -12.020919
BONES 3
BONE 5 0.000184
BONE 9 0.948003
BONE 22 0.051814

VERT 197
OFFSET 3.746548, -5.119387, -14.119482
BONES 2
BONE 5 0.048699
BONE 9 0.951301

VERT 198
OFFSET 4.557747, -5.211257, -13.022108
BONES 3
BONE 5 0.006955
BONE 9 0.992568
BONE 22 0.000477

VERT 199
OFFSET 4.146873, -5.143709, -13.162973
BONES 2
BONE 5 0.010053
BONE 9 0.989947

VERT 200
OFFSET -1.070874, -7.698135, -14.913053
BONES 2
BONE 5 0.829194
BONE 9 0.170806

VERT 201
OFFSET 8.961837, -7.642918, -16.259682
BONES 3
BONE 5 0.022453
BONE 9 0.927547
BONE 22 0.050000

VERT 202
OFFSET 1.432180, -6.653730, -8.628648
BONES 1
BONE 5 1.000000

VERT 203
OFFSET 1.450888, -6.504394, -8.256181
BONES 1
BONE 5 1.000000

VERT 204
OFFSET 0.910971, -5.751108, -8.339187
BONES 1
BONE 5 1.000000

VERT 205
OFFSET 0.198413, -5.458519, -9.891192
BONES 1
BONE 5 1.000000

VERT 206
OFFSET 0.669453, -5.259752, -10.191292
BONES 2
BONE 5 0.983554
BONE 9 0.016446

VERT 207
OFFSET 0.613725, -5.642405, -8.505247
BONES 1
BONE 5 1.000000

VERT 208
OFFSET 0.351549, -5.188624, -10.810013
BONES 2
BONE 5 0.940542
BONE 9 0.059458

VERT 209
OFFSET -0.233153, -5.438293, -11.114553
BONES 2
BONE 5 0.925544
BONE 9 0.074456

VERT 210
OFFSET 0.283074, -5.301177, -11.203787
BONES 2
BONE 5 0.890801
BONE 9 0.109199

VERT 211
OFFSET -0.087308, -5.380989, -11.467963
BONES 2
BONE 5 0.866922
BONE 9 0.133078

VERT 212
OFFSET -0.963810, -5.783142, -12.636086
BONES 2
BONE 5 0.804101
BONE 9 0.195900

VERT 213
OFFSET -0.737608, -5.743168, -12.789350
BONES 2
BONE 5 0.768416
BONE 9 0.231584

VERT 214
OFFSET -1.582121, -6.118039, -13.517198
BONES 2
BONE 5 0.884845
BONE 9 0.115155

VERT 215
OFFSET -1.524817, -6.191561, -13.792887
BONES 2
BONE 5 0.855700
BONE 9 0.144300

VERT 216
OFFSET -2.238102, -6.098990, -13.353389
BONES 2
BONE 5 0.987492
BONE 9 0.012508

VERT 217
OFFSET -2.356302, -6.305713, -13.771332
BONES 2
BONE 5 0.983083
BONE 9 0.016917

VERT 218
OFFSET -2.586281, -5.653183, -11.615250
BONES 2
BONE 5 0.997695
BONE 9 0.002305

VERT 219
OFFSET -2.942792, -5.671492, -11.632154
BONES 2
BONE 5 0.998307
BONE 9 0.001693

VERT 220
OFFSET -2.900602, -6.181858, -12.889408
BONES 2
BONE 5 0.993910
BONE 9 0.006090

VERT 221
OFFSET -2.565531, -5.998085, -12.742249
BONES 2
BONE 5 0.992209
BONE 9 0.007791

VERT 222
OFFSET -1.977836, -5.222276, -10.002622
BONES 2
BONE 5 0.999790
BONE 9 0.000210

VERT 223
OFFSET -2.737276, -5.244976, -10.153586
BONES 2
BONE 5 0.997695
BONE 9 0.002305

VERT 224
OFFSET -1.304833, -6.788451, -14.303524
BONES 2
BONE 5 0.906703
BONE 9 0.093297

VERT 225
OFFSET -1.395187, -7.847631, -15.254915
BONES 2
BONE 5 0.811689
BONE 9 0.188311

VERT 226
OFFSET -1.600093, -8.031143, -15.285842
BONES 2
BONE 5 0.825667
BONE 9 0.174333

VERT 227
OFFSET -2.019407, -7.159724, -14.572007
BONES 2
BONE 5 0.943242
BONE 9 0.056758

VERT 228
OFFSET 1.613076, -7.928871, -10.134438
BONES 2
BONE 5 0.757962
BONE 9 0.242038

VERT 229
OFFSET 1.323673, -8.882786, -9.724838
BONES 2
BONE 5 0.879817
BONE 9 0.120183

VERT 230
OFFSET 0.942118, -9.660176, -9.430419
BONES 2
BONE 5 0.855585
BONE 9 0.144415

VERT 231
OFFSET 1.625294, -6.927731, -10.581758
BONES 2
BONE 5 0.551861
BONE 9 0.448139

VERT 232
OFFSET 1.464934, -6.512662, -11.011868
BONES 2
BONE 5 0.397554
BONE 9 0.602446

VERT 233
OFFSET 1.271072, -6.426394, -10.365246
BONES 2
BONE 5 0.706889
BONE 9 0.293111

VERT 234
OFFSET 1.319805, -6.921153, -8.870221
BONES 1
BONE 5 1.000000

VERT 235
OFFSET 1.414909, -7.552900, -9.496741
BONES 2
BONE 5 0.963911
BONE 9 0.036089

VERT 236
OFFSET 1.187126, -8.334911, -8.981411
BONES 2
BONE 5 0.959182
BONE 9 0.040818

VERT 237
OFFSET 1.199304, -7.413791, -8.175484
BONES 1
BONE 5 1.000000

VERT 238
OFFSET 0.737289, -9.168498, -8.726812
BONES 2
BONE 5 0.923714
BONE 9 0.076286

VERT 239
OFFSET 1.021481, -8.282972, -7.559896
BONES 2
BONE 5 0.999134
BONE 9 0.000866

VERT 240
OFFSET 1.182844, -6.252066, -7.316198
BONES 1
BONE 5 1.000000

VERT 241
OFFSET 0.803384, -5.992484, -7.509548
BONES 1
BONE 5 1.000000

VERT 242
OFFSET 1.440958, -6.988533, -7.272868
BONES 1
BONE 5 1.000000

VERT 243
OFFSET -0.113161, -10.945781, -10.963969
BONES 2
BONE 5 0.732254
BONE 9 0.267746

VERT 244
OFFSET -0.153382, -10.763906, -13.320856
BONES 2
BONE 5 0.569850
BONE 9 0.430150

VERT 245
OFFSET -0.721784, -11.099925, -12.530389
BONES 2
BONE 5 0.642282
BONE 9 0.357718

VERT 246
OFFSET -1.049489, -10.978478, -13.164330
BONES 2
BONE 5 0.730102
BONE 9 0.269898

VERT 247
OFFSET 0.430689, -10.979761, -8.942406
BONES 2
BONE 5 0.907550
BONE 9 0.092450

VERT 248
OFFSET 0.412375, -10.830749, -8.775701
BONES 2
BONE 5 0.919705
BONE 9 0.080295

VERT 249
OFFSET 0.405644, -10.204635, -8.711199
BONES 2
BONE 5 0.927063
BONE 9 0.072937

VERT 250
OFFSET 0.508485, -9.702308, -7.853575
BONES 2
BONE 5 0.985664
BONE 9 0.014336

VERT 251
OFFSET 0.012249, -11.067423, -8.240139
BONES 2
BONE 5 0.967979
BONE 9 0.032021

VERT 252
OFFSET -0.150990, -11.198853, -8.492801
BONES 2
BONE 5 0.959623
BONE 9 0.040377

VERT 253
OFFSET 0.100090, -10.582771, -9.777750
BONES 2
BONE 5 0.849159
BONE 9 0.150841

VERT 254
OFFSET -2.100690, -5.975375, -11.863931
BONES 2
BONE 5 0.996041
BONE 9 0.003959

VERT 255
OFFSET -1.705067, -6.242914, -12.356981
BONES 2
BONE 5 0.993604
BONE 9 0.006396

VERT 256
OFFSET -1.339383, -5.664723, -10.376351
BONES 1
BONE 5 1.000000

VERT 257
OFFSET -0.886725, -6.256454, -10.621177
BONES 1
BONE 5 1.000000

VERT 258
OFFSET -0.382442, -5.722081, -8.599316
BONES 1
BONE 5 1.000000

VERT 259
OFFSET -0.684183, -5.155345, -8.506236
BONES 2
BONE 5 0.999696
BONE 9 0.000304

VERT 260
OFFSET -0.200666, -6.329021, -9.231510
BONES 1
BONE 5 1.000000

VERT 261
OFFSET -2.980975, -8.088424, -13.569640
BONES 2
BONE 5 0.969406
BONE 9 0.030594

VERT 262
OFFSET -2.672303, -9.486855, -12.936979
BONES 2
BONE 5 0.991661
BONE 9 0.008339

VERT 263
OFFSET 1.125799, -6.952718, -6.036391
BONES 2
BONE 5 0.999837
BONE 9 0.000164

VERT 264
OFFSET 0.644104, -6.855028, -6.140933
BONES 2
BONE 5 0.999701
BONE 9 0.000299

VERT 265
OFFSET 1.435386, -7.689830, -6.032203
BONES 1
BONE 5 1.000000

VERT 266
OFFSET 0.109006, -6.347114, -8.380872
BONES 1
BONE 5 1.000000

VERT 267
OFFSET -0.180793, -5.813746, -8.091503
BONES 2
BONE 5 0.999494
BONE 9 0.000506

VERT 268
OFFSET -0.359581, -5.302204, -7.885843
BONES 2
BONE 5 0.999097
BONE 9 0.000903

VERT 269
OFFSET 0.412297, -6.280951, -7.453271
BONES 1
BONE 5 1.000000

VERT 270
OFFSET -0.101889, -6.235207, -7.188805
BONES 2
BONE 5 0.998466
BONE 9 0.001534

VERT 271
OFFSET 0.156241, -6.845760, -6.121190
BONES 2
BONE 5 0.999498
BONE 9 0.000502

VERT 272
OFFSET 0.048685, -5.974960, -6.936820
BONES 2
BONE 5 0.998220
BONE 9 0.001780

VERT 273
OFFSET -0.040270, -5.623260, -6.775295
BONES 2
BONE 5 0.997963
BONE 9 0.002037

VERT 274
OFFSET 0.311154, -6.546306, -5.750735
BONES 2
BONE 5 0.998785
BONE 9 0.001215

VERT 275
