// Export filename: 'C:/cod5/cod/cod5/model_export/viewmodels/viewmodel_usa_pbycrew_player.XMODEL_EXPORT'
// Source filename: 'C:/cod5/cod/cod5/model_export/viewmodels/viewmodel_usa_pbycrew_player.ma'
// Export time: Tue Jun 10 17:53:15 2008
MODEL
VERSION 6

NUMBONES 61
BONE 0 -1 "TAG_ORIGIN"
BONE 1 0 "TAG_SYNC"
BONE 2 0 "tag_torso"
BONE 3 2 "J_Shoulder_LE"
BONE 4 2 "J_Shoulder_RI"
BONE 5 2 "tag_view"
BONE 6 2 "tag_weapon"
BONE 7 3 "J_Elbow_LE"
BONE 8 4 "J_Elbow_RI"
BONE 9 5 "tag_cambone"
BONE 10 5 "tag_player"
BONE 11 7 "J_Sleave_Reshape_Bottom_LE_1"
BONE 12 7 "J_Sleave_Reshape_Bottom_LE_2"
BONE 13 7 "J_Sleave_Reshape_Top_LE_1"
BONE 14 7 "J_Sleave_Reshape_Top_LE_2"
BONE 15 7 "J_Sleave_Reshape_Top_LE_3"
BONE 16 8 "J_Sleave_Reshape_Top_RI_1"
BONE 17 8 "J_Sleave_Reshape_Top_RI_2"
BONE 18 8 "J_Sleave_Reshape_Top_RI_3"
BONE 19 7 "J_Wrist_LE"
BONE 20 8 "J_Wrist_RI"
BONE 21 7 "J_WristTwist_LE"
BONE 22 8 "J_WristTwist_RI"
BONE 23 9 "tag_camera"
BONE 24 19 "J_Index_LE_0"
BONE 25 20 "J_Index_RI_0"
BONE 26 19 "J_Mid_LE_0"
BONE 27 20 "J_Mid_RI_0"
BONE 28 19 "J_PinkyPalm_LE"
BONE 29 20 "J_PinkyPalm_RI"
BONE 30 19 "J_RingPalm_LE"
BONE 31 20 "J_RingPalm_RI"
BONE 32 19 "J_Thumb_LE_0"
BONE 33 20 "J_Thumb_RI_0"
BONE 34 19 "J_Webbing_LE"
BONE 35 20 "J_Webbing_RI"
BONE 36 23 "tag_gasmask"
BONE 37 24 "J_Index_LE_1"
BONE 38 25 "J_Index_RI_1"
BONE 39 26 "J_Mid_LE_1"
BONE 40 27 "J_Mid_RI_1"
BONE 41 28 "J_Pinky_LE_0"
BONE 42 29 "J_Pinky_RI_0"
BONE 43 30 "J_Ring_LE_0"
BONE 44 31 "J_Ring_RI_0"
BONE 45 32 "J_Thumb_LE_1"
BONE 46 33 "J_Thumb_RI_1"
BONE 47 37 "J_Index_LE_2"
BONE 48 38 "J_Index_RI_2"
BONE 49 39 "J_Mid_LE_2"
BONE 50 40 "J_Mid_RI_2"
BONE 51 41 "J_Pinky_LE_1"
BONE 52 42 "J_Pinky_RI_1"
BONE 53 43 "J_Ring_LE_1"
BONE 54 44 "J_Ring_RI_1"
BONE 55 45 "J_Thumb_LE_2"
BONE 56 46 "J_Thumb_RI_2"
BONE 57 51 "J_Pinky_LE_2"
BONE 58 52 "J_Pinky_RI_2"
BONE 59 53 "J_Ring_LE_2"
BONE 60 54 "J_Ring_RI_2"

BONE 0
OFFSET 0.000000, 0.000000, 0.000000
SCALE 1.000000, 1.000000, 1.000000
X 1.000000, 0.000000, 0.000000
Y 0.000000, 1.000000, 0.000000
Z 0.000000, 0.000000, 1.000000

BONE 1
OFFSET 0.000000, 0.000000, 0.000000
SCALE 1.000000, 1.000000, 1.000000
X -1.000000, 0.000000, 0.000000
Y -0.000000, -1.000000, 0.000000
Z 0.000000, 0.000000, 1.000000

BONE 2
OFFSET -4.631834, 0.000000, 58.622833
SCALE 1.000000, 1.000000, 1.000000
X 1.000000, 0.000000, 0.000000
Y 0.000000, 1.000000, 0.000000
Z 0.000000, 0.000000, 1.000000

BONE 3
OFFSET -3.506030, 7.937290, 56.812878
SCALE 1.000000, 1.000000, 1.000000
X 0.472986, 0.011374, -0.880996
Y 0.446745, -0.864941, 0.228681
Z -0.759409, -0.501744, -0.414187

BONE 4
OFFSET -3.506032, -7.937284, 56.812881
SCALE 1.000000, 1.000000, 1.000000
X -0.472986, 0.011374, 0.880996
Y -0.446745, -0.864941, -0.228681
Z 0.759409, -0.501744, 0.414187

BONE 5
OFFSET 0.000000, 0.000000, 59.999790
SCALE 1.000000, 1.000000, 1.000000
X 1.000000, 0.000000, 0.000000
Y 0.000000, 1.000000, 0.000000
Z 0.000000, 0.000000, 1.000000

BONE 6
OFFSET 10.527968, 0.000000, 51.870113
SCALE 1.000000, 1.000000, 1.000000
X 1.000000, 0.000000, 0.000000
Y 0.000000, 1.000000, 0.000000
Z 0.000000, 0.000000, 1.000000

BONE 7
OFFSET 2.214219, 8.074842, 46.158195
SCALE 1.000000, 1.000000, 1.000000
X 0.999978, -0.002833, 0.005930
Y -0.005970, -0.014367, 0.999879
Z -0.002747, -0.999893, -0.014384

BONE 8
OFFSET 2.214221, -8.074842, 46.158215
SCALE 1.000000, 1.000000, 1.000000
X -0.999978, -0.002833, -0.005930
Y 0.005970, -0.014367, -0.999879
Z 0.002747, -0.999893, 0.014384

BONE 9
OFFSET 0.000000, 0.000000, 59.999790
SCALE 1.000000, 1.000000, 1.000000
X 1.000000, 0.000000, 0.000000
Y 0.000000, 1.000000, 0.000000
Z 0.000000, 0.000000, 1.000000

BONE 10
OFFSET 0.000000, 0.000000, 0.000000
SCALE 1.000000, 1.000000, 1.000000
X 1.000000, 0.000000, 0.000000
Y 0.000000, 1.000000, 0.000000
Z 0.000000, 0.000000, 1.000000

BONE 11
OFFSET 12.125037, 8.958635, 45.173817
SCALE 1.000000, 1.000000, 1.000000
X 1.000000, 0.000000, 0.000000
Y 0.000000, 1.000000, 0.000000
Z 0.000000, 0.000000, 1.000000

BONE 12
OFFSET 11.739065, 7.335669, 44.948719
SCALE 1.000000, 1.000000, 1.000000
X 1.000000, 0.000000, 0.000000
Y 0.000000, 1.000000, 0.000000
Z 0.000000, 0.000000, 1.000000

BONE 13
OFFSET 12.634503, 8.810233, 47.714413
SCALE 1.000000, 1.000000, 1.000000
X 1.000000, 0.000000, 0.000000
Y 0.000000, 1.000000, 0.000000
Z 0.000000, 0.000000, 1.000000

BONE 14
OFFSET 12.530005, 7.482795, 47.910583
SCALE 1.000000, 1.000000, 1.000000
X 1.000000, 0.000000, 0.000000
Y 0.000000, 1.000000, 0.000000
Z 0.000000, 0.000000, 1.000000

BONE 15
OFFSET 12.149994, 6.891432, 46.940243
SCALE 1.000000, 1.000000, 1.000000
X 1.000000, 0.000000, 0.000000
Y 0.000000, 1.000000, 0.000000
Z 0.000000, 0.000000, 1.000000

BONE 16
OFFSET 12.634488, -8.810236, 47.714397
SCALE 1.000000, 1.000000, 1.000000
X -1.000000, 0.000000, -0.000000
Y 0.000000, 1.000000, 0.000000
Z 0.000000, 0.000000, -1.000000

BONE 17
OFFSET 12.530000, -7.482795, 47.910576
SCALE 1.000000, 1.000000, 1.000000
X -1.000000, 0.000000, -0.000000
Y 0.000000, 1.000000, 0.000000
Z 0.000000, 0.000000, -1.000000

BONE 18
OFFSET 12.150000, -6.891418, 46.940224
SCALE 1.000000, 1.000000, 1.000000
X -1.000000, 0.000000, -0.000000
Y 0.000000, 1.000000, 0.000000
Z 0.000000, 0.000000, -1.000000

BONE 19
OFFSET 13.785073, 8.042067, 46.226818
SCALE 1.000000, 1.000000, 1.000000
X 0.996700, -0.023076, 0.077825
Y -0.077652, 0.008297, 0.996946
Z -0.023651, -0.999699, 0.006478

BONE 20
OFFSET 13.785079, -8.042048, 46.226837
SCALE 1.000000, 1.000000, 1.000000
X -0.996700, -0.023076, -0.077825
Y 0.077652, 0.008297, -0.996946
Z 0.023651, -0.999699, -0.006478

BONE 21
OFFSET 10.719465, 8.050750, 46.208637
SCALE 1.000000, 1.000000, 1.000000
X 0.999978, -0.002833, 0.005930
Y -0.005970, -0.014367, 0.999879
Z -0.002747, -0.999893, -0.014384

BONE 22
OFFSET 10.719449, -8.050748, 46.208649
SCALE 1.000000, 1.000000, 1.000000
X -0.999978, -0.002833, -0.005930
Y 0.005970, -0.014367, -0.999879
Z 0.002747, -0.999893, 0.014384

BONE 23
OFFSET 0.000000, 0.000000, 59.999790
SCALE 1.000000, 1.000000, 1.000000
X 1.000000, 0.000000, 0.000000
Y 0.000000, 1.000000, 0.000000
Z 0.000000, 0.000000, 1.000000

BONE 24
OFFSET 17.618980, 8.329933, 47.279575
SCALE 1.000000, 1.000000, 1.000000
X 0.770359, -0.621881, 0.140748
Y -0.611755, -0.783111, -0.111771
Z 0.179730, 0.000000, -0.983716

BONE 25
OFFSET 17.618977, -8.329922, 47.279591
SCALE 1.000000, 1.000000, 1.000000
X -0.770359, -0.621881, -0.140748
Y 0.611755, -0.783111, 0.111771
Z -0.179730, -0.000000, 0.983716

BONE 26
OFFSET 17.592691, 8.144073, 46.190903
SCALE 1.000000, 1.000000, 1.000000
X 0.786575, -0.616967, 0.025504
Y -0.616643, -0.786989, -0.019994
Z 0.032407, 0.000000, -0.999475

BONE 27
OFFSET 17.592678, -8.144055, 46.190891
SCALE 1.000000, 1.000000, 1.000000
X -0.786575, -0.616967, -0.025504
Y 0.616643, -0.786989, 0.019994
Z -0.032407, -0.000000, 0.999475

BONE 28
OFFSET 14.706850, 7.811601, 45.226501
SCALE 1.000000, 1.000000, 1.000000
X 0.860527, -0.066586, -0.505035
Y -0.090728, -0.995602, -0.023327
Z -0.501261, 0.065894, -0.862784

BONE 29
OFFSET 14.706850, -7.811614, 45.226482
SCALE 1.000000, 1.000000, 1.000000
X -0.860527, -0.066586, 0.505035
Y 0.090728, -0.995602, 0.023327
Z 0.501261, 0.065894, 0.862784

BONE 30
OFFSET 14.877762, 7.951642, 45.905254
SCALE 1.000000, 1.000000, 1.000000
X 0.972219, -0.030530, -0.232073
Y -0.040633, -0.998417, -0.038880
Z -0.230519, 0.047230, -0.971921

BONE 31
OFFSET 14.877756, -7.951653, 45.905262
SCALE 1.000000, 1.000000, 1.000000
X -0.972219, -0.030530, 0.232073
Y 0.040633, -0.998417, 0.038880
Z 0.230519, 0.047230, 0.971921

BONE 32
OFFSET 14.148777, 7.629210, 47.226578
SCALE 1.000000, 1.000000, 1.000000
X 0.614049, -0.475564, 0.629907
Y -0.500882, 0.381986, 0.776662
Z -0.609968, -0.792418, -0.003644

BONE 33
OFFSET 14.148780, -7.629212, 47.226563
SCALE 1.000000, 1.000000, 1.000000
X -0.614049, -0.475564, -0.629907
Y 0.500882, 0.381986, -0.776662
Z 0.609968, -0.792418, 0.003644

BONE 34
OFFSET 16.721630, 7.448270, 48.053139
SCALE 1.000000, 1.000000, 1.000000
X 0.946229, -0.301294, -0.117786
Y 0.309193, 0.949386, 0.055376
Z 0.095139, -0.088817, 0.991494

BONE 35
OFFSET 9.583885, -8.680950, 46.742489
SCALE 1.000000, 1.000000, 1.000000
X -0.946229, -0.301294, 0.117786
Y -0.309193, 0.949386, -0.055376
Z -0.095139, -0.088817, -0.991494

BONE 36
OFFSET 1.540442, 0.000000, 64.135536
SCALE 1.000000, 1.000000, 1.000000
X 1.000000, 0.000000, 0.000000
Y 0.000000, 1.000000, 0.000000
Z 0.000000, 0.000000, 1.000000

BONE 37
OFFSET 18.975315, 7.235017, 47.527382
SCALE 1.000000, 1.000000, 1.000000
X 0.426042, -0.903354, 0.049392
Y -0.880239, -0.426513, -0.208005
Z 0.208969, 0.045142, -0.976880

BONE 38
OFFSET 18.975315, -7.235000, 47.527390
SCALE 1.000000, 1.000000, 1.000000
X -0.426042, -0.903354, -0.049392
Y 0.880239, -0.426513, 0.208005
Z -0.208969, 0.045142, 0.976880

BONE 39
OFFSET 19.129311, 6.938792, 46.240723
SCALE 1.000000, 1.000000, 1.000000
X 0.028169, -0.999543, -0.010950
Y -0.999561, -0.028267, 0.008848
Z -0.009153, 0.010696, -0.999901

BONE 40
OFFSET 19.129292, -6.938779, 46.240734
SCALE 1.000000, 1.000000, 1.000000
X -0.028169, -0.999543, 0.010950
Y 0.999561, -0.028267, -0.008848
Z 0.009153, 0.010696, 0.999901

BONE 41
OFFSET 16.702198, 7.530317, 44.214565
SCALE 1.000000, 1.000000, 1.000000
X 0.856282, -0.436541, -0.276069
Y -0.415481, -0.899684, 0.133953
Z -0.306851, 0.000000, -0.951758

BONE 42
OFFSET 16.702206, -7.530315, 44.214554
SCALE 1.000000, 1.000000, 1.000000
X -0.856282, -0.436541, 0.276069
Y 0.415481, -0.899684, -0.133953
Z 0.306851, -0.000000, 0.951758

BONE 43
OFFSET 17.367678, 7.901457, 45.159435
SCALE 1.000000, 1.000000, 1.000000
X 0.831745, -0.508839, -0.221999
Y -0.491628, -0.860862, 0.131219
Z -0.257880, 0.000000, -0.966177

BONE 44
OFFSET 17.367678, -7.901457, 45.159435
SCALE 1.000000, 1.000000, 1.000000
X -0.831745, -0.508839, 0.221999
Y 0.491628, -0.860862, -0.131219
Z 0.257880, -0.000000, 0.966177

BONE 45
OFFSET 15.389911, 6.597012, 48.663181
SCALE 1.000000, 1.000000, 1.000000
X 0.914596, -0.402924, 0.034161
Y -0.078983, -0.095150, 0.992325
Z -0.396581, -0.910274, -0.118848

BONE 46
OFFSET 15.389921, -6.597008, 48.663174
SCALE 1.000000, 1.000000, 1.000000
X -0.914596, -0.402924, -0.034161
Y 0.078983, -0.095150, -0.992325
Z 0.396581, -0.910274, 0.118848

BONE 47
OFFSET 19.480556, 6.134072, 47.646774
SCALE 1.000000, 1.000000, 1.000000
X 0.139847, -0.988437, 0.058612
Y -0.965352, -0.149273, -0.214039
Z 0.220313, -0.026648, -0.975065

BONE 48
OFFSET 19.480551, -6.134055, 47.646759
SCALE 1.000000, 1.000000, 1.000000
X -0.139847, -0.988437, -0.058612
Y 0.965352, -0.149273, 0.214039
Z -0.220313, -0.026648, 0.975065

BONE 49
OFFSET 19.170456, 5.478823, 46.224731
SCALE 1.000000, 1.000000, 1.000000
X -0.530249, -0.847838, 0.002716
Y -0.845552, 0.529049, 0.071753
Z -0.062271, 0.035750, -0.997419

BONE 50
OFFSET 19.170473, -5.478819, 46.224712
SCALE 1.000000, 1.000000, 1.000000
X 0.530249, -0.847838, -0.002716
Y 0.845552, 0.529049, -0.071753
Z 0.062271, 0.035750, 0.997419

BONE 51
OFFSET 17.914511, 6.912269, 43.823708
SCALE 1.000000, 1.000000, 1.000000
X 0.129509, -0.990999, -0.033881
Y -0.958733, -0.133868, 0.250818
Z -0.253096, 0.000000, -0.967441

BONE 52
OFFSET 17.914528, -6.912283, 43.823727
SCALE 1.000000, 1.000000, 1.000000
X -0.129509, -0.990999, 0.033881
Y 0.958733, -0.133868, -0.250818
Z 0.253096, -0.000000, 0.967441

BONE 53
OFFSET 18.783724, 7.035159, 44.781483
SCALE 1.000000, 1.000000, 1.000000
X 0.018696, -0.999823, 0.001993
Y -0.972646, -0.017726, 0.231616
Z -0.231540, -0.006269, -0.972805

BONE 54
OFFSET 18.783741, -7.035158, 44.781483
SCALE 1.000000, 1.000000, 1.000000
X -0.018696, -0.999823, -0.001993
Y 0.972646, -0.017726, -0.231616
Z 0.231540, -0.006269, 0.972805

BONE 55
OFFSET 16.826696, 5.850290, 48.645824
SCALE 1.000000, 1.000000, 1.000000
X 0.780284, -0.439636, -0.444835
Y 0.353937, -0.276002, 0.893617
Z -0.515641, -0.854718, -0.059757

BONE 56
OFFSET 16.826693, -5.850276, 48.645813
SCALE 1.000000, 1.000000, 1.000000
X -0.780284, -0.439636, 0.444835
Y -0.353937, -0.276002, -0.893617
Z 0.515641, -0.854718, 0.059757

BONE 57
OFFSET 18.029337, 6.033617, 43.793671
SCALE 1.000000, 1.000000, 1.000000
X -0.508594, -0.843981, 0.170374
Y -0.800272, 0.536372, 0.268083
Z -0.317641, -0.000000, -0.948211

BONE 58
OFFSET 18.029331, -6.033622, 43.793686
SCALE 1.000000, 1.000000, 1.000000
X 0.508594, -0.843981, -0.170374
Y 0.800272, 0.536372, -0.268083
Z 0.317641, -0.000000, 0.948211

BONE 59
OFFSET 18.809635, 5.649475, 44.784245
SCALE 1.000000, 1.000000, 1.000000
X -0.560939, -0.817051, 0.133323
Y -0.794907, 0.576565, 0.188932
Z -0.231237, 0.000000, -0.972898

BONE 60
OFFSET 18.809647, -5.649488, 44.784237
SCALE 1.000000, 1.000000, 1.000000
X 0.560939, -0.817051, -0.133323
Y 0.794907, 0.576565, -0.188932
Z 0.231237, 0.000000, 0.972898

NUMVERTS 2758
VERT 0
OFFSET -0.314822, -8.624992, 57.023666
BONES 2
BONE 4 0.993400
BONE 8 0.006600

VERT 1
OFFSET -1.184812, -10.179169, 56.848026
BONES 2
BONE 4 0.992358
BONE 8 0.007642

VERT 2
OFFSET -1.785663, -9.825731, 58.194977
BONES 2
BONE 4 0.993538
BONE 8 0.006462

VERT 3
OFFSET -0.594759, -8.274045, 57.860294
BONES 2
BONE 4 0.993592
BONE 8 0.006408

VERT 4
OFFSET -3.717599, -10.856768, 57.620541
BONES 2
BONE 4 0.990370
BONE 8 0.009630

VERT 5
OFFSET -2.917015, -11.222589, 56.199326
BONES 2
BONE 4 0.989398
BONE 8 0.010602

VERT 6
OFFSET -6.170880, -9.710525, 53.997997
BONES 2
BONE 4 0.987084
BONE 8 0.012916

VERT 7
OFFSET -7.014401, -9.532415, 55.651089
BONES 2
BONE 4 0.987084
BONE 8 0.012916

VERT 8
OFFSET -5.466943, -10.724375, 56.832020
BONES 2
BONE 4 0.988465
BONE 8 0.011535

VERT 9
OFFSET -4.819921, -11.018159, 55.317413
BONES 2
BONE 4 0.988049
BONE 8 0.011951

VERT 10
OFFSET -5.625166, -5.856788, 53.111046
BONES 2
BONE 4 0.989167
BONE 8 0.010833

VERT 11
OFFSET -6.547835, -5.763052, 53.822628
BONES 2
BONE 4 0.988575
BONE 8 0.011425

VERT 12
OFFSET -7.273743, -7.377034, 54.106842
BONES 2
BONE 4 0.987084
BONE 8 0.012916

VERT 13
OFFSET -6.371686, -7.785056, 53.528690
BONES 2
BONE 4 0.987084
BONE 8 0.012916

VERT 14
OFFSET 0.176441, -6.412256, 56.854797
BONES 2
BONE 4 0.995376
BONE 8 0.004624

VERT 15
OFFSET 0.119330, -7.036879, 56.485035
BONES 2
BONE 4 0.995773
BONE 8 0.004227

VERT 16
OFFSET 0.015784, -5.508816, 55.207352
BONES 2
BONE 4 0.996066
BONE 8 0.003934

VERT 17
OFFSET 0.215042, -4.964822, 55.546143
BONES 2
BONE 4 0.995863
BONE 8 0.004137

VERT 18
OFFSET -0.704447, -3.831372, 53.942478
BONES 2
BONE 4 0.996522
BONE 8 0.003478

VERT 19
OFFSET -0.589685, -4.321348, 53.800404
BONES 2
BONE 4 0.996816
BONE 8 0.003184

VERT 20
OFFSET -3.889304, -4.334978, 52.438713
BONES 2
BONE 4 0.989942
BONE 8 0.010058

VERT 21
OFFSET -3.727903, -3.777988, 52.707893
BONES 2
BONE 4 0.990929
BONE 8 0.009071

VERT 22
OFFSET 11.538437, -6.239197, 46.861748
BONES 2
BONE 8 0.903175
BONE 22 0.096825

VERT 23
OFFSET 11.589426, -6.452830, 47.373558
BONES 2
BONE 8 0.897671
BONE 22 0.102329

VERT 24
OFFSET 10.751080, -6.652118, 47.442974
BONES 2
BONE 8 0.914164
BONE 22 0.085836

VERT 25
OFFSET 10.726268, -6.339220, 46.817745
BONES 3
BONE 4 0.000116
BONE 8 0.918733
BONE 22 0.081150

VERT 26
OFFSET 11.611000, -6.981822, 47.687332
BONES 2
BONE 8 0.907507
BONE 22 0.092493

VERT 27
OFFSET 10.795050, -7.157526, 47.825058
BONES 2
BONE 8 0.923050
BONE 22 0.076950

VERT 28
OFFSET 11.780420, -8.049336, 47.932415
BONES 2
BONE 8 0.897627
BONE 22 0.102373

VERT 29
OFFSET 11.808872, -8.360966, 47.768620
BONES 2
BONE 8 0.913653
BONE 22 0.086347

VERT 30
OFFSET 10.875569, -8.530893, 47.982922
BONES 3
BONE 4 0.000038
BONE 8 0.955510
BONE 22 0.044452

VERT 31
OFFSET 10.856719, -8.196406, 48.120609
BONES 3
BONE 4 0.000226
BONE 8 0.939238
BONE 22 0.060536

VERT 32
OFFSET 11.858178, -8.645590, 47.404140
BONES 3
BONE 4 0.000852
BONE 8 0.934303
BONE 22 0.064845

VERT 33
OFFSET 11.870827, -8.913003, 46.873405
BONES 3
BONE 4 0.001140
BONE 8 0.932950
BONE 22 0.065910

VERT 34
OFFSET 10.888755, -9.172968, 47.001389
BONES 3
BONE 4 0.000785
BONE 8 0.949687
BONE 22 0.049528

VERT 35
OFFSET 10.835402, -8.884317, 47.579689
BONES 2
BONE 8 0.950594
BONE 22 0.049406

VERT 36
OFFSET 11.830241, -9.156364, 46.432816
BONES 2
BONE 8 0.947946
BONE 22 0.052054

VERT 37
OFFSET 10.924303, -9.437885, 46.357132
BONES 3
BONE 4 0.001342
BONE 8 0.953039
BONE 22 0.045619

VERT 38
OFFSET 11.798269, -9.234475, 45.870556
BONES 2
BONE 8 0.961653
BONE 22 0.038347

VERT 39
OFFSET 11.661623, -9.042812, 45.227974
BONES 3
BONE 4 0.000499
BONE 8 0.967250
BONE 22 0.032251

VERT 40
OFFSET 10.867704, -9.189827, 45.112873
BONES 3
BONE 4 0.003386
BONE 8 0.953478
BONE 22 0.043136

VERT 41
OFFSET 10.971740, -9.607867, 45.778168
BONES 3
BONE 4 0.001364
BONE 8 0.958441
BONE 22 0.040195

VERT 42
OFFSET 11.589326, -8.688521, 44.790035
BONES 2
BONE 8 0.957071
BONE 22 0.042929

VERT 43
OFFSET 11.494417, -8.207715, 44.513256
BONES 2
BONE 8 0.952691
BONE 22 0.047309

VERT 44
OFFSET 10.743462, -8.396882, 44.372406
BONES 3
BONE 4 0.005487
BONE 8 0.944513
BONE 22 0.050000

VERT 45
OFFSET 10.757441, -8.823497, 44.643681
BONES 3
BONE 4 0.005459
BONE 8 0.944541
BONE 22 0.050000

VERT 46
OFFSET 11.432111, -7.377876, 44.454769
BONES 2
BONE 8 0.952417
BONE 22 0.047583

VERT 47
OFFSET 11.435604, -7.125480, 44.590179
BONES 2
BONE 8 0.958762
BONE 22 0.041238

VERT 48
OFFSET 10.672954, -7.189911, 44.491306
BONES 2
BONE 8 0.970950
BONE 22 0.029050

VERT 49
OFFSET 10.711863, -7.419174, 44.333462
BONES 2
BONE 8 0.963795
BONE 22 0.036205

VERT 50
OFFSET 11.502750, -6.707236, 45.466064
BONES 2
BONE 8 0.918939
BONE 22 0.081061

VERT 51
OFFSET 10.639012, -6.703180, 45.363247
BONES 3
BONE 4 0.000116
BONE 8 0.939483
BONE 22 0.060401

VERT 52
OFFSET 9.210188, -10.067898, 46.424706
BONES 3
BONE 4 0.006862
BONE 8 0.943876
BONE 22 0.049262

VERT 53
OFFSET 9.155099, -9.539352, 47.463299
BONES 3
BONE 4 0.006445
BONE 8 0.943555
BONE 22 0.050000

VERT 54
OFFSET 9.059756, -9.620708, 44.503120
BONES 3
BONE 4 0.015330
BONE 8 0.941095
BONE 22 0.043575

VERT 55
OFFSET 9.202646, -10.135168, 45.440006
BONES 3
BONE 4 0.005998
BONE 8 0.951474
BONE 22 0.042528

VERT 56
OFFSET 8.824066, -6.347443, 44.871063
BONES 3
BONE 4 0.005264
BONE 8 0.954244
BONE 22 0.040492

VERT 57
OFFSET 8.911046, -7.156915, 44.033249
BONES 3
BONE 4 0.008818
BONE 8 0.951764
BONE 22 0.039418

VERT 58
OFFSET 10.664779, -6.351784, 46.096424
BONES 3
BONE 4 0.000237
BONE 8 0.922664
BONE 22 0.077099

VERT 59
OFFSET 8.812529, -5.968706, 45.903831
BONES 3
BONE 4 0.001579
BONE 8 0.954209
BONE 22 0.044212

VERT 60
OFFSET 8.856948, -6.170579, 46.723366
BONES 3
BONE 4 0.001494
BONE 8 0.947759
BONE 22 0.050747

VERT 61
OFFSET 8.955003, -6.628673, 47.549099
BONES 3
BONE 4 0.000828
BONE 8 0.948479
BONE 22 0.050693

VERT 62
OFFSET 7.368343, -6.381147, 47.755676
BONES 3
BONE 4 0.005243
BONE 8 0.956157
BONE 22 0.038600

VERT 63
OFFSET 7.249592, -5.967434, 46.996521
BONES 3
BONE 4 0.010209
BONE 8 0.957806
BONE 22 0.031985

VERT 64
OFFSET 9.038376, -7.092787, 48.188202
BONES 3
BONE 4 0.000891
BONE 8 0.949109
BONE 22 0.050000

VERT 65
OFFSET 9.012209, -7.921057, 48.615479
BONES 3
BONE 4 0.001622
BONE 8 0.948378
BONE 22 0.050000

VERT 66
OFFSET 7.586114, -8.035717, 49.038357
BONES 3
BONE 4 0.006793
BONE 8 0.961336
BONE 22 0.031871

VERT 67
OFFSET 7.474720, -6.997274, 48.460674
BONES 3
BONE 4 0.003223
BONE 8 0.956914
BONE 22 0.039863

VERT 68
OFFSET 7.437231, -10.497115, 46.553780
BONES 3
BONE 4 0.016254
BONE 8 0.968752
BONE 22 0.014994

VERT 69
OFFSET 7.533919, -9.828396, 47.560902
BONES 3
BONE 4 0.009100
BONE 8 0.962162
BONE 22 0.028738

VERT 70
OFFSET 7.122519, -10.183285, 44.214916
BONES 2
BONE 4 0.022928
BONE 8 0.977072

VERT 71
OFFSET 7.311869, -10.675185, 45.421928
BONES 3
BONE 4 0.021548
BONE 8 0.972597
BONE 22 0.005856

VERT 72
OFFSET 8.972103, -8.626026, 43.760887
BONES 3
BONE 4 0.031130
BONE 8 0.918870
BONE 22 0.050000

VERT 73
OFFSET 6.899897, -9.110586, 43.391048
BONES 3
BONE 4 0.029601
BONE 8 0.961893
BONE 22 0.008505

VERT 74
OFFSET 6.984511, -6.072010, 44.691498
BONES 3
BONE 4 0.020132
BONE 8 0.964618
BONE 22 0.015250

VERT 75
OFFSET 6.837084, -6.935664, 43.606674
BONES 3
BONE 4 0.024267
BONE 8 0.964795
BONE 22 0.010938

VERT 76
OFFSET 7.131283, -5.630593, 45.980263
BONES 3
BONE 4 0.016435
BONE 8 0.957224
BONE 22 0.026342

VERT 77
OFFSET 5.091242, -5.419664, 47.354782
BONES 3
BONE 4 0.011058
BONE 8 0.987643
BONE 22 0.001299

VERT 78
OFFSET 5.285382, -6.270431, 48.025501
BONES 3
BONE 4 0.008978
BONE 8 0.987603
BONE 22 0.003419

VERT 79
OFFSET 4.090986, -6.181427, 48.051773
BONES 3
BONE 4 0.007193
BONE 8 0.992464
BONE 22 0.000343

VERT 80
OFFSET 3.750905, -5.270772, 47.346603
BONES 2
BONE 4 0.004683
BONE 8 0.995317

VERT 81
OFFSET 5.321021, -7.321185, 48.720963
BONES 3
BONE 4 0.005284
BONE 8 0.992169
BONE 22 0.002547

VERT 82
OFFSET 5.528370, -8.290949, 49.234196
BONES 3
BONE 4 0.009166
BONE 8 0.989929
BONE 22 0.000906

VERT 83
OFFSET 4.168961, -8.592003, 49.028931
BONES 2
BONE 4 0.009780
BONE 8 0.990220

VERT 84
OFFSET 4.237618, -7.369328, 48.715923
BONES 3
BONE 4 0.006468
BONE 8 0.993293
BONE 22 0.000238

VERT 85
OFFSET 5.392605, -9.529941, 49.515999
BONES 3
BONE 4 0.080561
BONE 8 0.919439
BONE 22 0.000000

VERT 86
OFFSET 4.311959, -10.347139, 49.300949
BONES 2
BONE 4 0.029844
BONE 8 0.970156

VERT 87
OFFSET 4.636523, -11.074924, 45.734314
BONES 2
BONE 4 0.000234
BONE 8 0.999766

VERT 88
OFFSET 4.043787, -10.524634, 44.290379
BONES 2
BONE 4 0.020602
BONE 8 0.979398

VERT 89
OFFSET 2.236826, -10.372155, 44.450550
BONES 2
BONE 4 0.066030
BONE 8 0.933970

VERT 90
OFFSET 2.996611, -11.110050, 46.134338
BONES 2
BONE 4 0.000234
BONE 8 0.999766

VERT 91
OFFSET 3.763505, -9.240051, 43.304146
BONES 2
BONE 4 0.018277
BONE 8 0.981723

VERT 92
OFFSET 1.972027, -9.159431, 43.591110
BONES 2
BONE 4 0.079149
BONE 8 0.920851

VERT 93
OFFSET 3.792445, -7.732911, 43.329315
BONES 2
BONE 4 0.045543
BONE 8 0.954457

VERT 94
OFFSET 2.047239, -7.745090, 43.654701
BONES 2
BONE 4 0.047118
BONE 8 0.952882

VERT 95
OFFSET 3.920313, -9.741667, 49.669781
BONES 2
BONE 4 0.056381
BONE 8 0.943619

VERT 96
OFFSET 3.564762, -8.362292, 49.651283
BONES 2
BONE 4 0.016001
BONE 8 0.983999

VERT 97
OFFSET 0.475944, -9.100917, 43.714764
BONES 2
BONE 4 0.390983
BONE 8 0.609017

VERT 98
OFFSET 0.746646, -7.871620, 44.112980
BONES 2
BONE 4 0.280441
BONE 8 0.719559

VERT 99
OFFSET -0.489126, -7.947854, 44.387516
BONES 2
BONE 4 0.574835
BONE 8 0.425165

VERT 100
OFFSET -0.674990, -9.052844, 44.000954
BONES 2
BONE 4 0.482479
BONE 8 0.517521

VERT 101
OFFSET 0.844320, -10.946157, 46.392269
BONES 2
BONE 4 0.229379
BONE 8 0.770621

VERT 102
OFFSET -0.302721, -10.293075, 44.919834
BONES 2
BONE 4 0.501167
BONE 8 0.498833

VERT 103
OFFSET -1.348659, -10.054034, 45.891479
BONES 2
BONE 4 0.943689
BONE 8 0.056311

VERT 104
OFFSET -0.462164, -10.988546, 46.226257
BONES 2
BONE 4 0.665572
BONE 8 0.334428

VERT 105
OFFSET -1.747583, -8.646885, 45.136642
BONES 2
BONE 4 0.857722
BONE 8 0.142278

VERT 106
OFFSET -0.184099, -6.281410, 46.748112
BONES 2
BONE 4 0.756041
BONE 8 0.243959

VERT 107
OFFSET -0.703867, -7.220840, 45.603455
BONES 2
BONE 4 0.846836
BONE 8 0.153164

VERT 108
OFFSET 0.632529, -6.001167, 45.930439
BONES 2
BONE 4 0.252624
BONE 8 0.747376

VERT 109
OFFSET 1.224291, -8.654119, 53.508099
BONES 2
BONE 4 0.997339
BONE 8 0.002661

VERT 110
OFFSET 0.553250, -10.066064, 52.988750
BONES 2
BONE 4 0.997403
BONE 8 0.002597

VERT 111
OFFSET -0.533509, -10.304183, 55.124187
BONES 2
BONE 4 0.990296
BONE 8 0.009704

VERT 112
OFFSET 0.332183, -9.165392, 55.615940
BONES 2
BONE 4 0.993023
BONE 8 0.006977

VERT 113
OFFSET -3.130062, -10.794072, 49.766743
BONES 2
BONE 4 0.998046
BONE 8 0.001954

VERT 114
OFFSET -3.951422, -9.511117, 48.894382
BONES 1
BONE 4 1.000000

VERT 115
OFFSET -5.171695, -9.971223, 51.804058
BONES 2
BONE 4 0.987084
BONE 8 0.012916

VERT 116
OFFSET -3.869968, -11.024682, 52.830215
BONES 2
BONE 4 0.987228
BONE 8 0.012772

VERT 117
OFFSET -4.332509, -7.804890, 48.492943
BONES 1
BONE 4 1.000000

VERT 118
OFFSET -5.315315, -7.800321, 51.855465
BONES 2
BONE 4 0.987854
BONE 8 0.012146

VERT 119
OFFSET 2.656568, -9.348688, 50.221752
BONES 2
BONE 4 0.667179
BONE 8 0.332821

VERT 120
OFFSET 2.937582, -8.132630, 50.040783
BONES 2
BONE 4 0.773124
BONE 8 0.226876

VERT 121
OFFSET -2.298217, -11.458173, 53.957630
BONES 2
BONE 4 0.987086
BONE 8 0.012914

VERT 122
OFFSET -5.157689, -6.237290, 52.161972
BONES 2
BONE 4 0.989306
BONE 8 0.010694

VERT 123
OFFSET -3.351829, -4.936809, 52.442379
BONES 2
BONE 4 0.991558
BONE 8 0.008442

VERT 124
OFFSET 0.297710, -5.589792, 54.693295
BONES 2
BONE 4 0.996975
BONE 8 0.003025

VERT 125
OFFSET -0.026101, -4.857656, 53.410076
BONES 2
BONE 4 0.997733
BONE 8 0.002267

VERT 126
OFFSET 0.162354, -7.251249, 55.797009
BONES 2
BONE 4 0.996531
BONE 8 0.003469

VERT 127
OFFSET 0.608619, -10.256406, 44.547829
BONES 2
BONE 4 0.450902
BONE 8 0.549098

VERT 128
OFFSET 1.692044, -10.952564, 46.279945
BONES 2
BONE 4 0.042360
BONE 8 0.957640

VERT 129
OFFSET 2.917116, -10.889880, 48.010822
BONES 2
BONE 4 0.160056
BONE 8 0.839944

VERT 130
OFFSET 3.161322, -10.934123, 47.951599
BONES 2
BONE 4 0.042756
BONE 8 0.957244

VERT 131
OFFSET 1.739244, -10.547045, 48.009789
BONES 2
BONE 4 0.247755
BONE 8 0.752245

VERT 132
OFFSET 2.678404, -6.593191, 49.476563
BONES 2
BONE 4 0.483951
BONE 8 0.516049

VERT 133
OFFSET 3.477267, -6.653177, 49.072430
BONES 3
BONE 4 0.053014
BONE 8 0.946689
BONE 22 0.000296

VERT 134
OFFSET 1.961892, -5.192717, 47.017914
BONES 2
BONE 4 0.060767
BONE 8 0.939233

VERT 135
OFFSET 0.864392, -5.303458, 47.220764
BONES 2
BONE 4 0.719361
BONE 8 0.280639

VERT 136
OFFSET 1.574352, -5.913551, 45.450897
BONES 2
BONE 4 0.046339
BONE 8 0.953661

VERT 137
OFFSET -0.130650, -7.115881, 44.865906
BONES 2
BONE 4 0.670764
BONE 8 0.329236

VERT 138
OFFSET 1.027626, -7.066767, 44.579147
BONES 2
BONE 4 0.225032
BONE 8 0.774968

VERT 139
OFFSET 6.322396, -8.107564, 49.295105
BONES 3
BONE 4 0.009204
BONE 8 0.983602
BONE 22 0.007194

VERT 140
OFFSET 6.267694, -9.167778, 49.473648
BONES 3
BONE 4 0.074409
BONE 8 0.922551
BONE 22 0.003040

VERT 141
OFFSET 6.787232, -7.789613, 43.327843
BONES 3
BONE 4 0.031157
BONE 8 0.960001
BONE 22 0.008842

VERT 142
OFFSET 4.446595, -5.578615, 44.911686
BONES 2
BONE 4 0.077560
BONE 8 0.922440

VERT 143
OFFSET 3.938265, -6.831831, 43.618702
BONES 2
BONE 4 0.096469
BONE 8 0.903531

VERT 144
OFFSET 4.296177, -10.525935, 49.089878
BONES 2
BONE 4 0.035163
BONE 8 0.964837

VERT 145
OFFSET 5.477627, -9.671125, 49.300392
BONES 3
BONE 4 0.067744
BONE 8 0.932241
BONE 22 0.000014

VERT 146
OFFSET 4.741556, -10.220971, 47.534859
BONES 2
BONE 4 0.035981
BONE 8 0.964019

VERT 147
OFFSET 6.291248, -9.391365, 49.233406
BONES 3
BONE 4 0.065975
BONE 8 0.931207
BONE 22 0.002818

VERT 148
OFFSET 5.793080, -10.042689, 47.672432
BONES 3
BONE 4 0.034336
BONE 8 0.965658
BONE 22 0.000005

VERT 149
OFFSET 7.562228, -9.192374, 48.807961
BONES 3
BONE 4 0.017696
BONE 8 0.964192
BONE 22 0.018112

VERT 150
OFFSET 7.533727, -9.014544, 49.049946
BONES 3
BONE 4 0.017088
BONE 8 0.963088
BONE 22 0.019825

VERT 151
OFFSET 9.033449, -8.812033, 48.593288
BONES 3
BONE 4 0.004894
BONE 8 0.948486
BONE 22 0.046620

VERT 152
OFFSET 9.034410, -8.912036, 48.485104
BONES 3
BONE 4 0.005489
BONE 8 0.948265
BONE 22 0.046246

VERT 153
OFFSET 4.102900, -10.472304, 49.252666
BONES 2
BONE 4 0.046950
BONE 8 0.953050

VERT 154
OFFSET 2.513692, -9.553839, 50.126873
BONES 2
BONE 4 0.610436
BONE 8 0.389564

VERT 155
OFFSET 3.659031, -9.917332, 49.496243
BONES 2
BONE 4 0.068111
BONE 8 0.931889

VERT 156
OFFSET 5.116492, -10.777377, 46.737732
BONES 2
BONE 4 0.002314
BONE 8 0.997686

VERT 157
OFFSET 2.928525, -5.784904, 48.306911
BONES 2
BONE 4 0.100564
BONE 8 0.899436

VERT 158
OFFSET 2.679669, -5.772830, 48.012028
BONES 2
BONE 4 0.091511
BONE 8 0.908489

VERT 159
OFFSET 3.505790, -5.215163, 47.034733
BONES 2
BONE 4 0.004683
BONE 8 0.995317

VERT 160
OFFSET 6.235849, -7.036023, 48.781017
BONES 3
BONE 4 0.006008
BONE 8 0.984066
BONE 22 0.009926

VERT 161
OFFSET 5.946394, -5.620411, 47.175037
BONES 3
BONE 4 0.014649
BONE 8 0.979413
BONE 22 0.005937

VERT 162
OFFSET 6.092536, -6.206580, 48.036381
BONES 3
BONE 4 0.008786
BONE 8 0.980489
BONE 22 0.010725

VERT 163
OFFSET 5.310879, -5.386954, 46.331455
BONES 3
BONE 4 0.023968
BONE 8 0.968243
BONE 22 0.007788

VERT 164
OFFSET 1.719673, -5.644921, 48.257572
BONES 2
BONE 4 0.097331
BONE 8 0.902669

VERT 165
OFFSET 2.187469, -5.308825, 47.216366
BONES 2
BONE 4 0.077064
BONE 8 0.922936

VERT 166
OFFSET 2.317853, -6.665201, 49.467880
BONES 2
BONE 4 0.438268
BONE 8 0.561732

VERT 167
OFFSET 2.324384, -7.986126, 50.307404
BONES 2
BONE 4 0.816847
BONE 8 0.183153

VERT 168
OFFSET 1.969219, -9.139040, 50.647221
BONES 2
BONE 4 0.889039
BONE 8 0.110961

VERT 169
OFFSET 2.043795, -8.789402, 50.655704
BONES 2
BONE 4 0.889037
BONE 8 0.110963

VERT 170
OFFSET 0.794955, -10.174930, 48.369247
BONES 2
BONE 4 0.335370
BONE 8 0.664630

VERT 171
OFFSET 1.680506, -9.224901, 50.551571
BONES 2
BONE 4 0.879805
BONE 8 0.120195

VERT 172
OFFSET 1.682756, -9.070575, 50.815731
BONES 2
BONE 4 0.893405
BONE 8 0.106595

VERT 173
OFFSET 1.158172, -10.438987, 50.414837
BONES 2
BONE 4 0.837090
BONE 8 0.162910

VERT 174
OFFSET 1.208674, -10.173373, 50.783287
BONES 2
BONE 4 0.860321
BONE 8 0.139679

VERT 175
OFFSET 0.318258, -10.634391, 48.920197
BONES 2
BONE 4 0.709565
BONE 8 0.290435

VERT 176
OFFSET 2.087841, -7.932897, 50.239212
BONES 2
BONE 4 0.797368
BONE 8 0.202632

VERT 177
OFFSET 2.539778, -5.082050, 45.967762
BONES 2
BONE 4 0.075288
BONE 8 0.924712

VERT 178
OFFSET 2.711422, -5.127284, 46.188576
BONES 2
BONE 4 0.083658
BONE 8 0.916342

VERT 179
OFFSET 2.992696, -5.265198, 45.128258
BONES 2
BONE 4 0.074989
BONE 8 0.925011

VERT 180
OFFSET 3.334734, -5.157174, 45.294090
BONES 2
BONE 4 0.076431
BONE 8 0.923569

VERT 181
OFFSET 2.357222, -6.782757, 44.138786
BONES 2
BONE 4 0.163360
BONE 8 0.836640

VERT 182
OFFSET 2.457998, -5.987007, 44.921551
BONES 2
BONE 4 0.085660
BONE 8 0.914340

VERT 183
OFFSET 2.853356, -5.522710, 46.297825
BONES 2
BONE 4 0.070714
BONE 8 0.929286

VERT 184
OFFSET 2.139000, -5.877794, 47.271812
BONES 2
BONE 4 0.075291
BONE 8 0.924709

VERT 185
OFFSET 2.153182, -5.500578, 47.271431
BONES 2
BONE 4 0.075877
BONE 8 0.924123

VERT 186
OFFSET 1.752609, -5.835138, 48.312805
BONES 2
BONE 4 0.091153
BONE 8 0.908847

VERT 187
OFFSET 1.877185, -6.416530, 48.773869
BONES 2
BONE 4 0.189058
BONE 8 0.810942

VERT 188
OFFSET 1.426224, -6.231631, 48.254704
BONES 2
BONE 4 0.217284
BONE 8 0.782716

VERT 189
OFFSET 1.462975, -6.038082, 50.175797
BONES 1
BONE 4 1.000000

VERT 190
OFFSET 1.210077, -5.458355, 49.436630
BONES 2
BONE 4 0.998621
BONE 8 0.001379

VERT 191
OFFSET 1.459724, -6.209203, 49.987976
BONES 2
BONE 4 0.856927
BONE 8 0.143073

VERT 192
OFFSET 0.902351, -5.200763, 49.013443
BONES 2
BONE 4 0.922401
BONE 8 0.077599

VERT 193
OFFSET 0.660177, -5.174918, 48.791012
BONES 2
BONE 4 0.885967
BONE 8 0.114033

VERT 194
OFFSET 11.526022, -6.356866, 46.243332
BONES 3
BONE 4 0.000027
BONE 8 0.918817
BONE 22 0.081156

VERT 195
OFFSET 11.651261, -7.514073, 47.919788
BONES 2
BONE 8 0.906839
BONE 22 0.093161

VERT 196
OFFSET 10.836880, -7.660428, 47.978870
BONES 3
BONE 4 0.000184
BONE 8 0.948003
BONE 22 0.051814

VERT 197
OFFSET 3.746549, -5.119388, 45.880310
BONES 2
BONE 4 0.048699
BONE 8 0.951301

VERT 198
OFFSET 4.557747, -5.211257, 46.977684
BONES 3
BONE 4 0.006955
BONE 8 0.992568
BONE 22 0.000477

VERT 199
OFFSET 4.146873, -5.143709, 46.836819
BONES 2
BONE 4 0.010053
BONE 8 0.989947

VERT 200
OFFSET -1.070874, -7.698136, 45.086739
BONES 2
BONE 4 0.829195
BONE 8 0.170805

VERT 201
OFFSET 8.961838, -7.642919, 43.740108
BONES 3
BONE 4 0.022453
BONE 8 0.927547
BONE 22 0.050000

VERT 202
OFFSET 1.432178, -6.653728, 51.371143
BONES 1
BONE 4 1.000000

VERT 203
OFFSET 1.450888, -6.504395, 51.743610
BONES 1
BONE 4 1.000000

VERT 204
OFFSET 0.910971, -5.751109, 51.660603
BONES 2
BONE 4 1.000000
BONE 8 0.000000

VERT 205
OFFSET 0.198414, -5.458520, 50.108597
BONES 1
BONE 4 1.000000

VERT 206
OFFSET 0.669454, -5.259753, 49.808498
BONES 2
BONE 4 0.983554
BONE 8 0.016446

VERT 207
OFFSET 0.613725, -5.642406, 51.494545
BONES 1
BONE 4 1.000000

VERT 208
OFFSET 0.351548, -5.188622, 49.189777
BONES 2
BONE 4 0.940541
BONE 8 0.059459

VERT 209
OFFSET -0.233152, -5.438294, 48.885239
BONES 2
BONE 4 0.925544
BONE 8 0.074456

VERT 210
OFFSET 0.283076, -5.301180, 48.796005
BONES 2
BONE 4 0.890801
BONE 8 0.109199

VERT 211
OFFSET -0.087309, -5.380987, 48.531826
BONES 2
BONE 4 0.866922
BONE 8 0.133078

VERT 212
OFFSET -0.963809, -5.783142, 47.363705
BONES 2
BONE 4 0.804101
BONE 8 0.195899

VERT 213
OFFSET -0.737609, -5.743166, 47.210442
BONES 2
BONE 4 0.768416
BONE 8 0.231584

VERT 214
OFFSET -1.582122, -6.118040, 46.482594
BONES 2
BONE 4 0.884845
BONE 8 0.115155

VERT 215
OFFSET -1.524818, -6.191559, 46.206905
BONES 2
BONE 4 0.855700
BONE 8 0.144300

VERT 216
OFFSET -2.238102, -6.098991, 46.646400
BONES 2
BONE 4 0.987492
BONE 8 0.012508

VERT 217
OFFSET -2.356300, -6.305716, 46.228458
BONES 2
BONE 4 0.983083
BONE 8 0.016917

VERT 218
OFFSET -2.586282, -5.653180, 48.384541
BONES 2
BONE 4 0.997695
BONE 8 0.002305

VERT 219
OFFSET -2.942792, -5.671493, 48.367638
BONES 2
BONE 4 0.998307
BONE 8 0.001693

VERT 220
OFFSET -2.900602, -6.181859, 47.110382
BONES 2
BONE 4 0.993910
BONE 8 0.006090

VERT 221
OFFSET -2.565531, -5.998086, 47.257542
BONES 2
BONE 4 0.992209
BONE 8 0.007791

VERT 222
OFFSET -1.977836, -5.222277, 49.997169
BONES 2
BONE 4 0.999790
BONE 8 0.000210

VERT 223
OFFSET -2.737276, -5.244977, 49.846203
BONES 2
BONE 4 0.997695
BONE 8 0.002305

VERT 224
OFFSET -1.304832, -6.788455, 45.696266
BONES 2
BONE 4 0.906702
BONE 8 0.093298

VERT 225
OFFSET -1.395186, -7.847634, 44.744877
BONES 2
BONE 4 0.811689
BONE 8 0.188311

VERT 226
OFFSET -1.600094, -8.031141, 44.713947
BONES 2
BONE 4 0.825667
BONE 8 0.174333

VERT 227
OFFSET -2.019407, -7.159725, 45.427784
BONES 2
BONE 4 0.943242
BONE 8 0.056758

VERT 228
OFFSET 1.613076, -7.928871, 49.865353
BONES 2
BONE 4 0.757962
BONE 8 0.242038

VERT 229
OFFSET 1.323675, -8.882790, 50.274952
BONES 2
BONE 4 0.879817
BONE 8 0.120183

VERT 230
OFFSET 0.942118, -9.660177, 50.569370
BONES 2
BONE 4 0.855585
BONE 8 0.144415

VERT 231
OFFSET 1.625293, -6.927729, 49.418034
BONES 2
BONE 4 0.551861
BONE 8 0.448139

VERT 232
OFFSET 1.464934, -6.512663, 48.987923
BONES 2
BONE 4 0.397554
BONE 8 0.602446

VERT 233
OFFSET 1.271071, -6.426392, 49.634544
BONES 2
BONE 4 0.706889
BONE 8 0.293111

VERT 234
OFFSET 1.319806, -6.921156, 51.129570
BONES 1
BONE 4 1.000000

VERT 235
OFFSET 1.414908, -7.552898, 50.503048
BONES 2
BONE 4 0.963911
BONE 8 0.036089

VERT 236
OFFSET 1.187126, -8.334908, 51.018379
BONES 2
BONE 4 0.959182
BONE 8 0.040818

VERT 237
OFFSET 1.199303, -7.413789, 51.824306
BONES 1
BONE 4 1.000000

VERT 238
OFFSET 0.737288, -9.168495, 51.272980
BONES 2
BONE 4 0.923714
BONE 8 0.076286

VERT 239
OFFSET 1.021481, -8.282973, 52.439892
BONES 2
BONE 4 0.999134
BONE 8 0.000866

VERT 240
OFFSET 1.182845, -6.252069, 52.683590
BONES 1
BONE 4 1.000000

VERT 241
OFFSET 0.803384, -5.992484, 52.490242
BONES 1
BONE 4 1.000000

VERT 242
OFFSET 1.440960, -6.988536, 52.726921
BONES 1
BONE 4 1.000000

VERT 243
OFFSET -0.113162, -10.945779, 49.035820
BONES 2
BONE 4 0.732254
BONE 8 0.267746

VERT 244
OFFSET -0.153382, -10.763907, 46.678936
BONES 2
BONE 4 0.569851
BONE 8 0.430149

VERT 245
OFFSET -0.721784, -11.099926, 47.469402
BONES 2
BONE 4 0.642282
BONE 8 0.357718

VERT 246
OFFSET -1.049491, -10.978477, 46.835461
BONES 2
BONE 4 0.730102
BONE 8 0.269898

VERT 247
OFFSET 0.430691, -10.979765, 51.057384
BONES 2
BONE 4 0.907551
BONE 8 0.092450

VERT 248
OFFSET 0.412374, -10.830747, 51.224091
BONES 2
BONE 4 0.919705
BONE 8 0.080295

VERT 249
OFFSET 0.405645, -10.204635, 51.288589
BONES 2
BONE 4 0.927062
BONE 8 0.072938

VERT 250
OFFSET 0.508486, -9.702308, 52.146214
BONES 2
BONE 4 0.985664
BONE 8 0.014336

VERT 251
OFFSET 0.012250, -11.067424, 51.759651
BONES 2
BONE 4 0.967979
BONE 8 0.032021

VERT 252
OFFSET -0.150988, -11.198855, 51.506989
BONES 2
BONE 4 0.959623
BONE 8 0.040377

VERT 253
OFFSET 0.100088, -10.582770, 50.222042
BONES 2
BONE 4 0.849158
BONE 8 0.150842

VERT 254
OFFSET -2.100688, -5.975379, 48.135860
BONES 2
BONE 4 0.996041
BONE 8 0.003959

VERT 255
OFFSET -1.705067, -6.242915, 47.642807
BONES 2
BONE 4 0.993604
BONE 8 0.006396

VERT 256
OFFSET -1.339381, -5.664727, 49.623440
BONES 1
BONE 4 1.000000

VERT 257
OFFSET -0.886724, -6.256454, 49.378613
BONES 1
BONE 4 1.000000

VERT 258
OFFSET -0.382441, -5.722082, 51.400475
BONES 1
BONE 4 1.000000

VERT 259
OFFSET -0.684182, -5.155348, 51.493553
BONES 2
BONE 4 0.999696
BONE 8 0.000304

VERT 260
OFFSET -0.200666, -6.329021, 50.768280
BONES 1
BONE 4 1.000000

VERT 261
OFFSET -2.980976, -8.088422, 46.430149
BONES 2
BONE 4 0.969406
BONE 8 0.030594

VERT 262
OFFSET -2.672304, -9.486853, 47.062813
BONES 2
BONE 4 0.991661
BONE 8 0.008339

VERT 263
OFFSET 1.125800, -6.952719, 53.963398
BONES 2
BONE 4 0.999837
BONE 8 0.000164

VERT 264
OFFSET 0.644106, -6.855031, 53.858856
BONES 2
BONE 4 0.999701
BONE 8 0.000299

VERT 265
OFFSET 1.435386, -7.689831, 53.967590
BONES 1
BONE 4 1.000000

VERT 266
OFFSET 0.109007, -6.347114, 51.618919
BONES 1
BONE 4 1.000000

VERT 267
OFFSET -0.180791, -5.813749, 51.908287
BONES 2
BONE 4 0.999494
BONE 8 0.000506

VERT 268
OFFSET -0.359581, -5.302205, 52.113949
BONES 2
BONE 4 0.999097
BONE 8 0.000903

VERT 269
OFFSET 0.412298, -6.280951, 52.546516
BONES 1
BONE 4 1.000000

VERT 270
OFFSET -0.101890, -6.235205, 52.810986
BONES 2
BONE 4 0.998466
BONE 8 0.001534

VERT 271
OFFSET 0.156243, -6.845764, 53.878601
BONES 2
BONE 4 0.999498
BONE 8 0.000502

VERT 272
OFFSET 0.048685, -5.974961, 53.062973
BONES 2
BONE 4 0.998220
BONE 8 0.001780

VERT 273
OFFSET -0.040268, -5.623263, 53.224495
BONES 2
BONE 4 0.997963
BONE 8 0.002037

VERT 274
OFFSET 0.311154, -6.546307, 54.249054
BONES 2
BONE 4 0.998785
BONE 8 0.001215

VERT 275
OFFSET 0.168362, -5.952107, 54.414757
BONES 2
BONE 4 0.997619
BONE 8 0.002381

VERT 276
OFFSET -1.467460, -4.935074, 51.444462
BONES 2
BONE 4 0.999028
BONE 8 0.000972

VERT 277
OFFSET -2.821979, -5.122347, 51.370968
BONES 2
BONE 4 0.991387
BONE 8 0.008613

VERT 278
OFFSET -1.029047, -10.652940, 50.711967
BONES 2
BONE 4 0.908392
BONE 8 0.091608

VERT 279
OFFSET -1.756274, -10.837815, 49.354404
BONES 2
BONE 4 0.906862
BONE 8 0.093138

VERT 280
OFFSET -2.268998, -10.736436, 48.082165
BONES 2
BONE 4 0.948242
BONE 8 0.051758

VERT 281
OFFSET -1.776703, -10.809907, 51.434658
BONES 2
BONE 4 0.988470
BONE 8 0.011530

VERT 282
OFFSET -1.033704, -11.348044, 52.711777
BONES 2
BONE 4 0.989696
BONE 8 0.010304

VERT 283
OFFSET -0.723194, -11.167229, 52.936768
BONES 2
BONE 4 0.991436
BONE 8 0.008564

VERT 284
OFFSET 0.495709, -8.224020, 55.658592
BONES 2
BONE 4 0.994763
BONE 8 0.005237

VERT 285
OFFSET -3.620984, -6.089154, 48.996834
BONES 2
BONE 4 0.995841
BONE 8 0.004159

VERT 286
OFFSET -4.561099, -5.922265, 51.440643
BONES 2
BONE 4 0.989569
BONE 8 0.010431

VERT 287
OFFSET -2.261121, -4.082213, 52.929462
BONES 2
BONE 4 0.995591
BONE 8 0.004409

VERT 288
OFFSET -2.094629, -3.523645, 53.184189
BONES 2
BONE 4 0.995605
BONE 8 0.004395

VERT 289
OFFSET -0.314824, 8.624992, 57.023666
BONES 2
BONE 3 0.999890
BONE 7 0.000110

VERT 290
OFFSET -1.184814, 10.179170, 56.848026
BONES 2
BONE 3 0.999918
BONE 7 0.000082

VERT 291
OFFSET -1.785664, 9.825731, 58.194973
BONES 1
BONE 3 1.000000

VERT 292
OFFSET -0.594758, 8.274049, 57.860291
BONES 1
BONE 3 1.000000

VERT 293
OFFSET -3.717598, 10.856772, 57.620537
BONES 1
BONE 3 1.000000

VERT 294
OFFSET -2.917016, 11.222589, 56.199326
BONES 2
BONE 3 0.999995
BONE 7 0.000005

VERT 295
OFFSET -6.170880, 9.710530, 53.997997
BONES 2
BONE 3 0.999773
BONE 7 0.000227

VERT 296
OFFSET -7.014403, 9.532418, 55.651089
BONES 1
BONE 3 1.000000

VERT 297
OFFSET -5.466946, 10.724374, 56.832020
BONES 1
BONE 3 1.000000

VERT 298
OFFSET -4.819921, 11.018160, 55.317413
BONES 2
BONE 3 0.999813
BONE 7 0.000187

VERT 299
OFFSET -5.625170, 5.856785, 53.111046
BONES 1
BONE 3 1.000000

