// Export filename: 'C:/cod5/cod/cod5/model_export/viewmodels/viewmodel_usa_marine_rolledup_arms.XMODEL_EXPORT'
// Source filename: 'C:/cod5/cod/cod5/model_export/viewmodels/viewmodel_usa_raider_arms.ma'
// Export time: Tue Aug 05 14:57:13 2008
MODEL
VERSION 6

NUMBONES 70
BONE 0 -1 "tag_view"
BONE 1 0 "tag_ads"
BONE 2 0 "tag_cambone"
BONE 3 0 "tag_torso"
BONE 4 3 "J_Shoulder_LE"
BONE 5 3 "J_Shoulder_RI"
BONE 6 2 "tag_camera"
BONE 7 3 "tag_weapon"
BONE 8 4 "J_Elbow_LE"
BONE 9 5 "J_Elbow_RI"
BONE 10 6 "tag_gasmask"
BONE 11 8 "J_Sleave_Reshape_Bottom_LE_1"
BONE 12 8 "J_Sleave_Reshape_Bottom_LE_2"
BONE 13 8 "J_Sleave_Reshape_Top_LE_1"
BONE 14 8 "J_Sleave_Reshape_Top_LE_2"
BONE 15 8 "J_Sleave_Reshape_Top_LE_3"
BONE 16 9 "J_Sleave_Reshape_Top_RI_1"
BONE 17 9 "J_Sleave_Reshape_Top_RI_2"
BONE 18 9 "J_Sleave_Reshape_Top_RI_3"
BONE 19 8 "J_Wrist_LE"
BONE 20 9 "J_Wrist_RI"
BONE 21 8 "J_WristTwist_LE"
BONE 22 9 "J_WristTwist_RI"
BONE 23 19 "J_Index_LE_0"
BONE 24 20 "J_Index_RI_0"
BONE 25 19 "J_Mid_LE_0"
BONE 26 20 "J_Mid_RI_0"
BONE 27 19 "J_PinkyPalm_LE"
BONE 28 20 "J_PinkyPalm_RI"
BONE 29 19 "J_RingPalm_LE"
BONE 30 20 "J_RingPalm_RI"
BONE 31 19 "J_Thumb_LE_0"
BONE 32 20 "J_Thumb_RI_0"
BONE 33 19 "J_Webbing_LE"
BONE 34 20 "J_Webbing_RI"
BONE 35 19 "tag_knife_attach"
BONE 36 23 "J_Index_LE_1"
BONE 37 24 "J_Index_RI_1"
BONE 38 25 "J_Mid_LE_1"
BONE 39 26 "J_Mid_RI_1"
BONE 40 27 "J_Pinky_LE_0"
BONE 41 28 "J_Pinky_RI_0"
BONE 42 29 "J_Ring_LE_0"
BONE 43 30 "J_Ring_RI_0"
BONE 44 31 "J_Thumb_LE_1"
BONE 45 32 "J_Thumb_RI_1"
BONE 46 36 "J_Index_LE_2"
BONE 47 37 "J_Index_RI_2"
BONE 48 38 "J_Mid_LE_2"
BONE 49 39 "J_Mid_RI_2"
BONE 50 40 "J_Pinky_LE_1"
BONE 51 41 "J_Pinky_RI_1"
BONE 52 42 "J_Ring_LE_1"
BONE 53 43 "J_Ring_RI_1"
BONE 54 44 "J_Thumb_LE_2"
BONE 55 45 "J_Thumb_RI_2"
BONE 56 46 "J_Index_LE_3"
BONE 57 47 "J_Index_RI_3"
BONE 58 48 "J_Mid_LE_3"
BONE 59 49 "J_Mid_RI_3"
BONE 60 50 "J_Pinky_LE_2"
BONE 61 51 "J_Pinky_RI_2"
BONE 62 52 "J_Ring_LE_2"
BONE 63 53 "J_Ring_RI_2"
BONE 64 54 "J_Thumb_LE_3"
BONE 65 55 "J_Thumb_RI_3"
BONE 66 60 "J_Pinky_LE_3"
BONE 67 61 "J_Pinky_RI_3"
BONE 68 62 "J_Ring_LE_3"
BONE 69 63 "J_Ring_RI_3"

BONE 0
OFFSET 0.000000, 0.000000, 0.000000
SCALE 1.000000, 1.000000, 1.000000
X 1.000000, 0.000000, 0.000000
Y 0.000000, 1.000000, 0.000000
Z 0.000000, 0.000000, 1.000000

BONE 1
OFFSET 0.000000, 0.000000, 0.000000
SCALE 1.000000, 1.000000, 1.000000
X 1.000000, 0.000000, 0.000000
Y 0.000000, 1.000000, 0.000000
Z 0.000000, 0.000000, 1.000000

BONE 2
OFFSET 0.000000, 0.000000, 0.000000
SCALE 1.000000, 1.000000, 1.000000
X 1.000000, 0.000000, 0.000000
Y 0.000000, 1.000000, 0.000000
Z 0.000000, 0.000000, 1.000000

BONE 3
OFFSET -4.631834, 0.000000, -1.376955
SCALE 1.000000, 1.000000, 1.000000
X 1.000000, 0.000000, 0.000000
Y 0.000000, 1.000000, 0.000000
Z 0.000000, 0.000000, 1.000000

BONE 4
OFFSET -3.506030, 7.937290, -3.186910
SCALE 1.000000, 1.000000, 1.000000
X 0.472986, 0.011374, -0.880996
Y 0.446745, -0.864941, 0.228681
Z -0.759409, -0.501744, -0.414187

BONE 5
OFFSET -3.506032, -7.937284, -3.186909
SCALE 1.000000, 1.000000, 1.000000
X -0.472986, 0.011374, 0.880996
Y -0.446745, -0.864941, -0.228681
Z 0.759409, -0.501744, 0.414187

BONE 6
OFFSET 0.000000, 0.000000, 0.000000
SCALE 1.000000, 1.000000, 1.000000
X 1.000000, 0.000000, 0.000000
Y 0.000000, 1.000000, 0.000000
Z 0.000000, 0.000000, 1.000000

BONE 7
OFFSET 10.527968, 0.000000, -8.129675
SCALE 1.000000, 1.000000, 1.000000
X 1.000000, 0.000000, 0.000000
Y 0.000000, 1.000000, 0.000000
Z 0.000000, 0.000000, 1.000000

BONE 8
OFFSET 2.214219, 8.074842, -13.841592
SCALE 1.000000, 1.000000, 1.000000
X 0.999978, -0.002833, 0.005930
Y -0.005970, -0.014367, 0.999879
Z -0.002747, -0.999893, -0.014384

BONE 9
OFFSET 2.214221, -8.074842, -13.841575
SCALE 1.000000, 1.000000, 1.000000
X -0.999978, -0.002833, -0.005930
Y 0.005970, -0.014367, -0.999879
Z 0.002747, -0.999893, 0.014384

BONE 10
OFFSET 1.540442, 0.000000, 4.135746
SCALE 1.000000, 1.000000, 1.000000
X 1.000000, 0.000000, 0.000000
Y 0.000000, 1.000000, 0.000000
Z 0.000000, 0.000000, 1.000000

BONE 11
OFFSET 12.125037, 8.958635, -14.825972
SCALE 1.000000, 1.000000, 1.000000
X 1.000000, 0.000000, 0.000000
Y 0.000000, 1.000000, 0.000000
Z 0.000000, 0.000000, 1.000000

BONE 12
OFFSET 11.739065, 7.335669, -15.051069
SCALE 1.000000, 1.000000, 1.000000
X 1.000000, 0.000000, 0.000000
Y 0.000000, 1.000000, 0.000000
Z 0.000000, 0.000000, 1.000000

BONE 13
OFFSET 12.634503, 8.810233, -12.285378
SCALE 1.000000, 1.000000, 1.000000
X 1.000000, 0.000000, 0.000000
Y 0.000000, 1.000000, 0.000000
Z 0.000000, 0.000000, 1.000000

BONE 14
OFFSET 12.530005, 7.482795, -12.089205
SCALE 1.000000, 1.000000, 1.000000
X 1.000000, 0.000000, 0.000000
Y 0.000000, 1.000000, 0.000000
Z 0.000000, 0.000000, 1.000000

BONE 15
OFFSET 12.149994, 6.891432, -13.059547
SCALE 1.000000, 1.000000, 1.000000
X 1.000000, 0.000000, 0.000000
Y 0.000000, 1.000000, 0.000000
Z 0.000000, 0.000000, 1.000000

BONE 16
OFFSET 12.634488, -8.810236, -12.285394
SCALE 1.000000, 1.000000, 1.000000
X -1.000000, 0.000000, -0.000000
Y 0.000000, 1.000000, 0.000000
Z 0.000000, 0.000000, -1.000000

BONE 17
OFFSET 12.530000, -7.482795, -12.089212
SCALE 1.000000, 1.000000, 1.000000
X -1.000000, 0.000000, -0.000000
Y 0.000000, 1.000000, 0.000000
Z 0.000000, 0.000000, -1.000000

BONE 18
OFFSET 12.150000, -6.891418, -13.059566
SCALE 1.000000, 1.000000, 1.000000
X -1.000000, 0.000000, -0.000000
Y 0.000000, 1.000000, 0.000000
Z 0.000000, 0.000000, -1.000000

BONE 19
OFFSET 13.785073, 8.042067, -13.772971
SCALE 1.000000, 1.000000, 1.000000
X 0.996700, -0.023076, 0.077825
Y -0.077652, 0.008297, 0.996946
Z -0.023651, -0.999699, 0.006478

BONE 20
OFFSET 13.785079, -8.042048, -13.772953
SCALE 1.000000, 1.000000, 1.000000
X -0.996700, -0.023076, -0.077825
Y 0.077652, 0.008297, -0.996946
Z 0.023651, -0.999699, -0.006478

BONE 21
OFFSET 10.719465, 8.050750, -13.791152
SCALE 1.000000, 1.000000, 1.000000
X 0.999978, -0.002833, 0.005930
Y -0.005970, -0.014367, 0.999879
Z -0.002747, -0.999893, -0.014384

BONE 22
OFFSET 10.719449, -8.050748, -13.791142
SCALE 1.000000, 1.000000, 1.000000
X -0.999978, -0.002833, -0.005930
Y 0.005970, -0.014367, -0.999879
Z 0.002747, -0.999893, 0.014384

BONE 23
OFFSET 17.618980, 8.329933, -12.720215
SCALE 1.000000, 1.000000, 1.000000
X 0.770359, -0.621881, 0.140748
Y -0.611755, -0.783111, -0.111771
Z 0.179730, 0.000000, -0.983716

BONE 24
OFFSET 17.618977, -8.329922, -12.720197
SCALE 1.000000, 1.000000, 1.000000
X -0.770359, -0.621881, -0.140748
Y 0.611755, -0.783111, 0.111771
Z -0.179730, -0.000000, 0.983716

BONE 25
OFFSET 17.592691, 8.144073, -13.808888
SCALE 1.000000, 1.000000, 1.000000
X 0.786575, -0.616967, 0.025504
Y -0.616643, -0.786989, -0.019994
Z 0.032407, 0.000000, -0.999475

BONE 26
OFFSET 17.592678, -8.144055, -13.808898
SCALE 1.000000, 1.000000, 1.000000
X -0.786575, -0.616967, -0.025504
Y 0.616643, -0.786989, 0.019994
Z -0.032407, -0.000000, 0.999475

BONE 27
OFFSET 14.706850, 7.811601, -14.773290
SCALE 1.000000, 1.000000, 1.000000
X 0.860527, -0.066586, -0.505035
Y -0.090728, -0.995602, -0.023327
Z -0.501261, 0.065894, -0.862784

BONE 28
OFFSET 14.706850, -7.811614, -14.773307
SCALE 1.000000, 1.000000, 1.000000
X -0.860527, -0.066586, 0.505035
Y 0.090728, -0.995602, 0.023327
Z 0.501261, 0.065894, 0.862784

BONE 29
OFFSET 14.877762, 7.951642, -14.094536
SCALE 1.000000, 1.000000, 1.000000
X 0.972219, -0.030530, -0.232073
Y -0.040633, -0.998417, -0.038880
Z -0.230519, 0.047230, -0.971921

BONE 30
OFFSET 14.877756, -7.951653, -14.094527
SCALE 1.000000, 1.000000, 1.000000
X -0.972219, -0.030530, 0.232073
Y 0.040633, -0.998417, 0.038880
Z 0.230519, 0.047230, 0.971921

BONE 31
OFFSET 14.148777, 7.629210, -12.773211
SCALE 1.000000, 1.000000, 1.000000
X 0.614049, -0.475564, 0.629907
Y -0.500882, 0.381986, 0.776662
Z -0.609968, -0.792418, -0.003644

BONE 32
OFFSET 14.148780, -7.629212, -12.773229
SCALE 1.000000, 1.000000, 1.000000
X -0.614049, -0.475564, -0.629907
Y 0.500882, 0.381986, -0.776662
Z 0.609968, -0.792418, 0.003644

BONE 33
OFFSET 16.721630, 7.448270, -11.946650
SCALE 1.000000, 1.000000, 1.000000
X 0.946229, -0.301294, -0.117786
Y 0.309193, 0.949386, 0.055376
Z 0.095139, -0.088817, 0.991494

BONE 34
OFFSET 9.583885, -8.680950, -13.257301
SCALE 1.000000, 1.000000, 1.000000
X -0.946229, -0.301294, 0.117786
Y -0.309193, 0.949386, -0.055376
Z -0.095139, -0.088817, -0.991494

BONE 35
OFFSET 16.493113, 6.451591, -14.089364
SCALE 1.000000, 1.000000, 1.000000
X -0.281344, 0.000438, -0.959607
Y 0.023651, 0.999699, -0.006478
Z 0.959315, -0.024518, -0.281270

BONE 36
OFFSET 18.975315, 7.235017, -12.472406
SCALE 1.000000, 1.000000, 1.000000
X 0.426042, -0.903354, 0.049392
Y -0.880239, -0.426513, -0.208005
Z 0.208969, 0.045142, -0.976880

BONE 37
OFFSET 18.975315, -7.235000, -12.472402
SCALE 1.000000, 1.000000, 1.000000
X -0.426042, -0.903354, -0.049392
Y 0.880239, -0.426513, 0.208005
Z -0.208969, 0.045142, 0.976880

BONE 38
OFFSET 19.129311, 6.938792, -13.759066
SCALE 1.000000, 1.000000, 1.000000
X 0.028169, -0.999543, -0.010950
Y -0.999561, -0.028267, 0.008848
Z -0.009153, 0.010696, -0.999901

BONE 39
OFFSET 19.129292, -6.938779, -13.759055
SCALE 1.000000, 1.000000, 1.000000
X -0.028169, -0.999543, 0.010950
Y 0.999561, -0.028267, -0.008848
Z 0.009153, 0.010696, 0.999901

BONE 40
OFFSET 16.702198, 7.530317, -15.785225
SCALE 1.000000, 1.000000, 1.000000
X 0.856282, -0.436541, -0.276069
Y -0.415481, -0.899684, 0.133953
Z -0.306851, 0.000000, -0.951758

BONE 41
OFFSET 16.702206, -7.530315, -15.785236
SCALE 1.000000, 1.000000, 1.000000
X -0.856282, -0.436541, 0.276069
Y 0.415481, -0.899684, -0.133953
Z 0.306851, -0.000000, 0.951758

BONE 42
OFFSET 17.367678, 7.901457, -14.840354
SCALE 1.000000, 1.000000, 1.000000
X 0.831745, -0.508839, -0.221999
Y -0.491628, -0.860862, 0.131219
Z -0.257880, 0.000000, -0.966177

BONE 43
OFFSET 17.367678, -7.901457, -14.840354
SCALE 1.000000, 1.000000, 1.000000
X -0.831745, -0.508839, 0.221999
Y 0.491628, -0.860862, -0.131219
Z 0.257880, -0.000000, 0.966177

BONE 44
OFFSET 15.389911, 6.597012, -11.336607
SCALE 1.000000, 1.000000, 1.000000
X 0.914596, -0.402924, 0.034161
Y -0.078983, -0.095150, 0.992325
Z -0.396581, -0.910274, -0.118848

BONE 45
OFFSET 15.389921, -6.597008, -11.336615
SCALE 1.000000, 1.000000, 1.000000
X -0.914596, -0.402924, -0.034161
Y 0.078983, -0.095150, -0.992325
Z 0.396581, -0.910274, 0.118848

BONE 46
OFFSET 19.480556, 6.134072, -12.353014
SCALE 1.000000, 1.000000, 1.000000
X 0.139847, -0.988437, 0.058612
Y -0.965352, -0.149273, -0.214039
Z 0.220313, -0.026648, -0.975065

BONE 47
OFFSET 19.480551, -6.134055, -12.353031
SCALE 1.000000, 1.000000, 1.000000
X -0.139847, -0.988437, -0.058612
Y 0.965352, -0.149273, 0.214039
Z -0.220313, -0.026648, 0.975065

BONE 48
OFFSET 19.170456, 5.478823, -13.775060
SCALE 1.000000, 1.000000, 1.000000
X -0.530249, -0.847838, 0.002716
Y -0.845552, 0.529049, 0.071753
Z -0.062271, 0.035750, -0.997419

BONE 49
OFFSET 19.170473, -5.478819, -13.775079
SCALE 1.000000, 1.000000, 1.000000
X 0.530249, -0.847838, -0.002716
Y 0.845552, 0.529049, -0.071753
Z 0.062271, 0.035750, 0.997419

BONE 50
OFFSET 17.914511, 6.912269, -16.176081
SCALE 1.000000, 1.000000, 1.000000
X 0.129509, -0.990999, -0.033881
Y -0.958733, -0.133868, 0.250818
Z -0.253096, 0.000000, -0.967441

BONE 51
OFFSET 17.914528, -6.912283, -16.176064
SCALE 1.000000, 1.000000, 1.000000
X -0.129509, -0.990999, 0.033881
Y 0.958733, -0.133868, -0.250818
Z 0.253096, -0.000000, 0.967441

BONE 52
OFFSET 18.783724, 7.035159, -15.218307
SCALE 1.000000, 1.000000, 1.000000
X 0.018696, -0.999823, 0.001993
Y -0.972646, -0.017726, 0.231616
Z -0.231540, -0.006269, -0.972805

BONE 53
OFFSET 18.783741, -7.035158, -15.218307
SCALE 1.000000, 1.000000, 1.000000
X -0.018696, -0.999823, -0.001993
Y 0.972646, -0.017726, -0.231616
Z 0.231540, -0.006269, 0.972805

BONE 54
OFFSET 16.826696, 5.850290, -11.353966
SCALE 1.000000, 1.000000, 1.000000
X 0.780284, -0.439636, -0.444835
Y 0.353937, -0.276002, 0.893617
Z -0.515641, -0.854718, -0.059757

BONE 55
OFFSET 16.826693, -5.850276, -11.353976
SCALE 1.000000, 1.000000, 1.000000
X -0.780284, -0.439636, 0.444835
Y -0.353937, -0.276002, -0.893617
Z 0.515641, -0.854718, 0.059757

BONE 56
OFFSET 19.638519, 5.017599, -12.286811
SCALE 1.000000, 1.000000, 1.000000
X 0.887890, 0.449028, -0.100123
Y -0.450278, 0.892820, 0.011023
Z 0.094341, 0.035295, 0.994914

BONE 57
OFFSET 19.638504, -5.017599, -12.286811
SCALE 1.000000, 1.000000, 1.000000
X -0.887890, 0.449028, 0.100123
Y 0.450278, 0.892820, -0.011023
Z -0.094341, 0.035295, -0.994914

BONE 58
OFFSET 18.570051, 4.518455, -13.779097
SCALE 1.000000, 1.000000, 1.000000
X 0.950632, 0.309916, 0.015845
Y -0.309563, 0.950639, -0.021349
Z -0.021679, 0.015390, 0.999647

BONE 59
OFFSET 18.570040, -4.518465, -13.779095
SCALE 1.000000, 1.000000, 1.000000
X -0.950632, 0.309916, -0.015845
Y 0.309563, 0.950639, 0.021349
Z 0.021679, 0.015390, -0.999647

BONE 60
OFFSET 18.029337, 6.033617, -16.206121
SCALE 1.000000, 1.000000, 1.000000
X -0.508594, -0.843981, 0.170374
Y -0.800272, 0.536372, 0.268083
Z -0.317641, -0.000000, -0.948211

BONE 61
OFFSET 18.029331, -6.033622, -16.206102
SCALE 1.000000, 1.000000, 1.000000
X 0.508594, -0.843981, -0.170374
Y 0.800272, 0.536372, -0.268083
Z 0.317641, -0.000000, 0.948211

BONE 62
OFFSET 18.809635, 5.649475, -15.215545
SCALE 1.000000, 1.000000, 1.000000
X -0.560939, -0.817051, 0.133323
Y -0.794907, 0.576565, 0.188932
Z -0.231237, 0.000000, -0.972898

BONE 63
OFFSET 18.809647, -5.649488, -15.215551
SCALE 1.000000, 1.000000, 1.000000
X 0.560939, -0.817051, -0.133323
Y 0.794907, 0.576565, -0.188932
Z 0.231237, 0.000000, 0.972898

BONE 64
OFFSET 17.652914, 5.331044, -11.822542
SCALE 1.000000, 1.000000, 1.000000
X 0.980154, 0.167623, -0.105833
Y -0.164811, 0.985710, 0.034839
Z 0.110161, -0.016705, 0.993773

BONE 65
OFFSET 17.652914, -5.331063, -11.822559
SCALE 1.000000, 1.000000, 1.000000
X -0.980154, 0.167623, 0.105833
Y 0.164811, 0.985710, -0.034839
Z -0.110161, -0.016705, -0.993773

BONE 66
OFFSET 17.546160, 5.231812, -16.044260
SCALE 1.000000, 1.000000, 1.000000
X 0.937314, 0.308816, -0.161479
Y -0.317012, 0.948035, -0.027072
Z 0.144727, 0.076566, 0.986505

BONE 67
OFFSET 17.546143, -5.231811, -16.044252
SCALE 1.000000, 1.000000, 1.000000
X -0.937314, 0.308816, 0.161479
Y 0.317012, 0.948035, 0.027072
Z -0.144727, 0.076566, -0.986505

BONE 68
OFFSET 18.201283, 4.763361, -15.070953
SCALE 1.000000, 1.000000, 1.000000
X 0.902287, 0.340068, -0.265014
Y -0.319075, 0.940102, 0.120000
Z 0.289948, -0.023715, 0.956748

BONE 69
OFFSET 18.201300, -4.763347, -15.070945
SCALE 1.000000, 1.000000, 1.000000
X -0.902287, 0.340068, 0.265014
Y 0.319075, 0.940102, -0.120000
Z -0.289948, -0.023715, -0.956748

NUMVERTS 3409
VERT 0
OFFSET -4.973544, -9.630906, -6.773229
BONES 1
BONE 5 1.000000

VERT 1
OFFSET -3.023158, -11.067835, -5.456890
BONES 1
BONE 5 1.000000

VERT 2
OFFSET -0.456185, -10.228819, -5.063464
BONES 1
BONE 5 1.000000

VERT 3
OFFSET 1.077039, -7.755275, -5.627834
BONES 1
BONE 5 1.000000

VERT 4
OFFSET 0.816082, -5.402781, -6.997213
BONES 1
BONE 5 1.000000

VERT 5
OFFSET -0.316957, -4.569410, -8.030275
BONES 1
BONE 5 1.000000

VERT 6
OFFSET -2.889500, -5.024015, -7.898032
BONES 1
BONE 5 1.000000

VERT 7
OFFSET -5.215866, -6.840669, -7.721299
BONES 1
BONE 5 1.000000

VERT 8
OFFSET 1.487689, -9.682309, -16.068802
BONES 2
BONE 5 0.235227
BONE 9 0.764773

VERT 9
OFFSET 2.254275, -11.305748, -13.549029
BONES 2
BONE 5 0.054880
BONE 9 0.945120

VERT 10
OFFSET 3.324691, -9.742345, -11.232726
BONES 2
BONE 5 0.090695
BONE 9 0.909305

VERT 11
OFFSET 3.473197, -8.066597, -10.717440
BONES 3
BONE 5 0.042681
BONE 9 0.957313
BONE 22 0.000006

VERT 12
OFFSET 3.336823, -6.395241, -11.271895
BONES 3
BONE 5 0.014979
BONE 9 0.984565
BONE 22 0.000456

VERT 13
OFFSET 2.903866, -5.354527, -12.542811
BONES 2
BONE 5 0.091153
BONE 9 0.908847

VERT 14
OFFSET 1.994500, -5.244899, -14.545235
BONES 2
BONE 5 0.050363
BONE 9 0.949637

VERT 15
OFFSET 1.089283, -7.142318, -16.359610
BONES 2
BONE 5 0.240958
BONE 9 0.759042

VERT 16
OFFSET 4.604646, -9.807319, -11.922056
BONES 2
BONE 5 0.022572
BONE 9 0.977428

VERT 17
OFFSET 4.601175, -8.030095, -11.279235
BONES 3
BONE 5 0.007274
BONE 9 0.992527
BONE 22 0.000199

VERT 18
OFFSET 4.474632, -6.524264, -11.830424
BONES 3
BONE 5 0.008197
BONE 9 0.991322
BONE 22 0.000481

VERT 19
OFFSET 4.119223, -5.418701, -13.077829
BONES 2
BONE 5 0.004683
BONE 9 0.995317

VERT 20
OFFSET 3.601146, -5.367795, -15.008712
BONES 2
BONE 5 0.077560
BONE 9 0.922440

VERT 21
OFFSET 2.987476, -7.051594, -16.699644
BONES 2
BONE 5 0.084740
BONE 9 0.915260

VERT 22
OFFSET 3.559275, -9.677505, -16.336596
BONES 2
BONE 5 0.014341
BONE 9 0.985659

VERT 23
OFFSET 3.887437, -10.878815, -14.313902
BONES 2
BONE 5 0.001399
BONE 9 0.998601

VERT 24
OFFSET 2.271039, -5.335276, -11.896894
BONES 2
BONE 5 0.086079
BONE 9 0.913921

VERT 25
OFFSET 2.597951, -6.513895, -11.147938
BONES 2
BONE 5 0.226978
BONE 9 0.773022

VERT 26
OFFSET 3.233160, -8.060038, -10.283896
BONES 2
BONE 5 0.027126
BONE 9 0.972874

VERT 27
OFFSET 3.143598, -10.077682, -11.151308
BONES 2
BONE 5 0.076976
BONE 9 0.923024

VERT 28
OFFSET 2.849639, -11.155095, -12.170076
BONES 2
BONE 5 0.144812
BONE 9 0.855188

VERT 29
OFFSET 0.810730, -9.735950, -15.600796
BONES 2
BONE 5 0.442738
BONE 9 0.557262

VERT 30
OFFSET 0.214249, -7.061850, -15.938089
BONES 2
BONE 5 0.405654
BONE 9 0.594346

VERT 31
OFFSET 1.242283, -5.432756, -13.787520
BONES 2
BONE 5 0.039596
BONE 9 0.960404

VERT 32
OFFSET 1.561386, -6.045197, -8.579391
BONES 1
BONE 5 1.000000

VERT 33
OFFSET 1.457071, -8.325355, -7.687050
BONES 1
BONE 5 1.000000

VERT 34
OFFSET 0.779319, -10.189843, -7.337638
BONES 1
BONE 5 1.000000

VERT 35
OFFSET -1.441342, -11.155668, -8.530551
BONES 1
BONE 5 1.000000

VERT 36
OFFSET -3.371748, -9.435631, -10.575355
BONES 1
BONE 5 1.000000

VERT 37
OFFSET -3.473863, -6.681772, -11.112874
BONES 2
BONE 5 0.997753
BONE 9 0.002247

VERT 38
OFFSET -1.412366, -5.259724, -10.528071
BONES 1
BONE 5 1.000000

VERT 39
OFFSET 0.714882, -5.031969, -9.707598
BONES 1
BONE 5 1.000000

VERT 40
OFFSET -3.665157, -10.860078, -7.821377
BONES 1
BONE 5 1.000000

VERT 41
OFFSET -4.264331, -10.703464, -6.114685
BONES 1
BONE 5 1.000000

VERT 42
OFFSET -2.207472, -10.844685, -6.819213
BONES 1
BONE 5 1.000000

VERT 43
OFFSET -2.598527, -10.437756, -9.703779
BONES 2
BONE 5 0.991887
BONE 9 0.008113

VERT 44
OFFSET -4.476142, -9.418189, -8.755432
BONES 1
BONE 5 1.000000

VERT 45
OFFSET -1.045622, -10.555749, -6.391811
BONES 1
BONE 5 1.000000

VERT 46
OFFSET -1.820764, -10.976655, -5.233779
BONES 1
BONE 5 1.000000

VERT 47
OFFSET 0.174595, -9.972442, -6.309646
BONES 1
BONE 5 1.000000

VERT 48
OFFSET -0.310810, -10.774685, -7.670276
BONES 1
BONE 5 1.000000

VERT 49
OFFSET 1.056815, -9.113150, -6.207874
BONES 1
BONE 5 1.000000

VERT 50
OFFSET 0.500540, -8.881023, -5.286377
BONES 1
BONE 5 1.000000

VERT 51
OFFSET 1.218516, -7.869055, -6.643583
BONES 1
BONE 5 1.000000

VERT 52
OFFSET 1.420630, -9.521811, -7.368107
BONES 1
BONE 5 1.000000

VERT 53
OFFSET 1.444861, -6.924374, -6.966969
BONES 1
BONE 5 1.000000

VERT 54
OFFSET 1.192752, -6.491379, -6.278544
BONES 1
BONE 5 1.000000

VERT 55
OFFSET 1.164910, -5.686811, -7.742362
BONES 1
BONE 5 1.000000

VERT 56
OFFSET 1.985838, -7.441354, -7.601990
BONES 1
BONE 5 1.000000

VERT 57
OFFSET 0.666315, -5.291654, -8.286181
BONES 1
BONE 5 1.000000

VERT 58
OFFSET 0.470047, -4.978701, -7.560277
BONES 1
BONE 5 1.000000

VERT 59
OFFSET 0.031154, -4.876969, -8.679960
BONES 1
BONE 5 1.000000

VERT 60
OFFSET 1.149740, -5.530748, -9.187992
BONES 1
BONE 5 1.000000

VERT 61
OFFSET -2.250831, -5.239330, -8.933623
BONES 1
BONE 5 1.000000

VERT 62
OFFSET -3.684508, -5.569489, -9.338230
BONES 1
BONE 5 1.000000

VERT 63
OFFSET -4.256732, -5.716733, -7.874647
BONES 1
BONE 5 1.000000

VERT 64
OFFSET -4.383661, -6.700985, -9.203309
BONES 1
BONE 5 1.000000

VERT 65
OFFSET -2.804008, -5.666693, -11.079762
BONES 2
BONE 5 0.999836
BONE 9 0.000164

VERT 66
OFFSET -4.607599, -8.114961, -9.042086
BONES 1
BONE 5 1.000000

VERT 67
OFFSET -5.282480, -8.428425, -7.226653
BONES 1
BONE 5 1.000000

VERT 68
OFFSET -3.740111, -8.059292, -11.025473
BONES 2
BONE 5 0.999220
BONE 9 0.000780

VERT 69
OFFSET 4.021564, -9.216597, -11.071150
BONES 2
BONE 5 0.030921
BONE 9 0.969079

VERT 70
OFFSET 3.429574, -9.198211, -10.949473
BONES 2
BONE 5 0.112408
BONE 9 0.887592

VERT 71
OFFSET 3.996142, -8.041553, -10.900341
BONES 2
BONE 5 0.006565
BONE 9 0.993435

VERT 72
OFFSET 4.710111, -9.116074, -11.557563
BONES 3
BONE 5 0.022920
BONE 9 0.977019
BONE 22 0.000061

VERT 73
OFFSET 3.896391, -9.770618, -11.385331
BONES 2
BONE 5 0.055904
BONE 9 0.944096

VERT 74
OFFSET 4.035742, -7.356855, -10.852318
BONES 3
BONE 5 0.005178
BONE 9 0.994765
BONE 22 0.000057

VERT 75
OFFSET 3.472493, -7.484728, -10.759101
BONES 3
BONE 5 0.116043
BONE 9 0.883925
BONE 22 0.000033

VERT 76
OFFSET 3.759715, -6.261631, -11.291460
BONES 3
BONE 5 0.008218
BONE 9 0.991298
BONE 22 0.000484

VERT 77
OFFSET 4.584876, -7.400695, -11.272765
BONES 3
BONE 5 0.004937
BONE 9 0.993193
BONE 22 0.001870

VERT 78
OFFSET 3.504336, -5.659285, -11.973160
BONES 3
BONE 5 0.005534
BONE 9 0.994350
BONE 22 0.000116

VERT 79
OFFSET 3.117980, -5.730079, -11.787383
BONES 2
BONE 5 0.096197
BONE 9 0.903803

VERT 80
OFFSET 4.264449, -5.873425, -12.421899
BONES 3
BONE 5 0.006021
BONE 9 0.993796
BONE 22 0.000183

VERT 81
OFFSET 2.842949, -5.322253, -14.835131
BONES 2
BONE 5 0.071602
BONE 9 0.928398

VERT 82
OFFSET 2.409491, -6.115847, -15.934456
BONES 2
BONE 5 0.105266
BONE 9 0.894734

VERT 83
OFFSET 1.780783, -6.172483, -15.642010
BONES 2
BONE 5 0.124437
BONE 9 0.875563

VERT 84
OFFSET 3.381674, -6.023505, -15.946854
BONES 2
BONE 5 0.097362
BONE 9 0.902638

VERT 85
OFFSET 1.349562, -8.093979, -16.763651
BONES 2
BONE 5 0.151143
BONE 9 0.848857

VERT 86
OFFSET 1.070026, -8.019636, -16.661003
BONES 2
BONE 5 0.197215
BONE 9 0.802785

VERT 87
OFFSET 1.713865, -9.607935, -16.183617
BONES 2
BONE 5 0.167010
BONE 9 0.832990

VERT 88
OFFSET 3.112373, -8.201237, -16.871967
BONES 2
BONE 5 0.021440
BONE 9 0.978560

VERT 89
OFFSET 2.267980, -11.140258, -14.780839
BONES 2
BONE 5 0.005995
BONE 9 0.994005

VERT 90
OFFSET 1.936480, -11.068591, -14.585443
BONES 2
BONE 5 0.008747
BONE 9 0.991253

VERT 91
OFFSET 2.659268, -11.376588, -13.729312
BONES 2
BONE 5 0.010779
BONE 9 0.989221

VERT 92
OFFSET 3.840909, -10.549802, -15.292431
BONES 2
BONE 5 0.015661
BONE 9 0.984339

VERT 93
OFFSET 3.442788, -10.777048, -12.253309
BONES 2
BONE 5 0.045303
BONE 9 0.954697

VERT 94
OFFSET 3.094913, -10.700953, -12.019392
BONES 2
BONE 5 0.042698
BONE 9 0.957302

VERT 95
OFFSET 4.334621, -10.551770, -12.629188
BONES 2
BONE 5 0.030111
BONE 9 0.969889

VERT 96
OFFSET 2.909654, -5.956766, -11.957460
BONES 2
BONE 5 0.100793
BONE 9 0.899207

VERT 97
OFFSET 2.468091, -5.845591, -11.349985
BONES 2
BONE 5 0.102432
BONE 9 0.897568

VERT 98
OFFSET 2.734008, -5.506811, -12.618073
BONES 2
BONE 5 0.091153
BONE 9 0.908847

VERT 99
OFFSET 3.106728, -6.613503, -11.514702
BONES 3
BONE 5 0.081003
BONE 9 0.918828
BONE 22 0.000169

VERT 100
OFFSET 3.181757, -7.505695, -10.868013
BONES 3
BONE 5 0.065803
BONE 9 0.934115
BONE 22 0.000082

VERT 101
OFFSET 3.061585, -7.087740, -10.273685
BONES 3
BONE 5 0.117592
BONE 9 0.882395
BONE 22 0.000013

VERT 102
OFFSET 3.022962, -8.013523, -10.946084
BONES 2
BONE 5 0.142065
BONE 9 0.857935

VERT 103
OFFSET 3.136909, -8.910729, -10.950047
BONES 2
BONE 5 0.132470
BONE 9 0.867530

VERT 104
OFFSET 3.342915, -8.997303, -10.498567
BONES 2
BONE 5 0.053641
BONE 9 0.946359

VERT 105
OFFSET 3.040697, -9.719120, -11.367345
BONES 2
BONE 5 0.091694
BONE 9 0.908306

VERT 106
OFFSET 2.866091, -10.474118, -11.979860
BONES 2
BONE 5 0.038384
BONE 9 0.961616

VERT 107
OFFSET 2.983804, -10.760164, -11.723296
BONES 2
BONE 5 0.152298
BONE 9 0.847702

VERT 108
OFFSET 2.218677, -11.078217, -13.123602
BONES 2
BONE 5 0.085113
BONE 9 0.914887

VERT 109
OFFSET 1.778297, -10.820241, -14.246392
BONES 2
BONE 5 0.016444
BONE 9 0.983556

VERT 110
OFFSET 1.283417, -11.074337, -14.104068
BONES 2
BONE 5 0.015910
BONE 9 0.984090

VERT 111
OFFSET 1.568245, -9.518579, -15.861177
BONES 2
BONE 5 0.222129
BONE 9 0.777871

VERT 112
OFFSET 1.431089, -7.942779, -16.431143
BONES 2
BONE 5 0.153097
BONE 9 0.846904

VERT 113
OFFSET 0.321856, -7.996904, -16.306583
BONES 2
BONE 5 0.309517
BONE 9 0.690483

VERT 114
OFFSET 1.252225, -7.149178, -16.039354
BONES 2
BONE 5 0.233445
BONE 9 0.766555

VERT 115
OFFSET 1.689442, -6.149632, -15.172009
BONES 2
BONE 5 0.105096
BONE 9 0.894904

VERT 116
OFFSET 0.681454, -5.931417, -14.973271
BONES 2
BONE 5 0.231641
BONE 9 0.768359

VERT 117
OFFSET 2.123630, -5.626784, -14.452736
BONES 2
BONE 5 0.053143
BONE 9 0.946857

VERT 118
OFFSET 2.560189, -8.282590, -8.520297
BONES 2
BONE 5 0.896363
BONE 9 0.103637

VERT 119
OFFSET 1.929426, -9.013764, -8.696622
BONES 2
BONE 5 0.889039
BONE 9 0.110961

VERT 120
OFFSET 1.615425, -9.889292, -8.673910
BONES 2
BONE 5 0.872583
BONE 9 0.127417

VERT 121
OFFSET 0.345009, -10.407895, -9.392167
BONES 2
BONE 5 0.879543
BONE 9 0.120457

VERT 122
OFFSET -0.845870, -11.091403, -10.563228
BONES 2
BONE 5 0.794429
BONE 9 0.205571

VERT 123
OFFSET -1.028504, -10.819387, -11.613583
BONES 2
BONE 5 0.757009
BONE 9 0.242991

VERT 124
OFFSET -1.744827, -9.502874, -12.313622
BONES 2
BONE 5 0.943159
BONE 9 0.056841

VERT 125
OFFSET -2.371437, -8.338622, -13.161733
BONES 2
BONE 5 0.967947
BONE 9 0.032053

VERT 126
OFFSET -2.131130, -6.828031, -13.265550
BONES 2
BONE 5 0.979917
BONE 9 0.020083

VERT 127
OFFSET -1.286898, -5.769369, -12.888345
BONES 2
BONE 5 0.846790
BONE 9 0.153210

VERT 128
OFFSET -0.282520, -5.125158, -12.246260
BONES 2
BONE 5 0.761291
BONE 9 0.238709

VERT 129
OFFSET 1.389626, -5.210197, -10.774555
BONES 1
BONE 5 1.000000

VERT 130
OFFSET 1.653950, -5.738004, -10.045148
BONES 1
BONE 5 1.000000

VERT 131
OFFSET 4.026440, -6.001760, -13.993571
BONES 2
BONE 5 0.037844
BONE 9 0.962156

VERT 132
OFFSET 3.691705, -5.949319, -14.847188
BONES 2
BONE 5 0.077560
BONE 9 0.922440

VERT 133
OFFSET 3.492777, -6.528941, -15.588591
BONES 2
BONE 5 0.114533
BONE 9 0.885467

VERT 134
OFFSET 3.293985, -8.612677, -15.832207
BONES 2
BONE 5 0.011907
BONE 9 0.988093

VERT 135
OFFSET 3.717809, -9.997906, -14.531640
BONES 2
BONE 5 0.012429
BONE 9 0.987571

VERT 136
OFFSET 4.020171, -9.897865, -13.052554
BONES 2
BONE 5 0.012767
BONE 9 0.987233

VERT 137
OFFSET 4.335417, -8.736241, -12.081754
BONES 3
BONE 5 0.007454
BONE 9 0.992534
BONE 22 0.000011

VERT 138
OFFSET 4.282051, -7.677388, -12.039738
BONES 3
BONE 5 0.008167
BONE 9 0.991356
BONE 22 0.000477

VERT 139
OFFSET 4.249331, -7.011116, -12.583311
BONES 3
BONE 5 0.006754
BONE 9 0.992962
BONE 22 0.000283

VERT 140
OFFSET 4.261477, -6.512884, -13.227793
BONES 2
BONE 5 0.004683
BONE 9 0.995317

VERT 141
OFFSET 1.981546, -11.376391, -12.548818
BONES 2
BONE 5 0.133653
BONE 9 0.866347

VERT 142
OFFSET 2.178286, -10.416038, -11.607097
BONES 2
BONE 5 0.147983
BONE 9 0.852017

VERT 143
OFFSET 2.735894, -9.779328, -10.648432
BONES 2
BONE 5 0.158281
BONE 9 0.841719

VERT 144
OFFSET 3.017964, -9.129939, -9.495790
BONES 2
BONE 5 0.640691
BONE 9 0.359309

VERT 145
OFFSET 3.080668, -8.118233, -9.799006
BONES 2
BONE 5 0.042273
BONE 9 0.957727

VERT 146
OFFSET 3.222421, -9.176017, -10.008046
BONES 2
BONE 5 0.089687
BONE 9 0.910313

VERT 147
OFFSET 2.980218, -10.099665, -10.954318
BONES 2
BONE 5 0.095589
BONE 9 0.904411

VERT 148
OFFSET 2.761118, -10.857044, -11.585612
BONES 2
BONE 5 0.151433
BONE 9 0.848567

VERT 149
OFFSET 2.600779, -11.190261, -11.926988
BONES 2
BONE 5 0.175516
BONE 9 0.824484

VERT 150
OFFSET 0.968374, -11.311413, -13.115867
BONES 2
BONE 5 0.291499
BONE 9 0.708501

VERT 151
OFFSET 2.123756, -11.271556, -12.704314
BONES 2
BONE 5 0.118365
BONE 9 0.881635

VERT 152
OFFSET 1.419087, -7.129085, -16.565264
BONES 2
BONE 5 0.220789
BONE 9 0.779211

VERT 153
OFFSET 1.825059, -6.059063, -15.958611
BONES 2
BONE 5 0.135692
BONE 9 0.864308

VERT 154
OFFSET 2.582968, -11.003977, -12.601450
BONES 2
BONE 5 0.113461
BONE 9 0.886539

VERT 155
OFFSET 2.627379, -11.299560, -12.852802
BONES 2
BONE 5 0.091381
BONE 9 0.908619

VERT 156
OFFSET 2.956530, -11.367514, -13.078407
BONES 2
BONE 5 0.064496
BONE 9 0.935504

VERT 157
OFFSET 4.132997, -11.009576, -13.309875
BONES 2
BONE 5 0.000234
BONE 9 0.999766

VERT 158
OFFSET 2.566502, -9.990740, -9.810028
BONES 2
BONE 5 0.513489
BONE 9 0.486511

VERT 159
OFFSET 1.770323, -10.778778, -10.657514
BONES 2
BONE 5 0.427471
BONE 9 0.572529

VERT 160
OFFSET 1.441673, -11.108127, -11.405376
BONES 2
BONE 5 0.322569
BONE 9 0.677431

VERT 161
OFFSET -0.155617, -6.014764, -13.876044
BONES 2
BONE 5 0.730277
BONE 9 0.269723

VERT 162
OFFSET -0.858121, -6.880590, -14.789637
BONES 2
BONE 5 0.817658
BONE 9 0.182342

VERT 163
OFFSET -1.208499, -8.186575, -14.934287
BONES 2
BONE 5 0.794064
BONE 9 0.205936

VERT 164
OFFSET -0.627811, -9.641333, -14.163683
BONES 2
BONE 5 0.723269
BONE 9 0.276731

VERT 165
OFFSET 4.219488, -10.428180, -14.172562
BONES 2
BONE 5 0.002563
BONE 9 0.997437

VERT 166
OFFSET 4.011614, -10.128857, -15.194798
BONES 2
BONE 5 0.019140
BONE 9 0.980860

VERT 167
OFFSET 3.682673, -9.348125, -16.037344
BONES 2
BONE 5 0.015720
BONE 9 0.984280

VERT 168
OFFSET 3.624374, -8.191895, -16.468859
BONES 2
BONE 5 0.029992
BONE 9 0.970008

VERT 169
OFFSET 3.628142, -6.982360, -16.294193
BONES 2
BONE 5 0.105879
BONE 9 0.894121

VERT 170
OFFSET 3.580858, -6.218130, -15.685251
BONES 2
BONE 5 0.099985
BONE 9 0.900015

VERT 171
OFFSET 3.722752, -5.716956, -14.912342
BONES 2
BONE 5 0.077560
BONE 9 0.922440

VERT 172
OFFSET 4.554746, -6.043077, -13.454041
BONES 3
BONE 5 0.019830
BONE 9 0.979668
BONE 22 0.000502

VERT 173
OFFSET 4.623268, -6.375272, -12.849779
BONES 3
BONE 5 0.006666
BONE 9 0.992991
BONE 22 0.000343

VERT 174
OFFSET 4.672401, -6.781032, -12.247508
BONES 3
BONE 5 0.008091
BONE 9 0.991408
BONE 22 0.000501

VERT 175
OFFSET 4.389246, -7.651320, -11.717092
BONES 3
BONE 5 0.004898
BONE 9 0.993670
BONE 22 0.001432

VERT 176
OFFSET 4.647992, -8.148855, -11.717850
BONES 3
BONE 5 0.007951
BONE 9 0.991804
BONE 22 0.000245

VERT 177
OFFSET 4.535736, -9.029408, -11.856022
BONES 3
BONE 5 0.012147
BONE 9 0.987807
BONE 22 0.000046

VERT 178
OFFSET 4.472755, -9.622781, -12.251707
BONES 2
BONE 5 0.036534
BONE 9 0.963466

VERT 179
OFFSET 4.286610, -10.296537, -12.903433
BONES 2
BONE 5 0.019463
BONE 9 0.980537

VERT 180
OFFSET 4.137419, -10.432155, -13.194551
BONES 2
BONE 5 0.000234
BONE 9 0.999766

VERT 181
OFFSET -1.593091, -10.345708, -10.699094
BONES 2
BONE 5 0.890492
BONE 9 0.109508

VERT 182
OFFSET 4.003747, -7.460947, -10.958925
BONES 3
BONE 5 0.008542
BONE 9 0.991394
BONE 22 0.000064

VERT 183
OFFSET 4.527338, -7.513088, -11.774606
BONES 3
BONE 5 0.004973
BONE 9 0.992747
BONE 22 0.002280

VERT 184
OFFSET 3.453085, -7.631051, -10.952313
BONES 3
BONE 5 0.070247
BONE 9 0.929682
BONE 22 0.000072

VERT 185
OFFSET 2.122853, -7.065569, -16.661827
BONES 2
BONE 5 0.176987
BONE 9 0.823013

VERT 186
OFFSET 0.474260, -5.297087, -13.050709
BONES 2
BONE 5 0.719361
BONE 9 0.280639

VERT 187
OFFSET 1.793877, -5.307428, -11.320522
BONES 1
BONE 5 1.000000

VERT 188
OFFSET 2.132576, -6.011373, -10.526732
BONES 2
BONE 5 0.824723
BONE 9 0.175277

VERT 189
OFFSET 2.221826, -6.147449, -9.903866
BONES 2
BONE 5 0.947260
BONE 9 0.052740

VERT 190
OFFSET 2.578540, -9.101725, -9.061417
BONES 2
BONE 5 0.889039
BONE 9 0.110961

VERT 191
OFFSET 1.723811, -11.329198, -13.291608
BONES 2
BONE 5 0.077535
BONE 9 0.922465

VERT 192
OFFSET 1.477354, -11.393261, -12.917445
BONES 2
BONE 5 0.176895
BONE 9 0.823105

VERT 193
OFFSET 1.844622, -10.709994, -12.031135
BONES 2
BONE 5 0.213701
BONE 9 0.786299

VERT 194
OFFSET 1.517441, -10.987206, -12.404582
BONES 2
BONE 5 0.227202
BONE 9 0.772798

VERT 195
OFFSET 1.276702, -11.291141, -12.234118
BONES 2
BONE 5 0.285159
BONE 9 0.714841

VERT 196
OFFSET 1.140832, -10.699286, -10.019493
BONES 2
BONE 5 0.810879
BONE 9 0.189121

VERT 197
OFFSET 0.576497, -10.982695, -10.812385
BONES 2
BONE 5 0.735813
BONE 9 0.264187

VERT 198
OFFSET 0.092990, -10.742725, -13.237441
BONES 2
BONE 5 0.521982
BONE 9 0.478018

VERT 199
OFFSET 0.193963, -10.894411, -12.368189
BONES 2
BONE 5 0.450143
BONE 9 0.549857

VERT 200
OFFSET 0.289174, -11.084225, -11.536181
BONES 2
BONE 5 0.642994
BONE 9 0.357006

VERT 201
OFFSET -0.885433, -10.487709, -12.654961
BONES 2
BONE 5 0.736489
BONE 9 0.263511

VERT 202
OFFSET 2.242216, -8.158012, -16.869291
BONES 2
BONE 5 0.026614
BONE 9 0.973386

VERT 203
OFFSET 2.714778, -9.753321, -16.169525
BONES 2
BONE 5 0.004247
BONE 9 0.995753

VERT 204
OFFSET 3.019488, -10.909244, -15.075422
BONES 2
BONE 5 0.003462
BONE 9 0.996538

VERT 205
OFFSET 3.290236, -11.162792, -14.142081
BONES 2
BONE 5 0.000234
BONE 9 0.999766

VERT 206
OFFSET 3.640943, -11.221439, -13.288168
BONES 2
BONE 5 0.000234
BONE 9 0.999766

VERT 207
OFFSET 2.430525, -11.226225, -12.366164
BONES 2
BONE 5 0.139539
BONE 9 0.860461

VERT 208
OFFSET 2.369773, -11.345905, -12.212477
BONES 2
BONE 5 0.155408
BONE 9 0.844592

VERT 209
OFFSET 2.213126, -7.859003, -13.497608
BONES 2
BONE 5 0.102414
BONE 9 0.897586

VERT 210
OFFSET 3.167655, -5.305269, -12.603387
BONES 2
BONE 5 0.060701
BONE 9 0.939299

VERT 211
OFFSET 2.253550, -5.176270, -14.645919
BONES 2
BONE 5 0.055668
BONE 9 0.944332

VERT 212
OFFSET 3.189458, -7.016900, -11.114540
BONES 3
BONE 5 0.066294
BONE 9 0.933556
BONE 22 0.000149

VERT 213
OFFSET 2.953242, -6.706239, -10.375504
BONES 2
BONE 5 0.541783
BONE 9 0.458217

VERT 214
OFFSET 2.588746, -6.418492, -10.090125
BONES 2
BONE 5 0.847557
BONE 9 0.152443

VERT 215
OFFSET 1.835434, -5.870171, -9.691887
BONES 1
BONE 5 1.000000

VERT 216
OFFSET 3.446980, -6.894245, -10.961252
BONES 3
BONE 5 0.066016
BONE 9 0.933742
BONE 22 0.000242

VERT 217
OFFSET 3.948357, -6.937960, -11.153502
BONES 3
BONE 5 0.006712
BONE 9 0.993016
BONE 22 0.000272

VERT 218
OFFSET 4.580659, -7.033304, -11.585804
BONES 3
BONE 5 0.008006
BONE 9 0.991540
BONE 22 0.000454

VERT 219
OFFSET 4.580784, -7.174313, -11.988162
BONES 3
BONE 5 0.008164
BONE 9 0.991360
BONE 22 0.000476

VERT 220
OFFSET 4.059958, -10.730092, -12.551639
BONES 2
BONE 5 0.034850
BONE 9 0.965150

VERT 221
OFFSET 4.423708, -9.769993, -11.608505
BONES 2
BONE 5 0.019370
BONE 9 0.980630

VERT 222
OFFSET 4.470748, -9.145060, -11.274517
BONES 3
BONE 5 0.007453
BONE 9 0.992530
BONE 22 0.000017

VERT 223
OFFSET 4.402667, -7.923295, -10.984236
BONES 3
BONE 5 0.006535
BONE 9 0.993406
BONE 22 0.000059

VERT 224
OFFSET 4.325758, -7.469776, -11.077110
BONES 3
BONE 5 0.005393
BONE 9 0.994502
BONE 22 0.000105

VERT 225
OFFSET 4.338600, -7.370446, -10.998294
BONES 3
BONE 5 0.005996
BONE 9 0.993832
BONE 22 0.000172

VERT 226
OFFSET 4.334481, -6.974080, -11.306232
BONES 3
BONE 5 0.007328
BONE 9 0.992313
BONE 22 0.000359

VERT 227
OFFSET 4.260168, -6.447575, -11.653019
BONES 3
BONE 5 0.008059
BONE 9 0.991480
BONE 22 0.000461

VERT 228
OFFSET 4.019150, -5.783131, -12.263847
BONES 3
BONE 5 0.004999
BONE 9 0.994957
BONE 22 0.000043

VERT 229
OFFSET 3.742598, -5.332835, -12.888702
BONES 2
BONE 5 0.004683
BONE 9 0.995317

VERT 230
OFFSET 4.369128, -5.895980, -13.794312
BONES 2
BONE 5 0.035476
BONE 9 0.964524

VERT 231
OFFSET 3.868287, -5.129257, -13.635570
BONES 2
BONE 5 0.023834
BONE 9 0.976166

VERT 232
OFFSET 4.015963, -5.705317, -13.836082
BONES 2
BONE 5 0.034048
BONE 9 0.965952

VERT 233
OFFSET 3.465523, -5.052035, -13.405198
BONES 2
BONE 5 0.015056
BONE 9 0.984944

VERT 234
OFFSET 2.907549, -5.076459, -13.135638
BONES 2
BONE 5 0.061018
BONE 9 0.938982

VERT 235
OFFSET 2.672758, -5.176908, -13.053610
BONES 2
BONE 5 0.078630
BONE 9 0.921370

VERT 236
OFFSET 2.613267, -5.485111, -13.171985
BONES 2
BONE 5 0.078950
BONE 9 0.921050

VERT 237
OFFSET 2.026959, -5.043472, -12.378249
BONES 2
BONE 5 0.074061
BONE 9 0.925939

VERT 238
OFFSET 1.518380, -5.004493, -11.813077
BONES 2
BONE 5 0.893991
BONE 9 0.106009

VERT 239
OFFSET 0.988600, -4.926219, -11.196099
BONES 2
BONE 5 0.903385
BONE 9 0.096615

VERT 240
OFFSET 0.267824, -4.850151, -9.943822
BONES 1
BONE 5 1.000000

VERT 241
OFFSET -0.436961, -4.752391, -8.773909
BONES 1
BONE 5 1.000000

VERT 242
OFFSET -0.921211, -4.618680, -7.994444
BONES 1
BONE 5 1.000000

VERT 243
OFFSET 4.477171, -7.539574, -11.269412
BONES 3
BONE 5 0.004879
BONE 9 0.993907
BONE 22 0.001214

VERT 244
OFFSET 3.461317, -8.607870, -10.796199
BONES 2
BONE 5 0.009056
BONE 9 0.990944

VERT 245
OFFSET 4.063484, -8.608379, -10.900657
BONES 2
BONE 5 0.009592
BONE 9 0.990408

VERT 246
OFFSET 4.479290, -8.560967, -11.057812
BONES 3
BONE 5 0.010017
BONE 9 0.989847
BONE 22 0.000136

VERT 247
OFFSET 4.676276, -8.564382, -11.388394
BONES 3
BONE 5 0.012126
BONE 9 0.987621
BONE 22 0.000253

VERT 248
OFFSET 4.689913, -8.549039, -11.776263
BONES 3
BONE 5 0.012253
BONE 9 0.987482
BONE 22 0.000265

VERT 249
OFFSET 3.068317, -6.897968, -10.985449
BONES 3
BONE 5 0.069051
BONE 9 0.930821
BONE 22 0.000127

VERT 250
OFFSET 3.043124, -7.293224, -10.719276
BONES 3
BONE 5 0.073416
BONE 9 0.926475
BONE 22 0.000109

VERT 251
OFFSET 4.606100, -6.639987, -12.024701
BONES 3
BONE 5 0.008270
BONE 9 0.991225
BONE 22 0.000505

VERT 252
OFFSET 4.521528, -6.131849, -12.666739
BONES 3
BONE 5 0.006592
BONE 9 0.993101
BONE 22 0.000307

VERT 253
OFFSET 4.428929, -5.707809, -13.304209
BONES 2
BONE 5 0.014346
BONE 9 0.985654

VERT 254
OFFSET 4.327435, -5.559456, -13.609577
BONES 2
BONE 5 0.029287
BONE 9 0.970713

VERT 255
OFFSET 4.210416, -5.578667, -13.758129
BONES 2
BONE 5 0.034862
BONE 9 0.965138

VERT 256
OFFSET 3.710626, -10.344009, -11.758615
BONES 2
BONE 5 0.065334
BONE 9 0.934666

VERT 257
OFFSET 4.290831, -10.283112, -12.023271
BONES 2
BONE 5 0.051183
BONE 9 0.948817

VERT 258
OFFSET 4.469590, -10.162969, -12.246546
BONES 2
BONE 5 0.048020
BONE 9 0.951980

VERT 259
OFFSET 4.351442, -9.962716, -12.587468
BONES 2
BONE 5 0.034519
BONE 9 0.965481

VERT 260
OFFSET 2.714947, -10.877977, -12.389850
BONES 2
BONE 5 0.126357
BONE 9 0.873643

VERT 261
OFFSET 2.792631, -11.115503, -12.593288
BONES 2
BONE 5 0.109001
BONE 9 0.890999

VERT 262
OFFSET 3.079812, -11.164768, -12.933584
BONES 2
BONE 5 0.072958
BONE 9 0.927042

VERT 263
OFFSET 3.733377, -10.991420, -13.145926
BONES 2
BONE 5 0.000234
BONE 9 0.999766

VERT 264
OFFSET 4.140934, -10.857648, -13.091174
BONES 2
BONE 5 0.000797
BONE 9 0.999203

VERT 265
OFFSET 3.222442, -8.071744, -10.034097
BONES 2
BONE 5 0.013723
BONE 9 0.986277

VERT 266
OFFSET 3.336062, -9.151017, -10.222395
BONES 2
BONE 5 0.060579
BONE 9 0.939421

VERT 267
OFFSET 0.852443, -10.027511, -9.098511
BONES 2
BONE 5 0.883903
BONE 9 0.116097

VERT 268
OFFSET 1.293558, -10.091292, -9.493052
BONES 2
BONE 5 0.835761
BONE 9 0.164239

VERT 269
OFFSET 2.217473, -10.438073, -10.151673
BONES 2
BONE 5 0.415706
BONE 9 0.584294

VERT 270
OFFSET 2.426784, -10.111052, -11.142129
BONES 2
BONE 5 0.049473
BONE 9 0.950527

VERT 271
OFFSET 2.893208, -10.440486, -11.227385
BONES 2
BONE 5 0.056110
BONE 9 0.943890

VERT 272
OFFSET 3.077483, -10.433689, -11.391457
BONES 2
BONE 5 0.050545
BONE 9 0.949455

VERT 273
OFFSET 2.960874, -10.103309, -11.640273
BONES 2
BONE 5 0.043549
BONE 9 0.956451

VERT 274
OFFSET 3.227901, -10.293287, -11.608260
BONES 2
BONE 5 0.052446
BONE 9 0.947554

VERT 275
OFFSET -0.159029, -10.699697, -9.887884
BONES 2
BONE 5 0.841472
BONE 9 0.158528

VERT 276
OFFSET -0.929856, -10.983300, -8.141336
BONES 1
BONE 5 1.000000

VERT 277
OFFSET 2.530203, -11.327895, -12.077675
BONES 2
BONE 5 0.164493
BONE 9 0.835507

VERT 278
OFFSET 2.761045, -11.235079, -12.298095
BONES 2
BONE 5 0.138346
BONE 9 0.861654

VERT 279
OFFSET 2.665103, -11.302537, -12.168748
BONES 2
BONE 5 0.153346
BONE 9 0.846654

VERT 280
OFFSET 2.770101, -11.213150, -12.007980
BONES 2
BONE 5 0.162972
BONE 9 0.837028

VERT 281
OFFSET 1.444882, -10.756990, -10.220374
BONES 2
BONE 5 0.685902
BONE 9 0.314098

VERT 282
OFFSET 1.916327, -10.402499, -9.720659
BONES 2
BONE 5 0.619528
BONE 9 0.380472

VERT 283
OFFSET 2.380694, -9.911881, -9.387912
BONES 2
BONE 5 0.659919
BONE 9 0.340081

VERT 284
