// Export filename: 'C:/cod5/cod/cod5/model_export/viewmodels/viewmodel_rus_sniper_player.XMODEL_EXPORT'
// Source filename: 'C:/cod5/cod/cod5/model_export/viewmodels/viewmodel_rus_sniper_player.ma'
// Export time: Thu Aug 14 09:38:14 2008
MODEL
VERSION 6

NUMBONES 61
BONE 0 -1 "TAG_ORIGIN"
BONE 1 0 "TAG_SYNC"
BONE 2 0 "tag_torso"
BONE 3 2 "J_Shoulder_LE"
BONE 4 2 "J_Shoulder_RI"
BONE 5 2 "tag_view"
BONE 6 2 "tag_weapon"
BONE 7 3 "J_Elbow_LE"
BONE 8 4 "J_Elbow_RI"
BONE 9 5 "tag_cambone"
BONE 10 5 "tag_player"
BONE 11 7 "J_Sleave_Reshape_Bottom_LE_1"
BONE 12 7 "J_Sleave_Reshape_Bottom_LE_2"
BONE 13 7 "J_Sleave_Reshape_Top_LE_1"
BONE 14 7 "J_Sleave_Reshape_Top_LE_2"
BONE 15 7 "J_Sleave_Reshape_Top_LE_3"
BONE 16 8 "J_Sleave_Reshape_Top_RI_1"
BONE 17 8 "J_Sleave_Reshape_Top_RI_2"
BONE 18 8 "J_Sleave_Reshape_Top_RI_3"
BONE 19 7 "J_Wrist_LE"
BONE 20 8 "J_Wrist_RI"
BONE 21 7 "J_WristTwist_LE"
BONE 22 8 "J_WristTwist_RI"
BONE 23 9 "tag_camera"
BONE 24 19 "J_Index_LE_0"
BONE 25 20 "J_Index_RI_0"
BONE 26 19 "J_Mid_LE_0"
BONE 27 20 "J_Mid_RI_0"
BONE 28 19 "J_PinkyPalm_LE"
BONE 29 20 "J_PinkyPalm_RI"
BONE 30 19 "J_RingPalm_LE"
BONE 31 20 "J_RingPalm_RI"
BONE 32 19 "J_Thumb_LE_0"
BONE 33 20 "J_Thumb_RI_0"
BONE 34 19 "J_Webbing_LE"
BONE 35 20 "J_Webbing_RI"
BONE 36 23 "tag_gasmask"
BONE 37 24 "J_Index_LE_1"
BONE 38 25 "J_Index_RI_1"
BONE 39 26 "J_Mid_LE_1"
BONE 40 27 "J_Mid_RI_1"
BONE 41 28 "J_Pinky_LE_0"
BONE 42 29 "J_Pinky_RI_0"
BONE 43 30 "J_Ring_LE_0"
BONE 44 31 "J_Ring_RI_0"
BONE 45 32 "J_Thumb_LE_1"
BONE 46 33 "J_Thumb_RI_1"
BONE 47 37 "J_Index_LE_2"
BONE 48 38 "J_Index_RI_2"
BONE 49 39 "J_Mid_LE_2"
BONE 50 40 "J_Mid_RI_2"
BONE 51 41 "J_Pinky_LE_1"
BONE 52 42 "J_Pinky_RI_1"
BONE 53 43 "J_Ring_LE_1"
BONE 54 44 "J_Ring_RI_1"
BONE 55 45 "J_Thumb_LE_2"
BONE 56 46 "J_Thumb_RI_2"
BONE 57 51 "J_Pinky_LE_2"
BONE 58 52 "J_Pinky_RI_2"
BONE 59 53 "J_Ring_LE_2"
BONE 60 54 "J_Ring_RI_2"

BONE 0
OFFSET 0.000000, 0.000000, 0.000000
SCALE 1.000000, 1.000000, 1.000000
X 1.000000, 0.000000, 0.000000
Y 0.000000, 1.000000, 0.000000
Z 0.000000, 0.000000, 1.000000

BONE 1
OFFSET 0.000000, 0.000000, 0.000000
SCALE 1.000000, 1.000000, 1.000000
X -1.000000, 0.000000, 0.000000
Y -0.000000, -1.000000, 0.000000
Z 0.000000, 0.000000, 1.000000

BONE 2
OFFSET -4.631834, 0.000000, 58.622833
SCALE 1.000000, 1.000000, 1.000000
X 1.000000, 0.000000, 0.000000
Y 0.000000, 1.000000, 0.000000
Z 0.000000, 0.000000, 1.000000

BONE 3
OFFSET -3.506030, 7.937290, 56.812878
SCALE 1.000000, 1.000000, 1.000000
X 0.472986, 0.011374, -0.880996
Y 0.446745, -0.864941, 0.228681
Z -0.759409, -0.501744, -0.414187

BONE 4
OFFSET -3.506032, -7.937284, 56.812881
SCALE 1.000000, 1.000000, 1.000000
X -0.472986, 0.011374, 0.880996
Y -0.446745, -0.864941, -0.228681
Z 0.759409, -0.501744, 0.414187

BONE 5
OFFSET 0.000000, 0.000000, 59.999790
SCALE 1.000000, 1.000000, 1.000000
X 1.000000, 0.000000, 0.000000
Y 0.000000, 1.000000, 0.000000
Z 0.000000, 0.000000, 1.000000

BONE 6
OFFSET 10.527968, 0.000000, 51.870113
SCALE 1.000000, 1.000000, 1.000000
X 1.000000, 0.000000, 0.000000
Y 0.000000, 1.000000, 0.000000
Z 0.000000, 0.000000, 1.000000

BONE 7
OFFSET 2.214219, 8.074842, 46.158195
SCALE 1.000000, 1.000000, 1.000000
X 0.999978, -0.002833, 0.005930
Y -0.005970, -0.014367, 0.999879
Z -0.002747, -0.999893, -0.014384

BONE 8
OFFSET 2.214221, -8.074842, 46.158215
SCALE 1.000000, 1.000000, 1.000000
X -0.999978, -0.002833, -0.005930
Y 0.005970, -0.014367, -0.999879
Z 0.002747, -0.999893, 0.014384

BONE 9
OFFSET 0.000000, 0.000000, 59.999790
SCALE 1.000000, 1.000000, 1.000000
X 1.000000, 0.000000, 0.000000
Y 0.000000, 1.000000, 0.000000
Z 0.000000, 0.000000, 1.000000

BONE 10
OFFSET 0.000000, 0.000000, 0.000000
SCALE 1.000000, 1.000000, 1.000000
X 1.000000, 0.000000, 0.000000
Y 0.000000, 1.000000, 0.000000
Z 0.000000, 0.000000, 1.000000

BONE 11
OFFSET 12.125037, 8.958635, 45.173817
SCALE 1.000000, 1.000000, 1.000000
X 1.000000, 0.000000, 0.000000
Y 0.000000, 1.000000, 0.000000
Z 0.000000, 0.000000, 1.000000

BONE 12
OFFSET 11.739065, 7.335669, 44.948719
SCALE 1.000000, 1.000000, 1.000000
X 1.000000, 0.000000, 0.000000
Y 0.000000, 1.000000, 0.000000
Z 0.000000, 0.000000, 1.000000

BONE 13
OFFSET 12.634503, 8.810233, 47.714413
SCALE 1.000000, 1.000000, 1.000000
X 1.000000, 0.000000, 0.000000
Y 0.000000, 1.000000, 0.000000
Z 0.000000, 0.000000, 1.000000

BONE 14
OFFSET 12.530005, 7.482795, 47.910583
SCALE 1.000000, 1.000000, 1.000000
X 1.000000, 0.000000, 0.000000
Y 0.000000, 1.000000, 0.000000
Z 0.000000, 0.000000, 1.000000

BONE 15
OFFSET 12.149994, 6.891432, 46.940243
SCALE 1.000000, 1.000000, 1.000000
X 1.000000, 0.000000, 0.000000
Y 0.000000, 1.000000, 0.000000
Z 0.000000, 0.000000, 1.000000

BONE 16
OFFSET 12.634488, -8.810236, 47.714397
SCALE 1.000000, 1.000000, 1.000000
X -1.000000, 0.000000, -0.000000
Y 0.000000, 1.000000, 0.000000
Z 0.000000, 0.000000, -1.000000

BONE 17
OFFSET 12.530000, -7.482795, 47.910576
SCALE 1.000000, 1.000000, 1.000000
X -1.000000, 0.000000, -0.000000
Y 0.000000, 1.000000, 0.000000
Z 0.000000, 0.000000, -1.000000

BONE 18
OFFSET 12.150000, -6.891418, 46.940224
SCALE 1.000000, 1.000000, 1.000000
X -1.000000, 0.000000, -0.000000
Y 0.000000, 1.000000, 0.000000
Z 0.000000, 0.000000, -1.000000

BONE 19
OFFSET 13.785073, 8.042067, 46.226818
SCALE 1.000000, 1.000000, 1.000000
X 0.996700, -0.023076, 0.077825
Y -0.077652, 0.008297, 0.996946
Z -0.023651, -0.999699, 0.006478

BONE 20
OFFSET 13.785079, -8.042048, 46.226837
SCALE 1.000000, 1.000000, 1.000000
X -0.996700, -0.023076, -0.077825
Y 0.077652, 0.008297, -0.996946
Z 0.023651, -0.999699, -0.006478

BONE 21
OFFSET 10.719465, 8.050750, 46.208637
SCALE 1.000000, 1.000000, 1.000000
X 0.999978, -0.002833, 0.005930
Y -0.005970, -0.014367, 0.999879
Z -0.002747, -0.999893, -0.014384

BONE 22
OFFSET 10.719449, -8.050748, 46.208649
SCALE 1.000000, 1.000000, 1.000000
X -0.999978, -0.002833, -0.005930
Y 0.005970, -0.014367, -0.999879
Z 0.002747, -0.999893, 0.014384

BONE 23
OFFSET 0.000000, 0.000000, 59.999790
SCALE 1.000000, 1.000000, 1.000000
X 1.000000, 0.000000, 0.000000
Y 0.000000, 1.000000, 0.000000
Z 0.000000, 0.000000, 1.000000

BONE 24
OFFSET 17.618980, 8.329933, 47.279575
SCALE 1.000000, 1.000000, 1.000000
X 0.770359, -0.621881, 0.140748
Y -0.611755, -0.783111, -0.111771
Z 0.179730, 0.000000, -0.983716

BONE 25
OFFSET 17.618977, -8.329922, 47.279591
SCALE 1.000000, 1.000000, 1.000000
X -0.770359, -0.621881, -0.140748
Y 0.611755, -0.783111, 0.111771
Z -0.179730, -0.000000, 0.983716

BONE 26
OFFSET 17.592691, 8.144073, 46.190903
SCALE 1.000000, 1.000000, 1.000000
X 0.786575, -0.616967, 0.025504
Y -0.616643, -0.786989, -0.019994
Z 0.032407, 0.000000, -0.999475

BONE 27
OFFSET 17.592678, -8.144055, 46.190891
SCALE 1.000000, 1.000000, 1.000000
X -0.786575, -0.616967, -0.025504
Y 0.616643, -0.786989, 0.019994
Z -0.032407, -0.000000, 0.999475

BONE 28
OFFSET 14.706850, 7.811601, 45.226501
SCALE 1.000000, 1.000000, 1.000000
X 0.860527, -0.066586, -0.505035
Y -0.090728, -0.995602, -0.023327
Z -0.501261, 0.065894, -0.862784

BONE 29
OFFSET 14.706850, -7.811614, 45.226482
SCALE 1.000000, 1.000000, 1.000000
X -0.860527, -0.066586, 0.505035
Y 0.090728, -0.995602, 0.023327
Z 0.501261, 0.065894, 0.862784

BONE 30
OFFSET 14.877762, 7.951642, 45.905254
SCALE 1.000000, 1.000000, 1.000000
X 0.972219, -0.030530, -0.232073
Y -0.040633, -0.998417, -0.038880
Z -0.230519, 0.047230, -0.971921

BONE 31
OFFSET 14.877756, -7.951653, 45.905262
SCALE 1.000000, 1.000000, 1.000000
X -0.972219, -0.030530, 0.232073
Y 0.040633, -0.998417, 0.038880
Z 0.230519, 0.047230, 0.971921

BONE 32
OFFSET 14.148777, 7.629210, 47.226578
SCALE 1.000000, 1.000000, 1.000000
X 0.614049, -0.475564, 0.629907
Y -0.500882, 0.381986, 0.776662
Z -0.609968, -0.792418, -0.003644

BONE 33
OFFSET 14.148780, -7.629212, 47.226563
SCALE 1.000000, 1.000000, 1.000000
X -0.614049, -0.475564, -0.629907
Y 0.500882, 0.381986, -0.776662
Z 0.609968, -0.792418, 0.003644

BONE 34
OFFSET 16.721630, 7.448270, 48.053139
SCALE 1.000000, 1.000000, 1.000000
X 0.946229, -0.301294, -0.117786
Y 0.309193, 0.949386, 0.055376
Z 0.095139, -0.088817, 0.991494

BONE 35
OFFSET 9.583885, -8.680950, 46.742489
SCALE 1.000000, 1.000000, 1.000000
X -0.946229, -0.301294, 0.117786
Y -0.309193, 0.949386, -0.055376
Z -0.095139, -0.088817, -0.991494

BONE 36
OFFSET 1.540442, 0.000000, 64.135536
SCALE 1.000000, 1.000000, 1.000000
X 1.000000, 0.000000, 0.000000
Y 0.000000, 1.000000, 0.000000
Z 0.000000, 0.000000, 1.000000

BONE 37
OFFSET 18.975315, 7.235017, 47.527382
SCALE 1.000000, 1.000000, 1.000000
X 0.426042, -0.903354, 0.049392
Y -0.880239, -0.426513, -0.208005
Z 0.208969, 0.045142, -0.976880

BONE 38
OFFSET 18.975315, -7.235000, 47.527390
SCALE 1.000000, 1.000000, 1.000000
X -0.426042, -0.903354, -0.049392
Y 0.880239, -0.426513, 0.208005
Z -0.208969, 0.045142, 0.976880

BONE 39
OFFSET 19.129311, 6.938792, 46.240723
SCALE 1.000000, 1.000000, 1.000000
X 0.028169, -0.999543, -0.010950
Y -0.999561, -0.028267, 0.008848
Z -0.009153, 0.010696, -0.999901

BONE 40
OFFSET 19.129292, -6.938779, 46.240734
SCALE 1.000000, 1.000000, 1.000000
X -0.028169, -0.999543, 0.010950
Y 0.999561, -0.028267, -0.008848
Z 0.009153, 0.010696, 0.999901

BONE 41
OFFSET 16.702198, 7.530317, 44.214565
SCALE 1.000000, 1.000000, 1.000000
X 0.856282, -0.436541, -0.276069
Y -0.415481, -0.899684, 0.133953
Z -0.306851, 0.000000, -0.951758

BONE 42
OFFSET 16.702206, -7.530315, 44.214554
SCALE 1.000000, 1.000000, 1.000000
X -0.856282, -0.436541, 0.276069
Y 0.415481, -0.899684, -0.133953
Z 0.306851, -0.000000, 0.951758

BONE 43
OFFSET 17.367678, 7.901457, 45.159435
SCALE 1.000000, 1.000000, 1.000000
X 0.831745, -0.508839, -0.221999
Y -0.491628, -0.860862, 0.131219
Z -0.257880, 0.000000, -0.966177

BONE 44
OFFSET 17.367678, -7.901457, 45.159435
SCALE 1.000000, 1.000000, 1.000000
X -0.831745, -0.508839, 0.221999
Y 0.491628, -0.860862, -0.131219
Z 0.257880, -0.000000, 0.966177

BONE 45
OFFSET 15.389911, 6.597012, 48.663181
SCALE 1.000000, 1.000000, 1.000000
X 0.914596, -0.402924, 0.034161
Y -0.078983, -0.095150, 0.992325
Z -0.396581, -0.910274, -0.118848

BONE 46
OFFSET 15.389921, -6.597008, 48.663174
SCALE 1.000000, 1.000000, 1.000000
X -0.914596, -0.402924, -0.034161
Y 0.078983, -0.095150, -0.992325
Z 0.396581, -0.910274, 0.118848

BONE 47
OFFSET 19.480556, 6.134072, 47.646774
SCALE 1.000000, 1.000000, 1.000000
X 0.139847, -0.988437, 0.058612
Y -0.965352, -0.149273, -0.214039
Z 0.220313, -0.026648, -0.975065

BONE 48
OFFSET 19.480551, -6.134055, 47.646759
SCALE 1.000000, 1.000000, 1.000000
X -0.139847, -0.988437, -0.058612
Y 0.965352, -0.149273, 0.214039
Z -0.220313, -0.026648, 0.975065

BONE 49
OFFSET 19.170456, 5.478823, 46.224731
SCALE 1.000000, 1.000000, 1.000000
X -0.530249, -0.847838, 0.002716
Y -0.845552, 0.529049, 0.071753
Z -0.062271, 0.035750, -0.997419

BONE 50
OFFSET 19.170473, -5.478819, 46.224712
SCALE 1.000000, 1.000000, 1.000000
X 0.530249, -0.847838, -0.002716
Y 0.845552, 0.529049, -0.071753
Z 0.062271, 0.035750, 0.997419

BONE 51
OFFSET 17.914511, 6.912269, 43.823708
SCALE 1.000000, 1.000000, 1.000000
X 0.129509, -0.990999, -0.033881
Y -0.958733, -0.133868, 0.250818
Z -0.253096, 0.000000, -0.967441

BONE 52
OFFSET 17.914528, -6.912283, 43.823727
SCALE 1.000000, 1.000000, 1.000000
X -0.129509, -0.990999, 0.033881
Y 0.958733, -0.133868, -0.250818
Z 0.253096, -0.000000, 0.967441

BONE 53
OFFSET 18.783724, 7.035159, 44.781483
SCALE 1.000000, 1.000000, 1.000000
X 0.018696, -0.999823, 0.001993
Y -0.972646, -0.017726, 0.231616
Z -0.231540, -0.006269, -0.972805

BONE 54
OFFSET 18.783741, -7.035158, 44.781483
SCALE 1.000000, 1.000000, 1.000000
X -0.018696, -0.999823, -0.001993
Y 0.972646, -0.017726, -0.231616
Z 0.231540, -0.006269, 0.972805

BONE 55
OFFSET 16.826696, 5.850290, 48.645824
SCALE 1.000000, 1.000000, 1.000000
X 0.780284, -0.439636, -0.444835
Y 0.353937, -0.276002, 0.893617
Z -0.515641, -0.854718, -0.059757

BONE 56
OFFSET 16.826693, -5.850276, 48.645813
SCALE 1.000000, 1.000000, 1.000000
X -0.780284, -0.439636, 0.444835
Y -0.353937, -0.276002, -0.893617
Z 0.515641, -0.854718, 0.059757

BONE 57
OFFSET 18.029337, 6.033617, 43.793671
SCALE 1.000000, 1.000000, 1.000000
X -0.508594, -0.843981, 0.170374
Y -0.800272, 0.536372, 0.268083
Z -0.317641, -0.000000, -0.948211

BONE 58
OFFSET 18.029331, -6.033622, 43.793686
SCALE 1.000000, 1.000000, 1.000000
X 0.508594, -0.843981, -0.170374
Y 0.800272, 0.536372, -0.268083
Z 0.317641, -0.000000, 0.948211

BONE 59
OFFSET 18.809635, 5.649475, 44.784245
SCALE 1.000000, 1.000000, 1.000000
X -0.560939, -0.817051, 0.133323
Y -0.794907, 0.576565, 0.188932
Z -0.231237, 0.000000, -0.972898

BONE 60
OFFSET 18.809647, -5.649488, 44.784237
SCALE 1.000000, 1.000000, 1.000000
X 0.560939, -0.817051, -0.133323
Y 0.794907, 0.576565, -0.188932
Z 0.231237, 0.000000, 0.972898

NUMVERTS 5016
VERT 0
OFFSET 9.694003, -7.442395, 48.211636
BONES 6
BONE 4 0.001073
BONE 8 0.668945
BONE 22 0.035090
BONE 18 0.074886
BONE 17 0.217572
BONE 16 0.002433

VERT 1
OFFSET 9.624819, -6.632794, 47.732296
BONES 6
BONE 4 0.000863
BONE 8 0.662289
BONE 22 0.037143
BONE 18 0.165637
BONE 17 0.133706
BONE 16 0.000362

VERT 2
OFFSET 9.353806, -6.487401, 47.820343
BONES 6
BONE 4 0.001054
BONE 8 0.698165
BONE 22 0.038144
BONE 18 0.158973
BONE 17 0.103531
BONE 16 0.000133

VERT 3
OFFSET 9.532482, -7.355155, 48.396206
BONES 6
BONE 4 0.001145
BONE 8 0.685545
BONE 22 0.035724
BONE 18 0.074343
BONE 17 0.201093
BONE 16 0.002150

VERT 4
OFFSET 0.382571, -5.518878, 50.094337
BONES 2
BONE 4 0.972967
BONE 8 0.027033

VERT 5
OFFSET 0.263574, -5.980588, 48.429413
BONES 2
BONE 4 0.907582
BONE 8 0.092418

VERT 6
OFFSET -0.375164, -4.804596, 47.858723
BONES 2
BONE 4 0.839669
BONE 8 0.160331

VERT 7
OFFSET -0.848871, -4.659561, 49.360794
BONES 2
BONE 4 0.961634
BONE 8 0.038366

VERT 8
OFFSET -1.928025, -4.519601, 53.652603
BONES 2
BONE 4 0.999892
BONE 8 0.000108

VERT 9
OFFSET -0.167548, -4.818930, 53.947876
BONES 1
BONE 4 1.000000

VERT 10
OFFSET 0.272556, -5.155162, 52.049603
BONES 2
BONE 4 0.989223
BONE 8 0.010777

VERT 11
OFFSET -1.534842, -4.534445, 51.111160
BONES 2
BONE 4 0.995978
BONE 8 0.004022

VERT 12
OFFSET -2.189471, -3.901800, 54.896759
BONES 1
BONE 4 1.000000

VERT 13
OFFSET -0.894026, -4.370048, 55.864616
BONES 1
BONE 4 1.000000

VERT 14
OFFSET 12.228338, -8.062156, 48.245136
BONES 6
BONE 4 0.000003
BONE 8 0.447681
BONE 22 0.011015
BONE 18 0.001352
BONE 17 0.428880
BONE 16 0.111069

VERT 15
OFFSET 12.162810, -7.366538, 48.256382
BONES 5
BONE 8 0.413503
BONE 22 0.014065
BONE 18 0.019104
BONE 17 0.534109
BONE 16 0.019220

VERT 16
OFFSET 10.668302, -7.414718, 48.281597
BONES 6
BONE 4 0.000496
BONE 8 0.545511
BONE 22 0.029185
BONE 18 0.068931
BONE 17 0.350997
BONE 16 0.004880

VERT 17
OFFSET 10.757930, -8.136133, 48.301838
BONES 6
BONE 4 0.000760
BONE 8 0.600159
BONE 22 0.026308
BONE 18 0.007183
BONE 17 0.301087
BONE 16 0.064502

VERT 18
OFFSET 1.538639, -8.204068, 50.014297
BONES 2
BONE 4 0.978982
BONE 8 0.021018

VERT 19
OFFSET 1.356700, -7.091332, 51.299683
BONES 2
BONE 4 0.960527
BONE 8 0.039473

VERT 20
OFFSET 1.588786, -8.265368, 51.650513
BONES 2
BONE 4 0.937288
BONE 8 0.062712

VERT 21
OFFSET 0.511576, -6.060557, 52.316956
BONES 2
BONE 4 0.974135
BONE 8 0.025865

VERT 22
OFFSET 0.379729, -6.942662, 53.146809
BONES 2
BONE 4 0.999922
BONE 8 0.000078

VERT 23
OFFSET 0.915294, -7.151461, 52.507519
BONES 2
BONE 4 0.987666
BONE 8 0.012334

VERT 24
OFFSET 0.234215, -5.401369, 54.536552
BONES 2
BONE 4 1.000000
BONE 8 0.000000

VERT 25
OFFSET -0.572573, -5.197263, 56.263428
BONES 1
BONE 4 1.000000

VERT 26
OFFSET -0.255819, -6.239380, 56.959133
BONES 1
BONE 4 1.000000

VERT 27
OFFSET 0.174888, -6.551130, 54.913582
BONES 2
BONE 4 0.999961
BONE 8 0.000039

VERT 28
OFFSET -0.158167, -8.611398, 58.183117
BONES 2
BONE 4 1.000000
BONE 8 0.000000

VERT 29
OFFSET -0.999542, -9.970550, 58.637775
BONES 1
BONE 4 1.000000

VERT 30
OFFSET -0.313133, -10.353716, 55.534409
BONES 2
BONE 4 0.996461
BONE 8 0.003539

VERT 31
OFFSET 0.239885, -9.098297, 55.392776
BONES 2
BONE 4 0.999987
BONE 8 0.000013

VERT 32
OFFSET -0.078017, -10.243940, 53.188015
BONES 2
BONE 4 0.993591
BONE 8 0.006409

VERT 33
OFFSET 0.642747, -9.132948, 53.198704
BONES 2
BONE 4 0.999677
BONE 8 0.000323

VERT 34
OFFSET 0.617941, -9.130284, 54.154293
BONES 2
BONE 4 0.999981
BONE 8 0.000020

VERT 35
OFFSET 0.440083, -10.120867, 51.411945
BONES 2
BONE 4 0.993314
BONE 8 0.006686

VERT 36
OFFSET 1.033392, -10.247879, 49.867428
BONES 2
BONE 4 0.952900
BONE 8 0.047100

VERT 37
OFFSET 2.048418, -9.832765, 49.976406
BONES 2
BONE 4 0.885511
BONE 8 0.114489

VERT 38
OFFSET 1.501256, -9.438694, 51.609077
BONES 2
BONE 4 0.954246
BONE 8 0.045754

VERT 39
OFFSET 9.974231, -9.220733, 47.773071
BONES 5
BONE 4 0.004704
BONE 8 0.795985
BONE 22 0.035402
BONE 17 0.030487
BONE 16 0.133422

VERT 40
OFFSET 9.944432, -9.545781, 47.358505
BONES 5
BONE 4 0.005196
BONE 8 0.803849
BONE 22 0.034861
BONE 17 0.005900
BONE 16 0.150195

VERT 41
OFFSET 10.924541, -9.433131, 47.337334
BONES 6
BONE 4 0.002385
BONE 8 0.641145
BONE 22 0.025752
BONE 18 0.000105
BONE 17 0.013778
BONE 16 0.316835

VERT 42
OFFSET 10.890021, -9.130716, 47.747089
BONES 6
BONE 4 0.002290
BONE 8 0.651435
BONE 22 0.025592
BONE 18 0.000082
BONE 17 0.062581
BONE 16 0.258021

VERT 43
OFFSET 11.800295, -9.635053, 45.832989
BONES 6
BONE 4 0.001072
BONE 8 0.530517
BONE 22 0.013143
BONE 18 0.000031
BONE 17 0.000087
BONE 16 0.455149

VERT 44
OFFSET 10.971446, -9.656702, 46.545673
BONES 6
BONE 4 0.001942
BONE 8 0.616696
BONE 22 0.020886
BONE 18 0.000056
BONE 17 0.000223
BONE 16 0.360197

VERT 45
OFFSET 10.994740, -9.620581, 45.839607
BONES 6
BONE 4 0.002335
BONE 8 0.634064
BONE 22 0.018805
BONE 18 0.000014
BONE 17 0.000056
BONE 16 0.344726

VERT 46
OFFSET 9.426286, -9.817729, 44.474567
BONES 4
BONE 4 0.011494
BONE 8 0.899941
BONE 22 0.033968
BONE 16 0.054597

VERT 47
OFFSET 9.774193, -9.404924, 44.156078
BONES 4
BONE 4 0.012945
BONE 8 0.899141
BONE 22 0.036790
BONE 16 0.051124

VERT 48
OFFSET 9.932530, -9.729234, 45.124817
BONES 4
BONE 4 0.006784
BONE 8 0.822355
BONE 22 0.027775
BONE 16 0.143087

VERT 49
OFFSET 9.418121, -10.157133, 45.492016
BONES 5
BONE 4 0.006701
BONE 8 0.874272
BONE 22 0.028752
BONE 17 0.000006
BONE 16 0.090269

VERT 50
OFFSET -0.535398, -10.389591, 51.233727
BONES 2
BONE 4 0.983891
BONE 8 0.016109

VERT 51
OFFSET -0.082437, -10.351486, 49.461338
BONES 2
BONE 4 0.907979
BONE 8 0.092021

VERT 52
OFFSET -1.700387, -10.756847, 55.266090
BONES 2
BONE 4 0.994782
BONE 8 0.005218

VERT 53
OFFSET -1.029305, -10.667376, 53.069916
BONES 1
BONE 4 1.000000

VERT 54
OFFSET -2.078178, -10.641177, 58.358418
BONES 2
BONE 4 0.999782
BONE 8 0.000218

VERT 55
OFFSET 9.522099, -9.042088, 44.393345
BONES 4
BONE 4 0.015100
BONE 8 0.914319
BONE 22 0.039231
BONE 16 0.031349

VERT 56
OFFSET 10.875419, -8.734727, 44.574799
BONES 4
BONE 4 0.008341
BONE 8 0.906844
BONE 22 0.038342
BONE 16 0.046472

VERT 57
OFFSET 10.928158, -9.015471, 44.277416
BONES 4
BONE 4 0.008295
BONE 8 0.891506
BONE 22 0.036818
BONE 16 0.063381

VERT 58
OFFSET 12.144617, -6.810115, 44.524372
BONES 5
BONE 4 0.000237
BONE 8 0.817631
BONE 22 0.044365
BONE 18 0.137602
BONE 16 0.000164

VERT 59
OFFSET 12.239322, -7.669820, 44.284351
BONES 5
BONE 4 0.001262
BONE 8 0.916430
BONE 22 0.043691
BONE 18 0.035216
BONE 16 0.003400

VERT 60
OFFSET 10.776073, -7.874937, 44.115093
BONES 5
BONE 4 0.007375
BONE 8 0.928220
BONE 22 0.043042
BONE 18 0.018014
BONE 16 0.003349

VERT 61
OFFSET 10.624434, -6.859215, 44.333607
BONES 5
BONE 4 0.004099
BONE 8 0.865650
BONE 22 0.042274
BONE 18 0.087697
BONE 16 0.000280

VERT 62
OFFSET 9.655602, -6.352443, 44.715878
BONES 4
BONE 4 0.005028
BONE 8 0.832274
BONE 22 0.039036
BONE 18 0.123662

VERT 63
OFFSET 9.559238, -5.997723, 45.586449
BONES 5
BONE 4 0.002451
BONE 8 0.765666
BONE 22 0.038160
BONE 18 0.190418
BONE 17 0.003304

VERT 64
OFFSET 10.496840, -6.064548, 45.681988
BONES 5
BONE 4 0.000828
BONE 8 0.681262
BONE 22 0.042989
BONE 18 0.267330
BONE 17 0.007591

VERT 65
OFFSET 10.547031, -6.356039, 44.891064
BONES 4
BONE 4 0.002057
BONE 8 0.777226
BONE 22 0.042964
BONE 18 0.177753

VERT 66
OFFSET 8.698428, -10.265073, 45.165527
BONES 4
BONE 4 0.010225
BONE 8 0.946481
BONE 22 0.028519
BONE 16 0.014776

VERT 67
OFFSET 8.646001, -10.137666, 44.631897
BONES 4
BONE 4 0.012984
BONE 8 0.945769
BONE 22 0.029828
BONE 16 0.011419

VERT 68
OFFSET 9.064440, -10.227212, 44.885254
BONES 4
BONE 4 0.009132
BONE 8 0.927317
BONE 22 0.031942
BONE 16 0.031609

VERT 69
OFFSET -3.210373, -6.081912, 49.198574
BONES 2
BONE 4 0.996143
BONE 8 0.003857

VERT 70
OFFSET -2.206092, -5.125938, 49.069115
BONES 2
BONE 4 0.980268
BONE 8 0.019732

VERT 71
OFFSET -1.722369, -5.306902, 47.744484
BONES 2
BONE 4 0.950980
BONE 8 0.049020

VERT 72
OFFSET -2.571769, -6.346422, 47.664185
BONES 2
BONE 4 0.971061
BONE 8 0.028939

VERT 73
OFFSET -3.123301, -7.838466, 47.797729
BONES 2
BONE 4 0.968463
BONE 8 0.031537

VERT 74
OFFSET -2.689057, -9.955902, 47.802906
BONES 1
BONE 4 1.000000

VERT 75
OFFSET -3.382889, -9.836160, 49.603889
BONES 2
BONE 4 0.985646
BONE 8 0.014354

VERT 76
OFFSET -3.773600, -7.749953, 49.196949
BONES 2
BONE 4 0.996792
BONE 8 0.003208

VERT 77
OFFSET -1.790114, -10.503244, 50.984901
BONES 2
BONE 4 0.999174
BONE 8 0.000826

VERT 78
OFFSET -1.451353, -10.070610, 48.663429
BONES 2
BONE 4 0.994991
BONE 8 0.005009

VERT 79
OFFSET -4.825747, -5.524415, 53.047401
BONES 2
BONE 4 0.999252
BONE 8 0.000748

VERT 80
OFFSET -3.286880, -4.943112, 53.313454
BONES 2
BONE 4 0.999212
BONE 8 0.000788

VERT 81
OFFSET -2.936741, -5.069617, 50.920879
BONES 2
BONE 4 0.995872
BONE 8 0.004128

VERT 82
OFFSET -3.889610, -5.920236, 50.849525
BONES 2
BONE 4 0.995674
BONE 8 0.004326

VERT 83
OFFSET -5.303932, -9.098055, 54.263062
BONES 2
BONE 4 0.998129
BONE 8 0.001871

VERT 84
OFFSET -5.865176, -7.352607, 53.507656
BONES 2
BONE 4 0.999176
BONE 8 0.000824

VERT 85
OFFSET -4.638647, -7.425760, 51.040936
BONES 2
BONE 4 0.995743
BONE 8 0.004257

VERT 86
OFFSET -4.571783, -9.103101, 51.564781
BONES 2
BONE 4 0.996033
BONE 8 0.003967

VERT 87
OFFSET -2.925975, -10.679462, 55.201271
BONES 2
BONE 4 0.994917
BONE 8 0.005083

VERT 88
OFFSET -4.336445, -10.212751, 54.640457
BONES 2
BONE 4 0.996838
BONE 8 0.003162

VERT 89
OFFSET -3.943353, -10.118045, 51.801334
BONES 2
BONE 4 0.995474
BONE 8 0.004526

VERT 90
OFFSET -2.305721, -10.615897, 52.786793
BONES 1
BONE 4 1.000000

VERT 91
OFFSET -5.396037, -9.412185, 56.995960
BONES 2
BONE 4 0.999766
BONE 8 0.000234

VERT 92
OFFSET -6.563523, -7.262669, 55.723167
BONES 2
BONE 4 0.999965
BONE 8 0.000035

VERT 93
OFFSET -3.355636, -10.677111, 58.055939
BONES 2
BONE 4 0.999836
BONE 8 0.000164

VERT 94
OFFSET -4.518697, -10.203218, 57.465652
BONES 2
BONE 4 0.999521
BONE 8 0.000479

VERT 95
OFFSET -5.331038, -5.433408, 55.113163
BONES 2
BONE 4 0.999510
BONE 8 0.000490

VERT 96
OFFSET -3.711186, -4.408690, 54.752682
BONES 2
BONE 4 0.999654
BONE 8 0.000346

VERT 97
OFFSET 9.556356, -9.209814, 48.146927
BONES 5
BONE 4 0.005584
BONE 8 0.853194
BONE 22 0.038922
BONE 17 0.037165
BONE 16 0.065135

VERT 98
OFFSET 9.462456, -9.404663, 47.678596
BONES 5
BONE 4 0.006422
BONE 8 0.874441
BONE 22 0.039261
BONE 17 0.005815
BONE 16 0.074061

VERT 99
OFFSET 9.905264, -8.643186, 48.239861
BONES 6
BONE 4 0.003526
BONE 8 0.772847
BONE 22 0.034764
BONE 18 0.000135
BONE 17 0.120333
BONE 16 0.068395

VERT 100
OFFSET 9.441819, -8.564652, 48.188908
BONES 6
BONE 4 0.004188
BONE 8 0.828823
BONE 22 0.038987
BONE 18 0.000341
BONE 17 0.106250
BONE 16 0.021411

VERT 101
OFFSET 9.084739, -9.213890, 48.387936
BONES 5
BONE 4 0.006737
BONE 8 0.919693
BONE 22 0.042945
BONE 17 0.029324
BONE 16 0.001302

VERT 102
OFFSET 8.984880, -9.317519, 47.889023
BONES 5
BONE 4 0.007454
BONE 8 0.940054
BONE 22 0.043949
BONE 17 0.005462
BONE 16 0.003081

VERT 103
OFFSET 10.571155, -6.614371, 47.724216
BONES 6
BONE 4 0.000341
BONE 8 0.521388
BONE 22 0.034614
BONE 18 0.212664
BONE 17 0.229192
BONE 16 0.001802

VERT 104
OFFSET 12.090315, -6.502439, 47.620903
BONES 6
BONE 4 0.000002
BONE 8 0.381299
BONE 22 0.033921
BONE 18 0.238724
BONE 17 0.335518
BONE 16 0.010536

VERT 105
OFFSET 12.062947, -6.186319, 47.176659
BONES 6
BONE 4 0.000009
BONE 8 0.448439
BONE 22 0.037819
BONE 18 0.341052
BONE 17 0.171507
BONE 16 0.001174

VERT 106
OFFSET 10.494597, -5.995232, 46.684059
BONES 5
BONE 4 0.000493
BONE 8 0.587949
BONE 22 0.039849
BONE 18 0.315465
BONE 17 0.056244

VERT 107
OFFSET 9.453862, -9.755421, 47.321712
BONES 5
BONE 4 0.006747
BONE 8 0.876132
BONE 22 0.037574
BONE 17 0.001767
BONE 16 0.077781

VERT 108
OFFSET 12.119592, -6.819904, 47.978107
BONES 6
BONE 4 0.000000
BONE 8 0.367226
BONE 22 0.028377
BONE 18 0.115696
BONE 17 0.476064
BONE 16 0.012638

VERT 109
OFFSET 12.279217, -8.582495, 48.193653
BONES 6
BONE 4 0.000003
BONE 8 0.470239
BONE 22 0.009370
BONE 18 0.000808
BONE 17 0.274651
BONE 16 0.244929

VERT 110
OFFSET 10.813976, -8.608484, 48.181034
BONES 6
BONE 4 0.001611
BONE 8 0.639785
BONE 22 0.025710
BONE 18 0.000061
BONE 17 0.193928
BONE 16 0.138905

VERT 111
OFFSET 9.901163, -8.189742, 48.286888
BONES 6
BONE 4 0.001600
BONE 8 0.705458
BONE 22 0.033926
BONE 18 0.010029
BONE 17 0.218998
BONE 16 0.029989

VERT 112
OFFSET 9.803441, -8.216997, 48.376671
BONES 6
BONE 4 0.002108
BONE 8 0.737516
BONE 22 0.035055
BONE 18 0.000718
BONE 17 0.191897
BONE 16 0.032706

VERT 113
OFFSET 12.338549, -9.135930, 47.852661
BONES 6
BONE 4 0.000020
BONE 8 0.451603
BONE 22 0.007543
BONE 18 0.000545
BONE 17 0.087480
BONE 16 0.452809

VERT 114
OFFSET 9.484045, -6.008479, 46.648010
BONES 5
BONE 4 0.001414
BONE 8 0.727358
BONE 22 0.040033
BONE 18 0.209252
BONE 17 0.021944

VERT 115
OFFSET 8.842520, -6.211638, 46.363369
BONES 5
BONE 4 0.003173
BONE 8 0.797931
BONE 22 0.038700
BONE 18 0.153244
BONE 17 0.006952

VERT 116
OFFSET 8.959707, -6.580045, 47.707352
BONES 6
BONE 4 0.001373
BONE 8 0.748917
BONE 22 0.039357
BONE 18 0.128133
BONE 17 0.082181
BONE 16 0.000039

VERT 117
OFFSET 8.931785, -9.967340, 47.522652
BONES 4
BONE 4 0.008537
BONE 8 0.948764
BONE 22 0.040091
BONE 16 0.002608

VERT 118
OFFSET 9.906511, -9.741760, 46.259747
BONES 5
BONE 4 0.004270
BONE 8 0.782843
BONE 22 0.026420
BONE 17 0.000052
BONE 16 0.186415

VERT 119
OFFSET 9.908534, -9.780229, 46.512005
BONES 5
BONE 4 0.004576
BONE 8 0.789732
BONE 22 0.028534
BONE 17 0.000078
BONE 16 0.177079

VERT 120
OFFSET 9.460229, -10.158837, 46.772415
BONES 5
BONE 4 0.006217
BONE 8 0.869146
BONE 22 0.032693
BONE 17 0.000050
BONE 16 0.091894

VERT 121
OFFSET 9.395572, -10.025303, 46.606983
BONES 5
BONE 4 0.006173
BONE 8 0.874076
BONE 22 0.031861
BONE 17 0.000040
BONE 16 0.087850

VERT 122
OFFSET 8.980608, -10.312474, 46.799339
BONES 5
BONE 4 0.007659
BONE 8 0.944672
BONE 22 0.035366
BONE 17 0.000002
BONE 16 0.012302

VERT 123
OFFSET 8.647790, -10.261889, 46.574997
BONES 4
BONE 4 0.009371
BONE 8 0.950894
BONE 22 0.030482
BONE 16 0.009254

VERT 124
OFFSET 12.365072, -9.430926, 47.384270
BONES 6
BONE 4 0.000088
BONE 8 0.412716
BONE 22 0.008350
BONE 18 0.000827
BONE 17 0.019541
BONE 16 0.558477

VERT 125
OFFSET 12.420119, -9.622804, 46.587273
BONES 6
BONE 4 0.000282
BONE 8 0.417720
BONE 22 0.009270
BONE 18 0.000312
BONE 17 0.000565
BONE 16 0.571850

VERT 126
OFFSET 0.857526, -6.327097, 50.613064
BONES 2
BONE 4 0.953645
BONE 8 0.046355

VERT 127
OFFSET -2.528176, -10.097895, 50.031559
BONES 1
BONE 4 1.000000

VERT 128
OFFSET 1.079659, -8.196335, 53.178291
BONES 2
BONE 4 0.998170
BONE 8 0.001830

VERT 129
OFFSET 0.136955, -7.795856, 55.227692
BONES 2
BONE 4 0.999967
BONE 8 0.000033

VERT 130
OFFSET -0.064956, -7.575131, 57.710442
BONES 1
BONE 4 1.000000

VERT 131
OFFSET 0.276785, -7.906794, 54.219784
BONES 2
BONE 4 0.999950
BONE 8 0.000050

VERT 132
OFFSET 0.797301, -6.861193, 49.179214
BONES 1
BONE 4 1.000000

VERT 133
OFFSET 12.047835, -6.032082, 46.126896
BONES 6
BONE 4 0.000006
BONE 8 0.577306
BONE 22 0.046761
BONE 18 0.361524
BONE 17 0.014403
BONE 16 0.000001

VERT 134
OFFSET 12.053403, -5.980622, 46.599995
BONES 6
BONE 4 0.000017
BONE 8 0.509720
BONE 22 0.040984
BONE 18 0.385922
BONE 17 0.063337
BONE 16 0.000020

VERT 135
OFFSET 12.091640, -6.305126, 45.029922
BONES 5
BONE 4 0.000029
BONE 8 0.698152
BONE 22 0.047612
BONE 18 0.253553
BONE 16 0.000655

VERT 136
OFFSET 9.234766, -8.990298, 44.239712
BONES 4
BONE 4 0.017163
BONE 8 0.923694
BONE 22 0.040461
BONE 16 0.018682

VERT 137
OFFSET 9.114525, -7.989144, 44.021496
BONES 5
BONE 4 0.018795
BONE 8 0.929448
BONE 22 0.044167
BONE 18 0.006343
BONE 16 0.001247

VERT 138
OFFSET 9.688517, -7.962424, 44.044521
BONES 5
BONE 4 0.014525
BONE 8 0.930222
BONE 22 0.043696
BONE 18 0.009488
BONE 16 0.002069

VERT 139
OFFSET 8.558678, -8.868605, 44.003223
BONES 4
BONE 4 0.022459
BONE 8 0.936209
BONE 22 0.038818
BONE 16 0.002513

VERT 140
OFFSET 8.458143, -8.229855, 43.892254
BONES 5
BONE 4 0.023866
BONE 8 0.932141
BONE 22 0.040886
BONE 18 0.002418
BONE 16 0.000688

VERT 141
OFFSET 9.257714, -9.257701, 44.386063
BONES 4
BONE 4 0.015310
BONE 8 0.919375
BONE 22 0.038233
BONE 16 0.027082

VERT 142
OFFSET 11.889452, -8.603857, 44.538315
BONES 4
BONE 4 0.003712
BONE 8 0.921596
BONE 22 0.036796
BONE 16 0.037896

VERT 143
OFFSET 11.866656, -8.771857, 44.389328
BONES 4
BONE 4 0.004007
BONE 8 0.910198
BONE 22 0.036043
BONE 16 0.049751

VERT 144
OFFSET 9.749309, -7.195601, 43.984791
BONES 5
BONE 4 0.010415
BONE 8 0.906815
BONE 22 0.042260
BONE 18 0.039942
BONE 16 0.000568

VERT 145
OFFSET 9.744023, -6.888236, 44.161209
BONES 5
BONE 4 0.008329
BONE 8 0.888302
BONE 22 0.041446
BONE 18 0.061671
BONE 16 0.000253

VERT 146
OFFSET 12.043367, -6.090581, 45.753239
BONES 6
BONE 4 0.000012
BONE 8 0.598247
BONE 22 0.047432
BONE 18 0.343136
BONE 17 0.010511
BONE 16 0.000663

VERT 147
OFFSET 10.030906, -8.651650, 48.193951
BONES 6
BONE 4 0.003275
BONE 8 0.755650
BONE 22 0.033592
BONE 18 0.000110
BONE 17 0.126885
BONE 16 0.080488

VERT 148
OFFSET 13.596576, -8.806679, 44.927944
BONES 3
BONE 8 0.859644
BONE 22 0.020049
BONE 16 0.120307

VERT 149
OFFSET 13.281637, -8.726011, 44.698166
BONES 4
BONE 4 0.000183
BONE 8 0.941813
BONE 22 0.026317
BONE 16 0.031687

VERT 150
OFFSET 13.636792, -8.315876, 44.603645
BONES 4
BONE 8 0.949785
BONE 22 0.031658
BONE 18 0.001431
BONE 16 0.017127

VERT 151
OFFSET 13.466102, -8.886788, 44.920124
BONES 5
BONE 4 0.000008
BONE 8 0.844031
BONE 22 0.019628
BONE 18 0.000508
BONE 16 0.135825

VERT 152
OFFSET 13.510344, -9.370727, 45.916363
BONES 5
BONE 4 0.000024
BONE 8 0.386727
BONE 22 0.004909
BONE 18 0.001561
BONE 16 0.606779

VERT 153
OFFSET 13.671274, -9.591147, 46.618420
BONES 6
BONE 4 0.000003
BONE 8 0.317648
BONE 22 0.003706
BONE 18 0.000684
BONE 17 0.000609
BONE 16 0.677350

VERT 154
OFFSET 13.507676, -9.479293, 45.891090
BONES 5
BONE 4 0.000019
BONE 8 0.383949
BONE 22 0.004654
BONE 18 0.001231
BONE 16 0.610147

VERT 155
OFFSET 13.628141, -9.487064, 47.417442
BONES 5
BONE 8 0.316554
BONE 22 0.003014
BONE 18 0.002061
BONE 17 0.011338
BONE 16 0.667032

VERT 156
OFFSET 13.622448, -9.643422, 46.643002
BONES 5
BONE 8 0.314332
BONE 22 0.003545
BONE 18 0.000557
BONE 17 0.000741
BONE 16 0.680825

VERT 157
OFFSET 13.614877, -9.141256, 47.923473
BONES 5
BONE 8 0.412728
BONE 22 0.002296
BONE 18 0.001295
BONE 17 0.053142
BONE 16 0.530540

VERT 158
OFFSET 13.557508, -8.547839, 48.246365
BONES 6
BONE 4 0.000001
BONE 8 0.462683
BONE 22 0.005025
BONE 18 0.001500
BONE 17 0.264060
BONE 16 0.266731

VERT 159
OFFSET 13.532014, -7.927593, 48.287384
BONES 6
BONE 4 0.000001
BONE 8 0.452008
BONE 22 0.008182
BONE 18 0.003694
BONE 17 0.441834
BONE 16 0.094282

VERT 160
OFFSET 13.494074, -7.278573, 48.211029
BONES 5
BONE 8 0.414856
BONE 22 0.010263
BONE 18 0.006871
BONE 17 0.543738
BONE 16 0.024271

VERT 161
OFFSET 13.492579, -6.839342, 48.019249
BONES 6
BONE 4 0.000001
BONE 8 0.390258
BONE 22 0.019880
BONE 18 0.015634
BONE 17 0.546559
BONE 16 0.027669

VERT 162
OFFSET 13.471835, -6.468940, 47.626900
BONES 6
BONE 4 0.000006
BONE 8 0.436957
BONE 22 0.035691
BONE 18 0.097295
BONE 17 0.397401
BONE 16 0.032651

VERT 163
OFFSET 13.483094, -6.250748, 47.225178
BONES 6
BONE 4 0.000012
BONE 8 0.546701
BONE 22 0.043903
BONE 18 0.261761
BONE 17 0.141801
BONE 16 0.005822

VERT 164
OFFSET 13.448298, -6.078896, 46.266514
BONES 6
BONE 4 0.000000
BONE 8 0.629590
BONE 22 0.045768
BONE 18 0.323916
BONE 17 0.000717
BONE 16 0.000008

VERT 165
OFFSET 13.474451, -6.097953, 46.659187
BONES 6
BONE 4 0.000002
BONE 8 0.619534
BONE 22 0.045666
BONE 18 0.320152
BONE 17 0.014472
BONE 16 0.000174

VERT 166
OFFSET 13.490354, -6.123298, 45.870754
BONES 3
BONE 8 0.641674
BONE 22 0.045990
BONE 18 0.312336

VERT 167
OFFSET 13.521448, -6.442331, 45.241131
BONES 3
BONE 8 0.682455
BONE 22 0.046755
BONE 18 0.270790

VERT 168
OFFSET 13.561788, -6.892837, 44.778923
BONES 5
BONE 4 0.000001
BONE 8 0.773908
BONE 22 0.048324
BONE 18 0.177620
BONE 16 0.000147

VERT 169
OFFSET 13.593410, -7.555497, 44.519581
BONES 5
BONE 4 0.000005
BONE 8 0.893523
BONE 22 0.044965
BONE 18 0.057181
BONE 16 0.004327

VERT 170
OFFSET 13.551475, -9.640402, 45.818550
BONES 3
BONE 8 0.379993
BONE 22 0.003858
BONE 16 0.616149

VERT 171
OFFSET 12.478555, -9.644121, 45.823872
BONES 6
BONE 4 0.000487
BONE 8 0.464016
BONE 22 0.009238
BONE 18 0.000021
BONE 17 0.000055
BONE 16 0.526182

VERT 172
OFFSET 12.921473, -8.582170, 44.616291
BONES 4
BONE 4 0.001017
BONE 8 0.945451
BONE 22 0.031169
BONE 16 0.022364

VERT 173
OFFSET 12.960778, -8.735856, 44.470909
BONES 4
BONE 4 0.001033
BONE 8 0.943106
BONE 22 0.029672
BONE 16 0.026188

VERT 174
OFFSET 13.276370, -8.876322, 44.616451
BONES 4
BONE 4 0.000314
BONE 8 0.930384
BONE 22 0.024907
BONE 16 0.044395

VERT 175
OFFSET 13.431279, -8.986806, 44.790306
BONES 3
BONE 8 0.854731
BONE 22 0.020725
BONE 16 0.124544

VERT 176
OFFSET 10.919785, -9.231918, 44.685879
BONES 4
BONE 4 0.007492
BONE 8 0.844497
BONE 22 0.031775
BONE 16 0.116237

VERT 177
OFFSET 10.948339, -9.413751, 44.991749
BONES 4
BONE 4 0.005437
BONE 8 0.759703
BONE 22 0.025535
BONE 16 0.209326

VERT 178
OFFSET 10.690810, -9.401772, 45.003506
BONES 4
BONE 4 0.005935
BONE 8 0.774406
BONE 22 0.026630
BONE 16 0.193029

VERT 179
OFFSET 10.730876, -9.329153, 44.778725
BONES 4
BONE 4 0.007044
BONE 8 0.809933
BONE 22 0.029157
BONE 16 0.153866

VERT 180
OFFSET 11.126245, -9.227808, 44.822582
BONES 4
BONE 4 0.006149
BONE 8 0.799370
BONE 22 0.027828
BONE 16 0.166654

VERT 181
OFFSET 11.182387, -9.291314, 45.047096
BONES 4
BONE 4 0.004920
BONE 8 0.747193
BONE 22 0.024508
BONE 16 0.223379

VERT 182
OFFSET 12.222265, -9.368613, 45.254208
BONES 4
BONE 4 0.001876
BONE 8 0.634331
BONE 22 0.016410
BONE 16 0.347383

VERT 183
OFFSET 12.323763, -9.222632, 44.992970
BONES 4
BONE 4 0.002938
BONE 8 0.730403
BONE 22 0.021064
BONE 16 0.245596

VERT 184
OFFSET 12.572339, -9.141376, 44.921059
BONES 4
BONE 4 0.002401
BONE 8 0.792952
BONE 22 0.022454
BONE 16 0.182193

VERT 185
OFFSET 12.565607, -9.449765, 45.265041
BONES 4
BONE 4 0.001124
BONE 8 0.606612
BONE 22 0.013788
BONE 16 0.378476

VERT 186
OFFSET 12.789969, -9.223936, 45.051228
BONES 4
BONE 4 0.001821
BONE 8 0.701526
BONE 22 0.017707
BONE 16 0.278946

VERT 187
OFFSET 13.487581, -9.256548, 45.149567
BONES 3
BONE 8 0.656061
BONE 22 0.012347
BONE 16 0.331592

VERT 188
OFFSET 12.899728, -9.372603, 45.296238
BONES 4
BONE 4 0.000609
BONE 8 0.599684
BONE 22 0.012189
BONE 16 0.387519

VERT 189
OFFSET 13.528372, -9.162649, 45.248238
BONES 5
BONE 4 0.000007
BONE 8 0.635021
BONE 22 0.011220
BONE 18 0.000415
BONE 16 0.353338

VERT 190
OFFSET 13.597627, -9.083297, 45.288029
BONES 3
BONE 8 0.632402
BONE 22 0.010910
BONE 16 0.356688

VERT 191
OFFSET 10.951284, -9.437605, 45.288670
BONES 4
BONE 4 0.004064
BONE 8 0.706545
BONE 22 0.022034
BONE 16 0.267357

VERT 192
OFFSET 10.772184, -9.448440, 45.204472
BONES 4
BONE 4 0.004747
BONE 8 0.734881
BONE 22 0.023858
BONE 16 0.236514

VERT 193
OFFSET 11.119578, -9.360643, 45.243679
BONES 4
BONE 4 0.004081
BONE 8 0.706840
BONE 22 0.022056
BONE 16 0.267023

VERT 194
OFFSET 12.321919, -9.496978, 45.498623
BONES 4
BONE 4 0.000636
BONE 8 0.529880
BONE 22 0.010866
BONE 16 0.458618

VERT 195
OFFSET 11.789854, -9.306764, 45.136562
BONES 4
BONE 4 0.003235
BONE 8 0.696415
BONE 22 0.020773
BONE 16 0.279577

VERT 196
OFFSET 12.839733, -9.498351, 45.537075
BONES 4
BONE 4 0.000344
BONE 8 0.478469
BONE 22 0.007845
BONE 16 0.513341

VERT 197
OFFSET 12.561096, -9.578248, 45.638462
BONES 4
BONE 4 0.000519
BONE 8 0.470979
BONE 22 0.008788
BONE 16 0.519714

VERT 198
OFFSET 9.037562, -7.369429, 48.528461
BONES 6
BONE 4 0.002111
BONE 8 0.772964
BONE 22 0.037458
BONE 18 0.051507
BONE 17 0.134414
BONE 16 0.001547

VERT 199
OFFSET 9.198344, -8.074244, 48.380104
BONES 6
BONE 4 0.002513
BONE 8 0.787203
BONE 22 0.038462
BONE 18 0.013739
BONE 17 0.154525
BONE 16 0.003557

VERT 200
OFFSET 7.870882, -6.508320, 47.540352
BONES 5
BONE 4 0.005395
BONE 8 0.861620
BONE 22 0.034019
BONE 18 0.069102
BONE 17 0.029864

VERT 201
OFFSET 7.662585, -7.379589, 48.048195
BONES 6
BONE 4 0.004643
BONE 8 0.894339
BONE 22 0.035421
BONE 18 0.031409
BONE 17 0.034125
BONE 16 0.000063

VERT 202
OFFSET 8.454981, -7.339517, 48.413017
BONES 6
BONE 4 0.002860
BONE 8 0.828832
BONE 22 0.037986
BONE 18 0.045515
BONE 17 0.084338
BONE 16 0.000468

VERT 203
OFFSET 8.382267, -6.473267, 47.740185
BONES 5
BONE 4 0.003275
BONE 8 0.820875
BONE 22 0.037155
BONE 18 0.088691
BONE 17 0.050004

VERT 204
OFFSET 8.086112, -5.974288, 46.297470
BONES 5
BONE 4 0.005785
BONE 8 0.869725
BONE 22 0.036688
BONE 18 0.087547
BONE 17 0.000256

VERT 205
OFFSET 7.555714, -6.041554, 46.322472
BONES 5
BONE 4 0.010344
BONE 8 0.895510
BONE 22 0.031079
BONE 18 0.062844
BONE 17 0.000223

VERT 206
OFFSET 7.801717, -6.028222, 45.264988
BONES 4
BONE 4 0.013051
BONE 8 0.912409
BONE 22 0.024061
BONE 18 0.050478

VERT 207
OFFSET 9.128687, -6.938132, 43.967072
BONES 5
BONE 4 0.012618
BONE 8 0.907170
BONE 22 0.040755
BONE 18 0.039231
BONE 16 0.000226

VERT 208
OFFSET 8.370368, -7.121778, 43.940895
BONES 5
BONE 4 0.018677
BONE 8 0.924157
BONE 22 0.038029
BONE 18 0.019028
BONE 16 0.000109

VERT 209
OFFSET 8.156206, -6.692457, 44.178135
BONES 5
BONE 4 0.016548
BONE 8 0.921497
BONE 22 0.033279
BONE 18 0.028672
BONE 16 0.000004

VERT 210
OFFSET 9.089665, -7.547277, 43.852474
BONES 5
BONE 4 0.017185
BONE 8 0.925012
BONE 22 0.043483
BONE 18 0.013843
BONE 16 0.000477

VERT 211
OFFSET 8.910583, -5.973347, 45.471268
BONES 5
BONE 4 0.005109
BONE 8 0.827831
BONE 22 0.034294
BONE 18 0.131403
BONE 17 0.001363

VERT 212
OFFSET 9.054069, -6.301040, 44.517914
BONES 4
BONE 4 0.008311
BONE 8 0.873921
BONE 22 0.035991
BONE 18 0.081776

VERT 213
OFFSET 13.570101, -7.302624, 48.145451
BONES 5
BONE 8 0.416286
BONE 22 0.010236
BONE 18 0.006793
BONE 17 0.541810
BONE 16 0.024875

VERT 214
OFFSET 13.561570, -6.913908, 47.895454
BONES 6
BONE 4 0.000001
BONE 8 0.390729
BONE 22 0.018819
BONE 18 0.014271
BONE 17 0.549644
BONE 16 0.026535

VERT 215
OFFSET 13.593310, -7.895238, 48.222660
BONES 6
BONE 4 0.000001
BONE 8 0.452007
BONE 22 0.008182
BONE 18 0.003694
BONE 17 0.441840
BONE 16 0.094276

VERT 216
OFFSET 13.643620, -8.507166, 48.188698
BONES 6
BONE 4 0.000002
BONE 8 0.462736
BONE 22 0.005119
BONE 18 0.001599
BONE 17 0.263992
BONE 16 0.266552

VERT 217
OFFSET 13.671778, -9.084248, 47.879463
BONES 6
BONE 4 0.000001
BONE 8 0.412997
BONE 22 0.002344
BONE 18 0.001355
BONE 17 0.053008
BONE 16 0.530296

VERT 218
OFFSET 13.689700, -9.419814, 47.369915
BONES 5
BONE 8 0.315351
BONE 22 0.003038
BONE 18 0.002013
BONE 17 0.010620
BONE 16 0.668978

VERT 219
OFFSET 13.501405, -9.262582, 45.924782
BONES 5
BONE 4 0.000031
BONE 8 0.392098
BONE 22 0.005253
BONE 18 0.002000
BONE 16 0.600617

VERT 220
OFFSET 13.668677, -9.511123, 46.607845
BONES 6
BONE 4 0.000008
BONE 8 0.320709
BONE 22 0.003927
BONE 18 0.000953
BONE 17 0.000593
BONE 16 0.673810

VERT 221
OFFSET 13.570882, -9.000041, 45.340691
BONES 5
BONE 4 0.000010
BONE 8 0.634763
BONE 22 0.011310
BONE 18 0.000613
BONE 16 0.353304

VERT 222
OFFSET 13.610787, -8.757460, 45.011814
BONES 3
BONE 8 0.849290
BONE 22 0.019596
BONE 16 0.131114

VERT 223
OFFSET 13.672615, -8.287036, 44.739380
BONES 4
BONE 8 0.950125
BONE 22 0.030733
BONE 18 0.000823
