// Export filename: 'C:/cod5/cod/cod5/model_export/viewmodels/viewmodel_ger_wermacht_player.XMODEL_EXPORT'
// Source filename: 'C:/cod5/cod/cod5/model_export/viewmodels/viewmodel_ger_wermacht_player.ma'
// Export time: Tue Jun 10 21:36:18 2008
MODEL
VERSION 6

NUMBONES 61
BONE 0 -1 "TAG_ORIGIN"
BONE 1 0 "TAG_SYNC"
BONE 2 0 "tag_torso"
BONE 3 2 "J_Shoulder_LE"
BONE 4 2 "J_Shoulder_RI"
BONE 5 2 "tag_view"
BONE 6 2 "tag_weapon"
BONE 7 3 "J_Elbow_LE"
BONE 8 4 "J_Elbow_RI"
BONE 9 5 "tag_cambone"
BONE 10 5 "tag_player"
BONE 11 7 "J_Sleave_Reshape_Bottom_LE_1"
BONE 12 7 "J_Sleave_Reshape_Bottom_LE_2"
BONE 13 7 "J_Sleave_Reshape_Top_LE_1"
BONE 14 7 "J_Sleave_Reshape_Top_LE_2"
BONE 15 7 "J_Sleave_Reshape_Top_LE_3"
BONE 16 8 "J_Sleave_Reshape_Top_RI_1"
BONE 17 8 "J_Sleave_Reshape_Top_RI_2"
BONE 18 8 "J_Sleave_Reshape_Top_RI_3"
BONE 19 7 "J_Wrist_LE"
BONE 20 8 "J_Wrist_RI"
BONE 21 7 "J_WristTwist_LE"
BONE 22 8 "J_WristTwist_RI"
BONE 23 9 "tag_camera"
BONE 24 19 "J_Index_LE_0"
BONE 25 20 "J_Index_RI_0"
BONE 26 19 "J_Mid_LE_0"
BONE 27 20 "J_Mid_RI_0"
BONE 28 19 "J_PinkyPalm_LE"
BONE 29 20 "J_PinkyPalm_RI"
BONE 30 19 "J_RingPalm_LE"
BONE 31 20 "J_RingPalm_RI"
BONE 32 19 "J_Thumb_LE_0"
BONE 33 20 "J_Thumb_RI_0"
BONE 34 19 "J_Webbing_LE"
BONE 35 20 "J_Webbing_RI"
BONE 36 23 "tag_gasmask"
BONE 37 24 "J_Index_LE_1"
BONE 38 25 "J_Index_RI_1"
BONE 39 26 "J_Mid_LE_1"
BONE 40 27 "J_Mid_RI_1"
BONE 41 28 "J_Pinky_LE_0"
BONE 42 29 "J_Pinky_RI_0"
BONE 43 30 "J_Ring_LE_0"
BONE 44 31 "J_Ring_RI_0"
BONE 45 32 "J_Thumb_LE_1"
BONE 46 33 "J_Thumb_RI_1"
BONE 47 37 "J_Index_LE_2"
BONE 48 38 "J_Index_RI_2"
BONE 49 39 "J_Mid_LE_2"
BONE 50 40 "J_Mid_RI_2"
BONE 51 41 "J_Pinky_LE_1"
BONE 52 42 "J_Pinky_RI_1"
BONE 53 43 "J_Ring_LE_1"
BONE 54 44 "J_Ring_RI_1"
BONE 55 45 "J_Thumb_LE_2"
BONE 56 46 "J_Thumb_RI_2"
BONE 57 51 "J_Pinky_LE_2"
BONE 58 52 "J_Pinky_RI_2"
BONE 59 53 "J_Ring_LE_2"
BONE 60 54 "J_Ring_RI_2"

BONE 0
OFFSET 0.000000, 0.000000, 0.000000
SCALE 1.000000, 1.000000, 1.000000
X 1.000000, 0.000000, 0.000000
Y 0.000000, 1.000000, 0.000000
Z 0.000000, 0.000000, 1.000000

BONE 1
OFFSET 0.000000, 0.000000, 0.000000
SCALE 1.000000, 1.000000, 1.000000
X -1.000000, 0.000000, 0.000000
Y -0.000000, -1.000000, 0.000000
Z 0.000000, 0.000000, 1.000000

BONE 2
OFFSET -4.631834, 0.000000, 58.622833
SCALE 1.000000, 1.000000, 1.000000
X 1.000000, 0.000000, 0.000000
Y 0.000000, 1.000000, 0.000000
Z 0.000000, 0.000000, 1.000000

BONE 3
OFFSET -3.506030, 7.937290, 56.812878
SCALE 1.000000, 1.000000, 1.000000
X 0.472986, 0.011374, -0.880996
Y 0.446745, -0.864941, 0.228681
Z -0.759409, -0.501744, -0.414187

BONE 4
OFFSET -3.506032, -7.937284, 56.812881
SCALE 1.000000, 1.000000, 1.000000
X -0.472986, 0.011374, 0.880996
Y -0.446745, -0.864941, -0.228681
Z 0.759409, -0.501744, 0.414187

BONE 5
OFFSET 0.000000, 0.000000, 59.999790
SCALE 1.000000, 1.000000, 1.000000
X 1.000000, 0.000000, 0.000000
Y 0.000000, 1.000000, 0.000000
Z 0.000000, 0.000000, 1.000000

BONE 6
OFFSET 10.527968, 0.000000, 51.870113
SCALE 1.000000, 1.000000, 1.000000
X 1.000000, 0.000000, 0.000000
Y 0.000000, 1.000000, 0.000000
Z 0.000000, 0.000000, 1.000000

BONE 7
OFFSET 2.214219, 8.074842, 46.158195
SCALE 1.000000, 1.000000, 1.000000
X 0.999978, -0.002833, 0.005930
Y -0.005970, -0.014367, 0.999879
Z -0.002747, -0.999893, -0.014384

BONE 8
OFFSET 2.214221, -8.074842, 46.158215
SCALE 1.000000, 1.000000, 1.000000
X -0.999978, -0.002833, -0.005930
Y 0.005970, -0.014367, -0.999879
Z 0.002747, -0.999893, 0.014384

BONE 9
OFFSET 0.000000, 0.000000, 59.999790
SCALE 1.000000, 1.000000, 1.000000
X 1.000000, 0.000000, 0.000000
Y 0.000000, 1.000000, 0.000000
Z 0.000000, 0.000000, 1.000000

BONE 10
OFFSET 0.000000, 0.000000, 0.000000
SCALE 1.000000, 1.000000, 1.000000
X 1.000000, 0.000000, 0.000000
Y 0.000000, 1.000000, 0.000000
Z 0.000000, 0.000000, 1.000000

BONE 11
OFFSET 12.125037, 8.958635, 45.173817
SCALE 1.000000, 1.000000, 1.000000
X 1.000000, 0.000000, 0.000000
Y 0.000000, 1.000000, 0.000000
Z 0.000000, 0.000000, 1.000000

BONE 12
OFFSET 11.739065, 7.335669, 44.948719
SCALE 1.000000, 1.000000, 1.000000
X 1.000000, 0.000000, 0.000000
Y 0.000000, 1.000000, 0.000000
Z 0.000000, 0.000000, 1.000000

BONE 13
OFFSET 12.634503, 8.810233, 47.714413
SCALE 1.000000, 1.000000, 1.000000
X 1.000000, 0.000000, 0.000000
Y 0.000000, 1.000000, 0.000000
Z 0.000000, 0.000000, 1.000000

BONE 14
OFFSET 12.530005, 7.482795, 47.910583
SCALE 1.000000, 1.000000, 1.000000
X 1.000000, 0.000000, 0.000000
Y 0.000000, 1.000000, 0.000000
Z 0.000000, 0.000000, 1.000000

BONE 15
OFFSET 12.149994, 6.891432, 46.940243
SCALE 1.000000, 1.000000, 1.000000
X 1.000000, 0.000000, 0.000000
Y 0.000000, 1.000000, 0.000000
Z 0.000000, 0.000000, 1.000000

BONE 16
OFFSET 12.634488, -8.810236, 47.714397
SCALE 1.000000, 1.000000, 1.000000
X -1.000000, 0.000000, -0.000000
Y 0.000000, 1.000000, 0.000000
Z 0.000000, 0.000000, -1.000000

BONE 17
OFFSET 12.530000, -7.482795, 47.910576
SCALE 1.000000, 1.000000, 1.000000
X -1.000000, 0.000000, -0.000000
Y 0.000000, 1.000000, 0.000000
Z 0.000000, 0.000000, -1.000000

BONE 18
OFFSET 12.150000, -6.891418, 46.940224
SCALE 1.000000, 1.000000, 1.000000
X -1.000000, 0.000000, -0.000000
Y 0.000000, 1.000000, 0.000000
Z 0.000000, 0.000000, -1.000000

BONE 19
OFFSET 13.785073, 8.042067, 46.226818
SCALE 1.000000, 1.000000, 1.000000
X 0.996700, -0.023076, 0.077825
Y -0.077652, 0.008297, 0.996946
Z -0.023651, -0.999699, 0.006478

BONE 20
OFFSET 13.785079, -8.042048, 46.226837
SCALE 1.000000, 1.000000, 1.000000
X -0.996700, -0.023076, -0.077825
Y 0.077652, 0.008297, -0.996946
Z 0.023651, -0.999699, -0.006478

BONE 21
OFFSET 10.719465, 8.050750, 46.208637
SCALE 1.000000, 1.000000, 1.000000
X 0.999978, -0.002833, 0.005930
Y -0.005970, -0.014367, 0.999879
Z -0.002747, -0.999893, -0.014384

BONE 22
OFFSET 10.719449, -8.050748, 46.208649
SCALE 1.000000, 1.000000, 1.000000
X -0.999978, -0.002833, -0.005930
Y 0.005970, -0.014367, -0.999879
Z 0.002747, -0.999893, 0.014384

BONE 23
OFFSET 0.000000, 0.000000, 59.999790
SCALE 1.000000, 1.000000, 1.000000
X 1.000000, 0.000000, 0.000000
Y 0.000000, 1.000000, 0.000000
Z 0.000000, 0.000000, 1.000000

BONE 24
OFFSET 17.618980, 8.329933, 47.279575
SCALE 1.000000, 1.000000, 1.000000
X 0.770359, -0.621881, 0.140748
Y -0.611755, -0.783111, -0.111771
Z 0.179730, 0.000000, -0.983716

BONE 25
OFFSET 17.618977, -8.329922, 47.279591
SCALE 1.000000, 1.000000, 1.000000
X -0.770359, -0.621881, -0.140748
Y 0.611755, -0.783111, 0.111771
Z -0.179730, -0.000000, 0.983716

BONE 26
OFFSET 17.592691, 8.144073, 46.190903
SCALE 1.000000, 1.000000, 1.000000
X 0.786575, -0.616967, 0.025504
Y -0.616643, -0.786989, -0.019994
Z 0.032407, 0.000000, -0.999475

BONE 27
OFFSET 17.592678, -8.144055, 46.190891
SCALE 1.000000, 1.000000, 1.000000
X -0.786575, -0.616967, -0.025504
Y 0.616643, -0.786989, 0.019994
Z -0.032407, -0.000000, 0.999475

BONE 28
OFFSET 14.706850, 7.811601, 45.226501
SCALE 1.000000, 1.000000, 1.000000
X 0.860527, -0.066586, -0.505035
Y -0.090728, -0.995602, -0.023327
Z -0.501261, 0.065894, -0.862784

BONE 29
OFFSET 14.706850, -7.811614, 45.226482
SCALE 1.000000, 1.000000, 1.000000
X -0.860527, -0.066586, 0.505035
Y 0.090728, -0.995602, 0.023327
Z 0.501261, 0.065894, 0.862784

BONE 30
OFFSET 14.877762, 7.951642, 45.905254
SCALE 1.000000, 1.000000, 1.000000
X 0.972219, -0.030530, -0.232073
Y -0.040633, -0.998417, -0.038880
Z -0.230519, 0.047230, -0.971921

BONE 31
OFFSET 14.877756, -7.951653, 45.905262
SCALE 1.000000, 1.000000, 1.000000
X -0.972219, -0.030530, 0.232073
Y 0.040633, -0.998417, 0.038880
Z 0.230519, 0.047230, 0.971921

BONE 32
OFFSET 14.148777, 7.629210, 47.226578
SCALE 1.000000, 1.000000, 1.000000
X 0.614049, -0.475564, 0.629907
Y -0.500882, 0.381986, 0.776662
Z -0.609968, -0.792418, -0.003644

BONE 33
OFFSET 14.148780, -7.629212, 47.226563
SCALE 1.000000, 1.000000, 1.000000
X -0.614049, -0.475564, -0.629907
Y 0.500882, 0.381986, -0.776662
Z 0.609968, -0.792418, 0.003644

BONE 34
OFFSET 16.721630, 7.448270, 48.053139
SCALE 1.000000, 1.000000, 1.000000
X 0.946229, -0.301294, -0.117786
Y 0.309193, 0.949386, 0.055376
Z 0.095139, -0.088817, 0.991494

BONE 35
OFFSET 9.583885, -8.680950, 46.742489
SCALE 1.000000, 1.000000, 1.000000
X -0.946229, -0.301294, 0.117786
Y -0.309193, 0.949386, -0.055376
Z -0.095139, -0.088817, -0.991494

BONE 36
OFFSET 1.540442, 0.000000, 64.135536
SCALE 1.000000, 1.000000, 1.000000
X 1.000000, 0.000000, 0.000000
Y 0.000000, 1.000000, 0.000000
Z 0.000000, 0.000000, 1.000000

BONE 37
OFFSET 18.975315, 7.235017, 47.527382
SCALE 1.000000, 1.000000, 1.000000
X 0.426042, -0.903354, 0.049392
Y -0.880239, -0.426513, -0.208005
Z 0.208969, 0.045142, -0.976880

BONE 38
OFFSET 18.975315, -7.235000, 47.527390
SCALE 1.000000, 1.000000, 1.000000
X -0.426042, -0.903354, -0.049392
Y 0.880239, -0.426513, 0.208005
Z -0.208969, 0.045142, 0.976880

BONE 39
OFFSET 19.129311, 6.938792, 46.240723
SCALE 1.000000, 1.000000, 1.000000
X 0.028169, -0.999543, -0.010950
Y -0.999561, -0.028267, 0.008848
Z -0.009153, 0.010696, -0.999901

BONE 40
OFFSET 19.129292, -6.938779, 46.240734
SCALE 1.000000, 1.000000, 1.000000
X -0.028169, -0.999543, 0.010950
Y 0.999561, -0.028267, -0.008848
Z 0.009153, 0.010696, 0.999901

BONE 41
OFFSET 16.702198, 7.530317, 44.214565
SCALE 1.000000, 1.000000, 1.000000
X 0.856282, -0.436541, -0.276069
Y -0.415481, -0.899684, 0.133953
Z -0.306851, 0.000000, -0.951758

BONE 42
OFFSET 16.702206, -7.530315, 44.214554
SCALE 1.000000, 1.000000, 1.000000
X -0.856282, -0.436541, 0.276069
Y 0.415481, -0.899684, -0.133953
Z 0.306851, -0.000000, 0.951758

BONE 43
OFFSET 17.367678, 7.901457, 45.159435
SCALE 1.000000, 1.000000, 1.000000
X 0.831745, -0.508839, -0.221999
Y -0.491628, -0.860862, 0.131219
Z -0.257880, 0.000000, -0.966177

BONE 44
OFFSET 17.367678, -7.901457, 45.159435
SCALE 1.000000, 1.000000, 1.000000
X -0.831745, -0.508839, 0.221999
Y 0.491628, -0.860862, -0.131219
Z 0.257880, -0.000000, 0.966177

BONE 45
OFFSET 15.389911, 6.597012, 48.663181
SCALE 1.000000, 1.000000, 1.000000
X 0.914596, -0.402924, 0.034161
Y -0.078983, -0.095150, 0.992325
Z -0.396581, -0.910274, -0.118848

BONE 46
OFFSET 15.389921, -6.597008, 48.663174
SCALE 1.000000, 1.000000, 1.000000
X -0.914596, -0.402924, -0.034161
Y 0.078983, -0.095150, -0.992325
Z 0.396581, -0.910274, 0.118848

BONE 47
OFFSET 19.480556, 6.134072, 47.646774
SCALE 1.000000, 1.000000, 1.000000
X 0.139847, -0.988437, 0.058612
Y -0.965352, -0.149273, -0.214039
Z 0.220313, -0.026648, -0.975065

BONE 48
OFFSET 19.480551, -6.134055, 47.646759
SCALE 1.000000, 1.000000, 1.000000
X -0.139847, -0.988437, -0.058612
Y 0.965352, -0.149273, 0.214039
Z -0.220313, -0.026648, 0.975065

BONE 49
OFFSET 19.170456, 5.478823, 46.224731
SCALE 1.000000, 1.000000, 1.000000
X -0.530249, -0.847838, 0.002716
Y -0.845552, 0.529049, 0.071753
Z -0.062271, 0.035750, -0.997419

BONE 50
OFFSET 19.170473, -5.478819, 46.224712
SCALE 1.000000, 1.000000, 1.000000
X 0.530249, -0.847838, -0.002716
Y 0.845552, 0.529049, -0.071753
Z 0.062271, 0.035750, 0.997419

BONE 51
OFFSET 17.914511, 6.912269, 43.823708
SCALE 1.000000, 1.000000, 1.000000
X 0.129509, -0.990999, -0.033881
Y -0.958733, -0.133868, 0.250818
Z -0.253096, 0.000000, -0.967441

BONE 52
OFFSET 17.914528, -6.912283, 43.823727
SCALE 1.000000, 1.000000, 1.000000
X -0.129509, -0.990999, 0.033881
Y 0.958733, -0.133868, -0.250818
Z 0.253096, -0.000000, 0.967441

BONE 53
OFFSET 18.783724, 7.035159, 44.781483
SCALE 1.000000, 1.000000, 1.000000
X 0.018696, -0.999823, 0.001993
Y -0.972646, -0.017726, 0.231616
Z -0.231540, -0.006269, -0.972805

BONE 54
OFFSET 18.783741, -7.035158, 44.781483
SCALE 1.000000, 1.000000, 1.000000
X -0.018696, -0.999823, -0.001993
Y 0.972646, -0.017726, -0.231616
Z 0.231540, -0.006269, 0.972805

BONE 55
OFFSET 16.826696, 5.850290, 48.645824
SCALE 1.000000, 1.000000, 1.000000
X 0.780284, -0.439636, -0.444835
Y 0.353937, -0.276002, 0.893617
Z -0.515641, -0.854718, -0.059757

BONE 56
OFFSET 16.826693, -5.850276, 48.645813
SCALE 1.000000, 1.000000, 1.000000
X -0.780284, -0.439636, 0.444835
Y -0.353937, -0.276002, -0.893617
Z 0.515641, -0.854718, 0.059757

BONE 57
OFFSET 18.029337, 6.033617, 43.793671
SCALE 1.000000, 1.000000, 1.000000
X -0.508594, -0.843981, 0.170374
Y -0.800272, 0.536372, 0.268083
Z -0.317641, -0.000000, -0.948211

BONE 58
OFFSET 18.029331, -6.033622, 43.793686
SCALE 1.000000, 1.000000, 1.000000
X 0.508594, -0.843981, -0.170374
Y 0.800272, 0.536372, -0.268083
Z 0.317641, -0.000000, 0.948211

BONE 59
OFFSET 18.809635, 5.649475, 44.784245
SCALE 1.000000, 1.000000, 1.000000
X -0.560939, -0.817051, 0.133323
Y -0.794907, 0.576565, 0.188932
Z -0.231237, 0.000000, -0.972898

BONE 60
OFFSET 18.809647, -5.649488, 44.784237
SCALE 1.000000, 1.000000, 1.000000
X 0.560939, -0.817051, -0.133323
Y 0.794907, 0.576565, -0.188932
Z 0.231237, 0.000000, 0.972898

NUMVERTS 2642
VERT 0
OFFSET 17.906420, 7.042509, 44.229481
BONES 3
BONE 28 0.000007
BONE 41 0.647210
BONE 51 0.352782

VERT 1
OFFSET 17.701113, 7.261158, 44.322758
BONES 3
BONE 28 0.000043
BONE 41 0.947905
BONE 51 0.052052

VERT 2
OFFSET 17.918276, 7.273400, 44.117550
BONES 3
BONE 28 0.000009
BONE 41 0.942032
BONE 51 0.057959

VERT 3
OFFSET 17.695160, 7.445754, 44.239162
BONES 3
BONE 28 0.000907
BONE 41 0.997269
BONE 51 0.001824

VERT 4
OFFSET 17.286579, 7.125145, 43.573792
BONES 3
BONE 28 0.005806
BONE 41 0.978858
BONE 51 0.015336

VERT 5
OFFSET 17.533941, 6.871451, 43.488834
BONES 3
BONE 28 0.000088
BONE 41 0.553821
BONE 51 0.446091

VERT 6
OFFSET 17.982470, 6.899241, 44.203880
BONES 3
BONE 28 0.000023
BONE 41 0.654666
BONE 51 0.345311

VERT 7
OFFSET 17.862825, 7.378647, 43.928642
BONES 3
BONE 28 0.000007
BONE 41 0.944896
BONE 51 0.055097

VERT 8
OFFSET 17.599424, 7.602726, 44.041245
BONES 3
BONE 28 0.000355
BONE 41 0.999185
BONE 51 0.000460

VERT 9
OFFSET 18.005503, 6.856695, 44.192768
BONES 3
BONE 41 0.341152
BONE 51 0.658317
BONE 57 0.000532

VERT 10
OFFSET 17.769831, 7.333210, 43.674194
BONES 3
BONE 28 0.000012
BONE 41 0.952175
BONE 51 0.047814

VERT 11
OFFSET 17.496761, 7.548035, 43.783741
BONES 3
BONE 28 0.000315
BONE 41 0.999245
BONE 51 0.000440

VERT 12
OFFSET 18.014214, 6.773471, 44.182671
BONES 3
BONE 41 0.341152
BONE 51 0.658317
BONE 57 0.000532

VERT 13
OFFSET 18.058153, 7.057878, 44.143524
BONES 3
BONE 28 0.000007
BONE 41 0.647210
BONE 51 0.352782

VERT 14
OFFSET 17.381311, 7.386727, 43.630909
BONES 3
BONE 28 0.001354
BONE 41 0.996737
BONE 51 0.001909

VERT 15
OFFSET 17.688402, 7.131655, 43.504269
BONES 3
BONE 28 0.000095
BONE 41 0.918139
BONE 51 0.081767

VERT 16
OFFSET 17.597668, 6.780216, 43.484314
BONES 3
BONE 28 0.000088
BONE 41 0.553821
BONE 51 0.446091

VERT 17
OFFSET 18.084467, 6.990443, 44.144253
BONES 3
BONE 28 0.000007
BONE 41 0.647210
BONE 51 0.352782

VERT 18
OFFSET 18.079182, 7.167759, 44.047394
BONES 3
BONE 28 0.000001
BONE 41 0.525172
BONE 51 0.474827

VERT 19
OFFSET 18.022335, 7.249871, 44.002522
BONES 3
BONE 28 0.000001
BONE 41 0.525172
BONE 51 0.474827

VERT 20
OFFSET 18.005239, 7.281711, 43.886723
BONES 3
BONE 28 0.000001
BONE 41 0.525172
BONE 51 0.474827

VERT 21
OFFSET 17.618061, 6.753058, 43.481621
BONES 3
BONE 28 0.000088
BONE 41 0.553821
BONE 51 0.446091

VERT 22
OFFSET 18.077938, 6.179664, 44.132446
BONES 3
BONE 41 0.000281
BONE 51 0.560860
BONE 57 0.438859

VERT 23
OFFSET 18.155684, 6.909105, 44.088692
BONES 3
BONE 41 0.341152
BONE 51 0.658317
BONE 57 0.000532

VERT 24
OFFSET 18.150463, 7.032812, 44.064117
BONES 3
BONE 41 0.493181
BONE 51 0.506767
BONE 57 0.000052

VERT 25
OFFSET 17.911171, 7.225403, 43.624283
BONES 3
BONE 28 0.000001
BONE 41 0.510415
BONE 51 0.489583

VERT 26
OFFSET 17.665071, 6.672329, 43.470745
BONES 3
BONE 41 0.331613
BONE 51 0.661507
BONE 57 0.006879

VERT 27
OFFSET 17.755377, 6.988634, 43.442356
BONES 3
BONE 28 0.000015
BONE 41 0.523608
BONE 51 0.476377

VERT 28
OFFSET 18.254126, 6.140518, 43.975327
BONES 3
BONE 41 0.000053
BONE 51 0.503216
BONE 57 0.496731

VERT 29
OFFSET 18.013033, 7.117858, 43.561234
BONES 3
BONE 28 0.000001
BONE 41 0.510415
BONE 51 0.489583

VERT 30
OFFSET 17.856152, 7.146952, 43.524700
BONES 3
BONE 28 0.000015
BONE 41 0.523608
BONE 51 0.476377

VERT 31
OFFSET 17.904131, 7.061283, 43.476803
BONES 3
BONE 28 0.000015
BONE 41 0.523608
BONE 51 0.476377

VERT 32
OFFSET 17.785061, 6.936695, 43.423717
BONES 3
BONE 28 0.000015
BONE 41 0.523608
BONE 51 0.476377

VERT 33
OFFSET 17.736675, 6.169253, 43.480019
BONES 3
BONE 41 0.000581
BONE 51 0.508409
BONE 57 0.491010

VERT 34
OFFSET 18.255230, 6.122807, 43.779530
BONES 3
BONE 41 0.000360
BONE 51 0.904388
BONE 57 0.095252

VERT 35
OFFSET 18.065008, 7.000746, 43.527725
BONES 3
BONE 41 0.497051
BONE 51 0.502927
BONE 57 0.000022

VERT 36
OFFSET 17.934746, 6.953903, 43.442253
BONES 3
BONE 41 0.462193
BONE 51 0.537500
BONE 57 0.000307

VERT 37
OFFSET 17.924257, 6.798546, 43.409866
BONES 3
BONE 41 0.462193
BONE 51 0.537500
BONE 57 0.000307

VERT 38
OFFSET 18.124577, 6.104403, 43.503578
BONES 3
BONE 41 0.000133
BONE 51 0.502245
BONE 57 0.497622

VERT 39
OFFSET 18.118395, 6.802657, 43.504135
BONES 3
BONE 41 0.497051
BONE 51 0.502927
BONE 57 0.000022

VERT 40
OFFSET 17.989769, 6.127007, 43.436119
BONES 3
BONE 41 0.000133
BONE 51 0.502245
BONE 57 0.497622

VERT 41
OFFSET 18.081518, 5.952688, 44.124348
BONES 3
BONE 41 0.000053
BONE 51 0.182157
BONE 57 0.817790

VERT 42
OFFSET 18.117250, 6.003140, 44.105247
BONES 3
BONE 41 0.000053
BONE 51 0.503216
BONE 57 0.496731

VERT 43
OFFSET 17.927704, 5.588548, 44.205528
BONES 3
BONE 41 0.000007
BONE 51 0.003972
BONE 57 0.996021

VERT 44
OFFSET 18.215912, 5.855238, 43.997906
BONES 3
BONE 41 0.000013
BONE 51 0.096202
BONE 57 0.903785

VERT 45
OFFSET 18.244036, 5.961251, 43.987450
BONES 3
BONE 41 0.000053
BONE 51 0.503216
BONE 57 0.496731

VERT 46
OFFSET 18.212809, 5.791487, 43.781002
BONES 3
BONE 41 0.000004
BONE 51 0.046858
BONE 57 0.953138

VERT 47
OFFSET 18.258261, 5.899015, 43.768990
BONES 3
BONE 41 0.000027
BONE 51 0.499810
BONE 57 0.500163

VERT 48
OFFSET 18.002630, 5.497564, 44.028172
BONES 3
BONE 41 0.000002
BONE 51 0.001552
BONE 57 0.998446

VERT 49
OFFSET 17.964064, 5.455739, 43.847668
BONES 3
BONE 41 0.000000
BONE 51 0.000360
BONE 57 0.999639

VERT 50
OFFSET 18.068014, 5.793322, 43.506435
BONES 3
BONE 41 0.000004
BONE 51 0.048090
BONE 57 0.951906

VERT 51
OFFSET 18.115421, 5.923285, 43.493893
BONES 3
BONE 41 0.000133
BONE 51 0.502245
BONE 57 0.497622

VERT 52
OFFSET 17.758497, 6.014565, 43.456486
BONES 3
BONE 41 0.000581
BONE 51 0.508409
BONE 57 0.491010

VERT 53
OFFSET 17.736248, 5.917140, 43.457047
BONES 3
BONE 41 0.000080
BONE 51 0.182803
BONE 57 0.817116

VERT 54
OFFSET 17.746370, 5.343547, 44.242947
BONES 3
BONE 41 0.000001
BONE 51 0.000144
BONE 57 0.999855

VERT 55
OFFSET 17.818598, 5.468328, 43.653355
BONES 3
BONE 41 0.000000
BONE 51 0.000378
BONE 57 0.999621

VERT 56
OFFSET 17.605211, 5.618124, 43.535919
BONES 3
BONE 41 0.000002
BONE 51 0.001483
BONE 57 0.998516

VERT 57
OFFSET 17.812866, 5.245861, 44.075428
BONES 3
BONE 41 0.000000
BONE 51 0.000037
BONE 57 0.999963

VERT 58
OFFSET 17.813053, 5.214093, 43.911804
BONES 3
BONE 41 0.000000
BONE 51 0.000007
BONE 57 0.999992

VERT 59
OFFSET 17.962561, 5.973793, 43.429058
BONES 3
BONE 41 0.000133
BONE 51 0.502245
BONE 57 0.497622

VERT 60
OFFSET 17.922194, 5.859252, 43.431732
BONES 3
BONE 41 0.000133
BONE 51 0.502245
BONE 57 0.497622

VERT 61
OFFSET 17.613209, 5.203951, 44.181713
BONES 1
BONE 57 1.000000

VERT 62
OFFSET 17.508440, 5.247816, 44.124245
BONES 2
BONE 51 0.000000
BONE 57 1.000000

VERT 63
OFFSET 17.685793, 5.237182, 43.753109
BONES 3
BONE 41 0.000000
BONE 51 0.000039
BONE 57 0.999961

VERT 64
OFFSET 17.725157, 5.490076, 43.562645
BONES 3
BONE 41 0.000000
BONE 51 0.000370
BONE 57 0.999630

VERT 65
OFFSET 17.483583, 5.389707, 43.641613
BONES 3
BONE 41 0.000000
BONE 51 0.000011
BONE 57 0.999989

VERT 66
OFFSET 17.402363, 5.269348, 43.844315
BONES 1
BONE 57 1.000000

VERT 67
OFFSET 17.702070, 5.131429, 44.114548
BONES 1
BONE 57 1.000000

VERT 68
OFFSET 17.448252, 5.149437, 43.859955
BONES 1
BONE 57 1.000000

VERT 69
OFFSET 17.532877, 5.132297, 44.066380
BONES 1
BONE 57 1.000000

VERT 70
OFFSET 17.619171, 5.072514, 44.040184
BONES 1
BONE 57 1.000000

VERT 71
OFFSET 17.576815, 5.287657, 43.686150
BONES 3
BONE 41 0.000000
BONE 51 0.000008
BONE 57 0.999992

VERT 72
OFFSET 17.439365, 5.254336, 43.732285
BONES 3
BONE 41 0.000000
BONE 51 0.000011
BONE 57 0.999989

VERT 73
OFFSET 17.526953, 5.095732, 43.820202
BONES 1
BONE 57 1.000000

VERT 74
OFFSET 17.537039, 5.190318, 43.736320
BONES 1
BONE 57 1.000000

VERT 75
OFFSET 13.195061, 6.719703, 47.143600
BONES 4
BONE 21 0.194998
BONE 19 0.469030
BONE 32 0.333367
BONE 45 0.002605

VERT 76
OFFSET 13.135392, 6.954831, 47.520706
BONES 4
BONE 21 0.226628
BONE 19 0.475922
BONE 32 0.294845
BONE 45 0.002605

VERT 77
OFFSET 12.612380, 6.958426, 47.399445
BONES 3
BONE 21 0.616078
BONE 19 0.290074
BONE 32 0.093847

VERT 78
OFFSET 12.698597, 6.785351, 47.016972
BONES 3
BONE 21 0.564000
BONE 19 0.248376
BONE 32 0.187624

VERT 79
OFFSET 12.701939, 6.704907, 46.681900
BONES 3
BONE 21 0.552751
BONE 19 0.272594
BONE 32 0.174654

VERT 80
OFFSET 13.180202, 6.637410, 46.733624
BONES 3
BONE 21 0.161389
BONE 19 0.580114
BONE 32 0.258497

VERT 81
OFFSET 13.084212, 7.232151, 47.780910
BONES 3
BONE 21 0.307035
BONE 19 0.594453
BONE 32 0.098513

VERT 82
OFFSET 13.102858, 7.712512, 47.914349
BONES 3
BONE 21 0.393194
BONE 19 0.352187
BONE 32 0.254619

VERT 83
OFFSET 12.444467, 7.763848, 47.868065
BONES 2
BONE 21 0.884519
BONE 19 0.115481

VERT 84
OFFSET 12.458868, 7.261016, 47.696438
BONES 2
BONE 21 0.742891
BONE 19 0.257109

VERT 85
OFFSET 13.205458, 6.607393, 46.352814
BONES 3
BONE 21 0.165851
BONE 19 0.684983
BONE 32 0.149165

VERT 86
OFFSET 12.676846, 6.678144, 46.367428
BONES 3
BONE 21 0.532395
BONE 19 0.325715
BONE 32 0.141890

VERT 87
OFFSET 13.086800, 8.176169, 47.731789
BONES 3
BONE 21 0.481342
BONE 19 0.294489
BONE 32 0.224169

VERT 88
OFFSET 12.294740, 8.391005, 47.657703
BONES 2
BONE 21 0.889176
BONE 19 0.110824

VERT 89
OFFSET 13.201530, 6.692525, 46.010708
BONES 3
BONE 21 0.156284
BONE 19 0.587910
BONE 32 0.255806

VERT 90
OFFSET 12.633799, 6.736466, 46.004032
BONES 3
BONE 21 0.507487
BONE 19 0.330749
BONE 32 0.161765

VERT 91
OFFSET 13.098832, 8.600099, 47.273914
BONES 3
BONE 21 0.618707
BONE 19 0.243409
BONE 32 0.137883

VERT 92
OFFSET 12.335383, 8.801522, 47.121189
BONES 3
BONE 21 0.873421
BONE 19 0.079711
BONE 32 0.046868

VERT 93
OFFSET 12.654825, 7.039512, 45.100903
BONES 3
BONE 21 0.540846
BONE 19 0.428738
BONE 32 0.030417

VERT 94
OFFSET 13.228559, 7.081789, 45.142448
BONES 3
BONE 21 0.263412
BONE 19 0.615204
BONE 32 0.121384

VERT 95
OFFSET 13.208742, 6.838771, 45.552395
BONES 3
BONE 21 0.213225
BONE 19 0.634985
BONE 32 0.151790

VERT 96
OFFSET 12.621222, 6.823838, 45.591270
BONES 3
BONE 21 0.515734
BONE 19 0.389140
BONE 32 0.095126

VERT 97
OFFSET 13.135242, 8.826875, 46.781399
BONES 3
BONE 21 0.634460
BONE 19 0.314597
BONE 32 0.050942

VERT 98
OFFSET 12.475878, 9.014363, 46.545750
BONES 3
BONE 21 0.896354
BONE 19 0.079215
BONE 32 0.024431

VERT 99
OFFSET 12.795079, 7.425448, 44.867718
BONES 3
BONE 21 0.632079
BONE 19 0.332217
BONE 32 0.035704

VERT 100
OFFSET 13.253896, 7.403405, 44.905827
BONES 3
BONE 21 0.392106
BONE 19 0.542242
BONE 32 0.065652

VERT 101
OFFSET 13.214921, 8.943481, 46.286770
BONES 3
BONE 21 0.638638
BONE 19 0.349686
BONE 32 0.011676

VERT 102
OFFSET 12.636644, 8.994293, 46.009342
BONES 3
BONE 21 0.840322
BONE 19 0.136241
BONE 32 0.023437

VERT 103
OFFSET 12.846699, 8.306221, 44.867538
BONES 3
BONE 21 0.824604
BONE 19 0.165494
BONE 32 0.009902

VERT 104
OFFSET 12.979141, 7.936551, 44.854309
BONES 3
BONE 21 0.612410
BONE 19 0.353991
BONE 32 0.033599

VERT 105
OFFSET 12.481307, 8.266747, 44.903397
BONES 1
BONE 21 1.000000

VERT 106
OFFSET 12.741437, 8.704447, 45.162952
BONES 2
BONE 21 0.849296
BONE 19 0.150704

VERT 107
OFFSET 12.411375, 8.702579, 45.154247
BONES 1
BONE 21 1.000000

VERT 108
OFFSET 12.855468, 8.868466, 45.626846
BONES 3
BONE 21 0.790357
BONE 19 0.209347
BONE 32 0.000296

VERT 109
OFFSET 13.519483, 6.960366, 47.754433
BONES 4
BONE 21 0.019346
BONE 19 0.031975
BONE 32 0.926094
BONE 45 0.022585

VERT 110
OFFSET 13.354111, 6.976162, 47.630188
BONES 4
BONE 21 0.087860
BONE 19 0.221346
BONE 32 0.688189
BONE 45 0.002605

VERT 111
OFFSET 13.363656, 6.657691, 47.181828
BONES 4
BONE 21 0.077295
BONE 19 0.200064
BONE 32 0.720037
BONE 45 0.002605

VERT 112
OFFSET 13.491223, 6.586067, 47.211784
BONES 3
BONE 19 0.031975
BONE 32 0.965421
BONE 45 0.002605

VERT 113
OFFSET 13.442410, 6.568825, 46.699646
BONES 3
BONE 21 0.055330
BONE 19 0.158906
BONE 32 0.785764

VERT 114
OFFSET 13.597313, 6.494582, 46.665195
BONES 1
BONE 32 1.000000

VERT 115
OFFSET 13.772847, 6.836604, 47.868847
BONES 2
BONE 32 0.953006
BONE 45 0.046994

VERT 116
OFFSET 13.593499, 6.504602, 47.230545
BONES 2
BONE 32 0.991338
BONE 45 0.008662

VERT 117
OFFSET 13.564585, 7.191991, 47.921143
BONES 4
BONE 21 0.016535
BONE 19 0.169326
BONE 32 0.791553
BONE 45 0.022585

VERT 118
OFFSET 13.687981, 7.679296, 47.990334
BONES 4
BONE 21 0.013834
BONE 19 0.302785
BONE 32 0.665568
BONE 45 0.017813

VERT 119
OFFSET 13.424273, 7.686045, 47.955898
BONES 3
BONE 21 0.136663
BONE 19 0.406402
BONE 32 0.456935

VERT 120
OFFSET 13.355203, 7.179290, 47.827225
BONES 4
BONE 21 0.112531
BONE 19 0.270771
BONE 32 0.594113
BONE 45 0.022585

VERT 121
OFFSET 13.483360, 6.595689, 46.289894
BONES 3
BONE 21 0.023911
BONE 19 0.464371
BONE 32 0.511718

VERT 122
OFFSET 13.678558, 6.575178, 46.237106
BONES 2
BONE 19 0.475747
BONE 32 0.524253

VERT 123
OFFSET 13.708776, 6.439579, 46.603191
BONES 1
BONE 32 1.000000

VERT 124
OFFSET 13.835515, 6.345672, 46.693775
BONES 1
BONE 32 1.000000

VERT 125
OFFSET 13.673766, 6.424069, 47.176487
BONES 2
BONE 32 0.991338
BONE 45 0.008662

VERT 126
OFFSET 13.892216, 6.417021, 47.675034
BONES 2
BONE 32 0.980050
BONE 45 0.019950

VERT 127
OFFSET 13.822090, 7.254980, 48.041893
BONES 3
BONE 19 0.207139
BONE 32 0.769189
BONE 45 0.023671

VERT 128
OFFSET 14.022522, 7.721888, 48.074715
BONES 5
BONE 21 0.007129
BONE 19 0.311870
BONE 32 0.662873
BONE 45 0.018103
BONE 24 0.000025

VERT 129
OFFSET 13.783784, 8.047007, 47.831329
BONES 4
BONE 21 0.093598
BONE 19 0.481822
BONE 32 0.420916
BONE 45 0.003665

VERT 130
OFFSET 13.457392, 8.088236, 47.800560
BONES 3
BONE 21 0.276471
BONE 19 0.594772
BONE 32 0.128757

VERT 131
OFFSET 14.119415, 6.518278, 46.215179
BONES 2
BONE 19 0.373194
BONE 32 0.626806

VERT 132
OFFSET 13.748412, 6.576854, 45.804237
BONES 3
BONE 19 0.700196
BONE 32 0.235487
BONE 28 0.064317

VERT 133
OFFSET 13.490928, 6.681099, 45.919643
BONES 4
BONE 21 0.037813
BONE 19 0.671899
BONE 32 0.225970
BONE 28 0.064317

VERT 134
OFFSET 14.651623, 6.572802, 46.041290
BONES 2
BONE 19 0.640446
BONE 32 0.359554

VERT 135
OFFSET 14.715992, 6.593956, 46.172585
BONES 2
BONE 19 0.640446
BONE 32 0.359554

VERT 136
OFFSET 14.269925, 6.465192, 46.323498
BONES 2
BONE 19 0.373194
BONE 32 0.626806

VERT 137
OFFSET 14.680083, 7.502211, 48.372593
BONES 3
BONE 19 0.110938
BONE 32 0.819534
BONE 45 0.069529

VERT 138
OFFSET 14.161305, 8.033379, 47.854759
BONES 5
BONE 21 0.006339
BONE 19 0.386142
BONE 32 0.589412
BONE 45 0.018103
BONE 24 0.000004

VERT 139
OFFSET 13.851708, 8.390320, 47.483082
BONES 3
BONE 21 0.179688
BONE 19 0.678701
BONE 32 0.141611

VERT 140
OFFSET 13.492760, 8.491499, 47.390377
BONES 3
BONE 21 0.367059
BONE 19 0.343663
BONE 32 0.289277

VERT 141
OFFSET 14.986581, 6.316003, 46.549915
BONES 2
BONE 19 0.044858
BONE 32 0.955142

VERT 142
OFFSET 14.503746, 6.145467, 46.672668
BONES 2
BONE 19 0.026874
BONE 32 0.973126

VERT 143
OFFSET 14.376692, 5.977534, 47.721848
BONES 2
BONE 32 0.812342
BONE 45 0.187658

VERT 144
OFFSET 14.020028, 6.520056, 45.710697
BONES 3
BONE 19 0.797171
BONE 32 0.102259
BONE 28 0.100571

VERT 145
OFFSET 14.538694, 6.504006, 45.578442
BONES 4
BONE 19 0.704741
BONE 32 0.034385
BONE 28 0.251605
BONE 41 0.009268

VERT 146
OFFSET 14.807515, 8.301538, 47.702194
BONES 5
BONE 21 0.007926
BONE 19 0.569272
BONE 32 0.384542
BONE 45 0.038243
BONE 24 0.000017

VERT 147
OFFSET 14.285924, 8.338076, 47.571613
BONES 3
BONE 21 0.051413
BONE 19 0.593973
BONE 32 0.354614

VERT 148
OFFSET 14.779331, 7.876174, 48.100826
BONES 4
BONE 19 0.302350
BONE 32 0.606561
BONE 45 0.090868
BONE 24 0.000221

VERT 149
OFFSET 13.478967, 6.804847, 45.507759
BONES 3
BONE 21 0.089220
BONE 19 0.735066
BONE 32 0.175714

VERT 150
OFFSET 13.448152, 7.089756, 45.090477
BONES 3
BONE 21 0.152525
BONE 19 0.732971
BONE 32 0.114504

VERT 151
OFFSET 13.646350, 7.073466, 44.995792
BONES 3
BONE 19 0.838692
BONE 32 0.049809
BONE 28 0.111499

VERT 152
OFFSET 13.703030, 6.702747, 45.433075
BONES 3
BONE 19 0.797171
BONE 32 0.102259
BONE 28 0.100571

VERT 153
OFFSET 15.188432, 6.800453, 46.077393
BONES 3
BONE 19 0.570967
BONE 32 0.326407
BONE 28 0.102627

VERT 154
OFFSET 15.291872, 6.821388, 46.246990
BONES 3
BONE 19 0.570967
BONE 32 0.326407
BONE 28 0.102627

VERT 155
OFFSET 14.768750, 5.843128, 47.354168
BONES 2
BONE 32 0.829277
BONE 45 0.170723

VERT 156
OFFSET 15.386065, 7.288280, 48.715408
BONES 3
BONE 19 0.000043
BONE 32 0.513515
BONE 45 0.486442

VERT 157
OFFSET 13.918509, 8.647811, 47.009773
BONES 3
BONE 21 0.104212
BONE 19 0.681360
BONE 32 0.214428

VERT 158
OFFSET 13.533817, 8.719718, 46.930187
BONES 3
BONE 21 0.457589
BONE 19 0.425359
BONE 32 0.117052

VERT 159
OFFSET 15.052762, 6.642494, 45.539543
BONES 2
BONE 19 0.710272
BONE 28 0.289728

VERT 160
OFFSET 15.458715, 6.542897, 46.643154
BONES 6
BONE 19 0.021809
BONE 32 0.752426
BONE 45 0.097631
BONE 34 0.069332
BONE 24 0.058666
BONE 37 0.000137

VERT 161
OFFSET 13.483268, 7.479347, 44.873238
BONES 3
BONE 21 0.239529
BONE 19 0.703905
BONE 32 0.056566

VERT 162
OFFSET 13.705097, 7.488420, 44.810974
BONES 3
BONE 21 0.080000
BONE 19 0.883704
BONE 32 0.036296

VERT 163
OFFSET 13.874201, 6.957241, 44.922470
BONES 3
BONE 19 0.837302
BONE 32 0.051199
BONE 28 0.111499

VERT 164
OFFSET 13.936652, 6.619562, 45.335171
BONES 3
BONE 19 0.797171
BONE 32 0.102259
BONE 28 0.100571

VERT 165
OFFSET 15.285667, 5.983459, 47.118931
BONES 3
BONE 19 0.013369
BONE 32 0.953986
BONE 45 0.032645

VERT 166
OFFSET 15.494090, 6.260725, 49.006313
BONES 3
BONE 32 0.469455
BONE 45 0.529508
BONE 55 0.001036

VERT 167
OFFSET 15.838429, 6.675182, 48.991993
BONES 3
BONE 32 0.483270
BONE 45 0.516489
BONE 55 0.000241

VERT 168
OFFSET 16.246021, 6.850146, 48.666779
BONES 4
BONE 32 0.052392
BONE 45 0.909141
BONE 55 0.004199
BONE 34 0.034268

VERT 169
OFFSET 15.598584, 6.952887, 48.868267
BONES 3
BONE 19 0.000016
BONE 32 0.499992
BONE 45 0.499992

VERT 170
OFFSET 16.335052, 6.834531, 48.285904
BONES 6
BONE 19 0.000024
BONE 32 0.208991
BONE 45 0.571175
BONE 55 0.106628
BONE 34 0.111862
BONE 24 0.001319

VERT 171
OFFSET 15.856277, 7.152428, 48.598351
BONES 5
BONE 19 0.032091
BONE 32 0.494267
BONE 45 0.388355
BONE 34 0.084281
BONE 24 0.001006

VERT 172
OFFSET 15.570172, 7.590494, 48.288914
BONES 5
BONE 19 0.147425
BONE 32 0.495795
BONE 45 0.189895
BONE 34 0.166580
BONE 24 0.000305

VERT 173
OFFSET 14.384508, 8.610713, 47.082386
BONES 3
BONE 21 0.031796
BONE 19 0.883636
BONE 32 0.084568

VERT 174
OFFSET 13.248643, 7.795181, 44.837727
BONES 3
BONE 21 0.524928
BONE 19 0.442849
BONE 32 0.032222

VERT 175
OFFSET 14.830911, 6.590667, 44.915295
BONES 3
BONE 19 0.675248
BONE 28 0.304799
BONE 41 0.019953

VERT 176
OFFSET 15.571872, 6.643348, 44.814812
BONES 5
BONE 19 0.549716
BONE 32 0.003513
BONE 28 0.362666
BONE 41 0.082974
BONE 34 0.001131

VERT 177
OFFSET 15.756547, 6.946492, 45.475910
BONES 9
BONE 19 0.631701
BONE 32 0.000003
BONE 28 0.311726
BONE 41 0.015015
BONE 51 0.000137
BONE 43 0.039702
BONE 53 0.000239
BONE 26 0.001455
BONE 39 0.000022

VERT 178
OFFSET 15.736694, 6.265871, 47.169991
BONES 6
BONE 19 0.011418
BONE 32 0.696236
BONE 45 0.099351
BONE 34 0.141336
BONE 24 0.051545
BONE 37 0.000114

VERT 179
OFFSET 15.028656, 5.724077, 47.831627
BONES 2
BONE 32 0.564793
BONE 45 0.435207

VERT 180
OFFSET 13.924416, 8.809582, 46.450470
BONES 3
BONE 21 0.110997
BONE 19 0.762295
BONE 32 0.126708

VERT 181
OFFSET 13.565412, 8.865390, 46.376110
BONES 3
BONE 21 0.430793
BONE 19 0.536810
BONE 32 0.032397

VERT 182
OFFSET 13.484727, 7.833754, 44.839863
BONES 3
BONE 21 0.387740
BONE 19 0.592351
BONE 32 0.019908

VERT 183
OFFSET 13.746329, 7.867334, 44.812134
BONES 3
BONE 21 0.200000
BONE 19 0.768024
BONE 32 0.031976

VERT 184
OFFSET 13.976839, 7.412682, 44.675976
BONES 3
BONE 21 0.080000
BONE 19 0.883704
BONE 32 0.036296

VERT 185
OFFSET 14.345115, 6.961754, 44.657490
BONES 2
BONE 19 0.953083
BONE 32 0.046917

VERT 186
OFFSET 14.395458, 6.575308, 45.080185
BONES 4
BONE 19 0.721461
BONE 32 0.040352
BONE 28 0.227310
BONE 41 0.010877

VERT 187
OFFSET 16.322445, 6.621558, 47.999352
BONES 7
BONE 19 0.027687
BONE 32 0.424116
BONE 45 0.318698
BONE 55 0.009600
BONE 34 0.204419
BONE 24 0.015459
BONE 37 0.000021

VERT 188
OFFSET 16.316143, 6.695189, 47.869667
BONES 6
BONE 19 0.015946
BONE 32 0.307972
BONE 45 0.211650
BONE 55 0.005529
BONE 34 0.450000
BONE 24 0.008903

VERT 189
OFFSET 16.352619, 6.863330, 47.988621
BONES 6
BONE 19 0.015946
BONE 32 0.307972
BONE 45 0.211650
BONE 55 0.005529
BONE 34 0.450000
BONE 24 0.008903

VERT 190
OFFSET 15.418372, 8.200710, 47.900581
BONES 4
BONE 19 0.505113
BONE 32 0.412533
BONE 45 0.061801
BONE 24 0.020552

VERT 191
OFFSET 14.900803, 8.600327, 47.197426
BONES 5
BONE 21 0.004298
BONE 19 0.961119
BONE 32 0.034538
BONE 24 0.000043
BONE 26 0.000001

VERT 192
OFFSET 13.194170, 8.861329, 45.685791
BONES 3
BONE 21 0.675205
BONE 19 0.323597
BONE 32 0.001198

VERT 193
OFFSET 15.412774, 5.816275, 47.601025
BONES 6
BONE 19 0.027192
BONE 32 0.553172
BONE 45 0.255631
BONE 34 0.141689
BONE 24 0.022294
BONE 37 0.000022

VERT 194
OFFSET 16.442255, 6.611743, 48.764957
BONES 3
BONE 32 0.002092
BONE 45 0.851563
BONE 55 0.146344

VERT 195
OFFSET 16.527035, 6.647897, 48.482883
BONES 3
BONE 32 0.004853
BONE 45 0.740810
BONE 55 0.254337

VERT 196
OFFSET 14.426558, 8.793909, 46.509399
BONES 1
BONE 19 1.000000

VERT 197
OFFSET 13.824789, 8.247081, 44.954918
BONES 3
BONE 21 0.100000
BONE 19 0.884945
BONE 32 0.015055

VERT 198
OFFSET 13.513588, 8.288208, 44.941875
BONES 3
BONE 21 0.404445
BONE 19 0.577038
BONE 32 0.018517

VERT 199
OFFSET 14.026331, 7.818324, 44.683147
BONES 3
BONE 21 0.080000
BONE 19 0.901211
BONE 32 0.018789

VERT 200
OFFSET 14.431920, 7.311465, 44.432915
BONES 2
BONE 19 0.978115
BONE 32 0.021885

VERT 201
OFFSET 16.129925, 6.810425, 44.800076
BONES 5
BONE 19 0.452265
BONE 32 0.004273
BONE 28 0.441155
BONE 41 0.100932
BONE 34 0.001376

VERT 202
OFFSET 16.323345, 7.075967, 45.488770
BONES 9
BONE 19 0.834642
BONE 32 0.000001
BONE 28 0.139958
BONE 41 0.006741
BONE 51 0.000062
BONE 43 0.017825
BONE 53 0.000107
BONE 26 0.000653
BONE 39 0.000010

VERT 203
OFFSET 15.785053, 6.758430, 46.721939
BONES 2
BONE 19 0.196708
BONE 32 0.803292

VERT 204
OFFSET 16.168732, 6.715719, 47.127613
BONES 6
BONE 19 0.021809
BONE 32 0.752426
BONE 45 0.097631
BONE 34 0.069332
BONE 24 0.058666
BONE 37 0.000137

VERT 205
OFFSET 15.845912, 6.085391, 47.579655
BONES 6
BONE 19 0.027192
BONE 32 0.553172
BONE 45 0.255631
BONE 34 0.141689
BONE 24 0.022294
BONE 37 0.000022

VERT 206
OFFSET 16.140764, 8.231174, 47.843525
BONES 8
BONE 19 0.430847
BONE 32 0.259546
BONE 45 0.043816
BONE 34 0.149749
BONE 24 0.115686
BONE 37 0.000315
BONE 26 0.000040
BONE 39 0.000000

VERT 207
OFFSET 16.205770, 7.703380, 48.117577
BONES 8
BONE 19 0.188596
BONE 32 0.442545
BONE 45 0.068198
BONE 34 0.219871
BONE 24 0.080603
BONE 37 0.000170
BONE 26 0.000017
BONE 39 0.000000

VERT 208
OFFSET 14.792408, 6.919199, 44.536346
BONES 4
BONE 19 0.705513
BONE 32 0.003722
BONE 28 0.257774
BONE 41 0.032991

VERT 209
OFFSET 16.543703, 7.186925, 46.119080
BONES 9
BONE 19 0.972644
BONE 32 0.000096
BONE 28 0.007890
BONE 41 0.002336
BONE 51 0.000029
BONE 43 0.008372
BONE 53 0.000050
BONE 26 0.008455
BONE 39 0.000128

VERT 210
OFFSET 16.911808, 7.038652, 46.964493
BONES 8
BONE 19 0.767455
BONE 32 0.006337
BONE 45 0.000137
BONE 34 0.051362
BONE 24 0.173386
BONE 37 0.000308
BONE 26 0.001002
BONE 39 0.000012

VERT 211
OFFSET 16.534496, 6.998638, 47.112133
BONES 5
BONE 19 0.400392
BONE 32 0.118511
BONE 45 0.051549
BONE 34 0.271701
BONE 24 0.157847

VERT 212
OFFSET 15.923464, 7.061518, 46.282734
BONES 2
BONE 19 0.438922
BONE 32 0.561078

VERT 213
OFFSET 15.589829, 5.739860, 48.071583
BONES 3
BONE 32 0.380545
BONE 45 0.598952
BONE 55 0.020503

VERT 214
OFFSET 15.544531, 5.762347, 47.994965
BONES 3
BONE 32 0.380545
BONE 45 0.598952
BONE 55 0.020503

VERT 215
OFFSET 16.927616, 6.324359, 48.775528
BONES 3
BONE 32 0.001653
BONE 45 0.672641
BONE 55 0.325706

VERT 216
OFFSET 16.989634, 6.357294, 48.455593
BONES 3
BONE 32 0.000428
BONE 45 0.447407
BONE 55 0.552165

VERT 217
OFFSET 15.435851, 8.567002, 47.336773
BONES 5
BONE 21 0.001374
BONE 19 0.968064
BONE 32 0.011041
BONE 24 0.016054
BONE 26 0.003467

VERT 218
OFFSET 14.930257, 8.781569, 46.554153
BONES 4
BONE 19 0.999430
BONE 32 0.000456
BONE 24 0.000001
BONE 26 0.000113

VERT 219
OFFSET 14.391035, 8.824545, 45.762173
BONES 1
BONE 19 1.000000

VERT 220
OFFSET 13.884238, 8.872405, 45.844177
BONES 3
BONE 21 0.145872
BONE 19 0.812783
BONE 32 0.041345

VERT 221
OFFSET 13.129272, 8.701195, 45.096245
BONES 3
BONE 21 0.709387
BONE 19 0.285963
BONE 32 0.004651

VERT 222
OFFSET 13.810372, 8.638881, 45.239769
BONES 3
BONE 21 0.100000
BONE 19 0.882063
BONE 32 0.017937

VERT 223
OFFSET 14.277678, 8.531496, 45.159420
BONES 1
BONE 19 1.000000

VERT 224
OFFSET 14.194208, 8.162740, 44.818752
BONES 2
BONE 19 0.993191
BONE 32 0.006809

VERT 225
OFFSET 14.484450, 7.724297, 44.471931
BONES 2
BONE 19 0.990752
BONE 32 0.009248

VERT 226
OFFSET 15.886824, 6.115202, 47.856831
BONES 5
BONE 19 0.000247
BONE 32 0.390172
BONE 45 0.525703
BONE 55 0.028363
BONE 34 0.055514

VERT 227
OFFSET 15.881774, 6.082190, 47.938969
BONES 5
BONE 19 0.000121
BONE 32 0.247836
BONE 45 0.662825
BONE 55 0.048305
BONE 34 0.040914

VERT 228
OFFSET 13.519449, 8.884246, 45.767879
BONES 3
BONE 21 0.397483
BONE 19 0.576142
BONE 32 0.026376

VERT 229
OFFSET 13.445348, 8.713577, 45.148689
BONES 3
BONE 21 0.468533
BONE 19 0.515491
BONE 32 0.015976

VERT 230
OFFSET 13.200765, 8.339690, 44.883881
BONES 3
BONE 21 0.609957
BONE 19 0.368022
BONE 32 0.022021

VERT 231
OFFSET 14.793066, 7.262098, 44.291363
BONES 4
BONE 19 0.615492
BONE 32 0.001331
BONE 28 0.355926
BONE 41 0.027250

VERT 232
OFFSET 15.450617, 6.801672, 44.397152
BONES 3
BONE 19 0.509606
BONE 28 0.415026
BONE 41 0.075367

VERT 233
OFFSET 16.470942, 6.107995, 47.973183
BONES 4
BONE 32 0.067832
BONE 45 0.758945
BONE 55 0.123290
BONE 34 0.049933

VERT 234
OFFSET 16.132570, 6.463942, 47.960278
BONES 7
BONE 19 0.030250
BONE 32 0.463392
BONE 45 0.348211
BONE 55 0.010489
BONE 34 0.130744
BONE 24 0.016890
BONE 37 0.000023

VERT 235
OFFSET 16.579243, 6.378710, 48.083569
BONES 4
BONE 32 0.067832
BONE 45 0.758945
BONE 55 0.123290
BONE 34 0.049933

VERT 236
OFFSET 16.171410, 6.509707, 47.830811
BONES 7
BONE 19 0.027687
BONE 32 0.424116
BONE 45 0.318698
BONE 55 0.009600
BONE 34 0.204419
BONE 24 0.015459
BONE 37 0.000021

VERT 237
OFFSET 16.515226, 6.959686, 47.525234
BONES 5
BONE 19 0.075098
BONE 32 0.182804
BONE 45 0.079515
BONE 34 0.419102
BONE 24 0.243480

VERT 238
OFFSET 16.542385, 7.018229, 47.689850
BONES 4
BONE 32 0.197647
BONE 45 0.085971
BONE 34 0.453132
BONE 24 0.263250

VERT 239
OFFSET 16.538536, 7.081382, 47.873962
BONES 4
BONE 32 0.307885
BONE 45 0.109243
BONE 34 0.450000
BONE 24 0.132872

VERT 240
OFFSET 17.012165, 7.209294, 47.696709
BONES 6
BONE 19 0.465686
BONE 32 0.031919
BONE 45 0.012776
BONE 34 0.228314
BONE 24 0.261304
BONE 26 0.000001

VERT 241
OFFSET 14.860785, 8.753182, 45.662319
BONES 1
BONE 19 1.000000

VERT 242
OFFSET 14.671836, 8.410091, 44.957085
BONES 1
BONE 19 1.000000

VERT 243
OFFSET 14.591413, 8.076375, 44.673149
BONES 1
BONE 19 1.000000

VERT 244
OFFSET 15.933671, 5.672041, 48.167637
BONES 3
BONE 32 0.122262
BONE 45 0.803806
BONE 55 0.073932

VERT 245
OFFSET 17.381083, 6.114666, 48.703342
BONES 3
BONE 32 0.000001
BONE 45 0.004165
