// Export filename: 'C:/cod5/cod/cod5/model_export/viewmodels/viewmodel_usa_raider_player.XMODEL_EXPORT'
// Source filename: 'C:/cod5/cod/cod5/model_export/viewmodels/viewmodel_usa_raider_player.ma'
// Export time: Tue Aug 05 14:57:38 2008
MODEL
VERSION 6

NUMBONES 61
BONE 0 -1 "TAG_ORIGIN"
BONE 1 0 "TAG_SYNC"
BONE 2 0 "tag_torso"
BONE 3 2 "J_Shoulder_LE"
BONE 4 2 "J_Shoulder_RI"
BONE 5 2 "tag_view"
BONE 6 2 "tag_weapon"
BONE 7 3 "J_Elbow_LE"
BONE 8 4 "J_Elbow_RI"
BONE 9 5 "tag_cambone"
BONE 10 5 "tag_player"
BONE 11 7 "J_Sleave_Reshape_Bottom_LE_1"
BONE 12 7 "J_Sleave_Reshape_Bottom_LE_2"
BONE 13 7 "J_Sleave_Reshape_Top_LE_1"
BONE 14 7 "J_Sleave_Reshape_Top_LE_2"
BONE 15 7 "J_Sleave_Reshape_Top_LE_3"
BONE 16 8 "J_Sleave_Reshape_Top_RI_1"
BONE 17 8 "J_Sleave_Reshape_Top_RI_2"
BONE 18 8 "J_Sleave_Reshape_Top_RI_3"
BONE 19 7 "J_Wrist_LE"
BONE 20 8 "J_Wrist_RI"
BONE 21 7 "J_WristTwist_LE"
BONE 22 8 "J_WristTwist_RI"
BONE 23 9 "tag_camera"
BONE 24 19 "J_Index_LE_0"
BONE 25 20 "J_Index_RI_0"
BONE 26 19 "J_Mid_LE_0"
BONE 27 20 "J_Mid_RI_0"
BONE 28 19 "J_PinkyPalm_LE"
BONE 29 20 "J_PinkyPalm_RI"
BONE 30 19 "J_RingPalm_LE"
BONE 31 20 "J_RingPalm_RI"
BONE 32 19 "J_Thumb_LE_0"
BONE 33 20 "J_Thumb_RI_0"
BONE 34 19 "J_Webbing_LE"
BONE 35 20 "J_Webbing_RI"
BONE 36 23 "tag_gasmask"
BONE 37 24 "J_Index_LE_1"
BONE 38 25 "J_Index_RI_1"
BONE 39 26 "J_Mid_LE_1"
BONE 40 27 "J_Mid_RI_1"
BONE 41 28 "J_Pinky_LE_0"
BONE 42 29 "J_Pinky_RI_0"
BONE 43 30 "J_Ring_LE_0"
BONE 44 31 "J_Ring_RI_0"
BONE 45 32 "J_Thumb_LE_1"
BONE 46 33 "J_Thumb_RI_1"
BONE 47 37 "J_Index_LE_2"
BONE 48 38 "J_Index_RI_2"
BONE 49 39 "J_Mid_LE_2"
BONE 50 40 "J_Mid_RI_2"
BONE 51 41 "J_Pinky_LE_1"
BONE 52 42 "J_Pinky_RI_1"
BONE 53 43 "J_Ring_LE_1"
BONE 54 44 "J_Ring_RI_1"
BONE 55 45 "J_Thumb_LE_2"
BONE 56 46 "J_Thumb_RI_2"
BONE 57 51 "J_Pinky_LE_2"
BONE 58 52 "J_Pinky_RI_2"
BONE 59 53 "J_Ring_LE_2"
BONE 60 54 "J_Ring_RI_2"

BONE 0
OFFSET 0.000000, 0.000000, 0.000000
SCALE 1.000000, 1.000000, 1.000000
X 1.000000, 0.000000, 0.000000
Y 0.000000, 1.000000, 0.000000
Z 0.000000, 0.000000, 1.000000

BONE 1
OFFSET 0.000000, 0.000000, 0.000000
SCALE 1.000000, 1.000000, 1.000000
X -1.000000, 0.000000, 0.000000
Y -0.000000, -1.000000, 0.000000
Z 0.000000, 0.000000, 1.000000

BONE 2
OFFSET -4.631834, 0.000000, 58.622833
SCALE 1.000000, 1.000000, 1.000000
X 1.000000, 0.000000, 0.000000
Y 0.000000, 1.000000, 0.000000
Z 0.000000, 0.000000, 1.000000

BONE 3
OFFSET -3.506030, 7.937290, 56.812878
SCALE 1.000000, 1.000000, 1.000000
X 0.472986, 0.011374, -0.880996
Y 0.446745, -0.864941, 0.228681
Z -0.759409, -0.501744, -0.414187

BONE 4
OFFSET -3.506032, -7.937284, 56.812881
SCALE 1.000000, 1.000000, 1.000000
X -0.472986, 0.011374, 0.880996
Y -0.446745, -0.864941, -0.228681
Z 0.759409, -0.501744, 0.414187

BONE 5
OFFSET 0.000000, 0.000000, 59.999790
SCALE 1.000000, 1.000000, 1.000000
X 1.000000, 0.000000, 0.000000
Y 0.000000, 1.000000, 0.000000
Z 0.000000, 0.000000, 1.000000

BONE 6
OFFSET 10.527968, 0.000000, 51.870113
SCALE 1.000000, 1.000000, 1.000000
X 1.000000, 0.000000, 0.000000
Y 0.000000, 1.000000, 0.000000
Z 0.000000, 0.000000, 1.000000

BONE 7
OFFSET 2.214219, 8.074842, 46.158195
SCALE 1.000000, 1.000000, 1.000000
X 0.999978, -0.002833, 0.005930
Y -0.005970, -0.014367, 0.999879
Z -0.002747, -0.999893, -0.014384

BONE 8
OFFSET 2.214221, -8.074842, 46.158215
SCALE 1.000000, 1.000000, 1.000000
X -0.999978, -0.002833, -0.005930
Y 0.005970, -0.014367, -0.999879
Z 0.002747, -0.999893, 0.014384

BONE 9
OFFSET 0.000000, 0.000000, 59.999790
SCALE 1.000000, 1.000000, 1.000000
X 1.000000, 0.000000, 0.000000
Y 0.000000, 1.000000, 0.000000
Z 0.000000, 0.000000, 1.000000

BONE 10
OFFSET 0.000000, 0.000000, 0.000000
SCALE 1.000000, 1.000000, 1.000000
X 1.000000, 0.000000, 0.000000
Y 0.000000, 1.000000, 0.000000
Z 0.000000, 0.000000, 1.000000

BONE 11
OFFSET 12.125037, 8.958635, 45.173817
SCALE 1.000000, 1.000000, 1.000000
X 1.000000, 0.000000, 0.000000
Y 0.000000, 1.000000, 0.000000
Z 0.000000, 0.000000, 1.000000

BONE 12
OFFSET 11.739065, 7.335669, 44.948719
SCALE 1.000000, 1.000000, 1.000000
X 1.000000, 0.000000, 0.000000
Y 0.000000, 1.000000, 0.000000
Z 0.000000, 0.000000, 1.000000

BONE 13
OFFSET 12.634503, 8.810233, 47.714413
SCALE 1.000000, 1.000000, 1.000000
X 1.000000, 0.000000, 0.000000
Y 0.000000, 1.000000, 0.000000
Z 0.000000, 0.000000, 1.000000

BONE 14
OFFSET 12.530005, 7.482795, 47.910583
SCALE 1.000000, 1.000000, 1.000000
X 1.000000, 0.000000, 0.000000
Y 0.000000, 1.000000, 0.000000
Z 0.000000, 0.000000, 1.000000

BONE 15
OFFSET 12.149994, 6.891432, 46.940243
SCALE 1.000000, 1.000000, 1.000000
X 1.000000, 0.000000, 0.000000
Y 0.000000, 1.000000, 0.000000
Z 0.000000, 0.000000, 1.000000

BONE 16
OFFSET 12.634488, -8.810236, 47.714397
SCALE 1.000000, 1.000000, 1.000000
X -1.000000, 0.000000, -0.000000
Y 0.000000, 1.000000, 0.000000
Z 0.000000, 0.000000, -1.000000

BONE 17
OFFSET 12.530000, -7.482795, 47.910576
SCALE 1.000000, 1.000000, 1.000000
X -1.000000, 0.000000, -0.000000
Y 0.000000, 1.000000, 0.000000
Z 0.000000, 0.000000, -1.000000

BONE 18
OFFSET 12.150000, -6.891418, 46.940224
SCALE 1.000000, 1.000000, 1.000000
X -1.000000, 0.000000, -0.000000
Y 0.000000, 1.000000, 0.000000
Z 0.000000, 0.000000, -1.000000

BONE 19
OFFSET 13.785073, 8.042067, 46.226818
SCALE 1.000000, 1.000000, 1.000000
X 0.996700, -0.023076, 0.077825
Y -0.077652, 0.008297, 0.996946
Z -0.023651, -0.999699, 0.006478

BONE 20
OFFSET 13.785079, -8.042048, 46.226837
SCALE 1.000000, 1.000000, 1.000000
X -0.996700, -0.023076, -0.077825
Y 0.077652, 0.008297, -0.996946
Z 0.023651, -0.999699, -0.006478

BONE 21
OFFSET 10.719465, 8.050750, 46.208637
SCALE 1.000000, 1.000000, 1.000000
X 0.999978, -0.002833, 0.005930
Y -0.005970, -0.014367, 0.999879
Z -0.002747, -0.999893, -0.014384

BONE 22
OFFSET 10.719449, -8.050748, 46.208649
SCALE 1.000000, 1.000000, 1.000000
X -0.999978, -0.002833, -0.005930
Y 0.005970, -0.014367, -0.999879
Z 0.002747, -0.999893, 0.014384

BONE 23
OFFSET 0.000000, 0.000000, 59.999790
SCALE 1.000000, 1.000000, 1.000000
X 1.000000, 0.000000, 0.000000
Y 0.000000, 1.000000, 0.000000
Z 0.000000, 0.000000, 1.000000

BONE 24
OFFSET 17.618980, 8.329933, 47.279575
SCALE 1.000000, 1.000000, 1.000000
X 0.770359, -0.621881, 0.140748
Y -0.611755, -0.783111, -0.111771
Z 0.179730, 0.000000, -0.983716

BONE 25
OFFSET 17.618977, -8.329922, 47.279591
SCALE 1.000000, 1.000000, 1.000000
X -0.770359, -0.621881, -0.140748
Y 0.611755, -0.783111, 0.111771
Z -0.179730, -0.000000, 0.983716

BONE 26
OFFSET 17.592691, 8.144073, 46.190903
SCALE 1.000000, 1.000000, 1.000000
X 0.786575, -0.616967, 0.025504
Y -0.616643, -0.786989, -0.019994
Z 0.032407, 0.000000, -0.999475

BONE 27
OFFSET 17.592678, -8.144055, 46.190891
SCALE 1.000000, 1.000000, 1.000000
X -0.786575, -0.616967, -0.025504
Y 0.616643, -0.786989, 0.019994
Z -0.032407, -0.000000, 0.999475

BONE 28
OFFSET 14.706850, 7.811601, 45.226501
SCALE 1.000000, 1.000000, 1.000000
X 0.860527, -0.066586, -0.505035
Y -0.090728, -0.995602, -0.023327
Z -0.501261, 0.065894, -0.862784

BONE 29
OFFSET 14.706850, -7.811614, 45.226482
SCALE 1.000000, 1.000000, 1.000000
X -0.860527, -0.066586, 0.505035
Y 0.090728, -0.995602, 0.023327
Z 0.501261, 0.065894, 0.862784

BONE 30
OFFSET 14.877762, 7.951642, 45.905254
SCALE 1.000000, 1.000000, 1.000000
X 0.972219, -0.030530, -0.232073
Y -0.040633, -0.998417, -0.038880
Z -0.230519, 0.047230, -0.971921

BONE 31
OFFSET 14.877756, -7.951653, 45.905262
SCALE 1.000000, 1.000000, 1.000000
X -0.972219, -0.030530, 0.232073
Y 0.040633, -0.998417, 0.038880
Z 0.230519, 0.047230, 0.971921

BONE 32
OFFSET 14.148777, 7.629210, 47.226578
SCALE 1.000000, 1.000000, 1.000000
X 0.614049, -0.475564, 0.629907
Y -0.500882, 0.381986, 0.776662
Z -0.609968, -0.792418, -0.003644

BONE 33
OFFSET 14.148780, -7.629212, 47.226563
SCALE 1.000000, 1.000000, 1.000000
X -0.614049, -0.475564, -0.629907
Y 0.500882, 0.381986, -0.776662
Z 0.609968, -0.792418, 0.003644

BONE 34
OFFSET 16.721630, 7.448270, 48.053139
SCALE 1.000000, 1.000000, 1.000000
X 0.946229, -0.301294, -0.117786
Y 0.309193, 0.949386, 0.055376
Z 0.095139, -0.088817, 0.991494

BONE 35
OFFSET 9.583885, -8.680950, 46.742489
SCALE 1.000000, 1.000000, 1.000000
X -0.946229, -0.301294, 0.117786
Y -0.309193, 0.949386, -0.055376
Z -0.095139, -0.088817, -0.991494

BONE 36
OFFSET 1.540442, 0.000000, 64.135536
SCALE 1.000000, 1.000000, 1.000000
X 1.000000, 0.000000, 0.000000
Y 0.000000, 1.000000, 0.000000
Z 0.000000, 0.000000, 1.000000

BONE 37
OFFSET 18.975315, 7.235017, 47.527382
SCALE 1.000000, 1.000000, 1.000000
X 0.426042, -0.903354, 0.049392
Y -0.880239, -0.426513, -0.208005
Z 0.208969, 0.045142, -0.976880

BONE 38
OFFSET 18.975315, -7.235000, 47.527390
SCALE 1.000000, 1.000000, 1.000000
X -0.426042, -0.903354, -0.049392
Y 0.880239, -0.426513, 0.208005
Z -0.208969, 0.045142, 0.976880

BONE 39
OFFSET 19.129311, 6.938792, 46.240723
SCALE 1.000000, 1.000000, 1.000000
X 0.028169, -0.999543, -0.010950
Y -0.999561, -0.028267, 0.008848
Z -0.009153, 0.010696, -0.999901

BONE 40
OFFSET 19.129292, -6.938779, 46.240734
SCALE 1.000000, 1.000000, 1.000000
X -0.028169, -0.999543, 0.010950
Y 0.999561, -0.028267, -0.008848
Z 0.009153, 0.010696, 0.999901

BONE 41
OFFSET 16.702198, 7.530317, 44.214565
SCALE 1.000000, 1.000000, 1.000000
X 0.856282, -0.436541, -0.276069
Y -0.415481, -0.899684, 0.133953
Z -0.306851, 0.000000, -0.951758

BONE 42
OFFSET 16.702206, -7.530315, 44.214554
SCALE 1.000000, 1.000000, 1.000000
X -0.856282, -0.436541, 0.276069
Y 0.415481, -0.899684, -0.133953
Z 0.306851, -0.000000, 0.951758

BONE 43
OFFSET 17.367678, 7.901457, 45.159435
SCALE 1.000000, 1.000000, 1.000000
X 0.831745, -0.508839, -0.221999
Y -0.491628, -0.860862, 0.131219
Z -0.257880, 0.000000, -0.966177

BONE 44
OFFSET 17.367678, -7.901457, 45.159435
SCALE 1.000000, 1.000000, 1.000000
X -0.831745, -0.508839, 0.221999
Y 0.491628, -0.860862, -0.131219
Z 0.257880, -0.000000, 0.966177

BONE 45
OFFSET 15.389911, 6.597012, 48.663181
SCALE 1.000000, 1.000000, 1.000000
X 0.914596, -0.402924, 0.034161
Y -0.078983, -0.095150, 0.992325
Z -0.396581, -0.910274, -0.118848

BONE 46
OFFSET 15.389921, -6.597008, 48.663174
SCALE 1.000000, 1.000000, 1.000000
X -0.914596, -0.402924, -0.034161
Y 0.078983, -0.095150, -0.992325
Z 0.396581, -0.910274, 0.118848

BONE 47
OFFSET 19.480556, 6.134072, 47.646774
SCALE 1.000000, 1.000000, 1.000000
X 0.139847, -0.988437, 0.058612
Y -0.965352, -0.149273, -0.214039
Z 0.220313, -0.026648, -0.975065

BONE 48
OFFSET 19.480551, -6.134055, 47.646759
SCALE 1.000000, 1.000000, 1.000000
X -0.139847, -0.988437, -0.058612
Y 0.965352, -0.149273, 0.214039
Z -0.220313, -0.026648, 0.975065

BONE 49
OFFSET 19.170456, 5.478823, 46.224731
SCALE 1.000000, 1.000000, 1.000000
X -0.530249, -0.847838, 0.002716
Y -0.845552, 0.529049, 0.071753
Z -0.062271, 0.035750, -0.997419

BONE 50
OFFSET 19.170473, -5.478819, 46.224712
SCALE 1.000000, 1.000000, 1.000000
X 0.530249, -0.847838, -0.002716
Y 0.845552, 0.529049, -0.071753
Z 0.062271, 0.035750, 0.997419

BONE 51
OFFSET 17.914511, 6.912269, 43.823708
SCALE 1.000000, 1.000000, 1.000000
X 0.129509, -0.990999, -0.033881
Y -0.958733, -0.133868, 0.250818
Z -0.253096, 0.000000, -0.967441

BONE 52
OFFSET 17.914528, -6.912283, 43.823727
SCALE 1.000000, 1.000000, 1.000000
X -0.129509, -0.990999, 0.033881
Y 0.958733, -0.133868, -0.250818
Z 0.253096, -0.000000, 0.967441

BONE 53
OFFSET 18.783724, 7.035159, 44.781483
SCALE 1.000000, 1.000000, 1.000000
X 0.018696, -0.999823, 0.001993
Y -0.972646, -0.017726, 0.231616
Z -0.231540, -0.006269, -0.972805

BONE 54
OFFSET 18.783741, -7.035158, 44.781483
SCALE 1.000000, 1.000000, 1.000000
X -0.018696, -0.999823, -0.001993
Y 0.972646, -0.017726, -0.231616
Z 0.231540, -0.006269, 0.972805

BONE 55
OFFSET 16.826696, 5.850290, 48.645824
SCALE 1.000000, 1.000000, 1.000000
X 0.780284, -0.439636, -0.444835
Y 0.353937, -0.276002, 0.893617
Z -0.515641, -0.854718, -0.059757

BONE 56
OFFSET 16.826693, -5.850276, 48.645813
SCALE 1.000000, 1.000000, 1.000000
X -0.780284, -0.439636, 0.444835
Y -0.353937, -0.276002, -0.893617
Z 0.515641, -0.854718, 0.059757

BONE 57
OFFSET 18.029337, 6.033617, 43.793671
SCALE 1.000000, 1.000000, 1.000000
X -0.508594, -0.843981, 0.170374
Y -0.800272, 0.536372, 0.268083
Z -0.317641, -0.000000, -0.948211

BONE 58
OFFSET 18.029331, -6.033622, 43.793686
SCALE 1.000000, 1.000000, 1.000000
X 0.508594, -0.843981, -0.170374
Y 0.800272, 0.536372, -0.268083
Z 0.317641, -0.000000, 0.948211

BONE 59
OFFSET 18.809635, 5.649475, 44.784245
SCALE 1.000000, 1.000000, 1.000000
X -0.560939, -0.817051, 0.133323
Y -0.794907, 0.576565, 0.188932
Z -0.231237, 0.000000, -0.972898

BONE 60
OFFSET 18.809647, -5.649488, 44.784237
SCALE 1.000000, 1.000000, 1.000000
X 0.560939, -0.817051, -0.133323
Y 0.794907, 0.576565, -0.188932
Z 0.231237, 0.000000, 0.972898

NUMVERTS 2908
VERT 0
OFFSET -4.973544, -9.630906, 53.226563
BONES 1
BONE 4 1.000000

VERT 1
OFFSET -3.023158, -11.067835, 54.542900
BONES 1
BONE 4 1.000000

VERT 2
OFFSET -0.456185, -10.228819, 54.936325
BONES 1
BONE 4 1.000000

VERT 3
OFFSET 1.077039, -7.755275, 54.371956
BONES 1
BONE 4 1.000000

VERT 4
OFFSET 0.816082, -5.402781, 53.002575
BONES 1
BONE 4 1.000000

VERT 5
OFFSET -0.316957, -4.569410, 51.969513
BONES 1
BONE 4 1.000000

VERT 6
OFFSET -2.889500, -5.024015, 52.101761
BONES 1
BONE 4 1.000000

VERT 7
OFFSET -5.215866, -6.840669, 52.278492
BONES 1
BONE 4 1.000000

VERT 8
OFFSET 1.487689, -9.682309, 43.930988
BONES 2
BONE 4 0.235227
BONE 8 0.764773

VERT 9
OFFSET 2.254275, -11.305748, 46.450760
BONES 2
BONE 4 0.054880
BONE 8 0.945120

VERT 10
OFFSET 3.324691, -9.742345, 48.767063
BONES 2
BONE 4 0.090695
BONE 8 0.909305

VERT 11
OFFSET 3.473197, -8.066597, 49.282349
BONES 3
BONE 4 0.042681
BONE 8 0.957313
BONE 22 0.000006

VERT 12
OFFSET 3.336823, -6.395241, 48.727894
BONES 3
BONE 4 0.014979
BONE 8 0.984565
BONE 22 0.000456

VERT 13
OFFSET 2.903866, -5.354527, 47.456982
BONES 2
BONE 4 0.091153
BONE 8 0.908847

VERT 14
OFFSET 1.994500, -5.244899, 45.454556
BONES 2
BONE 4 0.050363
BONE 8 0.949637

VERT 15
OFFSET 1.089283, -7.142318, 43.640175
BONES 2
BONE 4 0.240958
BONE 8 0.759042

VERT 16
OFFSET 4.604646, -9.807319, 48.077732
BONES 2
BONE 4 0.022572
BONE 8 0.977428

VERT 17
OFFSET 4.601175, -8.030095, 48.720558
BONES 3
BONE 4 0.007274
BONE 8 0.992527
BONE 22 0.000199

VERT 18
OFFSET 4.474632, -6.524264, 48.169365
BONES 3
BONE 4 0.008197
BONE 8 0.991322
BONE 22 0.000481

VERT 19
OFFSET 4.119223, -5.418701, 46.921959
BONES 2
BONE 4 0.004683
BONE 8 0.995317

VERT 20
OFFSET 3.601146, -5.367795, 44.991081
BONES 2
BONE 4 0.077560
BONE 8 0.922440

VERT 21
OFFSET 2.987476, -7.051594, 43.300144
BONES 2
BONE 4 0.084740
BONE 8 0.915260

VERT 22
OFFSET 3.559275, -9.677505, 43.663193
BONES 2
BONE 4 0.014341
BONE 8 0.985659

VERT 23
OFFSET 3.887437, -10.878815, 45.685886
BONES 2
BONE 4 0.001399
BONE 8 0.998601

VERT 24
OFFSET 2.271039, -5.335276, 48.102894
BONES 2
BONE 4 0.086079
BONE 8 0.913921

VERT 25
OFFSET 2.597951, -6.513895, 48.851852
BONES 2
BONE 4 0.226978
BONE 8 0.773022

VERT 26
OFFSET 3.233160, -8.060038, 49.715897
BONES 2
BONE 4 0.027126
BONE 8 0.972874

VERT 27
OFFSET 3.143598, -10.077682, 48.848480
BONES 2
BONE 4 0.076976
BONE 8 0.923024

VERT 28
OFFSET 2.849639, -11.155095, 47.829712
BONES 2
BONE 4 0.144812
BONE 8 0.855188

VERT 29
OFFSET 0.810730, -9.735950, 44.398998
BONES 2
BONE 4 0.442738
BONE 8 0.557262

VERT 30
OFFSET 0.214249, -7.061850, 44.061699
BONES 2
BONE 4 0.405654
BONE 8 0.594346

VERT 31
OFFSET 1.242283, -5.432756, 46.212273
BONES 2
BONE 4 0.039596
BONE 8 0.960404

VERT 32
OFFSET 1.561386, -6.045197, 51.420395
BONES 1
BONE 4 1.000000

VERT 33
OFFSET 1.457071, -8.325355, 52.312740
BONES 1
BONE 4 1.000000

VERT 34
OFFSET 0.779319, -10.189843, 52.662148
BONES 1
BONE 4 1.000000

VERT 35
OFFSET -1.441342, -11.155668, 51.469234
BONES 1
BONE 4 1.000000

VERT 36
OFFSET -3.371748, -9.435631, 49.424435
BONES 1
BONE 4 1.000000

VERT 37
OFFSET -3.473863, -6.681772, 48.886917
BONES 2
BONE 4 0.997753
BONE 8 0.002247

VERT 38
OFFSET -1.412366, -5.259724, 49.471714
BONES 1
BONE 4 1.000000

VERT 39
OFFSET 0.714882, -5.031969, 50.292187
BONES 1
BONE 4 1.000000

VERT 40
OFFSET -3.665157, -10.860078, 52.178413
BONES 1
BONE 4 1.000000

VERT 41
OFFSET -4.264331, -10.703464, 53.885105
BONES 1
BONE 4 1.000000

VERT 42
OFFSET -2.207472, -10.844685, 53.180576
BONES 1
BONE 4 1.000000

VERT 43
OFFSET -2.598527, -10.437756, 50.296009
BONES 2
BONE 4 0.991887
BONE 8 0.008113

VERT 44
OFFSET -4.476142, -9.418189, 51.244354
BONES 1
BONE 4 1.000000

VERT 45
OFFSET -1.045622, -10.555749, 53.607975
BONES 1
BONE 4 1.000000

VERT 46
OFFSET -1.820764, -10.976655, 54.766010
BONES 1
BONE 4 1.000000

VERT 47
OFFSET 0.174595, -9.972442, 53.690147
BONES 1
BONE 4 1.000000

VERT 48
OFFSET -0.310810, -10.774685, 52.329514
BONES 1
BONE 4 1.000000

VERT 49
OFFSET 1.056815, -9.113150, 53.791916
BONES 1
BONE 4 1.000000

VERT 50
OFFSET 0.500540, -8.881023, 54.713409
BONES 1
BONE 4 1.000000

VERT 51
OFFSET 1.218516, -7.869055, 53.356205
BONES 1
BONE 4 1.000000

VERT 52
OFFSET 1.420630, -9.521811, 52.631683
BONES 1
BONE 4 1.000000

VERT 53
OFFSET 1.444861, -6.924374, 53.032822
BONES 1
BONE 4 1.000000

VERT 54
OFFSET 1.192752, -6.491379, 53.721245
BONES 1
BONE 4 1.000000

VERT 55
OFFSET 1.164910, -5.686811, 52.257431
BONES 1
BONE 4 1.000000

VERT 56
OFFSET 1.985838, -7.441354, 52.397800
BONES 1
BONE 4 1.000000

VERT 57
OFFSET 0.666315, -5.291654, 51.713612
BONES 1
BONE 4 1.000000

VERT 58
OFFSET 0.470047, -4.978701, 52.439514
BONES 1
BONE 4 1.000000

VERT 59
OFFSET 0.031154, -4.876969, 51.319832
BONES 1
BONE 4 1.000000

VERT 60
OFFSET 1.149740, -5.530748, 50.811798
BONES 1
BONE 4 1.000000

VERT 61
OFFSET -2.250831, -5.239330, 51.066170
BONES 1
BONE 4 1.000000

VERT 62
OFFSET -3.684508, -5.569489, 50.661560
BONES 1
BONE 4 1.000000

VERT 63
OFFSET -4.256732, -5.716733, 52.125141
BONES 1
BONE 4 1.000000

VERT 64
OFFSET -4.383661, -6.700985, 50.796478
BONES 1
BONE 4 1.000000

VERT 65
OFFSET -2.804008, -5.666693, 48.920025
BONES 2
BONE 4 0.999836
BONE 8 0.000164

VERT 66
OFFSET -4.607599, -8.114961, 50.957706
BONES 1
BONE 4 1.000000

VERT 67
OFFSET -5.282480, -8.428425, 52.773136
BONES 1
BONE 4 1.000000

VERT 68
OFFSET -3.740111, -8.059292, 48.974319
BONES 2
BONE 4 0.999220
BONE 8 0.000780

VERT 69
OFFSET 4.021564, -9.216597, 48.928642
BONES 2
BONE 4 0.030921
BONE 8 0.969079

VERT 70
OFFSET 3.429574, -9.198211, 49.050316
BONES 2
BONE 4 0.112408
BONE 8 0.887592

VERT 71
OFFSET 3.996142, -8.041553, 49.099449
BONES 2
BONE 4 0.006565
BONE 8 0.993435

VERT 72
OFFSET 4.710111, -9.116074, 48.442226
BONES 3
BONE 4 0.022920
BONE 8 0.977019
BONE 22 0.000061

VERT 73
OFFSET 3.896391, -9.770618, 48.614456
BONES 2
BONE 4 0.055904
BONE 8 0.944096

VERT 74
OFFSET 4.035742, -7.356855, 49.147472
BONES 3
BONE 4 0.005178
BONE 8 0.994765
BONE 22 0.000057

VERT 75
OFFSET 3.472493, -7.484728, 49.240688
BONES 3
BONE 4 0.116043
BONE 8 0.883925
BONE 22 0.000033

VERT 76
OFFSET 3.759715, -6.261631, 48.708324
BONES 3
BONE 4 0.008218
BONE 8 0.991298
BONE 22 0.000484

VERT 77
OFFSET 4.584876, -7.400695, 48.727024
BONES 3
BONE 4 0.004937
BONE 8 0.993193
BONE 22 0.001870

VERT 78
OFFSET 3.504336, -5.659285, 48.026630
BONES 3
BONE 4 0.005534
BONE 8 0.994350
BONE 22 0.000116

VERT 79
OFFSET 3.117980, -5.730079, 48.212406
BONES 2
BONE 4 0.096197
BONE 8 0.903803

VERT 80
OFFSET 4.264449, -5.873425, 47.577888
BONES 3
BONE 4 0.006021
BONE 8 0.993796
BONE 22 0.000183

VERT 81
OFFSET 2.842949, -5.322253, 45.164658
BONES 2
BONE 4 0.071602
BONE 8 0.928398

VERT 82
OFFSET 2.409491, -6.115847, 44.065334
BONES 2
BONE 4 0.105266
BONE 8 0.894734

VERT 83
OFFSET 1.780783, -6.172483, 44.357780
BONES 2
BONE 4 0.124437
BONE 8 0.875563

VERT 84
OFFSET 3.381674, -6.023505, 44.052933
BONES 2
BONE 4 0.097362
BONE 8 0.902638

VERT 85
OFFSET 1.349562, -8.093979, 43.236137
BONES 2
BONE 4 0.151143
BONE 8 0.848857

VERT 86
OFFSET 1.070026, -8.019636, 43.338787
BONES 2
BONE 4 0.197215
BONE 8 0.802785

VERT 87
OFFSET 1.713865, -9.607935, 43.816174
BONES 2
BONE 4 0.167010
BONE 8 0.832990

VERT 88
OFFSET 3.112373, -8.201237, 43.127823
BONES 2
BONE 4 0.021440
BONE 8 0.978560

VERT 89
OFFSET 2.267980, -11.140258, 45.218948
BONES 2
BONE 4 0.005995
BONE 8 0.994005

VERT 90
OFFSET 1.936480, -11.068591, 45.414345
BONES 2
BONE 4 0.008747
BONE 8 0.991253

VERT 91
OFFSET 2.659268, -11.376588, 46.270481
BONES 2
BONE 4 0.010779
BONE 8 0.989221

VERT 92
OFFSET 3.840909, -10.549802, 44.707355
BONES 2
BONE 4 0.015661
BONE 8 0.984339

VERT 93
OFFSET 3.442788, -10.777048, 47.746483
BONES 2
BONE 4 0.045303
BONE 8 0.954697

VERT 94
OFFSET 3.094913, -10.700953, 47.980396
BONES 2
BONE 4 0.042698
BONE 8 0.957302

VERT 95
OFFSET 4.334621, -10.551770, 47.370602
BONES 2
BONE 4 0.030111
BONE 8 0.969889

VERT 96
OFFSET 2.909654, -5.956766, 48.042332
BONES 2
BONE 4 0.100793
BONE 8 0.899207

VERT 97
OFFSET 2.468091, -5.845591, 48.649803
BONES 2
BONE 4 0.102432
BONE 8 0.897568

VERT 98
OFFSET 2.734008, -5.506811, 47.381718
BONES 2
BONE 4 0.091153
BONE 8 0.908847

VERT 99
OFFSET 3.106728, -6.613503, 48.485088
BONES 3
BONE 4 0.081003
BONE 8 0.918828
BONE 22 0.000169

VERT 100
OFFSET 3.181757, -7.505695, 49.131775
BONES 3
BONE 4 0.065803
BONE 8 0.934115
BONE 22 0.000082

VERT 101
OFFSET 3.061585, -7.087740, 49.726109
BONES 3
BONE 4 0.117592
BONE 8 0.882395
BONE 22 0.000013

VERT 102
OFFSET 3.022962, -8.013523, 49.053707
BONES 2
BONE 4 0.142065
BONE 8 0.857935

VERT 103
OFFSET 3.136909, -8.910729, 49.049744
BONES 2
BONE 4 0.132470
BONE 8 0.867530

VERT 104
OFFSET 3.342915, -8.997303, 49.501225
BONES 2
BONE 4 0.053641
BONE 8 0.946359

VERT 105
OFFSET 3.040697, -9.719120, 48.632446
BONES 2
BONE 4 0.091694
BONE 8 0.908306

VERT 106
OFFSET 2.866091, -10.474118, 48.019928
BONES 2
BONE 4 0.038384
BONE 8 0.961616

VERT 107
OFFSET 2.983804, -10.760164, 48.276493
BONES 2
BONE 4 0.152298
BONE 8 0.847702

VERT 108
OFFSET 2.218677, -11.078217, 46.876186
BONES 2
BONE 4 0.085113
BONE 8 0.914887

VERT 109
OFFSET 1.778297, -10.820241, 45.753399
BONES 2
BONE 4 0.016444
BONE 8 0.983556

VERT 110
OFFSET 1.283417, -11.074337, 45.895718
BONES 2
BONE 4 0.015910
BONE 8 0.984090

VERT 111
OFFSET 1.568245, -9.518579, 44.138615
BONES 2
BONE 4 0.222129
BONE 8 0.777871

VERT 112
OFFSET 1.431089, -7.942779, 43.568645
BONES 2
BONE 4 0.153097
BONE 8 0.846904

VERT 113
OFFSET 0.321856, -7.996904, 43.693207
BONES 2
BONE 4 0.309517
BONE 8 0.690483

VERT 114
OFFSET 1.252225, -7.149178, 43.960438
BONES 2
BONE 4 0.233445
BONE 8 0.766555

VERT 115
OFFSET 1.689442, -6.149632, 44.827778
BONES 2
BONE 4 0.105096
BONE 8 0.894904

VERT 116
OFFSET 0.681454, -5.931417, 45.026520
BONES 2
BONE 4 0.231641
BONE 8 0.768359

VERT 117
OFFSET 2.123630, -5.626784, 45.547050
BONES 2
BONE 4 0.053143
BONE 8 0.946857

VERT 118
OFFSET 2.560189, -8.282590, 51.479488
BONES 2
BONE 4 0.896363
BONE 8 0.103637

VERT 119
OFFSET 1.929426, -9.013764, 51.303165
BONES 2
BONE 4 0.889039
BONE 8 0.110961

VERT 120
OFFSET 1.615425, -9.889292, 51.325882
BONES 2
BONE 4 0.872583
BONE 8 0.127417

VERT 121
OFFSET 0.345009, -10.407895, 50.607624
BONES 2
BONE 4 0.879543
BONE 8 0.120457

VERT 122
OFFSET -0.845870, -11.091403, 49.436562
BONES 2
BONE 4 0.794429
BONE 8 0.205571

VERT 123
OFFSET -1.028504, -10.819387, 48.386208
BONES 2
BONE 4 0.757009
BONE 8 0.242991

VERT 124
OFFSET -1.744827, -9.502874, 47.686169
BONES 2
BONE 4 0.943159
BONE 8 0.056841

VERT 125
OFFSET -2.371437, -8.338622, 46.838062
BONES 2
BONE 4 0.967947
BONE 8 0.032053

VERT 126
OFFSET -2.131130, -6.828031, 46.734241
BONES 2
BONE 4 0.979917
BONE 8 0.020083

VERT 127
OFFSET -1.286898, -5.769369, 47.111446
BONES 2
BONE 4 0.846790
BONE 8 0.153210

VERT 128
OFFSET -0.282520, -5.125158, 47.753532
BONES 2
BONE 4 0.761291
BONE 8 0.238709

VERT 129
OFFSET 1.389626, -5.210197, 49.225235
BONES 1
BONE 4 1.000000

VERT 130
OFFSET 1.653950, -5.738004, 49.954639
BONES 1
BONE 4 1.000000

VERT 131
OFFSET 4.026440, -6.001760, 46.006218
BONES 2
BONE 4 0.037844
BONE 8 0.962156

VERT 132
OFFSET 3.691705, -5.949319, 45.152599
BONES 2
BONE 4 0.077560
BONE 8 0.922440

VERT 133
OFFSET 3.492777, -6.528941, 44.411198
BONES 2
BONE 4 0.114533
BONE 8 0.885467

VERT 134
OFFSET 3.293985, -8.612677, 44.167583
BONES 2
BONE 4 0.011907
BONE 8 0.988093

VERT 135
OFFSET 3.717809, -9.997906, 45.468147
BONES 2
BONE 4 0.012429
BONE 8 0.987571

VERT 136
OFFSET 4.020171, -9.897865, 46.947235
BONES 2
BONE 4 0.012767
BONE 8 0.987233

VERT 137
OFFSET 4.335417, -8.736241, 47.918034
BONES 3
BONE 4 0.007454
BONE 8 0.992534
BONE 22 0.000011

VERT 138
OFFSET 4.282051, -7.677388, 47.960049
BONES 3
BONE 4 0.008167
BONE 8 0.991356
BONE 22 0.000477

VERT 139
OFFSET 4.249331, -7.011116, 47.416477
BONES 3
BONE 4 0.006754
BONE 8 0.992962
BONE 22 0.000283

VERT 140
OFFSET 4.261477, -6.512884, 46.771996
BONES 2
BONE 4 0.004683
BONE 8 0.995317

VERT 141
OFFSET 1.981546, -11.376391, 47.450970
BONES 2
BONE 4 0.133653
BONE 8 0.866347

VERT 142
OFFSET 2.178286, -10.416038, 48.392693
BONES 2
BONE 4 0.147983
BONE 8 0.852017

VERT 143
OFFSET 2.735894, -9.779328, 49.351357
BONES 2
BONE 4 0.158281
BONE 8 0.841719

VERT 144
OFFSET 3.017964, -9.129939, 50.503998
BONES 2
BONE 4 0.640691
BONE 8 0.359309

VERT 145
OFFSET 3.080668, -8.118233, 50.200783
BONES 2
BONE 4 0.042273
BONE 8 0.957727

VERT 146
OFFSET 3.222421, -9.176017, 49.991741
BONES 2
BONE 4 0.089687
BONE 8 0.910313

VERT 147
OFFSET 2.980218, -10.099665, 49.045471
BONES 2
BONE 4 0.095589
BONE 8 0.904411

VERT 148
OFFSET 2.761118, -10.857044, 48.414177
BONES 2
BONE 4 0.151433
BONE 8 0.848567

VERT 149
OFFSET 2.600779, -11.190261, 48.072803
BONES 2
BONE 4 0.175516
BONE 8 0.824484

VERT 150
OFFSET 0.968374, -11.311413, 46.883923
BONES 2
BONE 4 0.291499
BONE 8 0.708501

VERT 151
OFFSET 2.123756, -11.271556, 47.295475
BONES 2
BONE 4 0.118365
BONE 8 0.881635

VERT 152
OFFSET 1.419087, -7.129085, 43.434528
BONES 2
BONE 4 0.220789
BONE 8 0.779211

VERT 153
OFFSET 1.825059, -6.059063, 44.041180
BONES 2
BONE 4 0.135692
BONE 8 0.864308

VERT 154
OFFSET 2.582968, -11.003977, 47.398338
BONES 2
BONE 4 0.113461
BONE 8 0.886539

VERT 155
OFFSET 2.627379, -11.299560, 47.146988
BONES 2
BONE 4 0.091381
BONE 8 0.908619

VERT 156
OFFSET 2.956530, -11.367514, 46.921383
BONES 2
BONE 4 0.064496
BONE 8 0.935504

VERT 157
OFFSET 4.132997, -11.009576, 46.689911
BONES 2
BONE 4 0.000234
BONE 8 0.999766

VERT 158
OFFSET 2.566502, -9.990740, 50.189758
BONES 2
BONE 4 0.513489
BONE 8 0.486511

VERT 159
OFFSET 1.770323, -10.778778, 49.342274
BONES 2
BONE 4 0.427471
BONE 8 0.572529

VERT 160
OFFSET 1.441673, -11.108127, 48.594414
BONES 2
BONE 4 0.322569
BONE 8 0.677431

VERT 161
OFFSET -0.155617, -6.014764, 46.123745
BONES 2
BONE 4 0.730277
BONE 8 0.269723

VERT 162
OFFSET -0.858121, -6.880590, 45.210155
BONES 2
BONE 4 0.817658
BONE 8 0.182342

VERT 163
OFFSET -1.208499, -8.186575, 45.065502
BONES 2
BONE 4 0.794064
BONE 8 0.205936

VERT 164
OFFSET -0.627811, -9.641333, 45.836109
BONES 2
BONE 4 0.723269
BONE 8 0.276731

VERT 165
OFFSET 4.219488, -10.428180, 45.827229
BONES 2
BONE 4 0.002563
BONE 8 0.997437

VERT 166
OFFSET 4.011614, -10.128857, 44.804993
BONES 2
BONE 4 0.019140
BONE 8 0.980860

VERT 167
OFFSET 3.682673, -9.348125, 43.962444
BONES 2
BONE 4 0.015720
BONE 8 0.984280

VERT 168
OFFSET 3.624374, -8.191895, 43.530933
BONES 2
BONE 4 0.029992
BONE 8 0.970008

VERT 169
OFFSET 3.628142, -6.982360, 43.705593
BONES 2
BONE 4 0.105879
BONE 8 0.894121

VERT 170
OFFSET 3.580858, -6.218130, 44.314541
BONES 2
BONE 4 0.099985
BONE 8 0.900015

VERT 171
OFFSET 3.722752, -5.716956, 45.087448
BONES 2
BONE 4 0.077560
BONE 8 0.922440

VERT 172
OFFSET 4.554746, -6.043077, 46.545746
BONES 3
BONE 4 0.019830
BONE 8 0.979668
BONE 22 0.000502

VERT 173
OFFSET 4.623268, -6.375272, 47.150005
BONES 3
BONE 4 0.006666
BONE 8 0.992991
BONE 22 0.000343

VERT 174
OFFSET 4.672401, -6.781032, 47.752277
BONES 3
BONE 4 0.008091
BONE 8 0.991408
BONE 22 0.000501

VERT 175
OFFSET 4.389246, -7.651320, 48.282696
BONES 3
BONE 4 0.004898
BONE 8 0.993670
BONE 22 0.001432

VERT 176
OFFSET 4.647992, -8.148855, 48.281937
BONES 3
BONE 4 0.007951
BONE 8 0.991804
BONE 22 0.000245

VERT 177
OFFSET 4.535736, -9.029408, 48.143768
BONES 3
BONE 4 0.012147
BONE 8 0.987807
BONE 22 0.000046

VERT 178
OFFSET 4.472755, -9.622781, 47.748081
BONES 2
BONE 4 0.036534
BONE 8 0.963466

VERT 179
OFFSET 4.286610, -10.296537, 47.096359
BONES 2
BONE 4 0.019463
BONE 8 0.980537

VERT 180
OFFSET 4.137419, -10.432155, 46.805241
BONES 2
BONE 4 0.000234
BONE 8 0.999766

VERT 181
OFFSET -1.593091, -10.345708, 49.300694
BONES 2
BONE 4 0.890492
BONE 8 0.109508

VERT 182
OFFSET 4.003747, -7.460947, 49.040867
BONES 3
BONE 4 0.008542
BONE 8 0.991394
BONE 22 0.000064

VERT 183
OFFSET 4.527338, -7.513088, 48.225185
BONES 3
BONE 4 0.004973
BONE 8 0.992747
BONE 22 0.002280

VERT 184
OFFSET 3.453085, -7.631051, 49.047478
BONES 3
BONE 4 0.070247
BONE 8 0.929682
BONE 22 0.000072

VERT 185
OFFSET 2.122853, -7.065569, 43.337963
BONES 2
BONE 4 0.176987
BONE 8 0.823013

VERT 186
OFFSET 0.474260, -5.297087, 46.949081
BONES 2
BONE 4 0.719361
BONE 8 0.280639

VERT 187
OFFSET 1.793877, -5.307428, 48.679268
BONES 1
BONE 4 1.000000

VERT 188
OFFSET 2.132576, -6.011373, 49.473057
BONES 2
BONE 4 0.824723
BONE 8 0.175277

VERT 189
OFFSET 2.221826, -6.147449, 50.095921
BONES 2
BONE 4 0.947260
BONE 8 0.052740

VERT 190
OFFSET 2.578540, -9.101725, 50.938374
BONES 2
BONE 4 0.889039
BONE 8 0.110961

VERT 191
OFFSET 1.723811, -11.329198, 46.708179
BONES 2
BONE 4 0.077535
BONE 8 0.922465

VERT 192
OFFSET 1.477354, -11.393261, 47.082344
BONES 2
BONE 4 0.176895
BONE 8 0.823105

VERT 193
OFFSET 1.844622, -10.709994, 47.968658
BONES 2
BONE 4 0.213701
BONE 8 0.786299

VERT 194
OFFSET 1.517441, -10.987206, 47.595207
BONES 2
BONE 4 0.227202
BONE 8 0.772798

VERT 195
OFFSET 1.276702, -11.291141, 47.765671
BONES 2
BONE 4 0.285159
BONE 8 0.714841

VERT 196
OFFSET 1.140832, -10.699286, 49.980297
BONES 2
BONE 4 0.810879
BONE 8 0.189121

VERT 197
OFFSET 0.576497, -10.982695, 49.187401
BONES 2
BONE 4 0.735813
BONE 8 0.264187

VERT 198
OFFSET 0.092990, -10.742725, 46.762348
BONES 2
BONE 4 0.521982
BONE 8 0.478018

VERT 199
OFFSET 0.193963, -10.894411, 47.631603
BONES 2
BONE 4 0.450143
BONE 8 0.549857

VERT 200
OFFSET 0.289174, -11.084225, 48.463604
BONES 2
BONE 4 0.642994
BONE 8 0.357006

VERT 201
OFFSET -0.885433, -10.487709, 47.344830
BONES 2
BONE 4 0.736489
BONE 8 0.263511

VERT 202
OFFSET 2.242216, -8.158012, 43.130501
BONES 2
BONE 4 0.026614
BONE 8 0.973386

VERT 203
OFFSET 2.714778, -9.753321, 43.830265
BONES 2
BONE 4 0.004247
BONE 8 0.995753

VERT 204
OFFSET 3.019488, -10.909244, 44.924366
BONES 2
BONE 4 0.003462
BONE 8 0.996538

VERT 205
OFFSET 3.290236, -11.162792, 45.857708
BONES 2
BONE 4 0.000234
BONE 8 0.999766

VERT 206
OFFSET 3.640943, -11.221439, 46.711624
BONES 2
BONE 4 0.000234
BONE 8 0.999766

VERT 207
OFFSET 2.430525, -11.226225, 47.633625
BONES 2
BONE 4 0.139539
BONE 8 0.860461

VERT 208
OFFSET 2.369773, -11.345905, 47.787315
BONES 2
BONE 4 0.155408
BONE 8 0.844592

VERT 209
OFFSET 2.213126, -7.859003, 46.502182
BONES 2
BONE 4 0.102414
BONE 8 0.897586

VERT 210
OFFSET 3.167655, -5.305269, 47.396404
BONES 2
BONE 4 0.060701
BONE 8 0.939299

VERT 211
OFFSET 2.253550, -5.176270, 45.353870
BONES 2
BONE 4 0.055668
BONE 8 0.944332

VERT 212
OFFSET 3.189458, -7.016900, 48.885250
BONES 3
BONE 4 0.066294
BONE 8 0.933556
BONE 22 0.000149

VERT 213
OFFSET 2.953242, -6.706239, 49.624283
BONES 2
BONE 4 0.541783
BONE 8 0.458217

VERT 214
OFFSET 2.588746, -6.418492, 49.909668
BONES 2
BONE 4 0.847557
BONE 8 0.152443

VERT 215
OFFSET 1.835434, -5.870171, 50.307899
BONES 1
BONE 4 1.000000

VERT 216
OFFSET 3.446980, -6.894245, 49.038532
BONES 3
BONE 4 0.066016
BONE 8 0.933742
BONE 22 0.000242

VERT 217
OFFSET 3.948357, -6.937960, 48.846287
BONES 3
BONE 4 0.006712
BONE 8 0.993016
BONE 22 0.000272

VERT 218
OFFSET 4.580659, -7.033304, 48.413982
BONES 3
BONE 4 0.008006
BONE 8 0.991540
BONE 22 0.000454

VERT 219
OFFSET 4.580784, -7.174313, 48.011627
BONES 3
BONE 4 0.008164
BONE 8 0.991360
BONE 22 0.000476

VERT 220
OFFSET 4.059958, -10.730092, 47.448151
BONES 2
BONE 4 0.034850
BONE 8 0.965150

VERT 221
OFFSET 4.423708, -9.769993, 48.391281
BONES 2
BONE 4 0.019370
BONE 8 0.980630

VERT 222
OFFSET 4.470748, -9.145060, 48.725273
BONES 3
BONE 4 0.007453
BONE 8 0.992530
BONE 22 0.000017

VERT 223
OFFSET 4.402667, -7.923295, 49.015549
BONES 3
BONE 4 0.006535
BONE 8 0.993406
BONE 22 0.000059

VERT 224
OFFSET 4.325758, -7.469776, 48.922680
BONES 3
BONE 4 0.005393
BONE 8 0.994502
BONE 22 0.000105

VERT 225
OFFSET 4.338600, -7.370446, 49.001495
BONES 3
BONE 4 0.005996
BONE 8 0.993832
BONE 22 0.000172

VERT 226
OFFSET 4.334481, -6.974080, 48.693558
BONES 3
BONE 4 0.007328
BONE 8 0.992313
BONE 22 0.000359

VERT 227
OFFSET 4.260168, -6.447575, 48.346771
BONES 3
BONE 4 0.008059
BONE 8 0.991480
BONE 22 0.000461

VERT 228
OFFSET 4.019150, -5.783131, 47.735943
BONES 3
BONE 4 0.004999
BONE 8 0.994957
BONE 22 0.000043

VERT 229
OFFSET 3.742598, -5.332835, 47.111088
BONES 2
BONE 4 0.004683
BONE 8 0.995317

VERT 230
OFFSET 4.369128, -5.895980, 46.205482
BONES 2
BONE 4 0.035476
BONE 8 0.964524

VERT 231
OFFSET 3.868287, -5.129257, 46.364220
BONES 2
BONE 4 0.023834
BONE 8 0.976166

VERT 232
OFFSET 4.015963, -5.705317, 46.163708
BONES 2
BONE 4 0.034048
BONE 8 0.965952

VERT 233
OFFSET 3.465523, -5.052035, 46.594597
BONES 2
BONE 4 0.015056
BONE 8 0.984944

VERT 234
OFFSET 2.907549, -5.076459, 46.864151
BONES 2
BONE 4 0.061018
BONE 8 0.938982

VERT 235
OFFSET 2.672758, -5.176908, 46.946178
BONES 2
BONE 4 0.078630
BONE 8 0.921370

VERT 236
OFFSET 2.613267, -5.485111, 46.827805
BONES 2
BONE 4 0.078950
BONE 8 0.921050

VERT 237
OFFSET 2.026959, -5.043472, 47.621540
BONES 2
BONE 4 0.074061
BONE 8 0.925939

VERT 238
OFFSET 1.518380, -5.004493, 48.186710
BONES 2
BONE 4 0.893991
BONE 8 0.106009

VERT 239
OFFSET 0.988600, -4.926219, 48.803688
BONES 2
BONE 4 0.903385
BONE 8 0.096615

VERT 240
OFFSET 0.267824, -4.850151, 50.055969
BONES 1
BONE 4 1.000000

VERT 241
OFFSET -0.436961, -4.752391, 51.225880
BONES 1
BONE 4 1.000000

VERT 242
OFFSET -0.921211, -4.618680, 52.005348
BONES 1
BONE 4 1.000000

VERT 243
OFFSET 4.477171, -7.539574, 48.730373
BONES 3
BONE 4 0.004879
BONE 8 0.993907
BONE 22 0.001214

VERT 244
OFFSET 3.461317, -8.607870, 49.203590
BONES 2
BONE 4 0.009056
BONE 8 0.990944

VERT 245
OFFSET 4.063484, -8.608379, 49.099133
BONES 2
BONE 4 0.009592
BONE 8 0.990408

VERT 246
OFFSET 4.479290, -8.560967, 48.941978
BONES 3
BONE 4 0.010017
BONE 8 0.989847
BONE 22 0.000136

VERT 247
OFFSET 4.676276, -8.564382, 48.611401
BONES 3
BONE 4 0.012126
BONE 8 0.987621
BONE 22 0.000253

VERT 248
OFFSET 4.689913, -8.549039, 48.223522
BONES 3
BONE 4 0.012253
BONE 8 0.987482
BONE 22 0.000265

VERT 249
OFFSET 3.068317, -6.897968, 49.014339
BONES 3
BONE 4 0.069051
BONE 8 0.930821
BONE 22 0.000127

VERT 250
OFFSET 3.043124, -7.293224, 49.280514
BONES 3
BONE 4 0.073416
BONE 8 0.926475
BONE 22 0.000109

VERT 251
OFFSET 4.606100, -6.639987, 47.975090
BONES 3
BONE 4 0.008270
BONE 8 0.991225
BONE 22 0.000505

VERT 252
OFFSET 4.521528, -6.131849, 47.333046
BONES 3
BONE 4 0.006592
BONE 8 0.993101
BONE 22 0.000307

VERT 253
OFFSET 4.428929, -5.707809, 46.695580
BONES 2
BONE 4 0.014346
BONE 8 0.985654

VERT 254
OFFSET 4.327435, -5.559456, 46.390213
BONES 2
BONE 4 0.029287
BONE 8 0.970713

VERT 255
OFFSET 4.210416, -5.578667, 46.241661
BONES 2
BONE 4 0.034862
BONE 8 0.965138

VERT 256
OFFSET 3.710626, -10.344009, 48.241173
BONES 2
BONE 4 0.065334
BONE 8 0.934666

VERT 257
OFFSET 4.290831, -10.283112, 47.976521
BONES 2
BONE 4 0.051183
BONE 8 0.948817

VERT 258
OFFSET 4.469590, -10.162969, 47.753246
BONES 2
BONE 4 0.048020
BONE 8 0.951980

VERT 259
OFFSET 4.351442, -9.962716, 47.412323
BONES 2
BONE 4 0.034519
BONE 8 0.965481

VERT 260
OFFSET 2.714947, -10.877977, 47.609936
BONES 2
BONE 4 0.126357
BONE 8 0.873643

VERT 261
OFFSET 2.792631, -11.115503, 47.406502
BONES 2
BONE 4 0.109001
BONE 8 0.890999

VERT 262
OFFSET 3.079812, -11.164768, 47.066204
BONES 2
BONE 4 0.072958
BONE 8 0.927042

VERT 263
OFFSET 3.733377, -10.991420, 46.853863
BONES 2
BONE 4 0.000234
BONE 8 0.999766

VERT 264
OFFSET 4.140934, -10.857648, 46.908615
BONES 2
BONE 4 0.000797
BONE 8 0.999203

VERT 265
OFFSET 3.222442, -8.071744, 49.965691
BONES 2
BONE 4 0.013723
BONE 8 0.986277

VERT 266
OFFSET 3.336062, -9.151017, 49.777393
BONES 2
BONE 4 0.060579
BONE 8 0.939421

VERT 267
OFFSET 0.852443, -10.027511, 50.901279
BONES 2
BONE 4 0.883903
BONE 8 0.116097

VERT 268
OFFSET 1.293558, -10.091292, 50.506737
BONES 2
BONE 4 0.835761
BONE 8 0.164239

VERT 269
OFFSET 2.217473, -10.438073, 49.848114
BONES 2
BONE 4 0.415706
BONE 8 0.584294

VERT 270
OFFSET 2.426784, -10.111052, 48.857662
BONES 2
BONE 4 0.049473
BONE 8 0.950527

VERT 271
OFFSET 2.893208, -10.440486, 48.772400
BONES 2
BONE 4 0.056110
BONE 8 0.943890

VERT 272
OFFSET 3.077483, -10.433689, 48.608330
BONES 2
BONE 4 0.050545
BONE 8 0.949455

VERT 273
OFFSET 2.960874, -10.103309, 48.359516
BONES 2
BONE 4 0.043549
BONE 8 0.956451

VERT 274
OFFSET 3.227901, -10.293287, 48.391529
BONES 2
BONE 4 0.052446
BONE 8 0.947554

VERT 275
OFFSET -0.159029, -10.699697, 50.111904
BONES 2
BONE 4 0.841472
BONE 8 0.158528

VERT 276
OFFSET -0.929856, -10.983300, 51.858456
BONES 1
BONE 4 1.000000

VERT 277
OFFSET 2.530203, -11.327895, 47.922112
BONES 2
BONE 4 0.164493
BONE 8 0.835507

VERT 278
OFFSET 2.761045, -11.235079, 47.701694
BONES 2
BONE 4 0.138346
BONE 8 0.861654

VERT 279
OFFSET 2.665103, -11.302537, 47.831039
BONES 2
BONE 4 0.153346
BONE 8 0.846654

VERT 280
OFFSET 2.770101, -11.213150, 47.991810
BONES 2
BONE 4 0.162972
BONE 8 0.837028

VERT 281
OFFSET 1.444882, -10.756990, 49.779415
BONES 2
BONE 4 0.685902
BONE 8 0.314098

VERT 282
OFFSET 1.916327, -10.402499, 50.279129
BONES 2
BONE 4 0.619528
BONE 8 0.380472

VERT 283
OFFSET 2.380694, -9.911881, 50.611877
BONES 2
BONE 4 0.659919
BONE 8 0.340081

VERT 284
OFFSET 2.228361, -9.033937, 50.959896
BONES 2
BONE 4 0.889039
BONE 8 0.110961

VERT 285
OFFSET 2.199492, -9.497663, 50.746773
BONES 2
BONE 4 0.851000
BONE 8 0.149000

VERT 286
OFFSET 2.045154, -9.853754, 50.633553
BONES 2
BONE 4 0.768828
BONE 8 0.231172

VERT 287
OFFSET 1.637566, -10.237731, 50.339081
BONES 2
BONE 4 0.806355
BONE 8 0.193645

VERT 288
OFFSET 1.664838, -7.930048, 52.317516
BONES 1
BONE 4 1.000000

VERT 289
OFFSET 1.921068, -8.268582, 51.806465
BONES 2
BONE 4 0.931377
BONE 8 0.068623

VERT 290
OFFSET 2.143241, -8.638451, 51.281330
BONES 2
BONE 4 0.889039
BONE 8 0.110961

VERT 291
OFFSET 1.323405, -7.431286, 53.206345
BONES 1
BONE 4 1.000000

VERT 292
OFFSET 1.139526, -7.072750, 54.020557
BONES 1
BONE 4 1.000000

VERT 293
OFFSET 3.023119, -9.396792, 50.026955
BONES 2
BONE 4 0.137986
BONE 8 0.862014

VERT 294
OFFSET 2.981292, -8.699776, 50.565399
BONES 2
BONE 4 0.774922
BONE 8 0.225078

VERT 295
OFFSET 3.262683, -8.639278, 50.158474
BONES 2
BONE 4 0.076273
BONE 8 0.923726

VERT 296
OFFSET 3.344574, -8.621039, 49.912727
BONES 2
BONE 4 0.059864
BONE 8 0.940136

VERT 297
OFFSET 3.297251, -8.579844, 49.599747
BONES 2
BONE 4 0.074949
BONE 8 0.925050

VERT 298
OFFSET 3.095038, -8.558205, 49.078358
BONES 2
BONE 4 0.171670
BONE 8 0.828330

VERT 299
OFFSET 3.159066, -9.444806, 49.704483
BONES 2
BONE 4 0.121269
BONE 8 0.878731

VERT 300
OFFSET 3.268134, -9.505262, 49.409344
BONES 2
BONE 4 0.136232
BONE 8 0.863768

VERT 301
OFFSET 3.281893, -9.492883, 49.234158
BONES 2
BONE 4 0.150418
BONE 8 0.849582

VERT 302
OFFSET 3.098872, -9.231892, 48.886013
BONES 2
BONE 4 0.180495
BONE 8 0.819506

VERT 303
OFFSET 1.132726, -5.763450, 53.324772
BONES 1
BONE 4 1.000000

VERT 304
OFFSET 1.295003, -6.261906, 52.617752
BONES 1
BONE 4 1.000000

VERT 305
OFFSET 1.756246, -6.686153, 51.869576
BONES 1
BONE 4 1.000000

VERT 306
OFFSET 2.545285, -6.848728, 50.215992
BONES 2
BONE 4 0.847170
BONE 8 0.152830

VERT 307
OFFSET 2.804909, -7.449817, 50.232864
BONES 2
BONE 4 0.699824
BONE 8 0.300176

VERT 308
OFFSET 3.045403, -7.449755, 50.007862
BONES 2
BONE 4 0.105047
BONE 8 0.894953

VERT 309
OFFSET 3.132873, -7.488790, 49.722946
