// Export filename: 'C:/cod5/cod/cod5/model_export/viewmodels/viewmodel_rus_sniper_arms.XMODEL_EXPORT'
// Source filename: 'C:/cod5/cod/cod5/model_export/viewmodels/viewmodel_rus_sniper_arms.ma'
// Export time: Tue Aug 19 22:06:24 2008
MODEL
VERSION 6

NUMBONES 70
BONE 0 -1 "tag_view"
BONE 1 0 "tag_ads"
BONE 2 0 "tag_cambone"
BONE 3 0 "tag_torso"
BONE 4 3 "J_Shoulder_LE"
BONE 5 3 "J_Shoulder_RI"
BONE 6 2 "tag_camera"
BONE 7 3 "tag_weapon"
BONE 8 4 "J_Elbow_LE"
BONE 9 5 "J_Elbow_RI"
BONE 10 6 "tag_gasmask"
BONE 11 8 "J_Sleave_Reshape_Bottom_LE_1"
BONE 12 8 "J_Sleave_Reshape_Bottom_LE_2"
BONE 13 8 "J_Sleave_Reshape_Top_LE_1"
BONE 14 8 "J_Sleave_Reshape_Top_LE_2"
BONE 15 8 "J_Sleave_Reshape_Top_LE_3"
BONE 16 9 "J_Sleave_Reshape_Top_RI_1"
BONE 17 9 "J_Sleave_Reshape_Top_RI_2"
BONE 18 9 "J_Sleave_Reshape_Top_RI_3"
BONE 19 8 "J_Wrist_LE"
BONE 20 9 "J_Wrist_RI"
BONE 21 8 "J_WristTwist_LE"
BONE 22 9 "J_WristTwist_RI"
BONE 23 19 "J_Index_LE_0"
BONE 24 20 "J_Index_RI_0"
BONE 25 19 "J_Mid_LE_0"
BONE 26 20 "J_Mid_RI_0"
BONE 27 19 "J_PinkyPalm_LE"
BONE 28 20 "J_PinkyPalm_RI"
BONE 29 19 "J_RingPalm_LE"
BONE 30 20 "J_RingPalm_RI"
BONE 31 19 "J_Thumb_LE_0"
BONE 32 20 "J_Thumb_RI_0"
BONE 33 19 "J_Webbing_LE"
BONE 34 20 "J_Webbing_RI"
BONE 35 19 "tag_knife_attach"
BONE 36 23 "J_Index_LE_1"
BONE 37 24 "J_Index_RI_1"
BONE 38 25 "J_Mid_LE_1"
BONE 39 26 "J_Mid_RI_1"
BONE 40 27 "J_Pinky_LE_0"
BONE 41 28 "J_Pinky_RI_0"
BONE 42 29 "J_Ring_LE_0"
BONE 43 30 "J_Ring_RI_0"
BONE 44 31 "J_Thumb_LE_1"
BONE 45 32 "J_Thumb_RI_1"
BONE 46 36 "J_Index_LE_2"
BONE 47 37 "J_Index_RI_2"
BONE 48 38 "J_Mid_LE_2"
BONE 49 39 "J_Mid_RI_2"
BONE 50 40 "J_Pinky_LE_1"
BONE 51 41 "J_Pinky_RI_1"
BONE 52 42 "J_Ring_LE_1"
BONE 53 43 "J_Ring_RI_1"
BONE 54 44 "J_Thumb_LE_2"
BONE 55 45 "J_Thumb_RI_2"
BONE 56 46 "J_Index_LE_3"
BONE 57 47 "J_Index_RI_3"
BONE 58 48 "J_Mid_LE_3"
BONE 59 49 "J_Mid_RI_3"
BONE 60 50 "J_Pinky_LE_2"
BONE 61 51 "J_Pinky_RI_2"
BONE 62 52 "J_Ring_LE_2"
BONE 63 53 "J_Ring_RI_2"
BONE 64 54 "J_Thumb_LE_3"
BONE 65 55 "J_Thumb_RI_3"
BONE 66 60 "J_Pinky_LE_3"
BONE 67 61 "J_Pinky_RI_3"
BONE 68 62 "J_Ring_LE_3"
BONE 69 63 "J_Ring_RI_3"

BONE 0
OFFSET 0.000000, 0.000000, 0.000000
SCALE 1.000000, 1.000000, 1.000000
X 1.000000, 0.000000, 0.000000
Y 0.000000, 1.000000, 0.000000
Z 0.000000, 0.000000, 1.000000

BONE 1
OFFSET 0.000000, 0.000000, 0.000000
SCALE 1.000000, 1.000000, 1.000000
X 1.000000, 0.000000, 0.000000
Y 0.000000, 1.000000, 0.000000
Z 0.000000, 0.000000, 1.000000

BONE 2
OFFSET 0.000000, 0.000000, 0.000000
SCALE 1.000000, 1.000000, 1.000000
X 1.000000, 0.000000, 0.000000
Y 0.000000, 1.000000, 0.000000
Z 0.000000, 0.000000, 1.000000

BONE 3
OFFSET -4.631834, 0.000000, -1.376955
SCALE 1.000000, 1.000000, 1.000000
X 1.000000, 0.000000, 0.000000
Y 0.000000, 1.000000, 0.000000
Z 0.000000, 0.000000, 1.000000

BONE 4
OFFSET -3.506030, 7.937290, -3.186910
SCALE 1.000000, 1.000000, 1.000000
X 0.472986, 0.011374, -0.880996
Y 0.446745, -0.864941, 0.228681
Z -0.759409, -0.501744, -0.414187

BONE 5
OFFSET -3.506032, -7.937284, -3.186909
SCALE 1.000000, 1.000000, 1.000000
X -0.472986, 0.011374, 0.880996
Y -0.446745, -0.864941, -0.228681
Z 0.759409, -0.501744, 0.414187

BONE 6
OFFSET 0.000000, 0.000000, 0.000000
SCALE 1.000000, 1.000000, 1.000000
X 1.000000, 0.000000, 0.000000
Y 0.000000, 1.000000, 0.000000
Z 0.000000, 0.000000, 1.000000

BONE 7
OFFSET 10.527968, 0.000000, -8.129675
SCALE 1.000000, 1.000000, 1.000000
X 1.000000, 0.000000, 0.000000
Y 0.000000, 1.000000, 0.000000
Z 0.000000, 0.000000, 1.000000

BONE 8
OFFSET 2.214219, 8.074842, -13.841592
SCALE 1.000000, 1.000000, 1.000000
X 0.999978, -0.002833, 0.005930
Y -0.005970, -0.014367, 0.999879
Z -0.002747, -0.999893, -0.014384

BONE 9
OFFSET 2.214221, -8.074842, -13.841575
SCALE 1.000000, 1.000000, 1.000000
X -0.999978, -0.002833, -0.005930
Y 0.005970, -0.014367, -0.999879
Z 0.002747, -0.999893, 0.014384

BONE 10
OFFSET 1.540442, 0.000000, 4.135746
SCALE 1.000000, 1.000000, 1.000000
X 1.000000, 0.000000, 0.000000
Y 0.000000, 1.000000, 0.000000
Z 0.000000, 0.000000, 1.000000

BONE 11
OFFSET 12.125037, 8.958635, -14.825972
SCALE 1.000000, 1.000000, 1.000000
X 1.000000, 0.000000, 0.000000
Y 0.000000, 1.000000, 0.000000
Z 0.000000, 0.000000, 1.000000

BONE 12
OFFSET 11.739065, 7.335669, -15.051069
SCALE 1.000000, 1.000000, 1.000000
X 1.000000, 0.000000, 0.000000
Y 0.000000, 1.000000, 0.000000
Z 0.000000, 0.000000, 1.000000

BONE 13
OFFSET 12.634503, 8.810233, -12.285378
SCALE 1.000000, 1.000000, 1.000000
X 1.000000, 0.000000, 0.000000
Y 0.000000, 1.000000, 0.000000
Z 0.000000, 0.000000, 1.000000

BONE 14
OFFSET 12.530005, 7.482795, -12.089205
SCALE 1.000000, 1.000000, 1.000000
X 1.000000, 0.000000, 0.000000
Y 0.000000, 1.000000, 0.000000
Z 0.000000, 0.000000, 1.000000

BONE 15
OFFSET 12.149994, 6.891432, -13.059547
SCALE 1.000000, 1.000000, 1.000000
X 1.000000, 0.000000, 0.000000
Y 0.000000, 1.000000, 0.000000
Z 0.000000, 0.000000, 1.000000

BONE 16
OFFSET 12.634488, -8.810236, -12.285394
SCALE 1.000000, 1.000000, 1.000000
X -1.000000, 0.000000, -0.000000
Y 0.000000, 1.000000, 0.000000
Z 0.000000, 0.000000, -1.000000

BONE 17
OFFSET 12.530000, -7.482795, -12.089212
SCALE 1.000000, 1.000000, 1.000000
X -1.000000, 0.000000, -0.000000
Y 0.000000, 1.000000, 0.000000
Z 0.000000, 0.000000, -1.000000

BONE 18
OFFSET 12.150000, -6.891418, -13.059566
SCALE 1.000000, 1.000000, 1.000000
X -1.000000, 0.000000, -0.000000
Y 0.000000, 1.000000, 0.000000
Z 0.000000, 0.000000, -1.000000

BONE 19
OFFSET 13.785073, 8.042067, -13.772971
SCALE 1.000000, 1.000000, 1.000000
X 0.996700, -0.023076, 0.077825
Y -0.077652, 0.008297, 0.996946
Z -0.023651, -0.999699, 0.006478

BONE 20
OFFSET 13.785079, -8.042048, -13.772953
SCALE 1.000000, 1.000000, 1.000000
X -0.996700, -0.023076, -0.077825
Y 0.077652, 0.008297, -0.996946
Z 0.023651, -0.999699, -0.006478

BONE 21
OFFSET 10.719465, 8.050750, -13.791152
SCALE 1.000000, 1.000000, 1.000000
X 0.999978, -0.002833, 0.005930
Y -0.005970, -0.014367, 0.999879
Z -0.002747, -0.999893, -0.014384

BONE 22
OFFSET 10.719449, -8.050748, -13.791142
SCALE 1.000000, 1.000000, 1.000000
X -0.999978, -0.002833, -0.005930
Y 0.005970, -0.014367, -0.999879
Z 0.002747, -0.999893, 0.014384

BONE 23
OFFSET 17.618980, 8.329933, -12.720215
SCALE 1.000000, 1.000000, 1.000000
X 0.770359, -0.621881, 0.140748
Y -0.611755, -0.783111, -0.111771
Z 0.179730, 0.000000, -0.983716

BONE 24
OFFSET 17.618977, -8.329922, -12.720197
SCALE 1.000000, 1.000000, 1.000000
X -0.770359, -0.621881, -0.140748
Y 0.611755, -0.783111, 0.111771
Z -0.179730, -0.000000, 0.983716

BONE 25
OFFSET 17.592691, 8.144073, -13.808888
SCALE 1.000000, 1.000000, 1.000000
X 0.786575, -0.616967, 0.025504
Y -0.616643, -0.786989, -0.019994
Z 0.032407, 0.000000, -0.999475

BONE 26
OFFSET 17.592678, -8.144055, -13.808898
SCALE 1.000000, 1.000000, 1.000000
X -0.786575, -0.616967, -0.025504
Y 0.616643, -0.786989, 0.019994
Z -0.032407, -0.000000, 0.999475

BONE 27
OFFSET 14.706850, 7.811601, -14.773290
SCALE 1.000000, 1.000000, 1.000000
X 0.860527, -0.066586, -0.505035
Y -0.090728, -0.995602, -0.023327
Z -0.501261, 0.065894, -0.862784

BONE 28
OFFSET 14.706850, -7.811614, -14.773307
SCALE 1.000000, 1.000000, 1.000000
X -0.860527, -0.066586, 0.505035
Y 0.090728, -0.995602, 0.023327
Z 0.501261, 0.065894, 0.862784

BONE 29
OFFSET 14.877762, 7.951642, -14.094536
SCALE 1.000000, 1.000000, 1.000000
X 0.972219, -0.030530, -0.232073
Y -0.040633, -0.998417, -0.038880
Z -0.230519, 0.047230, -0.971921

BONE 30
OFFSET 14.877756, -7.951653, -14.094527
SCALE 1.000000, 1.000000, 1.000000
X -0.972219, -0.030530, 0.232073
Y 0.040633, -0.998417, 0.038880
Z 0.230519, 0.047230, 0.971921

BONE 31
OFFSET 14.148777, 7.629210, -12.773211
SCALE 1.000000, 1.000000, 1.000000
X 0.614049, -0.475564, 0.629907
Y -0.500882, 0.381986, 0.776662
Z -0.609968, -0.792418, -0.003644

BONE 32
OFFSET 14.148780, -7.629212, -12.773229
SCALE 1.000000, 1.000000, 1.000000
X -0.614049, -0.475564, -0.629907
Y 0.500882, 0.381986, -0.776662
Z 0.609968, -0.792418, 0.003644

BONE 33
OFFSET 16.721630, 7.448270, -11.946650
SCALE 1.000000, 1.000000, 1.000000
X 0.946229, -0.301294, -0.117786
Y 0.309193, 0.949386, 0.055376
Z 0.095139, -0.088817, 0.991494

BONE 34
OFFSET 9.583885, -8.680950, -13.257301
SCALE 1.000000, 1.000000, 1.000000
X -0.946229, -0.301294, 0.117786
Y -0.309193, 0.949386, -0.055376
Z -0.095139, -0.088817, -0.991494

BONE 35
OFFSET 16.493113, 6.451591, -14.089364
SCALE 1.000000, 1.000000, 1.000000
X -0.281344, 0.000438, -0.959607
Y 0.023651, 0.999699, -0.006478
Z 0.959315, -0.024518, -0.281270

BONE 36
OFFSET 18.975315, 7.235017, -12.472406
SCALE 1.000000, 1.000000, 1.000000
X 0.426042, -0.903354, 0.049392
Y -0.880239, -0.426513, -0.208005
Z 0.208969, 0.045142, -0.976880

BONE 37
OFFSET 18.975315, -7.235000, -12.472402
SCALE 1.000000, 1.000000, 1.000000
X -0.426042, -0.903354, -0.049392
Y 0.880239, -0.426513, 0.208005
Z -0.208969, 0.045142, 0.976880

BONE 38
OFFSET 19.129311, 6.938792, -13.759066
SCALE 1.000000, 1.000000, 1.000000
X 0.028169, -0.999543, -0.010950
Y -0.999561, -0.028267, 0.008848
Z -0.009153, 0.010696, -0.999901

BONE 39
OFFSET 19.129292, -6.938779, -13.759055
SCALE 1.000000, 1.000000, 1.000000
X -0.028169, -0.999543, 0.010950
Y 0.999561, -0.028267, -0.008848
Z 0.009153, 0.010696, 0.999901

BONE 40
OFFSET 16.702198, 7.530317, -15.785225
SCALE 1.000000, 1.000000, 1.000000
X 0.856282, -0.436541, -0.276069
Y -0.415481, -0.899684, 0.133953
Z -0.306851, 0.000000, -0.951758

BONE 41
OFFSET 16.702206, -7.530315, -15.785236
SCALE 1.000000, 1.000000, 1.000000
X -0.856282, -0.436541, 0.276069
Y 0.415481, -0.899684, -0.133953
Z 0.306851, -0.000000, 0.951758

BONE 42
OFFSET 17.367678, 7.901457, -14.840354
SCALE 1.000000, 1.000000, 1.000000
X 0.831745, -0.508839, -0.221999
Y -0.491628, -0.860862, 0.131219
Z -0.257880, 0.000000, -0.966177

BONE 43
OFFSET 17.367678, -7.901457, -14.840354
SCALE 1.000000, 1.000000, 1.000000
X -0.831745, -0.508839, 0.221999
Y 0.491628, -0.860862, -0.131219
Z 0.257880, -0.000000, 0.966177

BONE 44
OFFSET 15.389911, 6.597012, -11.336607
SCALE 1.000000, 1.000000, 1.000000
X 0.914596, -0.402924, 0.034161
Y -0.078983, -0.095150, 0.992325
Z -0.396581, -0.910274, -0.118848

BONE 45
OFFSET 15.389921, -6.597008, -11.336615
SCALE 1.000000, 1.000000, 1.000000
X -0.914596, -0.402924, -0.034161
Y 0.078983, -0.095150, -0.992325
Z 0.396581, -0.910274, 0.118848

BONE 46
OFFSET 19.480556, 6.134072, -12.353014
SCALE 1.000000, 1.000000, 1.000000
X 0.139847, -0.988437, 0.058612
Y -0.965352, -0.149273, -0.214039
Z 0.220313, -0.026648, -0.975065

BONE 47
OFFSET 19.480551, -6.134055, -12.353031
SCALE 1.000000, 1.000000, 1.000000
X -0.139847, -0.988437, -0.058612
Y 0.965352, -0.149273, 0.214039
Z -0.220313, -0.026648, 0.975065

BONE 48
OFFSET 19.170456, 5.478823, -13.775060
SCALE 1.000000, 1.000000, 1.000000
X -0.530249, -0.847838, 0.002716
Y -0.845552, 0.529049, 0.071753
Z -0.062271, 0.035750, -0.997419

BONE 49
OFFSET 19.170473, -5.478819, -13.775079
SCALE 1.000000, 1.000000, 1.000000
X 0.530249, -0.847838, -0.002716
Y 0.845552, 0.529049, -0.071753
Z 0.062271, 0.035750, 0.997419

BONE 50
OFFSET 17.914511, 6.912269, -16.176081
SCALE 1.000000, 1.000000, 1.000000
X 0.129509, -0.990999, -0.033881
Y -0.958733, -0.133868, 0.250818
Z -0.253096, 0.000000, -0.967441

BONE 51
OFFSET 17.914528, -6.912283, -16.176064
SCALE 1.000000, 1.000000, 1.000000
X -0.129509, -0.990999, 0.033881
Y 0.958733, -0.133868, -0.250818
Z 0.253096, -0.000000, 0.967441

BONE 52
OFFSET 18.783724, 7.035159, -15.218307
SCALE 1.000000, 1.000000, 1.000000
X 0.018696, -0.999823, 0.001993
Y -0.972646, -0.017726, 0.231616
Z -0.231540, -0.006269, -0.972805

BONE 53
OFFSET 18.783741, -7.035158, -15.218307
SCALE 1.000000, 1.000000, 1.000000
X -0.018696, -0.999823, -0.001993
Y 0.972646, -0.017726, -0.231616
Z 0.231540, -0.006269, 0.972805

BONE 54
OFFSET 16.826696, 5.850290, -11.353966
SCALE 1.000000, 1.000000, 1.000000
X 0.780284, -0.439636, -0.444835
Y 0.353937, -0.276002, 0.893617
Z -0.515641, -0.854718, -0.059757

BONE 55
OFFSET 16.826693, -5.850276, -11.353976
SCALE 1.000000, 1.000000, 1.000000
X -0.780284, -0.439636, 0.444835
Y -0.353937, -0.276002, -0.893617
Z 0.515641, -0.854718, 0.059757

BONE 56
OFFSET 19.638519, 5.017599, -12.286811
SCALE 1.000000, 1.000000, 1.000000
X 0.887890, 0.449028, -0.100123
Y -0.450278, 0.892820, 0.011023
Z 0.094341, 0.035295, 0.994914

BONE 57
OFFSET 19.638504, -5.017599, -12.286811
SCALE 1.000000, 1.000000, 1.000000
X -0.887890, 0.449028, 0.100123
Y 0.450278, 0.892820, -0.011023
Z -0.094341, 0.035295, -0.994914

BONE 58
OFFSET 18.570051, 4.518455, -13.779097
SCALE 1.000000, 1.000000, 1.000000
X 0.950632, 0.309916, 0.015845
Y -0.309563, 0.950639, -0.021349
Z -0.021679, 0.015390, 0.999647

BONE 59
OFFSET 18.570040, -4.518465, -13.779095
SCALE 1.000000, 1.000000, 1.000000
X -0.950632, 0.309916, -0.015845
Y 0.309563, 0.950639, 0.021349
Z 0.021679, 0.015390, -0.999647

BONE 60
OFFSET 18.029337, 6.033617, -16.206121
SCALE 1.000000, 1.000000, 1.000000
X -0.508594, -0.843981, 0.170374
Y -0.800272, 0.536372, 0.268083
Z -0.317641, -0.000000, -0.948211

BONE 61
OFFSET 18.029331, -6.033622, -16.206102
SCALE 1.000000, 1.000000, 1.000000
X 0.508594, -0.843981, -0.170374
Y 0.800272, 0.536372, -0.268083
Z 0.317641, -0.000000, 0.948211

BONE 62
OFFSET 18.809635, 5.649475, -15.215545
SCALE 1.000000, 1.000000, 1.000000
X -0.560939, -0.817051, 0.133323
Y -0.794907, 0.576565, 0.188932
Z -0.231237, 0.000000, -0.972898

BONE 63
OFFSET 18.809647, -5.649488, -15.215551
SCALE 1.000000, 1.000000, 1.000000
X 0.560939, -0.817051, -0.133323
Y 0.794907, 0.576565, -0.188932
Z 0.231237, 0.000000, 0.972898

BONE 64
OFFSET 17.652914, 5.331044, -11.822542
SCALE 1.000000, 1.000000, 1.000000
X 0.980154, 0.167623, -0.105833
Y -0.164811, 0.985710, 0.034839
Z 0.110161, -0.016705, 0.993773

BONE 65
OFFSET 17.652914, -5.331063, -11.822559
SCALE 1.000000, 1.000000, 1.000000
X -0.980154, 0.167623, 0.105833
Y 0.164811, 0.985710, -0.034839
Z -0.110161, -0.016705, -0.993773

BONE 66
OFFSET 17.546160, 5.231812, -16.044260
SCALE 1.000000, 1.000000, 1.000000
X 0.937314, 0.308816, -0.161479
Y -0.317012, 0.948035, -0.027072
Z 0.144727, 0.076566, 0.986505

BONE 67
OFFSET 17.546143, -5.231811, -16.044252
SCALE 1.000000, 1.000000, 1.000000
X -0.937314, 0.308816, 0.161479
Y 0.317012, 0.948035, 0.027072
Z -0.144727, 0.076566, -0.986505

BONE 68
OFFSET 18.201283, 4.763361, -15.070953
SCALE 1.000000, 1.000000, 1.000000
X 0.902287, 0.340068, -0.265014
Y -0.319075, 0.940102, 0.120000
Z 0.289948, -0.023715, 0.956748

BONE 69
OFFSET 18.201300, -4.763347, -15.070945
SCALE 1.000000, 1.000000, 1.000000
X -0.902287, 0.340068, 0.265014
Y 0.319075, 0.940102, -0.120000
Z -0.289948, -0.023715, -0.956748

NUMVERTS 4376
VERT 0
OFFSET 9.694003, -7.442395, -11.788158
BONES 6
BONE 5 0.001073
BONE 9 0.668945
BONE 22 0.035090
BONE 18 0.074886
BONE 17 0.217572
BONE 16 0.002433

VERT 1
OFFSET 9.624819, -6.632794, -12.267497
BONES 6
BONE 5 0.000863
BONE 9 0.662289
BONE 22 0.037143
BONE 18 0.165637
BONE 17 0.133706
BONE 16 0.000362

VERT 2
OFFSET 9.353806, -6.487401, -12.179450
BONES 6
BONE 5 0.001054
BONE 9 0.698165
BONE 22 0.038144
BONE 18 0.158973
BONE 17 0.103531
BONE 16 0.000133

VERT 3
OFFSET 9.532482, -7.355155, -11.603585
BONES 6
BONE 5 0.001145
BONE 9 0.685545
BONE 22 0.035724
BONE 18 0.074343
BONE 17 0.201093
BONE 16 0.002150

VERT 4
OFFSET 0.382571, -5.518878, -9.905457
BONES 2
BONE 5 0.972967
BONE 9 0.027033

VERT 5
OFFSET 0.263574, -5.980588, -11.570379
BONES 2
BONE 5 0.907582
BONE 9 0.092418

VERT 6
OFFSET -0.375164, -4.804596, -12.141069
BONES 2
BONE 5 0.839669
BONE 9 0.160331

VERT 7
OFFSET -0.848871, -4.659561, -10.638998
BONES 2
BONE 5 0.961634
BONE 9 0.038366

VERT 8
OFFSET -1.928025, -4.519601, -6.347188
BONES 2
BONE 5 0.999892
BONE 9 0.000108

VERT 9
OFFSET -0.167548, -4.818930, -6.051917
BONES 1
BONE 5 1.000000

VERT 10
OFFSET 0.272556, -5.155162, -7.950190
BONES 2
BONE 5 0.989223
BONE 9 0.010777

VERT 11
OFFSET -1.534842, -4.534445, -8.888631
BONES 2
BONE 5 0.995978
BONE 9 0.004022

VERT 12
OFFSET -2.189471, -3.901800, -5.103034
BONES 1
BONE 5 1.000000

VERT 13
OFFSET -0.894026, -4.370048, -4.135175
BONES 1
BONE 5 1.000000

VERT 14
OFFSET 12.228334, -8.061729, -11.711388
BONES 6
BONE 5 0.000003
BONE 9 0.447681
BONE 22 0.011015
BONE 18 0.001352
BONE 17 0.428880
BONE 16 0.111069

VERT 15
OFFSET 12.162810, -7.366538, -11.743409
BONES 5
BONE 9 0.413503
BONE 22 0.014065
BONE 18 0.019104
BONE 17 0.534109
BONE 16 0.019220

VERT 16
OFFSET 10.668302, -7.414718, -11.718194
BONES 6
BONE 5 0.000496
BONE 9 0.545511
BONE 22 0.029185
BONE 18 0.068931
BONE 17 0.350997
BONE 16 0.004880

VERT 17
OFFSET 10.757930, -8.136133, -11.697954
BONES 6
BONE 5 0.000760
BONE 9 0.600159
BONE 22 0.026308
BONE 18 0.007183
BONE 17 0.301087
BONE 16 0.064502

VERT 18
OFFSET 1.538639, -8.204068, -9.985495
BONES 2
BONE 5 0.978982
BONE 9 0.021018

VERT 19
OFFSET 1.356700, -7.091332, -8.700108
BONES 2
BONE 5 0.960527
BONE 9 0.039473

VERT 20
OFFSET 1.588786, -8.265368, -8.349280
BONES 2
BONE 5 0.937288
BONE 9 0.062712

VERT 21
OFFSET 0.511576, -6.060557, -7.682838
BONES 2
BONE 5 0.974135
BONE 9 0.025865

VERT 22
OFFSET 0.379729, -6.942662, -6.852983
BONES 2
BONE 5 0.999922
BONE 9 0.000078

VERT 23
OFFSET 0.915294, -7.151461, -7.492275
BONES 2
BONE 5 0.987666
BONE 9 0.012334

VERT 24
OFFSET 0.234215, -5.401369, -5.463238
BONES 2
BONE 5 1.000000
BONE 9 0.000000

VERT 25
OFFSET -0.572573, -5.197263, -3.736365
BONES 1
BONE 5 1.000000

VERT 26
OFFSET -0.255819, -6.239380, -3.040661
BONES 1
BONE 5 1.000000

VERT 27
OFFSET 0.174888, -6.551130, -5.086212
BONES 2
BONE 5 0.999961
BONE 9 0.000039

VERT 28
OFFSET -0.158167, -8.611398, -1.816674
BONES 2
BONE 5 1.000000
BONE 9 0.000000

VERT 29
OFFSET -0.999542, -9.970550, -1.362018
BONES 1
BONE 5 1.000000

VERT 30
OFFSET -0.313133, -10.353716, -4.465384
BONES 2
BONE 5 0.996461
BONE 9 0.003539

VERT 31
OFFSET 0.239885, -9.098297, -4.607016
BONES 2
BONE 5 0.999987
BONE 9 0.000013

VERT 32
OFFSET -0.078017, -10.243940, -6.811777
BONES 2
BONE 5 0.993591
BONE 9 0.006409

VERT 33
OFFSET 0.642747, -9.132948, -6.801089
BONES 2
BONE 5 0.999677
BONE 9 0.000323

VERT 34
OFFSET 0.617941, -9.130284, -5.845499
BONES 2
BONE 5 0.999981
BONE 9 0.000020

VERT 35
OFFSET 0.440083, -10.120867, -8.587849
BONES 2
BONE 5 0.993314
BONE 9 0.006686

VERT 36
OFFSET 1.033392, -10.247879, -10.132364
BONES 2
BONE 5 0.952900
BONE 9 0.047100

VERT 37
OFFSET 2.048418, -9.832765, -10.023385
BONES 2
BONE 5 0.885511
BONE 9 0.114489

VERT 38
OFFSET 1.501256, -9.438694, -8.390715
BONES 2
BONE 5 0.954246
BONE 9 0.045754

VERT 39
OFFSET 9.974231, -9.220733, -12.226722
BONES 5
BONE 5 0.004704
BONE 9 0.795985
BONE 22 0.035402
BONE 17 0.030487
BONE 16 0.133422

VERT 40
OFFSET 9.944432, -9.545781, -12.641288
BONES 5
BONE 5 0.005196
BONE 9 0.803849
BONE 22 0.034861
BONE 17 0.005900
BONE 16 0.150195

VERT 41
OFFSET 10.924541, -9.433131, -12.662458
BONES 6
BONE 5 0.002385
BONE 9 0.641145
BONE 22 0.025752
BONE 18 0.000105
BONE 17 0.013778
BONE 16 0.316835

VERT 42
OFFSET 10.890021, -9.130716, -12.252701
BONES 6
BONE 5 0.002290
BONE 9 0.651435
BONE 22 0.025592
BONE 18 0.000082
BONE 17 0.062581
BONE 16 0.258021

VERT 43
OFFSET 11.800295, -9.635053, -14.166803
BONES 6
BONE 5 0.001072
BONE 9 0.530517
BONE 22 0.013143
BONE 18 0.000031
BONE 17 0.000087
BONE 16 0.455149

VERT 44
OFFSET 10.971446, -9.656702, -13.454119
BONES 6
BONE 5 0.001942
BONE 9 0.616696
BONE 22 0.020886
BONE 18 0.000056
BONE 17 0.000223
BONE 16 0.360197

VERT 45
OFFSET 10.994740, -9.620581, -14.160186
BONES 6
BONE 5 0.002335
BONE 9 0.634064
BONE 22 0.018805
BONE 18 0.000014
BONE 17 0.000056
BONE 16 0.344726

VERT 46
OFFSET 9.426286, -9.817729, -15.525225
BONES 4
BONE 5 0.011494
BONE 9 0.899941
BONE 22 0.033968
BONE 16 0.054597

VERT 47
OFFSET 9.774193, -9.404924, -15.843715
BONES 4
BONE 5 0.012945
BONE 9 0.899141
BONE 22 0.036790
BONE 16 0.051124

VERT 48
OFFSET 9.932530, -9.729234, -14.874976
BONES 4
BONE 5 0.006784
BONE 9 0.822355
BONE 22 0.027775
BONE 16 0.143087

VERT 49
OFFSET 9.418121, -10.157133, -14.507777
BONES 5
BONE 5 0.006701
BONE 9 0.874272
BONE 22 0.028752
BONE 17 0.000006
BONE 16 0.090269

VERT 50
OFFSET -0.535398, -10.389591, -8.766064
BONES 2
BONE 5 0.983891
BONE 9 0.016109

VERT 51
OFFSET -0.082437, -10.351486, -10.538454
BONES 2
BONE 5 0.907979
BONE 9 0.092021

VERT 52
OFFSET -1.700387, -10.756847, -4.733703
BONES 2
BONE 5 0.994782
BONE 9 0.005218

VERT 53
OFFSET -1.029305, -10.667376, -6.929877
BONES 1
BONE 5 1.000000

VERT 54
OFFSET -2.078178, -10.641177, -1.641375
BONES 2
BONE 5 0.999782
BONE 9 0.000218

VERT 55
OFFSET 9.522099, -9.042088, -15.606446
BONES 4
BONE 5 0.015100
BONE 9 0.914319
BONE 22 0.039231
BONE 16 0.031349

VERT 56
OFFSET 10.875419, -8.734727, -15.424994
BONES 4
BONE 5 0.008341
BONE 9 0.906844
BONE 22 0.038342
BONE 16 0.046472

VERT 57
OFFSET 10.928158, -9.015471, -15.722376
BONES 4
BONE 5 0.008295
BONE 9 0.891506
BONE 22 0.036818
BONE 16 0.063381

VERT 58
OFFSET 12.144617, -6.810115, -15.475420
BONES 5
BONE 5 0.000237
BONE 9 0.817631
BONE 22 0.044365
BONE 18 0.137602
BONE 16 0.000164

VERT 59
OFFSET 12.239322, -7.669820, -15.715442
BONES 5
BONE 5 0.001262
BONE 9 0.916430
BONE 22 0.043691
BONE 18 0.035216
BONE 16 0.003400

VERT 60
OFFSET 10.776073, -7.874937, -15.884700
BONES 5
BONE 5 0.007375
BONE 9 0.928220
BONE 22 0.043042
BONE 18 0.018014
BONE 16 0.003349

VERT 61
OFFSET 10.624434, -6.859215, -15.666186
BONES 5
BONE 5 0.004099
BONE 9 0.865650
BONE 22 0.042274
BONE 18 0.087697
BONE 16 0.000280

VERT 62
OFFSET 9.655602, -6.352443, -15.283915
BONES 4
BONE 5 0.005028
BONE 9 0.832274
BONE 22 0.039036
BONE 18 0.123662

VERT 63
OFFSET 9.559238, -5.997723, -14.413344
BONES 5
BONE 5 0.002451
BONE 9 0.765666
BONE 22 0.038160
BONE 18 0.190418
BONE 17 0.003304

VERT 64
OFFSET 10.496840, -6.064548, -14.317804
BONES 5
BONE 5 0.000828
BONE 9 0.681262
BONE 22 0.042989
BONE 18 0.267330
BONE 17 0.007591

VERT 65
OFFSET 10.547031, -6.356039, -15.108727
BONES 4
BONE 5 0.002057
BONE 9 0.777226
BONE 22 0.042964
BONE 18 0.177753

VERT 66
OFFSET 8.698428, -10.265073, -14.834266
BONES 4
BONE 5 0.010225
BONE 9 0.946481
BONE 22 0.028519
BONE 16 0.014776

VERT 67
OFFSET 8.646001, -10.137666, -15.367897
BONES 4
BONE 5 0.012984
BONE 9 0.945769
BONE 22 0.029828
BONE 16 0.011419

VERT 68
OFFSET 9.064440, -10.227212, -15.114539
BONES 4
BONE 5 0.009132
BONE 9 0.927317
BONE 22 0.031942
BONE 16 0.031609

VERT 69
OFFSET -3.210373, -6.081912, -10.801218
BONES 2
BONE 5 0.996143
BONE 9 0.003857

VERT 70
OFFSET -2.206092, -5.125938, -10.930676
BONES 2
BONE 5 0.980268
BONE 9 0.019732

VERT 71
OFFSET -1.722369, -5.306902, -12.255309
BONES 2
BONE 5 0.950980
BONE 9 0.049020

VERT 72
OFFSET -2.571769, -6.346422, -12.335606
BONES 2
BONE 5 0.971061
BONE 9 0.028939

VERT 73
OFFSET -3.123301, -7.838466, -12.202061
BONES 2
BONE 5 0.968463
BONE 9 0.031537

VERT 74
OFFSET -2.689057, -9.955902, -12.196885
BONES 1
BONE 5 1.000000

VERT 75
OFFSET -3.382889, -9.836160, -10.395903
BONES 2
BONE 5 0.985646
BONE 9 0.014354

VERT 76
OFFSET -3.773600, -7.749953, -10.802843
BONES 2
BONE 5 0.996792
BONE 9 0.003208

VERT 77
OFFSET -1.790114, -10.503244, -9.014892
BONES 2
BONE 5 0.999174
BONE 9 0.000826

VERT 78
OFFSET -1.451353, -10.070610, -11.336362
BONES 2
BONE 5 0.994991
BONE 9 0.005009

VERT 79
OFFSET -4.825747, -5.524415, -6.952390
BONES 2
BONE 5 0.999252
BONE 9 0.000748

VERT 80
OFFSET -3.286880, -4.943112, -6.686340
BONES 2
BONE 5 0.999212
BONE 9 0.000788

VERT 81
OFFSET -2.936741, -5.069617, -9.078912
BONES 2
BONE 5 0.995872
BONE 9 0.004128

VERT 82
OFFSET -3.889610, -5.920236, -9.150267
BONES 2
BONE 5 0.995674
BONE 9 0.004326

VERT 83
OFFSET -5.303932, -9.098055, -5.736732
BONES 2
BONE 5 0.998129
BONE 9 0.001871

VERT 84
OFFSET -5.865176, -7.352607, -6.492136
BONES 2
BONE 5 0.999176
BONE 9 0.000824

VERT 85
OFFSET -4.638647, -7.425760, -8.958856
BONES 2
BONE 5 0.995743
BONE 9 0.004257

VERT 86
OFFSET -4.571783, -9.103101, -8.435009
BONES 2
BONE 5 0.996033
BONE 9 0.003967

VERT 87
OFFSET -2.925975, -10.679462, -4.798520
BONES 2
BONE 5 0.994917
BONE 9 0.005083

VERT 88
OFFSET -4.336445, -10.212751, -5.359334
BONES 2
BONE 5 0.996838
BONE 9 0.003162

VERT 89
OFFSET -3.943353, -10.118045, -8.198460
BONES 2
BONE 5 0.995474
BONE 9 0.004526

VERT 90
OFFSET -2.305721, -10.615897, -7.212998
BONES 1
BONE 5 1.000000

VERT 91
OFFSET -5.396037, -9.412185, -3.003833
BONES 2
BONE 5 0.999766
BONE 9 0.000234

VERT 92
OFFSET -6.563523, -7.262669, -4.276623
BONES 2
BONE 5 0.999965
BONE 9 0.000035

VERT 93
OFFSET -3.355636, -10.677111, -1.943853
BONES 2
BONE 5 0.999836
BONE 9 0.000164

VERT 94
OFFSET -4.518697, -10.203218, -2.534138
BONES 2
BONE 5 0.999521
BONE 9 0.000479

VERT 95
OFFSET -5.331038, -5.433408, -4.886631
BONES 2
BONE 5 0.999510
BONE 9 0.000490

VERT 96
OFFSET -3.711186, -4.408690, -5.247112
BONES 2
BONE 5 0.999654
BONE 9 0.000346

VERT 97
OFFSET 9.556356, -9.209814, -11.852865
BONES 5
BONE 5 0.005584
BONE 9 0.853194
BONE 22 0.038922
BONE 17 0.037165
BONE 16 0.065135

VERT 98
OFFSET 9.462456, -9.404663, -12.321195
BONES 5
BONE 5 0.006422
BONE 9 0.874441
BONE 22 0.039261
BONE 17 0.005815
BONE 16 0.074061

VERT 99
OFFSET 9.905264, -8.643186, -11.759933
BONES 6
BONE 5 0.003526
BONE 9 0.772847
BONE 22 0.034764
BONE 18 0.000135
BONE 17 0.120333
BONE 16 0.068395

VERT 100
OFFSET 9.441819, -8.564652, -11.810886
BONES 6
BONE 5 0.004188
BONE 9 0.828823
BONE 22 0.038987
BONE 18 0.000341
BONE 17 0.106250
BONE 16 0.021411

VERT 101
OFFSET 9.084739, -9.213890, -11.611856
BONES 5
BONE 5 0.006737
BONE 9 0.919693
BONE 22 0.042945
BONE 17 0.029324
BONE 16 0.001302

VERT 102
OFFSET 8.984880, -9.317519, -12.110768
BONES 5
BONE 5 0.007454
BONE 9 0.940054
BONE 22 0.043949
BONE 17 0.005462
BONE 16 0.003081

VERT 103
OFFSET 10.571155, -6.614371, -12.275574
BONES 6
BONE 5 0.000341
BONE 9 0.521388
BONE 22 0.034614
BONE 18 0.212664
BONE 17 0.229192
BONE 16 0.001802

VERT 104
OFFSET 12.090315, -6.502439, -12.378888
BONES 6
BONE 5 0.000002
BONE 9 0.381299
BONE 22 0.033921
BONE 18 0.238724
BONE 17 0.335518
BONE 16 0.010536

VERT 105
OFFSET 12.062947, -6.186319, -12.823133
BONES 6
BONE 5 0.000009
BONE 9 0.448439
BONE 22 0.037819
BONE 18 0.341052
BONE 17 0.171507
BONE 16 0.001174

VERT 106
OFFSET 10.494597, -5.995232, -13.315732
BONES 5
BONE 5 0.000493
BONE 9 0.587949
BONE 22 0.039849
BONE 18 0.315465
BONE 17 0.056244

VERT 107
OFFSET 9.453862, -9.755421, -12.678079
BONES 5
BONE 5 0.006747
BONE 9 0.876132
BONE 22 0.037574
BONE 17 0.001767
BONE 16 0.077781

VERT 108
OFFSET 12.119592, -6.819904, -12.021685
BONES 6
BONE 5 0.000000
BONE 9 0.367226
BONE 22 0.028377
BONE 18 0.115696
BONE 17 0.476064
BONE 16 0.012638

VERT 109
OFFSET 12.279209, -8.603755, -11.706065
BONES 6
BONE 5 0.000003
BONE 9 0.470239
BONE 22 0.009370
BONE 18 0.000808
BONE 17 0.274651
BONE 16 0.244929

VERT 110
OFFSET 10.813976, -8.608484, -11.818759
BONES 6
BONE 5 0.001611
BONE 9 0.639785
BONE 22 0.025710
BONE 18 0.000061
BONE 17 0.193928
BONE 16 0.138905

VERT 111
OFFSET 9.901163, -8.189742, -11.712903
BONES 6
BONE 5 0.001600
BONE 9 0.705458
BONE 22 0.033926
BONE 18 0.010029
BONE 17 0.218998
BONE 16 0.029989

VERT 112
OFFSET 9.803441, -8.216997, -11.623123
BONES 6
BONE 5 0.002108
BONE 9 0.737516
BONE 22 0.035055
BONE 18 0.000718
BONE 17 0.191897
BONE 16 0.032706

VERT 113
OFFSET 12.338546, -9.161431, -12.086595
BONES 6
BONE 5 0.000020
BONE 9 0.451603
BONE 22 0.007543
BONE 18 0.000545
BONE 17 0.087480
BONE 16 0.452809

VERT 114
OFFSET 9.484045, -6.008479, -13.351783
BONES 5
BONE 5 0.001414
BONE 9 0.727358
BONE 22 0.040033
BONE 18 0.209252
BONE 17 0.021944

VERT 115
OFFSET 8.842520, -6.211638, -13.636422
BONES 5
BONE 5 0.003173
BONE 9 0.797931
BONE 22 0.038700
BONE 18 0.153244
BONE 17 0.006952

VERT 116
OFFSET 8.959707, -6.580045, -12.292439
BONES 6
BONE 5 0.001373
BONE 9 0.748917
BONE 22 0.039357
BONE 18 0.128133
BONE 17 0.082181
BONE 16 0.000039

VERT 117
OFFSET 8.931785, -9.967340, -12.477141
BONES 4
BONE 5 0.008537
BONE 9 0.948764
BONE 22 0.040091
BONE 16 0.002608

VERT 118
OFFSET 9.906511, -9.741760, -13.740044
BONES 5
BONE 5 0.004270
BONE 9 0.782843
BONE 22 0.026420
BONE 17 0.000052
BONE 16 0.186415

VERT 119
OFFSET 9.908534, -9.780229, -13.487789
BONES 5
BONE 5 0.004576
BONE 9 0.789732
BONE 22 0.028534
BONE 17 0.000078
BONE 16 0.177079

VERT 120
OFFSET 9.460229, -10.158837, -13.227377
BONES 5
BONE 5 0.006217
BONE 9 0.869146
BONE 22 0.032693
BONE 17 0.000050
BONE 16 0.091894

VERT 121
OFFSET 9.395572, -10.025303, -13.392811
BONES 5
BONE 5 0.006173
BONE 9 0.874076
BONE 22 0.031861
BONE 17 0.000040
BONE 16 0.087850

VERT 122
OFFSET 8.980608, -10.312474, -13.200454
BONES 5
BONE 5 0.007659
BONE 9 0.944672
BONE 22 0.035366
BONE 17 0.000002
BONE 16 0.012302

VERT 123
OFFSET 8.647790, -10.261889, -13.424795
BONES 4
BONE 5 0.009371
BONE 9 0.950894
BONE 22 0.030482
BONE 16 0.009254

VERT 124
OFFSET 12.365071, -9.450226, -12.596411
BONES 6
BONE 5 0.000088
BONE 9 0.412716
BONE 22 0.008350
BONE 18 0.000827
BONE 17 0.019541
BONE 16 0.558477

VERT 125
OFFSET 12.420119, -9.622804, -13.412518
BONES 6
BONE 5 0.000282
BONE 9 0.417720
BONE 22 0.009270
BONE 18 0.000312
BONE 17 0.000565
BONE 16 0.571850

VERT 126
OFFSET 0.857526, -6.327097, -9.386728
BONES 2
BONE 5 0.953645
BONE 9 0.046355

VERT 127
OFFSET -2.528176, -10.097895, -9.968233
BONES 1
BONE 5 1.000000

VERT 128
OFFSET 1.079659, -8.196335, -6.821499
BONES 2
BONE 5 0.998170
BONE 9 0.001830

VERT 129
OFFSET 0.136955, -7.795856, -4.772099
BONES 2
BONE 5 0.999967
BONE 9 0.000033

VERT 130
OFFSET -0.064956, -7.575131, -2.289349
BONES 1
BONE 5 1.000000

VERT 131
OFFSET 0.276785, -7.906794, -5.780007
BONES 2
BONE 5 0.999950
BONE 9 0.000050

VERT 132
OFFSET 0.797301, -6.861193, -10.820578
BONES 1
BONE 5 1.000000

VERT 133
OFFSET 12.047835, -6.032082, -13.872896
BONES 6
BONE 5 0.000006
BONE 9 0.577306
BONE 22 0.046761
BONE 18 0.361524
BONE 17 0.014403
BONE 16 0.000001

VERT 134
OFFSET 12.053403, -5.980622, -13.399797
BONES 6
BONE 5 0.000017
BONE 9 0.509720
BONE 22 0.040984
BONE 18 0.385922
BONE 17 0.063337
BONE 16 0.000020

VERT 135
OFFSET 12.091640, -6.305126, -14.969870
BONES 5
BONE 5 0.000029
BONE 9 0.698152
BONE 22 0.047612
BONE 18 0.253553
BONE 16 0.000655

VERT 136
OFFSET 9.234766, -8.990298, -15.760081
BONES 4
BONE 5 0.017163
BONE 9 0.923694
BONE 22 0.040461
BONE 16 0.018682

VERT 137
OFFSET 9.114525, -7.989144, -15.978296
BONES 5
BONE 5 0.018795
BONE 9 0.929448
BONE 22 0.044167
BONE 18 0.006343
BONE 16 0.001247

VERT 138
OFFSET 9.688517, -7.962424, -15.955272
BONES 5
BONE 5 0.014525
BONE 9 0.930222
BONE 22 0.043696
BONE 18 0.009488
BONE 16 0.002069

VERT 139
OFFSET 8.558678, -8.868605, -15.996568
BONES 4
BONE 5 0.022459
BONE 9 0.936209
BONE 22 0.038818
BONE 16 0.002513

VERT 140
OFFSET 8.458143, -8.229855, -16.107538
BONES 5
BONE 5 0.023866
BONE 9 0.932141
BONE 22 0.040886
BONE 18 0.002418
BONE 16 0.000688

VERT 141
OFFSET 9.257714, -9.257701, -15.613729
BONES 4
BONE 5 0.015310
BONE 9 0.919375
BONE 22 0.038233
BONE 16 0.027082

VERT 142
OFFSET 11.889452, -8.603857, -15.461477
BONES 4
BONE 5 0.003712
BONE 9 0.921596
BONE 22 0.036796
BONE 16 0.037896

VERT 143
OFFSET 11.866656, -8.771857, -15.610463
BONES 4
BONE 5 0.004007
BONE 9 0.910198
BONE 22 0.036043
BONE 16 0.049751

VERT 144
OFFSET 9.749309, -7.195601, -16.015001
BONES 5
BONE 5 0.010415
BONE 9 0.906815
BONE 22 0.042260
BONE 18 0.039942
BONE 16 0.000568

VERT 145
OFFSET 9.744023, -6.888236, -15.838582
BONES 5
BONE 5 0.008329
BONE 9 0.888302
BONE 22 0.041446
BONE 18 0.061671
BONE 16 0.000253

VERT 146
OFFSET 12.043367, -6.090581, -14.246552
BONES 6
BONE 5 0.000012
BONE 9 0.598247
BONE 22 0.047432
BONE 18 0.343136
BONE 17 0.010511
BONE 16 0.000663

VERT 147
OFFSET 10.030906, -8.651650, -11.805840
BONES 6
BONE 5 0.003275
BONE 9 0.755650
BONE 22 0.033592
BONE 18 0.000110
BONE 17 0.126885
BONE 16 0.080488

VERT 148
OFFSET 13.596576, -8.806679, -15.071848
BONES 3
BONE 9 0.859644
BONE 22 0.020049
BONE 16 0.120307

VERT 149
OFFSET 13.281637, -8.726011, -15.301628
BONES 4
BONE 5 0.000183
BONE 9 0.941813
BONE 22 0.026317
BONE 16 0.031687

VERT 150
OFFSET 13.636792, -8.315876, -15.396147
BONES 4
BONE 9 0.949785
BONE 22 0.031658
BONE 18 0.001431
BONE 16 0.017127

VERT 151
OFFSET 13.466102, -8.886788, -15.079666
BONES 5
BONE 5 0.000008
BONE 9 0.844031
BONE 22 0.019628
BONE 18 0.000508
BONE 16 0.135825

VERT 152
OFFSET 13.510344, -9.370727, -14.083428
BONES 5
BONE 5 0.000024
BONE 9 0.386727
BONE 22 0.004909
BONE 18 0.001561
BONE 16 0.606779

VERT 153
OFFSET 13.671274, -9.591147, -13.381371
BONES 6
BONE 5 0.000003
BONE 9 0.317648
BONE 22 0.003706
BONE 18 0.000684
BONE 17 0.000609
BONE 16 0.677350

VERT 154
OFFSET 13.507676, -9.479293, -14.108702
BONES 5
BONE 5 0.000019
BONE 9 0.383949
BONE 22 0.004654
BONE 18 0.001231
BONE 16 0.610147

VERT 155
OFFSET 13.628141, -9.487064, -12.582348
BONES 5
BONE 9 0.316554
BONE 22 0.003014
BONE 18 0.002061
BONE 17 0.011338
BONE 16 0.667032

VERT 156
OFFSET 13.622448, -9.643422, -13.356790
BONES 5
BONE 9 0.314332
BONE 22 0.003545
BONE 18 0.000557
BONE 17 0.000741
BONE 16 0.680825

VERT 157
OFFSET 13.614875, -9.168447, -11.977014
BONES 5
BONE 9 0.412728
BONE 22 0.002296
BONE 18 0.001295
BONE 17 0.053142
BONE 16 0.530540

VERT 158
OFFSET 13.557500, -8.593151, -11.564850
BONES 6
BONE 5 0.000001
BONE 9 0.462683
BONE 22 0.005025
BONE 18 0.001500
BONE 17 0.264060
BONE 16 0.266731

VERT 159
OFFSET 13.532008, -7.956703, -11.596113
BONES 6
BONE 5 0.000001
BONE 9 0.452008
BONE 22 0.008182
BONE 18 0.003694
BONE 17 0.441834
BONE 16 0.094282

VERT 160
OFFSET 13.494074, -7.278573, -11.788763
BONES 5
BONE 9 0.414856
BONE 22 0.010263
BONE 18 0.006871
BONE 17 0.543738
BONE 16 0.024271

VERT 161
OFFSET 13.492579, -6.839342, -11.980544
BONES 6
BONE 5 0.000001
BONE 9 0.390258
BONE 22 0.019880
BONE 18 0.015634
BONE 17 0.546559
BONE 16 0.027669

VERT 162
OFFSET 13.471835, -6.468940, -12.372894
BONES 6
BONE 5 0.000006
BONE 9 0.436957
BONE 22 0.035691
BONE 18 0.097295
BONE 17 0.397401
BONE 16 0.032651

VERT 163
OFFSET 13.483094, -6.250748, -12.774616
BONES 6
BONE 5 0.000012
BONE 9 0.546701
BONE 22 0.043903
BONE 18 0.261761
BONE 17 0.141801
BONE 16 0.005822

VERT 164
OFFSET 13.448298, -6.078896, -13.733278
BONES 6
BONE 5 0.000000
BONE 9 0.629590
BONE 22 0.045768
BONE 18 0.323916
BONE 17 0.000717
BONE 16 0.000008

VERT 165
OFFSET 13.474451, -6.097953, -13.340606
BONES 6
BONE 5 0.000002
BONE 9 0.619534
BONE 22 0.045666
BONE 18 0.320152
BONE 17 0.014472
BONE 16 0.000174

VERT 166
OFFSET 13.490354, -6.123298, -14.129038
BONES 3
BONE 9 0.641674
BONE 22 0.045990
BONE 18 0.312336

VERT 167
OFFSET 13.521448, -6.442331, -14.758663
BONES 3
BONE 9 0.682455
BONE 22 0.046755
BONE 18 0.270790

VERT 168
OFFSET 13.561788, -6.892837, -15.220867
BONES 5
BONE 5 0.000001
BONE 9 0.773908
BONE 22 0.048324
BONE 18 0.177620
BONE 16 0.000147

VERT 169
OFFSET 13.593410, -7.555497, -15.480213
BONES 5
BONE 5 0.000005
BONE 9 0.893523
BONE 22 0.044965
BONE 18 0.057181
BONE 16 0.004327

VERT 170
OFFSET 13.551475, -9.640402, -14.181244
BONES 3
BONE 9 0.379993
BONE 22 0.003858
BONE 16 0.616149

VERT 171
OFFSET 12.478555, -9.644121, -14.175921
BONES 6
BONE 5 0.000487
BONE 9 0.464016
BONE 22 0.009238
BONE 18 0.000021
BONE 17 0.000055
BONE 16 0.526182

VERT 172
OFFSET 12.921473, -8.582170, -15.383503
BONES 4
BONE 5 0.001017
BONE 9 0.945451
BONE 22 0.031169
BONE 16 0.022364

VERT 173
OFFSET 12.960778, -8.735856, -15.528882
BONES 4
BONE 5 0.001033
BONE 9 0.943106
BONE 22 0.029672
BONE 16 0.026188

VERT 174
OFFSET 13.276370, -8.876322, -15.383342
BONES 4
BONE 5 0.000314
BONE 9 0.930384
BONE 22 0.024907
BONE 16 0.044395

VERT 175
OFFSET 13.431279, -8.986806, -15.209485
BONES 3
BONE 9 0.854731
BONE 22 0.020725
BONE 16 0.124544

VERT 176
OFFSET 10.919785, -9.231918, -15.313913
BONES 4
BONE 5 0.007492
BONE 9 0.844497
BONE 22 0.031775
BONE 16 0.116237

VERT 177
OFFSET 10.948339, -9.413751, -15.008043
BONES 4
BONE 5 0.005437
BONE 9 0.759703
BONE 22 0.025535
BONE 16 0.209326

VERT 178
OFFSET 10.690810, -9.401772, -14.996285
BONES 4
BONE 5 0.005935
BONE 9 0.774406
BONE 22 0.026630
BONE 16 0.193029

VERT 179
OFFSET 10.730876, -9.329153, -15.221067
BONES 4
BONE 5 0.007044
BONE 9 0.809933
BONE 22 0.029157
BONE 16 0.153866

VERT 180
OFFSET 11.126245, -9.227808, -15.177209
BONES 4
BONE 5 0.006149
BONE 9 0.799370
BONE 22 0.027828
BONE 16 0.166654

VERT 181
OFFSET 11.182387, -9.291314, -14.952697
BONES 4
BONE 5 0.004920
BONE 9 0.747193
BONE 22 0.024508
BONE 16 0.223379

VERT 182
OFFSET 12.222265, -9.368613, -14.745586
BONES 4
BONE 5 0.001876
BONE 9 0.634331
BONE 22 0.016410
BONE 16 0.347383

VERT 183
OFFSET 12.323763, -9.222632, -15.006824
BONES 4
BONE 5 0.002938
BONE 9 0.730403
BONE 22 0.021064
BONE 16 0.245596

VERT 184
OFFSET 12.572339, -9.141376, -15.078732
BONES 4
BONE 5 0.002401
BONE 9 0.792952
BONE 22 0.022454
BONE 16 0.182193

VERT 185
OFFSET 12.565607, -9.449765, -14.734751
BONES 4
BONE 5 0.001124
BONE 9 0.606612
BONE 22 0.013788
BONE 16 0.378476

VERT 186
OFFSET 12.789969, -9.223936, -14.948565
BONES 4
BONE 5 0.001821
BONE 9 0.701526
BONE 22 0.017707
BONE 16 0.278946

VERT 187
OFFSET 13.487581, -9.256548, -14.850226
BONES 3
BONE 9 0.656061
BONE 22 0.012347
BONE 16 0.331592

VERT 188
OFFSET 12.899728, -9.372603, -14.703555
BONES 4
BONE 5 0.000609
BONE 9 0.599684
BONE 22 0.012189
BONE 16 0.387519

VERT 189
OFFSET 13.528372, -9.162649, -14.751553
BONES 5
BONE 5 0.000007
BONE 9 0.635021
BONE 22 0.011220
BONE 18 0.000415
BONE 16 0.353338

VERT 190
OFFSET 13.597627, -9.083297, -14.711764
BONES 3
BONE 9 0.632402
BONE 22 0.010910
BONE 16 0.356688

VERT 191
OFFSET 10.951284, -9.437605, -14.711122
BONES 4
BONE 5 0.004064
BONE 9 0.706545
BONE 22 0.022034
BONE 16 0.267357

VERT 192
OFFSET 10.772184, -9.448440, -14.795321
BONES 4
BONE 5 0.004747
BONE 9 0.734881
BONE 22 0.023858
BONE 16 0.236514

VERT 193
OFFSET 11.119578, -9.360643, -14.756113
BONES 4
BONE 5 0.004081
BONE 9 0.706840
BONE 22 0.022056
BONE 16 0.267023

VERT 194
OFFSET 12.321919, -9.496978, -14.501169
BONES 4
BONE 5 0.000636
BONE 9 0.529880
BONE 22 0.010866
BONE 16 0.458618

VERT 195
OFFSET 11.789854, -9.306764, -14.863229
BONES 4
BONE 5 0.003235
BONE 9 0.696415
BONE 22 0.020773
BONE 16 0.279577

VERT 196
OFFSET 12.839733, -9.498351, -14.462716
BONES 4
BONE 5 0.000344
BONE 9 0.478469
BONE 22 0.007845
BONE 16 0.513341

VERT 197
OFFSET 12.561096, -9.578248, -14.361330
BONES 4
BONE 5 0.000519
BONE 9 0.470979
BONE 22 0.008788
BONE 16 0.519714

VERT 198
OFFSET 9.037562, -7.369429, -11.471330
BONES 6
BONE 5 0.002111
BONE 9 0.772964
BONE 22 0.037458
BONE 18 0.051507
BONE 17 0.134414
BONE 16 0.001547

VERT 199
OFFSET 9.198344, -8.074244, -11.619689
BONES 6
BONE 5 0.002513
BONE 9 0.787203
BONE 22 0.038462
BONE 18 0.013739
BONE 17 0.154525
BONE 16 0.003557

VERT 200
OFFSET 7.870882, -6.508320, -12.459442
BONES 5
BONE 5 0.005395
BONE 9 0.861620
BONE 22 0.034019
BONE 18 0.069102
BONE 17 0.029864

VERT 201
OFFSET 7.662585, -7.379589, -11.951599
BONES 6
BONE 5 0.004643
BONE 9 0.894339
BONE 22 0.035421
BONE 18 0.031409
BONE 17 0.034125
BONE 16 0.000063

VERT 202
OFFSET 8.454981, -7.339517, -11.586774
BONES 6
BONE 5 0.002860
BONE 9 0.828832
BONE 22 0.037986
BONE 18 0.045515
BONE 17 0.084338
BONE 16 0.000468

VERT 203
OFFSET 8.382267, -6.473267, -12.259608
BONES 5
BONE 5 0.003275
BONE 9 0.820875
BONE 22 0.037155
BONE 18 0.088691
BONE 17 0.050004

VERT 204
OFFSET 8.086112, -5.974288, -13.702320
BONES 5
BONE 5 0.005785
BONE 9 0.869725
BONE 22 0.036688
BONE 18 0.087547
BONE 17 0.000256

VERT 205
OFFSET 7.555714, -6.041554, -13.677320
BONES 5
BONE 5 0.010344
BONE 9 0.895510
BONE 22 0.031079
BONE 18 0.062844
BONE 17 0.000223

VERT 206
OFFSET 7.801717, -6.028222, -14.734804
BONES 4
BONE 5 0.013051
BONE 9 0.912409
BONE 22 0.024061
BONE 18 0.050478

VERT 207
OFFSET 9.128687, -6.938132, -16.032721
BONES 5
BONE 5 0.012618
BONE 9 0.907170
BONE 22 0.040755
BONE 18 0.039231
BONE 16 0.000226

VERT 208
OFFSET 8.370368, -7.121778, -16.058897
BONES 5
BONE 5 0.018677
BONE 9 0.924157
BONE 22 0.038029
BONE 18 0.019028
BONE 16 0.000109

VERT 209
