// Export filename: 'C:/cod5/cod/cod5/model_export/viewmodels/viewmodel_jap_infantry_arms.XMODEL_EXPORT'
// Source filename: 'C:/cod5/cod/cod5/model_export/viewmodels/viewmodel_jap_infantry_arms.ma'
// Export time: Wed Aug 13 22:45:00 2008
MODEL
VERSION 6

NUMBONES 70
BONE 0 -1 "tag_view"
BONE 1 0 "tag_ads"
BONE 2 0 "tag_cambone"
BONE 3 0 "tag_torso"
BONE 4 3 "J_Shoulder_LE"
BONE 5 3 "J_Shoulder_RI"
BONE 6 2 "tag_camera"
BONE 7 3 "tag_weapon"
BONE 8 4 "J_Elbow_LE"
BONE 9 5 "J_Elbow_RI"
BONE 10 6 "tag_gasmask"
BONE 11 8 "J_Sleave_Reshape_Bottom_LE_1"
BONE 12 8 "J_Sleave_Reshape_Bottom_LE_2"
BONE 13 8 "J_Sleave_Reshape_Top_LE_1"
BONE 14 8 "J_Sleave_Reshape_Top_LE_2"
BONE 15 8 "J_Sleave_Reshape_Top_LE_3"
BONE 16 9 "J_Sleave_Reshape_Top_RI_1"
BONE 17 9 "J_Sleave_Reshape_Top_RI_2"
BONE 18 9 "J_Sleave_Reshape_Top_RI_3"
BONE 19 8 "J_Wrist_LE"
BONE 20 9 "J_Wrist_RI"
BONE 21 8 "J_WristTwist_LE"
BONE 22 9 "J_WristTwist_RI"
BONE 23 19 "J_Index_LE_0"
BONE 24 20 "J_Index_RI_0"
BONE 25 19 "J_Mid_LE_0"
BONE 26 20 "J_Mid_RI_0"
BONE 27 19 "J_PinkyPalm_LE"
BONE 28 20 "J_PinkyPalm_RI"
BONE 29 19 "J_RingPalm_LE"
BONE 30 20 "J_RingPalm_RI"
BONE 31 19 "J_Thumb_LE_0"
BONE 32 20 "J_Thumb_RI_0"
BONE 33 19 "J_Webbing_LE"
BONE 34 20 "J_Webbing_RI"
BONE 35 19 "tag_knife_attach"
BONE 36 23 "J_Index_LE_1"
BONE 37 24 "J_Index_RI_1"
BONE 38 25 "J_Mid_LE_1"
BONE 39 26 "J_Mid_RI_1"
BONE 40 27 "J_Pinky_LE_0"
BONE 41 28 "J_Pinky_RI_0"
BONE 42 29 "J_Ring_LE_0"
BONE 43 30 "J_Ring_RI_0"
BONE 44 31 "J_Thumb_LE_1"
BONE 45 32 "J_Thumb_RI_1"
BONE 46 36 "J_Index_LE_2"
BONE 47 37 "J_Index_RI_2"
BONE 48 38 "J_Mid_LE_2"
BONE 49 39 "J_Mid_RI_2"
BONE 50 40 "J_Pinky_LE_1"
BONE 51 41 "J_Pinky_RI_1"
BONE 52 42 "J_Ring_LE_1"
BONE 53 43 "J_Ring_RI_1"
BONE 54 44 "J_Thumb_LE_2"
BONE 55 45 "J_Thumb_RI_2"
BONE 56 46 "J_Index_LE_3"
BONE 57 47 "J_Index_RI_3"
BONE 58 48 "J_Mid_LE_3"
BONE 59 49 "J_Mid_RI_3"
BONE 60 50 "J_Pinky_LE_2"
BONE 61 51 "J_Pinky_RI_2"
BONE 62 52 "J_Ring_LE_2"
BONE 63 53 "J_Ring_RI_2"
BONE 64 54 "J_Thumb_LE_3"
BONE 65 55 "J_Thumb_RI_3"
BONE 66 60 "J_Pinky_LE_3"
BONE 67 61 "J_Pinky_RI_3"
BONE 68 62 "J_Ring_LE_3"
BONE 69 63 "J_Ring_RI_3"

BONE 0
OFFSET 0.000000, 0.000000, 0.000000
SCALE 1.000000, 1.000000, 1.000000
X 1.000000, 0.000000, 0.000000
Y 0.000000, 1.000000, 0.000000
Z 0.000000, 0.000000, 1.000000

BONE 1
OFFSET 0.000000, 0.000000, 0.000000
SCALE 1.000000, 1.000000, 1.000000
X 1.000000, 0.000000, 0.000000
Y 0.000000, 1.000000, 0.000000
Z 0.000000, 0.000000, 1.000000

BONE 2
OFFSET 0.000000, 0.000000, 0.000000
SCALE 1.000000, 1.000000, 1.000000
X 1.000000, 0.000000, 0.000000
Y 0.000000, 1.000000, 0.000000
Z 0.000000, 0.000000, 1.000000

BONE 3
OFFSET -4.631834, 0.000000, -1.376955
SCALE 1.000000, 1.000000, 1.000000
X 1.000000, 0.000000, 0.000000
Y 0.000000, 1.000000, 0.000000
Z 0.000000, 0.000000, 1.000000

BONE 4
OFFSET -3.506030, 7.937290, -3.186910
SCALE 1.000000, 1.000000, 1.000000
X 0.472986, 0.011374, -0.880996
Y 0.446745, -0.864941, 0.228681
Z -0.759409, -0.501744, -0.414187

BONE 5
OFFSET -3.506032, -7.937284, -3.186909
SCALE 1.000000, 1.000000, 1.000000
X -0.472986, 0.011374, 0.880996
Y -0.446745, -0.864941, -0.228681
Z 0.759409, -0.501744, 0.414187

BONE 6
OFFSET 0.000000, 0.000000, 0.000000
SCALE 1.000000, 1.000000, 1.000000
X 1.000000, 0.000000, 0.000000
Y 0.000000, 1.000000, 0.000000
Z 0.000000, 0.000000, 1.000000

BONE 7
OFFSET 10.527968, 0.000000, -8.129675
SCALE 1.000000, 1.000000, 1.000000
X 1.000000, 0.000000, 0.000000
Y 0.000000, 1.000000, 0.000000
Z 0.000000, 0.000000, 1.000000

BONE 8
OFFSET 2.214219, 8.074842, -13.841592
SCALE 1.000000, 1.000000, 1.000000
X 0.999978, -0.002833, 0.005930
Y -0.005970, -0.014367, 0.999879
Z -0.002747, -0.999893, -0.014384

BONE 9
OFFSET 2.214221, -8.074842, -13.841575
SCALE 1.000000, 1.000000, 1.000000
X -0.999978, -0.002833, -0.005930
Y 0.005970, -0.014367, -0.999879
Z 0.002747, -0.999893, 0.014384

BONE 10
OFFSET 1.540442, 0.000000, 4.135746
SCALE 1.000000, 1.000000, 1.000000
X 1.000000, 0.000000, 0.000000
Y 0.000000, 1.000000, 0.000000
Z 0.000000, 0.000000, 1.000000

BONE 11
OFFSET 12.125037, 8.958635, -14.825972
SCALE 1.000000, 1.000000, 1.000000
X 1.000000, 0.000000, 0.000000
Y 0.000000, 1.000000, 0.000000
Z 0.000000, 0.000000, 1.000000

BONE 12
OFFSET 11.739065, 7.335669, -15.051069
SCALE 1.000000, 1.000000, 1.000000
X 1.000000, 0.000000, 0.000000
Y 0.000000, 1.000000, 0.000000
Z 0.000000, 0.000000, 1.000000

BONE 13
OFFSET 12.634503, 8.810233, -12.285378
SCALE 1.000000, 1.000000, 1.000000
X 1.000000, 0.000000, 0.000000
Y 0.000000, 1.000000, 0.000000
Z 0.000000, 0.000000, 1.000000

BONE 14
OFFSET 12.530005, 7.482795, -12.089205
SCALE 1.000000, 1.000000, 1.000000
X 1.000000, 0.000000, 0.000000
Y 0.000000, 1.000000, 0.000000
Z 0.000000, 0.000000, 1.000000

BONE 15
OFFSET 12.149994, 6.891432, -13.059547
SCALE 1.000000, 1.000000, 1.000000
X 1.000000, 0.000000, 0.000000
Y 0.000000, 1.000000, 0.000000
Z 0.000000, 0.000000, 1.000000

BONE 16
OFFSET 12.634488, -8.810236, -12.285394
SCALE 1.000000, 1.000000, 1.000000
X -1.000000, 0.000000, -0.000000
Y 0.000000, 1.000000, 0.000000
Z 0.000000, 0.000000, -1.000000

BONE 17
OFFSET 12.530000, -7.482795, -12.089212
SCALE 1.000000, 1.000000, 1.000000
X -1.000000, 0.000000, -0.000000
Y 0.000000, 1.000000, 0.000000
Z 0.000000, 0.000000, -1.000000

BONE 18
OFFSET 12.150000, -6.891418, -13.059566
SCALE 1.000000, 1.000000, 1.000000
X -1.000000, 0.000000, -0.000000
Y 0.000000, 1.000000, 0.000000
Z 0.000000, 0.000000, -1.000000

BONE 19
OFFSET 13.785073, 8.042067, -13.772971
SCALE 1.000000, 1.000000, 1.000000
X 0.996700, -0.023076, 0.077825
Y -0.077652, 0.008297, 0.996946
Z -0.023651, -0.999699, 0.006478

BONE 20
OFFSET 13.785079, -8.042048, -13.772953
SCALE 1.000000, 1.000000, 1.000000
X -0.996700, -0.023076, -0.077825
Y 0.077652, 0.008297, -0.996946
Z 0.023651, -0.999699, -0.006478

BONE 21
OFFSET 10.719465, 8.050750, -13.791152
SCALE 1.000000, 1.000000, 1.000000
X 0.999978, -0.002833, 0.005930
Y -0.005970, -0.014367, 0.999879
Z -0.002747, -0.999893, -0.014384

BONE 22
OFFSET 10.719449, -8.050748, -13.791142
SCALE 1.000000, 1.000000, 1.000000
X -0.999978, -0.002833, -0.005930
Y 0.005970, -0.014367, -0.999879
Z 0.002747, -0.999893, 0.014384

BONE 23
OFFSET 17.618980, 8.329933, -12.720215
SCALE 1.000000, 1.000000, 1.000000
X 0.770359, -0.621881, 0.140748
Y -0.611755, -0.783111, -0.111771
Z 0.179730, 0.000000, -0.983716

BONE 24
OFFSET 17.618977, -8.329922, -12.720197
SCALE 1.000000, 1.000000, 1.000000
X -0.770359, -0.621881, -0.140748
Y 0.611755, -0.783111, 0.111771
Z -0.179730, -0.000000, 0.983716

BONE 25
OFFSET 17.592691, 8.144073, -13.808888
SCALE 1.000000, 1.000000, 1.000000
X 0.786575, -0.616967, 0.025504
Y -0.616643, -0.786989, -0.019994
Z 0.032407, 0.000000, -0.999475

BONE 26
OFFSET 17.592678, -8.144055, -13.808898
SCALE 1.000000, 1.000000, 1.000000
X -0.786575, -0.616967, -0.025504
Y 0.616643, -0.786989, 0.019994
Z -0.032407, -0.000000, 0.999475

BONE 27
OFFSET 14.706850, 7.811601, -14.773290
SCALE 1.000000, 1.000000, 1.000000
X 0.860527, -0.066586, -0.505035
Y -0.090728, -0.995602, -0.023327
Z -0.501261, 0.065894, -0.862784

BONE 28
OFFSET 14.706850, -7.811614, -14.773307
SCALE 1.000000, 1.000000, 1.000000
X -0.860527, -0.066586, 0.505035
Y 0.090728, -0.995602, 0.023327
Z 0.501261, 0.065894, 0.862784

BONE 29
OFFSET 14.877762, 7.951642, -14.094536
SCALE 1.000000, 1.000000, 1.000000
X 0.972219, -0.030530, -0.232073
Y -0.040633, -0.998417, -0.038880
Z -0.230519, 0.047230, -0.971921

BONE 30
OFFSET 14.877756, -7.951653, -14.094527
SCALE 1.000000, 1.000000, 1.000000
X -0.972219, -0.030530, 0.232073
Y 0.040633, -0.998417, 0.038880
Z 0.230519, 0.047230, 0.971921

BONE 31
OFFSET 14.148777, 7.629210, -12.773211
SCALE 1.000000, 1.000000, 1.000000
X 0.614049, -0.475564, 0.629907
Y -0.500882, 0.381986, 0.776662
Z -0.609968, -0.792418, -0.003644

BONE 32
OFFSET 14.148780, -7.629212, -12.773229
SCALE 1.000000, 1.000000, 1.000000
X -0.614049, -0.475564, -0.629907
Y 0.500882, 0.381986, -0.776662
Z 0.609968, -0.792418, 0.003644

BONE 33
OFFSET 16.721630, 7.448270, -11.946650
SCALE 1.000000, 1.000000, 1.000000
X 0.946229, -0.301294, -0.117786
Y 0.309193, 0.949386, 0.055376
Z 0.095139, -0.088817, 0.991494

BONE 34
OFFSET 9.583885, -8.680950, -13.257301
SCALE 1.000000, 1.000000, 1.000000
X -0.946229, -0.301294, 0.117786
Y -0.309193, 0.949386, -0.055376
Z -0.095139, -0.088817, -0.991494

BONE 35
OFFSET 16.493113, 6.451591, -14.089364
SCALE 1.000000, 1.000000, 1.000000
X -0.281344, 0.000438, -0.959607
Y 0.023651, 0.999699, -0.006478
Z 0.959315, -0.024518, -0.281270

BONE 36
OFFSET 18.975315, 7.235017, -12.472406
SCALE 1.000000, 1.000000, 1.000000
X 0.426042, -0.903354, 0.049392
Y -0.880239, -0.426513, -0.208005
Z 0.208969, 0.045142, -0.976880

BONE 37
OFFSET 18.975315, -7.235000, -12.472402
SCALE 1.000000, 1.000000, 1.000000
X -0.426042, -0.903354, -0.049392
Y 0.880239, -0.426513, 0.208005
Z -0.208969, 0.045142, 0.976880

BONE 38
OFFSET 19.129311, 6.938792, -13.759066
SCALE 1.000000, 1.000000, 1.000000
X 0.028169, -0.999543, -0.010950
Y -0.999561, -0.028267, 0.008848
Z -0.009153, 0.010696, -0.999901

BONE 39
OFFSET 19.129292, -6.938779, -13.759055
SCALE 1.000000, 1.000000, 1.000000
X -0.028169, -0.999543, 0.010950
Y 0.999561, -0.028267, -0.008848
Z 0.009153, 0.010696, 0.999901

BONE 40
OFFSET 16.702198, 7.530317, -15.785225
SCALE 1.000000, 1.000000, 1.000000
X 0.856282, -0.436541, -0.276069
Y -0.415481, -0.899684, 0.133953
Z -0.306851, 0.000000, -0.951758

BONE 41
OFFSET 16.702206, -7.530315, -15.785236
SCALE 1.000000, 1.000000, 1.000000
X -0.856282, -0.436541, 0.276069
Y 0.415481, -0.899684, -0.133953
Z 0.306851, -0.000000, 0.951758

BONE 42
OFFSET 17.367678, 7.901457, -14.840354
SCALE 1.000000, 1.000000, 1.000000
X 0.831745, -0.508839, -0.221999
Y -0.491628, -0.860862, 0.131219
Z -0.257880, 0.000000, -0.966177

BONE 43
OFFSET 17.367678, -7.901457, -14.840354
SCALE 1.000000, 1.000000, 1.000000
X -0.831745, -0.508839, 0.221999
Y 0.491628, -0.860862, -0.131219
Z 0.257880, -0.000000, 0.966177

BONE 44
OFFSET 15.389911, 6.597012, -11.336607
SCALE 1.000000, 1.000000, 1.000000
X 0.914596, -0.402924, 0.034161
Y -0.078983, -0.095150, 0.992325
Z -0.396581, -0.910274, -0.118848

BONE 45
OFFSET 15.389921, -6.597008, -11.336615
SCALE 1.000000, 1.000000, 1.000000
X -0.914596, -0.402924, -0.034161
Y 0.078983, -0.095150, -0.992325
Z 0.396581, -0.910274, 0.118848

BONE 46
OFFSET 19.480556, 6.134072, -12.353014
SCALE 1.000000, 1.000000, 1.000000
X 0.139847, -0.988437, 0.058612
Y -0.965352, -0.149273, -0.214039
Z 0.220313, -0.026648, -0.975065

BONE 47
OFFSET 19.480551, -6.134055, -12.353031
SCALE 1.000000, 1.000000, 1.000000
X -0.139847, -0.988437, -0.058612
Y 0.965352, -0.149273, 0.214039
Z -0.220313, -0.026648, 0.975065

BONE 48
OFFSET 19.170456, 5.478823, -13.775060
SCALE 1.000000, 1.000000, 1.000000
X -0.530249, -0.847838, 0.002716
Y -0.845552, 0.529049, 0.071753
Z -0.062271, 0.035750, -0.997419

BONE 49
OFFSET 19.170473, -5.478819, -13.775079
SCALE 1.000000, 1.000000, 1.000000
X 0.530249, -0.847838, -0.002716
Y 0.845552, 0.529049, -0.071753
Z 0.062271, 0.035750, 0.997419

BONE 50
OFFSET 17.914511, 6.912269, -16.176081
SCALE 1.000000, 1.000000, 1.000000
X 0.129509, -0.990999, -0.033881
Y -0.958733, -0.133868, 0.250818
Z -0.253096, 0.000000, -0.967441

BONE 51
OFFSET 17.914528, -6.912283, -16.176064
SCALE 1.000000, 1.000000, 1.000000
X -0.129509, -0.990999, 0.033881
Y 0.958733, -0.133868, -0.250818
Z 0.253096, -0.000000, 0.967441

BONE 52
OFFSET 18.783724, 7.035159, -15.218307
SCALE 1.000000, 1.000000, 1.000000
X 0.018696, -0.999823, 0.001993
Y -0.972646, -0.017726, 0.231616
Z -0.231540, -0.006269, -0.972805

BONE 53
OFFSET 18.783741, -7.035158, -15.218307
SCALE 1.000000, 1.000000, 1.000000
X -0.018696, -0.999823, -0.001993
Y 0.972646, -0.017726, -0.231616
Z 0.231540, -0.006269, 0.972805

BONE 54
OFFSET 16.826696, 5.850290, -11.353966
SCALE 1.000000, 1.000000, 1.000000
X 0.780284, -0.439636, -0.444835
Y 0.353937, -0.276002, 0.893617
Z -0.515641, -0.854718, -0.059757

BONE 55
OFFSET 16.826693, -5.850276, -11.353976
SCALE 1.000000, 1.000000, 1.000000
X -0.780284, -0.439636, 0.444835
Y -0.353937, -0.276002, -0.893617
Z 0.515641, -0.854718, 0.059757

BONE 56
OFFSET 19.638519, 5.017599, -12.286811
SCALE 1.000000, 1.000000, 1.000000
X 0.887890, 0.449028, -0.100123
Y -0.450278, 0.892820, 0.011023
Z 0.094341, 0.035295, 0.994914

BONE 57
OFFSET 19.638504, -5.017599, -12.286811
SCALE 1.000000, 1.000000, 1.000000
X -0.887890, 0.449028, 0.100123
Y 0.450278, 0.892820, -0.011023
Z -0.094341, 0.035295, -0.994914

BONE 58
OFFSET 18.570051, 4.518455, -13.779097
SCALE 1.000000, 1.000000, 1.000000
X 0.950632, 0.309916, 0.015845
Y -0.309563, 0.950639, -0.021349
Z -0.021679, 0.015390, 0.999647

BONE 59
OFFSET 18.570040, -4.518465, -13.779095
SCALE 1.000000, 1.000000, 1.000000
X -0.950632, 0.309916, -0.015845
Y 0.309563, 0.950639, 0.021349
Z 0.021679, 0.015390, -0.999647

BONE 60
OFFSET 18.029337, 6.033617, -16.206121
SCALE 1.000000, 1.000000, 1.000000
X -0.508594, -0.843981, 0.170374
Y -0.800272, 0.536372, 0.268083
Z -0.317641, -0.000000, -0.948211

BONE 61
OFFSET 18.029331, -6.033622, -16.206102
SCALE 1.000000, 1.000000, 1.000000
X 0.508594, -0.843981, -0.170374
Y 0.800272, 0.536372, -0.268083
Z 0.317641, -0.000000, 0.948211

BONE 62
OFFSET 18.809635, 5.649475, -15.215545
SCALE 1.000000, 1.000000, 1.000000
X -0.560939, -0.817051, 0.133323
Y -0.794907, 0.576565, 0.188932
Z -0.231237, 0.000000, -0.972898

BONE 63
OFFSET 18.809647, -5.649488, -15.215551
SCALE 1.000000, 1.000000, 1.000000
X 0.560939, -0.817051, -0.133323
Y 0.794907, 0.576565, -0.188932
Z 0.231237, 0.000000, 0.972898

BONE 64
OFFSET 17.652914, 5.331044, -11.822542
SCALE 1.000000, 1.000000, 1.000000
X 0.980154, 0.167623, -0.105833
Y -0.164811, 0.985710, 0.034839
Z 0.110161, -0.016705, 0.993773

BONE 65
OFFSET 17.652914, -5.331063, -11.822559
SCALE 1.000000, 1.000000, 1.000000
X -0.980154, 0.167623, 0.105833
Y 0.164811, 0.985710, -0.034839
Z -0.110161, -0.016705, -0.993773

BONE 66
OFFSET 17.546160, 5.231812, -16.044260
SCALE 1.000000, 1.000000, 1.000000
X 0.937314, 0.308816, -0.161479
Y -0.317012, 0.948035, -0.027072
Z 0.144727, 0.076566, 0.986505

BONE 67
OFFSET 17.546143, -5.231811, -16.044252
SCALE 1.000000, 1.000000, 1.000000
X -0.937314, 0.308816, 0.161479
Y 0.317012, 0.948035, 0.027072
Z -0.144727, 0.076566, -0.986505

BONE 68
OFFSET 18.201283, 4.763361, -15.070953
SCALE 1.000000, 1.000000, 1.000000
X 0.902287, 0.340068, -0.265014
Y -0.319075, 0.940102, 0.120000
Z 0.289948, -0.023715, 0.956748

BONE 69
OFFSET 18.201300, -4.763347, -15.070945
SCALE 1.000000, 1.000000, 1.000000
X -0.902287, 0.340068, 0.265014
Y 0.319075, 0.940102, -0.120000
Z -0.289948, -0.023715, -0.956748

NUMVERTS 2682
VERT 0
OFFSET 17.906420, 7.042509, -15.770313
BONES 3
BONE 27 0.000007
BONE 40 0.647210
BONE 50 0.352782

VERT 1
OFFSET 17.701113, 7.261158, -15.677033
BONES 3
BONE 27 0.000043
BONE 40 0.947905
BONE 50 0.052052

VERT 2
OFFSET 17.918276, 7.273400, -15.882243
BONES 3
BONE 27 0.000009
BONE 40 0.942032
BONE 50 0.057959

VERT 3
OFFSET 17.695160, 7.445754, -15.760629
BONES 3
BONE 27 0.000907
BONE 40 0.997269
BONE 50 0.001824

VERT 4
OFFSET 17.286579, 7.125145, -16.425999
BONES 3
BONE 27 0.005806
BONE 40 0.978858
BONE 50 0.015336

VERT 5
OFFSET 17.533941, 6.871451, -16.510956
BONES 3
BONE 27 0.000088
BONE 40 0.553821
BONE 50 0.446091

VERT 6
OFFSET 17.982470, 6.899241, -15.795911
BONES 3
BONE 27 0.000023
BONE 40 0.654666
BONE 50 0.345311

VERT 7
OFFSET 17.862825, 7.378647, -16.071148
BONES 3
BONE 27 0.000007
BONE 40 0.944896
BONE 50 0.055097

VERT 8
OFFSET 17.599424, 7.602726, -15.958549
BONES 3
BONE 27 0.000355
BONE 40 0.999185
BONE 50 0.000460

VERT 9
OFFSET 18.005503, 6.856695, -15.807024
BONES 3
BONE 40 0.341152
BONE 50 0.658317
BONE 60 0.000532

VERT 10
OFFSET 17.769831, 7.333210, -16.325598
BONES 3
BONE 27 0.000012
BONE 40 0.952175
BONE 50 0.047814

VERT 11
OFFSET 17.496761, 7.548035, -16.216053
BONES 3
BONE 27 0.000315
BONE 40 0.999245
BONE 50 0.000440

VERT 12
OFFSET 18.014214, 6.773471, -15.817122
BONES 3
BONE 40 0.341152
BONE 50 0.658317
BONE 60 0.000532

VERT 13
OFFSET 18.058153, 7.057878, -15.856267
BONES 3
BONE 27 0.000007
BONE 40 0.647210
BONE 50 0.352782

VERT 14
OFFSET 17.381311, 7.386727, -16.368883
BONES 3
BONE 27 0.001354
BONE 40 0.996737
BONE 50 0.001909

VERT 15
OFFSET 17.688402, 7.131655, -16.495523
BONES 3
BONE 27 0.000095
BONE 40 0.918139
BONE 50 0.081767

VERT 16
OFFSET 17.597668, 6.780216, -16.515476
BONES 3
BONE 27 0.000088
BONE 40 0.553821
BONE 50 0.446091

VERT 17
OFFSET 18.084467, 6.990443, -15.855540
BONES 3
BONE 27 0.000007
BONE 40 0.647210
BONE 50 0.352782

VERT 18
OFFSET 18.079182, 7.167759, -15.952400
BONES 3
BONE 27 0.000001
BONE 40 0.525172
BONE 50 0.474827

VERT 19
OFFSET 18.022335, 7.249871, -15.997272
BONES 3
BONE 27 0.000001
BONE 40 0.525172
BONE 50 0.474827

VERT 20
OFFSET 18.005239, 7.281711, -16.113071
BONES 3
BONE 27 0.000001
BONE 40 0.525172
BONE 50 0.474827

VERT 21
OFFSET 17.618061, 6.753058, -16.518171
BONES 3
BONE 27 0.000088
BONE 40 0.553821
BONE 50 0.446091

VERT 22
OFFSET 18.077938, 6.179664, -15.867345
BONES 3
BONE 40 0.000281
BONE 50 0.560860
BONE 60 0.438859

VERT 23
OFFSET 18.155684, 6.909105, -15.911099
BONES 3
BONE 40 0.341152
BONE 50 0.658317
BONE 60 0.000532

VERT 24
OFFSET 18.150463, 7.032812, -15.935676
BONES 3
BONE 40 0.493181
BONE 50 0.506767
BONE 60 0.000052

VERT 25
OFFSET 17.911171, 7.225403, -16.375509
BONES 3
BONE 27 0.000001
BONE 40 0.510415
BONE 50 0.489583

VERT 26
OFFSET 17.665071, 6.672329, -16.529047
BONES 3
BONE 40 0.331613
BONE 50 0.661507
BONE 60 0.006879

VERT 27
OFFSET 17.755377, 6.988634, -16.557436
BONES 3
BONE 27 0.000015
BONE 40 0.523608
BONE 50 0.476377

VERT 28
OFFSET 18.254126, 6.140518, -16.024466
BONES 3
BONE 40 0.000053
BONE 50 0.503216
BONE 60 0.496731

VERT 29
OFFSET 18.013033, 7.117858, -16.438559
BONES 3
BONE 27 0.000001
BONE 40 0.510415
BONE 50 0.489583

VERT 30
OFFSET 17.856152, 7.146952, -16.475092
BONES 3
BONE 27 0.000015
BONE 40 0.523608
BONE 50 0.476377

VERT 31
OFFSET 17.904131, 7.061283, -16.522991
BONES 3
BONE 27 0.000015
BONE 40 0.523608
BONE 50 0.476377

VERT 32
OFFSET 17.785061, 6.936695, -16.576073
BONES 3
BONE 27 0.000015
BONE 40 0.523608
BONE 50 0.476377

VERT 33
OFFSET 17.736675, 6.169253, -16.519772
BONES 3
BONE 40 0.000581
BONE 50 0.508409
BONE 60 0.491010

VERT 34
OFFSET 18.255230, 6.122807, -16.220264
BONES 3
BONE 40 0.000360
BONE 50 0.904388
BONE 60 0.095252

VERT 35
OFFSET 18.065008, 7.000746, -16.472067
BONES 3
BONE 40 0.497051
BONE 50 0.502927
BONE 60 0.000022

VERT 36
OFFSET 17.934746, 6.953903, -16.557541
BONES 3
BONE 40 0.462193
BONE 50 0.537500
BONE 60 0.000307

VERT 37
OFFSET 17.924257, 6.798546, -16.589924
BONES 3
BONE 40 0.462193
BONE 50 0.537500
BONE 60 0.000307

VERT 38
OFFSET 18.124577, 6.104403, -16.496214
BONES 3
BONE 40 0.000133
BONE 50 0.502245
BONE 60 0.497622

VERT 39
OFFSET 18.118395, 6.802657, -16.495655
BONES 3
BONE 40 0.497051
BONE 50 0.502927
BONE 60 0.000022

VERT 40
OFFSET 17.989769, 6.127007, -16.563673
BONES 3
BONE 40 0.000133
BONE 50 0.502245
BONE 60 0.497622

VERT 41
OFFSET 18.081518, 5.952688, -15.875445
BONES 3
BONE 40 0.000053
BONE 50 0.182157
BONE 60 0.817790

VERT 42
OFFSET 18.117250, 6.003140, -15.894546
BONES 3
BONE 40 0.000053
BONE 50 0.503216
BONE 60 0.496731

VERT 43
OFFSET 17.927704, 5.588548, -15.794265
BONES 3
BONE 40 0.000007
BONE 50 0.003972
BONE 60 0.996021

VERT 44
OFFSET 18.215912, 5.855238, -16.001888
BONES 3
BONE 40 0.000013
BONE 50 0.096202
BONE 60 0.903785

VERT 45
OFFSET 18.244036, 5.961251, -16.012342
BONES 3
BONE 40 0.000053
BONE 50 0.503216
BONE 60 0.496731

VERT 46
OFFSET 18.212809, 5.791487, -16.218790
BONES 3
BONE 40 0.000004
BONE 50 0.046858
BONE 60 0.953138

VERT 47
OFFSET 18.258261, 5.899015, -16.230801
BONES 3
BONE 40 0.000027
BONE 50 0.499810
BONE 60 0.500163

VERT 48
OFFSET 18.002630, 5.497564, -15.971621
BONES 3
BONE 40 0.000002
BONE 50 0.001552
BONE 60 0.998446

VERT 49
OFFSET 17.964064, 5.455739, -16.152124
BONES 3
BONE 40 0.000000
BONE 50 0.000360
BONE 60 0.999639

VERT 50
OFFSET 18.068014, 5.793322, -16.493357
BONES 3
BONE 40 0.000004
BONE 50 0.048090
BONE 60 0.951906

VERT 51
OFFSET 18.115421, 5.923285, -16.505898
BONES 3
BONE 40 0.000133
BONE 50 0.502245
BONE 60 0.497622

VERT 52
OFFSET 17.758497, 6.014565, -16.543306
BONES 3
BONE 40 0.000581
BONE 50 0.508409
BONE 60 0.491010

VERT 53
OFFSET 17.736248, 5.917140, -16.542747
BONES 3
BONE 40 0.000080
BONE 50 0.182803
BONE 60 0.817116

VERT 54
OFFSET 17.746370, 5.343547, -15.756845
BONES 3
BONE 40 0.000001
BONE 50 0.000144
BONE 60 0.999855

VERT 55
OFFSET 17.818598, 5.468328, -16.346437
BONES 3
BONE 40 0.000000
BONE 50 0.000378
BONE 60 0.999621

VERT 56
OFFSET 17.605211, 5.618124, -16.463873
BONES 3
BONE 40 0.000002
BONE 50 0.001483
BONE 60 0.998516

VERT 57
OFFSET 17.812866, 5.245861, -15.924364
BONES 3
BONE 40 0.000000
BONE 50 0.000037
BONE 60 0.999963

VERT 58
OFFSET 17.813053, 5.214093, -16.087988
BONES 3
BONE 40 0.000000
BONE 50 0.000007
BONE 60 0.999992

VERT 59
OFFSET 17.962561, 5.973793, -16.570736
BONES 3
BONE 40 0.000133
BONE 50 0.502245
BONE 60 0.497622

VERT 60
OFFSET 17.922194, 5.859252, -16.568060
BONES 3
BONE 40 0.000133
BONE 50 0.502245
BONE 60 0.497622

VERT 61
OFFSET 17.613209, 5.203951, -15.818081
BONES 1
BONE 60 1.000000

VERT 62
OFFSET 17.508440, 5.247816, -15.875547
BONES 2
BONE 50 0.000000
BONE 60 1.000000

VERT 63
OFFSET 17.685793, 5.237182, -16.246685
BONES 3
BONE 40 0.000000
BONE 50 0.000039
BONE 60 0.999961

VERT 64
OFFSET 17.725157, 5.490076, -16.437149
BONES 3
BONE 40 0.000000
BONE 50 0.000370
BONE 60 0.999630

VERT 65
OFFSET 17.483583, 5.389707, -16.358181
BONES 3
BONE 40 0.000000
BONE 50 0.000011
BONE 60 0.999989

VERT 66
OFFSET 17.402363, 5.269348, -16.155479
BONES 1
BONE 60 1.000000

VERT 67
OFFSET 17.702070, 5.131429, -15.885243
BONES 1
BONE 60 1.000000

VERT 68
OFFSET 17.448252, 5.149437, -16.139839
BONES 1
BONE 60 1.000000

VERT 69
OFFSET 17.532877, 5.132297, -15.933414
BONES 1
BONE 60 1.000000

VERT 70
OFFSET 17.619171, 5.072514, -15.959609
BONES 1
BONE 60 1.000000

VERT 71
OFFSET 17.576815, 5.287657, -16.313641
BONES 3
BONE 40 0.000000
BONE 50 0.000008
BONE 60 0.999992

VERT 72
OFFSET 17.439365, 5.254336, -16.267509
BONES 3
BONE 40 0.000000
BONE 50 0.000011
BONE 60 0.999989

VERT 73
OFFSET 17.526953, 5.095732, -16.179590
BONES 1
BONE 60 1.000000

VERT 74
OFFSET 17.537039, 5.190318, -16.263472
BONES 1
BONE 60 1.000000

VERT 75
OFFSET 13.195061, 6.719703, -12.856191
BONES 4
BONE 21 0.194998
BONE 19 0.469030
BONE 31 0.333367
BONE 44 0.002605

VERT 76
OFFSET 13.135392, 6.954831, -12.479085
BONES 4
BONE 21 0.226628
BONE 19 0.475922
BONE 31 0.294845
BONE 44 0.002605

VERT 77
OFFSET 12.612380, 6.958426, -12.600348
BONES 3
BONE 21 0.616078
BONE 19 0.290074
BONE 31 0.093847

VERT 78
OFFSET 12.698597, 6.785351, -12.982821
BONES 3
BONE 21 0.564000
BONE 19 0.248376
BONE 31 0.187624

VERT 79
OFFSET 12.701939, 6.704907, -13.317892
BONES 3
BONE 21 0.552751
BONE 19 0.272594
BONE 31 0.174654

VERT 80
OFFSET 13.180202, 6.637410, -13.266169
BONES 3
BONE 21 0.161389
BONE 19 0.580114
BONE 31 0.258497

VERT 81
OFFSET 13.084212, 7.232151, -12.218880
BONES 3
BONE 21 0.307035
BONE 19 0.594453
BONE 31 0.098513

VERT 82
OFFSET 13.102858, 7.712512, -12.085443
BONES 3
BONE 21 0.393194
BONE 19 0.352187
BONE 31 0.254619

VERT 83
OFFSET 12.444467, 7.763848, -12.131728
BONES 2
BONE 21 0.884519
BONE 19 0.115481

VERT 84
OFFSET 12.458868, 7.261016, -12.303353
BONES 2
BONE 21 0.742891
BONE 19 0.257109

VERT 85
OFFSET 13.205458, 6.607393, -13.646977
BONES 3
BONE 21 0.165851
BONE 19 0.684983
BONE 31 0.149165

VERT 86
OFFSET 12.676846, 6.678144, -13.632364
BONES 3
BONE 21 0.532395
BONE 19 0.325715
BONE 31 0.141890

VERT 87
OFFSET 13.086800, 8.176169, -12.268003
BONES 3
BONE 21 0.481342
BONE 19 0.294489
BONE 31 0.224169

VERT 88
OFFSET 12.294740, 8.391005, -12.342089
BONES 2
BONE 21 0.889176
BONE 19 0.110824

VERT 89
OFFSET 13.201530, 6.692525, -13.989083
BONES 3
BONE 21 0.156284
BONE 19 0.587910
BONE 31 0.255806

VERT 90
OFFSET 12.633799, 6.736466, -13.995761
BONES 3
BONE 21 0.507487
BONE 19 0.330749
BONE 31 0.161765

VERT 91
OFFSET 13.098832, 8.600099, -12.725878
BONES 3
BONE 21 0.618707
BONE 19 0.243409
BONE 31 0.137883

VERT 92
OFFSET 12.335383, 8.801522, -12.878604
BONES 3
BONE 21 0.873421
BONE 19 0.079711
BONE 31 0.046868

VERT 93
OFFSET 12.654825, 7.039512, -14.898890
BONES 3
BONE 21 0.540846
BONE 19 0.428738
BONE 31 0.030417

VERT 94
OFFSET 13.228559, 7.081789, -14.857345
BONES 3
BONE 21 0.263412
BONE 19 0.615204
BONE 31 0.121384

VERT 95
OFFSET 13.208742, 6.838771, -14.447397
BONES 3
BONE 21 0.213225
BONE 19 0.634985
BONE 31 0.151790

VERT 96
OFFSET 12.621222, 6.823838, -14.408520
BONES 3
BONE 21 0.515734
BONE 19 0.389140
BONE 31 0.095126

VERT 97
OFFSET 13.135242, 8.826875, -13.218391
BONES 3
BONE 21 0.634460
BONE 19 0.314597
BONE 31 0.050942

VERT 98
OFFSET 12.475878, 9.014363, -13.454041
BONES 3
BONE 21 0.896354
BONE 19 0.079215
BONE 31 0.024431

VERT 99
OFFSET 12.795079, 7.425448, -15.132075
BONES 3
BONE 21 0.632079
BONE 19 0.332217
BONE 31 0.035704

VERT 100
OFFSET 13.253896, 7.403405, -15.093967
BONES 3
BONE 21 0.392106
BONE 19 0.542242
BONE 31 0.065652

VERT 101
OFFSET 13.214921, 8.943481, -13.713022
BONES 3
BONE 21 0.638638
BONE 19 0.349686
BONE 31 0.011676

VERT 102
OFFSET 12.636644, 8.994293, -13.990450
BONES 3
BONE 21 0.840322
BONE 19 0.136241
BONE 31 0.023437

VERT 103
OFFSET 12.846699, 8.306221, -15.132253
BONES 3
BONE 21 0.824604
BONE 19 0.165494
BONE 31 0.009902

VERT 104
OFFSET 12.979141, 7.936551, -15.145484
BONES 3
BONE 21 0.612410
BONE 19 0.353991
BONE 31 0.033599

VERT 105
OFFSET 12.481307, 8.266747, -15.096397
BONES 1
BONE 21 1.000000

VERT 106
OFFSET 12.741437, 8.704447, -14.836842
BONES 2
BONE 21 0.849296
BONE 19 0.150704

VERT 107
OFFSET 12.411375, 8.702579, -14.845546
BONES 1
BONE 21 1.000000

VERT 108
OFFSET 12.855468, 8.868466, -14.372944
BONES 3
BONE 21 0.790357
BONE 19 0.209347
BONE 31 0.000296

VERT 109
OFFSET 13.519483, 6.960366, -12.245360
BONES 4
BONE 21 0.019346
BONE 19 0.031975
BONE 31 0.926094
BONE 44 0.022585

VERT 110
OFFSET 13.354111, 6.976162, -12.369603
BONES 4
BONE 21 0.087860
BONE 19 0.221346
BONE 31 0.688189
BONE 44 0.002605

VERT 111
OFFSET 13.363656, 6.657691, -12.817966
BONES 4
BONE 21 0.077295
BONE 19 0.200064
BONE 31 0.720037
BONE 44 0.002605

VERT 112
OFFSET 13.491223, 6.586067, -12.788010
BONES 3
BONE 19 0.031975
BONE 31 0.965421
BONE 44 0.002605

VERT 113
OFFSET 13.442410, 6.568825, -13.300146
BONES 3
BONE 21 0.055330
BONE 19 0.158906
BONE 31 0.785764

VERT 114
OFFSET 13.597313, 6.494582, -13.334596
BONES 1
BONE 31 1.000000

VERT 115
OFFSET 13.772847, 6.836604, -12.130944
BONES 2
BONE 31 0.953006
BONE 44 0.046994

VERT 116
OFFSET 13.593499, 6.504602, -12.769245
BONES 2
BONE 31 0.991338
BONE 44 0.008662

VERT 117
OFFSET 13.564585, 7.191991, -12.078648
BONES 4
BONE 21 0.016535
BONE 19 0.169326
BONE 31 0.791553
BONE 44 0.022585

VERT 118
OFFSET 13.687981, 7.679296, -12.009457
BONES 4
BONE 21 0.013834
BONE 19 0.302785
BONE 31 0.665568
BONE 44 0.017813

VERT 119
OFFSET 13.424273, 7.686045, -12.043895
BONES 3
BONE 21 0.136663
BONE 19 0.406402
BONE 31 0.456935

VERT 120
OFFSET 13.355203, 7.179290, -12.172569
BONES 4
BONE 21 0.112531
BONE 19 0.270771
BONE 31 0.594113
BONE 44 0.022585

VERT 121
OFFSET 13.483360, 6.595689, -13.709899
BONES 3
BONE 21 0.023911
BONE 19 0.464371
BONE 31 0.511718

VERT 122
OFFSET 13.678558, 6.575178, -13.762686
BONES 2
BONE 19 0.475747
BONE 31 0.524253

VERT 123
OFFSET 13.708776, 6.439579, -13.396601
BONES 1
BONE 31 1.000000

VERT 124
OFFSET 13.835515, 6.345672, -13.306016
BONES 1
BONE 31 1.000000

VERT 125
OFFSET 13.673766, 6.424069, -12.823306
BONES 2
BONE 31 0.991338
BONE 44 0.008662

VERT 126
OFFSET 13.892216, 6.417021, -12.324759
BONES 2
BONE 31 0.980050
BONE 44 0.019950

VERT 127
OFFSET 13.822090, 7.254980, -11.957898
BONES 3
BONE 19 0.207139
BONE 31 0.769189
BONE 44 0.023671

VERT 128
OFFSET 14.022522, 7.721888, -11.925076
BONES 5
BONE 21 0.007129
BONE 19 0.311870
BONE 31 0.662873
BONE 44 0.018103
BONE 23 0.000025

VERT 129
OFFSET 13.783784, 8.047007, -12.168464
BONES 4
BONE 21 0.093598
BONE 19 0.481822
BONE 31 0.420916
BONE 44 0.003665

VERT 130
OFFSET 13.457392, 8.088236, -12.199233
BONES 3
BONE 21 0.276471
BONE 19 0.594772
BONE 31 0.128757

VERT 131
OFFSET 14.119415, 6.518278, -13.784613
BONES 2
BONE 19 0.373194
BONE 31 0.626806

VERT 132
OFFSET 13.748412, 6.576854, -14.195555
BONES 3
BONE 19 0.700196
BONE 31 0.235487
BONE 27 0.064317

VERT 133
OFFSET 13.490928, 6.681099, -14.080150
BONES 4
BONE 21 0.037813
BONE 19 0.671899
BONE 31 0.225970
BONE 27 0.064317

VERT 134
OFFSET 14.651623, 6.572802, -13.958503
BONES 2
BONE 19 0.640446
BONE 31 0.359554

VERT 135
OFFSET 14.715992, 6.593956, -13.827209
BONES 2
BONE 19 0.640446
BONE 31 0.359554

VERT 136
OFFSET 14.269925, 6.465192, -13.676293
BONES 2
BONE 19 0.373194
BONE 31 0.626806

VERT 137
OFFSET 14.680083, 7.502211, -11.627199
BONES 3
BONE 19 0.110938
BONE 31 0.819534
BONE 44 0.069529

VERT 138
OFFSET 14.161305, 8.033379, -12.145031
BONES 5
BONE 21 0.006339
BONE 19 0.386142
BONE 31 0.589412
BONE 44 0.018103
BONE 23 0.000004

VERT 139
OFFSET 13.851708, 8.390320, -12.516712
BONES 3
BONE 21 0.179688
BONE 19 0.678701
BONE 31 0.141611

VERT 140
OFFSET 13.492760, 8.491499, -12.609416
BONES 3
BONE 21 0.367059
BONE 19 0.343663
BONE 31 0.289277

VERT 141
OFFSET 14.986581, 6.316003, -13.449878
BONES 2
BONE 19 0.044858
BONE 31 0.955142

VERT 142
OFFSET 14.503746, 6.145467, -13.327123
BONES 2
BONE 19 0.026874
BONE 31 0.973126

VERT 143
OFFSET 14.376692, 5.977534, -12.277945
BONES 2
BONE 31 0.812342
BONE 44 0.187658

VERT 144
OFFSET 14.020028, 6.520056, -14.289096
BONES 3
BONE 19 0.797171
BONE 31 0.102259
BONE 27 0.100571

VERT 145
OFFSET 14.538694, 6.504006, -14.421350
BONES 4
BONE 19 0.704741
BONE 31 0.034385
BONE 27 0.251605
BONE 40 0.009268

VERT 146
OFFSET 14.807515, 8.301538, -12.297599
BONES 5
BONE 21 0.007926
BONE 19 0.569272
BONE 31 0.384542
BONE 44 0.038243
BONE 23 0.000017

VERT 147
OFFSET 14.285924, 8.338076, -12.428178
BONES 3
BONE 21 0.051413
BONE 19 0.593973
BONE 31 0.354614

VERT 148
OFFSET 14.779331, 7.876174, -11.898965
BONES 4
BONE 19 0.302350
BONE 31 0.606561
BONE 44 0.090868
BONE 23 0.000221

VERT 149
OFFSET 13.478967, 6.804847, -14.492035
BONES 3
BONE 21 0.089220
BONE 19 0.735066
BONE 31 0.175714

VERT 150
OFFSET 13.448152, 7.089756, -14.909315
BONES 3
BONE 21 0.152525
BONE 19 0.732971
BONE 31 0.114504

VERT 151
OFFSET 13.646350, 7.073466, -15.004001
BONES 3
BONE 19 0.838692
BONE 31 0.049809
BONE 27 0.111499

VERT 152
OFFSET 13.703030, 6.702747, -14.566716
BONES 3
BONE 19 0.797171
BONE 31 0.102259
BONE 27 0.100571

VERT 153
OFFSET 15.188432, 6.800453, -13.922399
BONES 3
BONE 19 0.570967
BONE 31 0.326407
BONE 27 0.102627

VERT 154
OFFSET 15.291872, 6.821388, -13.752801
BONES 3
BONE 19 0.570967
BONE 31 0.326407
BONE 27 0.102627

VERT 155
OFFSET 14.768750, 5.843128, -12.645622
BONES 2
BONE 31 0.829277
BONE 44 0.170723

VERT 156
OFFSET 15.386065, 7.288280, -11.284385
BONES 3
BONE 19 0.000043
BONE 31 0.513515
BONE 44 0.486442

VERT 157
OFFSET 13.918509, 8.647811, -12.990021
BONES 3
BONE 21 0.104212
BONE 19 0.681360
BONE 31 0.214428

VERT 158
OFFSET 13.533817, 8.719718, -13.069603
BONES 3
BONE 21 0.457589
BONE 19 0.425359
BONE 31 0.117052

VERT 159
OFFSET 15.052762, 6.642494, -14.460250
BONES 2
BONE 19 0.710272
BONE 27 0.289728

VERT 160
OFFSET 15.458715, 6.542897, -13.356640
BONES 6
BONE 19 0.021809
BONE 31 0.752426
BONE 44 0.097631
BONE 33 0.069332
BONE 23 0.058666
BONE 36 0.000137

VERT 161
OFFSET 13.483268, 7.479347, -15.126554
BONES 3
BONE 21 0.239529
BONE 19 0.703905
BONE 31 0.056566

VERT 162
OFFSET 13.705097, 7.488420, -15.188818
BONES 3
BONE 21 0.080000
BONE 19 0.883704
BONE 31 0.036296

VERT 163
OFFSET 13.874201, 6.957241, -15.077324
BONES 3
BONE 19 0.837302
BONE 31 0.051199
BONE 27 0.111499

VERT 164
OFFSET 13.936652, 6.619562, -14.664621
BONES 3
BONE 19 0.797171
BONE 31 0.102259
BONE 27 0.100571

VERT 165
OFFSET 15.285667, 5.983459, -12.880860
BONES 3
BONE 19 0.013369
BONE 31 0.953986
BONE 44 0.032645

VERT 166
OFFSET 15.494090, 6.260725, -10.993479
BONES 3
BONE 31 0.469455
BONE 44 0.529508
BONE 54 0.001036

VERT 167
OFFSET 15.838429, 6.675182, -11.007798
BONES 3
BONE 31 0.483270
BONE 44 0.516489
BONE 54 0.000241

VERT 168
OFFSET 16.246021, 6.850146, -11.333012
BONES 4
BONE 31 0.052392
BONE 44 0.909141
BONE 54 0.004199
BONE 33 0.034268

VERT 169
OFFSET 15.598584, 6.952887, -11.131526
BONES 3
BONE 19 0.000016
BONE 31 0.499992
BONE 44 0.499992

VERT 170
OFFSET 16.335052, 6.834531, -11.713889
BONES 6
BONE 19 0.000024
BONE 31 0.208991
BONE 44 0.571175
BONE 54 0.106628
BONE 33 0.111862
BONE 23 0.001319

VERT 171
OFFSET 15.856277, 7.152428, -11.401443
BONES 5
BONE 19 0.032091
BONE 31 0.494267
BONE 44 0.388355
BONE 33 0.084281
BONE 23 0.001006

VERT 172
OFFSET 15.570172, 7.590494, -11.710878
BONES 5
BONE 19 0.147425
BONE 31 0.495795
BONE 44 0.189895
BONE 33 0.166580
BONE 23 0.000305

VERT 173
OFFSET 14.384508, 8.610713, -12.917406
BONES 3
BONE 21 0.031796
BONE 19 0.883636
BONE 31 0.084568

VERT 174
OFFSET 13.248643, 7.795181, -15.162064
BONES 3
BONE 21 0.524928
BONE 19 0.442849
BONE 31 0.032222

VERT 175
OFFSET 14.830911, 6.590667, -15.084496
BONES 3
BONE 19 0.675248
BONE 27 0.304799
BONE 40 0.019953

VERT 176
OFFSET 15.571872, 6.643348, -15.184982
BONES 5
BONE 19 0.549716
BONE 31 0.003513
BONE 27 0.362666
BONE 40 0.082974
BONE 33 0.001131

VERT 177
OFFSET 15.756547, 6.946492, -14.523880
BONES 9
BONE 19 0.631701
BONE 31 0.000003
BONE 27 0.311726
BONE 40 0.015015
BONE 50 0.000137
BONE 42 0.039702
BONE 52 0.000239
BONE 25 0.001455
BONE 38 0.000022

VERT 178
OFFSET 15.736694, 6.265871, -12.829800
BONES 6
BONE 19 0.011418
BONE 31 0.696236
BONE 44 0.099351
BONE 33 0.141336
BONE 23 0.051545
BONE 36 0.000114

VERT 179
OFFSET 15.028656, 5.724077, -12.168165
BONES 2
BONE 31 0.564793
BONE 44 0.435207

VERT 180
OFFSET 13.924416, 8.809582, -13.549321
BONES 3
BONE 21 0.110997
BONE 19 0.762295
BONE 31 0.126708

VERT 181
OFFSET 13.565412, 8.865390, -13.623684
BONES 3
BONE 21 0.430793
BONE 19 0.536810
BONE 31 0.032397

VERT 182
OFFSET 13.484727, 7.833754, -15.159928
BONES 3
BONE 21 0.387740
BONE 19 0.592351
BONE 31 0.019908

VERT 183
OFFSET 13.746329, 7.867334, -15.187658
BONES 3
BONE 21 0.200000
BONE 19 0.768024
BONE 31 0.031976

VERT 184
OFFSET 13.976839, 7.412682, -15.323816
BONES 3
BONE 21 0.080000
BONE 19 0.883704
BONE 31 0.036296

VERT 185
OFFSET 14.345115, 6.961754, -15.342301
BONES 2
BONE 19 0.953083
BONE 31 0.046917

VERT 186
OFFSET 14.395458, 6.575308, -14.919605
BONES 4
BONE 19 0.721461
BONE 31 0.040352
BONE 27 0.227310
BONE 40 0.010877

VERT 187
OFFSET 16.322445, 6.621558, -12.000439
BONES 7
BONE 19 0.027687
BONE 31 0.424116
BONE 44 0.318698
BONE 54 0.009600
BONE 33 0.204419
BONE 23 0.015459
BONE 36 0.000021

VERT 188
OFFSET 16.316143, 6.695189, -12.130127
BONES 6
BONE 19 0.015946
BONE 31 0.307972
BONE 44 0.211650
BONE 54 0.005529
BONE 33 0.450000
BONE 23 0.008903

VERT 189
OFFSET 16.352619, 6.863330, -12.011171
BONES 6
BONE 19 0.015946
BONE 31 0.307972
BONE 44 0.211650
BONE 54 0.005529
BONE 33 0.450000
BONE 23 0.008903

VERT 190
OFFSET 15.418372, 8.200710, -12.099210
BONES 4
BONE 19 0.505113
BONE 31 0.412533
BONE 44 0.061801
BONE 23 0.020552

VERT 191
OFFSET 14.900803, 8.600327, -12.802367
BONES 5
BONE 21 0.004298
BONE 19 0.961119
BONE 31 0.034538
BONE 23 0.000043
BONE 25 0.000001

VERT 192
OFFSET 13.194170, 8.861329, -14.314003
BONES 3
BONE 21 0.675205
BONE 19 0.323597
BONE 31 0.001198

VERT 193
OFFSET 15.412774, 5.816275, -12.398767
BONES 6
BONE 19 0.027192
BONE 31 0.553172
BONE 44 0.255631
BONE 33 0.141689
BONE 23 0.022294
BONE 36 0.000022

VERT 194
OFFSET 16.442255, 6.611743, -11.234833
BONES 3
BONE 31 0.002092
BONE 44 0.851563
BONE 54 0.146344

VERT 195
OFFSET 16.527035, 6.647897, -11.516910
BONES 3
BONE 31 0.004853
BONE 44 0.740810
BONE 54 0.254337

VERT 196
OFFSET 14.426558, 8.793909, -13.490395
BONES 1
BONE 19 1.000000

VERT 197
OFFSET 13.824789, 8.247081, -15.044874
BONES 3
BONE 21 0.100000
BONE 19 0.884945
BONE 31 0.015055

VERT 198
OFFSET 13.513588, 8.288208, -15.057917
BONES 3
BONE 21 0.404445
BONE 19 0.577038
BONE 31 0.018517

VERT 199
OFFSET 14.026331, 7.818324, -15.316644
BONES 3
BONE 21 0.080000
BONE 19 0.901211
BONE 31 0.018789

VERT 200
OFFSET 14.431920, 7.311465, -15.566878
BONES 2
BONE 19 0.978115
BONE 31 0.021885

VERT 201
OFFSET 16.129925, 6.810425, -15.199716
BONES 5
BONE 19 0.452265
BONE 31 0.004273
BONE 27 0.441155
BONE 40 0.100932
BONE 33 0.001376

VERT 202
OFFSET 16.323345, 7.075967, -14.511024
BONES 9
BONE 19 0.834642
BONE 31 0.000001
BONE 27 0.139958
BONE 40 0.006741
BONE 50 0.000062
BONE 42 0.017825
BONE 52 0.000107
BONE 25 0.000653
BONE 38 0.000010

VERT 203
OFFSET 15.785053, 6.758430, -13.277853
BONES 2
BONE 19 0.196708
BONE 31 0.803292

VERT 204
OFFSET 16.168732, 6.715719, -12.872179
BONES 6
BONE 19 0.021809
BONE 31 0.752426
BONE 44 0.097631
BONE 33 0.069332
BONE 23 0.058666
BONE 36 0.000137

VERT 205
OFFSET 15.845912, 6.085391, -12.420136
BONES 6
BONE 19 0.027192
BONE 31 0.553172
BONE 44 0.255631
BONE 33 0.141689
BONE 23 0.022294
BONE 36 0.000022

VERT 206
OFFSET 16.140764, 8.231174, -12.156268
BONES 8
BONE 19 0.430847
BONE 31 0.259546
BONE 44 0.043816
BONE 33 0.149749
BONE 23 0.115686
BONE 36 0.000315
BONE 25 0.000040
BONE 38 0.000000

VERT 207
OFFSET 16.205770, 7.703380, -11.882217
BONES 8
BONE 19 0.188596
BONE 31 0.442545
BONE 44 0.068198
BONE 33 0.219871
BONE 23 0.080603
BONE 36 0.000170
BONE 25 0.000017
BONE 38 0.000000

VERT 208
OFFSET 14.792408, 6.919199, -15.463446
BONES 4
BONE 19 0.705513
BONE 31 0.003722
BONE 27 0.257774
BONE 40 0.032991

VERT 209
OFFSET 16.543703, 7.186925, -13.880713
BONES 9
BONE 19 0.972644
BONE 31 0.000096
BONE 27 0.007890
BONE 40 0.002336
BONE 50 0.000029
BONE 42 0.008372
BONE 52 0.000050
BONE 25 0.008455
BONE 38 0.000128

VERT 210
OFFSET 16.911808, 7.038652, -13.035301
BONES 8
BONE 19 0.767455
BONE 31 0.006337
BONE 44 0.000137
BONE 33 0.051362
BONE 23 0.173386
BONE 36 0.000308
BONE 25 0.001002
BONE 38 0.000012

VERT 211
OFFSET 16.534496, 6.998638, -12.887657
BONES 5
BONE 19 0.400392
BONE 31 0.118511
BONE 44 0.051549
BONE 33 0.271701
BONE 23 0.157847

VERT 212
OFFSET 15.923464, 7.061518, -13.717056
BONES 2
BONE 19 0.438922
BONE 31 0.561078

VERT 213
OFFSET 15.589829, 5.739860, -11.928209
BONES 3
BONE 31 0.380545
BONE 44 0.598952
BONE 54 0.020503

VERT 214
OFFSET 15.544531, 5.762347, -12.004827
BONES 3
BONE 31 0.380545
BONE 44 0.598952
BONE 54 0.020503

VERT 215
OFFSET 16.927616, 6.324359, -11.224262
BONES 3
BONE 31 0.001653
BONE 44 0.672641
BONE 54 0.325706

VERT 216
OFFSET 16.989634, 6.357294, -11.544198
BONES 3
BONE 31 0.000428
BONE 44 0.447407
BONE 54 0.552165

VERT 217
OFFSET 15.435851, 8.567002, -12.663020
BONES 5
BONE 21 0.001374
BONE 19 0.968064
BONE 31 0.011041
BONE 23 0.016054
BONE 25 0.003467

VERT 218
OFFSET 14.930257, 8.781569, -13.445640
BONES 4
BONE 19 0.999430
BONE 31 0.000456
BONE 23 0.000001
BONE 25 0.000113

VERT 219
OFFSET 14.391035, 8.824545, -14.237618
BONES 1
BONE 19 1.000000

VERT 220
OFFSET 13.884238, 8.872405, -14.155615
BONES 3
BONE 21 0.145872
BONE 19 0.812783
BONE 31 0.041345

VERT 221
OFFSET 13.129272, 8.701195, -14.903547
BONES 3
BONE 21 0.709387
BONE 19 0.285963
BONE 31 0.004651

VERT 222
OFFSET 13.810372, 8.638881, -14.760025
BONES 3
BONE 21 0.100000
BONE 19 0.882063
BONE 31 0.017937

VERT 223
OFFSET 14.277678, 8.531496, -14.840374
BONES 1
BONE 19 1.000000

VERT 224
OFFSET 14.194208, 8.162740, -15.181042
BONES 2
BONE 19 0.993191
BONE 31 0.006809

VERT 225
OFFSET 14.484450, 7.724297, -15.527861
BONES 2
BONE 19 0.990752
BONE 31 0.009248

VERT 226
OFFSET 15.886824, 6.115202, -12.142962
BONES 5
BONE 19 0.000247
BONE 31 0.390172
BONE 44 0.525703
BONE 54 0.028363
BONE 33 0.055514

VERT 227
OFFSET 15.881774, 6.082190, -12.060824
BONES 5
BONE 19 0.000121
BONE 31 0.247836
BONE 44 0.662825
BONE 54 0.048305
