// Export filename: 'C:/cod5/cod/cod5/model_export/viewmodels/viewmodel_player.XMODEL_EXPORT'
// Source filename: 'C:/cod5/cod/cod5/model_export/viewmodels/viewmodel_usa_marine_player.ma'
// Export time: Tue Jun 10 16:25:26 2008
MODEL
VERSION 6

NUMBONES 61
BONE 0 -1 "TAG_ORIGIN"
BONE 1 0 "TAG_SYNC"
BONE 2 0 "tag_torso"
BONE 3 2 "J_Shoulder_LE"
BONE 4 2 "J_Shoulder_RI"
BONE 5 2 "tag_view"
BONE 6 2 "tag_weapon"
BONE 7 3 "J_Elbow_LE"
BONE 8 4 "J_Elbow_RI"
BONE 9 5 "tag_cambone"
BONE 10 5 "tag_player"
BONE 11 7 "J_Sleave_Reshape_Bottom_LE_1"
BONE 12 7 "J_Sleave_Reshape_Bottom_LE_2"
BONE 13 7 "J_Sleave_Reshape_Top_LE_1"
BONE 14 7 "J_Sleave_Reshape_Top_LE_2"
BONE 15 7 "J_Sleave_Reshape_Top_LE_3"
BONE 16 8 "J_Sleave_Reshape_Top_RI_1"
BONE 17 8 "J_Sleave_Reshape_Top_RI_2"
BONE 18 8 "J_Sleave_Reshape_Top_RI_3"
BONE 19 7 "J_Wrist_LE"
BONE 20 8 "J_Wrist_RI"
BONE 21 7 "J_WristTwist_LE"
BONE 22 8 "J_WristTwist_RI"
BONE 23 9 "tag_camera"
BONE 24 19 "J_Index_LE_0"
BONE 25 20 "J_Index_RI_0"
BONE 26 19 "J_Mid_LE_0"
BONE 27 20 "J_Mid_RI_0"
BONE 28 19 "J_PinkyPalm_LE"
BONE 29 20 "J_PinkyPalm_RI"
BONE 30 19 "J_RingPalm_LE"
BONE 31 20 "J_RingPalm_RI"
BONE 32 19 "J_Thumb_LE_0"
BONE 33 20 "J_Thumb_RI_0"
BONE 34 19 "J_Webbing_LE"
BONE 35 20 "J_Webbing_RI"
BONE 36 23 "tag_gasmask"
BONE 37 24 "J_Index_LE_1"
BONE 38 25 "J_Index_RI_1"
BONE 39 26 "J_Mid_LE_1"
BONE 40 27 "J_Mid_RI_1"
BONE 41 28 "J_Pinky_LE_0"
BONE 42 29 "J_Pinky_RI_0"
BONE 43 30 "J_Ring_LE_0"
BONE 44 31 "J_Ring_RI_0"
BONE 45 32 "J_Thumb_LE_1"
BONE 46 33 "J_Thumb_RI_1"
BONE 47 37 "J_Index_LE_2"
BONE 48 38 "J_Index_RI_2"
BONE 49 39 "J_Mid_LE_2"
BONE 50 40 "J_Mid_RI_2"
BONE 51 41 "J_Pinky_LE_1"
BONE 52 42 "J_Pinky_RI_1"
BONE 53 43 "J_Ring_LE_1"
BONE 54 44 "J_Ring_RI_1"
BONE 55 45 "J_Thumb_LE_2"
BONE 56 46 "J_Thumb_RI_2"
BONE 57 51 "J_Pinky_LE_2"
BONE 58 52 "J_Pinky_RI_2"
BONE 59 53 "J_Ring_LE_2"
BONE 60 54 "J_Ring_RI_2"

BONE 0
OFFSET 0.000000, 0.000000, 0.000000
SCALE 1.000000, 1.000000, 1.000000
X 1.000000, 0.000000, 0.000000
Y 0.000000, 1.000000, 0.000000
Z 0.000000, 0.000000, 1.000000

BONE 1
OFFSET 0.000000, 0.000000, 0.000000
SCALE 1.000000, 1.000000, 1.000000
X -1.000000, 0.000000, 0.000000
Y -0.000000, -1.000000, 0.000000
Z 0.000000, 0.000000, 1.000000

BONE 2
OFFSET -4.631834, 0.000000, 58.622833
SCALE 1.000000, 1.000000, 1.000000
X 1.000000, 0.000000, 0.000000
Y 0.000000, 1.000000, 0.000000
Z 0.000000, 0.000000, 1.000000

BONE 3
OFFSET -3.506030, 7.937290, 56.812878
SCALE 1.000000, 1.000000, 1.000000
X 0.472986, 0.011374, -0.880996
Y 0.446745, -0.864941, 0.228681
Z -0.759409, -0.501744, -0.414187

BONE 4
OFFSET -3.506032, -7.937284, 56.812881
SCALE 1.000000, 1.000000, 1.000000
X -0.472986, 0.011374, 0.880996
Y -0.446745, -0.864941, -0.228681
Z 0.759409, -0.501744, 0.414187

BONE 5
OFFSET 0.000000, 0.000000, 59.999790
SCALE 1.000000, 1.000000, 1.000000
X 1.000000, 0.000000, 0.000000
Y 0.000000, 1.000000, 0.000000
Z 0.000000, 0.000000, 1.000000

BONE 6
OFFSET 10.527968, 0.000000, 51.870113
SCALE 1.000000, 1.000000, 1.000000
X 1.000000, 0.000000, 0.000000
Y 0.000000, 1.000000, 0.000000
Z 0.000000, 0.000000, 1.000000

BONE 7
OFFSET 2.214219, 8.074842, 46.158195
SCALE 1.000000, 1.000000, 1.000000
X 0.999978, -0.002833, 0.005930
Y -0.005970, -0.014367, 0.999879
Z -0.002747, -0.999893, -0.014384

BONE 8
OFFSET 2.214221, -8.074842, 46.158215
SCALE 1.000000, 1.000000, 1.000000
X -0.999978, -0.002833, -0.005930
Y 0.005970, -0.014367, -0.999879
Z 0.002747, -0.999893, 0.014384

BONE 9
OFFSET 0.000000, 0.000000, 59.999790
SCALE 1.000000, 1.000000, 1.000000
X 1.000000, 0.000000, 0.000000
Y 0.000000, 1.000000, 0.000000
Z 0.000000, 0.000000, 1.000000

BONE 10
OFFSET 0.000000, 0.000000, 0.000000
SCALE 1.000000, 1.000000, 1.000000
X 1.000000, 0.000000, 0.000000
Y 0.000000, 1.000000, 0.000000
Z 0.000000, 0.000000, 1.000000

BONE 11
OFFSET 12.125037, 8.958635, 45.173817
SCALE 1.000000, 1.000000, 1.000000
X 1.000000, 0.000000, 0.000000
Y 0.000000, 1.000000, 0.000000
Z 0.000000, 0.000000, 1.000000

BONE 12
OFFSET 11.739065, 7.335669, 44.948719
SCALE 1.000000, 1.000000, 1.000000
X 1.000000, 0.000000, 0.000000
Y 0.000000, 1.000000, 0.000000
Z 0.000000, 0.000000, 1.000000

BONE 13
OFFSET 12.634503, 8.810233, 47.714413
SCALE 1.000000, 1.000000, 1.000000
X 1.000000, 0.000000, 0.000000
Y 0.000000, 1.000000, 0.000000
Z 0.000000, 0.000000, 1.000000

BONE 14
OFFSET 12.530005, 7.482795, 47.910583
SCALE 1.000000, 1.000000, 1.000000
X 1.000000, 0.000000, 0.000000
Y 0.000000, 1.000000, 0.000000
Z 0.000000, 0.000000, 1.000000

BONE 15
OFFSET 12.149994, 6.891432, 46.940243
SCALE 1.000000, 1.000000, 1.000000
X 1.000000, 0.000000, 0.000000
Y 0.000000, 1.000000, 0.000000
Z 0.000000, 0.000000, 1.000000

BONE 16
OFFSET 12.634488, -8.810236, 47.714397
SCALE 1.000000, 1.000000, 1.000000
X -1.000000, 0.000000, -0.000000
Y 0.000000, 1.000000, 0.000000
Z 0.000000, 0.000000, -1.000000

BONE 17
OFFSET 12.530000, -7.482795, 47.910576
SCALE 1.000000, 1.000000, 1.000000
X -1.000000, 0.000000, -0.000000
Y 0.000000, 1.000000, 0.000000
Z 0.000000, 0.000000, -1.000000

BONE 18
OFFSET 12.150000, -6.891418, 46.940224
SCALE 1.000000, 1.000000, 1.000000
X -1.000000, 0.000000, -0.000000
Y 0.000000, 1.000000, 0.000000
Z 0.000000, 0.000000, -1.000000

BONE 19
OFFSET 13.785073, 8.042067, 46.226818
SCALE 1.000000, 1.000000, 1.000000
X 0.996700, -0.023076, 0.077825
Y -0.077652, 0.008297, 0.996946
Z -0.023651, -0.999699, 0.006478

BONE 20
OFFSET 13.785079, -8.042048, 46.226837
SCALE 1.000000, 1.000000, 1.000000
X -0.996700, -0.023076, -0.077825
Y 0.077652, 0.008297, -0.996946
Z 0.023651, -0.999699, -0.006478

BONE 21
OFFSET 10.719465, 8.050750, 46.208637
SCALE 1.000000, 1.000000, 1.000000
X 0.999978, -0.002833, 0.005930
Y -0.005970, -0.014367, 0.999879
Z -0.002747, -0.999893, -0.014384

BONE 22
OFFSET 10.719449, -8.050748, 46.208649
SCALE 1.000000, 1.000000, 1.000000
X -0.999978, -0.002833, -0.005930
Y 0.005970, -0.014367, -0.999879
Z 0.002747, -0.999893, 0.014384

BONE 23
OFFSET 0.000000, 0.000000, 59.999790
SCALE 1.000000, 1.000000, 1.000000
X 1.000000, 0.000000, 0.000000
Y 0.000000, 1.000000, 0.000000
Z 0.000000, 0.000000, 1.000000

BONE 24
OFFSET 17.618980, 8.329933, 47.279575
SCALE 1.000000, 1.000000, 1.000000
X 0.770359, -0.621881, 0.140748
Y -0.611755, -0.783111, -0.111771
Z 0.179730, 0.000000, -0.983716

BONE 25
OFFSET 17.618977, -8.329922, 47.279591
SCALE 1.000000, 1.000000, 1.000000
X -0.770359, -0.621881, -0.140748
Y 0.611755, -0.783111, 0.111771
Z -0.179730, -0.000000, 0.983716

BONE 26
OFFSET 17.592691, 8.144073, 46.190903
SCALE 1.000000, 1.000000, 1.000000
X 0.786575, -0.616967, 0.025504
Y -0.616643, -0.786989, -0.019994
Z 0.032407, 0.000000, -0.999475

BONE 27
OFFSET 17.592678, -8.144055, 46.190891
SCALE 1.000000, 1.000000, 1.000000
X -0.786575, -0.616967, -0.025504
Y 0.616643, -0.786989, 0.019994
Z -0.032407, -0.000000, 0.999475

BONE 28
OFFSET 14.706850, 7.811601, 45.226501
SCALE 1.000000, 1.000000, 1.000000
X 0.860527, -0.066586, -0.505035
Y -0.090728, -0.995602, -0.023327
Z -0.501261, 0.065894, -0.862784

BONE 29
OFFSET 14.706850, -7.811614, 45.226482
SCALE 1.000000, 1.000000, 1.000000
X -0.860527, -0.066586, 0.505035
Y 0.090728, -0.995602, 0.023327
Z 0.501261, 0.065894, 0.862784

BONE 30
OFFSET 14.877762, 7.951642, 45.905254
SCALE 1.000000, 1.000000, 1.000000
X 0.972219, -0.030530, -0.232073
Y -0.040633, -0.998417, -0.038880
Z -0.230519, 0.047230, -0.971921

BONE 31
OFFSET 14.877756, -7.951653, 45.905262
SCALE 1.000000, 1.000000, 1.000000
X -0.972219, -0.030530, 0.232073
Y 0.040633, -0.998417, 0.038880
Z 0.230519, 0.047230, 0.971921

BONE 32
OFFSET 14.148777, 7.629210, 47.226578
SCALE 1.000000, 1.000000, 1.000000
X 0.614049, -0.475564, 0.629907
Y -0.500882, 0.381986, 0.776662
Z -0.609968, -0.792418, -0.003644

BONE 33
OFFSET 14.148780, -7.629212, 47.226563
SCALE 1.000000, 1.000000, 1.000000
X -0.614049, -0.475564, -0.629907
Y 0.500882, 0.381986, -0.776662
Z 0.609968, -0.792418, 0.003644

BONE 34
OFFSET 16.721630, 7.448270, 48.053139
SCALE 1.000000, 1.000000, 1.000000
X 0.946229, -0.301294, -0.117786
Y 0.309193, 0.949386, 0.055376
Z 0.095139, -0.088817, 0.991494

BONE 35
OFFSET 9.583885, -8.680950, 46.742489
SCALE 1.000000, 1.000000, 1.000000
X -0.946229, -0.301294, 0.117786
Y -0.309193, 0.949386, -0.055376
Z -0.095139, -0.088817, -0.991494

BONE 36
OFFSET 1.540442, 0.000000, 64.135536
SCALE 1.000000, 1.000000, 1.000000
X 1.000000, 0.000000, 0.000000
Y 0.000000, 1.000000, 0.000000
Z 0.000000, 0.000000, 1.000000

BONE 37
OFFSET 18.975315, 7.235017, 47.527382
SCALE 1.000000, 1.000000, 1.000000
X 0.426042, -0.903354, 0.049392
Y -0.880239, -0.426513, -0.208005
Z 0.208969, 0.045142, -0.976880

BONE 38
OFFSET 18.975315, -7.235000, 47.527390
SCALE 1.000000, 1.000000, 1.000000
X -0.426042, -0.903354, -0.049392
Y 0.880239, -0.426513, 0.208005
Z -0.208969, 0.045142, 0.976880

BONE 39
OFFSET 19.129311, 6.938792, 46.240723
SCALE 1.000000, 1.000000, 1.000000
X 0.028169, -0.999543, -0.010950
Y -0.999561, -0.028267, 0.008848
Z -0.009153, 0.010696, -0.999901

BONE 40
OFFSET 19.129292, -6.938779, 46.240734
SCALE 1.000000, 1.000000, 1.000000
X -0.028169, -0.999543, 0.010950
Y 0.999561, -0.028267, -0.008848
Z 0.009153, 0.010696, 0.999901

BONE 41
OFFSET 16.702198, 7.530317, 44.214565
SCALE 1.000000, 1.000000, 1.000000
X 0.856282, -0.436541, -0.276069
Y -0.415481, -0.899684, 0.133953
Z -0.306851, 0.000000, -0.951758

BONE 42
OFFSET 16.702206, -7.530315, 44.214554
SCALE 1.000000, 1.000000, 1.000000
X -0.856282, -0.436541, 0.276069
Y 0.415481, -0.899684, -0.133953
Z 0.306851, -0.000000, 0.951758

BONE 43
OFFSET 17.367678, 7.901457, 45.159435
SCALE 1.000000, 1.000000, 1.000000
X 0.831745, -0.508839, -0.221999
Y -0.491628, -0.860862, 0.131219
Z -0.257880, 0.000000, -0.966177

BONE 44
OFFSET 17.367678, -7.901457, 45.159435
SCALE 1.000000, 1.000000, 1.000000
X -0.831745, -0.508839, 0.221999
Y 0.491628, -0.860862, -0.131219
Z 0.257880, -0.000000, 0.966177

BONE 45
OFFSET 15.389911, 6.597012, 48.663181
SCALE 1.000000, 1.000000, 1.000000
X 0.914596, -0.402924, 0.034161
Y -0.078983, -0.095150, 0.992325
Z -0.396581, -0.910274, -0.118848

BONE 46
OFFSET 15.389921, -6.597008, 48.663174
SCALE 1.000000, 1.000000, 1.000000
X -0.914596, -0.402924, -0.034161
Y 0.078983, -0.095150, -0.992325
Z 0.396581, -0.910274, 0.118848

BONE 47
OFFSET 19.480556, 6.134072, 47.646774
SCALE 1.000000, 1.000000, 1.000000
X 0.139847, -0.988437, 0.058612
Y -0.965352, -0.149273, -0.214039
Z 0.220313, -0.026648, -0.975065

BONE 48
OFFSET 19.480551, -6.134055, 47.646759
SCALE 1.000000, 1.000000, 1.000000
X -0.139847, -0.988437, -0.058612
Y 0.965352, -0.149273, 0.214039
Z -0.220313, -0.026648, 0.975065

BONE 49
OFFSET 19.170456, 5.478823, 46.224731
SCALE 1.000000, 1.000000, 1.000000
X -0.530249, -0.847838, 0.002716
Y -0.845552, 0.529049, 0.071753
Z -0.062271, 0.035750, -0.997419

BONE 50
OFFSET 19.170473, -5.478819, 46.224712
SCALE 1.000000, 1.000000, 1.000000
X 0.530249, -0.847838, -0.002716
Y 0.845552, 0.529049, -0.071753
Z 0.062271, 0.035750, 0.997419

BONE 51
OFFSET 17.914511, 6.912269, 43.823708
SCALE 1.000000, 1.000000, 1.000000
X 0.129509, -0.990999, -0.033881
Y -0.958733, -0.133868, 0.250818
Z -0.253096, 0.000000, -0.967441

BONE 52
OFFSET 17.914528, -6.912283, 43.823727
SCALE 1.000000, 1.000000, 1.000000
X -0.129509, -0.990999, 0.033881
Y 0.958733, -0.133868, -0.250818
Z 0.253096, -0.000000, 0.967441

BONE 53
OFFSET 18.783724, 7.035159, 44.781483
SCALE 1.000000, 1.000000, 1.000000
X 0.018696, -0.999823, 0.001993
Y -0.972646, -0.017726, 0.231616
Z -0.231540, -0.006269, -0.972805

BONE 54
OFFSET 18.783741, -7.035158, 44.781483
SCALE 1.000000, 1.000000, 1.000000
X -0.018696, -0.999823, -0.001993
Y 0.972646, -0.017726, -0.231616
Z 0.231540, -0.006269, 0.972805

BONE 55
OFFSET 16.826696, 5.850290, 48.645824
SCALE 1.000000, 1.000000, 1.000000
X 0.780284, -0.439636, -0.444835
Y 0.353937, -0.276002, 0.893617
Z -0.515641, -0.854718, -0.059757

BONE 56
OFFSET 16.826693, -5.850276, 48.645813
SCALE 1.000000, 1.000000, 1.000000
X -0.780284, -0.439636, 0.444835
Y -0.353937, -0.276002, -0.893617
Z 0.515641, -0.854718, 0.059757

BONE 57
OFFSET 18.029337, 6.033617, 43.793671
SCALE 1.000000, 1.000000, 1.000000
X -0.508594, -0.843981, 0.170374
Y -0.800272, 0.536372, 0.268083
Z -0.317641, -0.000000, -0.948211

BONE 58
OFFSET 18.029331, -6.033622, 43.793686
SCALE 1.000000, 1.000000, 1.000000
X 0.508594, -0.843981, -0.170374
Y 0.800272, 0.536372, -0.268083
Z 0.317641, -0.000000, 0.948211

BONE 59
OFFSET 18.809635, 5.649475, 44.784245
SCALE 1.000000, 1.000000, 1.000000
X -0.560939, -0.817051, 0.133323
Y -0.794907, 0.576565, 0.188932
Z -0.231237, 0.000000, -0.972898

BONE 60
OFFSET 18.809647, -5.649488, 44.784237
SCALE 1.000000, 1.000000, 1.000000
X 0.560939, -0.817051, -0.133323
Y 0.794907, 0.576565, -0.188932
Z 0.231237, 0.000000, 0.972898

NUMVERTS 2742
VERT 0
OFFSET -1.528292, -9.949614, 57.881329
BONES 2
BONE 4 0.993592
BONE 8 0.006408

VERT 1
OFFSET -3.541073, -11.044009, 56.959682
BONES 2
BONE 4 0.990108
BONE 8 0.009892

VERT 2
OFFSET -0.175625, -8.131312, 57.796684
BONES 2
BONE 4 0.993592
BONE 8 0.006408

VERT 3
OFFSET 0.229411, -6.558220, 56.990490
BONES 2
BONE 4 0.995296
BONE 8 0.004704

VERT 4
OFFSET 0.252815, -5.695965, 55.900471
BONES 2
BONE 4 0.995863
BONE 8 0.004137

VERT 5
OFFSET -1.137837, -5.194098, 54.188568
BONES 2
BONE 4 0.995863
BONE 8 0.004137

VERT 6
OFFSET 0.153866, -5.283770, 55.225918
BONES 2
BONE 4 0.995863
BONE 8 0.004137

VERT 7
OFFSET -2.294765, -4.874864, 52.907677
BONES 2
BONE 4 0.995591
BONE 8 0.004409

VERT 8
OFFSET -3.804856, -4.910157, 52.085289
BONES 2
BONE 4 0.989569
BONE 8 0.010431

VERT 9
OFFSET -6.266939, -7.908703, 53.236370
BONES 2
BONE 4 0.987084
BONE 8 0.012916

VERT 10
OFFSET -5.082351, -5.907200, 52.528027
BONES 2
BONE 4 0.989569
BONE 8 0.010431

VERT 11
OFFSET -5.744072, -10.251733, 55.167297
BONES 2
BONE 4 0.987084
BONE 8 0.012916

VERT 12
OFFSET -0.738966, -5.415452, 51.257656
BONES 1
BONE 4 1.000000

VERT 13
OFFSET -1.897401, -5.154475, 50.671616
BONES 1
BONE 4 1.000000

VERT 14
OFFSET -0.383795, -10.014540, 51.987644
BONES 1
BONE 4 1.000000

VERT 15
OFFSET -1.518785, -10.718648, 51.493702
BONES 2
BONE 4 0.987084
BONE 8 0.012916

VERT 16
OFFSET 1.229268, -7.679060, 51.081902
BONES 1
BONE 4 1.000000

VERT 17
OFFSET 1.116395, -5.513983, 50.523773
BONES 1
BONE 4 1.000000

VERT 18
OFFSET 0.160215, -5.112879, 49.513199
BONES 1
BONE 4 1.000000

VERT 19
OFFSET -1.208280, -5.202111, 49.052338
BONES 1
BONE 4 1.000000

VERT 20
OFFSET -2.795032, -6.379395, 49.170139
BONES 1
BONE 4 1.000000

VERT 21
OFFSET -4.184480, -8.491813, 48.852066
BONES 1
BONE 4 1.000000

VERT 22
OFFSET -3.565262, -6.390352, 48.202724
BONES 1
BONE 4 1.000000

VERT 23
OFFSET -3.299952, -10.424540, 49.702904
BONES 1
BONE 4 1.000000

VERT 24
OFFSET 0.813846, -10.091783, 49.631611
BONES 2
BONE 4 0.800621
BONE 8 0.199379

VERT 25
OFFSET -0.684999, -10.551556, 49.073124
BONES 2
BONE 4 0.755602
BONE 8 0.244398

VERT 26
OFFSET 1.245479, -5.494227, 48.863243
BONES 1
BONE 4 1.000000

VERT 27
OFFSET 0.572254, -5.285460, 47.668804
BONES 2
BONE 4 0.719361
BONE 8 0.280639

VERT 28
OFFSET -0.606893, -5.291183, 47.432770
BONES 2
BONE 4 0.719361
BONE 8 0.280639

VERT 29
OFFSET -2.196315, -5.979041, 46.438034
BONES 2
BONE 4 0.984533
BONE 8 0.015467

VERT 30
OFFSET -2.473094, -9.708488, 47.747471
BONES 1
BONE 4 1.000000

VERT 31
OFFSET -3.078594, -8.346725, 46.872704
BONES 1
BONE 4 1.000000

VERT 32
OFFSET 0.919880, -9.870319, 48.765514
BONES 2
BONE 4 0.280216
BONE 8 0.719784

VERT 33
OFFSET -0.074634, -10.612705, 47.367504
BONES 2
BONE 4 0.507738
BONE 8 0.492262

VERT 34
OFFSET 2.158508, -8.453502, 50.508846
BONES 2
BONE 4 0.889039
BONE 8 0.110961

VERT 35
OFFSET 2.300354, -8.329680, 49.751137
BONES 2
BONE 4 0.636107
BONE 8 0.363893

VERT 36
OFFSET 1.662444, -5.360344, 46.765423
BONES 2
BONE 4 0.038617
BONE 8 0.961383

VERT 37
OFFSET 2.063789, -5.858057, 48.258080
BONES 2
BONE 4 0.091153
BONE 8 0.908847

VERT 38
OFFSET 0.810395, -5.994333, 47.384888
BONES 2
BONE 4 0.719361
BONE 8 0.280639

VERT 39
OFFSET 0.566490, -5.631318, 46.814312
BONES 2
BONE 4 0.719361
BONE 8 0.280639

VERT 40
OFFSET -1.257177, -5.968817, 45.523800
BONES 2
BONE 4 0.729173
BONE 8 0.270827

VERT 41
OFFSET -2.650834, -6.949895, 47.003239
BONES 1
BONE 4 1.000000

VERT 42
OFFSET -1.699255, -6.995697, 45.119579
BONES 1
BONE 4 1.000000

VERT 43
OFFSET -1.296882, -9.550795, 45.778336
BONES 1
BONE 4 1.000000

VERT 44
OFFSET 1.716445, -10.477811, 49.013165
BONES 2
BONE 4 0.280216
BONE 8 0.719784

VERT 45
OFFSET 2.033026, -8.093892, 48.886303
BONES 2
BONE 4 0.541783
BONE 8 0.458217

VERT 46
OFFSET 2.462783, -5.379109, 47.014629
BONES 2
BONE 4 0.091153
BONE 8 0.908847

VERT 47
OFFSET 2.281177, -5.887930, 48.178104
BONES 2
BONE 4 0.091153
BONE 8 0.908847

VERT 48
OFFSET 0.554373, -5.161480, 46.299656
BONES 2
BONE 4 0.719361
BONE 8 0.280639

VERT 49
OFFSET 1.717319, -5.587287, 45.327309
BONES 2
BONE 4 0.038617
BONE 8 0.961383

VERT 50
OFFSET 0.740812, -5.908584, 44.230789
BONES 2
BONE 4 0.187310
BONE 8 0.812690

VERT 51
OFFSET 0.400686, -7.311594, 43.597866
BONES 2
BONE 4 0.280441
BONE 8 0.719559

VERT 52
OFFSET -1.573226, -8.365449, 44.777222
BONES 2
BONE 4 0.804132
BONE 8 0.195868

VERT 53
OFFSET 0.438613, -8.139253, 43.581139
BONES 2
BONE 4 0.280441
BONE 8 0.719559

VERT 54
OFFSET 0.601674, -9.614837, 44.586655
BONES 2
BONE 4 0.508337
BONE 8 0.491663

VERT 55
OFFSET 1.272265, -10.246775, 46.084023
BONES 2
BONE 4 0.003886
BONE 8 0.996114

VERT 56
OFFSET 5.324033, -10.923485, 46.671223
BONES 2
BONE 4 0.000234
BONE 8 0.999766

VERT 57
OFFSET 5.400231, -10.548728, 44.910721
BONES 2
BONE 4 0.033809
BONE 8 0.966191

VERT 58
OFFSET 2.836500, -10.438159, 45.270050
BONES 2
BONE 4 0.000234
BONE 8 0.999766

VERT 59
OFFSET 2.528006, -10.221415, 47.306408
BONES 2
BONE 4 0.032616
BONE 8 0.967384

VERT 60
OFFSET 5.118726, -10.597037, 47.783314
BONES 2
BONE 4 0.037124
BONE 8 0.962876

VERT 61
OFFSET 2.638139, -9.906601, 48.266754
BONES 2
BONE 4 0.032616
BONE 8 0.967384

VERT 62
OFFSET 3.511364, -8.825223, 49.536350
BONES 2
BONE 4 0.009694
BONE 8 0.990306

VERT 63
OFFSET 4.628006, -6.862111, 48.920017
BONES 3
BONE 4 0.008218
BONE 8 0.991298
BONE 22 0.000484

VERT 64
OFFSET 4.330528, -7.599884, 49.085590
BONES 2
BONE 4 0.004772
BONE 8 0.995228

VERT 65
OFFSET 3.740505, -8.133161, 49.488480
BONES 2
BONE 4 0.004772
BONE 8 0.995228

VERT 66
OFFSET 4.003144, -7.394694, 49.239212
BONES 2
BONE 4 0.004772
BONE 8 0.995228

VERT 67
OFFSET 4.435042, -6.221717, 46.796387
BONES 2
BONE 4 0.004683
BONE 8 0.995317

VERT 68
OFFSET 4.572886, -6.608192, 48.038860
BONES 3
BONE 4 0.008218
BONE 8 0.991298
BONE 22 0.000484

VERT 69
OFFSET 3.412250, -5.553441, 46.612175
BONES 2
BONE 4 0.004683
BONE 8 0.995317

VERT 70
OFFSET 4.481538, -5.784746, 45.425327
BONES 2
BONE 4 0.077560
BONE 8 0.922440

VERT 71
OFFSET 3.195415, -5.274947, 45.239552
BONES 2
BONE 4 0.077560
BONE 8 0.922440

VERT 72
OFFSET 4.937617, -5.564525, 44.041416
BONES 2
BONE 4 0.077560
BONE 8 0.922440

VERT 73
OFFSET 2.636161, -5.812518, 43.987057
BONES 2
BONE 4 0.077560
BONE 8 0.922440

VERT 74
OFFSET 4.942717, -7.079261, 44.031010
BONES 2
BONE 4 0.029591
BONE 8 0.970409

VERT 75
OFFSET 1.909750, -7.201656, 43.803909
BONES 2
BONE 4 0.187310
BONE 8 0.812690

VERT 76
OFFSET 4.804479, -7.700557, 43.136372
BONES 2
BONE 4 0.077560
BONE 8 0.922440

VERT 77
OFFSET 2.456548, -8.153953, 43.437859
BONES 1
BONE 8 1.000000

VERT 78
OFFSET 2.322698, -8.684114, 44.012669
BONES 1
BONE 8 1.000000

VERT 79
OFFSET 6.420142, -10.739872, 46.804218
BONES 2
BONE 4 0.033809
BONE 8 0.966191

VERT 80
OFFSET 6.383944, -10.098901, 44.623913
BONES 2
BONE 4 0.033809
BONE 8 0.966191

VERT 81
OFFSET 6.236624, -10.417933, 47.833710
BONES 2
BONE 4 0.035040
BONE 8 0.964960

VERT 82
OFFSET 5.875328, -5.969712, 47.031685
BONES 3
BONE 4 0.015197
BONE 8 0.982598
BONE 22 0.002206

VERT 83
OFFSET 5.655950, -6.166194, 48.147598
BONES 3
BONE 4 0.005415
BONE 8 0.987284
BONE 22 0.007301

VERT 84
OFFSET 6.084338, -5.912332, 45.509808
BONES 3
BONE 4 0.020761
BONE 8 0.953336
BONE 22 0.025903

VERT 85
OFFSET 6.292218, -5.815778, 44.051830
BONES 2
BONE 4 0.029591
BONE 8 0.970409

VERT 86
OFFSET 6.130786, -7.110823, 44.118637
BONES 2
BONE 4 0.029591
BONE 8 0.970409

VERT 87
OFFSET 6.384547, -7.537306, 42.974255
BONES 2
BONE 4 0.030016
BONE 8 0.969984

VERT 88
OFFSET 8.090823, -10.468303, 46.745491
BONES 3
BONE 4 0.007085
BONE 8 0.970089
BONE 22 0.022826

VERT 89
OFFSET 8.141212, -10.220642, 44.533314
BONES 2
BONE 4 0.005932
BONE 8 0.994068

VERT 90
OFFSET 8.457949, -9.667621, 47.937149
BONES 3
BONE 4 0.006082
BONE 8 0.943918
BONE 22 0.050000

VERT 91
OFFSET 9.028619, -6.505591, 47.746101
BONES 4
BONE 4 0.000566
BONE 8 0.860061
BONE 22 0.045296
BONE 18 0.094076

VERT 92
OFFSET 5.670393, -6.793696, 48.429543
BONES 3
BONE 4 0.005415
BONE 8 0.987284
BONE 22 0.007301

VERT 93
OFFSET 9.065344, -5.831029, 46.708824
BONES 4
BONE 4 0.001065
BONE 8 0.800530
BONE 22 0.042189
BONE 18 0.156216

VERT 94
OFFSET 8.895216, -6.206525, 47.319481
BONES 4
BONE 4 0.001160
BONE 8 0.699469
BONE 22 0.040506
BONE 18 0.258866

VERT 95
OFFSET 8.403337, -6.331474, 44.638550
BONES 3
BONE 4 0.008455
BONE 8 0.951070
BONE 22 0.040475

VERT 96
OFFSET 8.502605, -6.974112, 44.463406
BONES 3
BONE 8 0.939189
BONE 22 0.020399
BONE 18 0.040412

VERT 97
OFFSET 8.700154, -7.522810, 43.171429
BONES 3
BONE 4 0.032731
BONE 8 0.917269
BONE 22 0.050000

VERT 98
OFFSET 8.459525, -8.714792, 43.544464
BONES 3
BONE 4 0.032731
BONE 8 0.917269
BONE 22 0.050000

VERT 99
OFFSET 9.033587, -10.099713, 46.565117
BONES 3
BONE 4 0.006888
BONE 8 0.943112
BONE 22 0.050000

VERT 100
OFFSET 9.605014, -8.876364, 44.031342
BONES 3
BONE 4 0.032731
BONE 8 0.917269
BONE 22 0.050000

VERT 101
OFFSET 9.577562, -9.509936, 47.882568
BONES 3
BONE 4 0.006082
BONE 8 0.943918
BONE 22 0.050000

VERT 102
OFFSET 9.788660, -6.197034, 47.619305
BONES 5
BONE 4 0.000984
BONE 8 0.739529
BONE 22 0.038974
BONE 18 0.144312
BONE 17 0.076200

VERT 103
OFFSET 9.902720, -5.802751, 46.732555
BONES 4
BONE 4 0.001065
BONE 8 0.800530
BONE 22 0.042189
BONE 18 0.156216

VERT 104
OFFSET 10.877378, -6.329740, 44.334080
BONES 2
BONE 8 0.950000
BONE 22 0.050000

VERT 105
OFFSET 9.835349, -6.561245, 44.754673
BONES 3
BONE 8 0.856749
BONE 22 0.037766
BONE 18 0.105484

VERT 106
OFFSET 9.908507, -7.178202, 44.458866
BONES 3
BONE 8 0.963915
BONE 22 0.012105
BONE 18 0.023981

VERT 107
OFFSET 11.594099, -9.538691, 46.283394
BONES 3
BONE 8 0.431055
BONE 22 0.010531
BONE 16 0.558414

VERT 108
OFFSET 11.062241, -9.186805, 44.561111
BONES 2
BONE 8 0.950000
BONE 22 0.050000

VERT 109
OFFSET 11.911147, -9.176408, 47.402035
BONES 3
BONE 8 0.394188
BONE 22 0.004416
BONE 16 0.601396

VERT 110
OFFSET 11.867240, -7.535132, 48.234570
BONES 3
BONE 8 0.419259
BONE 22 0.011535
BONE 17 0.569206

VERT 111
OFFSET 11.252380, -6.231123, 47.288448
BONES 4
BONE 8 0.242161
BONE 22 0.022738
BONE 18 0.472229
BONE 17 0.262873

VERT 112
OFFSET 11.381989, -5.989928, 46.585941
BONES 4
BONE 8 0.404441
BONE 22 0.036734
BONE 18 0.494837
BONE 17 0.063988

VERT 113
OFFSET 11.428079, -6.686539, 44.112312
BONES 2
BONE 8 0.964378
BONE 22 0.035622

VERT 114
OFFSET 11.144997, -7.077925, 44.292122
BONES 2
BONE 8 0.964378
BONE 22 0.035622

VERT 115
OFFSET 10.960506, -7.357563, 43.998436
BONES 2
BONE 8 0.950000
BONE 22 0.050000

VERT 116
OFFSET 13.295402, -9.474285, 46.417381
BONES 3
BONE 8 0.315357
BONE 22 0.003570
BONE 16 0.681072

VERT 117
OFFSET 12.915321, -9.007513, 44.640583
BONES 3
BONE 8 0.956328
BONE 22 0.021103
BONE 16 0.022570

VERT 118
OFFSET 13.411665, -9.336861, 47.405037
BONES 3
BONE 8 0.261770
BONE 17 0.012933
BONE 16 0.725297

VERT 119
OFFSET 13.241293, -7.460694, 48.268692
BONES 5
BONE 8 0.461110
BONE 22 0.008937
BONE 18 0.006773
BONE 17 0.510702
BONE 16 0.012478

VERT 120
OFFSET 12.945565, -6.197734, 47.334698
BONES 4
BONE 8 0.544295
BONE 22 0.045029
BONE 18 0.283150
BONE 17 0.127527

VERT 121
OFFSET 12.841065, -6.197687, 46.720753
BONES 3
BONE 8 0.628810
BONE 22 0.045749
BONE 18 0.325441

VERT 122
OFFSET 12.604666, -6.455207, 44.814129
BONES 3
BONE 8 0.675971
BONE 22 0.046634
BONE 18 0.277395

VERT 123
OFFSET 12.473133, -6.612468, 44.127705
BONES 3
BONE 8 0.855376
BONE 22 0.050000
BONE 18 0.094624

VERT 124
OFFSET 12.416849, -6.732623, 44.714603
BONES 3
BONE 8 0.675971
BONE 22 0.046634
BONE 18 0.277395

VERT 125
OFFSET 12.649369, -7.340519, 44.320530
BONES 3
BONE 8 0.855376
BONE 22 0.050000
BONE 18 0.094624

VERT 126
OFFSET 2.910115, -8.905840, 49.510864
BONES 2
BONE 4 0.194396
BONE 8 0.805604

VERT 127
OFFSET 2.461606, -10.716295, 48.124435
BONES 2
BONE 4 0.175516
BONE 8 0.824484

VERT 128
OFFSET -3.161014, -7.188741, 46.744507
BONES 1
BONE 4 1.000000

VERT 129
OFFSET 3.855219, -8.709779, 49.113506
BONES 2
BONE 4 0.009694
BONE 8 0.990306

VERT 130
OFFSET 9.602902, -6.348657, 44.793629
BONES 4
BONE 4 0.001112
BONE 8 0.691249
BONE 22 0.040286
BONE 18 0.267353

VERT 131
OFFSET 11.018198, -6.357616, 44.586914
BONES 3
BONE 8 0.855945
BONE 22 0.045050
BONE 18 0.099005

VERT 132
OFFSET 10.414627, -6.428191, 46.359653
BONES 4
BONE 4 0.000133
BONE 8 0.423335
BONE 22 0.034809
BONE 18 0.541723

VERT 133
OFFSET 10.221009, -6.610172, 47.278343
BONES 4
BONE 8 0.242161
BONE 22 0.022738
BONE 18 0.472229
BONE 17 0.262873

VERT 134
OFFSET 11.069270, -6.127568, 47.288483
BONES 4
BONE 8 0.242161
BONE 22 0.022738
BONE 18 0.472229
BONE 17 0.262873

VERT 135
OFFSET 10.247097, -7.647929, 48.331234
BONES 4
BONE 4 0.000433
BONE 8 0.553218
BONE 22 0.029140
BONE 17 0.417210

VERT 136
OFFSET 10.711361, -9.321952, 47.690426
BONES 3
BONE 8 0.619168
BONE 22 0.034303
BONE 16 0.346529

VERT 137
OFFSET 10.012498, -7.742829, 48.765503
BONES 4
BONE 4 0.000433
BONE 8 0.553218
BONE 22 0.029140
BONE 17 0.417210

VERT 138
OFFSET 10.362886, -9.238919, 47.893467
BONES 3
BONE 8 0.854988
BONE 22 0.050000
BONE 16 0.095012

VERT 139
OFFSET 9.941566, -9.032338, 47.918564
BONES 3
BONE 4 0.006082
BONE 8 0.943918
BONE 22 0.050000

VERT 140
OFFSET 9.443089, -9.707586, 46.562965
BONES 3
BONE 4 0.006888
BONE 8 0.943112
BONE 22 0.050000

VERT 141
OFFSET 9.060273, -9.459105, 47.932114
BONES 3
BONE 4 0.006082
BONE 8 0.943918
BONE 22 0.050000

VERT 142
OFFSET 11.032710, -8.491162, 44.069195
BONES 2
BONE 8 0.950000
BONE 22 0.050000

VERT 143
OFFSET 12.735644, -8.116346, 44.313297
BONES 3
BONE 8 0.952461
BONE 22 0.038763
BONE 16 0.008776

VERT 144
OFFSET 9.900038, -9.924026, 46.459148
BONES 4
BONE 4 0.002513
BONE 8 0.884988
BONE 22 0.036326
BONE 16 0.076173

VERT 145
OFFSET 9.408167, -10.067191, 45.095287
BONES 3
BONE 4 0.004508
BONE 8 0.955492
BONE 22 0.040000

VERT 146
OFFSET 8.903811, -10.134718, 44.723606
BONES 3
BONE 4 0.006543
BONE 8 0.953437
BONE 22 0.040020

VERT 147
OFFSET 11.045236, -7.588752, 48.347946
BONES 3
BONE 8 0.625728
BONE 22 0.032933
BONE 17 0.341339

VERT 148
OFFSET 13.035208, -9.388735, 45.314423
BONES 3
BONE 8 0.429806
BONE 22 0.003759
BONE 16 0.566435

VERT 149
OFFSET 11.299169, -9.684889, 45.350681
BONES 3
BONE 8 0.467869
BONE 22 0.007394
BONE 16 0.524738

VERT 150
OFFSET 7.795206, -6.089128, 46.974209
BONES 4
BONE 4 0.002169
BONE 8 0.882043
BONE 22 0.046537
BONE 18 0.069250

VERT 151
OFFSET 7.651385, -6.632998, 48.145218
BONES 4
BONE 4 0.001484
BONE 8 0.917435
BONE 22 0.048364
BONE 18 0.032717

VERT 152
OFFSET 8.981780, -10.024779, 47.413548
BONES 3
BONE 4 0.006888
BONE 8 0.943112
BONE 22 0.050000

VERT 153
OFFSET 6.546130, -10.639938, 45.186718
BONES 2
BONE 4 0.033809
BONE 8 0.966191

VERT 154
OFFSET 7.976892, -10.159353, 45.560333
BONES 2
BONE 4 0.005932
BONE 8 0.994068

VERT 155
OFFSET 6.607421, -9.939676, 43.879295
BONES 2
BONE 4 0.032384
BONE 8 0.967616

VERT 156
OFFSET 5.147792, -9.685554, 43.849815
BONES 2
BONE 4 0.032384
BONE 8 0.967616

VERT 157
OFFSET 2.416150, -9.592807, 44.252869
BONES 1
BONE 8 1.000000

VERT 158
OFFSET 5.229644, -10.078143, 44.577896
BONES 2
BONE 4 0.033809
BONE 8 0.966191

VERT 159
OFFSET 2.545573, -9.905274, 44.869247
BONES 2
BONE 4 0.003886
BONE 8 0.996114

VERT 160
OFFSET 2.681572, -10.802161, 46.190441
BONES 2
BONE 4 0.000234
BONE 8 0.999766

VERT 161
OFFSET 5.430070, -10.887140, 45.532410
BONES 2
BONE 4 0.000234
BONE 8 0.999766

VERT 162
OFFSET 6.507112, -10.824792, 45.677341
BONES 2
BONE 4 0.033809
BONE 8 0.966191

VERT 163
OFFSET 3.854649, -10.528426, 47.898823
BONES 2
BONE 4 0.068111
BONE 8 0.931889

VERT 164
OFFSET 7.889613, -10.376239, 47.122177
BONES 3
BONE 4 0.007085
BONE 8 0.970089
BONE 22 0.022826

VERT 165
OFFSET 9.827838, -7.482162, 43.630711
BONES 2
BONE 8 0.950000
BONE 22 0.050000

VERT 166
OFFSET 8.505509, -6.857700, 43.871155
BONES 3
BONE 4 0.010444
BONE 8 0.939556
BONE 22 0.050000

VERT 167
OFFSET 6.322987, -6.953468, 43.290787
BONES 2
BONE 4 0.029591
BONE 8 0.970409

VERT 168
OFFSET 4.804819, -7.240537, 43.305080
BONES 2
BONE 4 0.077560
BONE 8 0.922440

VERT 169
OFFSET 2.138190, -7.728384, 43.419479
BONES 1
BONE 8 1.000000

VERT 170
OFFSET 0.979233, -7.571585, 43.668346
BONES 2
BONE 4 0.280441
BONE 8 0.719559

VERT 171
OFFSET 6.340786, -6.100919, 43.824589
BONES 2
BONE 4 0.029591
BONE 8 0.970409

VERT 172
OFFSET 5.025628, -6.050286, 43.727333
BONES 2
BONE 4 0.077560
BONE 8 0.922440

VERT 173
OFFSET 1.789683, -6.688338, 43.548172
BONES 2
BONE 4 0.187310
BONE 8 0.812690

VERT 174
OFFSET 6.618243, -5.966920, 47.520920
BONES 3
BONE 4 0.015029
BONE 8 0.971759
BONE 22 0.013212

VERT 175
OFFSET 6.844094, -6.589571, 48.441704
BONES 3
BONE 4 0.008035
BONE 8 0.969217
BONE 22 0.022748

VERT 176
OFFSET 7.606078, -10.014687, 47.994678
BONES 3
BONE 4 0.007675
BONE 8 0.958423
BONE 22 0.033903

VERT 177
OFFSET 3.670413, -10.584122, 46.931870
BONES 2
BONE 4 0.000234
BONE 8 0.999766

VERT 178
OFFSET 3.624925, -10.749806, 45.925972
BONES 2
BONE 4 0.000234
BONE 8 0.999766

VERT 179
OFFSET -1.953470, -5.343424, 48.949203
BONES 1
BONE 4 1.000000

VERT 180
OFFSET 1.017764, -5.336873, 45.949497
BONES 2
BONE 4 0.038617
BONE 8 0.961383

VERT 181
OFFSET -0.402248, -5.985462, 44.814606
BONES 2
BONE 4 0.729173
BONE 8 0.270827

VERT 182
OFFSET -0.704532, -7.391049, 44.261242
BONES 2
BONE 4 0.742355
BONE 8 0.257645

VERT 183
OFFSET -0.684135, -8.423250, 44.146664
BONES 2
BONE 4 0.470440
BONE 8 0.529560

VERT 184
OFFSET -0.353589, -9.473519, 44.791801
BONES 2
BONE 4 0.508337
BONE 8 0.491663

VERT 185
OFFSET 0.377326, -10.290606, 46.862049
BONES 2
BONE 4 0.507738
BONE 8 0.492262

VERT 186
OFFSET 10.758357, -6.832493, 45.283142
BONES 2
BONE 8 0.950000
BONE 22 0.050000

VERT 187
OFFSET 1.987489, -10.565297, 48.407425
BONES 2
BONE 4 0.175516
BONE 8 0.824484

VERT 188
OFFSET 1.777115, -10.733233, 48.578079
BONES 2
BONE 4 0.175516
BONE 8 0.824484

VERT 189
OFFSET 2.053443, -10.831219, 48.325020
BONES 2
BONE 4 0.175516
BONE 8 0.824484

VERT 190
OFFSET 2.287061, -10.897853, 48.012310
BONES 2
BONE 4 0.175516
BONE 8 0.824484

VERT 191
OFFSET 2.754896, -5.838146, 47.170578
BONES 2
BONE 4 0.091153
BONE 8 0.908847

VERT 192
OFFSET 2.255269, -8.565082, 50.280277
BONES 2
BONE 4 0.889039
BONE 8 0.110961

VERT 193
OFFSET 3.486751, -7.610322, 49.240250
BONES 2
BONE 4 0.123821
BONE 8 0.876179

VERT 194
OFFSET 3.382506, -8.275930, 49.424049
BONES 2
BONE 4 0.009694
BONE 8 0.990306

VERT 195
OFFSET 3.738189, -6.941378, 48.276089
BONES 3
BONE 4 0.008218
BONE 8 0.991298
BONE 22 0.000484

VERT 196
OFFSET 3.996569, -6.032318, 46.635738
BONES 2
BONE 4 0.004683
BONE 8 0.995317

VERT 197
OFFSET 3.875189, -6.276357, 47.182995
BONES 2
BONE 4 0.004683
BONE 8 0.995317

VERT 198
OFFSET 2.194388, -10.616515, 48.216068
BONES 2
BONE 4 0.175516
BONE 8 0.824484

VERT 199
OFFSET 2.333731, -8.374171, 48.873196
BONES 2
BONE 4 0.636107
BONE 8 0.363893

VERT 200
OFFSET 4.864948, -8.531010, 43.700241
BONES 2
BONE 4 0.032384
BONE 8 0.967616

VERT 201
OFFSET 5.586155, -7.516685, 48.745476
BONES 3
BONE 4 0.005451
BONE 8 0.993807
BONE 22 0.000743

VERT 202
OFFSET 5.643136, -8.296737, 49.067570
BONES 3
BONE 4 0.009261
BONE 8 0.989742
BONE 22 0.000997

VERT 203
OFFSET 6.865516, -8.084449, 49.031075
BONES 3
BONE 4 0.009159
BONE 8 0.978771
BONE 22 0.012071

VERT 204
OFFSET 6.795469, -7.316796, 48.803799
BONES 3
BONE 4 0.005398
BONE 8 0.984232
BONE 22 0.010370

VERT 205
OFFSET 9.145982, -7.011637, 48.183071
BONES 4
BONE 4 0.000545
BONE 8 0.696090
BONE 22 0.036665
BONE 17 0.266700

VERT 206
OFFSET 9.279349, -7.460929, 48.448486
BONES 4
BONE 4 0.000471
BONE 8 0.601788
BONE 22 0.031698
BONE 17 0.366043

VERT 207
OFFSET 9.891911, -7.184538, 48.626827
BONES 4
BONE 4 0.000433
BONE 8 0.553218
BONE 22 0.029140
BONE 17 0.417210

VERT 208
OFFSET 9.836570, -6.684938, 48.249584
BONES 5
BONE 4 0.000459
BONE 8 0.696219
BONE 22 0.036667
BONE 18 0.076155
BONE 17 0.190500

VERT 209
OFFSET 10.091414, -7.166515, 48.594143
BONES 4
BONE 4 0.000433
BONE 8 0.553218
BONE 22 0.029140
BONE 17 0.417210

VERT 210
OFFSET 10.123666, -6.862115, 48.028019
BONES 4
BONE 8 0.375478
BONE 22 0.035256
BONE 18 0.181673
BONE 17 0.407593

VERT 211
OFFSET 11.192863, -7.149199, 48.154625
BONES 3
BONE 8 0.623120
BONE 22 0.032796
BONE 17 0.344084

VERT 212
OFFSET 11.387415, -6.699908, 47.731258
BONES 4
BONE 8 0.341212
BONE 22 0.032038
BONE 18 0.256353
BONE 17 0.370396

VERT 213
OFFSET 11.733261, -7.131523, 48.108257
BONES 5
BONE 8 0.396246
BONE 22 0.012729
BONE 18 0.009647
BONE 17 0.563604
BONE 16 0.017773

VERT 214
OFFSET 13.127333, -7.002129, 48.127529
BONES 5
BONE 8 0.360802
BONE 22 0.010576
BONE 18 0.008015
BONE 17 0.605840
BONE 16 0.014767

VERT 215
OFFSET 13.014945, -6.554098, 47.856598
BONES 5
BONE 8 0.390728
BONE 22 0.033740
BONE 18 0.025570
BONE 17 0.502854
BONE 16 0.047108

VERT 216
OFFSET 10.355672, -7.136279, 48.490551
BONES 4
BONE 4 0.000433
BONE 8 0.553218
BONE 22 0.029140
BONE 17 0.417210

VERT 217
OFFSET 10.789217, -6.457190, 47.816872
BONES 4
BONE 8 0.242161
BONE 22 0.022738
BONE 18 0.472229
BONE 17 0.262873

VERT 218
OFFSET 10.970495, -6.642673, 47.680042
BONES 4
BONE 8 0.242161
BONE 22 0.022738
BONE 18 0.472229
BONE 17 0.262873

VERT 219
OFFSET 10.541305, -7.144894, 48.090981
BONES 4
BONE 8 0.346879
BONE 22 0.032571
BONE 18 0.244003
BONE 17 0.376548

VERT 220
OFFSET 7.843863, -7.180487, 48.594936
BONES 3
BONE 4 0.002076
BONE 8 0.947924
BONE 22 0.050000

VERT 221
OFFSET 8.102744, -7.744803, 48.805279
BONES 3
BONE 4 0.002076
BONE 8 0.947924
BONE 22 0.050000

VERT 222
OFFSET 4.271357, -8.544713, 49.073700
BONES 2
BONE 4 0.009694
BONE 8 0.990306

VERT 223
OFFSET 4.443466, -9.413195, 49.037926
BONES 1
BONE 8 1.000000

VERT 224
OFFSET 4.778029, -10.070657, 48.529446
BONES 1
BONE 8 1.000000

VERT 225
OFFSET 5.630452, -9.160621, 49.043652
BONES 2
BONE 4 0.107875
BONE 8 0.892125

VERT 226
OFFSET 5.961366, -9.943373, 48.599888
BONES 3
BONE 4 0.037122
BONE 8 0.962819
BONE 22 0.000059

VERT 227
OFFSET 7.000321, -8.838479, 48.866611
BONES 3
BONE 4 0.023141
BONE 8 0.969162
BONE 22 0.007698

VERT 228
OFFSET 7.293484, -9.557146, 48.578568
BONES 3
BONE 4 0.023141
BONE 8 0.969162
BONE 22 0.007698

VERT 229
OFFSET 8.331361, -8.371058, 48.809029
BONES 3
BONE 4 0.002821
BONE 8 0.947179
BONE 22 0.050000

VERT 230
OFFSET 8.481653, -9.191836, 48.484573
BONES 3
BONE 4 0.005553
BONE 8 0.955428
BONE 22 0.039019

VERT 231
OFFSET 9.373016, -8.015825, 48.589207
BONES 4
BONE 4 0.001123
BONE 8 0.840292
BONE 22 0.044285
BONE 17 0.114300

VERT 232
OFFSET 9.295104, -8.740805, 48.388599
BONES 3
BONE 4 0.005489
BONE 8 0.944511
BONE 22 0.050000

VERT 233
OFFSET 9.859775, -8.770597, 48.549702
BONES 4
BONE 4 0.002940
BONE 8 0.874670
BONE 22 0.046190
BONE 17 0.076200

VERT 234
OFFSET 10.067268, -8.332657, 48.687035
BONES 4
BONE 4 0.000963
BONE 8 0.721180
BONE 22 0.038008
BONE 17 0.239849

VERT 235
OFFSET 10.159431, -8.782991, 48.415127
BONES 3
BONE 4 0.006082
BONE 8 0.943918
BONE 22 0.050000

VERT 236
OFFSET 10.004402, -8.802062, 48.440361
BONES 3
BONE 4 0.006082
BONE 8 0.943918
BONE 22 0.050000

VERT 237
OFFSET 10.291254, -8.087474, 48.309078
BONES 4
BONE 4 0.000963
BONE 8 0.721180
BONE 22 0.038008
BONE 17 0.239849

VERT 238
OFFSET 10.416916, -8.666419, 48.058304
BONES 4
BONE 8 0.758366
BONE 22 0.031172
BONE 17 0.121053
BONE 16 0.089409

VERT 239
OFFSET 11.009091, -8.150597, 48.309689
BONES 4
BONE 8 0.533619
BONE 22 0.042046
BONE 17 0.319175
BONE 16 0.105160

VERT 240
OFFSET 10.924463, -8.699917, 48.106945
BONES 4
BONE 8 0.479365
BONE 22 0.013081
BONE 17 0.261332
BONE 16 0.246222

VERT 241
OFFSET 11.978836, -8.095831, 48.196178
BONES 4
BONE 8 0.417331
BONE 22 0.010090
BONE 17 0.522152
BONE 16 0.050427

VERT 242
OFFSET 12.049588, -8.664772, 47.980381
BONES 4
BONE 8 0.521701
BONE 22 0.003698
BONE 17 0.149755
BONE 16 0.324846

VERT 243
OFFSET 13.404178, -8.744203, 48.079868
BONES 4
BONE 8 0.485504
BONE 22 0.001908
BONE 17 0.083400
BONE 16 0.429188

VERT 244
OFFSET 13.345557, -7.968241, 48.287159
BONES 4
BONE 8 0.402609
BONE 22 0.012235
BONE 17 0.474349
BONE 16 0.110807

VERT 245
OFFSET 11.409839, -6.423613, 45.212723
BONES 3
BONE 8 0.626466
BONE 22 0.055478
BONE 18 0.318056

VERT 246
OFFSET 11.565987, -6.118036, 46.068455
BONES 3
BONE 8 0.563339
BONE 22 0.049888
BONE 18 0.386773

VERT 247
OFFSET 12.710349, -6.205914, 45.970444
BONES 3
BONE 8 0.628810
BONE 22 0.045749
BONE 18 0.325441

VERT 248
OFFSET 12.639822, -6.328372, 45.416832
BONES 3
BONE 8 0.661428
BONE 22 0.046361
BONE 18 0.292211

VERT 249
OFFSET 9.374306, -5.802049, 45.974442
BONES 4
BONE 4 0.001112
BONE 8 0.691249
BONE 22 0.040286
BONE 18 0.267353

VERT 250
OFFSET 9.543493, -6.073857, 45.269459
BONES 4
BONE 4 0.001112
BONE 8 0.691249
BONE 22 0.040286
BONE 18 0.267353

VERT 251
OFFSET 10.598613, -6.006727, 45.158638
BONES 4
BONE 4 0.000198
BONE 8 0.631021
BONE 22 0.051886
BONE 18 0.316895

VERT 252
OFFSET 10.329845, -5.849747, 45.769127
BONES 4
BONE 4 0.000714
BONE 8 0.683774
BONE 22 0.042781
BONE 18 0.272732

VERT 253
OFFSET 10.783704, -6.631948, 45.039391
BONES 3
BONE 8 0.866477
BONE 22 0.045604
BONE 18 0.087918

VERT 254
OFFSET 10.552360, -6.487969, 45.687408
BONES 4
BONE 4 0.000198
BONE 8 0.631021
BONE 22 0.051886
BONE 18 0.316895

VERT 255
OFFSET 8.203848, -5.971611, 45.490494
BONES 4
BONE 4 0.000228
BONE 8 0.981150
BONE 22 0.005153
BONE 18 0.013468

VERT 256
OFFSET 8.094341, -5.757718, 46.256214
BONES 4
BONE 4 0.002169
BONE 8 0.882043
BONE 22 0.046537
BONE 18 0.069250

VERT 257
OFFSET 6.779321, -5.735280, 45.387539
BONES 3
BONE 4 0.020761
BONE 8 0.953336
BONE 22 0.025903

VERT 258
OFFSET 6.865329, -5.750685, 46.541142
BONES 3
BONE 4 0.020761
BONE 8 0.953336
BONE 22 0.025903

VERT 259
OFFSET 0.743562, -7.397389, 54.087299
BONES 1
BONE 4 1.000000

VERT 260
OFFSET 0.259190, -8.675180, 54.898586
BONES 2
BONE 4 0.993592
BONE 8 0.006408

VERT 261
OFFSET -0.794618, -10.086675, 54.878571
BONES 2
BONE 4 0.990108
BONE 8 0.009892

VERT 262
OFFSET -2.301755, -11.234105, 54.102722
BONES 2
BONE 4 0.987084
BONE 8 0.012916

VERT 263
OFFSET -4.780295, -10.732875, 52.219738
BONES 2
BONE 4 0.987084
BONE 8 0.012916

VERT 264
OFFSET -5.444387, -8.716013, 51.071667
BONES 2
BONE 4 0.987084
BONE 8 0.012916

VERT 265
OFFSET -4.485898, -6.602878, 50.580040
BONES 2
BONE 4 0.989569
BONE 8 0.010431

VERT 266
OFFSET -3.814676, -5.656830, 50.112286
BONES 2
BONE 4 0.989569
BONE 8 0.010431

VERT 267
OFFSET -2.650811, -5.848692, 50.879784
BONES 2
BONE 4 0.989569
BONE 8 0.010431

VERT 268
OFFSET 0.808622, -5.288403, 51.862961
BONES 1
BONE 4 1.000000

VERT 269
OFFSET 1.643710, -5.849338, 50.922668
BONES 1
BONE 4 1.000000

VERT 270
OFFSET 1.764252, -5.990182, 50.251457
BONES 1
BONE 4 1.000000

VERT 271
OFFSET 1.938236, -6.697418, 50.781467
BONES 1
BONE 4 1.000000

VERT 272
OFFSET 1.606832, -6.349687, 51.174412
BONES 1
BONE 4 1.000000

VERT 273
OFFSET 1.867909, -7.383647, 50.172623
BONES 2
BONE 4 0.706889
BONE 8 0.293111

VERT 274
OFFSET 1.597148, -6.298680, 49.515270
BONES 2
BONE 4 0.706889
BONE 8 0.293111

VERT 275
OFFSET 1.953633, -7.180027, 48.483936
BONES 2
BONE 4 0.541783
BONE 8 0.458217

VERT 276
OFFSET 1.976498, -6.391551, 48.284199
BONES 2
BONE 4 0.091153
BONE 8 0.908847

VERT 277
OFFSET 2.093106, -6.303204, 48.553299
BONES 2
BONE 4 0.091153
BONE 8 0.908847

VERT 278
OFFSET 2.237105, -7.041320, 49.112476
BONES 2
BONE 4 0.541783
BONE 8 0.458217

VERT 279
