// Export filename: 'C:/trees/cod3/cod3/model_export/viewmodels/code/viewmodel_default_animated.XMODEL_EXPORT'
// Source filename: 'C:/trees/cod3/cod3_animation_source/viewmodels/code/viewmodel_defaultweapon_gunsleeves.mb'
// Export time: Sun Jun 11 21:22:31 2006
MODEL
VERSION 6

NUMBONES 61
BONE 0 -1 "tag_view"
BONE 1 0 "tag_torso"
BONE 2 1 "J_Shoulder_LE"
BONE 3 1 "J_Shoulder_RI"
BONE 4 1 "tag_weapon"
BONE 5 2 "J_Elbow_LE"
BONE 6 3 "J_Elbow_RI"
BONE 7 4 "tag_brass"
BONE 8 4 "tag_flash"
BONE 9 5 "J_Wrist_LE"
BONE 10 6 "J_Wrist_RI"
BONE 11 5 "Sleave_Extra_E_LE"
BONE 12 6 "Sleave_Extra_E_RI"
BONE 13 5 "Sleave_Extra_N_LE"
BONE 14 6 "Sleave_Extra_N_RI"
BONE 15 5 "Sleave_Extra_S_LE"
BONE 16 6 "Sleave_Extra_S_RI"
BONE 17 5 "Sleave_Extra_W_LE"
BONE 18 6 "Sleave_Extra_W_RI"
BONE 19 9 "J_Flesh_LE"
BONE 20 10 "J_Flesh_RI"
BONE 21 9 "J_Index_LE_0"
BONE 22 10 "J_Index_RI_0"
BONE 23 9 "J_Mid_LE_0"
BONE 24 10 "J_Mid_RI_0"
BONE 25 9 "J_Pinky_LE_0"
BONE 26 10 "J_Pinky_RI_0"
BONE 27 9 "J_Ring_LE_0"
BONE 28 10 "J_Ring_RI_0"
BONE 29 9 "J_Thumb_LE_0"
BONE 30 10 "J_Thumb_RI_0"
BONE 31 21 "J_Index_LE_1"
BONE 32 22 "J_Index_RI_1"
BONE 33 23 "J_Mid_LE_1"
BONE 34 24 "J_Mid_RI_1"
BONE 35 25 "J_Pinky_LE_1"
BONE 36 26 "J_Pinky_RI_1"
BONE 37 27 "J_Ring_LE_1"
BONE 38 28 "J_Ring_RI_1"
BONE 39 29 "J_Thumb_LE_1"
BONE 40 30 "J_Thumb_RI_1"
BONE 41 31 "J_Index_LE_2"
BONE 42 32 "J_Index_RI_2"
BONE 43 33 "J_Mid_LE_2"
BONE 44 34 "J_Mid_RI_2"
BONE 45 35 "J_Pinky_LE_2"
BONE 46 36 "J_Pinky_RI_2"
BONE 47 37 "J_Ring_LE_2"
BONE 48 38 "J_Ring_RI_2"
BONE 49 39 "J_Thumb_LE_2"
BONE 50 40 "J_Thumb_RI_2"
BONE 51 41 "J_Index_LE_3"
BONE 52 42 "J_Index_RI_3"
BONE 53 43 "J_Mid_LE_3"
BONE 54 44 "J_Mid_RI_3"
BONE 55 45 "J_Pinky_LE_3"
BONE 56 46 "J_Pinky_RI_3"
BONE 57 47 "J_Ring_LE_3"
BONE 58 48 "J_Ring_RI_3"
BONE 59 49 "J_Thumb_LE_3"
BONE 60 50 "J_Thumb_RI_3"

BONE 0
OFFSET 0.000000, 0.000000, 0.000000
SCALE 1.000000, 1.000000, 1.000000
X 1.000000, 0.000000, 0.000000
Y 0.000000, 1.000000, 0.000000
Z 0.000000, 0.000000, 1.000000

BONE 1
OFFSET -4.631834, 0.000000, -1.376955
SCALE 1.000000, 1.000000, 1.000000
X 1.000000, 0.000000, 0.000000
Y 0.000000, 1.000000, 0.000000
Z 0.000000, 0.000000, 1.000000

BONE 2
OFFSET -3.506030, 7.937290, -3.186910
SCALE 1.000000, 1.000000, 1.000000
X 0.472986, 0.011374, -0.880996
Y 0.446745, -0.864941, 0.228681
Z -0.759409, -0.501744, -0.414187

BONE 3
OFFSET -3.506030, -7.937290, -3.186910
SCALE 1.000000, 1.000000, 1.000000
X -0.472986, 0.011374, 0.880996
Y -0.446745, -0.864941, -0.228681
Z 0.759409, -0.501744, 0.414187

BONE 4
OFFSET 10.527968, 0.000000, -8.129675
SCALE 1.000000, 1.000000, 1.000000
X 1.000000, 0.000000, 0.000000
Y 0.000000, 1.000000, 0.000000
Z 0.000000, 0.000000, 1.000000

BONE 5
OFFSET 2.214219, 8.074842, -13.841592
SCALE 1.000000, 1.000000, 1.000000
X 0.999978, -0.002833, 0.005930
Y -0.005970, -0.014367, 0.999879
Z -0.002747, -0.999893, -0.014384

BONE 6
OFFSET 2.214220, -8.074840, -13.841600
SCALE 1.000000, 1.000000, 1.000000
X -0.999978, -0.002833, -0.005930
Y 0.005970, -0.014367, -0.999879
Z 0.002747, -0.999893, 0.014384

BONE 7
OFFSET 38.837605, -10.939559, -5.584835
SCALE 1.000000, 1.000000, 1.000000
X 1.000000, 0.000000, 0.000000
Y 0.000000, 1.000000, 0.000000
Z 0.000000, 0.000000, 1.000000

BONE 8
OFFSET 41.663151, -5.390048, -12.446524
SCALE 1.000000, 1.000000, 1.000000
X 1.000000, 0.000000, 0.000000
Y 0.000000, 1.000000, 0.000000
Z 0.000000, 0.000000, 1.000000

BONE 9
OFFSET 13.785073, 8.042067, -13.772971
SCALE 1.000000, 1.000000, 1.000000
X 0.999978, -0.002833, 0.005930
Y -0.005907, 0.008115, 0.999950
Z -0.002881, -0.999963, 0.008098

BONE 10
OFFSET 13.785100, -8.042070, -13.773000
SCALE 1.000000, 1.000000, 1.000000
X -0.999978, -0.002833, -0.005930
Y 0.005907, 0.008115, -0.999950
Z 0.002881, -0.999963, -0.008098

BONE 11
OFFSET 14.204726, 9.478218, -13.782297
SCALE 1.000000, 1.000000, 1.000000
X 0.999978, -0.002833, 0.005930
Y -0.005970, -0.014367, 0.999879
Z -0.002747, -0.999893, -0.014384

BONE 12
OFFSET 14.204700, -9.478220, -13.782300
SCALE 1.000000, 1.000000, 1.000000
X -0.999978, -0.002833, -0.005930
Y 0.005970, -0.014367, -0.999879
Z 0.002747, -0.999893, 0.014384

BONE 13
OFFSET 14.204726, 8.051014, -12.029079
SCALE 1.000000, 1.000000, 1.000000
X 0.999978, -0.002833, 0.005930
Y -0.005970, -0.014367, 0.999879
Z -0.002747, -0.999893, -0.014384

BONE 14
OFFSET 14.204700, -8.051010, -12.029100
SCALE 1.000000, 1.000000, 1.000000
X -0.999978, -0.002833, -0.005930
Y 0.005970, -0.014367, -0.999879
Z 0.002747, -0.999893, 0.014384

BONE 15
OFFSET 13.924957, 8.051014, -15.582143
SCALE 1.000000, 1.000000, 1.000000
X 0.999978, -0.002833, 0.005930
Y -0.005970, -0.014367, 0.999879
Z -0.002747, -0.999893, -0.014384

BONE 16
OFFSET 13.925000, -8.051010, -15.582100
SCALE 1.000000, 1.000000, 1.000000
X -0.999978, -0.002833, -0.005930
Y 0.005970, -0.014367, -0.999879
Z 0.002747, -0.999893, 0.014384

BONE 17
OFFSET 14.204726, 6.695916, -13.782297
SCALE 1.000000, 1.000000, 1.000000
X 0.999978, -0.002833, 0.005930
Y -0.005970, -0.014367, 0.999879
Z -0.002747, -0.999893, -0.014384

BONE 18
OFFSET 14.204700, -6.695920, -13.782300
SCALE 1.000000, 1.000000, 1.000000
X -0.999978, -0.002833, -0.005930
Y 0.005970, -0.014367, -0.999879
Z 0.002747, -0.999893, 0.014384

BONE 19
OFFSET 15.681066, 8.083884, -13.298973
SCALE 1.000000, 1.000000, 1.000000
X 0.658309, -0.385202, 0.646721
Y 0.505032, 0.863100, 0.000000
Z -0.558185, 0.326615, 0.762726

BONE 20
OFFSET 15.681100, -8.083880, -13.299000
SCALE 1.000000, 1.000000, 1.000000
X -0.658297, -0.385196, -0.646737
Y -0.505030, 0.863102, -0.000007
Z 0.558203, 0.326617, -0.762713

BONE 21
OFFSET 17.925886, 8.039220, -12.651483
SCALE 1.000000, 1.000000, 1.000000
X 0.718269, -0.687544, 0.106644
Y -0.686468, -0.725270, -0.052387
Z 0.113365, -0.035580, -0.992916

BONE 22
OFFSET 17.925900, -8.039220, -12.651500
SCALE 1.000000, 1.000000, 1.000000
X -0.718269, -0.687544, -0.106644
Y 0.686468, -0.725270, 0.052387
Z -0.113365, -0.035580, 0.992916

BONE 23
OFFSET 18.004137, 8.183416, -13.606516
SCALE 1.000000, 1.000000, 1.000000
X 0.608811, -0.792435, -0.037351
Y -0.793314, -0.608198, -0.027354
Z -0.001040, 0.046284, -0.998928

BONE 24
OFFSET 18.004101, -8.183420, -13.606500
SCALE 1.000000, 1.000000, 1.000000
X -0.608811, -0.792435, 0.037351
Y 0.793314, -0.608198, 0.027354
Z 0.001040, 0.046284, 0.998928

BONE 25
OFFSET 17.184677, 7.954404, -15.211886
SCALE 1.000000, 1.000000, 1.000000
X 0.529734, -0.810356, -0.250407
Y -0.830135, -0.555912, 0.042872
Z -0.173946, 0.185161, -0.967191

BONE 26
OFFSET 17.184700, -7.954400, -15.211900
SCALE 1.000000, 1.000000, 1.000000
X -0.529734, -0.810356, 0.250407
Y 0.830135, -0.555912, -0.042872
Z 0.173946, 0.185161, 0.967191

BONE 27
OFFSET 17.664848, 8.183416, -14.439293
SCALE 1.000000, 1.000000, 1.000000
X 0.584047, -0.805418, -0.100950
Y -0.804434, -0.590937, 0.060656
Z -0.108509, 0.045782, -0.993041

BONE 28
OFFSET 17.664801, -8.183420, -14.439300
SCALE 1.000000, 1.000000, 1.000000
X -0.584047, -0.805418, 0.100950
Y 0.804434, -0.590937, -0.060656
Z 0.108509, 0.045782, 0.993041

BONE 29
OFFSET 14.875848, 7.710863, -12.879861
SCALE 1.000000, 1.000000, 1.000000
X 0.509218, -0.522380, 0.683971
Y -0.435762, 0.528832, 0.728319
Z -0.742165, -0.668921, 0.041657

BONE 30
OFFSET 14.875800, -7.710860, -12.879900
SCALE 1.000000, 1.000000, 1.000000
X -0.509218, -0.522380, -0.683971
Y 0.435762, 0.528832, -0.728319
Z 0.742165, -0.668921, -0.041657

BONE 31
OFFSET 19.216225, 6.804076, -12.459901
SCALE 1.000000, 1.000000, 1.000000
X 0.353461, -0.929587, 0.104565
Y -0.933273, -0.358049, -0.028326
Z 0.063771, -0.087575, -0.994115

BONE 32
OFFSET 19.216200, -6.804080, -12.459900
SCALE 1.000000, 1.000000, 1.000000
X -0.353461, -0.929587, -0.104565
Y 0.933273, -0.358049, 0.028326
Z -0.063771, -0.087575, 0.994115

BONE 33
OFFSET 19.164862, 6.672606, -13.677727
SCALE 1.000000, 1.000000, 1.000000
X -0.210408, -0.977568, -0.009443
Y -0.976872, 0.209863, 0.040970
Z -0.038069, 0.017845, -0.999116

BONE 34
OFFSET 19.164900, -6.672610, -13.677700
SCALE 1.000000, 1.000000, 1.000000
X 0.210408, -0.977568, 0.009443
Y 0.976872, 0.209863, -0.040970
Z 0.038069, 0.017845, 0.999116

BONE 35
OFFSET 18.006935, 6.696562, -15.600571
SCALE 1.000000, 1.000000, 1.000000
X -0.277869, -0.955998, -0.094113
Y -0.949579, 0.258543, 0.177355
Z -0.145219, 0.138649, -0.979637

BONE 36
OFFSET 18.006901, -6.696560, -15.600600
SCALE 1.000000, 1.000000, 1.000000
X 0.277869, -0.955998, 0.094113
Y 0.949579, 0.258543, -0.177355
Z 0.145219, 0.138649, 0.979637

BONE 37
OFFSET 18.778358, 6.647854, -14.631760
SCALE 1.000000, 1.000000, 1.000000
X -0.181699, -0.980340, -0.076939
Y -0.982020, 0.176823, 0.066102
Z -0.051198, 0.087566, -0.994842

BONE 38
OFFSET 18.778400, -6.647850, -14.631800
SCALE 1.000000, 1.000000, 1.000000
X 0.181699, -0.980340, 0.076939
Y 0.982020, 0.176823, -0.066102
Z 0.051198, 0.087566, 0.994842

BONE 39
OFFSET 15.839471, 6.722331, -11.585542
SCALE 1.000000, 1.000000, 1.000000
X 0.726594, -0.645877, 0.234316
Y -0.243808, 0.076467, 0.966804
Z -0.642354, -0.759602, -0.101909

BONE 40
OFFSET 15.839500, -6.722330, -11.585500
SCALE 1.000000, 1.000000, 1.000000
X -0.726594, -0.645877, -0.234316
Y 0.243808, 0.076467, -0.966804
Z 0.642354, -0.759602, 0.101909

BONE 41
OFFSET 19.615650, 5.753605, -12.341739
SCALE 1.000000, 1.000000, 1.000000
X -0.298850, -0.952104, 0.064703
Y -0.952167, 0.292965, -0.086889
Z 0.063771, -0.087575, -0.994115

BONE 42
OFFSET 19.615601, -5.753600, -12.341700
SCALE 1.000000, 1.000000, 1.000000
X 0.298850, -0.952104, -0.064703
Y 0.952167, 0.292965, 0.086889
Z -0.063771, -0.087575, 0.994115

BONE 43
OFFSET 18.919899, 5.534503, -13.688720
SCALE 1.000000, 1.000000, 1.000000
X -0.701010, -0.713014, 0.013976
Y -0.712134, 0.700922, 0.039653
Z -0.038069, 0.017845, -0.999116

BONE 44
OFFSET 18.919901, -5.534500, -13.688700
SCALE 1.000000, 1.000000, 1.000000
X 0.701010, -0.713014, -0.013976
Y 0.712134, 0.700922, -0.039653
Z 0.038069, 0.017845, 0.999116

BONE 45
OFFSET 17.810663, 6.021297, -15.667048
SCALE 1.000000, 1.000000, 1.000000
X -0.783819, -0.616551, 0.074114
Y -0.582615, 0.771430, 0.255843
Z -0.214914, 0.157355, -0.963873

BONE 46
OFFSET 17.810699, -6.021300, -15.667000
SCALE 1.000000, 1.000000, 1.000000
X 0.783819, -0.616551, -0.074114
Y 0.582615, 0.771430, -0.255843
Z 0.214914, 0.157355, 0.963873

BONE 47
OFFSET 18.581259, 5.584419, -14.715219
SCALE 1.000000, 1.000000, 1.000000
X -0.704066, -0.709650, -0.026230
Y -0.708287, 0.699091, 0.097985
Z -0.051198, 0.087566, -0.994842

BONE 48
OFFSET 18.581301, -5.584420, -14.715200
SCALE 1.000000, 1.000000, 1.000000
X 0.704066, -0.709650, 0.026230
Y 0.708287, 0.699091, -0.097985
Z 0.051198, 0.087566, 0.994842

BONE 49
OFFSET 16.535604, 6.103530, -11.361050
SCALE 1.000000, 1.000000, 1.000000
X 0.738183, -0.577451, -0.348764
Y 0.206074, -0.299258, 0.931653
Z -0.642354, -0.759602, -0.101909

BONE 50
OFFSET 16.535601, -6.103530, -11.361000
SCALE 1.000000, 1.000000, 1.000000
X -0.738183, -0.577451, 0.348764
Y -0.206074, -0.299258, -0.931653
Z 0.642354, -0.759602, 0.101909

BONE 51
OFFSET 19.262676, 4.629073, -12.265317
SCALE 1.000000, 1.000000, 1.000000
X 1.000000, 0.000000, 0.000000
Y 0.000000, 1.000000, 0.000000
Z 0.000000, 0.000000, 1.000000

BONE 52
OFFSET 19.262699, -4.629070, -12.265300
SCALE 1.000000, 1.000000, 1.000000
X -1.000000, 0.000000, 0.000000
Y 0.000000, 1.000000, 0.000000
Z -0.000000, 0.000000, -1.000000

BONE 53
OFFSET 18.091934, 4.692360, -13.672214
SCALE 1.000000, 1.000000, 1.000000
X 1.000000, 0.000000, 0.000000
Y 0.000000, 1.000000, 0.000000
Z 0.000000, 0.000000, 1.000000

BONE 54
OFFSET 18.091900, -4.692360, -13.672200
SCALE 1.000000, 1.000000, 1.000000
X -1.000000, 0.000000, -0.000000
Y 0.000000, 1.000000, 0.000000
Z 0.000000, 0.000000, -1.000000

BONE 55
OFFSET 16.934456, 5.332073, -15.584198
SCALE 1.000000, 1.000000, 1.000000
X 1.000000, 0.000000, 0.000000
Y 0.000000, 1.000000, 0.000000
Z 0.000000, 0.000000, 1.000000

BONE 56
OFFSET 16.934500, -5.332070, -15.584200
SCALE 1.000000, 1.000000, 1.000000
X -1.000000, 0.000000, -0.000000
Y 0.000000, 1.000000, 0.000000
Z 0.000000, 0.000000, -1.000000

BONE 57
OFFSET 17.749685, 4.746249, -14.746200
SCALE 1.000000, 1.000000, 1.000000
X 1.000000, 0.000000, 0.000000
Y 0.000000, 1.000000, 0.000000
Z 0.000000, 0.000000, 1.000000

BONE 58
OFFSET 17.749701, -4.746250, -14.746200
SCALE 1.000000, 1.000000, 1.000000
X -1.000000, 0.000000, -0.000000
Y 0.000000, 1.000000, 0.000000
Z 0.000000, 0.000000, -1.000000

BONE 59
OFFSET 17.407475, 5.421502, -11.772975
SCALE 1.000000, 1.000000, 1.000000
X 1.000000, 0.000000, 0.000000
Y 0.000000, 1.000000, 0.000000
Z 0.000000, 0.000000, 1.000000

BONE 60
OFFSET 17.407499, -5.421500, -11.773000
SCALE 1.000000, 1.000000, 1.000000
X -1.000000, 0.000000, -0.000000
Y 0.000000, 1.000000, 0.000000
Z 0.000000, 0.000000, -1.000000

NUMVERTS 2152
VERT 0
OFFSET 11.082504, 8.371359, -14.134311
BONES 1
BONE 5 1.000000

VERT 1
OFFSET 14.429380, 9.506593, -13.572162
BONES 2
BONE 5 0.213135
BONE 11 0.786865

VERT 2
OFFSET 14.380065, 9.503823, -14.081406
BONES 3
BONE 5 0.214980
BONE 15 0.079530
BONE 11 0.705490

VERT 3
OFFSET 14.468719, 8.964341, -12.753892
BONES 3
BONE 5 0.179756
BONE 13 0.386547
BONE 11 0.433697

VERT 4
OFFSET 14.456803, 9.354519, -13.119656
BONES 3
BONE 5 0.209156
BONE 13 0.104465
BONE 11 0.686379

VERT 5
OFFSET 14.413601, 9.190819, -14.566213
BONES 3
BONE 5 0.203145
BONE 15 0.130205
BONE 11 0.666650

VERT 6
OFFSET 6.621493, 10.164373, -15.300971
BONES 1
BONE 5 1.000000

VERT 7
OFFSET 2.540465, 10.288639, -15.298827
BONES 1
BONE 5 1.000000

VERT 8
OFFSET 6.679508, 10.567663, -14.758712
BONES 1
BONE 5 1.000000

VERT 9
OFFSET 4.867426, 9.884046, -11.612191
BONES 1
BONE 5 1.000000

VERT 10
OFFSET 7.048593, 10.067295, -12.187586
BONES 1
BONE 5 1.000000

VERT 11
OFFSET 4.314111, 10.606374, -12.555926
BONES 1
BONE 5 1.000000

VERT 12
OFFSET 6.957098, 10.512013, -12.977840
BONES 1
BONE 5 1.000000

VERT 13
OFFSET 6.886928, 10.574722, -13.365246
BONES 1
BONE 5 1.000000

VERT 14
OFFSET 11.090032, 10.063610, -13.502335
BONES 1
BONE 5 1.000000

VERT 15
OFFSET 10.931204, 10.062640, -13.205988
BONES 1
BONE 5 1.000000

VERT 16
OFFSET 11.665298, 9.824560, -13.159365
BONES 1
BONE 5 1.000000

VERT 17
OFFSET 11.662404, 9.829401, -13.510694
BONES 2
BONE 5 0.900392
BONE 11 0.099608

VERT 18
OFFSET 12.074159, 9.896586, -14.144772
BONES 3
BONE 5 0.847003
BONE 15 0.059296
BONE 11 0.093701

VERT 19
OFFSET 11.991275, 9.923842, -14.150073
BONES 2
BONE 5 0.900392
BONE 11 0.099608

VERT 20
OFFSET 11.991403, 9.916689, -13.548635
BONES 2
BONE 5 0.900392
BONE 11 0.099608

VERT 21
OFFSET 12.074263, 9.890744, -13.555906
BONES 2
BONE 5 0.900392
BONE 11 0.099608

VERT 22
OFFSET 12.077878, 9.687658, -13.030202
BONES 2
BONE 5 0.900392
BONE 11 0.099608

VERT 23
OFFSET 13.373214, 9.481552, -13.099696
BONES 3
BONE 5 0.455497
BONE 13 0.209298
BONE 11 0.335205

VERT 24
OFFSET 13.217869, 9.650599, -13.578987
BONES 3
BONE 5 0.555048
BONE 13 0.036485
BONE 11 0.408467

VERT 25
OFFSET 6.771684, 10.505719, -13.974232
BONES 1
BONE 5 1.000000

VERT 26
OFFSET 3.739110, 10.480442, -13.794480
BONES 1
BONE 5 1.000000

VERT 27
OFFSET 6.825097, 10.459771, -13.622248
BONES 1
BONE 5 1.000000

VERT 28
OFFSET 11.085352, 10.022184, -13.705047
BONES 1
BONE 5 1.000000

VERT 29
OFFSET 9.782033, 10.370228, -13.823814
BONES 1
BONE 5 1.000000

VERT 30
OFFSET 9.785200, 10.193505, -13.716957
BONES 1
BONE 5 1.000000

VERT 31
OFFSET 11.088897, 9.924779, -13.616168
BONES 1
BONE 5 1.000000

VERT 32
OFFSET 7.623450, 10.329396, -13.081402
BONES 1
BONE 5 1.000000

VERT 33
OFFSET 7.684316, 10.447840, -13.391988
BONES 1
BONE 5 1.000000

VERT 34
OFFSET 11.474215, 9.299890, -12.670116
BONES 1
BONE 5 1.000000

VERT 35
OFFSET 10.602790, 9.883980, -12.967112
BONES 1
BONE 5 1.000000

VERT 36
OFFSET 11.995093, 9.709278, -13.011838
BONES 2
BONE 5 0.900392
BONE 11 0.099608

VERT 37
OFFSET 12.006677, 9.257601, -12.590898
BONES 3
BONE 5 0.810706
BONE 13 0.099608
BONE 11 0.089686

VERT 38
OFFSET 12.082314, 9.234944, -12.615058
BONES 3
BONE 5 0.774972
BONE 13 0.139295
BONE 11 0.085733

VERT 39
OFFSET 13.465346, 9.102565, -12.630836
BONES 3
BONE 5 0.384325
BONE 13 0.332845
BONE 11 0.282830

VERT 40
OFFSET 7.463941, 9.760403, -12.424621
BONES 1
BONE 5 1.000000

VERT 41
OFFSET 11.067405, 10.011306, -14.163258
BONES 1
BONE 5 1.000000

VERT 42
OFFSET 11.661483, 9.881241, -14.099387
BONES 2
BONE 5 0.900392
BONE 11 0.099608

VERT 43
OFFSET 11.662183, 9.841804, -14.135978
BONES 2
BONE 5 0.900392
BONE 11 0.099608

VERT 44
OFFSET 11.066912, 9.989952, -14.207845
BONES 1
BONE 5 1.000000

VERT 45
OFFSET 12.006676, 9.712914, -14.712576
BONES 3
BONE 5 0.667419
BONE 15 0.258746
BONE 11 0.073835

VERT 46
OFFSET 12.082314, 9.683381, -14.695298
BONES 3
BONE 5 0.631334
BONE 15 0.298824
BONE 11 0.069843

VERT 47
OFFSET 13.089376, 9.650074, -14.117688
BONES 2
BONE 5 0.576066
BONE 11 0.423934

VERT 48
OFFSET 12.879460, 9.317142, -14.628912
BONES 3
BONE 5 0.372751
BONE 15 0.352937
BONE 11 0.274312

VERT 49
OFFSET 7.873095, 9.970586, -15.161478
BONES 1
BONE 5 1.000000

VERT 50
OFFSET 11.955319, 9.873942, -14.020698
BONES 2
BONE 5 0.900392
BONE 11 0.099608

VERT 51
OFFSET 11.955333, 9.873145, -13.776714
BONES 2
BONE 5 0.900392
BONE 11 0.099608

VERT 52
OFFSET 11.955361, 9.871561, -13.600801
BONES 2
BONE 5 0.900392
BONE 11 0.099608

VERT 53
OFFSET 11.958950, 9.669801, -13.046772
BONES 2
BONE 5 0.900392
BONE 11 0.099608

VERT 54
OFFSET 11.934233, 9.221001, -12.637624
BONES 3
BONE 5 0.828573
BONE 13 0.079764
BONE 11 0.091663

VERT 55
OFFSET 11.934231, 9.666385, -14.689671
BONES 3
BONE 5 0.703153
BONE 15 0.219059
BONE 11 0.077788

VERT 56
OFFSET 11.956266, 9.820675, -13.475293
BONES 2
BONE 5 0.900392
BONE 11 0.099608

VERT 57
OFFSET 11.955176, 9.881889, -14.116483
BONES 2
BONE 5 0.900392
BONE 11 0.099608

VERT 58
OFFSET 11.708329, 9.954116, -14.024188
BONES 2
BONE 5 0.900392
BONE 11 0.099608

VERT 59
OFFSET 11.679170, 9.890629, -13.709867
BONES 2
BONE 5 0.900392
BONE 11 0.099608

VERT 60
OFFSET 11.661508, 9.845742, -13.619710
BONES 2
BONE 5 0.900392
BONE 11 0.099608

VERT 61
OFFSET 11.560157, 9.755424, -14.706131
BONES 2
BONE 5 0.821018
BONE 15 0.178982

VERT 62
OFFSET 14.379590, 9.612224, -13.570077
BONES 2
BONE 5 0.233555
BONE 11 0.766445

VERT 63
OFFSET 14.330158, 9.615541, -14.096529
BONES 3
BONE 5 0.214980
BONE 15 0.079530
BONE 11 0.705490

VERT 64
OFFSET 14.288805, 9.513010, -14.084343
BONES 3
BONE 5 0.214980
BONE 15 0.079530
BONE 11 0.705490

VERT 65
OFFSET 14.338120, 9.515801, -13.569639
BONES 2
BONE 5 0.233555
BONE 11 0.766445

VERT 66
OFFSET 14.407404, 9.438046, -13.100797
BONES 3
BONE 5 0.209156
BONE 13 0.104465
BONE 11 0.686379

VERT 67
OFFSET 14.409244, 9.064507, -12.717867
BONES 3
BONE 5 0.179756
BONE 13 0.386547
BONE 11 0.433697

VERT 68
OFFSET 14.365572, 9.362061, -13.112296
BONES 3
BONE 5 0.209156
BONE 13 0.104465
BONE 11 0.686379

VERT 69
OFFSET 14.355597, 9.015368, -12.744167
BONES 3
BONE 5 0.179756
BONE 13 0.386547
BONE 11 0.433697

VERT 70
OFFSET 14.354121, 9.321529, -14.587282
BONES 3
BONE 5 0.203145
BONE 15 0.130205
BONE 11 0.666650

VERT 71
OFFSET 14.300477, 9.204069, -14.574859
BONES 3
BONE 5 0.203145
BONE 15 0.130205
BONE 11 0.666650

VERT 72
OFFSET 10.947624, 9.797314, -14.803526
BONES 2
BONE 5 0.940470
BONE 15 0.059530

VERT 73
OFFSET 8.981252, 10.435400, -13.855392
BONES 1
BONE 5 1.000000

VERT 74
OFFSET 7.847271, 10.454281, -13.914503
BONES 1
BONE 5 1.000000

VERT 75
OFFSET 7.718996, 10.265267, -13.628061
BONES 1
BONE 5 1.000000

VERT 76
OFFSET 8.960895, 10.048027, -13.601974
BONES 1
BONE 5 1.000000

VERT 77
OFFSET 8.954320, 10.330505, -13.448771
BONES 1
BONE 5 1.000000

VERT 78
OFFSET 9.001570, 10.215309, -13.230002
BONES 1
BONE 5 1.000000

VERT 79
OFFSET 9.788527, 10.172909, -13.327742
BONES 1
BONE 5 1.000000

VERT 80
OFFSET 9.789595, 10.185033, -13.528168
BONES 1
BONE 5 1.000000

VERT 81
OFFSET 9.770798, 10.082341, -13.037789
BONES 1
BONE 5 1.000000

VERT 82
OFFSET 8.822929, 9.989673, -15.068624
BONES 1
BONE 5 1.000000

VERT 83
OFFSET 9.770798, 9.973908, -14.934277
BONES 1
BONE 5 1.000000

VERT 84
OFFSET 9.783928, 10.104673, -14.386472
BONES 1
BONE 5 1.000000

VERT 85
OFFSET 8.933232, 10.110036, -14.511080
BONES 1
BONE 5 1.000000

VERT 86
OFFSET 9.783522, 10.176032, -14.337505
BONES 1
BONE 5 1.000000

VERT 87
OFFSET 9.788599, 10.053042, -13.661816
BONES 1
BONE 5 1.000000

VERT 88
OFFSET 11.698898, 9.939770, -14.102584
BONES 2
BONE 5 0.900392
BONE 11 0.099608

VERT 89
OFFSET 11.084872, 10.048650, -14.163615
BONES 1
BONE 5 1.000000

VERT 90
OFFSET 9.775489, 10.270227, -14.348558
BONES 1
BONE 5 1.000000

VERT 91
OFFSET 8.949931, 10.410134, -14.500621
BONES 1
BONE 5 1.000000

VERT 92
OFFSET 7.851036, 10.492629, -14.639497
BONES 1
BONE 5 1.000000

VERT 93
OFFSET 11.090584, 9.829577, -13.610336
BONES 1
BONE 5 1.000000

VERT 94
OFFSET 11.663398, 9.773452, -13.610814
BONES 2
BONE 5 0.900392
BONE 11 0.099608

VERT 95
OFFSET 11.955386, 9.858081, -13.565203
BONES 2
BONE 5 0.900392
BONE 11 0.099608

VERT 96
OFFSET 11.101094, 10.151975, -14.029919
BONES 1
BONE 5 1.000000

VERT 97
OFFSET 9.784441, 10.410081, -14.068460
BONES 1
BONE 5 1.000000

VERT 98
OFFSET 8.968025, 10.547248, -14.157237
BONES 1
BONE 5 1.000000

VERT 99
OFFSET 7.890269, 10.542509, -14.294415
BONES 1
BONE 5 1.000000

VERT 100
OFFSET 6.744379, 10.637839, -14.356145
BONES 1
BONE 5 1.000000

VERT 101
OFFSET 3.193239, 10.485583, -14.507926
BONES 1
BONE 5 1.000000

VERT 102
OFFSET 11.955868, 9.843045, -13.511388
BONES 2
BONE 5 0.900392
BONE 11 0.099608

VERT 103
OFFSET 11.663941, 9.742873, -13.536114
BONES 2
BONE 5 0.900392
BONE 11 0.099608

VERT 104
OFFSET 11.087814, 9.985847, -13.544865
BONES 1
BONE 5 1.000000

VERT 105
OFFSET 9.788851, 9.989778, -13.613879
BONES 1
BONE 5 1.000000

VERT 106
OFFSET 12.072331, 9.406759, -15.358522
BONES 3
BONE 5 0.497459
BONE 15 0.441394
BONE 11 0.061147

VERT 107
OFFSET 12.047279, 9.451027, -15.390550
BONES 3
BONE 5 0.497459
BONE 15 0.441394
BONE 11 0.061147

VERT 108
OFFSET 11.953339, 9.424186, -15.346209
BONES 3
BONE 5 0.497459
BONE 15 0.441394
BONE 11 0.061147

VERT 109
OFFSET 14.468719, 8.493786, -12.400533
BONES 2
BONE 5 0.259419
BONE 13 0.740581

VERT 110
OFFSET 14.468719, 7.508534, -12.190911
BONES 2
BONE 13 0.728762
BONE 17 0.271238

VERT 111
OFFSET 14.468719, 8.001162, -12.205190
BONES 2
BONE 13 0.999608
BONE 17 0.000392

VERT 112
OFFSET 14.517083, 6.734236, -13.440610
BONES 4
BONE 5 0.106500
BONE 13 0.028647
BONE 15 0.016260
BONE 17 0.848593

VERT 113
OFFSET 14.468719, 7.060594, -12.610892
BONES 2
BONE 13 0.208352
BONE 17 0.791648

VERT 114
OFFSET 14.413601, 6.811641, -14.566213
BONES 3
BONE 5 0.176208
BONE 15 0.246738
BONE 17 0.577054

VERT 115
OFFSET 14.464689, 6.677337, -14.098181
BONES 3
BONE 5 0.144631
BONE 15 0.097905
BONE 17 0.757463

VERT 116
OFFSET 14.236489, 8.899959, -15.134202
BONES 3
BONE 5 0.278750
BONE 15 0.390978
BONE 11 0.330272

VERT 117
OFFSET 14.301862, 8.963434, -15.145897
BONES 3
BONE 5 0.278750
BONE 15 0.390978
BONE 11 0.330272

VERT 118
OFFSET 14.321638, 7.508412, -15.452134
BONES 2
BONE 15 0.820628
BONE 17 0.179372

VERT 119
OFFSET 14.290984, 8.390425, -15.578714
BONES 2
BONE 5 0.055099
BONE 15 0.944901

VERT 120
OFFSET 12.669647, 9.043785, -15.299982
BONES 2
BONE 5 0.741417
BONE 15 0.258583

VERT 121
OFFSET 14.250941, 8.783855, -15.115067
BONES 3
BONE 5 0.278750
BONE 15 0.390978
BONE 11 0.330272

VERT 122
OFFSET 11.950512, 9.309937, -15.915738
BONES 3
BONE 5 0.497459
BONE 15 0.441394
BONE 11 0.061147

VERT 123
OFFSET 11.948083, 9.134906, -15.974003
BONES 3
BONE 5 0.497459
BONE 15 0.441394
BONE 11 0.061147

VERT 124
OFFSET 11.906491, 9.146342, -16.006140
BONES 3
BONE 5 0.497459
BONE 15 0.441394
BONE 11 0.061147

VERT 125
OFFSET 11.875978, 9.332368, -15.945741
BONES 3
BONE 5 0.497459
BONE 15 0.441394
BONE 11 0.061147

VERT 126
OFFSET 10.943658, 9.565487, -15.458290
BONES 2
BONE 5 0.741254
BONE 15 0.258746

VERT 127
OFFSET 9.808026, 9.700230, -15.860549
BONES 2
BONE 5 0.920236
BONE 15 0.079764

VERT 128
OFFSET 6.603977, 9.515396, -16.275120
BONES 1
BONE 5 1.000000

VERT 129
OFFSET 11.829091, 9.152198, -15.961829
BONES 3
BONE 5 0.497459
BONE 15 0.441394
BONE 11 0.061147

VERT 130
OFFSET 11.804031, 9.296193, -15.901977
BONES 3
BONE 5 0.497459
BONE 15 0.441394
BONE 11 0.061147

VERT 131
OFFSET 11.928279, 9.568131, -15.286338
BONES 3
BONE 5 0.497459
BONE 15 0.441394
BONE 11 0.061147

VERT 132
OFFSET 11.657855, 9.529644, -15.274348
BONES 2
BONE 5 0.550853
BONE 15 0.449147

VERT 133
OFFSET 13.978198, 9.454959, -15.708173
BONES 3
BONE 5 0.278750
BONE 15 0.390978
BONE 11 0.330272

VERT 134
OFFSET 14.104154, 9.255380, -15.620159
BONES 3
BONE 5 0.278750
BONE 15 0.390978
BONE 11 0.330272

VERT 135
OFFSET 13.902496, 9.297122, -15.672029
BONES 3
BONE 5 0.278750
BONE 15 0.390978
BONE 11 0.330272

VERT 136
OFFSET 13.889143, 9.407582, -15.635157
BONES 3
BONE 5 0.278750
BONE 15 0.390978
BONE 11 0.330272

VERT 137
OFFSET 12.394115, 9.260739, -15.900972
BONES 3
BONE 5 0.497459
BONE 15 0.441394
BONE 11 0.061147

VERT 138
OFFSET 12.419721, 9.148778, -15.948554
BONES 3
BONE 5 0.497459
BONE 15 0.441394
BONE 11 0.061147

VERT 139
OFFSET 12.614796, 9.000540, -15.357472
BONES 3
BONE 5 0.497459
BONE 15 0.441394
BONE 11 0.061147

VERT 140
OFFSET 14.236489, 8.899959, -15.134202
BONES 3
BONE 5 0.278750
BONE 15 0.390978
BONE 11 0.330272

VERT 141
OFFSET 12.074760, 9.380641, -15.151730
BONES 3
BONE 5 0.497459
BONE 15 0.441394
BONE 11 0.061147

VERT 142
OFFSET 12.000227, 9.413572, -15.167730
BONES 2
BONE 5 0.402666
BONE 15 0.597334

VERT 143
OFFSET 11.928279, 9.392431, -15.167905
BONES 2
BONE 5 0.397413
BONE 15 0.602587

VERT 144
OFFSET 7.843073, 9.615483, -16.175549
BONES 1
BONE 5 1.000000

VERT 145
OFFSET 14.348589, 8.881494, -15.127605
BONES 3
BONE 5 0.278750
BONE 15 0.390978
BONE 11 0.330272

VERT 146
OFFSET 14.289739, 8.982029, -15.161705
BONES 3
BONE 5 0.278750
BONE 15 0.390978
BONE 11 0.330272

VERT 147
OFFSET 3.428425, 10.400413, -13.795432
BONES 1
BONE 5 1.000000

VERT 148
OFFSET 1.918020, 10.164559, -15.179682
BONES 1
BONE 5 1.000000

VERT 149
OFFSET 2.751252, 10.329151, -13.731922
BONES 1
BONE 5 1.000000

VERT 150
OFFSET 3.969132, 5.247176, -12.481302
BONES 1
BONE 5 1.000000

VERT 151
OFFSET 3.502838, 4.915540, -13.893206
BONES 1
BONE 5 1.000000

VERT 152
OFFSET 3.938622, 4.755285, -13.828431
BONES 1
BONE 5 1.000000

VERT 153
OFFSET 4.371405, 5.191620, -12.526454
BONES 1
BONE 5 1.000000

VERT 154
OFFSET 4.756835, 7.969119, -11.255665
BONES 1
BONE 5 1.000000

VERT 155
OFFSET 4.664078, 8.863963, -11.482592
BONES 1
BONE 5 1.000000

VERT 156
OFFSET 3.941497, 8.920832, -11.067584
BONES 1
BONE 5 1.000000

VERT 157
OFFSET 3.990028, 7.955427, -10.910911
BONES 1
BONE 5 1.000000

VERT 158
OFFSET 4.507825, 9.684737, -11.789896
BONES 1
BONE 5 1.000000

VERT 159
OFFSET 4.036217, 10.214133, -12.568288
BONES 1
BONE 5 1.000000

VERT 160
OFFSET 3.255692, 9.977708, -12.797397
BONES 1
BONE 5 1.000000

VERT 161
OFFSET 3.640689, 9.651133, -11.909186
BONES 1
BONE 5 1.000000

VERT 162
OFFSET 11.521618, 8.704123, -12.232998
BONES 2
BONE 5 0.858196
BONE 13 0.141804

VERT 163
OFFSET 10.487270, 9.688233, -12.720438
BONES 1
BONE 5 1.000000

VERT 164
OFFSET 10.395504, 9.377757, -12.331950
BONES 1
BONE 5 1.000000

VERT 165
OFFSET 11.084876, 8.845090, -12.129829
BONES 1
BONE 5 1.000000

VERT 166
OFFSET 11.272468, 8.128781, -11.804794
BONES 3
BONE 5 0.841657
BONE 13 0.140813
BONE 17 0.017530

VERT 167
OFFSET 10.693886, 8.769002, -12.137454
BONES 1
BONE 5 1.000000

VERT 168
OFFSET 10.998406, 8.096987, -11.982694
BONES 3
BONE 5 0.862343
BONE 13 0.130887
BONE 17 0.006770

VERT 169
OFFSET 12.006677, 8.693827, -12.235820
BONES 3
BONE 5 0.721020
BONE 13 0.199216
BONE 11 0.079764

VERT 170
OFFSET 12.082314, 8.681528, -12.267436
BONES 3
BONE 5 0.721020
BONE 13 0.199216
BONE 11 0.079764

VERT 171
OFFSET 12.082313, 8.109261, -12.129280
BONES 3
BONE 5 0.667017
BONE 13 0.263185
BONE 17 0.069798

VERT 172
OFFSET 13.551954, 8.035386, -12.270152
BONES 3
BONE 5 0.215941
BONE 13 0.783323
BONE 17 0.000735

VERT 173
OFFSET 13.529132, 8.564497, -12.401126
BONES 2
BONE 5 0.402099
BONE 13 0.597901

VERT 174
OFFSET 7.231382, 8.762722, -11.510229
BONES 1
BONE 5 1.000000

VERT 175
OFFSET 7.381483, 8.758444, -11.822252
BONES 1
BONE 5 1.000000

VERT 176
OFFSET 4.464589, 6.780942, -11.342026
BONES 1
BONE 5 1.000000

VERT 177
OFFSET 4.182850, 5.937151, -11.704478
BONES 1
BONE 5 1.000000

VERT 178
OFFSET 4.415654, 5.847023, -11.583938
BONES 1
BONE 5 1.000000

VERT 179
OFFSET 4.742189, 6.819647, -11.266315
BONES 1
BONE 5 1.000000

VERT 180
OFFSET 11.162873, 6.463266, -12.307637
BONES 3
BONE 5 0.837841
BONE 13 0.080057
BONE 17 0.082102

VERT 181
OFFSET 11.308857, 7.419494, -11.884666
BONES 3
BONE 5 0.800822
BONE 13 0.147542
BONE 17 0.051635

VERT 182
OFFSET 11.073353, 7.344157, -12.008749
BONES 3
BONE 5 0.840042
BONE 13 0.136306
BONE 17 0.023652

VERT 183
OFFSET 10.932199, 6.582808, -12.319883
BONES 3
BONE 5 0.907770
BONE 13 0.057540
BONE 17 0.034689

VERT 184
OFFSET 12.006675, 8.109389, -12.095002
BONES 3
BONE 5 0.667017
BONE 13 0.263185
BONE 17 0.069798

VERT 185
OFFSET 12.006676, 7.524954, -12.235820
BONES 3
BONE 5 0.555352
BONE 13 0.253600
BONE 17 0.191048

VERT 186
OFFSET 12.082314, 7.536992, -12.267435
BONES 3
BONE 5 0.555352
BONE 13 0.253600
BONE 17 0.191048

VERT 187
OFFSET 12.082314, 6.933151, -12.589230
BONES 3
BONE 5 0.433153
BONE 13 0.184599
BONE 17 0.382248

VERT 188
OFFSET 13.465346, 7.056508, -12.766503
BONES 3
BONE 5 0.089380
BONE 13 0.308231
BONE 17 0.602389

VERT 189
OFFSET 13.529132, 7.506340, -12.304661
BONES 3
BONE 5 0.109488
BONE 13 0.488212
BONE 17 0.402299

VERT 190
OFFSET 3.747670, 6.504753, -11.073814
BONES 1
BONE 5 1.000000

VERT 191
OFFSET 6.780007, 8.003803, -11.459716
BONES 1
BONE 5 1.000000

VERT 192
OFFSET 6.804894, 7.652380, -11.646615
BONES 1
BONE 5 1.000000

VERT 193
OFFSET 6.840244, 7.153263, -11.912225
BONES 1
BONE 5 1.000000

VERT 194
OFFSET 7.005111, 7.166400, -11.801208
BONES 1
BONE 5 1.000000

VERT 195
OFFSET 12.006676, 6.910737, -12.565174
BONES 3
BONE 5 0.541886
BONE 13 0.151648
BONE 17 0.306466

VERT 196
OFFSET 12.006677, 6.613232, -12.835582
BONES 3
BONE 5 0.584382
BONE 13 0.040110
BONE 17 0.375508

VERT 197
OFFSET 12.082313, 6.639119, -12.853985
BONES 3
BONE 5 0.445116
BONE 13 0.087089
BONE 17 0.467794

VERT 198
OFFSET 13.276192, 6.673629, -13.440434
BONES 3
BONE 5 0.250333
BONE 13 0.052795
BONE 17 0.696873

VERT 199
OFFSET 12.082314, 6.506011, -13.390682
BONES 2
BONE 5 0.510042
BONE 17 0.489958

VERT 200
OFFSET 12.082313, 6.395790, -13.821321
BONES 3
BONE 5 0.452293
BONE 15 0.085849
BONE 17 0.461857

VERT 201
OFFSET 13.196404, 6.611331, -13.837838
BONES 3
BONE 5 0.263606
BONE 15 0.072865
BONE 17 0.663528

VERT 202
OFFSET 4.920842, 5.957678, -11.683975
BONES 1
BONE 5 1.000000

VERT 203
OFFSET 8.394535, 5.572381, -13.370582
BONES 1
BONE 5 1.000000

VERT 204
OFFSET 8.163598, 5.874781, -12.826169
BONES 1
BONE 5 1.000000

VERT 205
OFFSET 7.805312, 5.761214, -12.637149
BONES 1
BONE 5 1.000000

VERT 206
OFFSET 7.876002, 5.376808, -13.227466
BONES 1
BONE 5 1.000000

VERT 207
OFFSET 7.738570, 5.575557, -14.256645
BONES 1
BONE 5 1.000000

VERT 208
OFFSET 7.950368, 5.532746, -14.367197
BONES 1
BONE 5 1.000000

VERT 209
OFFSET 7.936548, 5.552118, -13.530447
BONES 1
BONE 5 1.000000

VERT 210
OFFSET 2.210645, 6.676627, -16.545570
BONES 1
BONE 5 1.000000

VERT 211
OFFSET 2.176381, 8.437264, -16.676962
BONES 1
BONE 5 1.000000

VERT 212
OFFSET 3.292373, 8.446072, -16.874430
BONES 1
BONE 5 1.000000

VERT 213
OFFSET 3.496806, 6.736516, -16.746319
BONES 1
BONE 5 1.000000

VERT 214
OFFSET 5.226756, 6.877353, -16.772520
BONES 1
BONE 5 1.000000

VERT 215
OFFSET 6.621493, 7.059024, -16.721355
BONES 1
BONE 5 1.000000

VERT 216
OFFSET 6.709939, 6.154466, -16.036961
BONES 1
BONE 5 1.000000

VERT 217
OFFSET 5.742445, 5.978713, -16.140129
BONES 1
BONE 5 1.000000

VERT 218
OFFSET 11.607310, 6.831116, -15.444160
BONES 3
BONE 5 0.635547
BONE 15 0.281397
BONE 17 0.083056

VERT 219
OFFSET 10.922251, 6.707990, -15.736823
BONES 3
BONE 5 0.766835
BONE 15 0.199516
BONE 17 0.033650

VERT 220
OFFSET 10.872147, 7.402582, -16.335337
BONES 3
BONE 5 0.679853
BONE 15 0.300304
BONE 17 0.019843

VERT 221
OFFSET 11.583329, 7.505628, -16.011312
BONES 3
BONE 5 0.488784
BONE 15 0.459202
BONE 17 0.052015

VERT 222
OFFSET 12.082314, 6.438339, -14.148534
BONES 3
BONE 5 0.467747
BONE 15 0.131206
BONE 17 0.401047

VERT 223
OFFSET 12.006676, 6.406587, -14.150594
BONES 3
BONE 5 0.518315
BONE 15 0.162625
BONE 17 0.319060

VERT 224
OFFSET 12.006676, 6.698435, -14.712576
BONES 3
BONE 5 0.542669
BONE 15 0.209972
BONE 17 0.247360

VERT 225
OFFSET 12.082314, 6.727677, -14.695298
BONES 3
BONE 5 0.466963
BONE 15 0.218404
BONE 17 0.314634

VERT 226
OFFSET 12.704633, 6.998745, -15.140329
BONES 3
BONE 5 0.271554
BONE 15 0.451162
BONE 17 0.277284

VERT 227
OFFSET 12.082314, 7.038848, -15.206436
BONES 3
BONE 5 0.445667
BONE 15 0.352973
BONE 17 0.201360

VERT 228
OFFSET 12.082314, 7.537496, -15.717575
BONES 3
BONE 5 0.327169
BONE 15 0.585191
BONE 17 0.087640

VERT 229
OFFSET 12.549208, 7.481748, -15.627088
BONES 3
BONE 5 0.212345
BONE 15 0.662560
BONE 17 0.125094

VERT 230
OFFSET 2.815077, 5.186557, -15.431208
BONES 1
BONE 5 1.000000

VERT 231
OFFSET 3.352496, 4.990132, -15.292612
BONES 1
BONE 5 1.000000

VERT 232
OFFSET 7.407557, 5.814619, -15.230707
BONES 1
BONE 5 1.000000

VERT 233
OFFSET 7.843073, 5.853877, -15.234236
BONES 1
BONE 5 1.000000

VERT 234
OFFSET 9.770798, 6.870214, -16.173151
BONES 3
BONE 5 0.941694
BONE 15 0.053364
BONE 17 0.004941

VERT 235
OFFSET 9.770798, 7.423312, -16.497242
BONES 2
BONE 5 0.874497
BONE 15 0.125503

VERT 236
OFFSET 10.900352, 6.202024, -15.299527
BONES 3
BONE 5 0.869796
BONE 15 0.075392
BONE 17 0.054812

VERT 237
OFFSET 10.872147, 8.527827, -16.441057
BONES 2
BONE 5 0.664122
BONE 15 0.335878

VERT 238
OFFSET 11.583329, 8.526758, -16.160666
BONES 2
BONE 5 0.461345
BONE 15 0.538655

VERT 239
OFFSET 12.082314, 8.544288, -15.863541
BONES 2
BONE 5 0.266306
BONE 15 0.733694

VERT 240
OFFSET 12.525518, 8.467416, -15.766071
BONES 2
BONE 5 0.241615
BONE 15 0.758385

VERT 241
OFFSET 6.621493, 8.430358, -16.871420
BONES 1
BONE 5 1.000000

VERT 242
OFFSET 7.843073, 8.423839, -16.906906
BONES 1
BONE 5 1.000000

VERT 243
OFFSET 7.843073, 7.215049, -16.763224
BONES 1
BONE 5 1.000000

VERT 244
OFFSET 3.681837, 9.792994, -16.286970
BONES 1
BONE 5 1.000000

VERT 245
OFFSET 2.431666, 9.906273, -15.933591
BONES 1
BONE 5 1.000000

VERT 246
OFFSET 3.960283, 10.301206, -15.402067
BONES 1
BONE 5 1.000000

VERT 247
OFFSET 12.074760, 9.581705, -15.300273
BONES 3
BONE 5 0.497459
BONE 15 0.441394
BONE 11 0.061147

VERT 248
OFFSET 12.000227, 9.604205, -15.330178
BONES 3
BONE 5 0.497459
BONE 15 0.441394
BONE 11 0.061147

VERT 249
OFFSET 11.934231, 8.674078, -12.296624
BONES 3
BONE 5 0.738887
BONE 13 0.179372
BONE 11 0.081741

VERT 250
OFFSET 11.934231, 8.109511, -12.160846
BONES 3
BONE 5 0.676927
BONE 13 0.260210
BONE 17 0.062863

VERT 251
OFFSET 11.934232, 7.544943, -12.296625
BONES 3
BONE 5 0.593101
BONE 13 0.222256
BONE 17 0.184643

VERT 252
OFFSET 12.006676, 6.476699, -13.377496
BONES 2
BONE 5 0.612826
BONE 17 0.387174

VERT 253
OFFSET 12.006675, 6.419075, -13.810365
BONES 3
BONE 5 0.532339
BONE 15 0.101043
BONE 17 0.366618

VERT 254
OFFSET 11.934232, 6.947574, -12.612003
BONES 3
BONE 5 0.585492
BONE 13 0.142473
BONE 17 0.272035

VERT 255
OFFSET 11.934232, 6.655637, -12.871850
BONES 3
BONE 5 0.639207
BONE 13 0.043672
BONE 17 0.317121

VERT 256
OFFSET 12.006676, 7.018183, -15.234492
BONES 3
BONE 5 0.461752
BONE 15 0.378234
BONE 17 0.160014

VERT 257
OFFSET 12.006676, 7.525472, -15.756412
BONES 3
BONE 5 0.359741
BONE 15 0.564355
BONE 17 0.075905

VERT 258
OFFSET 11.934232, 6.458630, -14.152922
BONES 3
BONE 5 0.592000
BONE 15 0.166362
BONE 17 0.241638

VERT 259
OFFSET 11.934232, 6.746521, -14.689671
BONES 3
BONE 5 0.600121
BONE 15 0.209396
BONE 17 0.190483

VERT 260
OFFSET 12.006676, 8.544554, -15.905449
BONES 2
BONE 5 0.261577
BONE 15 0.738423

VERT 261
OFFSET 11.934232, 6.524715, -13.405026
BONES 2
BONE 5 0.708856
BONE 17 0.291144

VERT 262
OFFSET 11.934232, 6.380521, -13.803994
BONES 3
BONE 5 0.606097
BONE 15 0.114975
BONE 17 0.278928

VERT 263
OFFSET 11.934232, 7.051931, -15.193764
BONES 3
BONE 5 0.531019
BONE 15 0.335840
BONE 17 0.133142

VERT 264
OFFSET 11.934232, 7.544943, -15.697858
BONES 3
BONE 5 0.375318
BONE 15 0.544995
BONE 17 0.079687

VERT 265
OFFSET 11.934232, 8.544810, -15.841814
BONES 2
BONE 5 0.284733
BONE 15 0.715267

VERT 266
OFFSET 11.576806, 7.447215, -12.108089
BONES 3
BONE 5 0.690947
BONE 13 0.221664
BONE 17 0.087389

VERT 267
OFFSET 11.738524, 7.489553, -12.044955
BONES 3
BONE 5 0.623443
BONE 13 0.257680
BONE 17 0.118877

VERT 268
OFFSET 11.713537, 8.104523, -11.970712
BONES 3
BONE 5 0.710820
BONE 13 0.248447
BONE 17 0.040733

VERT 269
OFFSET 11.559214, 8.104782, -12.074128
BONES 3
BONE 5 0.772752
BONE 13 0.197410
BONE 17 0.029838

VERT 270
OFFSET 11.349890, 6.373732, -12.805730
BONES 3
BONE 5 0.751294
BONE 13 0.046628
BONE 17 0.202078

VERT 271
OFFSET 11.558703, 6.547444, -12.753335
BONES 3
BONE 5 0.705634
BONE 13 0.047595
BONE 17 0.246771

VERT 272
OFFSET 11.796460, 7.007902, -12.362199
BONES 3
BONE 5 0.614434
BONE 13 0.158501
BONE 17 0.227064

VERT 273
OFFSET 11.644886, 6.949741, -12.305210
BONES 3
BONE 5 0.648015
BONE 13 0.162430
BONE 17 0.189555

VERT 274
OFFSET 11.644886, 6.243546, -14.179641
BONES 3
BONE 5 0.726030
BONE 15 0.117805
BONE 17 0.156165

VERT 275
OFFSET 11.644885, 6.344657, -14.918051
BONES 3
BONE 5 0.721892
BONE 15 0.157372
BONE 17 0.120736

VERT 276
OFFSET 14.409244, 8.547966, -12.353627
BONES 2
BONE 5 0.259419
BONE 13 0.740581

VERT 277
OFFSET 14.355597, 8.499361, -12.387979
BONES 2
BONE 5 0.259419
BONE 13 0.740581

VERT 278
OFFSET 14.409244, 8.001238, -12.154387
BONES 2
BONE 13 0.999608
BONE 17 0.000392

VERT 279
OFFSET 14.409244, 7.454509, -12.144095
BONES 2
BONE 13 0.728762
BONE 17 0.271238

VERT 280
OFFSET 14.355597, 8.001305, -12.191612
BONES 2
BONE 13 0.999608
BONE 17 0.000392

VERT 281
OFFSET 14.355597, 7.503248, -12.178528
BONES 2
BONE 13 0.728762
BONE 17 0.271238

VERT 282
OFFSET 14.409244, 6.960586, -12.574850
BONES 2
BONE 13 0.208352
BONE 17 0.791648

VERT 283
OFFSET 14.444510, 6.777393, -12.995320
BONES 3
BONE 5 0.039683
BONE 13 0.112674
BONE 17 0.847643

VERT 284
OFFSET 14.355597, 7.050684, -12.601136
BONES 2
BONE 13 0.208352
BONE 17 0.791648

VERT 285
OFFSET 14.390864, 6.881200, -13.015580
BONES 3
BONE 5 0.039683
BONE 13 0.112674
BONE 17 0.847643

VERT 286
OFFSET 14.457608, 6.603714, -13.421294
BONES 4
BONE 5 0.106500
BONE 13 0.028647
BONE 15 0.016260
BONE 17 0.848593

VERT 287
OFFSET 14.435864, 6.540535, -13.806631
BONES 4
BONE 5 0.115006
BONE 13 0.014136
BONE 15 0.056569
BONE 17 0.814288

VERT 288
OFFSET 14.354121, 6.681081, -14.587282
BONES 3
BONE 5 0.176208
BONE 15 0.246738
BONE 17 0.577054

VERT 289
OFFSET 14.405210, 6.535868, -14.099070
BONES 3
BONE 5 0.144631
BONE 15 0.097905
BONE 17 0.757463

VERT 290
OFFSET 14.351565, 6.663261, -14.100129
BONES 3
BONE 5 0.144631
BONE 15 0.097905
BONE 17 0.757463

VERT 291
OFFSET 14.300477, 6.798676, -14.574859
BONES 3
BONE 5 0.176208
BONE 15 0.246738
BONE 17 0.577054

VERT 292
OFFSET 14.308143, 6.983818, -15.044490
BONES 3
BONE 5 0.052637
BONE 15 0.508178
BONE 17 0.439186

VERT 293
OFFSET 14.262163, 7.454352, -15.501781
BONES 2
BONE 15 0.820628
BONE 17 0.179372

VERT 294
OFFSET 14.231510, 8.390598, -15.632447
BONES 2
BONE 5 0.055099
BONE 15 0.944901

VERT 295
OFFSET 14.242386, 9.063668, -15.184152
BONES 3
BONE 5 0.278750
BONE 15 0.390978
BONE 11 0.330272

VERT 296
OFFSET 14.188738, 9.027433, -15.160283
BONES 3
BONE 5 0.278750
BONE 15 0.390978
BONE 11 0.330272

VERT 297
OFFSET 14.403959, 6.721242, -13.435813
BONES 4
BONE 5 0.106500
BONE 13 0.028647
BONE 15 0.016260
BONE 17 0.848593

VERT 298
OFFSET 14.382219, 6.662984, -13.814426
BONES 4
BONE 5 0.115006
BONE 13 0.014136
BONE 15 0.056569
BONE 17 0.814288

VERT 299
OFFSET 14.254497, 7.066991, -15.022547
BONES 3
BONE 5 0.052637
BONE 15 0.508178
BONE 17 0.439186

VERT 300
