// Export filename: 'C:/trees/cod2/model_export/viewmodels/US/binoculars/viewmodel_binoculars_animated.XMODEL_EXPORT'
// Source filename: 'C:/trees/cod2_animation_source/viewmodels/ViewModel_MasterDefMeshCloth.mb'
// Export time: Tue Jul 12 13:58:45 2005
MODEL
VERSION 6

NUMBONES 69
BONE 0 -1 "tag_view"
BONE 1 0 "tag_cambone"
BONE 2 0 "tag_torso"
BONE 3 2 "J_Shoulder_LE"
BONE 4 2 "J_Shoulder_RI"
BONE 5 1 "tag_camera"
BONE 6 2 "tag_weapon"
BONE 7 3 "J_Elbow_LE"
BONE 8 4 "J_Elbow_RI"
BONE 9 7 "J_SleaveAim_LE"
BONE 10 8 "J_SleaveAim_RI"
BONE 11 7 "J_Wrist_LE"
BONE 12 8 "J_Wrist_RI"
BONE 13 7 "J_WristTwist_LE"
BONE 14 8 "J_WristTwist_RI"
BONE 15 7 "Sleave_Extra_E_LE"
BONE 16 7 "Sleave_Extra_E_LE1"
BONE 17 7 "Sleave_Extra_E_LE2"
BONE 18 7 "Sleave_Extra_E_LE3"
BONE 19 8 "Sleave_Extra_E_RI"
BONE 20 7 "Sleave_Extra_N_LE"
BONE 21 8 "Sleave_Extra_N_RI"
BONE 22 7 "Sleave_Extra_S_LE"
BONE 23 8 "Sleave_Extra_S_RI"
BONE 24 7 "Sleave_Extra_W_LE"
BONE 25 8 "Sleave_Extra_W_RI"
BONE 26 7 "Sleeve_Extra_upper_LE"
BONE 27 11 "J_Flesh_LE"
BONE 28 12 "J_Flesh_RI"
BONE 29 11 "J_Index_LE_0"
BONE 30 12 "J_Index_RI_0"
BONE 31 11 "J_Mid_LE_0"
BONE 32 12 "J_Mid_RI_0"
BONE 33 11 "J_Pinky_LE_0"
BONE 34 12 "J_Pinky_RI_0"
BONE 35 11 "J_Ring_LE_0"
BONE 36 12 "J_Ring_RI_0"
BONE 37 11 "J_Thumb_LE_0"
BONE 38 12 "J_Thumb_RI_0"
BONE 39 29 "J_Index_LE_1"
BONE 40 30 "J_Index_RI_1"
BONE 41 31 "J_Mid_LE_1"
BONE 42 32 "J_Mid_RI_1"
BONE 43 33 "J_Pinky_LE_1"
BONE 44 34 "J_Pinky_RI_1"
BONE 45 35 "J_Ring_LE_1"
BONE 46 36 "J_Ring_RI_1"
BONE 47 37 "J_Thumb_LE_1"
BONE 48 38 "J_Thumb_RI_1"
BONE 49 39 "J_Index_LE_2"
BONE 50 40 "J_Index_RI_2"
BONE 51 41 "J_Mid_LE_2"
BONE 52 42 "J_Mid_RI_2"
BONE 53 43 "J_Pinky_LE_2"
BONE 54 44 "J_Pinky_RI_2"
BONE 55 45 "J_Ring_LE_2"
BONE 56 46 "J_Ring_RI_2"
BONE 57 47 "J_Thumb_LE_2"
BONE 58 48 "J_Thumb_RI_2"
BONE 59 49 "J_Index_LE_3"
BONE 60 50 "J_Index_RI_3"
BONE 61 51 "J_Mid_LE_3"
BONE 62 52 "J_Mid_RI_3"
BONE 63 53 "J_Pinky_LE_3"
BONE 64 54 "J_Pinky_RI_3"
BONE 65 55 "J_Ring_LE_3"
BONE 66 56 "J_Ring_RI_3"
BONE 67 57 "J_Thumb_LE_3"
BONE 68 58 "J_Thumb_RI_3"

BONE 0
OFFSET 0.000000, 0.000000, 0.000000
SCALE 1.000000, 1.000000, 1.000000
X 1.000000, 0.000000, 0.000000
Y 0.000000, 1.000000, 0.000000
Z 0.000000, 0.000000, 1.000000

BONE 1
OFFSET 0.000000, 0.000000, 0.000000
SCALE 1.000000, 1.000000, 1.000000
X 1.000000, 0.000000, 0.000000
Y 0.000000, 1.000000, 0.000000
Z 0.000000, 0.000000, 1.000000

BONE 2
OFFSET -4.631834, 0.000000, -1.376955
SCALE 1.000000, 1.000000, 1.000000
X 1.000000, 0.000000, 0.000000
Y 0.000000, 1.000000, 0.000000
Z 0.000000, 0.000000, 1.000000

BONE 3
OFFSET -3.506030, 7.937290, -3.186910
SCALE 1.000000, 1.000000, 1.000000
X 0.472986, 0.011374, -0.880996
Y 0.446745, -0.864941, 0.228681
Z -0.759409, -0.501744, -0.414187

BONE 4
OFFSET -3.506030, -7.937290, -3.186910
SCALE 1.000000, 1.000000, 1.000000
X -0.472986, 0.011374, 0.880996
Y -0.446745, -0.864941, -0.228681
Z 0.759409, -0.501744, 0.414187

BONE 5
OFFSET 0.000000, 0.000000, 0.000000
SCALE 1.000000, 1.000000, 1.000000
X 1.000000, 0.000000, 0.000000
Y 0.000000, 1.000000, 0.000000
Z 0.000000, 0.000000, 1.000000

BONE 6
OFFSET 10.527968, 0.000000, -8.129675
SCALE 1.000000, 1.000000, 1.000000
X 1.000000, 0.000000, 0.000000
Y 0.000000, 1.000000, 0.000000
Z 0.000000, 0.000000, 1.000000

BONE 7
OFFSET 2.214219, 8.074842, -13.841592
SCALE 1.000000, 1.000000, 1.000000
X 0.999978, -0.002833, 0.005930
Y -0.005970, -0.014367, 0.999879
Z -0.002747, -0.999893, -0.014384

BONE 8
OFFSET 2.214220, -8.074840, -13.841600
SCALE 1.000000, 1.000000, 1.000000
X -0.999978, -0.002833, -0.005930
Y 0.005970, -0.014367, -0.999879
Z 0.002747, -0.999893, 0.014384

BONE 9
OFFSET 13.091008, 8.044032, -13.777087
SCALE 1.000000, 1.000000, 1.000000
X 0.999978, -0.002833, 0.005930
Y -0.004220, -0.968485, 0.249036
Z 0.005038, -0.249056, -0.968476

BONE 10
OFFSET 13.091000, -8.044030, -13.777100
SCALE 1.000000, 1.000000, 1.000000
X -0.999978, -0.002833, -0.005930
Y 0.005970, -0.014367, -0.999879
Z 0.002747, -0.999893, 0.014384

BONE 11
OFFSET 13.785073, 8.042067, -13.772971
SCALE 1.000000, 1.000000, 1.000000
X 0.999978, -0.002833, 0.005930
Y -0.005907, 0.008115, 0.999950
Z -0.002881, -0.999963, 0.008098

BONE 12
OFFSET 13.785100, -8.042070, -13.773000
SCALE 1.000000, 1.000000, 1.000000
X -0.999978, -0.002833, -0.005930
Y 0.005907, 0.008115, -0.999950
Z 0.002881, -0.999963, -0.008098

BONE 13
OFFSET 10.719465, 8.050750, -13.791152
SCALE 1.000000, 1.000000, 1.000000
X 0.999978, -0.002833, 0.005930
Y -0.005970, -0.014367, 0.999879
Z -0.002747, -0.999893, -0.014384

BONE 14
OFFSET 10.719500, -8.050750, -13.791200
SCALE 1.000000, 1.000000, 1.000000
X -0.999978, -0.002833, -0.005930
Y 0.005970, -0.014367, -0.999879
Z 0.002747, -0.999893, 0.014384

BONE 15
OFFSET 13.909469, 8.920601, -12.237162
SCALE 1.000000, 1.000000, 1.000000
X -0.999017, -0.023348, -0.037685
Y -0.044255, 0.574998, 0.816957
Z 0.002594, 0.817821, -0.575466

BONE 16
OFFSET 13.927052, 9.656400, -13.305631
SCALE 1.000000, 1.000000, 1.000000
X -0.999374, 0.034377, 0.008378
Y -0.032994, -0.819875, -0.571591
Z -0.012781, -0.571510, 0.820496

BONE 17
OFFSET 13.960633, 9.646681, -14.709142
SCALE 1.000000, 1.000000, 1.000000
X -0.999374, 0.034377, 0.008378
Y -0.032994, -0.819875, -0.571591
Z -0.012781, -0.571510, 0.820496

BONE 18
OFFSET 13.937080, 7.902511, -16.026573
SCALE 1.000000, 1.000000, 1.000000
X -0.999374, 0.034377, 0.008378
Y -0.032994, -0.819875, -0.571591
Z -0.012781, -0.571510, 0.820496

BONE 19
OFFSET 14.204700, -9.478220, -13.782300
SCALE 1.000000, 1.000000, 1.000000
X -0.999978, -0.002833, -0.005930
Y 0.005970, -0.014367, -0.999879
Z 0.002747, -0.999893, 0.014384

BONE 20
OFFSET 13.913222, 7.790254, -11.994512
SCALE 1.000000, 1.000000, 1.000000
X -0.994953, 0.016375, -0.098993
Y -0.100111, -0.228261, 0.968439
Z -0.006738, 0.973462, 0.228749

BONE 21
OFFSET 14.204700, -8.051010, -12.029100
SCALE 1.000000, 1.000000, 1.000000
X -0.999978, -0.002833, -0.005930
Y 0.005970, -0.014367, -0.999879
Z 0.002747, -0.999893, 0.014384

BONE 22
OFFSET 13.903831, 6.599633, -13.993959
SCALE 1.000000, 1.000000, 1.000000
X -0.989982, -0.110664, -0.087687
Y -0.140272, 0.841691, 0.521420
Z 0.016103, 0.528497, -0.848783

BONE 23
OFFSET 13.925000, -8.051010, -15.582100
SCALE 1.000000, 1.000000, 1.000000
X -0.999978, -0.002833, -0.005930
Y 0.005970, -0.014367, -0.999879
Z 0.002747, -0.999893, 0.014384

BONE 24
OFFSET 13.916733, 6.835275, -12.701301
SCALE 1.000000, 1.000000, 1.000000
X -0.993112, -0.113102, 0.030618
Y 0.116598, -0.979760, 0.162714
Z 0.011595, 0.165163, 0.986198

BONE 25
OFFSET 14.204700, -6.695920, -13.782300
SCALE 1.000000, 1.000000, 1.000000
X -0.999978, -0.002833, -0.005930
Y 0.005970, -0.014367, -0.999879
Z 0.002747, -0.999893, 0.014384

BONE 26
OFFSET 11.409465, 7.539282, -13.355571
SCALE 1.000000, 1.000000, 1.000000
X -0.012170, 0.081006, 0.996639
Y -0.997991, 0.060993, -0.017144
Z -0.062177, -0.994846, 0.080101

BONE 27
OFFSET 15.681066, 8.083884, -13.298973
SCALE 1.000000, 1.000000, 1.000000
X 0.658309, -0.385202, 0.646721
Y 0.505032, 0.863100, 0.000000
Z -0.558185, 0.326615, 0.762726

BONE 28
OFFSET 15.681100, -8.083880, -13.299000
SCALE 1.000000, 1.000000, 1.000000
X -0.658297, -0.385196, -0.646737
Y -0.505030, 0.863102, -0.000007
Z 0.558203, 0.326617, -0.762713

BONE 29
OFFSET 17.925886, 8.039220, -12.651483
SCALE 1.000000, 1.000000, 1.000000
X 0.718269, -0.687544, 0.106644
Y -0.686468, -0.725270, -0.052387
Z 0.113365, -0.035580, -0.992916

BONE 30
OFFSET 17.925900, -8.039220, -12.651500
SCALE 1.000000, 1.000000, 1.000000
X -0.718269, -0.687544, -0.106644
Y 0.686468, -0.725270, 0.052387
Z -0.113365, -0.035580, 0.992916

BONE 31
OFFSET 18.004137, 8.183416, -13.606516
SCALE 1.000000, 1.000000, 1.000000
X 0.608811, -0.792435, -0.037351
Y -0.793314, -0.608198, -0.027354
Z -0.001040, 0.046284, -0.998928

BONE 32
OFFSET 18.004101, -8.183420, -13.606500
SCALE 1.000000, 1.000000, 1.000000
X -0.608811, -0.792435, 0.037351
Y 0.793314, -0.608198, 0.027354
Z 0.001040, 0.046284, 0.998928

BONE 33
OFFSET 17.184677, 7.954404, -15.211886
SCALE 1.000000, 1.000000, 1.000000
X 0.529734, -0.810356, -0.250407
Y -0.830135, -0.555912, 0.042872
Z -0.173946, 0.185161, -0.967191

BONE 34
OFFSET 17.184700, -7.954400, -15.211900
SCALE 1.000000, 1.000000, 1.000000
X -0.529734, -0.810356, 0.250407
Y 0.830135, -0.555912, -0.042872
Z 0.173946, 0.185161, 0.967191

BONE 35
OFFSET 17.664848, 8.183416, -14.439293
SCALE 1.000000, 1.000000, 1.000000
X 0.584047, -0.805418, -0.100950
Y -0.804434, -0.590937, 0.060656
Z -0.108509, 0.045782, -0.993041

BONE 36
OFFSET 17.664801, -8.183420, -14.439300
SCALE 1.000000, 1.000000, 1.000000
X -0.584047, -0.805418, 0.100950
Y 0.804434, -0.590937, -0.060656
Z 0.108509, 0.045782, 0.993041

BONE 37
OFFSET 14.875848, 7.710863, -12.879861
SCALE 1.000000, 1.000000, 1.000000
X 0.509218, -0.522380, 0.683971
Y -0.435762, 0.528832, 0.728319
Z -0.742165, -0.668921, 0.041657

BONE 38
OFFSET 14.875800, -7.710860, -12.879900
SCALE 1.000000, 1.000000, 1.000000
X -0.509218, -0.522380, -0.683971
Y 0.435762, 0.528832, -0.728319
Z 0.742165, -0.668921, -0.041657

BONE 39
OFFSET 19.216225, 6.804076, -12.459901
SCALE 1.000000, 1.000000, 1.000000
X 0.353461, -0.929587, 0.104565
Y -0.933273, -0.358049, -0.028326
Z 0.063771, -0.087575, -0.994115

BONE 40
OFFSET 19.216200, -6.804080, -12.459900
SCALE 1.000000, 1.000000, 1.000000
X -0.353461, -0.929587, -0.104565
Y 0.933273, -0.358049, 0.028326
Z -0.063771, -0.087575, 0.994115

BONE 41
OFFSET 19.164862, 6.672606, -13.677727
SCALE 1.000000, 1.000000, 1.000000
X -0.210408, -0.977568, -0.009443
Y -0.976872, 0.209863, 0.040970
Z -0.038069, 0.017845, -0.999116

BONE 42
OFFSET 19.164900, -6.672610, -13.677700
SCALE 1.000000, 1.000000, 1.000000
X 0.210408, -0.977568, 0.009443
Y 0.976872, 0.209863, -0.040970
Z 0.038069, 0.017845, 0.999116

BONE 43
OFFSET 18.006935, 6.696562, -15.600571
SCALE 1.000000, 1.000000, 1.000000
X -0.277869, -0.955998, -0.094113
Y -0.949579, 0.258543, 0.177355
Z -0.145219, 0.138649, -0.979637

BONE 44
OFFSET 18.006901, -6.696560, -15.600600
SCALE 1.000000, 1.000000, 1.000000
X 0.277869, -0.955998, 0.094113
Y 0.949579, 0.258543, -0.177355
Z 0.145219, 0.138649, 0.979637

BONE 45
OFFSET 18.778358, 6.647854, -14.631760
SCALE 1.000000, 1.000000, 1.000000
X -0.181699, -0.980340, -0.076939
Y -0.982020, 0.176823, 0.066102
Z -0.051198, 0.087566, -0.994842

BONE 46
OFFSET 18.778400, -6.647850, -14.631800
SCALE 1.000000, 1.000000, 1.000000
X 0.181699, -0.980340, 0.076939
Y 0.982020, 0.176823, -0.066102
Z 0.051198, 0.087566, 0.994842

BONE 47
OFFSET 15.839471, 6.722331, -11.585542
SCALE 1.000000, 1.000000, 1.000000
X 0.726594, -0.645877, 0.234316
Y -0.243808, 0.076467, 0.966804
Z -0.642354, -0.759602, -0.101909

BONE 48
OFFSET 15.839500, -6.722330, -11.585500
SCALE 1.000000, 1.000000, 1.000000
X -0.726594, -0.645877, -0.234316
Y 0.243808, 0.076467, -0.966804
Z 0.642354, -0.759602, 0.101909

BONE 49
OFFSET 19.615650, 5.753605, -12.341739
SCALE 1.000000, 1.000000, 1.000000
X -0.298850, -0.952104, 0.064703
Y -0.952167, 0.292965, -0.086889
Z 0.063771, -0.087575, -0.994115

BONE 50
OFFSET 19.615601, -5.753600, -12.341700
SCALE 1.000000, 1.000000, 1.000000
X 0.298850, -0.952104, -0.064703
Y 0.952167, 0.292965, 0.086889
Z -0.063771, -0.087575, 0.994115

BONE 51
OFFSET 18.919899, 5.534503, -13.688720
SCALE 1.000000, 1.000000, 1.000000
X -0.701010, -0.713014, 0.013976
Y -0.712134, 0.700922, 0.039653
Z -0.038069, 0.017845, -0.999116

BONE 52
OFFSET 18.919901, -5.534500, -13.688700
SCALE 1.000000, 1.000000, 1.000000
X 0.701010, -0.713014, -0.013976
Y 0.712134, 0.700922, -0.039653
Z 0.038069, 0.017845, 0.999116

BONE 53
OFFSET 17.810663, 6.021297, -15.667048
SCALE 1.000000, 1.000000, 1.000000
X -0.783819, -0.616551, 0.074114
Y -0.582615, 0.771430, 0.255843
Z -0.214914, 0.157355, -0.963873

BONE 54
OFFSET 17.810699, -6.021300, -15.667000
SCALE 1.000000, 1.000000, 1.000000
X 0.783819, -0.616551, -0.074114
Y 0.582615, 0.771430, -0.255843
Z 0.214914, 0.157355, 0.963873

BONE 55
OFFSET 18.581259, 5.584419, -14.715219
SCALE 1.000000, 1.000000, 1.000000
X -0.704066, -0.709650, -0.026230
Y -0.708287, 0.699091, 0.097985
Z -0.051198, 0.087566, -0.994842

BONE 56
OFFSET 18.581301, -5.584420, -14.715200
SCALE 1.000000, 1.000000, 1.000000
X 0.704066, -0.709650, 0.026230
Y 0.708287, 0.699091, -0.097985
Z 0.051198, 0.087566, 0.994842

BONE 57
OFFSET 16.535604, 6.103530, -11.361050
SCALE 1.000000, 1.000000, 1.000000
X 0.738183, -0.577451, -0.348764
Y 0.206074, -0.299258, 0.931653
Z -0.642354, -0.759602, -0.101909

BONE 58
OFFSET 16.535601, -6.103530, -11.361000
SCALE 1.000000, 1.000000, 1.000000
X -0.738183, -0.577451, 0.348764
Y -0.206074, -0.299258, -0.931653
Z 0.642354, -0.759602, 0.101909

BONE 59
OFFSET 19.262676, 4.629073, -12.265317
SCALE 1.000000, 1.000000, 1.000000
X 1.000000, 0.000000, 0.000000
Y 0.000000, 1.000000, 0.000000
Z 0.000000, 0.000000, 1.000000

BONE 60
OFFSET 19.262699, -4.629070, -12.265300
SCALE 1.000000, 1.000000, 1.000000
X -1.000000, 0.000000, 0.000000
Y 0.000000, 1.000000, 0.000000
Z -0.000000, 0.000000, -1.000000

BONE 61
OFFSET 18.091934, 4.692360, -13.672214
SCALE 1.000000, 1.000000, 1.000000
X 1.000000, 0.000000, 0.000000
Y 0.000000, 1.000000, 0.000000
Z 0.000000, 0.000000, 1.000000

BONE 62
OFFSET 18.091900, -4.692360, -13.672200
SCALE 1.000000, 1.000000, 1.000000
X -1.000000, 0.000000, -0.000000
Y 0.000000, 1.000000, 0.000000
Z 0.000000, 0.000000, -1.000000

BONE 63
OFFSET 16.934456, 5.332073, -15.584198
SCALE 1.000000, 1.000000, 1.000000
X 1.000000, 0.000000, 0.000000
Y 0.000000, 1.000000, 0.000000
Z 0.000000, 0.000000, 1.000000

BONE 64
OFFSET 16.934500, -5.332070, -15.584200
SCALE 1.000000, 1.000000, 1.000000
X -1.000000, 0.000000, -0.000000
Y 0.000000, 1.000000, 0.000000
Z 0.000000, 0.000000, -1.000000

BONE 65
OFFSET 17.749685, 4.746249, -14.746200
SCALE 1.000000, 1.000000, 1.000000
X 1.000000, 0.000000, 0.000000
Y 0.000000, 1.000000, 0.000000
Z 0.000000, 0.000000, 1.000000

BONE 66
OFFSET 17.749701, -4.746250, -14.746200
SCALE 1.000000, 1.000000, 1.000000
X -1.000000, 0.000000, -0.000000
Y 0.000000, 1.000000, 0.000000
Z 0.000000, 0.000000, -1.000000

BONE 67
OFFSET 17.407475, 5.421502, -11.772975
SCALE 1.000000, 1.000000, 1.000000
X 1.000000, 0.000000, 0.000000
Y 0.000000, 1.000000, 0.000000
Z 0.000000, 0.000000, 1.000000

BONE 68
OFFSET 17.407499, -5.421500, -11.773000
SCALE 1.000000, 1.000000, 1.000000
X -1.000000, 0.000000, -0.000000
Y 0.000000, 1.000000, 0.000000
Z 0.000000, 0.000000, -1.000000

NUMVERTS 2293
VERT 0
OFFSET 11.032530, -8.367797, -16.373945
BONES 1
BONE 8 1.000000

VERT 1
OFFSET 11.043686, -8.866051, -16.213985
BONES 1
BONE 8 1.000000

VERT 2
OFFSET 11.046341, -9.240647, -15.835921
BONES 1
BONE 8 1.000000

VERT 3
OFFSET 11.046641, -9.473701, -15.280366
BONES 1
BONE 8 1.000000

VERT 4
OFFSET 11.059498, -9.642972, -14.568164
BONES 1
BONE 8 1.000000

VERT 5
OFFSET 11.110615, -9.652977, -13.560779
BONES 1
BONE 8 1.000000

VERT 6
OFFSET 11.089258, -9.395566, -12.765882
BONES 1
BONE 8 1.000000

VERT 7
OFFSET 11.134079, -9.069773, -12.319437
BONES 1
BONE 8 1.000000

VERT 8
OFFSET 11.136682, -8.454970, -12.155416
BONES 1
BONE 8 1.000000

VERT 9
OFFSET 11.141931, -7.782568, -12.257456
BONES 1
BONE 8 1.000000

VERT 10
OFFSET 11.143733, -7.138164, -12.406043
BONES 1
BONE 8 1.000000

VERT 11
OFFSET 11.136230, -6.681364, -12.617323
BONES 1
BONE 8 1.000000

VERT 12
OFFSET 11.113516, -6.374681, -12.985207
BONES 1
BONE 8 1.000000

VERT 13
OFFSET 11.065847, -6.119171, -13.589784
BONES 1
BONE 8 1.000000

VERT 14
OFFSET 11.004818, -6.120021, -14.391253
BONES 1
BONE 8 1.000000

VERT 15
OFFSET 10.910328, -6.260633, -15.052672
BONES 1
BONE 8 1.000000

VERT 16
OFFSET 10.767616, -6.558663, -15.588287
BONES 1
BONE 8 1.000000

VERT 17
OFFSET 11.091107, -6.847021, -15.994087
BONES 1
BONE 8 1.000000

VERT 18
OFFSET 11.015523, -7.160725, -16.262651
BONES 1
BONE 8 1.000000

VERT 19
OFFSET 12.599961, -8.327578, -16.569292
BONES 1
BONE 8 1.000000

VERT 20
OFFSET 12.591810, -8.712745, -16.381908
BONES 1
BONE 8 1.000000

VERT 21
OFFSET 12.577602, -9.102017, -15.998892
BONES 1
BONE 8 1.000000

VERT 22
OFFSET 12.628425, -9.348571, -15.457858
BONES 1
BONE 8 1.000000

VERT 23
OFFSET 12.876182, -9.415826, -14.794298
BONES 1
BONE 8 1.000000

VERT 24
OFFSET 12.960171, -9.636448, -13.688432
BONES 1
BONE 8 1.000000

VERT 25
OFFSET 13.032350, -9.420620, -12.932603
BONES 1
BONE 8 1.000000

VERT 26
OFFSET 13.094677, -8.980918, -12.508719
BONES 1
BONE 8 1.000000

VERT 27
OFFSET 13.100282, -8.403394, -12.286123
BONES 1
BONE 8 1.000000

VERT 28
OFFSET 13.095380, -7.773824, -12.259867
BONES 1
BONE 8 1.000000

VERT 29
OFFSET 13.110885, -7.171790, -12.415384
BONES 1
BONE 8 1.000000

VERT 30
OFFSET 13.109184, -6.714540, -12.643973
BONES 1
BONE 8 1.000000

VERT 31
OFFSET 13.033401, -6.396641, -13.015473
BONES 1
BONE 8 1.000000

VERT 32
OFFSET 12.934808, -6.195119, -13.675505
BONES 1
BONE 8 1.000000

VERT 33
OFFSET 12.800002, -6.191779, -14.579946
BONES 1
BONE 8 1.000000

VERT 34
OFFSET 12.715766, -6.354400, -15.239848
BONES 1
BONE 8 1.000000

VERT 35
OFFSET 12.661892, -6.775758, -15.924576
BONES 1
BONE 8 1.000000

VERT 36
OFFSET 12.610721, -7.001231, -16.328758
BONES 1
BONE 8 1.000000

VERT 37
OFFSET 12.599961, -7.338231, -16.563253
BONES 1
BONE 8 1.000000

VERT 38
OFFSET 12.699306, -8.292980, -16.461933
BONES 1
BONE 8 1.000000

VERT 39
OFFSET 12.699306, -8.648802, -16.290619
BONES 1
BONE 8 1.000000

VERT 40
OFFSET 12.696855, -9.013286, -15.935114
BONES 1
BONE 8 1.000000

VERT 41
OFFSET 12.693052, -9.222592, -15.473463
BONES 1
BONE 8 1.000000

VERT 42
OFFSET 12.733674, -9.413363, -14.783607
BONES 1
BONE 8 1.000000

VERT 43
OFFSET 12.858874, -9.525566, -13.729249
BONES 1
BONE 8 1.000000

VERT 44
OFFSET 12.952620, -9.330666, -13.035098
BONES 1
BONE 8 1.000000

VERT 45
OFFSET 13.020143, -8.929582, -12.616366
BONES 1
BONE 8 1.000000

VERT 46
OFFSET 13.014544, -8.378493, -12.408325
BONES 1
BONE 8 1.000000

VERT 47
OFFSET 13.018046, -7.780667, -12.408865
BONES 1
BONE 8 1.000000

VERT 48
OFFSET 13.025550, -7.230434, -12.523911
BONES 1
BONE 8 1.000000

VERT 49
OFFSET 13.021194, -6.779411, -12.727404
BONES 1
BONE 8 1.000000

VERT 50
OFFSET 12.950968, -6.456240, -13.103027
BONES 1
BONE 8 1.000000

VERT 51
OFFSET 12.843369, -6.305839, -13.722989
BONES 1
BONE 8 1.000000

VERT 52
OFFSET 12.734221, -6.313045, -14.587444
BONES 1
BONE 8 1.000000

VERT 53
OFFSET 12.689352, -6.432559, -15.206254
BONES 1
BONE 8 1.000000

VERT 54
OFFSET 12.696104, -6.845958, -15.849419
BONES 1
BONE 8 1.000000

VERT 55
OFFSET 12.699306, -7.066639, -16.235897
BONES 1
BONE 8 1.000000

VERT 56
OFFSET 12.699306, -7.379514, -16.456020
BONES 1
BONE 8 1.000000

VERT 57
OFFSET 12.103349, -8.151558, -15.991980
BONES 1
BONE 8 1.000000

VERT 58
OFFSET 12.103349, -8.504251, -15.872819
BONES 1
BONE 8 1.000000

VERT 59
OFFSET 12.096146, -8.744647, -15.634334
BONES 1
BONE 8 1.000000

VERT 60
OFFSET 12.069383, -9.009949, -15.222303
BONES 1
BONE 8 1.000000

VERT 61
OFFSET 12.095293, -9.139255, -14.646198
BONES 1
BONE 8 1.000000

VERT 62
OFFSET 12.205941, -9.162929, -13.813229
BONES 2
BONE 8 0.999996
BONE 14 0.000004

VERT 63
OFFSET 12.258917, -9.022405, -13.267549
BONES 1
BONE 8 1.000000

VERT 64
OFFSET 12.286028, -8.635249, -12.872477
BONES 1
BONE 8 1.000000

VERT 65
OFFSET 12.291532, -8.284048, -12.691049
BONES 1
BONE 8 1.000000

VERT 66
OFFSET 12.292179, -7.844486, -12.672529
BONES 1
BONE 8 1.000000

VERT 67
OFFSET 12.294582, -7.476431, -12.718708
BONES 1
BONE 8 1.000000

VERT 68
OFFSET 12.287428, -7.086191, -12.938821
BONES 1
BONE 8 1.000000

VERT 69
OFFSET 12.258718, -6.735990, -13.333080
BONES 1
BONE 8 1.000000

VERT 70
OFFSET 12.207842, -6.583263, -13.808938
BONES 1
BONE 8 1.000000

VERT 71
OFFSET 12.098248, -6.584438, -14.547482
BONES 1
BONE 8 1.000000

VERT 72
OFFSET 12.069383, -6.732779, -15.052809
BONES 1
BONE 8 1.000000

VERT 73
OFFSET 12.095648, -6.931978, -15.492538
BONES 1
BONE 8 1.000000

VERT 74
OFFSET 12.103349, -7.101447, -15.779694
BONES 1
BONE 8 1.000000

VERT 75
OFFSET 12.103349, -7.356109, -15.945549
BONES 1
BONE 8 1.000000

VERT 76
OFFSET 11.963136, -6.499833, -15.134226
BONES 1
BONE 8 1.000000

VERT 77
OFFSET 12.127306, -6.270242, -14.490899
BONES 1
BONE 8 1.000000

VERT 78
OFFSET 12.299785, -6.134610, -13.642123
BONES 1
BONE 8 1.000000

VERT 79
OFFSET 12.353209, -6.395253, -12.982183
BONES 1
BONE 8 1.000000

VERT 80
OFFSET 12.391121, -6.692276, -12.619933
BONES 1
BONE 8 1.000000

VERT 81
OFFSET 12.398877, -7.101377, -12.414193
BONES 1
BONE 8 1.000000

VERT 82
OFFSET 12.373363, -7.779738, -12.285054
BONES 1
BONE 8 1.000000

VERT 83
OFFSET 12.355059, -8.372834, -12.274117
BONES 1
BONE 8 1.000000

VERT 84
OFFSET 12.322096, -8.922211, -12.479557
BONES 1
BONE 8 1.000000

VERT 85
OFFSET 12.323394, -9.333540, -12.883832
BONES 1
BONE 8 1.000000

VERT 86
OFFSET 12.365962, -9.544931, -13.658568
BONES 1
BONE 8 1.000000

VERT 87
OFFSET 12.406632, -9.567525, -14.712809
BONES 1
BONE 8 1.000000

VERT 88
OFFSET 11.761950, -6.680499, -15.688204
BONES 1
BONE 8 1.000000

VERT 89
OFFSET 3.157962, -8.858911, -16.530378
BONES 1
BONE 8 1.000000

VERT 90
OFFSET 3.193276, -7.131045, -16.505466
BONES 1
BONE 8 1.000000

VERT 91
OFFSET 3.248049, -6.220329, -16.243652
BONES 1
BONE 8 1.000000

VERT 92
OFFSET 3.195577, -5.600958, -15.713122
BONES 1
BONE 8 1.000000

VERT 93
OFFSET 3.429779, -5.123051, -14.695519
BONES 1
BONE 8 1.000000

VERT 94
OFFSET 3.217537, -4.948675, -13.682879
BONES 1
BONE 8 1.000000

VERT 95
OFFSET 3.242699, -5.153365, -12.916047
BONES 1
BONE 8 1.000000

VERT 96
OFFSET 3.264557, -5.633593, -12.397120
BONES 1
BONE 8 1.000000

VERT 97
OFFSET 3.284667, -6.207744, -11.995446
BONES 1
BONE 8 1.000000

VERT 98
OFFSET 3.298223, -6.931158, -11.751142
BONES 1
BONE 8 1.000000

VERT 99
OFFSET 3.332086, -7.906032, -11.678858
BONES 1
BONE 8 1.000000

VERT 100
OFFSET 3.352094, -8.905128, -11.753791
BONES 1
BONE 8 1.000000

VERT 101
OFFSET 3.331086, -9.654656, -12.028212
BONES 1
BONE 8 1.000000

VERT 102
OFFSET 3.440334, -10.257421, -12.450544
BONES 1
BONE 8 1.000000

VERT 103
OFFSET 3.342392, -10.622026, -13.110581
BONES 1
BONE 8 1.000000

VERT 104
OFFSET 3.227341, -10.781947, -14.011171
BONES 1
BONE 8 1.000000

VERT 105
OFFSET 3.233042, -10.523185, -15.157581
BONES 1
BONE 8 1.000000

VERT 106
OFFSET 3.217036, -10.103002, -15.799910
BONES 1
BONE 8 1.000000

VERT 107
OFFSET 3.163912, -9.518459, -16.207890
BONES 1
BONE 8 1.000000

VERT 108
OFFSET 1.292551, -8.768157, -16.364044
BONES 2
BONE 4 0.188000
BONE 8 0.812000

VERT 109
OFFSET 1.280996, -7.141050, -16.357841
BONES 2
BONE 4 0.279920
BONE 8 0.720080

VERT 110
OFFSET 1.470526, -5.750996, -15.570300
BONES 2
BONE 4 0.222548
BONE 8 0.777452

VERT 111
OFFSET 1.606687, -5.177698, -14.607231
BONES 2
BONE 4 0.130341
BONE 8 0.869659

VERT 112
OFFSET 1.814576, -4.980562, -13.652666
BONES 2
BONE 4 0.210045
BONE 8 0.789955

VERT 113
OFFSET 1.950036, -5.232070, -12.930603
BONES 2
BONE 4 0.135710
BONE 8 0.864290

VERT 114
OFFSET 2.043076, -5.645848, -12.428934
BONES 2
BONE 4 0.257832
BONE 8 0.742168

VERT 115
OFFSET 2.217552, -7.054063, -11.851883
BONES 2
BONE 4 0.306170
BONE 8 0.693830

VERT 116
OFFSET 2.212151, -8.833085, -11.868543
BONES 2
BONE 4 0.315154
BONE 8 0.684846

VERT 117
OFFSET 2.087095, -10.325187, -12.439240
BONES 2
BONE 4 0.274600
BONE 8 0.725400

VERT 118
OFFSET 1.901016, -10.592651, -13.077416
BONES 2
BONE 4 0.139000
BONE 8 0.861000

VERT 119
OFFSET 1.758803, -10.758074, -13.948445
BONES 2
BONE 4 0.212000
BONE 8 0.788000

VERT 120
OFFSET 1.615740, -10.524625, -15.138473
BONES 2
BONE 4 0.100000
BONE 8 0.900000

VERT 121
OFFSET 1.471028, -10.064370, -15.673771
BONES 2
BONE 4 0.188640
BONE 8 0.811360

VERT 122
OFFSET -0.261674, -8.739844, -15.610718
BONES 2
BONE 4 0.750000
BONE 8 0.250000

VERT 123
OFFSET -0.261476, -7.150503, -15.617068
BONES 2
BONE 4 0.800000
BONE 8 0.200000

VERT 124
OFFSET 0.099383, -5.774455, -14.919266
BONES 2
BONE 4 0.587500
BONE 8 0.412500

VERT 125
OFFSET 0.978613, -5.105714, -13.446727
BONES 2
BONE 4 0.628565
BONE 8 0.371435

VERT 126
OFFSET 1.408049, -5.702525, -12.493464
BONES 2
BONE 4 0.659212
BONE 8 0.340788

VERT 127
OFFSET 1.748050, -7.028351, -11.883398
BONES 2
BONE 4 0.671246
BONE 8 0.328754

VERT 128
OFFSET 1.758803, -8.850191, -11.927815
BONES 2
BONE 4 0.669529
BONE 8 0.330471

VERT 129
OFFSET 1.486935, -10.331286, -12.425883
BONES 2
BONE 4 0.666160
BONE 8 0.333840

VERT 130
OFFSET 0.844606, -10.861621, -13.657719
BONES 2
BONE 4 0.672800
BONE 8 0.327200

VERT 131
OFFSET 0.100482, -10.131598, -15.010256
BONES 2
BONE 4 0.653200
BONE 8 0.346800

VERT 132
OFFSET -5.714294, -8.700727, -6.850860
BONES 1
BONE 4 1.000000

VERT 133
OFFSET -5.716196, -7.199625, -6.839755
BONES 1
BONE 4 1.000000

VERT 134
OFFSET -3.268433, -5.227818, -4.967692
BONES 1
BONE 4 1.000000

VERT 135
OFFSET -2.134889, -5.797114, -4.102866
BONES 1
BONE 4 1.000000

VERT 136
OFFSET -1.414626, -7.087275, -3.554028
BONES 1
BONE 4 1.000000

VERT 137
OFFSET -1.404173, -8.778811, -3.546074
BONES 1
BONE 4 1.000000

VERT 138
OFFSET -2.062409, -10.161912, -4.047893
BONES 1
BONE 4 1.000000

VERT 139
OFFSET -3.536447, -10.553835, -5.170730
BONES 1
BONE 4 1.000000

VERT 140
OFFSET 8.583921, -8.545210, -16.130499
BONES 1
BONE 8 1.000000

VERT 141
OFFSET 8.566860, -6.993851, -16.021053
BONES 1
BONE 8 1.000000

VERT 142
OFFSET 8.614835, -6.617818, -15.737972
BONES 1
BONE 8 1.000000

VERT 143
OFFSET 8.443006, -6.151013, -15.301861
BONES 1
BONE 8 1.000000

VERT 144
OFFSET 8.924517, -5.829671, -14.778516
BONES 1
BONE 8 1.000000

VERT 145
OFFSET 9.141912, -5.725227, -14.181723
BONES 1
BONE 8 1.000000

VERT 146
OFFSET 9.328791, -5.782702, -13.456120
BONES 1
BONE 8 1.000000

VERT 147
OFFSET 9.467555, -6.029510, -12.851268
BONES 1
BONE 8 1.000000

VERT 148
OFFSET 9.597111, -6.407922, -12.458796
BONES 1
BONE 8 1.000000

VERT 149
OFFSET 9.689252, -6.986876, -12.209188
BONES 1
BONE 8 1.000000

VERT 150
OFFSET 9.625172, -7.838350, -11.860980
BONES 1
BONE 8 1.000000

VERT 151
OFFSET 9.613114, -8.543709, -11.802226
BONES 1
BONE 8 1.000000

VERT 152
OFFSET 9.572451, -9.278206, -12.026011
BONES 1
BONE 8 1.000000

VERT 153
OFFSET 9.549989, -9.752514, -12.363955
BONES 1
BONE 8 1.000000

VERT 154
OFFSET 9.291178, -10.040588, -13.239738
BONES 1
BONE 8 1.000000

VERT 155
OFFSET 8.866239, -10.065199, -14.322106
BONES 1
BONE 8 1.000000

VERT 156
OFFSET 8.789608, -9.890122, -15.064130
BONES 1
BONE 8 1.000000

VERT 157
OFFSET 8.699269, -9.618705, -15.555993
BONES 1
BONE 8 1.000000

VERT 158
OFFSET 8.634840, -9.239341, -15.899893
BONES 1
BONE 8 1.000000

VERT 159
OFFSET 6.155365, -8.886484, -16.390469
BONES 1
BONE 8 1.000000

VERT 160
OFFSET 6.184627, -7.033704, -16.477406
BONES 1
BONE 8 1.000000

VERT 161
OFFSET 6.189126, -6.400308, -16.162668
BONES 1
BONE 8 1.000000

VERT 162
OFFSET 5.907956, -5.530263, -15.636390
BONES 1
BONE 8 1.000000

VERT 163
OFFSET 6.249152, -5.244431, -14.392338
BONES 1
BONE 8 1.000000

VERT 164
OFFSET 5.834275, -5.173204, -13.731700
BONES 1
BONE 8 1.000000

VERT 165
OFFSET 5.644093, -5.333274, -13.037700
BONES 1
BONE 8 1.000000

VERT 166
OFFSET 5.555902, -5.714888, -12.553939
BONES 1
BONE 8 1.000000

VERT 167
OFFSET 5.563906, -6.250901, -12.280219
BONES 1
BONE 8 1.000000

VERT 168
OFFSET 5.679056, -6.905275, -12.044767
BONES 1
BONE 8 1.000000

VERT 169
OFFSET 5.823372, -7.819394, -11.774951
BONES 1
BONE 8 1.000000

VERT 170
OFFSET 5.906706, -8.901941, -11.685562
BONES 1
BONE 8 1.000000

VERT 171
OFFSET 5.946373, -9.833584, -11.875594
BONES 1
BONE 8 1.000000

VERT 172
OFFSET 6.081480, -10.238260, -12.426085
BONES 1
BONE 8 1.000000

VERT 173
OFFSET 6.161366, -10.488770, -13.154399
BONES 1
BONE 8 1.000000

VERT 174
OFFSET 6.264910, -10.619529, -14.150074
BONES 1
BONE 8 1.000000

VERT 175
OFFSET 6.219440, -10.457846, -15.033319
BONES 1
BONE 8 1.000000

VERT 176
OFFSET 6.198732, -10.151459, -15.656923
BONES 1
BONE 8 1.000000

VERT 177
OFFSET 6.205484, -9.912034, -16.159067
BONES 1
BONE 8 1.000000

VERT 178
OFFSET 8.895452, -8.515099, -11.655315
BONES 1
BONE 8 1.000000

VERT 179
OFFSET 9.061780, -7.849707, -11.635357
BONES 1
BONE 8 1.000000

VERT 180
OFFSET 8.954181, -7.044226, -11.932031
BONES 1
BONE 8 1.000000

VERT 181
OFFSET 8.790708, -6.437464, -12.266120
BONES 1
BONE 8 1.000000

VERT 182
OFFSET 8.557405, -5.929505, -12.629822
BONES 1
BONE 8 1.000000

VERT 183
OFFSET 8.220209, -5.568049, -13.224881
BONES 1
BONE 8 1.000000

VERT 184
OFFSET 7.735352, -5.586108, -13.963302
BONES 1
BONE 8 1.000000

VERT 185
OFFSET 7.290306, -5.541737, -14.530697
BONES 1
BONE 8 1.000000

VERT 186
OFFSET 6.805095, -5.585306, -14.957517
BONES 1
BONE 8 1.000000

VERT 187
OFFSET 8.557855, -7.791033, -12.109396
BONES 1
BONE 8 1.000000

VERT 188
OFFSET 8.339011, -7.054592, -12.113148
BONES 1
BONE 8 1.000000

VERT 189
OFFSET 8.125568, -6.534063, -12.304381
BONES 1
BONE 8 1.000000

VERT 190
OFFSET 7.902772, -6.123689, -12.745372
BONES 1
BONE 8 1.000000

VERT 191
OFFSET 7.658319, -5.816858, -13.241988
BONES 1
BONE 8 1.000000

VERT 192
OFFSET 7.214222, -5.479458, -13.776970
BONES 1
BONE 8 1.000000

VERT 193
OFFSET 8.815368, -9.355242, -11.956881
BONES 1
BONE 8 1.000000

VERT 194
OFFSET 8.870444, -9.822344, -12.315836
BONES 1
BONE 8 1.000000

VERT 195
OFFSET 7.011786, -5.636428, -13.123186
BONES 1
BONE 8 1.000000

VERT 196
OFFSET 7.039696, -5.857774, -12.596857
BONES 1
BONE 8 1.000000

VERT 197
OFFSET 7.161304, -6.399954, -12.180127
BONES 1
BONE 8 1.000000

VERT 198
OFFSET 7.289255, -6.905575, -11.839229
BONES 1
BONE 8 1.000000

VERT 199
OFFSET 7.402759, -7.759518, -11.712573
BONES 1
BONE 8 1.000000

VERT 200
OFFSET 7.532663, -8.617440, -11.767248
BONES 1
BONE 8 1.000000

VERT 201
OFFSET 7.648413, -9.377451, -11.988993
BONES 1
BONE 8 1.000000

VERT 202
OFFSET 7.832444, -9.772972, -12.437087
BONES 1
BONE 8 1.000000

VERT 203
OFFSET 8.092456, -10.051891, -13.251192
BONES 1
BONE 8 1.000000

VERT 204
OFFSET 11.142502, -8.051237, -12.200094
BONES 1
BONE 8 1.000000

VERT 205
OFFSET 11.090544, -7.214650, -12.378222
BONES 1
BONE 8 1.000000

VERT 206
OFFSET 11.030139, -6.660077, -12.649361
BONES 1
BONE 8 1.000000

VERT 207
OFFSET 11.940626, -6.605602, -12.557459
BONES 1
BONE 8 1.000000

VERT 208
OFFSET 12.009393, -7.156886, -12.266298
BONES 1
BONE 8 1.000000

VERT 209
OFFSET 12.056179, -7.947032, -12.154387
BONES 1
BONE 8 1.000000

VERT 210
OFFSET 11.173482, -8.470583, -12.173802
BONES 1
BONE 8 1.000000

VERT 211
OFFSET 12.084101, -8.350787, -12.115980
BONES 1
BONE 8 1.000000

VERT 212
OFFSET 11.126282, -7.604398, -12.277130
BONES 1
BONE 8 1.000000

VERT 213
OFFSET 12.033309, -7.536039, -12.195087
BONES 1
BONE 8 1.000000

VERT 214
OFFSET 11.059083, -6.899802, -12.460087
BONES 1
BONE 8 1.000000

VERT 215
OFFSET 11.975776, -6.844913, -12.349889
BONES 1
BONE 8 1.000000

VERT 216
OFFSET 11.008032, -6.480972, -12.846323
BONES 1
BONE 8 1.000000

VERT 217
OFFSET 11.903399, -6.524000, -12.808893
BONES 1
BONE 8 1.000000

VERT 218
OFFSET 11.606513, -8.726706, -12.226555
BONES 1
BONE 8 1.000000

VERT 219
OFFSET 11.583090, -7.982786, -12.246372
BONES 1
BONE 8 1.000000

VERT 220
OFFSET 11.541603, -7.171490, -12.320587
BONES 1
BONE 8 1.000000

VERT 221
OFFSET 11.533577, -6.622134, -12.632684
BONES 1
BONE 8 1.000000

VERT 222
OFFSET 11.593513, -8.391790, -12.194221
BONES 1
BONE 8 1.000000

VERT 223
OFFSET 11.566155, -7.565836, -12.280266
BONES 1
BONE 8 1.000000

VERT 224
OFFSET 11.546656, -6.888325, -12.464148
BONES 1
BONE 8 1.000000

VERT 225
OFFSET 11.501155, -6.329093, -13.038969
BONES 1
BONE 8 1.000000

VERT 226
OFFSET 11.511434, -6.489004, -12.842558
BONES 1
BONE 8 1.000000

VERT 227
OFFSET 11.106818, -6.336020, -13.015237
BONES 1
BONE 8 1.000000

VERT 228
OFFSET 11.123494, -6.486397, -12.815723
BONES 1
BONE 8 1.000000

VERT 229
OFFSET 11.142376, -6.657953, -12.611198
BONES 1
BONE 8 1.000000

VERT 230
OFFSET 11.170298, -6.897522, -12.423440
BONES 1
BONE 8 1.000000

VERT 231
OFFSET 11.201753, -7.211970, -12.345463
BONES 1
BONE 8 1.000000

VERT 232
OFFSET 11.232600, -7.594164, -12.247126
BONES 1
BONE 8 1.000000

VERT 233
OFFSET 11.243756, -8.035428, -12.164354
BONES 1
BONE 8 1.000000

VERT 234
OFFSET 11.270411, -8.453414, -12.154687
BONES 1
BONE 8 1.000000

VERT 235
OFFSET 11.310360, -8.795148, -12.222730
BONES 1
BONE 8 1.000000

VERT 236
OFFSET 11.990132, -8.696699, -12.086048
BONES 1
BONE 8 1.000000

VERT 237
OFFSET 11.973283, -8.364907, -12.092710
BONES 1
BONE 8 1.000000

VERT 238
OFFSET 11.943197, -7.958507, -12.129394
BONES 1
BONE 8 1.000000

VERT 239
OFFSET 11.919204, -7.544024, -12.173464
BONES 1
BONE 8 1.000000

VERT 240
OFFSET 11.892165, -7.161298, -12.249920
BONES 1
BONE 8 1.000000

VERT 241
OFFSET 11.860710, -6.849007, -12.334168
BONES 1
BONE 8 1.000000

VERT 242
OFFSET 11.843224, -6.608335, -12.539024
BONES 1
BONE 8 1.000000

VERT 243
OFFSET 11.819781, -6.533309, -12.799856
BONES 1
BONE 8 1.000000

VERT 244
OFFSET 11.786254, -6.391778, -13.015954
BONES 1
BONE 8 1.000000

VERT 245
OFFSET 11.866735, -6.422265, -12.966666
BONES 1
BONE 8 1.000000

VERT 246
OFFSET 11.795152, -6.418817, -12.945951
BONES 1
BONE 8 1.000000

VERT 247
OFFSET 11.499317, -6.358386, -12.966104
BONES 1
BONE 8 1.000000

VERT 248
OFFSET 11.108315, -6.368424, -12.952019
BONES 1
BONE 8 1.000000

VERT 249
OFFSET 10.999381, -6.366141, -12.983917
BONES 1
BONE 8 1.000000

VERT 250
OFFSET 11.217769, -8.750056, -12.234524
BONES 1
BONE 8 1.000000

VERT 251
OFFSET 11.302587, -8.732566, -12.186140
BONES 1
BONE 8 1.000000

VERT 252
OFFSET 11.604104, -8.662994, -12.194383
BONES 1
BONE 8 1.000000

VERT 253
OFFSET 11.988932, -8.637078, -12.066712
BONES 1
BONE 8 1.000000

VERT 254
OFFSET 12.096212, -8.619663, -12.079631
BONES 1
BONE 8 1.000000

VERT 255
OFFSET 12.416184, -8.261685, -12.479608
BONES 1
BONE 8 1.000000

VERT 256
OFFSET 12.373916, -7.766610, -12.439363
BONES 1
BONE 8 1.000000

VERT 257
OFFSET 12.363867, -7.290598, -12.551931
BONES 1
BONE 8 1.000000

VERT 258
OFFSET 12.362262, -6.931383, -12.737630
BONES 1
BONE 8 1.000000

VERT 259
OFFSET 12.359462, -6.686570, -13.055345
BONES 1
BONE 8 1.000000

VERT 260
OFFSET 12.346707, -8.185442, -16.106323
BONES 1
BONE 8 1.000000

VERT 261
OFFSET 12.346707, -8.547318, -15.939175
BONES 1
BONE 8 1.000000

VERT 262
OFFSET 12.346707, -8.796638, -15.638335
BONES 1
BONE 8 1.000000

VERT 263
OFFSET 12.343603, -8.977391, -15.151909
BONES 1
BONE 8 1.000000

VERT 264
OFFSET 12.337505, -9.079193, -14.501235
BONES 1
BONE 8 1.000000

VERT 265
OFFSET 12.357208, -9.237662, -13.583036
BONES 1
BONE 8 1.000000

VERT 266
OFFSET 12.369218, -9.117310, -12.899139
BONES 1
BONE 8 1.000000

VERT 267
OFFSET 12.413535, -8.665361, -12.643428
BONES 1
BONE 8 1.000000

VERT 268
OFFSET 12.348709, -6.522063, -13.602891
BONES 1
BONE 8 1.000000

VERT 269
OFFSET 12.304687, -6.535427, -14.364266
BONES 1
BONE 8 1.000000

VERT 270
OFFSET 12.279876, -6.677156, -14.962277
BONES 1
BONE 8 1.000000

VERT 271
OFFSET 12.269021, -6.919867, -15.485218
BONES 1
BONE 8 1.000000

VERT 272
OFFSET 12.302188, -7.066198, -15.837444
BONES 1
BONE 8 1.000000

VERT 273
OFFSET 12.339253, -7.341187, -16.061396
BONES 1
BONE 8 1.000000

VERT 274
OFFSET 12.346707, -7.737534, -16.137247
BONES 1
BONE 8 1.000000

VERT 275
OFFSET 13.547665, -8.296594, -16.375456
BONES 1
BONE 8 1.000000

VERT 276
OFFSET 13.529859, -8.610637, -16.151409
BONES 1
BONE 8 1.000000

VERT 277
OFFSET 13.587283, -8.814702, -15.803708
BONES 1
BONE 8 1.000000

VERT 278
OFFSET 13.613194, -8.993975, -15.239405
BONES 1
BONE 8 1.000000

VERT 279
OFFSET 13.640569, -9.174569, -14.646548
BONES 1
BONE 8 1.000000

VERT 280
OFFSET 13.707746, -9.355326, -13.737548
BONES 2
BONE 8 1.000000
BONE 14 0.000000

VERT 281
OFFSET 13.774979, -9.248739, -12.976072
BONES 1
BONE 8 1.000000

VERT 282
OFFSET 13.887527, -8.822331, -12.652431
BONES 1
BONE 8 1.000000

VERT 283
OFFSET 13.887923, -8.296802, -12.486309
BONES 1
BONE 8 1.000000

VERT 284
OFFSET 13.852912, -7.863668, -12.322039
BONES 1
BONE 8 1.000000

VERT 285
OFFSET 13.851609, -7.362636, -12.415360
BONES 1
BONE 8 1.000000

VERT 286
OFFSET 13.846755, -6.973237, -12.617664
BONES 1
BONE 8 1.000000

VERT 287
OFFSET 13.774726, -6.678685, -12.971439
BONES 1
BONE 8 1.000000

VERT 288
OFFSET 13.688642, -6.438046, -13.693661
BONES 1
BONE 8 1.000000

VERT 289
OFFSET 13.631035, -6.686002, -14.517183
BONES 1
BONE 8 1.000000

VERT 290
OFFSET 13.558850, -6.784857, -15.184338
BONES 1
BONE 8 1.000000

VERT 291
OFFSET 13.518733, -6.995968, -15.771294
BONES 1
BONE 8 1.000000

VERT 292
OFFSET 13.502777, -7.199025, -16.148308
BONES 1
BONE 8 1.000000

VERT 293
OFFSET 13.514330, -7.479801, -16.373755
BONES 1
BONE 8 1.000000

VERT 294
OFFSET 13.547665, -7.883799, -16.451239
BONES 1
BONE 8 1.000000

VERT 295
OFFSET 13.594985, -8.280169, -16.273460
BONES 1
BONE 8 1.000000

VERT 296
OFFSET 13.575274, -8.568627, -16.060669
BONES 1
BONE 8 1.000000

VERT 297
OFFSET 13.628302, -8.753354, -15.736527
BONES 1
BONE 8 1.000000

VERT 298
OFFSET 13.609492, -8.918642, -15.262002
BONES 1
BONE 8 1.000000

VERT 299
OFFSET 13.520019, -9.086473, -14.634643
BONES 1
BONE 8 1.000000

VERT 300
OFFSET 13.623706, -9.265301, -13.705135
BONES 3
BONE 4 0.000000
BONE 8 0.999992
BONE 14 0.000007

VERT 301
OFFSET 13.753165, -9.165195, -13.035949
BONES 1
BONE 8 1.000000

VERT 302
OFFSET 13.857160, -8.786572, -12.704003
BONES 1
BONE 8 1.000000

VERT 303
OFFSET 13.849308, -8.295693, -12.541734
BONES 1
BONE 8 1.000000

VERT 304
OFFSET 13.827700, -7.862449, -12.410275
BONES 1
BONE 8 1.000000

VERT 305
OFFSET 13.831400, -7.374242, -12.511055
BONES 1
BONE 8 1.000000

VERT 306
OFFSET 13.817793, -7.008662, -12.721872
BONES 1
BONE 8 1.000000

VERT 307
OFFSET 13.749718, -6.727984, -13.071138
BONES 1
BONE 8 1.000000

VERT 308
OFFSET 13.691487, -6.499959, -13.697186
BONES 1
BONE 8 1.000000

VERT 309
OFFSET 13.622078, -6.758208, -14.523070
BONES 1
BONE 8 1.000000

VERT 310
OFFSET 13.580963, -6.851395, -15.165831
BONES 1
BONE 8 1.000000

VERT 311
OFFSET 13.585211, -7.046611, -15.727573
BONES 1
BONE 8 1.000000

VERT 312
OFFSET 13.587662, -7.237643, -16.089832
BONES 1
BONE 8 1.000000

VERT 313
OFFSET 13.566822, -7.503320, -16.297571
BONES 1
BONE 8 1.000000

VERT 314
OFFSET 13.562971, -7.887187, -16.364300
BONES 1
BONE 8 1.000000

VERT 315
OFFSET 12.697311, -8.225945, -15.385476
BONES 1
BONE 8 1.000000

VERT 316
OFFSET 12.910898, -8.396154, -15.645488
BONES 1
BONE 8 1.000000

VERT 317
OFFSET 12.888791, -8.514188, -15.432096
BONES 1
BONE 8 1.000000

VERT 318
OFFSET 12.797100, -8.634000, -15.099821
BONES 1
BONE 8 1.000000

VERT 319
OFFSET 12.912905, -8.824926, -14.607270
BONES 1
BONE 8 1.000000

VERT 320
OFFSET 12.750633, -8.902777, -14.020325
BONES 1
BONE 8 1.000000

VERT 321
OFFSET 12.802056, -8.928311, -13.430920
BONES 1
BONE 8 1.000000

VERT 322
OFFSET 12.818613, -8.549662, -13.055707
BONES 1
BONE 8 1.000000

VERT 323
OFFSET 12.823413, -8.371079, -12.831460
BONES 1
BONE 8 1.000000

VERT 324
OFFSET 12.822211, -8.011504, -12.816917
BONES 1
BONE 8 1.000000

VERT 325
OFFSET 12.820913, -7.569206, -12.936961
BONES 1
BONE 8 1.000000

VERT 326
OFFSET 12.820163, -7.269615, -13.106968
BONES 1
BONE 8 1.000000

VERT 327
OFFSET 12.817063, -7.107313, -13.423188
BONES 1
BONE 8 1.000000

VERT 328
OFFSET 12.788948, -7.006998, -13.795283
BONES 1
BONE 8 1.000000

VERT 329
OFFSET 12.696158, -7.016673, -14.441032
BONES 1
BONE 8 1.000000

VERT 330
OFFSET 12.679950, -7.081144, -14.880475
BONES 1
BONE 8 1.000000

VERT 331
OFFSET 12.713568, -7.226127, -15.274456
BONES 1
BONE 8 1.000000

VERT 332
OFFSET 12.722122, -7.372786, -15.520845
BONES 1
BONE 8 1.000000

VERT 333
OFFSET 12.722122, -7.577130, -15.663907
BONES 1
BONE 8 1.000000

VERT 334
OFFSET 12.714564, -7.847256, -15.703183
BONES 1
BONE 8 1.000000

VERT 335
OFFSET 13.843307, -7.577548, -12.370590
BONES 1
BONE 8 1.000000

VERT 336
OFFSET 13.790538, -7.573841, -12.407719
BONES 1
BONE 8 1.000000

VERT 337
OFFSET 13.854264, -7.149806, -12.497274
BONES 1
BONE 8 1.000000

VERT 338
OFFSET 13.789588, -7.151152, -12.534236
BONES 1
BONE 8 1.000000

VERT 339
OFFSET 13.870220, -8.078594, -12.390118
BONES 1
BONE 8 1.000000

VERT 340
OFFSET 13.804895, -8.078910, -12.416430
BONES 1
