// Export filename: `C:/cod5/cod/cod5/xanim_export/viewmodel/US/bayonet/viewmodel_bayonet_thrust.XANIM_EXPORT`
// Source filename: `C:/cod5/cod/cod5/animation_assets/viewmodel/US/m1_garand/viewmodelanimation_m1garand.mb`
// Export time: Wed Jul 02 20:45:21 2008

ANIMATION
VERSION 3

NUMPARTS 84
PART 0 "RingPalm_FK_LE"
PART 1 "RingPalm_SDK_LE"
PART 2 "RingPalm_FK_RI"
PART 3 "RingPalm_SDK_RI"
PART 4 "tag_torso"
PART 5 "J_Shoulder_LE"
PART 6 "J_Elbow_LE"
PART 7 "J_WristTwist_LE"
PART 8 "J_Sleave_Reshape_Bottom_LE_1"
PART 9 "J_Sleave_Reshape_Bottom_LE_2"
PART 10 "J_Sleave_Reshape_Top_LE_1"
PART 11 "J_Sleave_Reshape_Top_LE_2"
PART 12 "J_Sleave_Reshape_Top_LE_3"
PART 13 "J_Wrist_LE"
PART 14 "J_Thumb_LE_0"
PART 15 "J_Thumb_LE_1"
PART 16 "J_Thumb_LE_2"
PART 17 "J_Thumb_LE_3"
PART 18 "J_PinkyPalm_LE"
PART 19 "J_Pinky_LE_0"
PART 20 "J_Pinky_LE_1"
PART 21 "J_Pinky_LE_2"
PART 22 "J_Pinky_LE_3"
PART 23 "J_RingPalm_LE"
PART 24 "J_Ring_LE_0"
PART 25 "J_Ring_LE_1"
PART 26 "J_Ring_LE_2"
PART 27 "J_Ring_LE_3"
PART 28 "J_Webbing_LE"
PART 29 "J_Index_LE_0"
PART 30 "J_Index_LE_1"
PART 31 "J_Index_LE_2"
PART 32 "J_Index_LE_3"
PART 33 "J_Mid_LE_0"
PART 34 "J_Mid_LE_1"
PART 35 "J_Mid_LE_2"
PART 36 "J_Mid_LE_3"
PART 37 "tag_weapon"
PART 38 "J_Shoulder_RI"
PART 39 "J_Elbow_RI"
PART 40 "J_WristTwist_RI"
PART 41 "J_Sleave_Reshape_Top_RI_3"
PART 42 "J_Sleave_Reshape_Top_RI_2"
PART 43 "J_Sleave_Reshape_Top_RI_1"
PART 44 "J_Wrist_RI"
PART 45 "J_Thumb_RI_0"
PART 46 "J_Thumb_RI_1"
PART 47 "J_Thumb_RI_2"
PART 48 "J_Thumb_RI_3"
PART 49 "J_PinkyPalm_RI"
PART 50 "J_Pinky_RI_0"
PART 51 "J_Pinky_RI_1"
PART 52 "J_Pinky_RI_2"
PART 53 "J_Pinky_RI_3"
PART 54 "J_RingPalm_RI"
PART 55 "J_Ring_RI_0"
PART 56 "J_Ring_RI_1"
PART 57 "J_Ring_RI_2"
PART 58 "J_Ring_RI_3"
PART 59 "J_Webbing_RI"
PART 60 "J_Index_RI_0"
PART 61 "J_Index_RI_1"
PART 62 "J_Index_RI_2"
PART 63 "J_Index_RI_3"
PART 64 "J_Mid_RI_0"
PART 65 "J_Mid_RI_1"
PART 66 "J_Mid_RI_2"
PART 67 "J_Mid_RI_3"
PART 68 "tag_cambone"
PART 69 "tag_camera"
PART 70 "tag_gasmask"
PART 71 "J_Gun"
PART 72 "tag_brass"
PART 73 "J_Bolt"
PART 74 "tag_flash"
PART 75 "j_stripper"
PART 76 "J_Clip"
PART 77 "TAG_APERTURE"
PART 78 "tag_bayonet"
PART 79 "tag_grenade"
PART 80 "tag_grenade_mount"
PART 81 "TAG_TELESCOPIC"
PART 82 "TAG_IRON_SIGHTS"
PART 83 "TAG_SUPPRESSOR"

FRAMERATE 24
NUMFRAMES 30

FRAME 511
PART 0
OFFSET 7.1317 -5.1151 -16.2023
SCALE 1 1 1
X 0.8109 -0.5852 -0.0053
Y -0.4245 -0.5944 0.6830
Z -0.4028 -0.5516 -0.7304

PART 1
OFFSET 7.1317 -5.1151 -16.2023
SCALE 1 1 1
X 0.8109 -0.5852 -0.0053
Y -0.4245 -0.5944 0.6830
Z -0.4028 -0.5516 -0.7304

PART 2
OFFSET -9.4734 -9.2678 -20.5419
SCALE 1 1 1
X -0.9803 -0.1659 0.1074
Y 0.1482 -0.9766 -0.1558
Z 0.1307 -0.1369 0.9819

PART 3
OFFSET -9.4734 -9.2678 -20.5419
SCALE 1 1 1
X -0.9803 -0.1659 0.1074
Y 0.1482 -0.9766 -0.1558
Z 0.1307 -0.1369 0.9819

PART 4
OFFSET 3.8227 -3.1050 -3.3894
SCALE 1 1 1
X 1.0000 0.0000 0.0000
Y 0.0000 1.0000 0.0000
Z 0.0000 -0.0000 1.0000

PART 5
OFFSET 6.1547 -0.8126 -10.9594
SCALE 1 1 1
X -0.5973 0.4020 -0.6940
Y -0.5293 -0.8477 -0.0354
Z -0.6025 0.3462 0.7191

PART 6
OFFSET -1.0693 4.0487 -19.3525
SCALE 1 1 1
X 0.6397 -0.7218 0.2641
Y 0.0967 0.4164 0.9040
Z -0.7625 -0.5528 0.3361

PART 7
OFFSET 4.3716 -2.0909 -17.1066
SCALE 1 1 1
X 0.6397 -0.7218 0.2641
Y 0.3706 0.5906 0.7168
Z -0.6734 -0.3607 0.6453

PART 8
OFFSET 6.0487 -2.6872 -18.1209
SCALE 1 1 1
X 0.6412 -0.7228 0.2577
Y 0.7592 0.5488 -0.3498
Z 0.1114 0.4200 0.9007

PART 9
OFFSET 4.1433 -3.7226 -17.7818
SCALE 1 1 1
X 0.6412 -0.7228 0.2577
Y 0.7592 0.5488 -0.3498
Z 0.1114 0.4200 0.9007

PART 10
OFFSET 6.3974 -2.2168 -15.6927
SCALE 1 1 1
X 0.6412 -0.7228 0.2577
Y 0.7592 0.5488 -0.3498
Z 0.1114 0.4200 0.9007

PART 11
OFFSET 5.2994 -2.8909 -15.2565
SCALE 1 1 1
X 0.6412 -0.7228 0.2577
Y 0.7592 0.5488 -0.3498
Z 0.1114 0.4200 0.9007

PART 12
OFFSET 4.2914 -3.4270 -15.7268
SCALE 1 1 1
X 0.6412 -0.7228 0.2577
Y 0.7592 0.5488 -0.3498
Z 0.1114 0.4200 0.9007

PART 13
OFFSET 6.3327 -4.3038 -16.2972
SCALE 1 1 1
X 0.8461 -0.4469 0.2906
Y 0.1764 0.7490 0.6386
Z -0.5031 -0.4891 0.7126

PART 14
OFFSET 6.6769 -3.9828 -15.2576
SCALE 1 1 1
X 0.4380 -0.2406 0.8662
Y -0.3129 0.8625 0.3978
Z -0.8428 -0.4452 0.3025

PART 15
OFFSET 7.5440 -4.4407 -13.3319
SCALE 1 1 1
X 0.6179 -0.3196 0.7184
Y -0.3834 0.6752 0.6301
Z -0.6864 -0.6648 0.2947

PART 16
OFFSET 8.4875 -5.0713 -12.1767
SCALE 1 1 1
X 0.4810 -0.3169 0.8174
Y -0.3939 0.7549 0.5244
Z -0.7832 -0.5742 0.2383

PART 17
OFFSET 8.9652 -5.4274 -11.2729
SCALE 1 1 1
X 0.7770 0.2905 0.5584
Y 0.4350 0.3933 -0.8100
Z -0.4549 0.8723 0.1792

PART 18
OFFSET 6.7582 -5.5829 -16.5911
SCALE 1 1 1
X 0.7080 -0.6470 -0.2830
Y -0.3796 -0.6866 0.6201
Z -0.5955 -0.3316 -0.7317

PART 19
OFFSET 8.3891 -7.0725 -17.0444
SCALE 1 1 1
X -0.3674 -0.7148 0.5950
Y -0.9201 0.3729 -0.1202
Z -0.1359 -0.5916 -0.7947

PART 20
OFFSET 7.8689 -8.0846 -16.2021
SCALE 1 1 1
X -0.9437 -0.1544 0.2925
Y -0.3034 0.7563 -0.5797
Z -0.1317 -0.6358 -0.7605

PART 21
OFFSET 7.0322 -8.2215 -15.9427
SCALE 1 1 1
X -0.9421 -0.1676 0.2906
Y -0.3034 0.7954 -0.5248
Z -0.1431 -0.5825 -0.8001

PART 22
OFFSET 6.1372 -8.3807 -15.6666
SCALE 1 1 1
X 0.9317 -0.2868 0.2229
Y 0.3591 0.6347 -0.6843
Z 0.0548 0.7176 0.6943

PART 23
OFFSET 7.1317 -5.1151 -16.2023
SCALE 1 1 1
X 0.8109 -0.5852 -0.0053
Y -0.4245 -0.5944 0.6830
Z -0.4028 -0.5516 -0.7304

PART 24
OFFSET 9.1858 -6.7026 -16.3395
SCALE 1 1 1
X 0.0285 -0.7232 0.6901
Y -0.9835 0.1031 0.1486
Z -0.1786 -0.6829 -0.7083

PART 25
OFFSET 9.2343 -7.9338 -15.1647
SCALE 1 1 1
X -0.9235 -0.1315 0.3603
Y -0.3441 0.6992 -0.6267
Z -0.1695 -0.7027 -0.6909

PART 26
OFFSET 7.9544 -8.1161 -14.6653
SCALE 1 1 1
X -0.9613 -0.0443 0.2718
Y -0.2215 0.7106 -0.6678
Z -0.1636 -0.7022 -0.6929

PART 27
OFFSET 6.9118 -8.1641 -14.3705
SCALE 1 1 1
X 0.9061 -0.4042 0.1247
Y 0.3767 0.6370 -0.6725
Z 0.1924 0.6564 0.7295

PART 28
OFFSET 8.9513 -4.7544 -14.0055
SCALE 1 1 1
X 0.6221 -0.7014 0.3480
Y 0.7337 0.3670 -0.5719
Z 0.2734 0.6111 0.7429

PART 29
OFFSET 9.9494 -5.2986 -14.9482
SCALE 1 1 1
X 0.5061 -0.7160 0.4809
Y -0.8357 -0.2692 0.4786
Z -0.2132 -0.6441 -0.7346

PART 30
OFFSET 10.8404 -6.5592 -14.1014
SCALE 1 1 1
X -0.6784 -0.4862 0.5507
Y -0.7147 0.6103 -0.3416
Z -0.1700 -0.6254 -0.7616

PART 31
OFFSET 10.0260 -7.1123 -13.3856
SCALE 1 1 1
X -0.9078 -0.1258 0.4000
Y -0.3497 0.7535 -0.5567
Z -0.2314 -0.6453 -0.7281

PART 32
OFFSET 9.0006 -7.2544 -12.9337
SCALE 1 1 1
X 0.5461 -0.8208 0.1675
Y 0.7841 0.4305 -0.4471
Z 0.2948 0.3755 0.8787

PART 33
OFFSET 9.5777 -6.1513 -15.5441
SCALE 1 1 1
X 0.3563 -0.6520 0.6694
Y -0.9191 -0.1154 0.3768
Z -0.1684 -0.7494 -0.6403

PART 34
OFFSET 10.2736 -7.4249 -14.2365
SCALE 1 1 1
X -0.9038 -0.1253 0.4091
Y -0.3793 0.6772 -0.6306
Z -0.1980 -0.7251 -0.6596

PART 35
OFFSET 8.9535 -7.6079 -13.6390
SCALE 1 1 1
X -0.9336 -0.0915 0.3465
Y -0.3016 0.7227 -0.6218
Z -0.1936 -0.6850 -0.7023

PART 36
OFFSET 7.8949 -7.7169 -13.2510
SCALE 1 1 1
X 0.9209 -0.3477 0.1763
Y 0.3546 0.5592 -0.7493
Z 0.1619 0.7526 0.6383

PART 37
OFFSET 1.1818 -6.9555 -15.7004
SCALE 1 1 1
X 0.9759 0.0575 0.2106
Y -0.1007 0.9745 0.2005
Z -0.1938 -0.2169 0.9568

PART 38
OFFSET -11.0615 -3.5648 -2.9073
SCALE 1 1 1
X 0.4781 0.5945 0.6465
Y 0.1606 -0.7828 0.6011
Z 0.8635 -0.1836 -0.4698

PART 39
OFFSET -16.8435 -10.7550 -10.7260
SCALE 1 1 1
X -0.5418 -0.1066 0.8337
Y -0.6099 -0.6326 -0.4772
Z 0.5783 -0.7671 0.2777

PART 40
OFFSET -12.2355 -9.8484 -17.8173
SCALE 1 1 1
X -0.5418 -0.1066 0.8337
Y -0.8371 -0.0206 -0.5466
Z 0.0754 -0.9941 -0.0781

PART 41
OFFSET -11.8752 -8.2890 -19.1084
SCALE 1 1 1
X -0.5397 -0.1007 0.8358
Y -0.5680 0.7764 -0.2732
Z -0.6214 -0.6222 -0.4762

PART 42
OFFSET -10.6782 -8.2997 -18.7914
SCALE 1 1 1
X -0.5397 -0.1007 0.8358
Y -0.5680 0.7764 -0.2732
Z -0.6214 -0.6222 -0.4762

PART 43
OFFSET -9.7942 -9.6064 -18.5019
SCALE 1 1 1
X -0.5397 -0.1007 0.8358
Y -0.5680 0.7764 -0.2732
Z -0.6214 -0.6222 -0.4762

PART 44
OFFSET -10.5746 -9.5216 -20.3733
SCALE 1 1 1
X -0.9760 -0.0959 -0.1956
Y 0.1703 0.2239 -0.9596
Z 0.1358 -0.9699 -0.2022

PART 45
OFFSET -10.3557 -9.2963 -19.2762
SCALE 1 1 1
X -0.2271 -0.5475 -0.8054
Y 0.7492 0.4301 -0.5037
Z 0.6222 -0.7178 0.3125

PART 46
OFFSET -9.9749 -8.1177 -17.5054
SCALE 1 1 1
X -0.8138 -0.4917 -0.3097
Y 0.4283 -0.1474 -0.8915
Z 0.3927 -0.8582 0.3305

PART 47
OFFSET -8.6795 -7.2366 -17.0956
SCALE 1 1 1
X -0.8503 -0.4504 0.2721
Y -0.0762 -0.4063 -0.9106
Z 0.5207 -0.7950 0.3112

PART 48
OFFSET -7.7825 -6.7063 -17.3887
SCALE 1 1 1
X -0.9779 0.0944 -0.1866
Y 0.1183 0.9856 -0.1210
Z 0.1725 -0.1404 -0.9749

PART 49
OFFSET -9.5938 -9.0047 -21.1945
SCALE 1 1 1
X -0.8916 -0.2481 0.3788
Y 0.1989 -0.9661 -0.1646
Z 0.4068 -0.0715 0.9107

PART 50
OFFSET -7.5557 -8.3392 -21.8927
SCALE 1 1 1
X -0.6733 -0.7392 0.0134
Y 0.7083 -0.6501 -0.2750
Z 0.2120 -0.1757 0.9614

PART 51
OFFSET -6.6024 -7.2926 -21.9116
SCALE 1 1 1
X 0.4443 -0.8607 -0.2487
Y 0.8814 0.4696 -0.0507
Z 0.1604 -0.1967 0.9672

PART 52
OFFSET -6.9963 -6.5295 -21.6911
SCALE 1 1 1
X 0.9656 -0.1136 -0.2337
Y 0.1462 0.9810 0.1274
Z 0.2148 -0.1572 0.9639

PART 53
OFFSET -7.9137 -6.4216 -21.4691
SCALE 1 1 1
X -0.8614 -0.5062 -0.0406
Y -0.4839 0.7938 0.3684
Z -0.1543 0.3370 -0.9288

PART 54
OFFSET -9.4734 -9.2678 -20.5419
SCALE 1 1 1
X -0.9803 -0.1659 0.1074
Y 0.1482 -0.9766 -0.1558
Z 0.1307 -0.1369 0.9819

PART 55
OFFSET -6.9453 -8.8386 -20.9699
SCALE 1 1 1
X -0.6195 -0.7838 -0.0438
Y 0.7681 -0.5937 -0.2399
Z 0.1620 -0.1823 0.9698

PART 56
OFFSET -5.8906 -7.5042 -20.8953
SCALE 1 1 1
X 0.5462 -0.8020 -0.2419
Y 0.8261 0.5636 -0.0033
Z 0.1390 -0.1980 0.9703

PART 57
OFFSET -6.6476 -6.3927 -20.5600
SCALE 1 1 1
X 0.9851 -0.0793 -0.1528
Y 0.1066 0.9779 0.1796
Z 0.1352 -0.1933 0.9718

PART 58
OFFSET -7.7159 -6.3067 -20.3943
SCALE 1 1 1
X -0.8613 -0.5032 0.0704
Y -0.4832 0.8540 0.1928
Z -0.1572 0.1321 -0.9787

PART 59
OFFSET -14.7078 -10.6298 -20.4841
SCALE 1 1 1
X -0.9135 -0.4032 -0.0546
Y -0.4068 0.9081 0.0990
Z 0.0097 0.1127 -0.9936

PART 60
OFFSET -6.8496 -9.6773 -18.9627
SCALE 1 1 1
X -0.9962 0.0727 -0.0487
Y -0.0654 -0.9884 -0.1368
Z -0.0581 -0.1331 0.9894

PART 61
OFFSET -5.0957 -9.8052 -18.8768
SCALE 1 1 1
X -0.9515 -0.2993 -0.0717
Y 0.3037 -0.9508 -0.0610
Z -0.0499 -0.0798 0.9956

PART 62
OFFSET -3.9420 -9.4462 -18.7292
SCALE 1 1 1
X -0.6850 -0.7101 -0.1626
Y 0.7201 -0.6938 -0.0039
Z -0.1100 -0.1198 0.9867

PART 63
OFFSET -3.1683 -8.6441 -18.5455
SCALE 1 1 1
X -0.4580 0.8238 0.3340
Y 0.8773 0.4795 0.0205
Z -0.1433 0.3024 -0.9424

PART 64
OFFSET -6.7933 -9.2706 -19.9883
SCALE 1 1 1
X -0.5159 -0.8201 -0.2474
Y 0.8472 -0.5313 -0.0056
Z -0.1268 -0.2125 0.9689

PART 65
OFFSET -5.7854 -7.6684 -19.5050
SCALE 1 1 1
X 0.5408 -0.8339 -0.1106
Y 0.8362 0.5185 0.1789
Z -0.0918 -0.1892 0.9776

PART 66
OFFSET -6.5752 -6.4504 -19.3435
SCALE 1 1 1
X 0.9841 -0.1735 0.0375
Y 0.1663 0.9749 0.1481
Z -0.0622 -0.1396 0.9883

PART 67
OFFSET -7.6893 -6.2523 -19.3928
SCALE 1 1 1
X -0.8568 -0.4807 -0.1865
Y -0.5095 0.8450 0.1627
Z 0.0794 0.2344 -0.9689

PART 68
OFFSET 0.0000 0.0000 0.0000
SCALE 1 1 1
X 1.0000 0.0000 0.0000
Y 0.0000 1.0000 0.0000
Z 0.0000 0.0000 1.0000

PART 69
OFFSET 0.9983 -0.1082 0.5463
SCALE 1 1 1
X 1.0000 -0.0000 -0.0036
Y 0.0000 1.0000 -0.0006
Z 0.0036 0.0006 1.0000

PART 70
OFFSET 2.5537 -0.1059 4.6764
SCALE 1 1 1
X 1.0000 -0.0000 -0.0036
Y 0.0000 1.0000 -0.0006
Z 0.0036 0.0006 1.0000

PART 71
OFFSET 1.1818 -6.9555 -15.7004
SCALE 1 1 1
X 0.9759 0.0575 0.2106
Y -0.1007 0.9745 0.2005
Z -0.1938 -0.2169 0.9568

PART 72
OFFSET 0.0808 -6.9911 -19.1126
SCALE 1 1 1
X -0.0358 -0.9488 0.3137
Y 0.9668 0.0466 0.2511
Z -0.2529 0.3123 0.9157

PART 73
OFFSET 0.8839 -8.9743 -15.0667
SCALE 1 1 1
X 0.9717 0.0530 0.2302
Y -0.1007 0.9745 0.2005
Z -0.2137 -0.2180 0.9523

PART 74
OFFSET 28.0675 -5.6848 -8.3784
SCALE 1 1 1
X 0.9759 0.0575 0.2106
Y -0.1007 0.9745 0.2005
Z -0.1938 -0.2169 0.9568

PART 75
OFFSET -1.3855 -7.0906 -16.3842
SCALE 1 1 1
X 0.9882 0.0061 0.1533
Y -0.0317 0.9857 0.1652
Z -0.1501 -0.1681 0.9743

PART 76
OFFSET -1.0747 -7.1948 -15.8562
SCALE 1 1 1
X 0.9759 0.0575 0.2106
Y -0.1007 0.9745 0.2005
Z -0.1938 -0.2169 0.9568

PART 77
OFFSET -5.1738 -7.6699 -15.3604
SCALE 1 1 1
X 0.9759 0.0575 0.2106
Y -0.1007 0.9745 0.2005
Z -0.1938 -0.2169 0.9568

PART 78
OFFSET 24.1664 -5.6642 -10.4368
SCALE 1 1 1
X 0.9717 0.0530 0.2302
Y -0.1007 0.9745 0.2005
Z -0.2137 -0.2180 0.9523

PART 79
OFFSET 36.7373 -5.2108 -6.3293
SCALE 1 1 1
X 0.9717 0.0530 0.2302
Y -0.1007 0.9745 0.2005
Z -0.2137 -0.2180 0.9523

PART 80
OFFSET 37.0719 -5.1897 -6.2640
SCALE 1 1 1
X 0.9717 0.0530 0.2302
Y -0.1007 0.9745 0.2005
Z -0.2137 -0.2180 0.9523

PART 81
OFFSET -3.1923 -6.0926 -15.5078
SCALE 1 1 1
X 0.9759 0.0575 0.2106
Y -0.1007 0.9745 0.2005
Z -0.1938 -0.2169 0.9568

PART 82
OFFSET 6.5456 -7.2150 -13.7902
SCALE 1 1 1
X 0.9759 0.0575 0.2106
Y -0.1007 0.9745 0.2005
Z -0.1938 -0.2169 0.9568

PART 83
OFFSET 29.5894 -5.6237 -7.9112
SCALE 1 1 1
X 0.9717 0.0530 0.2302
Y -0.1007 0.9745 0.2005
Z -0.2137 -0.2180 0.9523


FRAME 512
PART 0
OFFSET 15.1889 -3.5440 -11.3287
SCALE 1 1 1
X 0.8060 -0.5641 0.1795
Y -0.4254 -0.3411 0.8383
Z -0.4117 -0.7520 -0.5148

PART 1
OFFSET 15.1889 -3.5440 -11.3287
SCALE 1 1 1
X 0.8060 -0.5641 0.1795
Y -0.4254 -0.3411 0.8383
Z -0.4117 -0.7520 -0.5148

PART 2
OFFSET -2.1976 -7.6126 -12.9119
SCALE 1 1 1
X -0.9756 -0.0310 0.2172
Y 0.0793 -0.9729 0.2171
Z 0.2045 0.2290 0.9517

PART 3
OFFSET -2.1976 -7.6126 -12.9119
SCALE 1 1 1
X -0.9756 -0.0310 0.2172
Y 0.0793 -0.9729 0.2171
Z 0.2045 0.2290 0.9517

PART 4
OFFSET 4.4406 -3.1050 -3.3894
SCALE 1 1 1
X 1.0000 0.0000 0.0000
Y 0.0000 1.0000 0.0000
Z 0.0000 -0.0000 1.0000

PART 5
OFFSET 8.2236 -2.6427 -8.8071
SCALE 1 1 1
X -0.0575 0.1858 -0.9809
Y 0.4131 -0.8900 -0.1928
Z -0.9088 -0.4163 -0.0256

PART 6
OFFSET 7.5278 -0.3954 -20.6699
SCALE 1 1 1
X 0.5933 -0.2077 0.7777
Y -0.7977 -0.0223 0.6026
Z -0.1078 -0.9779 -0.1789

PART 7
OFFSET 12.5742 -2.1621 -14.0552
SCALE 1 1 1
X 0.5933 -0.2077 0.7777
Y -0.0235 0.9612 0.2747
Z -0.8046 -0.1813 0.5654

PART 8
OFFSET 14.0161 -0.7252 -13.3192
SCALE 1 1 1
X 0.5984 -0.2049 0.7746
Y 0.1176 0.9787 0.1681
Z -0.7926 -0.0095 0.6097

PART 9
OFFSET 13.9831 -3.1601 -14.4361
SCALE 1 1 1
X 0.5984 -0.2049 0.7746
Y 0.1176 0.9787 0.1681
Z -0.7926 -0.0095 0.6097

PART 10
OFFSET 12.6651 -1.2277 -11.7508
SCALE 1 1 1
X 0.5984 -0.2049 0.7746
Y 0.1176 0.9787 0.1681
Z -0.7926 -0.0095 0.6097

PART 11
OFFSET 12.3889 -2.8386 -12.0984
SCALE 1 1 1
X 0.5984 -0.2049 0.7746
Y 0.1176 0.9787 0.1681
Z -0.7926 -0.0095 0.6097

PART 12
OFFSET 12.1359 -4.2977 -12.7851
SCALE 1 1 1
X 0.5984 -0.2049 0.7746
Y 0.1176 0.9787 0.1681
Z -0.7926 -0.0095 0.6097

PART 13
OFFSET 14.3931 -2.7989 -11.6710
SCALE 1 1 1
X 0.8463 -0.3378 0.4118
Y 0.1854 0.9117 0.3666
Z -0.4993 -0.2339 0.8343

PART 14
OFFSET 14.7478 -2.1671 -10.7894
SCALE 1 1 1
X 0.4481 0.0368 0.8932
Y -0.2866 0.9523 0.1045
Z -0.8468 -0.3028 0.4373

PART 15
OFFSET 15.6390 -2.0094 -8.8271
SCALE 1 1 1
X 0.6319 -0.1104 0.7671
Y -0.3419 0.8486 0.4038
Z -0.6955 -0.5175 0.4985

PART 16
OFFSET 16.6017 -2.2961 -7.5569
SCALE 1 1 1
X 0.4743 -0.0138 0.8803
Y -0.3855 0.8956 0.2218
Z -0.7915 -0.4446 0.4195

PART 17
OFFSET 17.0718 -2.3162 -6.5820
SCALE 1 1 1
X 0.7791 0.4599 0.4260
Y 0.4427 0.0776 -0.8933
Z -0.4440 0.8845 -0.1431

PART 18
OFFSET 14.8098 -4.1082 -11.5464
SCALE 1 1 1
X 0.7002 -0.7111 -0.0630
Y -0.3816 -0.4474 0.8088
Z -0.6034 -0.5423 -0.5846

PART 19
OFFSET 16.4242 -5.6819 -11.5036
SCALE 1 1 1
X -0.3699 -0.4823 0.7941
Y -0.9174 0.3244 -0.2303
Z -0.1465 -0.8137 -0.5625

PART 20
OFFSET 15.9005 -6.3647 -10.3794
SCALE 1 1 1
X -0.9431 -0.0424 0.3298
Y -0.3005 0.5336 -0.7906
Z -0.1425 -0.8447 -0.5160

PART 21
OFFSET 15.0644 -6.4023 -10.0869
SCALE 1 1 1
X -0.9416 -0.0555 0.3322
Y -0.2997 0.5882 -0.7511
Z -0.1537 -0.8068 -0.5705

PART 22
OFFSET 14.1698 -6.4550 -9.7713
SCALE 1 1 1
X 0.9305 -0.2102 0.2999
Y 0.3602 0.3779 -0.8529
Z 0.0659 0.9017 0.4273

PART 23
OFFSET 15.1889 -3.5440 -11.3287
SCALE 1 1 1
X 0.8060 -0.5641 0.1795
Y -0.4254 -0.3411 0.8383
Z -0.4117 -0.7520 -0.5148

PART 24
OFFSET 17.2289 -5.1122 -10.9579
SCALE 1 1 1
X 0.0266 -0.4652 0.8848
Y -0.9817 0.1548 0.1109
Z -0.1885 -0.8716 -0.4526

PART 25
OFFSET 17.2742 -5.9043 -9.4516
SCALE 1 1 1
X -0.9224 -0.0005 0.3862
Y -0.3420 0.4658 -0.8161
Z -0.1795 -0.8849 -0.4299

PART 26
OFFSET 15.9957 -5.9050 -8.9163
SCALE 1 1 1
X -0.9605 0.0553 0.2726
Y -0.2174 0.4622 -0.8597
Z -0.1735 -0.8851 -0.4319

PART 27
OFFSET 14.9540 -5.8450 -8.6206
SCALE 1 1 1
X 0.9026 -0.3528 0.2465
Y 0.3800 0.3846 -0.8412
Z 0.2020 0.8530 0.4812

PART 28
OFFSET 17.0290 -2.5179 -9.3721
SCALE 1 1 1
X 0.6216 -0.5592 0.5486
Y 0.7305 0.1611 -0.6636
Z 0.2827 0.8133 0.5086

PART 29
OFFSET 18.0164 -3.3405 -10.0997
SCALE 1 1 1
X 0.5281 -0.5271 0.6658
Y -0.8190 -0.1088 0.5634
Z -0.2245 -0.8428 -0.4891

PART 30
OFFSET 18.9461 -4.2684 -8.9274
SCALE 1 1 1
X -0.6759 -0.2793 0.6820
Y -0.7141 0.4771 -0.5123
Z -0.1823 -0.8333 -0.5219

PART 31
OFFSET 18.1355 -4.5574 -8.0666
SCALE 1 1 1
X -0.8957 0.0037 0.4447
Y -0.3722 0.5412 -0.7541
Z -0.2435 -0.8409 -0.4833

PART 32
OFFSET 17.1239 -4.5532 -7.5642
SCALE 1 1 1
X 0.5591 -0.7262 0.4000
Y 0.7675 0.2708 -0.5811
Z 0.3137 0.6318 0.7088

PART 33
OFFSET 17.6354 -4.3355 -10.3917
SCALE 1 1 1
X 0.3588 -0.4083 0.8394
Y -0.9164 0.0169 0.3999
Z -0.1775 -0.9127 -0.3682

PART 34
OFFSET 18.3363 -5.1332 -8.7520
SCALE 1 1 1
X -0.9009 0.0177 0.4336
Y -0.3814 0.4447 -0.8104
Z -0.2072 -0.8955 -0.3939

PART 35
OFFSET 17.0204 -5.1074 -8.1186
SCALE 1 1 1
X -0.9310 0.0301 0.3638
Y -0.3034 0.4902 -0.8171
Z -0.2029 -0.8711 -0.4472

PART 36
OFFSET 15.9648 -5.0798 -7.7092
SCALE 1 1 1
X 0.9207 -0.2804 0.2715
Y 0.3509 0.2898 -0.8904
Z 0.1710 0.9151 0.3652

PART 37
OFFSET 8.9988 -4.6468 -9.8110
SCALE 1 1 1
X 0.9909 0.0427 0.1273
Y -0.0196 0.9840 -0.1770
Z -0.1329 0.1729 0.9759

PART 38
OFFSET -9.0242 -3.5648 -2.9073
SCALE 1 1 1
X 0.3388 0.7720 0.5378
Y 0.0486 -0.5852 0.8095
Z 0.9396 -0.2481 -0.2358

PART 39
OFFSET -13.1214 -12.9018 -9.4109
SCALE 1 1 1
X -0.8494 -0.4503 0.2754
Y 0.0859 -0.6329 -0.7695
Z 0.5208 -0.6299 0.5762

PART 40
OFFSET -5.8973 -9.0722 -11.7536
SCALE 1 1 1
X -0.8494 -0.4503 0.2754
Y -0.1912 -0.2239 -0.9557
Z 0.4920 -0.8644 0.1041

PART 41
OFFSET -5.3949 -7.2222 -12.4009
SCALE 1 1 1
X -0.8513 -0.4447 0.2784
Y -0.5196 0.6402 -0.5659
Z 0.0734 -0.6264 -0.7760

PART 42
OFFSET -4.7542 -6.9573 -11.3841
SCALE 1 1 1
X -0.8513 -0.4447 0.2784
Y -0.5196 0.6402 -0.5659
Z 0.0734 -0.6264 -0.7760

PART 43
OFFSET -3.8881 -7.9329 -10.6663
SCALE 1 1 1
X -0.8513 -0.4447 0.2784
Y -0.5196 0.6402 -0.5659
Z 0.0734 -0.6264 -0.7760

PART 44
OFFSET -3.2934 -7.6919 -12.5981
SCALE 1 1 1
X -0.9928 -0.0798 -0.0895
Y 0.1017 -0.1655 -0.9809
Z 0.0635 -0.9830 0.1724

PART 45
OFFSET -2.9710 -7.0927 -11.6820
SCALE 1 1 1
X -0.3243 -0.7874 -0.5242
Y 0.7275 0.1466 -0.6703
Z 0.6047 -0.5987 0.5253

PART 46
OFFSET -2.3775 -5.3748 -10.5131
SCALE 1 1 1
X -0.8633 -0.5017 -0.0544
Y 0.3432 -0.5048 -0.7921
Z 0.3700 -0.7025 0.6080

PART 47
OFFSET -1.0047 -4.5163 -10.5407
SCALE 1 1 1
X -0.8486 -0.2434 0.4697
Y -0.1749 -0.7088 -0.6833
Z 0.4992 -0.6621 0.5590

PART 48
OFFSET -0.1069 -4.2108 -11.0626
SCALE 1 1 1
X -0.9832 0.0995 -0.1532
Y 0.1632 0.8556 -0.4913
Z 0.0821 -0.5080 -0.8574

PART 49
OFFSET -2.3572 -7.6029 -13.6076
SCALE 1 1 1
X -0.8693 -0.0131 0.4940
Y 0.1296 -0.9707 0.2022
Z 0.4769 0.2398 0.8456

PART 50
OFFSET -0.3504 -7.4194 -14.6192
SCALE 1 1 1
X -0.7100 -0.6225 0.3294
Y 0.6456 -0.7621 -0.0485
Z 0.2812 0.1782 0.9430

PART 51
OFFSET 0.6548 -6.5382 -15.0855
SCALE 1 1 1
X 0.3744 -0.9246 0.0698
Y 0.8985 0.3432 -0.2738
Z 0.2292 0.1652 0.9592

PART 52
OFFSET 0.3228 -5.7184 -15.1474
SCALE 1 1 1
X 0.9355 -0.2700 -0.2280
Y 0.2086 0.9427 -0.2604
Z 0.2853 0.1961 0.9382

PART 53
OFFSET -0.5659 -5.4619 -14.9308
SCALE 1 1 1
X -0.8877 -0.4136 0.2022
Y -0.4084 0.9102 0.0687
Z -0.2125 -0.0216 -0.9769

PART 54
OFFSET -2.1976 -7.6126 -12.9119
SCALE 1 1 1
X -0.9756 -0.0310 0.2172
Y 0.0793 -0.9729 0.2171
Z 0.2045 0.2290 0.9517

PART 55
OFFSET 0.3059 -7.5876 -13.6121
SCALE 1 1 1
X -0.6636 -0.6894 0.2904
Y 0.7113 -0.7018 -0.0407
Z 0.2318 0.1795 0.9560

PART 56
OFFSET 1.4357 -6.4139 -14.1064
SCALE 1 1 1
X 0.4796 -0.8761 0.0483
Y 0.8524 0.4522 -0.2624
Z 0.2081 0.1671 0.9637

PART 57
OFFSET 0.7710 -5.1996 -14.1734
SCALE 1 1 1
X 0.9634 -0.2097 -0.1672
Y 0.1733 0.9625 -0.2090
Z 0.2047 0.1724 0.9635

PART 58
OFFSET -0.2738 -4.9722 -13.9921
SCALE 1 1 1
X -0.8782 -0.3695 0.3037
Y -0.4192 0.9004 -0.1166
Z -0.2304 -0.2297 -0.9456

PART 59
OFFSET -7.4773 -8.4108 -12.0485
SCALE 1 1 1
X -0.9361 -0.3164 0.1535
Y -0.3452 0.9101 -0.2292
Z -0.0672 -0.2675 -0.9612

PART 60
OFFSET 0.5219 -7.6215 -11.4455
SCALE 1 1 1
X -0.9911 0.1324 -0.0165
Y -0.1323 -0.9588 0.2512
Z 0.0175 0.2512 0.9678

PART 61
OFFSET 2.2668 -7.8546 -11.4165
SCALE 1 1 1
X -0.9695 -0.2236 0.1005
Y 0.2434 -0.9267 0.2862
Z 0.0292 0.3020 0.9529

PART 62
OFFSET 3.4472 -7.5645 -11.4809
SCALE 1 1 1
X -0.7352 -0.6594 0.1570
Y 0.6770 -0.7029 0.2183
Z -0.0336 0.2668 0.9632

PART 63
OFFSET 4.2776 -6.8197 -11.6582
SCALE 1 1 1
X -0.3813 0.9242 0.0227
Y 0.9016 0.3771 -0.2118
Z -0.2044 -0.0603 -0.9770

PART 64
OFFSET 0.5150 -7.6332 -12.5502
SCALE 1 1 1
X -0.5794 -0.8075 0.1108
Y 0.8131 -0.5631 0.1480
Z -0.0571 0.1759 0.9828

PART 65
OFFSET 1.6468 -6.0557 -12.7667
SCALE 1 1 1
X 0.4836 -0.8560 0.1827
Y 0.8750 0.4777 -0.0783
Z -0.0203 0.1977 0.9800

PART 66
OFFSET 0.9404 -4.8054 -13.0336
SCALE 1 1 1
X 0.9732 -0.2256 0.0442
Y 0.2296 0.9429 -0.2415
Z 0.0128 0.2452 0.9694

PART 67
OFFSET -0.1618 -4.5510 -13.0907
SCALE 1 1 1
X -0.8937 -0.4449 0.0584
Y -0.4485 0.8827 -0.1404
Z 0.0109 -0.1517 -0.9884

PART 68
OFFSET 0.0000 0.0000 0.0000
SCALE 1 1 1
X 1.0000 0.0000 0.0000
Y 0.0000 1.0000 0.0000
Z 0.0000 0.0000 1.0000

PART 69
OFFSET 1.1837 -0.0299 0.7378
SCALE 1 1 1
X 1.0000 -0.0000 -0.0042
Y 0.0000 1.0000 -0.0008
Z 0.0042 0.0008 1.0000

PART 70
OFFSET 2.7413 -0.0266 4.8671
SCALE 1 1 1
X 1.0000 -0.0000 -0.0042
Y 0.0000 1.0000 -0.0008
Z 0.0042 0.0008 1.0000

PART 71
OFFSET 8.9988 -4.6468 -9.8110
SCALE 1 1 1
X 0.9909 0.0427 0.1273
Y -0.0196 0.9840 -0.1770
Z -0.1329 0.1729 0.9759

PART 72
OFFSET 7.6361 -5.8480 -12.9024
SCALE 1 1 1
X -0.0744 -0.7567 0.6495
Y 0.9844 0.0485 0.1693
Z -0.1596 0.6519 0.7413

PART 73
OFFSET 8.6172 -6.2492 -8.4500
SCALE 1 1 1
X 0.9880 0.0462 0.1473
Y -0.0196 0.9840 -0.1770
Z -0.1531 0.1720 0.9731

PART 74
OFFSET 36.3968 -3.1953 -4.7803
SCALE 1 1 1
X 0.9909 0.0427 0.1273
Y -0.0196 0.9840 -0.1770
Z -0.1329 0.1729 0.9759

PART 75
OFFSET 6.3830 -4.7923 -10.2711
SCALE 1 1 1
X 0.9953 -0.0272 0.0932
Y 0.0470 0.9751 -0.2169
Z -0.0850 0.2203 0.9717

PART 76
OFFSET 6.6771 -4.7212 -9.7575
SCALE 1 1 1
X 0.9909 0.0427 0.1273
Y -0.0196 0.9840 -0.1770
Z -0.1329 0.1729 0.9759

PART 77
OFFSET 2.6554 -4.6025 -8.9285
SCALE 1 1 1
X 0.9909 0.0427 0.1273
Y -0.0196 0.9840 -0.1770
Z -0.1329 0.1729 0.9759

PART 78
OFFSET 32.3577 -3.5868 -6.5089
SCALE 1 1 1
X 0.9880 0.0462 0.1473
Y -0.0196 0.9840 -0.1770
Z -0.1531 0.1720 0.9731

PART 79
OFFSET 45.2119 -2.7839 -3.4709
SCALE 1 1 1
X 0.9880 0.0462 0.1473
Y -0.0196 0.9840 -0.1770
Z -0.1531 0.1720 0.9731

PART 80
OFFSET 45.5513 -2.7705 -3.4341
SCALE 1 1 1
X 0.9880 0.0462 0.1473
Y -0.0196 0.9840 -0.1770
Z -0.1531 0.1720 0.9731

PART 81
OFFSET 4.7201 -3.3802 -9.7524
SCALE 1 1 1
X 0.9909 0.0427 0.1273
Y -0.0196 0.9840 -0.1770
Z -0.1329 0.1729 0.9759

PART 82
OFFSET 14.4655 -4.6641 -8.1982
SCALE 1 1 1
X 0.9909 0.0427 0.1273
Y -0.0196 0.9840 -0.1770
Z -0.1329 0.1729 0.9759

PART 83
OFFSET 37.9511 -3.1036 -4.4427
SCALE 1 1 1
X 0.9880 0.0462 0.1473
Y -0.0196 0.9840 -0.1770
Z -0.1531 0.1720 0.9731


FRAME 513
PART 0
OFFSET 28.2846 -1.3449 -2.3881
SCALE 1 1 1
X 0.8390 -0.3805 0.3888
Y -0.3395 0.1923 0.9207
Z -0.4251 -0.9046 0.0321

PART 1
OFFSET 28.2846 -1.3449 -2.3881
SCALE 1 1 1
X 0.8390 -0.3805 0.3888
Y -0.3395 0.1923 0.9207
Z -0.4251 -0.9046 0.0321

PART 2
OFFSET 10.5819 -3.8960 0.5005
SCALE 1 1 1
X -0.9370 0.1967 0.2889
Y 0.0946 -0.6530 0.7514
Z 0.3364 0.7314 0.5932

PART 3
OFFSET 10.5819 -3.8960 0.5005
SCALE 1 1 1
X -0.9370 0.1967 0.2889
Y 0.0946 -0.6530 0.7514
Z 0.3364 0.7314 0.5932

PART 4
OFFSET 5.5882 -3.1050 -3.3894
SCALE 1 1 1
X 1.0000 0.0000 0.0000
Y 0.0000 1.0000 0.0000
Z 0.0000 -0.0000 1.0000

PART 5
OFFSET 9.6764 -3.1520 -7.8685
SCALE 1 1 1
X 0.8566 0.4237 -0.2944
Y 0.4402 -0.8978 -0.0113
Z -0.2691 -0.1199 -0.9556

PART 6
OFFSET 20.0362 1.9724 -11.4293
SCALE 1 1 1
X 0.6392 -0.2486 0.7278
Y -0.7301 -0.4934 0.4727
Z 0.2415 -0.8336 -0.4968

PART 7
OFFSET 25.4727 -0.1419 -5.2392
SCALE 1 1 1
X 0.6392 -0.2486 0.7278
Y 0.4385 0.8952 -0.0793
Z -0.6318 0.3698 0.6812

PART 8
OFFSET 26.2153 1.3812 -4.0933
SCALE 1 1 1
X 0.6429 -0.2433 0.7263
Y -0.2328 0.8413 0.4879
Z -0.7297 -0.4828 0.4842

PART 9
OFFSET 27.0314 -0.3872 -5.9395
SCALE 1 1 1
X 0.6429 -0.2433 0.7263
Y -0.2328 0.8413 0.4879
Z -0.7297 -0.4828 0.4842

PART 10
OFFSET 25.1544 -0.0465 -2.9311
SCALE 1 1 1
X 0.6429 -0.2433 0.7263
Y -0.2328 0.8413 0.4879
Z -0.7297 -0.4828 0.4842

PART 11
OFFSET 25.4588 -1.4389 -3.8109
SCALE 1 1 1
X 0.6429 -0.2433 0.7263
Y -0.2328 0.8413 0.4879
Z -0.7297 -0.4828 0.4842

PART 12
OFFSET 25.7233 -2.5836 -4.9578
SCALE 1 1 1
X 0.6429 -0.2433 0.7263
Y -0.2328 0.8413 0.4879
Z -0.7297 -0.4828 0.4842

PART 13
OFFSET 27.4322 -0.9039 -3.0081
SCALE 1 1 1
X 0.8925 -0.0648 0.4463
Y 0.1804 0.9583 -0.2215
Z -0.4134 0.2782 0.8670

PART 14
OFFSET 27.8380 0.1060 -2.6651
SCALE 1 1 1
X 0.5270 0.5155 0.6757
Y -0.2996 0.8567 -0.4199
Z -0.7953 0.0189 0.6059

PART 15
OFFSET 28.9011 1.3050 -1.2152
SCALE 1 1 1
X 0.7090 0.2970 0.6396
Y -0.3094 0.9460 -0.0964
Z -0.6337 -0.1296 0.7626

PART 16
OFFSET 29.9932 1.7135 -0.0915
SCALE 1 1 1
X 0.5379 0.5023 0.6771
Y -0.4071 0.8580 -0.3131
Z -0.7382 -0.1072 0.6660

PART 17
OFFSET 30.5341 2.2663 0.6658
SCALE 1 1 1
X 0.7873 0.6165 0.0075
Y 0.3720 -0.4654 -0.8032
Z -0.4916 0.6351 -0.5957

PART 18
OFFSET 27.9107 -1.9286 -2.2180
SCALE 1 1 1
X 0.7181 -0.6364 0.2816
Y -0.2944 0.0889 0.9515
Z -0.6306 -0.7662 -0.1235

PART 19
OFFSET 29.5800 -3.2360 -1.4506
SCALE 1 1 1
X -0.2827 0.0515 0.9578
Y -0.9451 0.1555 -0.2873
Z -0.1638 -0.9865 0.0047

PART 20
OFFSET 29.1797 -3.1631 -0.0945
SCALE 1 1 1
X -0.9093 0.1658 0.3817
Y -0.3864 0.0045 -0.9223
Z -0.1547 -0.9861 0.0599

PART 21
OFFSET 28.3735 -3.0161 0.2439
SCALE 1 1 1
X -0.9071 0.1562 0.3909
Y -0.3842 0.0719 -0.9204
Z -0.1719 -0.9851 -0.0052

PART 22
OFFSET 27.5118 -2.8677 0.6153
SCALE 1 1 1
X 0.9599 -0.0222 0.2796
Y 0.2719 -0.1708 -0.9470
Z 0.0687 0.9851 -0.1579

PART 23
OFFSET 28.2846 -1.3449 -2.3881
SCALE 1 1 1
X 0.8390 -0.3805 0.3888
Y -0.3395 0.1923 0.9207
Z -0.4251 -0.9046 0.0321

PART 24
OFFSET 30.4066 -2.4711 -1.3944
SCALE 1 1 1
X 0.1191 0.1080 0.9870
Y -0.9739 0.2061 0.0950
Z -0.1931 -0.9726 0.1297

PART 25
OFFSET 30.6094 -2.2873 0.2859
SCALE 1 1 1
X -0.8856 0.2301 0.4033
Y -0.4274 -0.0641 -0.9018
Z -0.1817 -0.9710 0.1551

PART 26
OFFSET 29.3819 -1.9683 0.8449
SCALE 1 1 1
X -0.9361 0.2134 0.2797
Y -0.3046 -0.0940 -0.9478
Z -0.1760 -0.9724 0.1530

PART 27
OFFSET 28.3667 -1.7369 1.1482
SCALE 1 1 1
X 0.9323 -0.1690 0.3198
Y 0.2948 -0.1574 -0.9425
Z 0.2096 0.9730 -0.0969

PART 28
OFFSET 30.2484 0.5670 -1.5192
SCALE 1 1 1
X 0.6899 -0.1690 0.7039
Y 0.6616 -0.2474 -0.7079
Z 0.2937 0.9541 -0.0589

PART 29
OFFSET 31.1996 -0.5371 -1.7582
SCALE 1 1 1
X 0.6311 -0.0833 0.7712
Y -0.7400 0.2337 0.6307
Z -0.2328 -0.9687 0.0859

PART 30
OFFSET 32.3107 -0.6837 -0.4004
SCALE 1 1 1
X -0.5514 0.1503 0.8206
Y -0.8110 0.1337 -0.5695
Z -0.1954 -0.9795 0.0482

PART 31
OFFSET 31.6522 -0.4414 0.5943
SCALE 1 1 1
X -0.8043 0.2604 0.5341
Y -0.5392 0.0580 -0.8402
Z -0.2497 -0.9638 0.0938

PART 32
OFFSET 30.7437 -0.1473 1.1976
SCALE 1 1 1
X 0.6783 -0.4082 0.6110
Y 0.6321 -0.0998 -0.7684
Z 0.3746 0.9074 0.1903

PART 33
OFFSET 30.8346 -1.5199 -1.4100
SCALE 1 1 1
X 0.4481 0.1224 0.8855
Y -0.8772 0.2514 0.4092
Z -0.1725 -0.9601 0.2200

PART 34
OFFSET 31.7100 -1.2808 0.3200
SCALE 1 1 1
X -0.8588 0.2706 0.4350
Y -0.4695 -0.0757 -0.8797
Z -0.2051 -0.9597 0.1920

PART 35
OFFSET 30.4556 -0.8856 0.9554
SCALE 1 1 1
X -0.8955 0.2424 0.3733
Y -0.3944 -0.0429 -0.9180
Z -0.2065 -0.9692 0.1341

PART 36
OFFSET 29.4403 -0.6178 1.3798
SCALE 1 1 1
X 0.9517 -0.0965 0.2915
Y 0.2584 -0.2607 -0.9302
Z 0.1658 0.9606 -0.2231

PART 37
OFFSET 22.2005 -0.7490 0.1698
SCALE 1 1 1
X 0.9998 0.0167 -0.0122
Y -0.0203 0.6799 -0.7330
Z -0.0040 0.7331 0.6801

PART 38
OFFSET -6.5654 -3.5648 -2.9073
SCALE 1 1 1
X -0.6036 0.5879 -0.5387
Y -0.5574 0.1719 0.8122
Z 0.5701 0.7905 0.2239

PART 39
OFFSET 0.7338 -10.6743 3.6072
SCALE 1 1 1
X -0.7609 -0.6054 0.2333
Y 0.6207 -0.5745 0.5336
Z -0.1890 0.5508 0.8129

PART 40
OFFSET 7.2058 -5.5249 1.6224
SCALE 1 1 1
X -0.7609 -0.6054 0.2333
Y 0.3390 -0.6776 -0.6526
Z 0.5532 -0.4175 0.7209

PART 41
OFFSET 8.3867 -5.3846 -0.3233
SCALE 1 1 1
X -0.7641 -0.6035 0.2279
Y 0.1822 -0.5408 -0.8212
Z 0.6188 -0.5859 0.5232

PART 42
OFFSET 8.0171 -4.1816 -0.0439
SCALE 1 1 1
X -0.7641 -0.6035 0.2279
Y 0.1822 -0.5408 -0.8212
Z 0.6188 -0.5859 0.5232

PART 43
OFFSET 7.8119 -3.0226 1.8799
SCALE 1 1 1
X -0.7641 -0.6035 0.2279
Y 0.1822 -0.5408 -0.8212
Z 0.6188 -0.5859 0.5232

PART 44
OFFSET 9.5385 -3.6688 0.9071
SCALE 1 1 1
X -0.9967 -0.0236 0.0777
Y -0.0362 -0.7270 -0.6856
Z 0.0727 -0.6862 0.7238

PART 45
OFFSET 9.9919 -2.6748 1.2366
SCALE 1 1 1
X -0.4042 -0.9098 0.0941
Y 0.6306 -0.3517 -0.6918
Z 0.6625 -0.2203 0.7159

PART 46
OFFSET 10.7644 -0.6641 1.0627
SCALE 1 1 1
X -0.8696 -0.3510 0.3473
Y 0.2241 -0.9073 -0.3558
Z 0.4400 -0.2316 0.8676

PART 47
OFFSET 12.1323 -0.1257 0.3836
SCALE 1 1 1
X -0.7794 0.1666 0.6040
Y -0.2772 -0.9562 -0.0940
Z 0.5619 -0.2407 0.7914

PART 48
OFFSET 12.9542 -0.2786 -0.3041
SCALE 1 1 1
X -0.9934 0.0805 -0.0819
Y 0.1062 0.3728 -0.9218
Z -0.0437 -0.9244 -0.3789

PART 49
OFFSET 10.3285 -4.2886 -0.0391
SCALE 1 1 1
X -0.7934 0.3662 0.4862
Y 0.1424 -0.6649 0.7332
Z 0.5918 0.6510 0.4754

PART 50
OFFSET 12.1799 -4.9350 -1.1522
SCALE 1 1 1
X -0.6666 -0.2330 0.7081
Y 0.6223 -0.6968 0.3566
Z 0.4103 0.6784 0.6095

PART 51
OFFSET 13.1236 -4.6052 -2.1547
SCALE 1 1 1
X 0.3681 -0.7303 0.5754
Y 0.8569 0.0262 -0.5148
Z 0.3609 0.6826 0.6355

PART 52
OFFSET 12.7972 -3.9576 -2.6649
SCALE 1 1 1
X 0.8917 -0.4384 -0.1126
Y 0.1830 0.5767 -0.7962
Z 0.4139 0.6894 0.5945

PART 53
OFFSET 11.9501 -3.5412 -2.5580
SCALE 1 1 1
X -0.8568 -0.1264 0.4999
Y -0.3833 0.8046 -0.4535
Z -0.3449 -0.5802 -0.7378

PART 54
OFFSET 10.5819 -3.8960 0.5005
SCALE 1 1 1
X -0.9370 0.1967 0.2889
Y 0.0946 -0.6530 0.7514
Z 0.3364 0.7314 0.5932

PART 55
OFFSET 12.9657 -4.5295 -0.3207
SCALE 1 1 1
X -0.6269 -0.3139 0.7130
Y 0.6893 -0.6502 0.3197
Z 0.3632 0.6919 0.6240

PART 56
OFFSET 14.0330 -3.9950 -1.5347
SCALE 1 1 1
X 0.4700 -0.7143 0.5186
Y 0.8143 0.1242 -0.5670
Z 0.3406 0.6888 0.6400

PART 57
OFFSET 13.3816 -3.0051 -2.2534
SCALE 1 1 1
X 0.9285 -0.3566 -0.1037
Y 0.1553 0.6264 -0.7639
Z 0.3373 0.6932 0.6370

PART 58
OFFSET 12.3746 -2.6184 -2.1409
SCALE 1 1 1
X -0.8328 -0.0316 0.5526
Y -0.4196 0.6872 -0.5931
Z -0.3610 -0.7258 -0.5855

PART 59
OFFSET 5.4599 -3.5201 2.1981
SCALE 1 1 1
X -0.9106 -0.0724 0.4070
Y -0.3605 0.6208 -0.6962
Z -0.2022 -0.7806 -0.5914

PART 60
OFFSET 13.4765 -3.2834 1.3904
SCALE 1 1 1
X -0.9820 0.1889 0.0070
Y -0.1101 -0.6015 0.7913
Z 0.1537 0.7762 0.6115

PART 61
OFFSET 15.2054 -3.6159 1.3781
SCALE 1 1 1
X -0.9496 -0.0270 0.3124
Y 0.2673 -0.5904 0.7616
Z 0.1639 0.8067 0.5678

PART 62
OFFSET 16.3697 -3.5341 1.0328
SCALE 1 1 1
X -0.7159 -0.3625 0.5967
Y 0.6906 -0.4933 0.5289
Z 0.1026 0.7907 0.6035

PART 63
OFFSET 17.1784 -3.1247 0.3588
SCALE 1 1 1
X -0.3615 0.7857 -0.5019
Y 0.8692 0.0892 -0.4863
Z -0.3373 -0.6121 -0.7152

PART 64
OFFSET 13.3179 -3.9515 0.5251
SCALE 1 1 1
X -0.5696 -0.5229 0.6341
Y 0.8179 -0.4365 0.3748
Z 0.0808 0.7322 0.6763

PART 65
OFFSET 14.4306 -2.9300 -0.7137
SCALE 1 1 1
X 0.4928 -0.6182 0.6124
Y 0.8622 0.2522 -0.4394
Z 0.1172 0.7445 0.6572

PART 66
OFFSET 13.7108 -2.0271 -1.6082
SCALE 1 1 1
X 0.9671 -0.2440 0.0720
Y 0.2061 0.5858 -0.7838
Z 0.1491 0.7729 0.6168

PART 67
OFFSET 12.6145 -1.7558 -1.6946
SCALE 1 1 1
X -0.8828 -0.2364 0.4060
Y -0.4523 0.6613 -0.5984
Z -0.1270 -0.7119 -0.6907

PART 68
OFFSET 0.0000 0.0000 0.0000
SCALE 1 1 1
X 1.0000 0.0000 0.0000
Y 0.0000 1.0000 0.0000
Z 0.0000 0.0000 1.0000

PART 69
OFFSET 1.3846 0.1583 1.0398
SCALE 1 1 1
X 1.0000 -0.0000 -0.0044
Y 0.0000 1.0000 -0.0009
Z 0.0044 0.0009 1.0000

PART 70
OFFSET 2.9432 0.1619 5.1687
SCALE 1 1 1
X 1.0000 -0.0000 -0.0044
Y 0.0000 1.0000 -0.0009
Z 0.0044 0.0009 1.0000

PART 71
OFFSET 22.2005 -0.7490 0.1698
SCALE 1 1 1
X 0.9998 0.0167 -0.0122
Y -0.0203 0.6799 -0.7330
Z -0.0040 0.7331 0.6801

PART 72
OFFSET 20.4301 -3.4238 -1.4328
SCALE 1 1 1
X -0.0080 -0.2079 0.9781
Y 0.9987 0.0470 0.0181
Z -0.0497 0.9770 0.2073

PART 73
OFFSET 21.9598 -1.1768 2.2495
SCALE 1 1 1
X 0.9995 0.0317 0.0017
Y -0.0203 0.6799 -0.7330
Z -0.0244 0.7326 0.6802

PART 74
OFFSET 50.0409 0.8317 0.8653
SCALE 1 1 1
X 0.9998 0.0167 -0.0122
Y -0.0203 0.6799 -0.7330
Z -0.0040 0.7331 0.6801

PART 75
OFFSET 19.5452 -0.8928 0.1243
SCALE 1 1 1
X 0.9982 -0.0596 0.0027
Y 0.0405 0.6429 -0.7649
Z 0.0439 0.7637 0.6441

PART 76
OFFSET 19.8504 -0.5524 0.4678
SCALE 1 1 1
X 0.9998 0.0167 -0.0122
Y -0.0203 0.6799 -0.7330
Z -0.0040 0.7331 0.6801

PART 77
OFFSET 16.0231 0.4105 1.4003
SCALE 1 1 1
X 0.9998 0.0167 -0.0122
Y -0.0203 0.6799 -0.7330
Z -0.0040 0.7331 0.6801

PART 78
OFFSET 45.8073 -0.1322 0.0884
SCALE 1 1 1
X 0.9995 0.0317 0.0017
Y -0.0203 0.6799 -0.7330
Z -0.0244 0.7326 0.6802

PART 79
OFFSET 58.9577 1.1114 0.8778
SCALE 1 1 1
X 0.9995 0.0317 0.0017
Y -0.0203 0.6799 -0.7330
Z -0.0244 0.7326 0.6802

PART 80
OFFSET 59.2992 1.1120 0.8689
SCALE 1 1 1
X 0.9995 0.0317 0.0017
Y -0.0203 0.6799 -0.7330
Z -0.0244 0.7326 0.6802

PART 81
OFFSET 17.9929 0.6977 -0.1723
SCALE 1 1 1
X 0.9998 0.0167 -0.0122
Y -0.0203 0.6799 -0.7330
Z -0.0040 0.7331 0.6801

PART 82
OFFSET 27.8261 -0.3145 0.9763
SCALE 1 1 1
X 0.9998 0.0167 -0.0122
Y -0.0203 0.6799 -0.7330
Z -0.0040 0.7331 0.6801

PART 83
OFFSET 51.6271 0.9601 0.9404
SCALE 1 1 1
X 0.9995 0.0317 0.0017
Y -0.0203 0.6799 -0.7330
Z -0.0244 0.7326 0.6802


FRAME 514
PART 0
OFFSET 29.7073 -1.2122 -1.3760
SCALE 1 1 1
X 0.8588 -0.3445 0.3793
Y -0.3596 0.1219 0.9251
Z -0.3649 -0.9308 -0.0192

PART 1
OFFSET 29.7073 -1.2122 -1.3760
SCALE 1 1 1
X 0.8588 -0.3445 0.3793
Y -0.3596 0.1219 0.9251
Z -0.3649 -0.9308 -0.0192

PART 2
OFFSET 11.9443 -3.9395 1.5571
SCALE 1 1 1
X -0.9357 0.1839 0.3010
Y 0.1094 -0.6601 0.7432
Z 0.3354 0.7284 0.5975

PART 3
OFFSET 11.9443 -3.9395 1.5571
SCALE 1 1 1
X -0.9357 0.1839 0.3010
Y 0.1094 -0.6601 0.7432
Z 0.3354 0.7284 0.5975

PART 4
OFFSET 6.2061 -3.1050 -3.3894
SCALE 1 1 1
X 1.0000 0.0000 0.0000
Y 0.0000 1.0000 0.0000
Z 0.0000 -0.0000 1.0000

PART 5
OFFSET 9.9994 -3.0130 -7.4197
SCALE 1 1 1
X 0.8812 0.4380 -0.1776
Y 0.4252 -0.8988 -0.1068
Z -0.2064 0.0186 -0.9783

PART 6
OFFSET 20.6571 2.2843 -9.5678
SCALE 1 1 1
X 0.7063 -0.2661 0.6560
Y -0.6582 -0.5880 0.4701
Z 0.2606 -0.7638 -0.5905

PART 7
OFFSET 26.6646 0.0206 -3.9887
SCALE 1 1 1
X 0.7063 -0.2661 0.6560
Y 0.3727 0.9276 -0.0250
Z -0.6018 0.2622 0.7544

PART 8
OFFSET 27.0374 1.6057 -3.1088
SCALE 1 1 1
X 0.7095 -0.2605 0.6548
Y -0.2531 0.7729 0.5818
Z -0.6577 -0.5786 0.4824

PART 9
OFFSET 27.8342 0.0811 -5.1684
SCALE 1 1 1
X 0.7095 -0.2605 0.6548
Y -0.2531 0.7729 0.5818
Z -0.6577 -0.5786 0.4824

PART 10
OFFSET 26.1643 0.0016 -2.0229
SCALE 1 1 1
X 0.7095 -0.2605 0.6548
Y -0.2531 0.7729 0.5818
Z -0.6577 -0.5786 0.4824

PART 11
OFFSET 26.4975 -1.2770 -3.0522
SCALE 1 1 1
X 0.7095 -0.2605 0.6548
Y -0.2531 0.7729 0.5818
Z -0.6577 -0.5786 0.4824

PART 12
OFFSET 26.7543 -2.2881 -4.3200
SCALE 1 1 1
X 0.7095 -0.2605 0.6548
Y -0.2531 0.7729 0.5818
Z -0.6577 -0.5786 0.4824

PART 13
OFFSET 28.8300 -0.7953 -1.9777
SCALE 1 1 1
X 0.8932 -0.0302 0.4487
Y 0.1179 0.9786 -0.1688
Z -0.4339 0.2037 0.8776

PART 14
OFFSET 29.1673 0.2191 -1.5785
SCALE 1 1 1
X 0.4919 0.5087 0.7066
Y -0.3440 0.8591 -0.3790
Z -0.7998 -0.0567 0.5975

PART 15
OFFSET 30.1499 1.3995 -0.0583
SCALE 1 1 1
X 0.6925 0.2861 0.6623
Y -0.3490 0.9363 -0.0396
Z -0.6314 -0.2037 0.7482

PART 16
OFFSET 31.2179 1.7827 1.0970
SCALE 1 1 1
X 0.4857 0.5309 0.6944
Y -0.4712 0.8281 -0.3036
Z -0.7363 -0.1798 0.6524

PART 17
OFFSET 31.7014 2.3627 1.8727
SCALE 1 1 1
X 0.7343 0.6781 0.0310
Y 0.4198 -0.4178 -0.8057
Z -0.5334 0.6047 -0.5915

PART 18
OFFSET 29.3719 -1.8275 -1.2399
SCALE 1 1 1
X 0.7553 -0.6021 0.2589
Y -0.3082 0.0223 0.9511
Z -0.5784 -0.7981 -0.1687

PART 19
OFFSET 31.1153 -3.0614 -0.5170
SCALE 1 1 1
X -0.2942 -0.0145 0.9556
Y -0.9506 0.1086 -0.2910
Z -0.0995 -0.9940 -0.0457

PART 20
OFFSET 30.6988 -3.0819 0.8360
SCALE 1 1 1
X -0.9216 0.0878 0.3781
Y -0.3774 0.0255 -0.9257
Z -0.0910 -0.9958 0.0096

PART 21
OFFSET 29.8817 -3.0040 1.1712
SCALE 1 1 1
X -0.9188 0.0780 0.3868
Y -0.3797 0.0927 -0.9205
Z -0.1076 -0.9926 -0.0556

PART 22
OFFSET 29.0088 -2.9299 1.5387
SCALE 1 1 1
X 0.9567 0.0257 0.2900
Y 0.2911 -0.1056 -0.9509
Z 0.0062 0.9941 -0.1085

PART 23
OFFSET 29.7073 -1.2122 -1.3760
SCALE 1 1 1
X 0.8588 -0.3445 0.3793
Y -0.3596 0.1219 0.9251
Z -0.3649 -0.9308 -0.0192

PART 24
OFFSET 31.8898 -2.2473 -0.4149
SCALE 1 1 1
X 0.1029 0.0645 0.9926
Y -0.9862 0.1369 0.0934
Z -0.1298 -0.9885 0.0777

PART 25
OFFSET 32.0651 -2.1375 1.2750
SCALE 1 1 1
X -0.9024 0.1507 0.4036
Y -0.4141 -0.0452 -0.9091
Z -0.1188 -0.9875 0.1032

PART 26
OFFSET 30.8144 -1.9286 1.8343
SCALE 1 1 1
X -0.9513 0.1369 0.2761
Y -0.2868 -0.0650 -0.9558
Z -0.1129 -0.9884 0.1011

PART 27
OFFSET 29.7826 -1.7801 2.1338
SCALE 1 1 1
X 0.9377 -0.1237 0.3247
Y 0.3154 -0.0892 -0.9448
Z 0.1458 0.9883 -0.0446

PART 28
OFFSET 31.5380 0.7746 -0.3923
SCALE 1 1 1
X 0.6969 -0.1610 0.6988
Y 0.6790 -0.1653 -0.7153
Z 0.2307 0.9730 -0.0059

PART 29
OFFSET 32.5605 -0.2505 -0.6830
SCALE 1 1 1
X 0.6534 -0.0874 0.7520
Y -0.7381 0.1471 0.6585
Z -0.1681 -0.9853 0.0316

PART 30
OFFSET 33.7109 -0.4043 0.6409
SCALE 1 1 1
X -0.4963 0.0591 0.8661
Y -0.8582 0.1172 -0.4997
Z -0.1310 -0.9914 -0.0075

PART 31
OFFSET 33.1156 -0.2723 1.6943
SCALE 1 1 1
X -0.7585 0.1685 0.6295
Y -0.6256 0.0825 -0.7758
Z -0.1827 -0.9822 0.0429

PART 32
OFFSET 32.2588 -0.0819 2.4054
SCALE 1 1 1
X 0.7602 -0.4056 0.5075
Y 0.5540 -0.0032 -0.8325
Z 0.3393 0.9140 0.2223

PART 33
OFFSET 32.2596 -1.2724 -0.3903
SCALE 1 1 1
X 0.4359 0.1038 0.8940
Y -0.8933 0.1712 0.4156
Z -0.1099 -0.9798 0.1673

PART 34
OFFSET 33.1111 -1.0697 1.3562
SCALE 1 1 1
X -0.8763 0.1901 0.4426
Y -0.4602 -0.0590 -0.8858
Z -0.1423 -0.9800 0.1392

PART 35
OFFSET 31.8311 -0.7920 2.0028
SCALE 1 1 1
X -0.9108 0.1630 0.3793
Y -0.3873 -0.0193 -0.9218
Z -0.1429 -0.9864 0.0807

PART 36
OFFSET 30.7988 -0.6143 2.4336
SCALE 1 1 1
X 0.9549 -0.0496 0.2927
Y 0.2784 -0.1929 -0.9409
Z 0.1031 0.9800 -0.1704

PART 37
OFFSET 23.5799 -0.6876 1.2889
SCALE 1 1 1
X 0.9996 0.0269 -0.0087
Y -0.0248 0.6874 -0.7259
Z -0.0135 0.7258 0.6878

PART 38
OFFSET -4.9154 -3.5648 -2.9073
SCALE 1 1 1
X -0.5470 0.5453 -0.6351
Y -0.6019 0.2710 0.7512
Z 0.5817 0.7932 0.1800

PART 39
OFFSET 1.7004 -10.1601 4.7736
SCALE 1 1 1
X -0.7953 -0.5559 0.2417
Y 0.5643 -0.5335 0.6300
Z -0.2213 0.6375 0.7380

PART 40
OFFSET 8.4650 -5.4317 2.7181
SCALE 1 1 1
X -0.7953 -0.5559 0.2417
Y 0.2711 -0.6827 -0.6785
Z 0.5422 -0.4741 0.6937

PART 41
OFFSET 9.8089 -5.5899 0.8283
SCALE 1 1 1
X -0.7981 -0.5545 0.2359
Y 0.2155 -0.6282 -0.7477
Z 0.5627 -0.5459 0.6208

PART 42
OFFSET 9.4680 -4.3422 0.9971
SCALE 1 1 1
X -0.7981 -0.5545 0.2359
Y 0.2155 -0.6282 -0.7477
Z 0.5627 -0.5459 0.6208

PART 43
OFFSET 9.1608 -2.9205 2.8570
SCALE 1 1 1
X -0.7981 -0.5545 0.2359
Y 0.2155 -0.6282 -0.7477
Z 0.5627 -0.5459 0.6208

PART 44
OFFSET 10.9032 -3.7274 1.9772
SCALE 1 1 1
X -0.9955 -0.0347 0.0881
Y -0.0362 -0.7199 -0.6931
Z 0.0875 -0.6932 0.7154

PART 45
OFFSET 11.3500 -2.7324 2.3127
SCALE 1 1 1
X -0.3939 -0.9149 0.0885
Y 0.6266 -0.3377 -0.7023
Z 0.6725 -0.2212 0.7063

PART 46
OFFSET 12.1001 -0.7122 2.1525
SCALE 1 1 1
X -0.8622 -0.3636 0.3527
Y 0.2294 -0.9011 -0.3680
Z 0.4517 -0.2364 0.8603

PART 47
OFFSET 13.4551 -0.1525 1.4647
SCALE 1 1 1
X -0.7743 0.1526 0.6142
Y -0.2690 -0.9578 -0.1011
Z 0.5728 -0.2435 0.7827

PART 48
OFFSET 14.2707 -0.2901 0.7665
SCALE 1 1 1
X -0.9950 0.0717 -0.0702
Y 0.0925 0.3835 -0.9189
Z -0.0389 -0.9208 -0.3881

PART 49
