// Export filename: `C:/cod5/cod/cod5/xanim_export/viewmodel/US/bayonet/viewmodel_bayonet_swipe.XANIM_EXPORT`
// Source filename: `C:/cod5/cod/cod5/animation_assets/viewmodel/US/m1_garand/viewmodelanimation_m1garand.mb`
// Export time: Mon May 26 13:15:22 2008

ANIMATION
VERSION 3

NUMPARTS 83
PART 0 "J_Thumb_RI_1"
PART 1 "J_Thumb_RI_2"
PART 2 "J_Thumb_RI_3"
PART 3 "J_PinkyPalm_RI"
PART 4 "J_Pinky_RI_0"
PART 5 "J_Pinky_RI_1"
PART 6 "J_Pinky_RI_2"
PART 7 "J_Pinky_RI_3"
PART 8 "J_RingPalm_RI"
PART 9 "J_Ring_RI_0"
PART 10 "J_Ring_RI_1"
PART 11 "J_Ring_RI_2"
PART 12 "J_Ring_RI_3"
PART 13 "J_Webbing_RI"
PART 14 "J_Index_RI_0"
PART 15 "J_Index_RI_1"
PART 16 "J_Index_RI_2"
PART 17 "J_Index_RI_3"
PART 18 "J_Mid_RI_0"
PART 19 "J_Mid_RI_1"
PART 20 "J_Mid_RI_2"
PART 21 "J_Mid_RI_3"
PART 22 "tag_cambone"
PART 23 "tag_camera"
PART 24 "tag_gasmask"
PART 25 "RingPalm_FK_RI"
PART 26 "RingPalm_SDK_RI"
PART 27 "tag_torso"
PART 28 "J_Shoulder_LE"
PART 29 "J_Elbow_LE"
PART 30 "J_WristTwist_LE"
PART 31 "J_Sleave_Reshape_Bottom_LE_1"
PART 32 "J_Sleave_Reshape_Bottom_LE_2"
PART 33 "J_Sleave_Reshape_Top_LE_1"
PART 34 "J_Sleave_Reshape_Top_LE_2"
PART 35 "J_Sleave_Reshape_Top_LE_3"
PART 36 "J_Wrist_LE"
PART 37 "J_Thumb_LE_0"
PART 38 "J_Thumb_LE_1"
PART 39 "J_Thumb_LE_2"
PART 40 "J_Thumb_LE_3"
PART 41 "J_PinkyPalm_LE"
PART 42 "J_Pinky_LE_0"
PART 43 "J_Pinky_LE_1"
PART 44 "J_Pinky_LE_2"
PART 45 "J_Pinky_LE_3"
PART 46 "J_RingPalm_LE"
PART 47 "J_Ring_LE_0"
PART 48 "J_Ring_LE_1"
PART 49 "J_Ring_LE_2"
PART 50 "J_Ring_LE_3"
PART 51 "J_Webbing_LE"
PART 52 "J_Index_LE_0"
PART 53 "J_Index_LE_1"
PART 54 "J_Index_LE_2"
PART 55 "J_Index_LE_3"
PART 56 "J_Mid_LE_0"
PART 57 "J_Mid_LE_1"
PART 58 "J_Mid_LE_2"
PART 59 "J_Mid_LE_3"
PART 60 "tag_weapon"
PART 61 "J_Shoulder_RI"
PART 62 "J_Elbow_RI"
PART 63 "J_WristTwist_RI"
PART 64 "J_Sleave_Reshape_Top_RI_3"
PART 65 "J_Sleave_Reshape_Top_RI_2"
PART 66 "J_Sleave_Reshape_Top_RI_1"
PART 67 "J_Wrist_RI"
PART 68 "J_Thumb_RI_0"
PART 69 "RingPalm_FK_LE"
PART 70 "RingPalm_SDK_LE"
PART 71 "J_Gun"
PART 72 "tag_brass"
PART 73 "J_Bolt"
PART 74 "tag_flash"
PART 75 "j_stripper"
PART 76 "J_Clip"
PART 77 "TAG_APERTURE"
PART 78 "tag_bayonet"
PART 79 "tag_grenade"
PART 80 "tag_grenade_mount"
PART 81 "TAG_TELESCOPIC"
PART 82 "TAG_IRON_SIGHTS"

FRAMERATE 24
NUMFRAMES 26

FRAME 235
PART 0
OFFSET 2.1568 -7.4827 -11.4349
SCALE 1 1 1
X -0.5953 -0.6280 0.5012
Y 0.7914 -0.3508 0.5005
Z -0.1385 0.6947 0.7059

PART 1
OFFSET 3.1806 -6.5677 -12.2932
SCALE 1 1 1
X -0.9455 -0.2239 0.2365
Y 0.3254 -0.6265 0.7082
Z -0.0104 0.7466 0.6652

PART 2
OFFSET 4.1980 -6.3491 -12.5913
SCALE 1 1 1
X -0.6242 -0.7739 -0.1068
Y 0.4565 -0.2504 -0.8538
Z 0.6340 -0.5817 0.5096

PART 3
OFFSET 3.2728 -9.9015 -9.5276
SCALE 1 1 1
X -0.9779 -0.2086 0.0158
Y -0.0085 0.1154 0.9933
Z -0.2090 0.9712 -0.1147

PART 4
OFFSET 5.4406 -9.3056 -9.7017
SCALE 1 1 1
X -0.5568 0.0001 0.8306
Y 0.8254 -0.1122 0.5533
Z 0.0932 0.9937 0.0624

PART 5
OFFSET 6.2289 -9.3057 -10.8777
SCALE 1 1 1
X 0.4636 -0.1011 0.8802
Y 0.8849 0.0025 -0.4658
Z 0.0449 0.9949 0.0906

PART 6
OFFSET 5.8178 -9.2161 -11.6582
SCALE 1 1 1
X 0.7848 -0.1102 0.6099
Y 0.6117 -0.0204 -0.7908
Z 0.0996 0.9937 0.0514

PART 7
OFFSET 5.0722 -9.1114 -12.2375
SCALE 1 1 1
X -0.9987 -0.0466 0.0226
Y -0.0307 0.1811 -0.9830
Z 0.0417 -0.9824 -0.1822

PART 8
OFFSET 2.9325 -9.2815 -9.4307
SCALE 1 1 1
X -0.8739 -0.4862 -0.0037
Y -0.0560 0.0931 0.9941
Z -0.4830 0.8689 -0.1086

PART 9
OFFSET 5.2710 -8.1467 -9.3829
SCALE 1 1 1
X -0.3545 -0.0566 0.9333
Y 0.9339 0.0288 0.3564
Z -0.0471 0.9980 0.0426

PART 10
OFFSET 5.8745 -8.0504 -10.9719
SCALE 1 1 1
X 0.6963 -0.0014 0.7178
Y 0.7149 0.0910 -0.6933
Z -0.0643 0.9958 0.0644

PART 11
OFFSET 4.9095 -8.0484 -11.9667
SCALE 1 1 1
X 0.9970 0.0667 0.0394
Y 0.0352 0.0627 -0.9974
Z -0.0690 0.9958 0.0602

PART 12
OFFSET 3.8282 -8.1207 -12.0094
SCALE 1 1 1
X -0.8404 -0.0415 0.5404
Y -0.5396 -0.0297 -0.8414
Z 0.0509 -0.9987 0.0025

PART 13
OFFSET -1.5719 -12.2216 -8.8605
SCALE 1 1 1
X -0.7938 -0.5426 0.2746
Y -0.1334 -0.2851 -0.9492
Z 0.5933 -0.7901 0.1540

PART 14
OFFSET 4.0005 -6.4019 -9.0943
SCALE 1 1 1
X -0.7605 -0.6463 -0.0635
Y -0.1387 0.0662 0.9881
Z -0.6344 0.7602 -0.1400

PART 15
OFFSET 5.3394 -5.2640 -8.9826
SCALE 1 1 1
X -0.7506 -0.5089 0.4214
Y 0.2215 0.4071 0.8861
Z -0.6225 0.7585 -0.1929

PART 16
OFFSET 6.2141 -4.5993 -9.5066
SCALE 1 1 1
X -0.4318 -0.2222 0.8742
Y 0.6052 0.6472 0.4635
Z -0.6687 0.7292 -0.1450

PART 17
OFFSET 6.7019 -4.3483 -10.4940
SCALE 1 1 1
X -0.5939 -0.3068 -0.7438
Y 0.6784 0.3059 -0.6679
Z 0.4325 -0.9013 0.0265

PART 18
OFFSET 4.7264 -7.2271 -9.2065
SCALE 1 1 1
X -0.6169 -0.4593 0.6392
Y 0.4484 0.4624 0.7650
Z -0.6468 0.7585 -0.0793

PART 19
OFFSET 5.9316 -6.3298 -10.4551
SCALE 1 1 1
X 0.3343 0.3632 0.8697
Y 0.7148 0.5038 -0.4851
Z -0.6143 0.7838 -0.0912

PART 20
OFFSET 5.4433 -6.8603 -11.7254
SCALE 1 1 1
X 0.6578 0.5676 0.4951
Y 0.4749 0.1977 -0.8576
Z -0.5846 0.7992 -0.1395

PART 21
OFFSET 4.7027 -7.5087 -12.2857
SCALE 1 1 1
X -0.7703 -0.6126 0.1770
Y -0.1034 -0.1539 -0.9827
Z 0.6292 -0.7753 0.0552

PART 22
OFFSET 0.0000 0.0000 0.0000
SCALE 1 1 1
X 1.0000 0.0000 0.0000
Y 0.0000 1.0000 0.0000
Z 0.0000 0.0000 1.0000

PART 23
OFFSET 0.0000 0.0000 0.0000
SCALE 1 1 1
X 1.0000 0.0000 0.0000
Y 0.0000 1.0000 0.0000
Z 0.0000 0.0000 1.0000

PART 24
OFFSET 1.5404 0.0000 4.1357
SCALE 1 1 1
X 1.0000 0.0000 0.0000
Y 0.0000 1.0000 0.0000
Z 0.0000 0.0000 1.0000

PART 25
OFFSET 2.9325 -9.2815 -9.4307
SCALE 1 1 1
X -0.8739 -0.4862 -0.0037
Y -0.0560 0.0931 0.9941
Z -0.4830 0.8689 -0.1086

PART 26
OFFSET 2.9325 -9.2815 -9.4307
SCALE 1 1 1
X -0.8739 -0.4862 -0.0037
Y -0.0560 0.0931 0.9941
Z -0.4830 0.8689 -0.1086

PART 27
OFFSET 6.2061 -3.1050 -3.3894
SCALE 1 1 1
X 1.0000 0.0000 0.0000
Y 0.0000 1.0000 0.0000
Z 0.0000 -0.0000 1.0000

PART 28
OFFSET 1.6245 4.2672 -6.2573
SCALE 1 1 1
X 0.3028 -0.7633 -0.5707
Y 0.6606 -0.2635 0.7029
Z -0.6869 -0.5899 0.4244

PART 29
OFFSET 5.2870 -4.9635 -13.1597
SCALE 1 1 1
X 0.6302 0.7186 0.2940
Y -0.7451 0.4533 0.4892
Z 0.2182 -0.5274 0.8211

PART 30
OFFSET 10.6475 1.1482 -10.6587
SCALE 1 1 1
X 0.6302 0.7186 0.2940
Y 0.3307 0.0942 -0.9390
Z -0.7024 0.6891 -0.1782

PART 31
OFFSET 11.6135 2.8328 -12.0964
SCALE 1 1 1
X 0.6341 0.7173 0.2889
Y -0.2093 0.5188 -0.8289
Z -0.7444 0.4651 0.4791

PART 32
OFFSET 12.3815 0.9226 -10.3751
SCALE 1 1 1
X 0.6341 0.7173 0.2889
Y -0.2093 0.5188 -0.8289
Z -0.7444 0.4651 0.4791

PART 33
OFFSET 10.5092 3.9398 -10.6578
SCALE 1 1 1
X 0.6341 0.7173 0.2889
Y -0.2093 0.5188 -0.8289
Z -0.7444 0.4651 0.4791

PART 34
OFFSET 10.7749 3.0089 -9.2910
SCALE 1 1 1
X 0.6341 0.7173 0.2889
Y -0.2093 0.5188 -0.8289
Z -0.7444 0.4651 0.4791

PART 35
OFFSET 11.0082 1.8203 -8.1826
SCALE 1 1 1
X 0.6341 0.7173 0.2889
Y -0.2093 0.5188 -0.8289
Z -0.7444 0.4651 0.4791

PART 36
OFFSET 12.5796 3.3511 -9.7573
SCALE 1 1 1
X 0.1926 0.5753 0.7949
Y 0.6095 0.5647 -0.5564
Z -0.7690 0.5917 -0.2419

PART 37
OFFSET 12.9386 4.3978 -10.0360
SCALE 1 1 1
X 0.0290 0.9870 0.1583
Y 0.2953 0.1428 -0.9447
Z -0.9550 0.0741 -0.2873

PART 38
OFFSET 12.9775 6.5460 -9.8047
SCALE 1 1 1
X 0.1373 0.9572 0.2547
Y 0.0677 0.2475 -0.9665
Z -0.9882 0.1500 -0.0308

PART 39
OFFSET 13.0846 8.0933 -9.3392
SCALE 1 1 1
X -0.0161 0.9062 0.4224
Y 0.1294 0.4208 -0.8979
Z -0.9915 0.0402 -0.1240

PART 40
OFFSET 13.0240 9.0823 -8.9033
SCALE 1 1 1
X 0.6517 0.7299 0.2065
Y 0.7237 -0.6798 0.1190
Z 0.2272 0.0719 -0.9712

PART 41
OFFSET 11.9346 3.3528 -8.5377
SCALE 1 1 1
X 0.0285 0.0040 0.9996
Y -0.8254 0.5641 0.0213
Z -0.5638 -0.8257 0.0193

PART 42
OFFSET 11.9794 3.5512 -6.2920
SCALE 1 1 1
X -0.8354 0.5469 0.0556
Y -0.3287 -0.4159 -0.8479
Z -0.4406 -0.7266 0.5272

PART 43
OFFSET 10.7967 4.3255 -6.2134
SCALE 1 1 1
X -0.7765 0.0320 -0.6293
Y 0.4152 -0.7252 -0.5492
Z -0.4740 -0.6878 0.5498

PART 44
OFFSET 10.1082 4.3539 -6.7713
SCALE 1 1 1
X -0.7849 0.0321 -0.6188
Y 0.4381 -0.6774 -0.5909
Z -0.4382 -0.7349 0.5176

PART 45
OFFSET 9.3626 4.3844 -7.3592
SCALE 1 1 1
X 0.3887 0.5070 0.7694
Y 0.7804 -0.6250 0.0176
Z 0.4897 0.5936 -0.6386

PART 46
OFFSET 12.4893 3.7721 -8.6989
SCALE 1 1 1
X 0.1097 0.2916 0.9502
Y -0.7913 0.6041 -0.0940
Z -0.6015 -0.7416 0.2970

PART 47
OFFSET 12.7021 4.4053 -6.1865
SCALE 1 1 1
X -0.5849 0.7527 0.3024
Y -0.5951 -0.1449 -0.7904
Z -0.5511 -0.6423 0.5327

PART 48
OFFSET 11.7064 5.6867 -5.6717
SCALE 1 1 1
X -0.7498 0.1018 -0.6538
Y 0.3502 -0.7773 -0.5226
Z -0.5614 -0.6208 0.5472

PART 49
OFFSET 10.6672 5.8278 -6.5779
SCALE 1 1 1
X -0.7052 0.0027 -0.7090
Y 0.4389 -0.7837 -0.4395
Z -0.5569 -0.6211 0.5515

PART 50
OFFSET 9.9024 5.8307 -7.3468
SCALE 1 1 1
X 0.2997 0.4149 0.8591
Y 0.7872 -0.6162 0.0230
Z 0.5389 0.6694 -0.5113

PART 51
OFFSET 13.7289 6.3385 -8.3200
SCALE 1 1 1
X -0.1505 0.5966 0.7883
Y 0.8150 -0.3764 0.4405
Z 0.5595 0.7088 -0.4296

PART 52
OFFSET 14.0756 5.7990 -6.9897
SCALE 1 1 1
X -0.0286 0.9576 0.2866
Y -0.8886 0.1069 -0.4460
Z -0.4578 -0.2674 0.8479

PART 53
OFFSET 14.0252 7.4851 -6.4852
SCALE 1 1 1
X -0.4585 0.8862 0.0668
Y -0.7890 -0.3713 -0.4895
Z -0.4090 -0.2772 0.8694

PART 54
OFFSET 13.4926 8.5792 -6.4567
SCALE 1 1 1
X -0.7594 0.6022 -0.2464
Y -0.4643 -0.7668 -0.4432
Z -0.4559 -0.2221 0.8619

PART 55
OFFSET 12.6349 9.2594 -6.7351
SCALE 1 1 1
X 0.5381 0.4337 0.7227
Y 0.6396 -0.7686 -0.0150
Z 0.5490 0.4703 -0.6910

PART 56
OFFSET 13.2559 5.2311 -6.5142
SCALE 1 1 1
X -0.3213 0.8189 0.4756
Y -0.7291 0.1066 -0.6761
Z -0.6043 -0.5640 0.5628

PART 57
OFFSET 12.6282 6.8309 -5.5851
SCALE 1 1 1
X -0.7297 0.1429 -0.6687
Y 0.3211 -0.7918 -0.5196
Z -0.6037 -0.5938 0.5319

PART 58
OFFSET 11.5623 7.0396 -6.5618
SCALE 1 1 1
X -0.7176 0.0707 -0.6929
Y 0.4052 -0.7667 -0.4979
Z -0.5664 -0.6381 0.5215

PART 59
OFFSET 10.7453 7.1157 -7.3425
SCALE 1 1 1
X 0.3276 0.4763 0.8160
Y 0.7276 -0.6781 0.1036
Z 0.6027 0.5598 -0.5687

PART 60
OFFSET 8.3856 1.3200 -9.3409
SCALE 1 1 1
X 0.5998 0.7777 0.1883
Y 0.1822 0.0965 -0.9785
Z -0.7792 0.6212 -0.0838

PART 61
OFFSET -2.1097 -3.5648 -2.9073
SCALE 1 1 1
X 0.4034 0.9123 0.0708
Y 0.1979 -0.1626 0.9667
Z 0.8934 -0.3760 -0.2461

PART 62
OFFSET -6.9889 -14.5976 -3.7640
SCALE 1 1 1
X -0.7687 -0.4162 0.4856
Y 0.1330 -0.8467 -0.5152
Z 0.6256 -0.3315 0.7062

PART 63
OFFSET -0.4506 -11.0573 -7.8943
SCALE 1 1 1
X -0.7687 -0.4162 0.4856
Y 0.5268 -0.8426 0.1117
Z 0.3627 0.3417 0.8670

PART 64
OFFSET -0.4668 -9.3012 -9.3794
SCALE 1 1 1
X -0.7712 -0.4103 0.4867
Y -0.6253 0.3448 -0.7001
Z 0.1194 -0.8443 -0.5225

PART 65
OFFSET -0.0881 -8.4516 -8.8366
SCALE 1 1 1
X -0.7712 -0.4103 0.4867
Y -0.6253 0.3448 -0.7001
Z 0.1194 -0.8443 -0.5225

PART 66
OFFSET 1.4335 -10.0035 -7.9620
SCALE 1 1 1
X -0.7712 -0.4103 0.4867
Y -0.6253 0.3448 -0.7001
Z 0.1194 -0.8443 -0.5225

PART 67
OFFSET 1.9060 -9.7812 -9.3830
SCALE 1 1 1
X -0.6824 -0.7309 0.0093
Y 0.7300 -0.6808 0.0607
Z -0.0380 0.0483 0.9981

PART 68
OFFSET 1.5242 -8.8153 -9.8557
SCALE 1 1 1
X -0.3396 -0.6208 0.7066
Y 0.9316 -0.3258 0.1614
Z 0.1300 0.7130 0.6890

PART 69
OFFSET 12.4893 3.7721 -8.6989
SCALE 1 1 1
X 0.1097 0.2916 0.9502
Y -0.7913 0.6041 -0.0940
Z -0.6015 -0.7416 0.2970

PART 70
OFFSET 12.4893 3.7721 -8.6989
SCALE 1 1 1
X 0.1097 0.2916 0.9502
Y -0.7913 0.6041 -0.0940
Z -0.6015 -0.7416 0.2970

PART 71
OFFSET 8.3856 1.3200 -9.3409
SCALE 1 1 1
X 0.5998 0.7777 0.1883
Y 0.1822 0.0965 -0.9785
Z -0.7792 0.6212 -0.0838

PART 72
OFFSET 9.5697 -2.0256 -8.8290
SCALE 1 1 1
X -0.5699 0.2176 0.7924
Y 0.5656 0.8034 0.1861
Z -0.5961 0.5542 -0.5810

PART 73
OFFSET 7.0336 1.6174 -7.7133
SCALE 1 1 1
X 0.5837 0.7902 0.1866
Y 0.1822 0.0965 -0.9785
Z -0.7913 0.6052 -0.0876

PART 74
OFFSET 23.9062 23.9251 -4.2231
SCALE 1 1 1
X 0.5998 0.7777 0.1883
Y 0.1822 0.0965 -0.9785
Z -0.7792 0.6212 -0.0838

PART 75
OFFSET 6.9794 -0.9299 -9.8307
SCALE 1 1 1
X 0.6392 0.7259 0.2539
Y 0.2780 0.0896 -0.9564
Z -0.7170 0.6819 -0.1445

PART 76
OFFSET 6.8911 -0.1031 -9.7209
SCALE 1 1 1
X 0.5998 0.7777 0.1883
Y 0.1822 0.0965 -0.9785
Z -0.7792 0.6212 -0.0838

PART 77
OFFSET 3.3525 -2.4152 -10.6582
SCALE 1 1 1
X 0.5998 0.7777 0.1883
Y 0.1822 0.0965 -0.9785
Z -0.7792 0.6212 -0.0838

PART 78
OFFSET 22.3125 19.8715 -4.9194
SCALE 1 1 1
X 0.5837 0.7902 0.1866
Y 0.1822 0.0965 -0.9785
Z -0.7913 0.6052 -0.0876

PART 79
OFFSET 29.1173 30.9722 -2.5582
SCALE 1 1 1
X 0.5837 0.7902 0.1866
Y 0.1822 0.0965 -0.9785
Z -0.7913 0.6052 -0.0876

PART 80
OFFSET 29.3275 31.2335 -2.4933
SCALE 1 1 1
X 0.5837 0.7902 0.1866
Y 0.1822 0.0965 -0.9785
Z -0.7913 0.6052 -0.0876

PART 81
OFFSET 5.4618 -1.2774 -11.4901
SCALE 1 1 1
X 0.5998 0.7777 0.1883
Y 0.1822 0.0965 -0.9785
Z -0.7792 0.6212 -0.0838

PART 82
OFFSET 11.0248 6.1772 -7.9519
SCALE 1 1 1
X 0.5998 0.7777 0.1883
Y 0.1822 0.0965 -0.9785
Z -0.7792 0.6212 -0.0838


FRAME 236
PART 0
OFFSET 4.9023 -10.0742 -11.7283
SCALE 1 1 1
X -0.5949 -0.6280 0.5017
Y 0.7920 -0.3512 0.4994
Z -0.1374 0.6944 0.7063

PART 1
OFFSET 5.9253 -9.1591 -12.5875
SCALE 1 1 1
X -0.9453 -0.2236 0.2374
Y 0.3260 -0.6269 0.7076
Z -0.0094 0.7463 0.6655

PART 2
OFFSET 6.9424 -8.9407 -12.8867
SCALE 1 1 1
X -0.6246 -0.7737 -0.1064
Y 0.4555 -0.2502 -0.8544
Z 0.6344 -0.5821 0.5087

PART 3
OFFSET 6.0182 -12.4951 -9.8234
SCALE 1 1 1
X -0.9781 -0.2076 0.0167
Y -0.0074 0.1150 0.9933
Z -0.2082 0.9714 -0.1140

PART 4
OFFSET 8.1864 -11.9012 -9.9993
SCALE 1 1 1
X -0.5560 0.0002 0.8312
Y 0.8258 -0.1132 0.5524
Z 0.0942 0.9936 0.0627

PART 5
OFFSET 8.9736 -11.9015 -11.1761
SCALE 1 1 1
X 0.4644 -0.1019 0.8797
Y 0.8844 0.0019 -0.4667
Z 0.0459 0.9948 0.0910

PART 6
OFFSET 8.5618 -11.8112 -11.9561
SCALE 1 1 1
X 0.7853 -0.1112 0.6090
Y 0.6109 -0.0206 -0.7915
Z 0.1006 0.9936 0.0517

PART 7
OFFSET 7.8157 -11.7055 -12.5347
SCALE 1 1 1
X -0.9987 -0.0456 0.0235
Y -0.0315 0.1816 -0.9829
Z 0.0406 -0.9823 -0.1828

PART 8
OFFSET 5.6786 -11.8749 -9.7258
SCALE 1 1 1
X -0.8743 -0.4854 -0.0031
Y -0.0550 0.0927 0.9942
Z -0.4822 0.8694 -0.1077

PART 9
OFFSET 8.0181 -10.7423 -9.6798
SCALE 1 1 1
X -0.3536 -0.0567 0.9337
Y 0.9343 0.0278 0.3555
Z -0.0461 0.9980 0.0431

PART 10
OFFSET 8.6202 -10.6458 -11.2693
SCALE 1 1 1
X 0.6970 -0.0024 0.7171
Y 0.7143 0.0907 -0.6940
Z -0.0633 0.9959 0.0649

PART 11
OFFSET 7.6542 -10.6424 -12.2631
SCALE 1 1 1
X 0.9971 0.0657 0.0385
Y 0.0343 0.0632 -0.9974
Z -0.0680 0.9958 0.0607

PART 12
OFFSET 6.5728 -10.7137 -12.3049
SCALE 1 1 1
X -0.8399 -0.0410 0.5412
Y -0.5405 -0.0288 -0.8409
Z 0.0500 -0.9987 0.0020

PART 13
OFFSET 1.1720 -14.8110 -9.1526
SCALE 1 1 1
X -0.7941 -0.5420 0.2751
Y -0.1346 -0.2846 -0.9492
Z 0.5927 -0.7908 0.1530

PART 14
OFFSET 6.7496 -8.9964 -9.3892
SCALE 1 1 1
X -0.7611 -0.6455 -0.0630
Y -0.1377 0.0659 0.9883
Z -0.6338 0.7609 -0.1390

PART 15
OFFSET 8.0897 -7.8599 -9.2782
SCALE 1 1 1
X -0.7507 -0.5084 0.4219
Y 0.2227 0.4065 0.8861
Z -0.6220 0.7592 -0.1919

PART 16
OFFSET 8.9645 -7.1957 -9.8028
SCALE 1 1 1
X -0.4312 -0.2222 0.8745
Y 0.6063 0.6464 0.4632
Z -0.6682 0.7299 -0.1440

PART 17
OFFSET 9.4516 -6.9447 -10.7905
SCALE 1 1 1
X -0.5949 -0.3059 -0.7433
Y 0.6781 0.3056 -0.6685
Z 0.4316 -0.9017 0.0256

PART 18
OFFSET 7.4747 -9.8222 -9.5024
SCALE 1 1 1
X -0.6167 -0.4590 0.6395
Y 0.4496 0.4616 0.7648
Z -0.6462 0.7591 -0.0783

PART 19
OFFSET 8.6794 -8.9256 -10.7518
SCALE 1 1 1
X 0.3355 0.3624 0.8695
Y 0.7148 0.5033 -0.4856
Z -0.6136 0.7844 -0.0902

PART 20
OFFSET 8.1894 -9.4549 -12.0219
SCALE 1 1 1
X 0.6588 0.5668 0.4947
Y 0.4742 0.1976 -0.8579
Z -0.5840 0.7998 -0.1386

PART 21
OFFSET 7.4477 -10.1024 -12.5817
SCALE 1 1 1
X -0.7707 -0.6120 0.1775
Y -0.1045 -0.1534 -0.9826
Z 0.6285 -0.7759 0.0542

PART 22
OFFSET 0.0000 0.0000 0.0000
SCALE 1 1 1
X 1.0000 0.0000 0.0000
Y 0.0000 1.0000 0.0000
Z 0.0000 0.0000 1.0000

PART 23
OFFSET 0.0000 0.0000 0.0000
SCALE 1 1 1
X 0.9998 -0.0186 -0.0031
Y 0.0188 0.9963 0.0844
Z 0.0016 -0.0845 0.9964

PART 24
OFFSET 1.5466 -0.3780 4.1161
SCALE 1 1 1
X 0.9998 -0.0186 -0.0031
Y 0.0188 0.9963 0.0844
Z 0.0016 -0.0845 0.9964

PART 25
OFFSET 5.6786 -11.8749 -9.7258
SCALE 1 1 1
X -0.8743 -0.4854 -0.0031
Y -0.0550 0.0927 0.9942
Z -0.4822 0.8694 -0.1077

PART 26
OFFSET 5.6786 -11.8749 -9.7258
SCALE 1 1 1
X -0.8743 -0.4854 -0.0031
Y -0.0550 0.0927 0.9942
Z -0.4822 0.8694 -0.1077

PART 27
OFFSET 6.2061 -3.1050 -3.3894
SCALE 1 1 1
X 1.0000 0.0000 0.0000
Y 0.0000 1.0000 0.0000
Z 0.0000 -0.0000 1.0000

PART 28
OFFSET 1.6245 4.2672 -6.2573
SCALE 1 1 1
X 0.3979 0.8201 -0.4113
Y 0.1070 -0.4867 -0.8670
Z -0.9112 0.3010 -0.2814

PART 29
OFFSET 6.4362 14.1853 -11.2314
SCALE 1 1 1
X 0.4864 -0.8719 0.0564
Y -0.7904 -0.4116 0.4538
Z -0.3724 -0.2653 -0.8893

PART 30
OFFSET 10.5736 6.7696 -10.7517
SCALE 1 1 1
X 0.4864 -0.8719 0.0564
Y 0.8330 0.4823 0.2711
Z -0.2636 -0.0849 0.9609

PART 31
OFFSET 12.4661 6.3163 -9.3197
SCALE 1 1 1
X 0.4922 -0.8687 0.0561
Y 0.3824 0.2737 0.8825
Z -0.7820 -0.4129 0.4669

PART 32
OFFSET 11.7873 6.2084 -11.9137
SCALE 1 1 1
X 0.4922 -0.8687 0.0561
Y 0.3824 0.2737 0.8825
Z -0.7820 -0.4129 0.4669

PART 33
OFFSET 10.9845 4.9312 -8.6867
SCALE 1 1 1
X 0.4922 -0.8687 0.0561
Y 0.3824 0.2737 0.8825
Z -0.7820 -0.4129 0.4669

PART 34
OFFSET 10.2751 4.5546 -10.1565
SCALE 1 1 1
X 0.4922 -0.8687 0.0561
Y 0.3824 0.2737 0.8825
Z -0.7820 -0.4129 0.4669

PART 35
OFFSET 9.6330 4.5358 -11.6675
SCALE 1 1 1
X 0.4922 -0.8687 0.0561
Y 0.3824 0.2737 0.8825
Z -0.7820 -0.4129 0.4669

PART 36
OFFSET 12.0649 4.0966 -10.5788
SCALE 1 1 1
X 0.9560 0.0365 0.2910
Y -0.0278 0.9990 -0.0340
Z -0.2920 0.0244 0.9561

PART 37
OFFSET 12.3482 5.0872 -10.0881
SCALE 1 1 1
X 0.3737 0.4319 0.8208
Y -0.8073 0.5872 0.0586
Z -0.4567 -0.6846 0.5681

PART 38
OFFSET 13.0487 6.0397 -8.2793
SCALE 1 1 1
X 0.8712 0.1542 0.4660
Y -0.4472 0.6409 0.6239
Z -0.2024 -0.7520 0.6273

PART 39
OFFSET 14.4592 6.1662 -7.4940
SCALE 1 1 1
X 0.9400 -0.2686 0.2103
Y 0.0088 0.6355 0.7720
Z -0.3410 -0.7239 0.5997

PART 40
OFFSET 15.4603 5.8535 -7.2259
SCALE 1 1 1
X 0.9148 0.3977 -0.0709
Y -0.2864 0.5148 -0.8081
Z -0.2849 0.7595 0.5848

PART 41
OFFSET 12.8447 3.0628 -10.1029
SCALE 1 1 1
X 0.8068 -0.5382 0.2438
Y -0.3099 -0.0343 0.9501
Z -0.5030 -0.8421 -0.1945

PART 42
OFFSET 14.6926 1.9719 -9.4104
SCALE 1 1 1
X 0.4311 -0.2348 0.8712
Y -0.8393 0.2501 0.4827
Z -0.3312 -0.9393 -0.0893

PART 43
OFFSET 15.3030 1.6395 -8.1769
SCALE 1 1 1
X -0.7194 0.1770 0.6717
Y -0.6319 0.2348 -0.7386
Z -0.2885 -0.9558 -0.0570

PART 44
OFFSET 14.6652 1.7964 -7.5814
SCALE 1 1 1
X -0.9462 0.3209 0.0405
Y -0.0021 0.1193 -0.9929
Z -0.3235 -0.9396 -0.1122

PART 45
OFFSET 13.7662 2.1013 -7.5429
SCALE 1 1 1
X 0.7718 -0.1845 0.6085
Y 0.5665 -0.2352 -0.7898
Z 0.2888 0.9543 -0.0770

PART 46
OFFSET 13.0772 3.7313 -10.1950
SCALE 1 1 1
X 0.9166 -0.2719 0.2931
Y -0.3100 -0.0202 0.9505
Z -0.2525 -0.9621 -0.1028

PART 47
OFFSET 15.4254 2.8832 -9.4705
SCALE 1 1 1
X 0.3110 -0.1585 0.9371
Y -0.9047 0.2528 0.3430
Z -0.2913 -0.9544 -0.0648

PART 48
OFFSET 15.9550 2.6133 -7.8751
SCALE 1 1 1
X -0.8693 0.2297 0.4377
Y -0.4106 0.1577 -0.8981
Z -0.2753 -0.9604 -0.0427

PART 49
OFFSET 14.7502 2.9316 -7.2684
SCALE 1 1 1
X -0.9453 0.2734 -0.1779
Y 0.1834 -0.0053 -0.9830
Z -0.2697 -0.9619 -0.0451

PART 50
OFFSET 13.7250 3.2281 -7.4613
SCALE 1 1 1
X 0.6565 -0.2683 0.7050
Y 0.7035 -0.1197 -0.7006
Z 0.2723 0.9559 0.1101

PART 51
OFFSET 14.8114 5.8086 -9.2232
SCALE 1 1 1
X 0.8237 -0.1521 0.5462
Y 0.5558 0.0263 -0.8309
Z 0.1120 0.9880 0.1062

PART 52
OFFSET 15.8776 4.9834 -9.8258
SCALE 1 1 1
X 0.5797 0.1190 0.8061
Y -0.8046 -0.0729 0.5894
Z 0.1289 -0.9902 0.0535

PART 53
OFFSET 16.8982 5.1929 -8.4066
SCALE 1 1 1
X 0.1685 0.0469 0.9846
Y -0.9710 -0.1638 0.1740
Z 0.1695 -0.9854 0.0179

PART 54
OFFSET 17.0928 5.3097 -7.2107
SCALE 1 1 1
X -0.6284 -0.0318 0.7773
Y -0.7610 -0.1818 -0.6227
Z 0.1611 -0.9828 0.0901

PART 55
OFFSET 16.3830 5.2738 -6.3327
SCALE 1 1 1
X 0.9369 -0.1020 0.3344
Y 0.3446 0.1071 -0.9326
Z 0.0593 0.9890 0.1355

PART 56
OFFSET 15.7535 3.9001 -9.6485
SCALE 1 1 1
X 0.5915 0.0031 0.8063
Y -0.8062 0.0191 0.5913
Z -0.0136 -0.9998 0.0138

PART 57
OFFSET 16.9089 3.9061 -8.0733
SCALE 1 1 1
X -0.6659 0.0280 0.7455
Y -0.7443 0.0429 -0.6665
Z -0.0507 -0.9987 -0.0077

PART 58
OFFSET 15.9362 3.9471 -6.9844
SCALE 1 1 1
X -0.9812 0.0819 -0.1750
Y 0.1793 0.0487 -0.9826
Z -0.0719 -0.9955 -0.0625

PART 59
OFFSET 14.8243 4.0327 -7.1824
SCALE 1 1 1
X 0.6424 -0.0302 0.7658
Y 0.7613 -0.0896 -0.6422
Z 0.0880 0.9955 -0.0345

PART 60
OFFSET 11.1349 -1.2762 -9.6371
SCALE 1 1 1
X 0.5998 0.7777 0.1883
Y 0.1822 0.0965 -0.9785
Z -0.7792 0.6212 -0.0838

PART 61
OFFSET -2.1097 -3.5648 -2.9073
SCALE 1 1 1
X 0.3889 0.8020 0.4534
Y -0.3483 -0.3277 0.8783
Z 0.8529 -0.4995 0.1519

PART 62
OFFSET -6.8132 -13.2637 -8.3910
SCALE 1 1 1
X -0.9908 -0.0769 0.1112
Y 0.0044 -0.8404 -0.5420
Z 0.1351 -0.5365 0.8330

PART 63
OFFSET 1.6142 -12.6095 -9.3366
SCALE 1 1 1
X -0.9908 -0.0769 0.1112
Y 0.0862 -0.9929 0.0814
Z 0.1041 0.0903 0.9905

PART 64
OFFSET 2.8281 -11.0464 -10.3832
SCALE 1 1 1
X -0.9912 -0.0704 0.1121
Y -0.1324 0.5487 -0.8254
Z -0.0034 -0.8330 -0.5532

PART 65
OFFSET 3.2520 -10.4167 -9.6027
SCALE 1 1 1
X -0.9912 -0.0704 0.1121
Y -0.1324 0.5487 -0.8254
Z -0.0034 -0.8330 -0.5532

PART 66
OFFSET 3.6191 -12.2619 -8.4988
SCALE 1 1 1
X -0.9912 -0.0704 0.1121
Y -0.1324 0.5487 -0.8254
Z -0.0034 -0.8330 -0.5532

PART 67
OFFSET 4.6517 -12.3736 -9.6774
SCALE 1 1 1
X -0.6831 -0.7302 0.0097
Y 0.7294 -0.6815 0.0597
Z -0.0370 0.0478 0.9982

PART 68
OFFSET 4.2703 -11.4071 -10.1492
SCALE 1 1 1
X -0.3393 -0.6210 0.7066
Y 0.9315 -0.3264 0.1604
Z 0.1310 0.7126 0.6892

PART 69
OFFSET 13.0772 3.7313 -10.1950
SCALE 1 1 1
X 0.9166 -0.2719 0.2931
Y -0.3100 -0.0202 0.9505
Z -0.2525 -0.9621 -0.1028

PART 70
OFFSET 13.0772 3.7313 -10.1950
SCALE 1 1 1
X 0.9166 -0.2719 0.2931
Y -0.3100 -0.0202 0.9505
Z -0.2525 -0.9621 -0.1028

PART 71
OFFSET 11.1349 -1.2762 -9.6371
SCALE 1 1 1
X 0.5998 0.7777 0.1883
Y 0.1822 0.0965 -0.9785
Z -0.7792 0.6212 -0.0838

PART 72
OFFSET 12.3189 -4.6218 -9.1252
SCALE 1 1 1
X -0.5699 0.2176 0.7924
Y 0.5656 0.8034 0.1861
Z -0.5961 0.5542 -0.5810

PART 73
OFFSET 9.7828 -0.9788 -8.0095
SCALE 1 1 1
X 0.5837 0.7902 0.1866
Y 0.1822 0.0965 -0.9785
Z -0.7913 0.6052 -0.0876

PART 74
OFFSET 26.6554 21.3289 -4.5193
SCALE 1 1 1
X 0.5998 0.7777 0.1883
Y 0.1822 0.0965 -0.9785
Z -0.7792 0.6212 -0.0838

PART 75
OFFSET 9.7286 -3.5261 -10.1269
SCALE 1 1 1
X 0.6392 0.7259 0.2539
Y 0.2780 0.0896 -0.9564
Z -0.7170 0.6819 -0.1445

PART 76
OFFSET 9.6403 -2.6993 -10.0171
SCALE 1 1 1
X 0.5998 0.7777 0.1883
Y 0.1822 0.0965 -0.9785
Z -0.7792 0.6212 -0.0838

PART 77
OFFSET 6.1018 -5.0114 -10.9544
SCALE 1 1 1
X 0.5998 0.7777 0.1883
Y 0.1822 0.0965 -0.9785
Z -0.7792 0.6212 -0.0838

PART 78
OFFSET 25.0618 17.2753 -5.2156
SCALE 1 1 1
X 0.5837 0.7902 0.1866
Y 0.1822 0.0965 -0.9785
Z -0.7913 0.6052 -0.0876

PART 79
OFFSET 31.8665 28.3759 -2.8544
SCALE 1 1 1
X 0.5837 0.7902 0.1866
Y 0.1822 0.0965 -0.9785
Z -0.7913 0.6052 -0.0876

PART 80
OFFSET 32.0767 28.6373 -2.7895
SCALE 1 1 1
X 0.5837 0.7902 0.1866
Y 0.1822 0.0965 -0.9785
Z -0.7913 0.6052 -0.0876

PART 81
OFFSET 8.2111 -3.8736 -11.7863
SCALE 1 1 1
X 0.5998 0.7777 0.1883
Y 0.1822 0.0965 -0.9785
Z -0.7792 0.6212 -0.0838

PART 82
OFFSET 13.7740 3.5810 -8.2481
SCALE 1 1 1
X 0.5998 0.7777 0.1883
Y 0.1822 0.0965 -0.9785
Z -0.7792 0.6212 -0.0838


FRAME 237
PART 0
OFFSET 3.7711 -7.9513 -13.0152
SCALE 1 1 1
X -0.7938 -0.3721 0.4810
Y 0.5979 -0.6223 0.5053
Z 0.1113 0.6887 0.7165

PART 1
OFFSET 5.0758 -7.4647 -13.8417
SCALE 1 1 1
X -0.9664 0.1357 0.2183
Y 0.0586 -0.7104 0.7013
Z 0.2502 0.6906 0.6786

PART 2
OFFSET 6.1085 -7.6310 -14.1207
SCALE 1 1 1
X -0.8621 -0.4898 -0.1303
Y 0.3504 -0.3903 -0.8514
Z 0.3662 -0.7796 0.5081

PART 3
OFFSET 3.8778 -10.6347 -11.1370
SCALE 1 1 1
X -0.9860 0.1666 -0.0029
Y 0.0137 0.0987 0.9950
Z 0.1661 0.9811 -0.0996

PART 4
OFFSET 6.1158 -10.8782 -11.2669
SCALE 1 1 1
X -0.5349 0.1956 0.8219
Y 0.7141 -0.4152 0.5636
Z 0.4515 0.8885 0.0824

PART 5
OFFSET 6.8731 -11.1552 -12.4306
SCALE 1 1 1
X 0.3752 -0.2753 0.8851
Y 0.8331 -0.3185 -0.4522
Z 0.4064 0.9071 0.1099

PART 6
OFFSET 6.5405 -10.9111 -13.2154
SCALE 1 1 1
X 0.6760 -0.3991 0.6195
Y 0.5776 -0.2352 -0.7817
Z 0.4577 0.8862 0.0715

PART 7
OFFSET 5.8983 -10.5320 -13.8040
SCALE 1 1 1
X -0.9458 0.3247 0.0065
Y 0.0589 0.1912 -0.9798
Z -0.3194 -0.9263 -0.2000

PART 8
OFFSET 3.7879 -9.9341 -11.0336
SCALE 1 1 1
X -0.9912 -0.1296 -0.0261
Y -0.0387 0.0954 0.9947
Z -0.1264 0.9870 -0.0996

PART 9
OFFSET 6.3784 -9.7424 -10.9290
SCALE 1 1 1
X -0.3699 0.0671 0.9266
Y 0.8711 -0.3218 0.3710
Z 0.3231 0.9444 0.0606

PART 10
OFFSET 7.0083 -9.8566 -12.5066
SCALE 1 1 1
X 0.6315 -0.2666 0.7281
Y 0.7125 -0.1709 -0.6806
Z 0.3058 0.9485 0.0821

PART 11
OFFSET 6.1330 -9.4871 -13.5157
SCALE 1 1 1
X 0.9503 -0.3062 0.0558
Y 0.0768 0.0571 -0.9954
Z 0.3016 0.9503 0.0778

PART 12
OFFSET 5.1024 -9.1550 -13.5762
SCALE 1 1 1
X -0.8077 0.2650 0.5267
Y -0.4947 0.1814 -0.8499
Z -0.3207 -0.9470 -0.0154

PART 13
OFFSET -1.4938 -11.0122 -10.5871
SCALE 1 1 1
X -0.9435 -0.2148 0.2523
Y -0.2091 -0.2046 -0.9563
Z 0.2570 -0.9550 0.1481

PART 14
OFFSET 5.8346 -7.6555 -10.6272
SCALE 1 1 1
X -0.9436 -0.3195 -0.0871
Y -0.1253 0.1010 0.9870
Z -0.3065 0.9422 -0.1353

PART 15
OFFSET 7.4960 -7.0930 -10.4738
SCALE 1 1 1
X -0.8940 -0.2011 0.4003
Y 0.3372 0.2862 0.8969
Z -0.2950 0.9368 -0.1880

PART 16
OFFSET 8.5649 -6.7916 -10.9719
SCALE 1 1 1
X -0.5016 -0.0576 0.8632
Y 0.7913 0.3728 0.4847
Z -0.3497 0.9261 -0.1414

PART 17
OFFSET 9.1314 -6.7266 -11.9469
SCALE 1 1 1
X -0.6494 -0.0573 -0.7583
Y 0.7573 0.0420 -0.6517
Z 0.0692 -0.9975 0.0161

PART 18
OFFSET 6.2076 -8.6889 -10.7437
SCALE 1 1 1
X -0.7560 -0.2069 0.6210
Y 0.5710 0.2553 0.7802
Z -0.3200 0.9445 -0.0749

PART 19
OFFSET 7.6845 -8.2846 -11.9569
SCALE 1 1 1
X 0.4262 0.2040 0.8813
Y 0.8601 0.2103 -0.4647
Z -0.2802 0.9561 -0.0858

PART 20
OFFSET 7.0619 -8.5826 -13.2442
SCALE 1 1 1
X 0.8101 0.2791 0.5156
Y 0.5322 0.0187 -0.8464
Z -0.2459 0.9601 -0.1334

PART 21
OFFSET 6.1465 -8.9055 -13.8277
SCALE 1 1 1
X -0.9454 -0.2874 0.1538
Y -0.1322 -0.0933 -0.9868
Z 0.2979 -0.9533 0.0502

PART 22
OFFSET 0.0000 0.0000 0.0000
SCALE 1 1 1
X 1.0000 0.0000 0.0000
Y 0.0000 1.0000 0.0000
Z 0.0000 0.0000 1.0000

PART 23
OFFSET 0.0000 0.0000 0.0000
SCALE 1 1 1
X 0.9993 -0.0372 -0.0063
Y 0.0377 0.9853 0.1667
Z 0.0000 -0.1668 0.9860

PART 24
OFFSET 1.5393 -0.7470 4.0681
SCALE 1 1 1
X 0.9993 -0.0372 -0.0063
Y 0.0377 0.9853 0.1667
Z -0.0000 -0.1668 0.9860

PART 25
OFFSET 3.7879 -9.9341 -11.0336
SCALE 1 1 1
X -0.9912 -0.1296 -0.0261
Y -0.0387 0.0954 0.9947
Z -0.1264 0.9870 -0.0996

PART 26
OFFSET 3.7879 -9.9341 -11.0336
SCALE 1 1 1
X -0.9912 -0.1296 -0.0261
Y -0.0387 0.0954 0.9947
Z -0.1264 0.9870 -0.0996

PART 27
OFFSET 6.2061 -3.1050 -3.3894
SCALE 1 1 1
X 1.0000 0.0000 0.0000
Y 0.0000 1.0000 0.0000
Z 0.0000 -0.0000 1.0000

PART 28
OFFSET 1.6245 4.2672 -6.2573
SCALE 1 1 1
X 0.6216 0.6562 -0.4279
Y 0.0380 -0.5708 -0.8202
Z -0.7824 0.4935 -0.3797

PART 29
OFFSET 9.1415 12.2029 -11.4323
SCALE 1 1 1
X 0.5572 -0.8303 -0.0057
Y -0.7453 -0.5032 0.4375
Z -0.3662 -0.2395 -0.8992

PART 30
OFFSET 13.8811 5.1406 -11.4811
SCALE 1 1 1
X 0.5572 -0.8303 -0.0057
Y 0.8116 0.5432 0.2151
Z -0.1755 -0.1245 0.9766

PART 31
OFFSET 15.8311 4.7578 -10.1068
SCALE 1 1 1
X 0.5627 -0.8267 -0.0059
Y 0.3753 0.2491 0.8928
Z -0.7366 -0.5046 0.4504

PART 32
OFFSET 15.1145 4.7554 -12.6930
SCALE 1 1 1
X 0.5627 -0.8267 -0.0059
Y 0.3753 0.2491 0.8928
Z -0.7366 -0.5046 0.4504

PART 33
OFFSET 14.4801 3.2180 -9.5429
SCALE 1 1 1
X 0.5627 -0.8267 -0.0059
Y 0.3753 0.2491 0.8928
Z -0.7366 -0.5046 0.4504

PART 34
OFFSET 13.7764 2.8759 -11.0238
SCALE 1 1 1
X 0.5627 -0.8267 -0.0059
Y 0.3753 0.2491 0.8928
Z -0.7366 -0.5046 0.4504

PART 35
OFFSET 13.1096 2.8977 -12.5240
SCALE 1 1 1
X 0.5627 -0.8267 -0.0059
Y 0.3753 0.2491 0.8928
Z -0.7366 -0.5046 0.4504

PART 36
OFFSET 15.5894 2.5951 -11.4987
SCALE 1 1 1
X 0.8961 -0.3179 0.3097
Y 0.3397 0.9404 -0.0177
Z -0.2856 0.1211 0.9507

PART 37
OFFSET 16.2031 3.4093 -10.9861
SCALE 1 1 1
X 0.4849 0.2605 0.8349
Y -0.5360 0.8428 0.0483
Z -0.6911 -0.4709 0.5483

PART 38
OFFSET 17.1574 4.0293 -9.1491
SCALE 1 1 1
X 0.8550 -0.1815 0.4858
Y -0.1937 0.7573 0.6237
Z -0.4811 -0.6274 0.6123

PART 39
OFFSET 18.4954 3.6210 -8.3335
SCALE 1 1 1
X 0.7680 -0.6006 0.2225
Y 0.2274 0.5804 0.7819
Z -0.5988 -0.5499 0.5823

PART 40
OFFSET 19.3024 2.9562 -8.0529
SCALE 1 1 1
X 0.9984 0.0295 -0.0487
Y -0.0567 0.5908 -0.8048
Z 0.0050 0.8063 0.5915

PART 41
OFFSET 15.9262 1.3437 -11.0255
SCALE 1 1 1
X 0.5485 -0.7979 0.2500
Y -0.3236 0.0731 0.9434
Z -0.7710 -0.5983 -0.2182

PART 42
OFFSET 17.2311 -0.3531 -10.3164
SCALE 1 1 1
X 0.2947 -0.3837 0.8752
Y -0.7013 0.5353 0.4708
Z -0.6491 -0.7525 -0.1113

PART 43
OFFSET 17.6483 -0.8963 -9.0773
SCALE 1 1 1
X -0.6209 0.4218 0.6607
Y -0.4847 0.4559 -0.7465
Z -0.6161 -0.7837 -0.0786

PART 44
OFFSET 17.0978 -0.5223 -8.4914
SCALE 1 1 1
X -0.7644 0.6442 0.0279
Y 0.0653 0.1205 -0.9906
Z -0.6414 -0.7553 -0.1342

PART 45
OFFSET 16.3716 0.0897 -8.4649
SCALE 1 1 1
X 0.6364 -0.4591 0.6199
Y 0.4602 -0.4190 -0.7827
Z 0.6191 0.7834 -0.0554

PART 46
OFFSET 16.3890 1.8818 -11.1019
SCALE 1 1 1
X 0.7467 -0.5906 0.3059
Y -0.3186 0.0862 0.9440
Z -0.5839 -0.8023 -0.1238

PART 47
OFFSET 18.2473 0.2279 -10.3471
SCALE 1 1 1
X 0.2092 -0.2694 0.9400
Y -0.7578 0.5630 0.3299
Z -0.6181 -0.7814 -0.0864

PART 48
OFFSET 18.6034 -0.2307 -8.7467
SCALE 1 1 1
X -0.7356 0.5277 0.4249
Y -0.3031 0.3046 -0.9030
Z -0.6059 -0.7929 -0.0641

PART 49
OFFSET 17.5840 0.5006 -8.1579
SCALE 1 1 1
X -0.7757 0.6015 -0.1912
Y 0.1922 -0.0634 -0.9793
Z -0.6012 -0.7964 -0.0664

PART 50
OFFSET 16.7427 1.1529 -8.3653
SCALE 1 1 1
X 0.4961 -0.4957 0.7128
Y 0.6277 -0.3624 -0.6889
Z 0.5999 0.7892 0.1314

PART 51
OFFSET 18.7381 3.1731 -10.0624
SCALE 1 1 1
X 0.6980 -0.4473 0.5592
Y 0.5467 -0.1714 -0.8196
Z 0.4624 0.8778 0.1249

PART 52
OFFSET 19.4435 2.0206 -10.6584
SCALE 1 1 1
X 0.5637 -0.1081 0.8189
Y -0.7895 0.2211 0.5726
Z -0.2430 -0.9692 0.0393

PART 53
OFFSET 20.4359 1.8303 -9.2167
SCALE 1 1 1
X 0.1504 -0.0265 0.9883
Y -0.9677 0.2009 0.1527
Z -0.2025 -0.9793 0.0045

PART 54
OFFSET 20.6311 1.8575 -8.0155
SCALE 1 1 1
X -0.6150 0.1933 0.7645
Y -0.7598 0.1143 -0.6401
Z -0.2111 -0.9745 0.0766

PART 55
OFFSET 19.9365 2.0758 -7.1520
SCALE 1 1 1
X 0.8267 -0.4402 0.3505
Y 0.3821 -0.0181 -0.9240
Z 0.4131 0.8977 0.1532

PART 56
OFFSET 18.9282 1.0561 -10.5018
SCALE 1 1 1
X 0.5323 -0.2203 0.8174
Y -0.7575 0.3073 0.5761
Z -0.3781 -0.9258 -0.0033

PART 57
OFFSET 19.9680 0.6257 -8.9049
SCALE 1 1 1
X -0.6273 0.2630 0.7330
Y -0.6611 0.3178 -0.6797
Z -0.4117 -0.9110 -0.0255

PART 58
OFFSET 19.0517 1.0098 -7.8342
SCALE 1 1 1
X -0.8790 0.4363 -0.1923
Y 0.2081 -0.0117 -0.9780
Z -0.4289 -0.8997 -0.0806

PART 59
OFFSET 18.0530 1.4976 -8.0519
SCALE 1 1 1
X 0.5685 -0.2696 0.7773
Y 0.6911 -0.3560 -0.6290
Z 0.4463 0.8948 -0.0161

PART 60
OFFSET 12.7393 -2.0742 -10.6655
SCALE 1 1 1
X 0.8377 0.5030 0.2128
Y 0.2281 0.0317 -0.9731
Z -0.4963 0.8637 -0.0882

PART 61
OFFSET -2.1097 -3.5648 -2.9073
SCALE 1 1 1
X 0.5335 0.6888 0.4908
Y -0.1997 -0.4613 0.8645
Z 0.8219 -0.5592 -0.1086

PART 62
OFFSET -8.5617 -11.8954 -8.8432
SCALE 1 1 1
X -0.9688 -0.1620 0.1873
Y -0.0162 -0.7132 -0.7007
Z 0.2472 -0.6819 0.6884

PART 63
OFFSET -0.3213 -10.5173 -10.4366
SCALE 1 1 1
X -0.9688 -0.1620 0.1873
Y 0.1806 -0.9797 0.0866
Z 0.1695 0.1177 0.9785

PART 64
OFFSET 0.6502 -8.5896 -11.4308
SCALE 1 1 1
X -0.9694 -0.1559 0.1896
Y -0.2442 0.6926 -0.6788
Z -0.0255 -0.7043 -0.7094

PART 65
OFFSET 1.1105 -8.0594 -10.6240
SCALE 1 1 1
X -0.9694 -0.1559 0.1896
Y -0.2442 0.6926 -0.6788
Z -0.0255 -0.7043 -0.7094

PART 66
OFFSET 1.7391 -10.3989 -9.9248
SCALE 1 1 1
X -0.9694 -0.1559 0.1896
Y -0.2442 0.6926 -0.6788
Z -0.0255 -0.7043 -0.7094

PART 67
OFFSET 2.6488 -10.0205 -11.0109
SCALE 1 1 1
X -0.9038 -0.4277 -0.0147
Y 0.4263 -0.9027 0.0591
Z -0.0385 0.0471 0.9981

PART 68
OFFSET 2.6599 -8.9764 -11.4711
SCALE 1 1 1
X -0.5588 -0.4608 0.6895
Y 0.7432 -0.6472 0.1698
Z 0.3680 0.6073 0.7041

PART 69
OFFSET 16.3890 1.8818 -11.1019
SCALE 1 1 1
X 0.7467 -0.5906 0.3059
Y -0.3186 0.0862 0.9440
Z -0.5839 -0.8023 -0.1238

PART 70
OFFSET 16.3890 1.8818 -11.1019
SCALE 1 1 1
X 0.7467 -0.5906 0.3059
Y -0.3186 0.0862 0.9440
Z -0.5839 -0.8023 -0.1238

PART 71
OFFSET 12.7393 -2.0742 -10.6655
SCALE 1 1 1
X 0.8377 0.5030 0.2128
Y 0.2281 0.0317 -0.9731
Z -0.4963 0.8637 -0.0882

PART 72
OFFSET 12.6073 -5.6254 -10.1875
SCALE 1 1 1
X -0.4698 0.4040 0.7849
Y 0.8153 0.5395 0.2104
Z -0.3385 0.7388 -0.5828

PART 73
OFFSET 11.5507 -1.3174 -9.0591
SCALE 1 1 1
X 0.8273 0.5206 0.2109
Y 0.2281 0.0317 -0.9731
Z -0.5133 0.8532 -0.0925

PART 74
OFFSET 35.3155 13.2500 -4.8731
SCALE 1 1 1
X 0.8377 0.5030 0.2128
Y 0.2281 0.0317 -0.9731
Z -0.4963 0.8637 -0.0882

PART 75
OFFSET 10.6207 -3.6502 -11.2198
SCALE 1 1 1
X 0.8539 0.4398 0.2782
Y 0.3143 -0.0098 -0.9493
Z -0.4148 0.8980 -0.1466

PART 76
OFFSET 10.8378 -2.8493 -11.0978
SCALE 1 1 1
X 0.8377 0.5030 0.2128
Y 0.2281 0.0317 -0.9731
Z -0.4963 0.8637 -0.0882

PART 77
OFFSET 6.7228 -3.7001 -12.1411
SCALE 1 1 1
X 0.8377 0.5030 0.2128
Y 0.2281 0.0317 -0.9731
Z -0.4963 0.8637 -0.0882

PART 78
OFFSET 32.3689 10.0654 -5.6678
SCALE 1 1 1
X 0.8273 0.5206 0.2109
Y 0.2281 0.0317 -0.9731
Z -0.5133 0.8532 -0.0925

PART 79
OFFSET 42.6987 17.8905 -2.9909
SCALE 1 1 1
X 0.8273 0.5206 0.2109
Y 0.2281 0.0317 -0.9731
Z -0.5133 0.8532 -0.0925

PART 80
OFFSET 42.9883 18.0563 -2.9176
SCALE 1 1 1
X 0.8273 0.5206 0.2109
Y 0.2281 0.0317 -0.9731
Z -0.5133 0.8532 -0.0925

PART 81
OFFSET 9.1212 -3.4047 -12.9134
SCALE 1 1 1
X 0.8377 0.5030 0.2128
Y 0.2281 0.0317 -0.9731
Z -0.4963 0.8637 -0.0882

PART 82
OFFSET 16.9359 1.4703 -9.1449
SCALE 1 1 1
X 0.8377 0.5030 0.2128
Y 0.2281 0.0317 -0.9731
Z -0.4963 0.8637 -0.0882


FRAME 238
PART 0
OFFSET 3.6688 2.1336 -14.8030
SCALE 1 1 1
X -0.8408 0.3035 0.4483
Y -0.1243 -0.9142 0.3858
Z 0.5269 0.2686 0.8063

PART 1
OFFSET 4.9597 1.5591 -15.5940
SCALE 1 1 1
X -0.5468 0.7926 0.2698
Y -0.5601 -0.5858 0.5858
Z 0.6223 0.1692 0.7642

PART 2
OFFSET 5.5321 0.7042 -15.9307
SCALE 1 1 1
X -0.9188 0.3557 -0.1711
Y 0.0106 -0.4110 -0.9116
Z -0.3945 -0.8394 0.3738

PART 3
OFFSET 1.5420 0.1066 -13.3488
SCALE 1 1 1
X -0.5143 0.8558 0.0563
Y -0.0065 -0.0695 0.9976
Z 0.8576 0.5126 0.0413

PART 4
OFFSET 2.8232 -1.7331 -13.5917
SCALE 1 1 1
X -0.2739 0.4304 0.8601
Y 0.0994 -0.8768 0.4704
Z 0.9566 0.2143 0.1974

PART 5
OFFSET 3.2110 -2.3424 -14.8093
SCALE 1 1 1
X -0.0442 -0.5694 0.8208
Y 0.3414 -0.7808 -0.5233
Z 0.9389 0.2571 0.2289

PART 6
OFFSET 3.2502 -1.8375 -15.5371
SCALE 1 1 1
X 0.0817 -0.8444 0.5295
Y 0.2681 -0.4931 -0.8277
Z 0.9599 0.2096 0.1861

PART 7
OFFSET 3.1726 -1.0353 -16.0401
SCALE 1 1 1
X -0.3696 0.9250 0.0877
Y 0.2711 0.1976 -0.9420
Z -0.8888 -0.3244 -0.3239

PART 8
OFFSET 2.0033 0.6096 -13.1396
SCALE 1 1 1
X -0.7392 0.6734 -0.0104
Y -0.0429 -0.0317 0.9986
Z 0.6721 0.7386 0.0524

PART 9
OFFSET 3.8209 -1.2486 -13.0984
SCALE 1 1 1
X -0.2733 0.2101 0.9387
Y 0.2891 -0.9128 0.2885
Z 0.9175 0.3503 0.1887

PART 10
OFFSET 4.2861 -1.6064 -14.6966
SCALE 1 1 1
X 0.1430 -0.7393 0.6580
Y 0.3952 -0.5668 -0.7229
Z 0.9074 0.3634 0.2111

PART 11
OFFSET 4.0879 -0.5817 -15.6084
SCALE 1 1 1
X 0.3809 -0.9243 -0.0235
Y 0.1829 0.1003 -0.9780
Z 0.9063 0.3683 0.2073

PART 12
OFFSET 3.6748 0.4207 -15.5830
SCALE 1 1 1
X -0.3720 0.7181 0.5881
Y -0.1076 0.5960 -0.7958
Z -0.9220 -0.3593 -0.1445

PART 13
OFFSET -2.2811 3.8784 -12.6736
SCALE 1 1 1
X -0.7977 0.5486 0.2505
Y -0.2039 0.1455 -0.9681
Z -0.5676 -0.8233 -0.0042

PART 14
OFFSET 5.0161 0.4602 -12.4715
SCALE 1 1 1
X -0.8461 0.5234 -0.1005
Y -0.0943 0.0386 0.9948
Z 0.5246 0.8512 0.0167

PART 15
OFFSET 6.5059 -0.4613 -12.2946
SCALE 1 1 1
X -0.7686 0.5015 0.3971
Y 0.3541 -0.1834 0.9170
Z 0.5328 0.8455 -0.0366

PART 16
OFFSET 7.4726 -1.0197 -12.7796
SCALE 1 1 1
X -0.4472 0.2383 0.8621
Y 0.7516 -0.4224 0.5066
Z 0.4849 0.8745 0.0098

PART 17
OFFSET 7.9778 -1.2889 -13.7534
SCALE 1 1 1
X -0.3965 0.5497 -0.7352
Y 0.5824 -0.4684 -0.6643
Z -0.7096 -0.6916 -0.1344

PART 18
OFFSET 4.4886 -0.4687 -12.7530
SCALE 1 1 1
X -0.7033 0.3659 0.6095
Y 0.4931 -0.3664 0.7890
Z 0.5121 0.8555 0.0773

PART 19
OFFSET 5.8626 -1.1836 -13.9437
SCALE 1 1 1
X 0.3512 -0.3017 0.8864
Y 0.7594 -0.4620 -0.4581
Z 0.5477 0.8340 0.0668

PART 20
OFFSET 5.3496 -0.7430 -15.2384
SCALE 1 1 1
X 0.6903 -0.5004 0.5226
Y 0.4362 -0.2885 -0.8523
Z 0.5773 0.8163 0.0192

PART 21
OFFSET 4.5640 -0.1822 -15.8310
SCALE 1 1 1
X -0.8448 0.5157 0.1424
Y -0.0671 0.1619 -0.9845
Z -0.5308 -0.8413 -0.1022

PART 22
OFFSET 0.0000 0.0000 0.0000
SCALE 1 1 1
X 1.0000 0.0000 0.0000
Y 0.0000 1.0000 0.0000
Z 0.0000 0.0000 1.0000

PART 23
OFFSET 0.0000 0.0000 0.0000
SCALE 1 1 1
X 0.9993 -0.0367 -0.0062
Y 0.0372 0.9869 0.1573
Z 0.0004 -0.1574 0.9875

PART 24
OFFSET 1.5408 -0.7074 4.0746
SCALE 1 1 1
X 0.9993 -0.0367 -0.0062
Y 0.0372 0.9869 0.1573
Z 0.0004 -0.1574 0.9875

PART 25
OFFSET 2.0033 0.6096 -13.1396
SCALE 1 1 1
X -0.7392 0.6734 -0.0104
Y -0.0429 -0.0317 0.9986
Z 0.6721 0.7386 0.0524

PART 26
OFFSET 2.0033 0.6096 -13.1396
SCALE 1 1 1
X -0.7392 0.6734 -0.0104
Y -0.0429 -0.0317 0.9986
Z 0.6721 0.7386 0.0524

PART 27
OFFSET 6.2061 -3.1050 -3.3894
SCALE 1 1 1
X 1.0000 0.0000 0.0000
Y 0.0000 1.0000 0.0000
Z 0.0000 -0.0000 1.0000

PART 28
OFFSET 1.6245 4.2672 -6.2573
SCALE 1 1 1
X 0.8328 0.3550 -0.4247
Y -0.0991 -0.6592 -0.7454
Z -0.5446 0.6629 -0.5138

PART 29
OFFSET 11.6968 8.5607 -11.3931
SCALE 1 1 1
X 0.6455 -0.7609 -0.0662
Y -0.6720 -0.6071 0.4240
Z -0.3628 -0.2292 -0.9032

PART 30
OFFSET 17.1873 2.0893 -11.9562
SCALE 1 1 1
X 0.6455 -0.7609 -0.0662
Y 0.7637 0.6422 0.0664
Z -0.0080 -0.0934 0.9956

PART 31
OFFSET 19.2061 1.8529 -10.6500
SCALE 1 1 1
X 0.6505 -0.7566 -0.0662
Y 0.3706 0.2401 0.8972
Z -0.6629 -0.6082 0.4366

PART 32
OFFSET 18.4208 1.9125 -13.2154
SCALE 1 1 1
X 0.6505 -0.7566 -0.0662
Y 0.3706 0.2401 0.8972
Z -0.6629 -0.6082 0.4366

PART 33
OFFSET 18.0510 0.1423 -10.1464
SCALE 1 1 1
X 0.6505 -0.7566 -0.0662
Y 0.3706 0.2401 0.8972
Z -0.6629 -0.6082 0.4366

PART 34
OFFSET 17.3475 -0.1946 -11.6287
SCALE 1 1 1
X 0.6505 -0.7566 -0.0662
Y 0.3706 0.2401 0.8972
Z -0.6629 -0.6082 0.4366

PART 35
OFFSET 16.6400 -0.1652 -13.1099
SCALE 1 1 1
X 0.6505 -0.7566 -0.0662
Y 0.3706 0.2401 0.8972
Z -0.6629 -0.6082 0.4366

PART 36
OFFSET 19.1663 -0.2433 -12.1592
SCALE 1 1 1
X 0.3174 -0.9193 0.2325
Y 0.9310 0.3488 0.1081
Z -0.1804 0.1822 0.9666

PART 37
OFFSET 20.1334 -0.2454 -11.5534
SCALE 1 1 1
X 0.4401 -0.2922 0.8491
Y 0.2891 0.9413 0.1741
Z -0.8501 0.1688 0.4987

PART 38
OFFSET 21.0646 -0.7727 -9.6760
SCALE 1 1 1
X 0.3704 -0.8239 0.4290
Y 0.3994 0.5582 0.7272
Z -0.8386 -0.0980 0.5358

PART 39
OFFSET 21.5447 -2.1470 -8.9668
SCALE 1 1 1
X 0.0119 -0.9944 0.1047
Y 0.5222 0.0954 0.8475
Z -0.8527 0.0446 0.5204

PART 40
OFFSET 21.5274 -3.2188 -8.8154
SCALE 1 1 1
X 0.6642 -0.7430 -0.0824
Y 0.4846 0.5118 -0.7094
Z 0.5693 0.4312 0.7000

PART 41
OFFSET 18.4016 -1.3578 -11.8827
SCALE 1 1 1
X -0.2653 -0.9573 0.1147
Y -0.2407 0.1810 0.9536
Z -0.9336 0.2254 -0.2784

PART 42
OFFSET 17.9119 -3.5194 -11.4675
SCALE 1 1 1
X -0.1751 -0.5726 0.8009
Y -0.0968 0.8195 0.5648
Z -0.9798 0.0214 -0.1989

PART 43
OFFSET 17.6640 -4.3301 -10.3335
SCALE 1 1 1
X -0.1467 0.6634 0.7338
Y 0.0940 0.7478 -0.6573
Z -0.9847 -0.0275 -0.1721

PART 44
OFFSET 17.5339 -3.7419 -9.6830
SCALE 1 1 1
X -0.0162 0.9894 0.1445
Y 0.2221 0.1445 -0.9642
Z -0.9749 0.0165 -0.2221

PART 45
OFFSET 17.5185 -2.8020 -9.5457
SCALE 1 1 1
X 0.0139 -0.8498 0.5269
Y 0.0549 -0.5255 -0.8490
Z 0.9984 0.0408 0.0394

PART 46
OFFSET 19.1153 -1.3537 -11.8948
SCALE 1 1 1
X 0.0151 -0.9809 0.1939
Y -0.2276 0.1855 0.9559
Z -0.9736 -0.0585 -0.2205

PART 47
OFFSET 19.0148 -3.9123 -11.4453
SCALE 1 1 1
X -0.1507 -0.4421 0.8842
Y -0.1001 0.8967 0.4313
Z -0.9835 -0.0236 -0.1793

PART 48
OFFSET 18.7583 -4.6650 -9.9399
SCALE 1 1 1
X -0.1207 0.8460 0.5194
Y 0.1126 0.5315 -0.8396
Z -0.9863 -0.0428 -0.1594

PART 49
OFFSET 18.5910 -3.4925 -9.2201
SCALE 1 1 1
X -0.0360 0.9963 -0.0780
Y 0.1655 -0.0710 -0.9837
Z -0.9856 -0.0484 -0.1623

PART 50
OFFSET 18.5519 -2.4120 -9.3047
SCALE 1 1 1
X -0.1135 -0.7781 0.6178
Y 0.1984 -0.6271 -0.7533
Z 0.9735 0.0371 0.2255

PART 51
OFFSET 21.5262 -2.4259 -10.7527
SCALE 1 1 1
X 0.0684 -0.8818 0.4667
Y 0.3011 -0.4277 -0.8523
Z 0.9511 0.1988 0.2363

PART 52
OFFSET 21.1723 -3.6302 -11.5308
SCALE 1 1 1
X 0.2128 -0.5928 0.7767
Y -0.3999 0.6725 0.6228
Z -0.8915 -0.4431 -0.0939

PART 53
OFFSET 21.5470 -4.6738 -10.1632
SCALE 1 1 1
