// Export filename: `C:/cod5/cod/cod5/xanim_export/viewmodel/US/bayonet/viewmodel_bayonet_thrust_a.XANIM_EXPORT`
// Source filename: `C:/cod5/cod/cod5/animation_assets/viewmodel/US/m1_garand/viewmodelanimation_m1garand.mb`
// Export time: Tue Oct 30 14:21:52 2007

ANIMATION
VERSION 3

NUMPARTS 80
PART 0 "RingPalm_FK_LE"
PART 1 "RingPalm_SDK_LE"
PART 2 "J_PinkyPalm_RI"
PART 3 "J_Pinky_RI_0"
PART 4 "J_Pinky_RI_1"
PART 5 "J_Pinky_RI_2"
PART 6 "J_Pinky_RI_3"
PART 7 "J_RingPalm_RI"
PART 8 "J_Ring_RI_0"
PART 9 "J_Ring_RI_1"
PART 10 "J_Ring_RI_2"
PART 11 "J_Ring_RI_3"
PART 12 "J_Webbing_RI"
PART 13 "J_Index_RI_0"
PART 14 "J_Index_RI_1"
PART 15 "J_Index_RI_2"
PART 16 "J_Index_RI_3"
PART 17 "J_Mid_RI_0"
PART 18 "J_Mid_RI_1"
PART 19 "J_Mid_RI_2"
PART 20 "J_Mid_RI_3"
PART 21 "tag_cambone"
PART 22 "tag_camera"
PART 23 "tag_gasmask"
PART 24 "J_Pinky_LE_2"
PART 25 "J_Pinky_LE_3"
PART 26 "J_RingPalm_LE"
PART 27 "J_Ring_LE_0"
PART 28 "J_Ring_LE_1"
PART 29 "J_Ring_LE_2"
PART 30 "J_Ring_LE_3"
PART 31 "J_Webbing_LE"
PART 32 "J_Index_LE_0"
PART 33 "J_Index_LE_1"
PART 34 "J_Index_LE_2"
PART 35 "J_Index_LE_3"
PART 36 "J_Mid_LE_0"
PART 37 "J_Mid_LE_1"
PART 38 "J_Mid_LE_2"
PART 39 "J_Mid_LE_3"
PART 40 "tag_weapon"
PART 41 "J_Shoulder_RI"
PART 42 "J_Elbow_RI"
PART 43 "J_WristTwist_RI"
PART 44 "J_Sleave_Reshape_Top_RI_3"
PART 45 "J_Sleave_Reshape_Top_RI_2"
PART 46 "J_Sleave_Reshape_Top_RI_1"
PART 47 "J_Wrist_RI"
PART 48 "J_Thumb_RI_0"
PART 49 "J_Thumb_RI_1"
PART 50 "J_Thumb_RI_2"
PART 51 "J_Thumb_RI_3"
PART 52 "RingPalm_FK_RI"
PART 53 "RingPalm_SDK_RI"
PART 54 "tag_torso"
PART 55 "J_Shoulder_LE"
PART 56 "J_Elbow_LE"
PART 57 "J_WristTwist_LE"
PART 58 "J_Sleave_Reshape_Bottom_LE_1"
PART 59 "J_Sleave_Reshape_Bottom_LE_2"
PART 60 "J_Sleave_Reshape_Top_LE_1"
PART 61 "J_Sleave_Reshape_Top_LE_2"
PART 62 "J_Sleave_Reshape_Top_LE_3"
PART 63 "J_Wrist_LE"
PART 64 "J_Thumb_LE_0"
PART 65 "J_Thumb_LE_1"
PART 66 "J_Thumb_LE_2"
PART 67 "J_Thumb_LE_3"
PART 68 "J_PinkyPalm_LE"
PART 69 "J_Pinky_LE_0"
PART 70 "J_Pinky_LE_1"
PART 71 "J_Gun"
PART 72 "tag_brass"
PART 73 "J_Bolt"
PART 74 "tag_flash"
PART 75 "j_stripper"
PART 76 "J_Clip"
PART 77 "joint1"
PART 78 "tag_bayonet"
PART 79 "tag_grenade"

FRAMERATE 24
NUMFRAMES 38

FRAME 350
PART 0
OFFSET 9.4340 -2.8659 -8.4266
SCALE 1 1 1
X 0.4166 -0.9061 0.0742
Y -0.1833 -0.0037 0.9831
Z -0.8904 -0.4231 -0.1676

PART 1
OFFSET 9.4340 -2.8659 -8.4266
SCALE 1 1 1
X 0.4166 -0.9061 0.0742
Y -0.1833 -0.0037 0.9831
Z -0.8904 -0.4231 -0.1676

PART 2
OFFSET -6.5703 -6.5556 -10.9481
SCALE 1 1 1
X -0.6127 -0.4550 0.6461
Y 0.4557 -0.8714 -0.1815
Z 0.6457 0.1832 0.7413

PART 3
OFFSET -5.1554 -5.3997 -12.2696
SCALE 1 1 1
X 0.0360 -0.9720 0.2321
Y 0.5002 -0.1836 -0.8462
Z 0.8652 0.1466 0.4796

PART 4
OFFSET -5.2064 -4.0235 -12.5982
SCALE 1 1 1
X 0.4556 -0.6223 -0.6365
Y 0.2533 0.7761 -0.5775
Z 0.8534 0.1019 0.5112

PART 5
OFFSET -5.6103 -3.4717 -12.0338
SCALE 1 1 1
X 0.5028 -0.2465 -0.8285
Y -0.0141 0.9560 -0.2930
Z 0.8643 0.1590 0.4772

PART 6
OFFSET -6.0880 -3.2375 -11.2468
SCALE 1 1 1
X -0.5008 -0.4346 0.7486
Y -0.2250 0.9005 0.3722
Z -0.8358 0.0180 -0.5487

PART 7
OFFSET -6.1907 -6.6764 -10.3557
SCALE 1 1 1
X -0.7962 -0.4423 0.4128
Y 0.4161 -0.8957 -0.1570
Z 0.4392 0.0467 0.8972

PART 8
OFFSET -4.1802 -5.5553 -11.5638
SCALE 1 1 1
X 0.1278 -0.9917 0.0130
Y 0.5917 0.0657 -0.8035
Z 0.7960 0.1104 0.5952

PART 9
OFFSET -4.3978 -3.8669 -11.5861
SCALE 1 1 1
X 0.5873 -0.3606 -0.7246
Y 0.1566 0.9290 -0.3353
Z 0.7941 0.0835 0.6021

PART 10
OFFSET -5.2117 -3.3672 -10.5818
SCALE 1 1 1
X 0.5364 0.3823 -0.7524
Y -0.2961 0.9201 0.2564
Z 0.7903 0.0853 0.6068

PART 11
OFFSET -5.7935 -3.7818 -9.7658
SCALE 1 1 1
X -0.2314 -0.8346 0.4999
Y -0.5837 0.5302 0.6150
Z -0.7783 -0.1495 -0.6099

PART 12
OFFSET -10.4279 -9.5577 -8.6231
SCALE 1 1 1
X -0.7023 -0.6676 0.2472
Y -0.6418 0.7440 0.1860
Z -0.3080 -0.0280 -0.9510

PART 13
OFFSET -3.2498 -6.0387 -9.6553
SCALE 1 1 1
X -0.8961 -0.3650 0.2526
Y 0.3499 -0.9310 -0.1039
Z 0.2731 -0.0047 0.9620

PART 14
OFFSET -1.6721 -5.3960 -10.1001
SCALE 1 1 1
X -0.6013 -0.7740 0.1986
Y 0.7563 -0.6314 -0.1712
Z 0.2579 0.0473 0.9650

PART 15
OFFSET -0.9255 -4.4522 -10.2829
SCALE 1 1 1
X -0.0567 -0.9984 -0.0067
Y 0.9714 -0.0536 -0.2313
Z 0.2306 -0.0197 0.9729

PART 16
OFFSET -0.8615 -3.3246 -10.2753
SCALE 1 1 1
X -0.7936 0.3679 0.4846
Y 0.3132 0.9299 -0.1929
Z -0.5216 -0.0013 -0.8532

PART 17
OFFSET -3.6232 -5.7800 -10.6624
SCALE 1 1 1
X -0.4190 -0.9058 0.0622
Y 0.8620 -0.4184 -0.2863
Z 0.2854 -0.0663 0.9561

PART 18
OFFSET -2.8046 -4.0104 -10.7839
SCALE 1 1 1
X 0.7680 -0.5763 -0.2794
Y 0.5568 0.8164 -0.1533
Z 0.3164 -0.0379 0.9479

PART 19
OFFSET -3.9263 -3.1686 -10.3758
SCALE 1 1 1
X 0.9438 -0.0723 -0.3225
Y 0.0618 0.9972 -0.0426
Z 0.3247 0.0203 0.9456

PART 20
OFFSET -4.9975 -3.0862 -10.0173
SCALE 1 1 1
X -0.7840 -0.5827 0.2141
Y -0.5344 0.8089 0.2450
Z -0.3159 0.0777 -0.9456

PART 21
OFFSET 0.0000 0.0000 0.0000
SCALE 1 1 1
X 1.0000 0.0000 0.0000
Y 0.0000 1.0000 0.0000
Z 0.0000 0.0000 1.0000

PART 22
OFFSET -0.3947 0.0000 0.4378
SCALE 1 1 1
X 0.9951 0.0000 0.0984
Y -0.0000 1.0000 0.0000
Z -0.0984 -0.0000 0.9951

PART 23
OFFSET 0.7315 0.0000 4.7050
SCALE 1 1 1
X 0.9951 0.0000 0.0984
Y -0.0000 1.0000 0.0000
Z -0.0984 -0.0000 0.9951

PART 24
OFFSET 8.9844 -5.6684 -6.0044
SCALE 1 1 1
X -0.4024 0.6996 0.5904
Y -0.1150 0.6012 -0.7908
Z -0.9082 -0.3861 -0.1615

PART 25
OFFSET 8.6022 -5.0037 -5.4435
SCALE 1 1 1
X 0.5113 -0.8567 0.0682
Y 0.0574 -0.0451 -0.9973
Z 0.8575 0.5138 0.0261

PART 26
OFFSET 9.4340 -2.8659 -8.4266
SCALE 1 1 1
X 0.4166 -0.9061 0.0742
Y -0.1833 -0.0037 0.9831
Z -0.8904 -0.4231 -0.1676

PART 27
OFFSET 10.3869 -5.2803 -8.2805
SCALE 1 1 1
X 0.1222 -0.5040 0.8550
Y -0.4452 0.7421 0.5011
Z -0.8870 -0.4419 -0.1337

PART 28
OFFSET 10.5949 -6.1383 -6.8248
SCALE 1 1 1
X -0.3658 0.5017 0.7839
Y -0.3039 0.7317 -0.6101
Z -0.8797 -0.4614 -0.1152

PART 29
OFFSET 10.0880 -5.4429 -5.7384
SCALE 1 1 1
X -0.4271 0.6420 0.6368
Y -0.2191 0.6098 -0.7617
Z -0.8773 -0.4648 -0.1198

PART 30
OFFSET 9.6248 -4.7467 -5.0478
SCALE 1 1 1
X 0.4319 -0.8972 -0.0925
Y 0.1032 0.1511 -0.9831
Z 0.8960 0.4151 0.1578

PART 31
OFFSET 12.1750 -2.9805 -7.5660
SCALE 1 1 1
X 0.4545 -0.8177 0.3532
Y 0.3557 -0.1969 -0.9136
Z 0.8167 0.5408 0.2013

PART 32
OFFSET 12.2421 -4.1542 -8.4598
SCALE 1 1 1
X 0.4033 -0.7178 0.5676
Y -0.4847 0.3585 0.7978
Z -0.7761 -0.5969 -0.2033

PART 33
OFFSET 12.9522 -5.4180 -7.4606
SCALE 1 1 1
X -0.4338 0.1727 0.8843
Y -0.4983 0.7717 -0.3952
Z -0.7507 -0.6121 -0.2487

PART 34
OFFSET 12.4704 -5.1709 -6.3704
SCALE 1 1 1
X -0.5696 0.5755 0.5867
Y -0.2301 0.5737 -0.7861
Z -0.7890 -0.5828 -0.1944

PART 35
OFFSET 11.8270 -4.5208 -5.7077
SCALE 1 1 1
X 0.1712 -0.8692 0.4639
Y 0.5749 -0.2943 -0.7634
Z 0.8001 0.3974 0.4493

PART 36
OFFSET 11.3573 -4.8125 -8.3943
SCALE 1 1 1
X 0.3269 -0.5089 0.7963
Y -0.5681 0.5675 0.5960
Z -0.7552 -0.6472 -0.1036

PART 37
OFFSET 11.9960 -5.8068 -6.8387
SCALE 1 1 1
X -0.5131 0.5067 0.6928
Y -0.3643 0.6023 -0.7103
Z -0.7772 -0.6168 -0.1245

PART 38
OFFSET 11.2465 -5.0667 -5.8268
SCALE 1 1 1
X -0.5198 0.4634 0.7177
Y -0.3456 0.6543 -0.6727
Z -0.7813 -0.5977 -0.1799

PART 39
OFFSET 10.6525 -4.5466 -5.0147
SCALE 1 1 1
X 0.6692 -0.7350 -0.1092
Y 0.0116 0.1573 -0.9875
Z 0.7430 0.6596 0.1138

PART 40
OFFSET 5.0038 -4.1975 -7.3034
SCALE 1 1 1
X 0.9915 0.0719 0.1085
Y -0.0865 0.9869 0.1363
Z -0.0972 -0.1445 0.9847

PART 41
OFFSET -4.1680 -3.5571 -2.9073
SCALE 1 1 1
X 0.8589 0.4957 -0.1288
Y 0.4379 -0.5803 0.6867
Z 0.2656 -0.6462 -0.7155

PART 42
OFFSET -14.5554 -9.5519 -1.3494
SCALE 1 1 1
X -0.6487 -0.2007 0.7341
Y -0.5629 -0.5226 -0.6403
Z 0.5121 -0.8286 0.2261

PART 43
OFFSET -9.0379 -7.8453 -7.5933
SCALE 1 1 1
X -0.6487 -0.2007 0.7341
Y -0.7145 -0.1715 -0.6783
Z 0.2620 -0.9645 -0.0321

PART 44
OFFSET -8.3499 -6.2020 -8.4951
SCALE 1 1 1
X -0.6467 -0.1953 0.7373
Y -0.5021 0.8366 -0.2189
Z -0.5741 -0.5118 -0.6391

PART 45
OFFSET -7.2203 -6.2372 -8.0292
SCALE 1 1 1
X -0.6467 -0.1953 0.7373
Y -0.5021 0.8366 -0.2189
Z -0.5741 -0.5118 -0.6391

PART 46
OFFSET -6.5274 -7.4340 -7.8789
SCALE 1 1 1
X -0.6467 -0.1953 0.7373
Y -0.5021 0.8366 -0.2189
Z -0.5741 -0.5118 -0.6391

PART 47
OFFSET -7.0491 -7.2301 -9.8438
SCALE 1 1 1
X -0.9009 -0.4169 0.1211
Y -0.1912 0.1307 -0.9728
Z 0.3897 -0.8995 -0.1975

PART 48
OFFSET -6.6193 -6.7994 -8.8785
SCALE 1 1 1
X -0.4630 -0.8813 -0.0947
Y -0.1485 0.1825 -0.9719
Z 0.8738 -0.4360 -0.2153

PART 49
OFFSET -5.6539 -4.8916 -8.5651
SCALE 1 1 1
X -0.4897 -0.6998 0.5201
Y -0.2825 -0.4370 -0.8539
Z 0.8249 -0.5651 0.0163

PART 50
OFFSET -4.9727 -3.7247 -9.4575
SCALE 1 1 1
X -0.2478 -0.5922 0.7667
Y -0.4425 -0.6349 -0.6334
Z 0.8619 -0.4962 -0.1047

PART 51
OFFSET -4.7366 -3.0508 -10.2711
SCALE 1 1 1
X -0.8277 -0.2493 0.5027
Y -0.3792 0.9089 -0.1737
Z -0.4136 -0.3344 -0.8468

PART 52
OFFSET -6.1907 -6.6764 -10.3557
SCALE 1 1 1
X -0.7962 -0.4423 0.4128
Y 0.4161 -0.8957 -0.1570
Z 0.4392 0.0467 0.8972

PART 53
OFFSET -6.1907 -6.6764 -10.3557
SCALE 1 1 1
X -0.7962 -0.4423 0.4128
Y 0.4161 -0.8957 -0.1570
Z 0.4392 0.0467 0.8972

PART 54
OFFSET 4.1477 -3.0973 -3.3894
SCALE 1 1 1
X 1.0000 0.0000 0.0000
Y 0.0000 1.0000 0.0000
Z 0.0000 -0.0000 1.0000

PART 55
OFFSET -0.4339 4.2749 -6.2573
SCALE 1 1 1
X 0.7339 0.3756 -0.5660
Y -0.1137 -0.7535 -0.6475
Z -0.6697 0.5396 -0.5103

PART 56
OFFSET 8.4420 8.8171 -13.1020
SCALE 1 1 1
X 0.0500 -0.9183 0.3926
Y -0.8970 0.1316 0.4220
Z -0.4392 -0.3733 -0.8172

PART 57
OFFSET 8.8670 1.0062 -9.7627
SCALE 1 1 1
X 0.0500 -0.9183 0.3926
Y 0.9857 0.1087 0.1289
Z -0.1610 0.3805 0.9106

PART 58
OFFSET 10.3442 0.3304 -7.9743
SCALE 1 1 1
X 0.0565 -0.9181 0.3923
Y 0.4519 0.3739 0.8099
Z -0.8903 0.1315 0.4360

PART 59
OFFSET 9.7231 -0.3630 -10.4912
SCALE 1 1 1
X 0.0565 -0.9181 0.3923
Y 0.4519 0.3739 0.8099
Z -0.8903 0.1315 0.4360

PART 60
OFFSET 8.3943 -0.0156 -7.2044
SCALE 1 1 1
X 0.0565 -0.9181 0.3923
Y 0.4519 0.3739 0.8099
Z -0.8903 0.1315 0.4360

PART 61
OFFSET 7.6117 -0.5415 -8.5887
SCALE 1 1 1
X 0.0565 -0.9181 0.3923
Y 0.4519 0.3739 0.8099
Z -0.8903 0.1315 0.4360

PART 62
OFFSET 7.0482 -0.8067 -10.1079
SCALE 1 1 1
X 0.0565 -0.9181 0.3923
Y 0.4519 0.3739 0.8099
Z -0.8903 0.1315 0.4360

PART 63
OFFSET 9.0201 -1.8092 -8.5591
SCALE 1 1 1
X 0.6731 -0.7325 0.1019
Y 0.7266 0.6807 0.0934
Z -0.1377 0.0112 0.9904

PART 64
OFFSET 9.9676 -1.4772 -8.0165
SCALE 1 1 1
X 0.7036 -0.2964 0.6458
Y 0.3399 0.9385 0.0604
Z -0.6240 0.1770 0.7611

PART 65
OFFSET 11.4851 -2.0134 -6.5746
SCALE 1 1 1
X 0.7749 -0.3029 0.5548
Y 0.1903 0.9488 0.2523
Z -0.6028 -0.0899 0.7928

PART 66
OFFSET 12.6572 -2.5691 -5.6052
SCALE 1 1 1
X 0.7270 0.0795 0.6821
Y -0.0513 0.9968 -0.0615
Z -0.6848 0.0097 0.7287

PART 67
OFFSET 13.4111 -2.4657 -4.8353
SCALE 1 1 1
X 0.9659 0.2579 0.0227
Y 0.1157 -0.3516 -0.9290
Z -0.2316 0.8999 -0.3695

PART 68
OFFSET 8.7838 -3.1556 -8.3727
SCALE 1 1 1
X 0.1312 -0.9887 0.0728
Y -0.2018 0.0452 0.9784
Z -0.9706 -0.1430 -0.1935

PART 69
OFFSET 9.1952 -5.3507 -8.0611
SCALE 1 1 1
X 0.0367 -0.4428 0.8959
Y -0.4271 0.8035 0.4147
Z -0.9035 -0.3978 -0.1596

PART 70
OFFSET 9.2472 -5.9776 -6.7928
SCALE 1 1 1
X -0.2964 0.3487 0.8891
Y -0.3471 0.8280 -0.4405
Z -0.8898 -0.4391 -0.1244

PART 71
OFFSET 5.0038 -4.1975 -7.3034
SCALE 1 1 1
X 0.9915 0.0719 0.1085
Y -0.0865 0.9869 0.1363
Z -0.0972 -0.1445 0.9847

PART 72
OFFSET 3.5724 -4.4868 -10.5782
SCALE 1 1 1
X 0.0012 -0.9227 0.3855
Y 0.9866 0.0640 0.1503
Z -0.1634 0.3802 0.9104

PART 73
OFFSET 4.7824 -6.1629 -6.4948
SCALE 1 1 1
X 0.9893 0.0689 0.1286
Y -0.0865 0.9869 0.1363
Z -0.1175 -0.1459 0.9823

PART 74
OFFSET 32.4716 -2.4152 -2.7852
SCALE 1 1 1
X 0.9915 0.0719 0.1085
Y -0.0865 0.9869 0.1363
Z -0.0972 -0.1445 0.9847

PART 75
OFFSET 2.3661 -4.3468 -7.8508
SCALE 1 1 1
X 0.9993 0.0203 0.0322
Y -0.0223 0.9978 0.0622
Z -0.0309 -0.0628 0.9975

PART 76
OFFSET 1.1453 -4.5918 -7.1397
SCALE 1 1 1
X 0.9915 0.0719 0.1085
Y -0.0865 0.9869 0.1363
Z -0.0972 -0.1445 0.9847

PART 77
OFFSET -0.7894 -4.3462 -6.4575
SCALE 1 1 1
X 0.9915 0.0719 0.1085
Y -0.0865 0.9869 0.1363
Z -0.0972 -0.1445 0.9847

PART 78
OFFSET 28.3867 -2.5439 -4.4445
SCALE 1 1 1
X 0.9893 0.0689 0.1286
Y -0.0865 0.9869 0.1363
Z -0.1175 -0.1459 0.9823

PART 79
OFFSET 33.3597 -2.3509 -2.6881
SCALE 1 1 1
X 0.9893 0.0689 0.1286
Y -0.0865 0.9869 0.1363
Z -0.1175 -0.1459 0.9823


FRAME 351
PART 0
OFFSET 8.0556 -2.8856 -8.8814
SCALE 1 1 1
X 0.4300 -0.9022 0.0346
Y -0.1980 -0.0568 0.9786
Z -0.8808 -0.4277 -0.2031

PART 1
OFFSET 8.0556 -2.8856 -8.8814
SCALE 1 1 1
X 0.4300 -0.9022 0.0346
Y -0.1980 -0.0568 0.9786
Z -0.8808 -0.4277 -0.2031

PART 2
OFFSET -7.8470 -6.6876 -11.8421
SCALE 1 1 1
X -0.6150 -0.4969 0.6123
Y 0.4725 -0.8539 -0.2184
Z 0.6313 0.1550 0.7599

PART 3
OFFSET -6.4312 -5.4439 -13.0804
SCALE 1 1 1
X 0.0482 -0.9820 0.1829
Y 0.5158 -0.1323 -0.8464
Z 0.8553 0.1351 0.5001

PART 4
OFFSET -6.4994 -4.0537 -13.3393
SCALE 1 1 1
X 0.4752 -0.5819 -0.6601
Y 0.2494 0.8084 -0.5331
Z 0.8438 0.0887 0.5292

PART 5
OFFSET -6.9207 -3.5378 -12.7541
SCALE 1 1 1
X 0.5192 -0.1961 -0.8318
Y -0.0251 0.9694 -0.2442
Z 0.8543 0.1477 0.4984

PART 6
OFFSET -7.4140 -3.3515 -11.9638
SCALE 1 1 1
X -0.5049 -0.4800 0.7174
Y -0.2451 0.8767 0.4140
Z -0.8276 0.0331 -0.5603

PART 7
OFFSET -7.4744 -6.8327 -11.2507
SCALE 1 1 1
X -0.7951 -0.4750 0.3770
Y 0.4329 -0.8799 -0.1958
Z 0.4248 0.0075 0.9053

PART 8
OFFSET -5.4644 -5.6204 -12.3680
SCALE 1 1 1
X 0.1436 -0.9890 -0.0354
Y 0.6026 0.1158 -0.7896
Z 0.7850 0.0921 0.6126

PART 9
OFFSET -5.7089 -3.9366 -12.3077
SCALE 1 1 1
X 0.6040 -0.3139 -0.7326
Y 0.1466 0.9472 -0.2850
Z 0.7834 0.0648 0.6181

PART 10
OFFSET -6.5459 -3.5015 -11.2924
SCALE 1 1 1
X 0.5414 0.4285 -0.7233
Y -0.3149 0.9011 0.2981
Z 0.7796 0.0663 0.6228

PART 11
OFFSET -7.1331 -3.9662 -10.5079
SCALE 1 1 1
X -0.2254 -0.8626 0.4530
Y -0.6015 0.4890 0.6318
Z -0.7664 -0.1300 -0.6290

PART 12
OFFSET -11.6901 -9.8638 -9.7347
SCALE 1 1 1
X -0.6950 -0.6901 0.2016
Y -0.6565 0.7235 0.2134
Z -0.2931 0.0159 -0.9559

PART 13
OFFSET -4.5552 -6.1864 -10.4720
SCALE 1 1 1
X -0.8938 -0.3912 0.2194
Y 0.3665 -0.9190 -0.1456
Z 0.2586 -0.0497 0.9647

PART 14
OFFSET -2.9816 -5.4976 -10.8583
SCALE 1 1 1
X -0.5916 -0.7923 0.1493
Y 0.7689 -0.6101 -0.1911
Z 0.2425 0.0018 0.9702

PART 15
OFFSET -2.2477 -4.5343 -10.9809
SCALE 1 1 1
X -0.0404 -0.9975 -0.0585
Y 0.9755 -0.0267 -0.2183
Z 0.2161 -0.0658 0.9741

PART 16
OFFSET -2.2020 -3.4076 -10.9149
SCALE 1 1 1
X -0.8067 0.3303 0.4901
Y 0.3010 0.9432 -0.1403
Z -0.5086 0.0343 -0.8603

PART 17
OFFSET -4.9175 -5.8823 -11.4704
SCALE 1 1 1
X -0.4052 -0.9142 0.0094
Y 0.8728 -0.3899 -0.2935
Z 0.2719 -0.1108 0.9559

PART 18
OFFSET -4.1259 -4.0964 -11.4887
SCALE 1 1 1
X 0.7814 -0.5494 -0.2961
Y 0.5458 0.8316 -0.1026
Z 0.3026 -0.0814 0.9496

PART 19
OFFSET -5.2672 -3.2940 -11.0562
SCALE 1 1 1
X 0.9496 -0.0412 -0.3107
Y 0.0463 0.9989 0.0092
Z 0.3100 -0.0231 0.9505

PART 20
OFFSET -6.3449 -3.2465 -10.7110
SCALE 1 1 1
X -0.7776 -0.6049 0.1716
Y -0.5511 0.7870 0.2773
Z -0.3028 0.1210 -0.9453

PART 21
OFFSET 0.0000 0.0000 0.0000
SCALE 1 1 1
X 1.0000 0.0000 0.0000
Y 0.0000 1.0000 0.0000
Z 0.0000 0.0000 1.0000

PART 22
OFFSET -0.4932 0.0000 0.5269
SCALE 1 1 1
X 0.9930 0.0000 0.1183
Y -0.0000 1.0000 0.0000
Z -0.1183 -0.0000 0.9930

PART 23
OFFSET 0.5472 0.0000 4.8159
SCALE 1 1 1
X 0.9930 0.0000 0.1183
Y -0.0000 1.0000 0.0000
Z -0.1183 -0.0000 0.9930

PART 24
OFFSET 7.6149 -5.8149 -6.6126
SCALE 1 1 1
X -0.4225 0.6622 0.6188
Y -0.1127 0.6390 -0.7609
Z -0.8993 -0.3912 -0.1954

PART 25
OFFSET 7.2135 -5.1858 -6.0247
SCALE 1 1 1
X 0.5240 -0.8511 0.0326
Y 0.0732 0.0068 -0.9973
Z 0.8486 0.5249 0.0658

PART 26
OFFSET 8.0556 -2.8856 -8.8814
SCALE 1 1 1
X 0.4300 -0.9022 0.0346
Y -0.1980 -0.0568 0.9786
Z -0.8808 -0.4277 -0.2031

PART 27
OFFSET 9.0452 -5.2893 -8.8433
SCALE 1 1 1
X 0.1174 -0.5451 0.8301
Y -0.4647 0.7086 0.5310
Z -0.8777 -0.4481 -0.1702

PART 28
OFFSET 9.2451 -6.2174 -7.4301
SCALE 1 1 1
X -0.3856 0.4553 0.8025
Y -0.3064 0.7572 -0.5768
Z -0.8703 -0.4684 -0.1525

PART 29
OFFSET 8.7106 -5.5864 -6.3179
SCALE 1 1 1
X -0.4470 0.6019 0.6617
Y -0.2174 0.6445 -0.7330
Z -0.8677 -0.4715 -0.1573

PART 30
OFFSET 8.2258 -4.9336 -5.6002
SCALE 1 1 1
X 0.4477 -0.8845 -0.1312
Y 0.1156 0.2027 -0.9724
Z 0.8867 0.4202 0.1930

PART 31
OFFSET 10.7848 -3.0018 -7.9843
SCALE 1 1 1
X 0.4623 -0.8276 0.3183
Y 0.3726 -0.1444 -0.9167
Z 0.8047 0.5424 0.2416

PART 32
OFFSET 10.8844 -4.1271 -8.9355
SCALE 1 1 1
X 0.4063 -0.7396 0.5366
Y -0.5025 0.3097 0.8072
Z -0.7632 -0.5976 -0.2458

PART 33
OFFSET 11.5997 -5.4292 -7.9907
SCALE 1 1 1
X -0.4499 0.1205 0.8849
Y -0.5047 0.7832 -0.3632
Z -0.7368 -0.6100 -0.2915

PART 34
OFFSET 11.0975 -5.2456 -6.8972
SCALE 1 1 1
X -0.5877 0.5359 0.6061
Y -0.2274 0.6095 -0.7594
Z -0.7765 -0.5841 -0.2363

PART 35
OFFSET 10.4337 -4.6403 -6.2126
SCALE 1 1 1
X 0.1782 -0.8890 0.4218
Y 0.5911 -0.2460 -0.7682
Z 0.7867 0.3862 0.4817

PART 36
OFFSET 10.0095 -4.8014 -8.9177
SCALE 1 1 1
X 0.3231 -0.5439 0.7745
Y -0.5862 0.5275 0.6150
Z -0.7430 -0.6526 -0.1484

PART 37
OFFSET 10.6406 -5.8640 -7.4048
SCALE 1 1 1
X -0.5317 0.4626 0.7095
Y -0.3632 0.6322 -0.6844
Z -0.7651 -0.6216 -0.1681

PART 38
OFFSET 9.8640 -5.1883 -6.3685
SCALE 1 1 1
X -0.5380 0.4180 0.7320
Y -0.3459 0.6824 -0.6439
Z -0.7687 -0.5996 -0.2225

PART 39
OFFSET 9.2495 -4.7197 -5.5405
SCALE 1 1 1
X 0.6826 -0.7180 -0.1358
Y 0.0240 0.2078 -0.9779
Z 0.7304 0.6642 0.1591

PART 40
OFFSET 3.6311 -4.3409 -7.8982
SCALE 1 1 1
X 0.9885 0.0815 0.1277
Y -0.1045 0.9772 0.1850
Z -0.1098 -0.1962 0.9744

PART 41
OFFSET -4.3611 -3.5571 -2.9073
SCALE 1 1 1
X 0.8715 0.4753 -0.1211
Y 0.4325 -0.6282 0.6468
Z 0.2314 -0.6160 -0.7530

PART 42
OFFSET -14.9005 -9.3053 -1.4432
SCALE 1 1 1
X -0.5677 -0.1625 0.8070
Y -0.6615 -0.4935 -0.5647
Z 0.4900 -0.8545 0.1726

PART 43
OFFSET -10.0719 -7.9232 -8.3073
SCALE 1 1 1
X -0.5677 -0.1625 0.8070
Y -0.7801 -0.2070 -0.5904
Z 0.2630 -0.9647 -0.0092

PART 44
OFFSET -9.3836 -6.3359 -9.2855
SCALE 1 1 1
X -0.5651 -0.1572 0.8099
Y -0.4788 0.8619 -0.1668
Z -0.6719 -0.4821 -0.5623

PART 45
OFFSET -8.2139 -6.4088 -8.9529
SCALE 1 1 1
X -0.5651 -0.1572 0.8099
Y -0.4788 0.8619 -0.1668
Z -0.6719 -0.4821 -0.5623

PART 46
OFFSET -7.5941 -7.6126 -8.8822
SCALE 1 1 1
X -0.5651 -0.1572 0.8099
Y -0.4788 0.8619 -0.1668
Z -0.6719 -0.4821 -0.5623

PART 47
OFFSET -8.3314 -7.4250 -10.7814
SCALE 1 1 1
X -0.8957 -0.4363 0.0853
Y -0.1786 0.1773 -0.9678
Z 0.4071 -0.8821 -0.2368

PART 48
OFFSET -7.9233 -7.0376 -9.7886
SCALE 1 1 1
X -0.4472 -0.8823 -0.1468
Y -0.1367 0.2296 -0.9636
Z 0.8839 -0.4109 -0.2233

PART 49
OFFSET -6.9938 -5.1338 -9.3632
SCALE 1 1 1
X -0.4861 -0.7329 0.4759
Y -0.2625 -0.3970 -0.8795
Z 0.8336 -0.5524 0.0006

PART 50
OFFSET -6.3181 -3.9124 -10.1841
SCALE 1 1 1
X -0.2497 -0.6344 0.7316
Y -0.4225 -0.6084 -0.6718
Z 0.8713 -0.4769 -0.1161

PART 51
OFFSET -6.0807 -3.1942 -10.9585
SCALE 1 1 1
X -0.8311 -0.2874 0.4762
Y -0.3912 0.9106 -0.1332
Z -0.3953 -0.2970 -0.8692

PART 52
OFFSET -7.4744 -6.8327 -11.2507
SCALE 1 1 1
X -0.7951 -0.4750 0.3770
Y 0.4329 -0.8799 -0.1958
Z 0.4248 0.0075 0.9053

PART 53
OFFSET -7.4744 -6.8327 -11.2507
SCALE 1 1 1
X -0.7951 -0.4750 0.3770
Y 0.4329 -0.8799 -0.1958
Z 0.4248 0.0075 0.9053

PART 54
OFFSET 3.9546 -3.0973 -3.3894
SCALE 1 1 1
X 1.0000 0.0000 0.0000
Y 0.0000 1.0000 0.0000
Z 0.0000 -0.0000 1.0000

PART 55
OFFSET -0.6270 4.2749 -6.2573
SCALE 1 1 1
X 0.7246 0.3859 -0.5710
Y -0.1727 -0.7004 -0.6925
Z -0.6671 0.6004 -0.4409

PART 56
OFFSET 8.1367 8.9414 -13.1627
SCALE 1 1 1
X -0.0441 -0.9309 0.3626
Y -0.8714 0.2134 0.4418
Z -0.4887 -0.2965 -0.8205

PART 57
OFFSET 7.7618 1.0238 -10.0783
SCALE 1 1 1
X -0.0441 -0.9309 0.3626
Y 0.9895 0.0094 0.1443
Z -0.1377 0.3652 0.9207

PART 58
OFFSET 9.1828 0.1341 -8.3385
SCALE 1 1 1
X -0.0375 -0.9313 0.3622
Y 0.5012 0.2961 0.8131
Z -0.8645 0.2121 0.4557

PART 59
OFFSET 8.4543 -0.4047 -10.8645
SCALE 1 1 1
X -0.0375 -0.9313 0.3622
Y 0.5012 0.2961 0.8131
Z -0.8645 0.2121 0.4557

PART 60
OFFSET 7.2182 -0.0253 -7.5453
SCALE 1 1 1
X -0.0375 -0.9313 0.3622
Y 0.5012 0.2961 0.8131
Z -0.8645 0.2121 0.4557

PART 61
OFFSET 6.3635 -0.4177 -8.9313
SCALE 1 1 1
X -0.0375 -0.9313 0.3622
Y 0.5012 0.2961 0.8131
Z -0.8645 0.2121 0.4557

PART 62
OFFSET 5.7529 -0.5702 -10.4477
SCALE 1 1 1
X -0.0375 -0.9313 0.3622
Y 0.5012 0.2961 0.8131
Z -0.8645 0.2121 0.4557

PART 63
OFFSET 7.6267 -1.8300 -8.9666
SCALE 1 1 1
X 0.6833 -0.7263 0.0751
Y 0.7140 0.6861 0.1395
Z -0.1528 -0.0416 0.9874

PART 64
OFFSET 8.5604 -1.5116 -8.3928
SCALE 1 1 1
X 0.6985 -0.3182 0.6410
Y 0.3237 0.9393 0.1135
Z -0.6382 0.1282 0.7591

PART 65
OFFSET 10.0644 -2.0974 -6.9560
SCALE 1 1 1
X 0.7712 -0.3189 0.5509
Y 0.1711 0.9374 0.3032
Z -0.6132 -0.1396 0.7775

PART 66
OFFSET 11.2306 -2.6839 -5.9977
SCALE 1 1 1
X 0.7152 0.0557 0.6967
Y -0.0665 0.9977 -0.0115
Z -0.6958 -0.0381 0.7173

PART 67
OFFSET 11.9710 -2.6084 -5.2116
SCALE 1 1 1
X 0.9612 0.2712 0.0512
Y 0.1354 -0.3018 -0.9437
Z -0.2405 0.9140 -0.3268

PART 68
OFFSET 7.4095 -3.1876 -8.8527
SCALE 1 1 1
X 0.1461 -0.9890 0.0244
Y -0.2172 -0.0080 0.9761
Z -0.9651 -0.1479 -0.2160

PART 69
OFFSET 7.8516 -5.3892 -8.6468
SCALE 1 1 1
X 0.0304 -0.4875 0.8726
Y -0.4462 0.7746 0.4482
Z -0.8944 -0.4030 -0.1940

PART 70
OFFSET 7.8946 -6.0793 -7.4113
SCALE 1 1 1
X -0.3154 0.2982 0.9009
Y -0.3537 0.8440 -0.4032
Z -0.8806 -0.4459 -0.1607

PART 71
OFFSET 3.6311 -4.3409 -7.8982
SCALE 1 1 1
X 0.9885 0.0815 0.1277
Y -0.1045 0.9772 0.1850
Z -0.1098 -0.1962 0.9744

PART 72
OFFSET 2.2542 -4.4843 -11.2058
SCALE 1 1 1
X 0.0103 -0.9411 0.3380
Y 0.9830 0.0715 0.1690
Z -0.1832 0.3305 0.9258

PART 73
OFFSET 3.4293 -6.3483 -7.1943
SCALE 1 1 1
X 0.9860 0.0775 0.1476
Y -0.1045 0.9772 0.1850
Z -0.1299 -0.1978 0.9716

PART 74
OFFSET 30.9950 -2.3693 -2.8584
SCALE 1 1 1
X 0.9885 0.0815 0.1277
Y -0.1045 0.9772 0.1850
Z -0.1098 -0.1962 0.9744

PART 75
OFFSET 1.0047 -4.5027 -8.4943
SCALE 1 1 1
X 0.9982 0.0341 0.0491
Y -0.0394 0.9929 0.1125
Z -0.0449 -0.1143 0.9924

PART 76
OFFSET -0.2226 -4.8025 -7.8162
SCALE 1 1 1
X 0.9885 0.0815 0.1277
Y -0.1045 0.9772 0.1850
Z -0.1098 -0.1962 0.9744

PART 77
OFFSET -2.1711 -4.6220 -7.1533
SCALE 1 1 1
X 0.9885 0.0815 0.1277
Y -0.1045 0.9772 0.1850
Z -0.1098 -0.1962 0.9744

PART 78
OFFSET 26.9383 -2.4758 -4.5869
SCALE 1 1 1
X 0.9860 0.0775 0.1476
Y -0.1045 0.9772 0.1850
Z -0.1299 -0.1978 0.9716

PART 79
OFFSET 31.8803 -2.2963 -2.7440
SCALE 1 1 1
X 0.9860 0.0775 0.1476
Y -0.1045 0.9772 0.1850
Z -0.1299 -0.1978 0.9716


FRAME 352
PART 0
OFFSET 6.8729 -2.8119 -9.3165
SCALE 1 1 1
X 0.4405 -0.8976 -0.0184
Y -0.1993 -0.1177 0.9728
Z -0.8753 -0.4249 -0.2308

PART 1
OFFSET 6.8729 -2.8119 -9.3165
SCALE 1 1 1
X 0.4405 -0.8976 -0.0184
Y -0.1993 -0.1177 0.9728
Z -0.8753 -0.4249 -0.2308

PART 2
OFFSET -8.9780 -6.6130 -12.5433
SCALE 1 1 1
X -0.6104 -0.5398 0.5797
Y 0.4829 -0.8337 -0.2679
Z 0.6279 0.1164 0.7695

PART 3
OFFSET -7.5744 -5.2809 -13.7009
SCALE 1 1 1
X 0.0593 -0.9905 0.1238
Y 0.5191 -0.0753 -0.8514
Z 0.8527 0.1148 0.5097

PART 4
OFFSET -7.6583 -3.8785 -13.8761
SCALE 1 1 1
X 0.4833 -0.5356 -0.6925
Y 0.2410 0.8418 -0.4830
Z 0.8416 0.0665 0.5359

PART 5
OFFSET -8.0869 -3.4036 -13.2621
SCALE 1 1 1
X 0.5232 -0.1397 -0.8407
Y -0.0360 0.9820 -0.1856
Z 0.8515 0.1274 0.5087

PART 6
OFFSET -8.5839 -3.2709 -12.4634
SCALE 1 1 1
X -0.5007 -0.5280 0.6860
Y -0.2563 0.8473 0.4651
Z -0.8268 0.0571 -0.5596

PART 7
OFFSET -8.6050 -6.7890 -11.9607
SCALE 1 1 1
X -0.7903 -0.5060 0.3457
Y 0.4435 -0.8615 -0.2470
Z 0.4228 -0.0419 0.9053

PART 8
OFFSET -6.6069 -5.4886 -12.9978
SCALE 1 1 1
X 0.1553 -0.9834 -0.0943
Y 0.6029 0.1700 -0.7795
Z 0.7826 0.0642 0.6192

PART 9
OFFSET -6.8713 -3.8144 -12.8372
SCALE 1 1 1
X 0.6091 -0.2624 -0.7484
Y 0.1361 0.9643 -0.2273
Z 0.7813 0.0366 0.6230

PART 10
OFFSET -7.7155 -3.4508 -11.7999
SCALE 1 1 1
X 0.5379 0.4774 -0.6948
Y -0.3260 0.8779 0.3508
Z 0.7775 0.0378 0.6278

PART 11
OFFSET -8.2988 -3.9686 -11.0463
SCALE 1 1 1
X -0.2162 -0.8907 0.3998
Y -0.6084 0.4432 0.6583
Z -0.7636 -0.1009 -0.6378

PART 12
OFFSET -12.7879 -9.9542 -10.6409
SCALE 1 1 1
X -0.6873 -0.7090 0.1580
Y -0.6654 0.7017 0.2546
Z -0.2914 0.0699 -0.9541

PART 13
OFFSET -5.6951 -6.1569 -11.1367
SCALE 1 1 1
X -0.8896 -0.4140 0.1931
Y 0.3775 -0.9043 -0.1994
Z 0.2572 -0.1045 0.9607

PART 14
OFFSET -4.1288 -5.4280 -11.4766
SCALE 1 1 1
X -0.5825 -0.8066 0.0999
Y 0.7764 -0.5886 -0.2252
Z 0.2405 -0.0536 0.9692

PART 15
OFFSET -3.4060 -4.4506 -11.5392
SCALE 1 1 1
X -0.0286 -0.9926 -0.1183
Y 0.9762 -0.0023 -0.2168
Z 0.2149 -0.1217 0.9690

PART 16
OFFSET -3.3738 -3.3295 -11.4055
SCALE 1 1 1
X -0.8115 0.2909 0.5068
Y 0.2902 0.9534 -0.0826
Z -0.5072 0.0800 -0.8581

PART 17
OFFSET -6.0589 -5.7976 -12.1160
SCALE 1 1 1
X -0.3945 -0.9177 -0.0466
Y 0.8780 -0.3614 -0.3140
Z 0.2713 -0.1648 0.9483

PART 18
OFFSET -5.2883 -4.0048 -12.0249
SCALE 1 1 1
X 0.7883 -0.5215 -0.3264
Y 0.5362 0.8425 -0.0511
Z 0.3016 -0.1348 0.9438

PART 19
OFFSET -6.4397 -3.2430 -11.5481
SCALE 1 1 1
X 0.9507 -0.0115 -0.3100
Y 0.0346 0.9970 0.0692
Z 0.3083 -0.0765 0.9482

PART 20
OFFSET -7.5186 -3.2289 -11.2037
SCALE 1 1 1
X -0.7708 -0.6231 0.1329
Y -0.5608 0.7625 0.3225
Z -0.3023 0.1741 -0.9372

PART 21
OFFSET 0.0000 0.0000 0.0000
SCALE 1 1 1
X 1.0000 0.0000 0.0000
Y 0.0000 1.0000 0.0000
Z 0.0000 0.0000 1.0000

PART 22
OFFSET -0.5960 0.0000 0.6101
SCALE 1 1 1
X 0.9906 0.0000 0.1368
Y -0.0000 1.0000 0.0000
Z -0.1368 -0.0000 0.9906

PART 23
OFFSET 0.3640 0.0000 4.9177
SCALE 1 1 1
X 0.9906 0.0000 0.1368
Y -0.0000 1.0000 0.0000
Z -0.1368 -0.0000 0.9906

PART 24
OFFSET 6.4620 -5.8770 -7.2287
SCALE 1 1 1
X -0.4315 0.6190 0.6563
Y -0.1187 0.6822 -0.7215
Z -0.8943 -0.3892 -0.2209

PART 25
OFFSET 6.0520 -5.2890 -6.6052
SCALE 1 1 1
X 0.5339 -0.8454 -0.0171
Y 0.0751 0.0676 -0.9949
Z 0.8422 0.5298 0.0996

PART 26
OFFSET 6.8729 -2.8119 -9.3165
SCALE 1 1 1
X 0.4405 -0.8976 -0.0184
Y -0.1993 -0.1177 0.9728
Z -0.8753 -0.4249 -0.2308

PART 27
OFFSET 7.8906 -5.2019 -9.4200
SCALE 1 1 1
X 0.1221 -0.5926 0.7962
Y -0.4741 0.6700 0.5713
Z -0.8720 -0.4472 -0.1991

PART 28
OFFSET 8.0984 -6.2108 -8.0644
SCALE 1 1 1
X -0.3926 0.4018 0.8273
Y -0.3141 0.7869 -0.5312
Z -0.8644 -0.4684 -0.1827

PART 29
OFFSET 7.5543 -5.6539 -6.9178
SCALE 1 1 1
X -0.4554 0.5559 0.6954
Y -0.2234 0.6848 -0.6936
Z -0.8618 -0.4712 -0.1877

PART 30
OFFSET 7.0604 -5.0511 -6.1636
SCALE 1 1 1
X 0.4583 -0.8698 -0.1828
Y 0.1152 0.2621 -0.9581
Z 0.8813 0.4181 0.2203

PART 31
OFFSET 9.6014 -2.9501 -8.4205
SCALE 1 1 1
X 0.4713 -0.8398 0.2693
Y 0.3761 -0.0848 -0.9227
Z 0.7978 0.5362 0.2759

PART 32
OFFSET 9.7162 -4.0150 -9.4373
SCALE 1 1 1
X 0.4138 -0.7657 0.4924
Y -0.5077 0.2548 0.8230
Z -0.7556 -0.5905 -0.2833

PART 33
OFFSET 10.4447 -5.3632 -8.5703
SCALE 1 1 1
X -0.4531 0.0620 0.8893
Y -0.5131 0.7977 -0.3170
Z -0.7290 -0.5999 -0.3296

PART 34
OFFSET 9.9382 -5.2514 -7.4692
SCALE 1 1 1
X -0.5952 0.4917 0.6356
Y -0.2330 0.6514 -0.7221
Z -0.7691 -0.5779 -0.2731

PART 35
OFFSET 9.2660 -4.6959 -6.7512
SCALE 1 1 1
X 0.1877 -0.9106 0.3681
Y 0.5955 -0.1925 -0.7799
Z 0.7811 0.3657 0.5061

PART 36
OFFSET 8.8492 -4.6993 -9.4623
SCALE 1 1 1
X 0.3278 -0.5857 0.7413
Y -0.5935 0.4828 0.6439
Z -0.7350 -0.6511 -0.1893

PART 37
OFFSET 9.4897 -5.8434 -8.0141
SCALE 1 1 1
X -0.5385 0.4130 0.7345
Y -0.3692 0.6679 -0.6462
Z -0.7574 -0.6192 -0.2072

PART 38
OFFSET 8.7031 -5.2402 -6.9413
SCALE 1 1 1
X -0.5443 0.3670 0.7543
Y -0.3526 0.7158 -0.6027
Z -0.7612 -0.5941 -0.2602

PART 39
OFFSET 8.0815 -4.8292 -6.0884
SCALE 1 1 1
X 0.6913 -0.7006 -0.1768
Y 0.0236 0.2664 -0.9636
Z 0.7222 0.6619 0.2007

PART 40
OFFSET 2.4637 -4.3747 -8.4344
SCALE 1 1 1
X 0.9872 0.0851 0.1351
Y -0.1163 0.9630 0.2430
Z -0.1094 -0.2556 0.9606

PART 41
OFFSET -4.4332 -3.5571 -2.9073
SCALE 1 1 1
X 0.8756 0.4698 -0.1122
Y 0.4372 -0.6721 0.5976
Z 0.2054 -0.5723 -0.7939

PART 42
OFFSET -15.0229 -9.2389 -1.5509
SCALE 1 1 1
X -0.4811 -0.1573 0.8624
Y -0.7331 -0.4673 -0.4942
Z 0.4808 -0.8700 0.1095

PART 43
OFFSET -10.9308 -7.9007 -8.8862
SCALE 1 1 1
X -0.4811 -0.1573 0.8624
Y -0.8299 -0.2352 -0.5059
Z 0.2824 -0.9591 -0.0174

PART 44
OFFSET -10.2896 -6.3288 -9.9092
SCALE 1 1 1
X -0.4780 -0.1522 0.8651
Y -0.4688 0.8770 -0.1048
Z -0.7427 -0.4557 -0.4906

PART 45
OFFSET -9.0956 -6.4209 -9.7051
SCALE 1 1 1
X -0.4780 -0.1522 0.8651
Y -0.4688 0.8770 -0.1048
Z -0.7427 -0.4557 -0.4906

PART 46
OFFSET -8.5225 -7.6271 -9.7206
SCALE 1 1 1
X -0.4780 -0.1522 0.8651
Y -0.4688 0.8770 -0.1048
Z -0.7427 -0.4557 -0.4906

PART 47
OFFSET -9.4559 -7.4183 -11.5301
SCALE 1 1 1
X -0.8907 -0.4510 0.0566
Y -0.1787 0.2330 -0.9559
Z 0.4179 -0.8616 -0.2882

PART 48
OFFSET -9.0544 -7.0866 -10.5148
SCALE 1 1 1
X -0.4366 -0.8770 -0.2007
Y -0.1374 0.2855 -0.9485
Z 0.8891 -0.3865 -0.2451

PART 49
OFFSET -8.1481 -5.2010 -9.9734
SCALE 1 1 1
X -0.4784 -0.7658 0.4298
Y -0.2560 -0.3465 -0.9024
Z 0.8400 -0.5418 -0.0303

PART 50
OFFSET -7.4851 -3.9248 -10.7176
SCALE 1 1 1
X -0.2438 -0.6800 0.6915
Y -0.4140 -0.5718 -0.7083
Z 0.8770 -0.4589 -0.1421

PART 51
OFFSET -7.2546 -3.1587 -11.4468
SCALE 1 1 1
X -0.8286 -0.3250 0.4558
Y -0.4016 0.9124 -0.0794
Z -0.3901 -0.2488 -0.8865

PART 52
OFFSET -8.6050 -6.7890 -11.9607
SCALE 1 1 1
X -0.7903 -0.5060 0.3457
Y 0.4435 -0.8615 -0.2470
Z 0.4228 -0.0419 0.9053

PART 53
OFFSET -8.6050 -6.7890 -11.9607
SCALE 1 1 1
X -0.7903 -0.5060 0.3457
Y 0.4435 -0.8615 -0.2470
Z 0.4228 -0.0419 0.9053

PART 54
OFFSET 3.8825 -3.0973 -3.3894
SCALE 1 1 1
X 1.0000 0.0000 0.0000
Y 0.0000 1.0000 0.0000
Z 0.0000 -0.0000 1.0000

PART 55
OFFSET -0.6991 4.2749 -6.2573
SCALE 1 1 1
X 0.7178 0.3939 -0.5741
Y -0.2334 -0.6407 -0.7315
Z -0.6560 0.6590 -0.3679

PART 56
OFFSET 7.9820 9.0392 -13.2001
SCALE 1 1 1
X -0.1340 -0.9331 0.3337
Y -0.8341 0.2880 0.4705
Z -0.5352 -0.2153 -0.8169

PART 57
OFFSET 6.8426 1.1026 -10.3622
SCALE 1 1 1
X -0.1340 -0.9331 0.3337
Y 0.9867 -0.0942 0.1327
Z -0.0923 0.3470 0.9333

PART 58
OFFSET 8.1998 0.0095 -8.6887
SCALE 1 1 1
X -0.1275 -0.9342 0.3331
Y 0.5475 0.2137 0.8091
Z -0.8271 0.2855 0.4842

PART 59
OFFSET 7.3631 -0.3625 -11.2112
SCALE 1 1 1
X -0.1275 -0.9342 0.3331
Y 0.5475 0.2137 0.8091
Z -0.8271 0.2855 0.4842

PART 60
OFFSET 6.2473 0.0293 -7.8510
SCALE 1 1 1
X -0.1275 -0.9342 0.3331
Y 0.5475 0.2137 0.8091
Z -0.8271 0.2855 0.4842

PART 61
OFFSET 5.3256 -0.2234 -9.2266
SCALE 1 1 1
X -0.1275 -0.9342 0.3331
Y 0.5475 0.2137 0.8091
Z -0.8271 0.2855 0.4842

PART 62
OFFSET 4.6691 -0.2587 -10.7310
SCALE 1 1 1
X -0.1275 -0.9342 0.3331
Y 0.5475 0.2137 0.8091
Z -0.8271 0.2855 0.4842

PART 63
OFFSET 6.4319 -1.7581 -9.3393
SCALE 1 1 1
X 0.6916 -0.7215 0.0333
Y 0.7056 0.6847 0.1823
Z -0.1544 -0.1026 0.9827

PART 64
OFFSET 7.3605 -1.4640 -8.7449
SCALE 1 1 1
X 0.7009 -0.3480 0.6226
Y 0.3125 0.9345 0.1706
Z -0.6412 0.0750 0.7637

PART 65
OFFSET 8.8685 -2.1175 -7.3418
SCALE 1 1 1
X 0.7738 -0.3425 0.5329
Y 0.1594 0.9195 0.3594
Z -0.6131 -0.1931 0.7661

PART 66
OFFSET 10.0394 -2.7469 -6.4171
SCALE 1 1 1
X 0.7131 0.0221 0.7008
Y -0.0782 0.9958 0.0482
Z -0.6967 -0.0892 0.7118

PART 67
OFFSET 10.7773 -2.7101 -5.6259
SCALE 1 1 1
X 0.9578 0.2788 0.0700
Y 0.1409 -0.2430 -0.9597
Z -0.2506 0.9291 -0.2720

PART 68
OFFSET 6.2303 -3.1225 -9.3078
SCALE 1 1 1
X 0.1576 -0.9869 -0.0346
Y -0.2191 -0.0691 0.9732
Z -0.9629 -0.1458 -0.2271

PART 69
OFFSET 6.6978 -5.3272 -9.2330
SCALE 1 1 1
X 0.0343 -0.5386 0.8419
Y -0.4562 0.7411 0.4927
Z -0.8892 -0.4010 -0.2203

PART 70
OFFSET 6.7463 -6.0897 -8.0411
SCALE 1 1 1
X -0.3207 0.2399 0.9163
Y -0.3628 0.8625 -0.3528
Z -0.8749 -0.4456 -0.1896

PART 71
OFFSET 2.4637 -4.3747 -8.4344
SCALE 1 1 1
X 0.9872 0.0851 0.1351
Y -0.1163 0.9630 0.2430
Z -0.1094 -0.2556 0.9606

PART 72
OFFSET 1.0953 -4.3351 -11.7485
SCALE 1 1 1
X 0.0206 -0.9595 0.2810
Y 0.9818 0.0726 0.1757
Z -0.1890 0.2722 0.9435

PART 73
OFFSET 2.2841 -6.4229 -7.8528
SCALE 1 1 1
X 0.9847 0.0799 0.1547
Y -0.1163 0.9630 0.2430
Z -0.1296 -0.2573 0.9576

PART 74
OFFSET 29.7923 -2.3924 -3.2105
SCALE 1 1 1
X 0.9872 0.0851 0.1351
Y -0.1163 0.9630 0.2430
Z -0.1094 -0.2556 0.9606

PART 75
OFFSET -0.1594 -4.5307 -9.0464
SCALE 1 1 1
X 0.9976 0.0426 0.0538
Y -0.0513 0.9838 0.1718
Z -0.0456 -0.1742 0.9837

PART 76
OFFSET -1.3845 -4.8849 -8.3909
SCALE 1 1 1
X 0.9872 0.0851 0.1351
Y -0.1163 0.9630 0.2430
Z -0.1094 -0.2556 0.9606

PART 77
OFFSET -3.3363 -4.7671 -7.7236
SCALE 1 1 1
X 0.9872 0.0851 0.1351
Y -0.1163 0.9630 0.2430
Z -0.1094 -0.2556 0.9606

PART 78
OFFSET 25.7406 -2.4419 -4.9534
SCALE 1 1 1
X 0.9847 0.0799 0.1547
Y -0.1163 0.9630 0.2430
Z -0.1296 -0.2573 0.9576

PART 79
OFFSET 30.6765 -2.3161 -3.0895
SCALE 1 1 1
X 0.9847 0.0799 0.1547
Y -0.1163 0.9630 0.2430
Z -0.1296 -0.2573 0.9576


FRAME 353
PART 0
OFFSET 5.9468 -2.5671 -9.9876
SCALE 1 1 1
X 0.4573 -0.8787 -0.1370
Y -0.1898 -0.2469 0.9503
Z -0.8688 -0.4086 -0.2797

PART 1
OFFSET 5.9468 -2.5671 -9.9876
SCALE 1 1 1
X 0.4573 -0.8787 -0.1370
Y -0.1898 -0.2469 0.9503
Z -0.8688 -0.4086 -0.2797

PART 2
OFFSET -9.8525 -6.2311 -13.6026
SCALE 1 1 1
X -0.5956 -0.6225 0.5077
Y 0.4966 -0.7821 -0.3763
Z 0.6313 0.0280 0.7750

PART 3
OFFSET -8.4831 -4.7325 -14.5842
SCALE 1 1 1
X 0.0791 -0.9968 -0.0062
Y 0.5140 0.0461 -0.8565
Z 0.8541 0.0646 0.5161

PART 4
OFFSET -8.5950 -3.3212 -14.5754
SCALE 1 1 1
X 0.4882 -0.4316 -0.7585
Y 0.2213 0.9020 -0.3707
Z 0.8442 0.0131 0.5359

PART 5
OFFSET -9.0279 -2.9385 -13.9029
SCALE 1 1 1
X 0.5195 -0.0191 -0.8543
Y -0.0560 0.9968 -0.0563
Z 0.8527 0.0771 0.5168

PART 6
OFFSET -9.5214 -2.9204 -13.0913
SCALE 1 1 1
X -0.4854 -0.6223 0.6140
Y -0.2688 0.7746 0.5725
Z -0.8319 0.1128 -0.5433

PART 7
OFFSET -9.4718 -6.4737 -13.0496
SCALE 1 1 1
X -0.7779 -0.5621 0.2809
Y 0.4580 -0.8132 -0.3590
Z 0.4303 -0.1506 0.8901

PART 8
OFFSET -7.5067 -5.0104 -13.9188
SCALE 1 1 1
X 0.1732 -0.9595 -0.2220
Y 0.5937 0.2816 -0.7538
Z 0.7858 -0.0012 0.6184

PART 9
OFFSET -7.8016 -3.3768 -13.5409
SCALE 1 1 1
X 0.6084 -0.1509 -0.7792
Y 0.1160 0.9881 -0.1008
Z 0.7851 -0.0291 0.6187

PART 10
OFFSET -8.6448 -3.1676 -12.4610
SCALE 1 1 1
X 0.5235 0.5741 -0.6296
Y -0.3400 0.8183 0.4634
Z 0.7813 -0.0285 0.6236

PART 11
OFFSET -9.2125 -3.7902 -11.7782
SCALE 1 1 1
X -0.1962 -0.9392 0.2818
Y -0.6118 0.3419 0.7133
Z -0.7663 -0.0324 -0.6417

PART 12
OFFSET -13.5839 -9.8657 -12.1314
SCALE 1 1 1
X -0.6725 -0.7370 0.0679
Y -0.6767 0.6495 0.3468
Z -0.2997 0.1873 -0.9355

PART 13
OFFSET -6.5684 -5.8963 -12.1648
SCALE 1 1 1
X -0.8801 -0.4531 0.1421
Y 0.3932 -0.8631 -0.3170
Z 0.2663 -0.2232 0.9377

PART 14
OFFSET -5.0189 -5.0985 -12.4149
SCALE 1 1 1
X -0.5663 -0.8242 -0.0028
Y 0.7858 -0.5389 -0.3036
Z 0.2487 -0.1741 0.9528

PART 15
OFFSET -4.3153 -4.1072 -12.3536
SCALE 1 1 1
X -0.0106 -0.9692 -0.2461
Y 0.9744 0.0452 -0.2201
Z 0.2244 -0.2421 0.9439

PART 16
OFFSET -4.3034 -3.0124 -12.0756
SCALE 1 1 1
X -0.8131 0.2066 0.5443
Y 0.2714 0.9616 0.0404
Z -0.5150 0.1806 -0.8379

PART 17
OFFSET -6.9463 -5.4203 -13.0873
SCALE 1 1 1
X -0.3773 -0.9116 -0.1635
Y 0.8823 -0.3002 -0.3626
Z 0.2814 -0.2810 0.9175

PART 18
OFFSET -6.2093 -3.6395 -12.7680
SCALE 1 1 1
X 0.7957 -0.4590 -0.3953
Y 0.5197 0.8525 0.0562
Z 0.3112 -0.2501 0.9169

PART 19
OFFSET -7.3714 -2.9690 -12.1907
SCALE 1 1 1
X 0.9484 0.0477 -0.3136
Y 0.0161 0.9801 0.1980
Z 0.3167 -0.1928 0.9287

PART 20
OFFSET -8.4477 -3.0210 -11.8420
SCALE 1 1 1
X -0.7578 -0.6502 0.0546
Y -0.5728 0.7030 0.4216
Z -0.3125 0.2882 -0.9051

PART 21
OFFSET 0.0000 0.0000 0.0000
SCALE 1 1 1
X 1.0000 0.0000 0.0000
Y 0.0000 1.0000 0.0000
Z 0.0000 0.0000 1.0000

PART 22
OFFSET -0.7010 0.0000 0.6831
SCALE 1 1 1
X 0.9882 0.0000 0.1530
Y -0.0000 1.0000 0.0000
Z -0.1530 -0.0000 0.9882

PART 23
OFFSET 0.1883 0.0000 5.0059
SCALE 1 1 1
X 0.9882 0.0000 0.1530
Y -0.0000 1.0000 0.0000
Z -0.1530 -0.0000 0.9882

PART 24
OFFSET 5.6098 -5.8848 -8.3135
SCALE 1 1 1
X -0.4383 0.5199 0.7332
Y -0.1370 0.7676 -0.6262
Z -0.8883 -0.3749 -0.2652

PART 25
OFFSET 5.1934 -5.3908 -7.6169
SCALE 1 1 1
X 0.5497 -0.8253 -0.1294
Y 0.0664 0.1975 -0.9780
Z 0.8327 0.5290 0.1634

PART 26
OFFSET 5.9468 -2.5671 -9.9876
SCALE 1 1 1
X 0.4573 -0.8787 -0.1370
Y -0.1898 -0.2469 0.9503
Z -0.8688 -0.4086 -0.2797

PART 27
OFFSET 7.0089 -4.9028 -10.4055
SCALE 1 1 1
X 0.1393 -0.6883 0.7119
Y -0.4824 0.5807 0.6558
Z -0.8648 -0.4348 -0.2512

PART 28
OFFSET 7.2460 -6.0748 -9.1935
SCALE 1 1 1
X -0.3940 0.2832 0.8744
Y -0.3330 0.8428 -0.4230
Z -0.8567 -0.4578 -0.2377

PART 29
OFFSET 6.7000 -5.6823 -7.9817
SCALE 1 1 1
X -0.4607 0.4518 0.7640
Y -0.2416 0.7644 -0.5977
Z -0.8541 -0.4599 -0.2430

PART 30
OFFSET 6.2003 -5.1923 -7.1531
SCALE 1 1 1
X 0.4734 -0.8295 -0.2965
Y 0.1030 0.3864 -0.9166
Z 0.8748 0.4034 0.2684

PART 31
OFFSET 8.6840 -2.7664 -9.1305
SCALE 1 1 1
X 0.4892 -0.8582 0.1556
Y 0.3708 0.0431 -0.9277
Z 0.7895 0.5115 0.3392

PART 32
OFFSET 8.8114 -3.6878 -10.2775
SCALE 1 1 1
X 0.4319 -0.8148 0.3867
Y -0.5063 0.1358 0.8516
Z -0.7464 -0.5637 -0.3539

PART 33
OFFSET 9.5719 -5.1223 -9.5966
SCALE 1 1 1
X -0.4475 -0.0629 0.8921
Y -0.5305 0.8217 -0.2082
Z -0.7199 -0.5664 -0.4011

PART 34
OFFSET 9.0716 -5.1645 -8.4878
SCALE 1 1 1
X -0.5996 0.3932 0.6970
Y -0.2507 0.7348 -0.6302
Z -0.7600 -0.5527 -0.3420

PART 35
OFFSET 8.3943 -4.7203 -7.7005
SCALE 1 1 1
X 0.2078 -0.9468 0.2458
Y 0.5932 -0.0779 -0.8013
Z 0.7778 0.3123 0.5455

PART 36
OFFSET 7.9575 -4.3801 -10.3870
SCALE 1 1 1
X 0.3444 -0.6703 0.6574
Y -0.5978 0.3833 0.7041
Z -0.7239 -0.6355 -0.2687

PART 37
OFFSET 8.6304 -5.6895 -9.1028
SCALE 1 1 1
X -0.5408 0.3034 0.7845
Y -0.3866 0.7386 -0.5522
Z -0.7470 -0.6019 -0.2821

PART 38
OFFSET 7.8405 -5.2463 -7.9569
SCALE 1 1 1
X -0.5456 0.2552 0.7983
Y -0.3706 0.7808 -0.5029
Z -0.7516 -0.5702 -0.3314

PART 39
OFFSET 7.2175 -4.9619 -7.0548
SCALE 1 1 1
X 0.7031 -0.6579 -0.2697
Y 0.0113 0.3896 -0.9209
Z 0.7110 0.6445 0.2814

PART 40
OFFSET 1.5749 -4.3183 -9.2943
SCALE 1 1 1
X 0.9864 0.0864 0.1402
Y -0.1328 0.9209 0.3665
Z -0.0974 -0.3802 0.9198

PART 41
OFFSET -4.1048 -3.5571 -2.9073
SCALE 1 1 1
X 0.8594 0.5080 -0.0572
Y 0.4638 -0.7279 0.5050
Z 0.2150 -0.4605 -0.8612

PART 42
OFFSET -14.4988 -9.7013 -2.2161
SCALE 1 1 1
X -0.3622 -0.2187 0.9061
Y -0.7811 -0.4592 -0.4231
Z 0.5086 -0.8610 -0.0045

PART 43
OFFSET -11.4179 -7.8409 -9.9225
SCALE 1 1 1
X -0.3622 -0.2187 0.9061
Y -0.8728 -0.2616 -0.4121
Z 0.3272 -0.9401 -0.0961

PART 44
OFFSET -10.9373 -6.2006 -10.9216
SCALE 1 1 1
X -0.3590 -0.2136 0.9086
Y -0.4963 0.8681 0.0080
Z -0.7904 -0.4481 -0.4176

PART 45
OFFSET -9.7270 -6.2607 -10.8759
SCALE 1 1 1
X -0.3590 -0.2136 0.9086
Y -0.4963 0.8681 0.0080
Z -0.7904 -0.4481 -0.4176

PART 46
OFFSET -9.1445 -7.4425 -11.0381
SCALE 1 1 1
X -0.3590 -0.2136 0.9086
Y -0.4963 0.8681 0.0080
Z -0.7904 -0.4481 -0.4176

PART 47
OFFSET -10.3074 -7.1703 -12.7002
SCALE 1 1 1
X -0.8815 -0.4721 0.0019
Y -0.1902 0.3515 -0.9167
Z 0.4321 -0.8084 -0.3997

PART 48
OFFSET -9.9047 -6.9652 -11.6524
SCALE 1 1 1
X -0.4213 -0.8520 -0.3107
Y -0.1499 0.4033 -0.9027
Z 0.8945 -0.3337 -0.2976

PART 49
OFFSET -9.0304 -5.1483 -10.8751
SCALE 1 1 1
X -0.4606 -0.8244 0.3290
Y -0.2561 -0.2315 -0.9385
Z 0.8499 -0.5165 -0.1045

PART 50
OFFSET -8.3974 -3.7734 -11.4506
SCALE 1 1 1
X -0.2256 -0.7687 0.5985
Y -0.4083 -0.4832 -0.7745
Z 0.8845 -0.4191 -0.2048

PART 51
OFFSET -8.1869 -2.9147 -12.0753
SCALE 1 1 1
X -0.8189 -0.3978 0.4138
Y -0.4194 0.9068 0.0418
Z -0.3919 -0.1394 -0.9094

PART 52
OFFSET -9.4718 -6.4737 -13.0496
SCALE 1 1 1
X -0.7779 -0.5621 0.2809
Y 0.4580 -0.8132 -0.3590
Z 0.4303 -0.1506 0.8901

PART 53
OFFSET -9.4718 -6.4737 -13.0496
SCALE 1 1 1
X -0.7779 -0.5621 0.2809
Y 0.4580 -0.8132 -0.3590
Z 0.4303 -0.1506 0.8901

PART 54
OFFSET 4.2109 -3.0973 -3.3894
SCALE 1 1 1
X 1.0000 0.0000 0.0000
Y 0.0000 1.0000 0.0000
Z 0.0000 -0.0000 1.0000

PART 55
OFFSET -0.3707 4.2749 -6.2573
SCALE 1 1 1
X 0.7089 0.4082 -0.5753
Y -0.3137 -0.5480 -0.7754
Z -0.6317 0.7301 -0.2604

PART 56
OFFSET 8.2021 9.2111 -13.2145
SCALE 1 1 1
X -0.2348 -0.9281 0.2889
Y -0.7710 0.3588 0.5261
Z -0.5919 -0.0993 -0.7998

PART 57
OFFSET 6.2053 1.3171 -10.7570
SCALE 1 1 1
X -0.2348 -0.9281 0.2889
Y 0.9720 -0.2232 0.0728
Z -0.0031 0.2980 0.9546

PART 58
OFFSET 7.4858 -0.0312 -9.2142
SCALE 1 1 1
X -0.2285 -0.9300 0.2880
Y 0.6036 0.0967 0.7914
Z -0.7638 0.3547 0.5392

PART 59
OFFSET 6.5030 -0.1472 -11.7086
SCALE 1 1 1
X -0.2285 -0.9300 0.2880
Y 0.6036 0.0967 0.7914
Z -0.7638 0.3547 0.5392

PART 60
OFFSET 5.5882 0.1762 -8.2811
SCALE 1 1 1
X -0.2285 -0.9300 0.2880
Y 0.6036 0.0967 0.7914
Z -0.7638 0.3547 0.5392

PART 61
OFFSET 4.5847 0.1202 -9.6210
SCALE 1 1 1
