// Export filename: `C:/cod5/cod/cod5/xanim_export/viewmodel/US/thompson/thompson_putaway.XANIM_EXPORT`
// Source filename: `C:/cod5/cod/cod5/animation_assets/viewmodel/US/thompson/viewmodelanimation_thompson.mb`
// Export time: Tue Aug 26 15:24:32 2008

ANIMATION
VERSION 3

NUMPARTS 76
PART 0 "J_Index_LE_3"
PART 1 "J_Mid_LE_0"
PART 2 "J_Mid_LE_1"
PART 3 "J_Mid_LE_2"
PART 4 "J_Mid_LE_3"
PART 5 "tag_weapon"
PART 6 "J_Sleave_Reshape_Top_LE_3"
PART 7 "J_Sleave_Reshape_Top_LE_2"
PART 8 "J_Thumb_LE_2"
PART 9 "J_PinkyPalm_LE"
PART 10 "J_Sleave_Reshape_Bottom_LE_2"
PART 11 "J_Sleave_Reshape_Top_LE_1"
PART 12 "J_Thumb_LE_3"
PART 13 "J_Wrist_LE"
PART 14 "J_Thumb_LE_1"
PART 15 "J_Pinky_LE_1"
PART 16 "J_Pinky_LE_0"
PART 17 "J_Ring_LE_0"
PART 18 "J_Pinky_LE_3"
PART 19 "J_Pinky_LE_2"
PART 20 "J_RingPalm_LE"
PART 21 "J_Thumb_LE_0"
PART 22 "J_Ring_LE_1"
PART 23 "J_Ring_LE_2"
PART 24 "J_Ring_LE_3"
PART 25 "J_Webbing_LE"
PART 26 "J_Index_LE_0"
PART 27 "J_Index_LE_1"
PART 28 "J_Index_LE_2"
PART 29 "J_Shoulder_RI"
PART 30 "J_Elbow_RI"
PART 31 "J_WristTwist_RI"
PART 32 "J_Sleave_Reshape_Top_RI_3"
PART 33 "J_Sleave_Reshape_Top_RI_2"
PART 34 "J_Sleave_Reshape_Top_RI_1"
PART 35 "J_Wrist_RI"
PART 36 "J_Thumb_RI_0"
PART 37 "J_Thumb_RI_1"
PART 38 "J_Thumb_RI_2"
PART 39 "J_Thumb_RI_3"
PART 40 "J_PinkyPalm_RI"
PART 41 "J_Pinky_RI_0"
PART 42 "J_Pinky_RI_1"
PART 43 "J_Pinky_RI_2"
PART 44 "J_Pinky_RI_3"
PART 45 "J_RingPalm_RI"
PART 46 "J_Ring_RI_0"
PART 47 "J_Ring_RI_1"
PART 48 "J_Ring_RI_2"
PART 49 "J_Ring_RI_3"
PART 50 "J_Webbing_RI"
PART 51 "J_Index_RI_0"
PART 52 "J_Index_RI_1"
PART 53 "J_Index_RI_2"
PART 54 "J_Index_RI_3"
PART 55 "J_Mid_RI_0"
PART 56 "J_Mid_RI_1"
PART 57 "RingPalm_SDK_LE"
PART 58 "RingPalm_FK_LE"
PART 59 "RingPalm_SDK_RI"
PART 60 "RingPalm_FK_RI"
PART 61 "tag_torso"
PART 62 "J_Shoulder_LE"
PART 63 "J_Elbow_LE"
PART 64 "J_WristTwist_LE"
PART 65 "J_Sleave_Reshape_Bottom_LE_1"
PART 66 "J_Mid_RI_2"
PART 67 "J_Mid_RI_3"
PART 68 "tag_cambone"
PART 69 "tag_camera"
PART 70 "tag_gasmask"
PART 71 "J_Gun"
PART 72 "tag_brass"
PART 73 "J_Bolt"
PART 74 "tag_flash"
PART 75 "J_Clip"

FRAMERATE 30
NUMFRAMES 8

FRAME 96
PART 0
OFFSET 26.0823 -4.9995 -4.6388
SCALE 1 1 1
X 0.5400 -0.7601 0.3615
Y 0.2665 -0.2530 -0.9300
Z 0.7984 0.5986 0.0660

PART 1
OFFSET 24.3801 -5.3233 -7.0678
SCALE 1 1 1
X 0.7278 -0.5011 0.4682
Y -0.2571 0.4336 0.8637
Z -0.6358 -0.7489 0.1867

PART 2
OFFSET 25.8019 -6.3022 -6.1532
SCALE 1 1 1
X -0.3663 0.5330 0.7627
Y -0.6475 0.4426 -0.6203
Z -0.6682 -0.7211 0.1830

PART 3
OFFSET 25.2668 -5.5236 -5.0392
SCALE 1 1 1
X -0.6586 0.5458 -0.5180
Y 0.2973 -0.4437 -0.8454
Z -0.6913 -0.7108 0.1299

PART 4
OFFSET 24.5158 -4.9102 -5.6244
SCALE 1 1 1
X 0.3593 -0.0897 0.9289
Y 0.5981 -0.7419 -0.3030
Z 0.7164 0.6644 -0.2129

PART 5
OFFSET 14.2078 -4.5495 -5.8743
SCALE 1 1 1
X 0.9996 0.0137 0.0251
Y -0.0122 0.9983 -0.0570
Z -0.0258 0.0566 0.9981

PART 6
OFFSET 18.4017 -3.5783 -8.2549
SCALE 1 1 1
X 0.3713 -0.7004 0.6096
Y 0.5840 0.6866 0.4331
Z -0.7219 0.1952 0.6639

PART 7
OFFSET 18.8995 -2.6192 -6.6720
SCALE 1 1 1
X 0.3713 -0.7004 0.6096
Y 0.5840 0.6866 0.4331
Z -0.7219 0.1952 0.6639

PART 8
OFFSET 24.7568 -3.0537 -5.0099
SCALE 1 1 1
X 0.7998 -0.1054 0.5909
Y 0.2568 0.9499 -0.1782
Z -0.5425 0.2942 0.7868

PART 9
OFFSET 21.3614 -4.9338 -6.7448
SCALE 1 1 1
X 0.6331 -0.7286 0.2614
Y -0.0331 0.3119 0.9495
Z -0.7734 -0.6098 0.1733

PART 10
OFFSET 20.6698 -3.0490 -9.6952
SCALE 1 1 1
X 0.3713 -0.7004 0.6096
Y 0.5840 0.6866 0.4331
Z -0.7219 0.1952 0.6639

PART 11
OFFSET 20.0680 -1.5772 -6.0649
SCALE 1 1 1
X 0.3713 -0.7004 0.6096
Y 0.5840 0.6866 0.4331
Z -0.7219 0.1952 0.6639

PART 12
OFFSET 25.6013 -3.1381 -4.3379
SCALE 1 1 1
X 0.9918 -0.0710 -0.1060
Y -0.1266 -0.4469 -0.8856
Z 0.0155 0.8918 -0.4523

PART 13
OFFSET 20.9195 -3.7476 -7.2935
SCALE 1 1 1
X 0.9426 -0.3228 0.0853
Y 0.3337 0.9050 -0.2637
Z 0.0079 0.2770 0.9608

PART 14
OFFSET 23.4505 -2.7194 -5.9065
SCALE 1 1 1
X 0.8505 -0.1864 0.4918
Y 0.2656 0.9593 -0.0958
Z -0.4540 0.2121 0.8654

PART 15
OFFSET 23.7726 -6.4439 -4.9574
SCALE 1 1 1
X -0.6229 0.7385 0.2582
Y -0.5448 -0.1726 -0.8206
Z -0.5615 -0.6518 0.5098

PART 16
OFFSET 22.8924 -6.4438 -6.0663
SCALE 1 1 1
X 0.6217 -0.0001 0.7833
Y -0.4965 0.7734 0.3941
Z -0.6059 -0.6339 0.4808

PART 17
OFFSET 23.7622 -6.0766 -6.5945
SCALE 1 1 1
X 0.5178 -0.1274 0.8460
Y -0.5478 0.7102 0.4422
Z -0.6572 -0.6924 0.2979

PART 18
OFFSET 22.4812 -5.4811 -5.2397
SCALE 1 1 1
X 0.5466 0.2689 0.7930
Y 0.5870 -0.7984 -0.1339
Z 0.5972 0.5387 -0.5943

PART 19
OFFSET 23.2203 -5.7891 -4.7284
SCALE 1 1 1
X -0.7780 0.3242 -0.5381
Y 0.2133 -0.6694 -0.7117
Z -0.5909 -0.6685 0.4516

PART 20
OFFSET 21.7894 -4.4420 -7.0354
SCALE 1 1 1
X 0.7946 -0.5834 0.1679
Y -0.0260 0.2436 0.9695
Z -0.6066 -0.7748 0.1784

PART 21
OFFSET 21.6688 -2.9056 -7.1151
SCALE 1 1 1
X 0.8286 0.0334 0.5588
Y 0.2217 0.8970 -0.3825
Z -0.5140 0.4408 0.7358

PART 22
OFFSET 24.6437 -6.2936 -5.1542
SCALE 1 1 1
X -0.6894 0.7042 0.1698
Y -0.3420 -0.1098 -0.9333
Z -0.6385 -0.7015 0.3165

PART 23
OFFSET 23.6881 -5.3177 -4.9189
SCALE 1 1 1
X -0.5494 0.1237 -0.8263
Y 0.5442 -0.6975 -0.4663
Z -0.6341 -0.7058 0.3159

PART 24
OFFSET 23.0923 -5.1835 -5.8151
SCALE 1 1 1
X 0.1081 0.2623 0.9589
Y 0.7874 -0.6114 0.0785
Z 0.6068 0.7466 -0.2726

PART 25
OFFSET 24.3595 -3.1570 -6.9343
SCALE 1 1 1
X 0.8246 -0.4017 0.3984
Y 0.2794 -0.3233 -0.9041
Z 0.4920 0.8568 -0.1544

PART 26
OFFSET 24.8412 -4.4256 -7.5172
SCALE 1 1 1
X 0.6696 -0.5178 0.5325
Y -0.3141 0.4522 0.8348
Z -0.6731 -0.7262 0.1402

PART 27
OFFSET 26.0201 -5.3373 -6.5797
SCALE 1 1 1
X 0.3884 -0.2318 0.8919
Y -0.6449 0.6229 0.4428
Z -0.6582 -0.7472 0.0924

PART 28
OFFSET 26.5323 -5.5737 -5.5011
SCALE 1 1 1
X -0.3984 0.5084 0.7635
Y -0.6547 0.4254 -0.6249
Z -0.6424 -0.7487 0.1634

PART 29
OFFSET -9.3578 -3.2090 -3.5029
SCALE 1 1 1
X -0.6650 0.5050 0.5502
Y -0.3192 -0.8582 0.4019
Z 0.6752 0.0916 0.7319

PART 30
OFFSET -1.3159 -9.3170 -10.1574
SCALE 1 1 1
X -0.9472 -0.2719 -0.1700
Y 0.3131 -0.6691 -0.6740
Z 0.0695 -0.6917 0.7189

PART 31
OFFSET 6.7402 -7.0041 -8.7111
SCALE 1 1 1
X -0.9472 -0.2719 -0.1700
Y 0.2404 -0.2508 -0.9377
Z 0.2123 -0.9290 0.3030

PART 32
OFFSET 7.8148 -5.3129 -8.9446
SCALE 1 1 1
X -0.9492 -0.2660 -0.1680
Y -0.0713 0.7020 -0.7086
Z 0.3064 -0.6606 -0.6853

PART 33
OFFSET 7.9481 -5.1222 -7.7378
SCALE 1 1 1
X -0.9492 -0.2660 -0.1680
Y -0.0713 0.7020 -0.7086
Z 0.3064 -0.6606 -0.6853

PART 34
OFFSET 8.1863 -6.1959 -6.7668
SCALE 1 1 1
X -0.9492 -0.2660 -0.1680
Y -0.0713 0.7020 -0.7086
Z 0.3064 -0.6606 -0.6853

PART 35
OFFSET 9.6439 -6.1704 -8.1898
SCALE 1 1 1
X -0.9767 -0.1127 -0.1828
Y 0.2043 -0.2248 -0.9528
Z 0.0663 -0.9679 0.2426

PART 36
OFFSET 9.8589 -5.5054 -7.2877
SCALE 1 1 1
X -0.6235 -0.7074 -0.3330
Y 0.6905 -0.2984 -0.6589
Z 0.3667 -0.6408 0.6745

PART 37
OFFSET 11.1150 -3.9134 -6.5408
SCALE 1 1 1
X -0.9910 -0.1251 0.0466
Y 0.0673 -0.7693 -0.6353
Z 0.1153 -0.6265 0.7709

PART 38
OFFSET 12.7060 -3.6872 -6.7403
SCALE 1 1 1
X -0.8251 0.2469 0.5082
Y -0.5084 -0.7168 -0.4771
Z 0.2465 -0.6521 0.7170

PART 39
OFFSET 13.5956 -3.9122 -7.3146
SCALE 1 1 1
X -0.8722 0.4534 -0.1837
Y 0.4414 0.5672 -0.6953
Z -0.2110 -0.6875 -0.6948

PART 40
OFFSET 10.6757 -6.1202 -9.1043
SCALE 1 1 1
X -0.9157 0.0029 0.4019
Y 0.1205 -0.9520 0.2815
Z 0.3834 0.3062 0.8713

PART 41
OFFSET 12.7742 -5.9654 -9.9149
SCALE 1 1 1
X -0.2417 -0.9699 0.0292
Y 0.8809 -0.2319 -0.4125
Z 0.4069 -0.0740 0.9105

PART 42
OFFSET 13.1163 -4.5922 -9.9562
SCALE 1 1 1
X 0.8070 -0.4489 -0.3837
Y 0.4581 0.8859 -0.0728
Z 0.3726 -0.1171 0.9206

PART 43
OFFSET 12.4008 -4.1942 -9.6160
SCALE 1 1 1
X 0.8691 0.3455 -0.3541
Y -0.2978 0.9369 0.1831
Z 0.3950 -0.0536 0.9171

PART 44
OFFSET 11.5751 -4.5224 -9.2796
SCALE 1 1 1
X -0.5349 -0.8446 0.0233
Y -0.7342 0.4782 0.4820
Z -0.4182 0.2407 -0.8759

PART 45
OFFSET 10.7640 -6.0811 -8.3970
SCALE 1 1 1
X -0.9921 -0.0397 0.1188
Y 0.0728 -0.9547 0.2884
Z 0.1020 0.2948 0.9501

PART 46
OFFSET 13.3254 -6.0429 -8.8401
SCALE 1 1 1
X -0.1130 -0.9906 0.0769
Y 0.9601 -0.1287 -0.2482
Z 0.2558 0.0458 0.9656

PART 47
OFFSET 13.5177 -4.3563 -8.9710
SCALE 1 1 1
X 0.9204 -0.3194 -0.2255
Y 0.3050 0.9474 -0.0970
Z 0.2446 0.0205 0.9694

PART 48
OFFSET 12.2421 -3.9137 -8.6585
SCALE 1 1 1
X 0.8884 0.3988 -0.2275
Y -0.3922 0.9168 0.0756
Z 0.2387 0.0221 0.9708

PART 49
OFFSET 11.2787 -4.3461 -8.4117
SCALE 1 1 1
X -0.4921 -0.8493 0.1910
Y -0.8404 0.5207 0.1505
Z -0.2273 -0.0865 -0.9700

PART 50
OFFSET 5.4419 -6.9680 -8.0149
SCALE 1 1 1
X -0.9400 -0.3317 0.0797
Y -0.3392 0.8838 -0.3223
Z 0.0364 -0.3300 -0.9433

PART 51
OFFSET 13.3201 -5.9215 -6.6687
SCALE 1 1 1
X -0.9342 -0.3536 -0.0472
Y 0.3302 -0.9073 0.2602
Z -0.1348 0.2274 0.9644

PART 52
OFFSET 14.9649 -5.2989 -6.5856
SCALE 1 1 1
X -0.5851 -0.7984 0.1423
Y 0.7973 -0.5343 0.2808
Z -0.1482 0.2777 0.9492

PART 53
OFFSET 15.6672 -4.3115 -6.7009
SCALE 1 1 1
X 0.1765 -0.9545 0.2404
Y 0.9691 0.2113 0.1275
Z -0.1725 0.2105 0.9623

PART 54
OFFSET 15.4678 -3.2334 -6.9724
SCALE 1 1 1
X -0.9808 0.1791 0.0773
Y 0.1461 0.9369 -0.3177
Z -0.1294 -0.3003 -0.9450

PART 55
OFFSET 13.4257 -6.0037 -7.7653
SCALE 1 1 1
X -0.1279 -0.9903 0.0547
Y 0.9902 -0.1243 0.0643
Z -0.0568 0.0624 0.9964

PART 56
OFFSET 13.6755 -4.0692 -7.8722
SCALE 1 1 1
X 0.8920 -0.4458 0.0755
Y 0.4508 0.8897 -0.0729
Z -0.0347 0.0991 0.9945

PART 57
OFFSET 21.7894 -4.4420 -7.0354
SCALE 1 1 1
X 0.7946 -0.5834 0.1679
Y -0.0260 0.2436 0.9695
Z -0.6066 -0.7748 0.1784

PART 58
OFFSET 21.7894 -4.4420 -7.0354
SCALE 1 1 1
X 0.7946 -0.5834 0.1679
Y -0.0260 0.2436 0.9695
Z -0.6066 -0.7748 0.1784

PART 59
OFFSET 10.7640 -6.0811 -8.3970
SCALE 1 1 1
X -0.9921 -0.0397 0.1188
Y 0.0728 -0.9547 0.2884
Z 0.1020 0.2948 0.9501

PART 60
OFFSET 10.7640 -6.0811 -8.3970
SCALE 1 1 1
X -0.9921 -0.0397 0.1188
Y 0.0728 -0.9547 0.2884
Z 0.1020 0.2948 0.9501

PART 61
OFFSET 7.5573 -3.0450 -0.6380
SCALE 1 1 1
X 0.9999 0.0121 -0.0023
Y -0.0122 0.9983 -0.0570
Z 0.0016 0.0570 0.9984

PART 62
OFFSET 8.0651 6.2328 -6.1105
SCALE 1 1 1
X 0.7133 -0.1544 -0.6836
Y -0.2898 -0.9531 -0.0871
Z -0.6381 0.2602 -0.7246

PART 63
OFFSET 16.6918 4.3656 -14.3783
SCALE 1 1 1
X 0.3654 -0.7012 0.6123
Y -0.7324 0.1895 0.6540
Z -0.5746 -0.6874 -0.4443

PART 64
OFFSET 19.7994 -1.5981 -9.1706
SCALE 1 1 1
X 0.3654 -0.7012 0.6123
Y 0.9199 0.3727 -0.1221
Z -0.1426 0.6078 0.7812

PART 65
OFFSET 21.8601 -1.4250 -7.9212
SCALE 1 1 1
X 0.3713 -0.7004 0.6096
Y 0.5840 0.6866 0.4331
Z -0.7219 0.1952 0.6639

PART 66
OFFSET 12.3727 -3.4181 -7.9825
SCALE 1 1 1
X 0.8899 0.4543 -0.0412
Y -0.4549 0.8768 -0.1558
Z -0.0347 0.1574 0.9869

PART 67
OFFSET 11.3648 -3.9332 -7.9430
SCALE 1 1 1
X -0.3896 -0.9185 0.0680
Y -0.9209 0.3892 -0.0189
Z -0.0091 -0.0700 -0.9975

PART 68
OFFSET 0.0000 0.0000 0.0000
SCALE 1 1 1
X 1.0000 0.0000 0.0000
Y 0.0000 1.0000 0.0000
Z 0.0000 0.0000 1.0000

PART 69
OFFSET 0.0000 0.0000 0.0000
SCALE 1 1 1
X 1.0000 0.0000 0.0000
Y 0.0000 1.0000 0.0000
Z 0.0000 0.0000 1.0000

PART 70
OFFSET 1.5404 0.0000 4.1357
SCALE 1 1 1
X 1.0000 0.0000 0.0000
Y 0.0000 1.0000 0.0000
Z 0.0000 0.0000 1.0000

PART 71
OFFSET 14.2078 -4.5495 -5.8743
SCALE 1 1 1
X 0.9996 0.0137 0.0251
Y -0.0122 0.9983 -0.0570
Z -0.0258 0.0566 0.9981

PART 72
OFFSET 12.6629 -5.3692 -4.0259
SCALE 1 1 1
X -0.0608 -0.7937 0.6052
Y 0.9981 -0.0545 0.0289
Z 0.0100 0.6058 0.7955

PART 73
OFFSET 12.6952 -5.4802 -3.7290
SCALE 1 1 1
X 0.9989 0.0148 0.0455
Y -0.0122 0.9983 -0.0570
Z -0.0463 0.0563 0.9973

PART 74
OFFSET 28.5318 -4.1992 -3.6972
SCALE 1 1 1
X 0.9996 0.0137 0.0251
Y -0.0122 0.9983 -0.0570
Z -0.0258 0.0566 0.9981

PART 75
OFFSET 17.6380 -4.4972 -5.8918
SCALE 1 1 1
X 0.9996 0.0137 0.0251
Y -0.0122 0.9983 -0.0570
Z -0.0258 0.0566 0.9981


FRAME 97
PART 0
OFFSET 25.0607 -4.3425 -4.1179
SCALE 1 1 1
X 0.5139 -0.7738 0.3703
Y 0.3869 -0.1761 -0.9051
Z 0.7656 0.6084 0.2089

PART 1
OFFSET 23.6759 -4.5118 -6.7277
SCALE 1 1 1
X 0.6673 -0.5027 0.5496
Y -0.3988 0.3820 0.8337
Z -0.6290 -0.7755 0.0544

PART 2
OFFSET 24.9795 -5.4938 -5.6541
SCALE 1 1 1
X -0.4545 0.4501 0.7686
Y -0.5965 0.4871 -0.6380
Z -0.6615 -0.7484 0.0471

PART 3
OFFSET 24.3156 -4.8363 -4.5314
SCALE 1 1 1
X -0.6638 0.6188 -0.4200
Y 0.3123 -0.2809 -0.9075
Z -0.6796 -0.7336 -0.0068

PART 4
OFFSET 23.5588 -4.1404 -5.0065
SCALE 1 1 1
X 0.3529 -0.2482 0.9021
Y 0.6138 -0.6663 -0.4234
Z 0.7062 0.7032 -0.0828

PART 5
OFFSET 13.5332 -4.1916 -6.2011
SCALE 1 1 1
X 0.9952 0.0462 0.0860
Y -0.0422 0.9980 -0.0469
Z -0.0880 0.0431 0.9952

PART 6
OFFSET 17.6820 -2.9440 -8.2386
SCALE 1 1 1
X 0.3845 -0.6303 0.6745
Y 0.5969 0.7271 0.3392
Z -0.7042 0.2722 0.6557

PART 7
OFFSET 18.2226 -1.8174 -6.7853
SCALE 1 1 1
X 0.3845 -0.6303 0.6745
Y 0.5969 0.7271 0.3392
Z -0.7042 0.2722 0.6557

PART 8
OFFSET 23.7392 -2.3566 -4.6189
SCALE 1 1 1
X 0.7323 -0.1564 0.6627
Y 0.2702 0.9601 -0.0719
Z -0.6251 0.2317 0.7454

PART 9
OFFSET 20.6292 -4.2258 -6.7943
SCALE 1 1 1
X 0.6169 -0.7244 0.3078
Y -0.1749 0.2551 0.9510
Z -0.7674 -0.6404 0.0307

PART 10
OFFSET 19.9146 -2.5917 -9.7847
SCALE 1 1 1
X 0.3845 -0.6303 0.6745
Y 0.5969 0.7271 0.3392
Z -0.7042 0.2722 0.6557

PART 11
OFFSET 19.4093 -0.7212 -6.3274
SCALE 1 1 1
X 0.3845 -0.6303 0.6745
Y 0.5969 0.7271 0.3392
Z -0.7042 0.2722 0.6557

PART 12
OFFSET 24.5072 -2.4988 -3.8693
SCALE 1 1 1
X 0.9978 -0.0665 -0.0044
Y -0.0289 -0.3730 -0.9274
Z 0.0600 0.9254 -0.3741

PART 13
OFFSET 20.2227 -3.0198 -7.3270
SCALE 1 1 1
X 0.9337 -0.3017 0.1930
Y 0.3336 0.9286 -0.1623
Z -0.1303 0.2159 0.9677

PART 14
OFFSET 22.5524 -1.8977 -5.6204
SCALE 1 1 1
X 0.7840 -0.2586 0.5644
Y 0.2922 0.9558 0.0321
Z -0.5477 0.1398 0.8249

PART 15
OFFSET 22.8440 -5.8011 -4.7848
SCALE 1 1 1
X -0.6221 0.7302 0.2826
Y -0.4815 -0.0722 -0.8735
Z -0.6174 -0.6794 0.3965

PART 16
OFFSET 22.1056 -5.7289 -5.9906
SCALE 1 1 1
X 0.5215 -0.0510 0.8517
Y -0.5432 0.7499 0.3776
Z -0.6580 -0.6596 0.3634

PART 17
OFFSET 23.0275 -5.3101 -6.3877
SCALE 1 1 1
X 0.4224 -0.1958 0.8850
Y -0.5968 0.6748 0.4341
Z -0.6822 -0.7115 0.1682

PART 18
OFFSET 21.5744 -4.6806 -4.9382
SCALE 1 1 1
X 0.5916 0.0492 0.8047
Y 0.5006 -0.8048 -0.3189
Z 0.6320 0.5915 -0.5008

PART 19
OFFSET 22.2924 -5.1537 -4.5342
SCALE 1 1 1
X -0.7558 0.4980 -0.4252
Y 0.1264 -0.5262 -0.8409
Z -0.6425 -0.6893 0.3348

PART 20
OFFSET 21.0745 -3.7052 -6.9948
SCALE 1 1 1
X 0.7853 -0.5710 0.2394
Y -0.1639 0.1811 0.9697
Z -0.5971 -0.8007 0.0486

PART 21
OFFSET 20.9112 -2.1707 -6.9994
SCALE 1 1 1
X 0.7680 0.0741 0.6362
Y 0.1826 0.9267 -0.3284
Z -0.6139 0.3684 0.6981

PART 22
OFFSET 23.7467 -5.6434 -4.8810
SCALE 1 1 1
X -0.6899 0.6916 0.2137
Y -0.2844 0.0125 -0.9586
Z -0.6657 -0.7221 0.1880

PART 23
OFFSET 22.7905 -4.6849 -4.5848
SCALE 1 1 1
X -0.5964 0.3579 -0.7184
Y 0.4550 -0.5867 -0.6699
Z -0.6613 -0.7265 0.1871

PART 24
OFFSET 22.1436 -4.2967 -5.3640
SCALE 1 1 1
X 0.1963 0.0062 0.9805
Y 0.7426 -0.6540 -0.1445
Z 0.6404 0.7565 -0.1329

PART 25
OFFSET 23.5608 -2.3597 -6.4708
SCALE 1 1 1
X 0.7777 -0.4034 0.4821
Y 0.4089 -0.2578 -0.8754
Z 0.4774 0.8779 -0.0355

PART 26
OFFSET 24.1608 -3.5753 -7.0568
SCALE 1 1 1
X 0.6234 -0.5487 0.5570
Y -0.4166 0.3698 0.8305
Z -0.6617 -0.7498 0.0019

PART 27
OFFSET 25.2584 -4.5413 -6.0760
SCALE 1 1 1
X 0.2744 -0.2841 0.9187
Y -0.7168 0.5765 0.3924
Z -0.6411 -0.7661 -0.0455

PART 28
OFFSET 25.6309 -4.8402 -4.9564
SCALE 1 1 1
X -0.5048 0.4406 0.7423
Y -0.5850 0.4577 -0.6695
Z -0.6347 -0.7723 0.0267

PART 29
OFFSET -9.5031 -3.2132 -3.5596
SCALE 1 1 1
X -0.6420 0.5116 0.5711
Y -0.2966 -0.8526 0.4303
Z 0.7071 0.1069 0.6990

PART 30
OFFSET -1.7393 -9.3999 -10.4668
SCALE 1 1 1
X -0.9432 -0.2997 -0.1435
Y 0.3152 -0.6701 -0.6720
Z 0.1053 -0.6790 0.7265

PART 31
OFFSET 6.2829 -6.8507 -9.2467
SCALE 1 1 1
X -0.9432 -0.2997 -0.1435
Y 0.2211 -0.2438 -0.9443
Z 0.2480 -0.9223 0.2963

PART 32
OFFSET 7.3058 -5.1328 -9.5374
SCALE 1 1 1
X -0.9453 -0.2938 -0.1414
Y -0.1071 0.6894 -0.7164
Z 0.3080 -0.6621 -0.6832

PART 33
OFFSET 7.4636 -4.9253 -8.3355
SCALE 1 1 1
X -0.9453 -0.2938 -0.1414
Y -0.1071 0.6894 -0.7164
Z 0.3080 -0.6621 -0.6832

PART 34
OFFSET 7.7550 -5.9861 -7.3477
SCALE 1 1 1
X -0.9453 -0.2938 -0.1414
Y -0.1071 0.6894 -0.7164
Z 0.3080 -0.6621 -0.6832

PART 35
OFFSET 9.1744 -5.9318 -8.8069
SCALE 1 1 1
X -0.9595 -0.1423 -0.2430
Y 0.2689 -0.2059 -0.9409
Z 0.0839 -0.9682 0.2358

PART 36
OFFSET 9.3121 -5.2716 -7.8864
SCALE 1 1 1
X -0.5781 -0.7232 -0.3779
Y 0.7387 -0.2672 -0.6189
Z 0.3466 -0.6369 0.6886

PART 37
OFFSET 10.4667 -3.6489 -7.0476
SCALE 1 1 1
X -0.9873 -0.1582 -0.0151
Y 0.1313 -0.7586 -0.6382
Z 0.0895 -0.6321 0.7697

PART 38
OFFSET 12.0583 -3.3681 -7.1475
SCALE 1 1 1
X -0.8621 0.2133 0.4597
Y -0.4544 -0.7270 -0.5148
Z 0.2244 -0.6527 0.7236

PART 39
OFFSET 12.9880 -3.5565 -7.6690
SCALE 1 1 1
X -0.8742 0.4269 -0.2315
Y 0.4633 0.5902 -0.6611
Z -0.1455 -0.6852 -0.7137

PART 40
OFFSET 10.2573 -5.8361 -9.6564
SCALE 1 1 1
X -0.9379 -0.0319 0.3454
Y 0.1348 -0.9510 0.2783
Z 0.3196 0.3075 0.8962

PART 41
OFFSET 12.3946 -5.6031 -10.3361
SCALE 1 1 1
X -0.2107 -0.9775 0.0042
Y 0.9115 -0.1980 -0.3605
Z 0.3533 -0.0722 0.9327

PART 42
OFFSET 12.6929 -4.2191 -10.3420
SCALE 1 1 1
X 0.8432 -0.4176 -0.3385
Y 0.4321 0.9012 -0.0354
Z 0.3198 -0.1164 0.9403

PART 43
OFFSET 11.9453 -3.8489 -10.0418
SCALE 1 1 1
X 0.8770 0.3779 -0.2968
Y -0.3393 0.9244 0.1745
Z 0.3403 -0.0523 0.9388

PART 44
OFFSET 11.1121 -4.2080 -9.7598
SCALE 1 1 1
X -0.5070 -0.8618 -0.0183
Y -0.7775 0.4480 0.4414
Z -0.3722 0.2380 -0.8971

PART 45
OFFSET 10.3013 -5.8032 -8.9447
SCALE 1 1 1
X -0.9956 -0.0736 0.0578
Y 0.0870 -0.9554 0.2821
Z 0.0344 0.2859 0.9577

PART 46
OFFSET 12.8821 -5.6758 -9.2307
SCALE 1 1 1
X -0.0843 -0.9947 0.0593
Y 0.9771 -0.0942 -0.1907
Z 0.1953 0.0418 0.9799

PART 47
OFFSET 13.0257 -3.9824 -9.3316
SCALE 1 1 1
X 0.9425 -0.2863 -0.1725
Y 0.2786 0.9580 -0.0682
Z 0.1847 0.0162 0.9827

PART 48
OFFSET 11.7195 -3.5855 -9.0926
SCALE 1 1 1
X 0.8867 0.4304 -0.1688
Y -0.4264 0.9025 0.0613
Z 0.1787 0.0176 0.9837

PART 49
OFFSET 10.7578 -4.0523 -8.9095
SCALE 1 1 1
X -0.4741 -0.8673 0.1516
Y -0.8648 0.4911 0.1047
Z -0.1652 -0.0815 -0.9829

PART 50
OFFSET 4.9985 -6.8691 -8.8964
SCALE 1 1 1
X -0.9315 -0.3633 0.0189
Y -0.3485 0.8762 -0.3328
Z 0.1044 -0.3166 -0.9428

PART 51
OFFSET 12.7416 -5.5817 -7.0626
SCALE 1 1 1
X -0.9173 -0.3834 -0.1077
Y 0.3442 -0.8992 0.2700
Z -0.2004 0.2106 0.9568

PART 52
OFFSET 14.3566 -4.9067 -6.8730
SCALE 1 1 1
X -0.5655 -0.8189 0.0979
Y 0.7964 -0.5113 0.3230
Z -0.2145 0.2606 0.9413

PART 53
OFFSET 15.0310 -3.8953 -6.9349
SCALE 1 1 1
X 0.1936 -0.9512 0.2405
Y 0.9520 0.2414 0.1884
Z -0.2372 0.1925 0.9522

PART 54
OFFSET 14.8124 -2.8209 -7.2065
SCALE 1 1 1
X -0.9891 0.1459 0.0195
Y 0.1335 0.9451 -0.2982
Z -0.0619 -0.2924 -0.9543

PART 55
OFFSET 12.9159 -5.6466 -8.1516
SCALE 1 1 1
X -0.0977 -0.9946 0.0362
Y 0.9881 -0.0926 0.1230
Z -0.1190 0.0478 0.9917

PART 56
OFFSET 13.1067 -3.7036 -8.2224
SCALE 1 1 1
X 0.9002 -0.4172 0.1249
Y 0.4243 0.9048 -0.0359
Z -0.0980 0.0853 0.9915

PART 57
OFFSET 21.0745 -3.7052 -6.9948
SCALE 1 1 1
X 0.7853 -0.5710 0.2394
Y -0.1639 0.1811 0.9697
Z -0.5971 -0.8007 0.0486

PART 58
OFFSET 21.0745 -3.7052 -6.9948
SCALE 1 1 1
X 0.7853 -0.5710 0.2394
Y -0.1639 0.1811 0.9697
Z -0.5971 -0.8007 0.0486

PART 59
OFFSET 10.3013 -5.8032 -8.9447
SCALE 1 1 1
X -0.9956 -0.0736 0.0578
Y 0.0870 -0.9554 0.2821
Z 0.0344 0.2859 0.9577

PART 60
OFFSET 10.3013 -5.8032 -8.9447
SCALE 1 1 1
X -0.9956 -0.0736 0.0578
Y 0.0870 -0.9554 0.2821
Z 0.0344 0.2859 0.9577

PART 61
OFFSET 7.5573 -3.0450 -0.6380
SCALE 1 1 1
X 0.9999 0.0121 -0.0023
Y -0.0122 0.9983 -0.0570
Z 0.0016 0.0570 0.9984

PART 62
OFFSET 8.0248 6.2456 -6.1497
SCALE 1 1 1
X 0.6464 -0.1627 -0.7455
Y -0.2576 -0.9662 -0.0125
Z -0.7182 0.2001 -0.6664

PART 63
OFFSET 15.8421 4.2782 -15.1653
SCALE 1 1 1
X 0.3786 -0.6307 0.6774
Y -0.7150 0.2654 0.6468
Z -0.5877 -0.7292 -0.3505

PART 64
OFFSET 19.0621 -1.0863 -9.4037
SCALE 1 1 1
X 0.3786 -0.6307 0.6774
Y 0.8599 0.5105 -0.0053
Z -0.3425 0.5845 0.7356

PART 65
OFFSET 21.1543 -0.7872 -8.2329
SCALE 1 1 1
X 0.3845 -0.6303 0.6745
Y 0.5969 0.7271 0.3392
Z -0.7042 0.2722 0.6557

PART 66
OFFSET 11.7919 -3.0943 -8.4048
SCALE 1 1 1
X 0.8750 0.4838 0.0179
Y -0.4738 0.8633 -0.1738
Z -0.0995 0.1436 0.9846

PART 67
OFFSET 10.8012 -3.6427 -8.4321
SCALE 1 1 1
X -0.3620 -0.9316 0.0344
Y -0.9306 0.3590 -0.0707
Z 0.0535 -0.0576 -0.9969

PART 68
OFFSET 0.0000 0.0000 0.0000
SCALE 1 1 1
X 1.0000 0.0000 0.0000
Y 0.0000 1.0000 0.0000
Z 0.0000 0.0000 1.0000

PART 69
OFFSET 0.0000 0.0000 0.0000
SCALE 1 1 1
X 1.0000 0.0000 0.0000
Y 0.0000 1.0000 0.0000
Z 0.0000 0.0000 1.0000

PART 70
OFFSET 1.5404 0.0000 4.1357
SCALE 1 1 1
X 1.0000 0.0000 0.0000
Y 0.0000 1.0000 0.0000
Z 0.0000 0.0000 1.0000

PART 71
OFFSET 13.5332 -4.1916 -6.2011
SCALE 1 1 1
X 0.9952 0.0462 0.0860
Y -0.0422 0.9980 -0.0469
Z -0.0880 0.0431 0.9952

PART 72
OFFSET 11.9078 -5.0849 -4.4589
SCALE 1 1 1
X -0.0706 -0.8029 0.5919
Y 0.9958 -0.0220 0.0890
Z -0.0584 0.5957 0.8011

PART 73
OFFSET 11.9258 -5.1985 -4.1618
SCALE 1 1 1
X 0.9932 0.0470 0.1063
Y -0.0422 0.9980 -0.0469
Z -0.1083 0.0421 0.9932

PART 74
OFFSET 27.6797 -3.3991 -3.1537
SCALE 1 1 1
X 0.9952 0.0462 0.0860
Y -0.0422 0.9980 -0.0469
Z -0.0880 0.0431 0.9952

PART 75
OFFSET 16.9545 -4.0265 -6.0095
SCALE 1 1 1
X 0.9952 0.0462 0.0860
Y -0.0422 0.9980 -0.0469
Z -0.0880 0.0431 0.9952


FRAME 98
PART 0
OFFSET 22.4011 -2.8858 -3.3171
SCALE 1 1 1
X 0.4859 -0.7965 0.3599
Y 0.6207 0.0247 -0.7836
Z 0.6153 0.6042 0.5064

PART 1
OFFSET 21.7228 -2.6457 -6.1289
SCALE 1 1 1
X 0.5099 -0.5291 0.6783
Y -0.6794 0.2359 0.6948
Z -0.5276 -0.8151 -0.2392

PART 2
OFFSET 22.7188 -3.6794 -4.8038
SCALE 1 1 1
X -0.6465 0.2232 0.7296
Y -0.5194 0.5717 -0.6351
Z -0.5589 -0.7895 -0.2537

PART 3
OFFSET 21.7746 -3.3533 -3.7381
SCALE 1 1 1
X -0.7570 0.6308 -0.1702
Y 0.3230 0.1349 -0.9367
Z -0.5680 -0.7641 -0.3059

PART 4
OFFSET 20.9130 -2.6444 -3.9324
SCALE 1 1 1
X 0.4104 -0.5210 0.7484
Y 0.6901 -0.3590 -0.6284
Z 0.5961 0.7744 0.2122

PART 5
OFFSET 11.8930 -3.3505 -7.0280
SCALE 1 1 1
X 0.9686 0.1189 0.2184
Y -0.1177 0.9929 -0.0183
Z -0.2190 -0.0080 0.9757

PART 6
OFFSET 15.8607 -1.4520 -8.3439
SCALE 1 1 1
X 0.4054 -0.4714 0.7832
Y 0.5997 0.7838 0.1613
Z -0.6899 0.4044 0.6004

PART 7
OFFSET 16.4286 -0.0407 -7.1782
SCALE 1 1 1
X 0.4054 -0.4714 0.7832
Y 0.5997 0.7838 0.1613
Z -0.6899 0.4044 0.6004

PART 8
OFFSET 21.0693 -0.7940 -4.0637
SCALE 1 1 1
X 0.5844 -0.2764 0.7629
Y 0.2264 0.9584 0.1739
Z -0.7793 0.0711 0.6227

PART 9
OFFSET 18.8028 -2.5721 -7.0437
SCALE 1 1 1
X 0.5787 -0.7172 0.3881
Y -0.4708 0.0948 0.8772
Z -0.6659 -0.6903 -0.2828

PART 10
OFFSET 18.0522 -1.4333 -9.9859
SCALE 1 1 1
X 0.4054 -0.4714 0.7832
Y 0.5997 0.7838 0.1613
Z -0.6899 0.4044 0.6004

PART 11
OFFSET 17.6182 1.1301 -6.9945
SCALE 1 1 1
X 0.4054 -0.4714 0.7832
Y 0.5997 0.7838 0.1613
Z -0.6899 0.4044 0.6004

PART 12
OFFSET 21.6694 -1.0733 -3.2072
SCALE 1 1 1
X 0.9786 -0.0522 0.1990
Y 0.1867 -0.1812 -0.9656
Z 0.0865 0.9821 -0.1676

PART 13
OFFSET 18.4234 -1.3273 -7.5020
SCALE 1 1 1
X 0.8717 -0.2615 0.4145
Y 0.2556 0.9642 0.0709
Z -0.4182 0.0442 0.9073

PART 14
OFFSET 20.1303 -0.0593 -5.1596
SCALE 1 1 1
X 0.6413 -0.4188 0.6429
Y 0.2640 0.9072 0.3276
Z -0.7204 -0.0404 0.6924

PART 15
OFFSET 20.5607 -4.3354 -4.6963
SCALE 1 1 1
X -0.6663 0.6516 0.3625
Y -0.3435 0.1632 -0.9249
Z -0.6618 -0.7408 0.1151

PART 16
OFFSET 20.1424 -4.0714 -6.0229
SCALE 1 1 1
X 0.2955 -0.1865 0.9370
Y -0.6567 0.6727 0.3410
Z -0.6938 -0.7161 0.0763

PART 17
OFFSET 21.1025 -3.5335 -6.1057
SCALE 1 1 1
X 0.2330 -0.3614 0.9028
Y -0.7196 0.5604 0.4101
Z -0.6542 -0.7452 -0.1295

PART 18
OFFSET 19.2710 -3.1148 -4.4043
SCALE 1 1 1
X 0.6676 -0.3752 0.6431
Y 0.3795 -0.5716 -0.7275
Z 0.6406 0.7297 -0.2392

PART 19
OFFSET 19.9699 -3.7576 -4.3750
SCALE 1 1 1
X -0.7357 0.6766 -0.0309
Y -0.0110 -0.0576 -0.9983
Z -0.6772 -0.7341 0.0498

PART 20
OFFSET 19.2228 -1.9950 -7.0322
SCALE 1 1 1
X 0.7485 -0.5447 0.3782
Y -0.4468 0.0072 0.8946
Z -0.4900 -0.8386 -0.2380

PART 21
OFFSET 18.8905 -0.4963 -6.8746
SCALE 1 1 1
X 0.5926 0.1529 0.7909
Y 0.0582 0.9711 -0.2314
Z -0.8034 0.1832 0.5666

PART 22
OFFSET 21.4992 -4.1488 -4.5687
SCALE 1 1 1
X -0.7447 0.5828 0.3252
Y -0.1834 0.2898 -0.9394
Z -0.6417 -0.7592 -0.1089

PART 23
OFFSET 20.4670 -3.3411 -4.1180
SCALE 1 1 1
X -0.7204 0.6401 -0.2670
Y 0.2744 -0.0904 -0.9573
Z -0.6369 -0.7630 -0.1105

PART 24
OFFSET 19.6857 -2.6469 -4.4075
SCALE 1 1 1
X 0.4022 -0.5103 0.7602
Y 0.6649 -0.4081 -0.6257
Z 0.6295 0.7570 0.1752

PART 25
OFFSET 21.2921 -0.5789 -5.6253
SCALE 1 1 1
X 0.6544 -0.4203 0.6286
Y 0.6631 -0.0806 -0.7442
Z 0.3634 0.9038 0.2259

PART 26
OFFSET 22.1680 -1.6355 -6.1705
SCALE 1 1 1
X 0.5486 -0.6090 0.5729
Y -0.6295 0.1502 0.7624
Z -0.5503 -0.7789 -0.3009

PART 27
OFFSET 23.1339 -2.7077 -5.1619
SCALE 1 1 1
X 0.0423 -0.4255 0.9040
Y -0.8543 0.4537 0.2535
Z -0.5180 -0.7830 -0.3443

PART 28
OFFSET 23.2168 -3.1773 -4.0420
SCALE 1 1 1
X -0.7222 0.2581 0.6418
Y -0.4433 0.5395 -0.7158
Z -0.5310 -0.8015 -0.2752

PART 29
OFFSET -9.6624 -3.2178 -3.6218
SCALE 1 1 1
X -0.5800 0.5264 0.6217
Y -0.2325 -0.8384 0.4930
Z 0.7807 0.1414 0.6086

PART 30
OFFSET -2.6479 -9.5841 -11.1405
SCALE 1 1 1
X -0.9259 -0.3699 -0.0774
Y 0.3219 -0.6646 -0.6743
Z 0.1980 -0.6492 0.7344

PART 31
OFFSET 5.2269 -6.4382 -10.4823
SCALE 1 1 1
X -0.9259 -0.3699 -0.0774
Y 0.1689 -0.2218 -0.9604
Z 0.3380 -0.9022 0.2678

PART 32
OFFSET 6.1028 -4.6564 -10.8960
SCALE 1 1 1
X -0.9283 -0.3641 -0.0754
Y -0.1999 0.6597 -0.7244
Z 0.3135 -0.6574 -0.6852

PART 33
OFFSET 6.3208 -4.4143 -9.7080
SCALE 1 1 1
X -0.9283 -0.3641 -0.0754
Y -0.1999 0.6597 -0.7244
Z 0.3135 -0.6574 -0.6852

PART 34
OFFSET 6.7536 -5.4428 -8.6962
SCALE 1 1 1
X -0.9283 -0.3641 -0.0754
Y -0.1999 0.6597 -0.7244
Z 0.3135 -0.6574 -0.6852

PART 35
OFFSET 8.0653 -5.3043 -10.2451
SCALE 1 1 1
X -0.9051 -0.2050 -0.3725
Y 0.4042 -0.1426 -0.9035
Z 0.1320 -0.9683 0.2119

PART 36
OFFSET 8.0282 -4.6769 -9.2926
SCALE 1 1 1
X -0.4631 -0.7481 -0.4753
Y 0.8319 -0.1817 -0.5244
Z 0.3059 -0.6382 0.7065

PART 37
OFFSET 8.9274 -3.0089 -8.2539
SCALE 1 1 1
X -0.9607 -0.2330 -0.1509
Y 0.2745 -0.7172 -0.6405
Z 0.0410 -0.6568 0.7529

PART 38
OFFSET 10.4901 -2.6020 -8.1329
SCALE 1 1 1
X -0.9288 0.1256 0.3486
Y -0.3227 -0.7363 -0.5947
Z 0.1820 -0.6649 0.7244

PART 39
OFFSET 11.4917 -2.6949 -8.5328
SCALE 1 1 1
X -0.8690 0.3681 -0.3306
Y 0.4947 0.6529 -0.5736
Z 0.0047 -0.6620 -0.7495

PART 40
OFFSET 9.2373 -5.0879 -10.9401
SCALE 1 1 1
X -0.9689 -0.1190 0.2169
Y 0.1751 -0.9492 0.2614
Z 0.1748 0.2912 0.9406

PART 41
OFFSET 11.4183 -4.6618 -11.3225
SCALE 1 1 1
X -0.1287 -0.9901 -0.0568
Y 0.9636 -0.1113 -0.2431
Z 0.2344 -0.0860 0.9683

PART 42
OFFSET 11.6006 -3.2601 -11.2420
SCALE 1 1 1
X 0.9112 -0.3363 -0.2378
Y 0.3578 0.9323 0.0526
Z 0.2040 -0.1330 0.9699

PART 43
OFFSET 10.7926 -2.9620 -11.0312
SCALE 1 1 1
X 0.8741 0.4568 -0.1652
Y -0.4335 0.8870 0.1591
Z 0.2192 -0.0675 0.9733

PART 44
OFFSET 9.9622 -3.3960 -10.8743
SCALE 1 1 1
X -0.4281 -0.8965 -0.1143
Y -0.8621 0.3671 0.3494
Z -0.2713 0.2482 -0.9300

PART 45
OFFSET 9.1862 -5.0833 -10.2281
SCALE 1 1 1
X -0.9853 -0.1524 -0.0770
Y 0.1279 -0.9575 0.2586
Z -0.1132 0.2449 0.9629

PART 46
OFFSET 11.7631 -4.7453 -10.1655
SCALE 1 1 1
X -0.0094 -0.9999 0.0139
Y 0.9980 -0.0102 -0.0628
Z 0.0629 0.0133 0.9979

PART 47
OFFSET 11.7791 -3.0430 -10.1891
SCALE 1 1 1
X 0.9771 -0.2051 -0.0558
Y 0.2055 0.9787 0.0018
Z 0.0542 -0.0132 0.9984

PART 48
OFFSET 10.4248 -2.7587 -10.1118
SCALE 1 1 1
X 0.8628 0.5044 -0.0352
Y -0.5033 0.8634 0.0349
Z 0.0480 -0.0124 0.9988

PART 49
OFFSET 9.4891 -3.3057 -10.0735
SCALE 1 1 1
X -0.4170 -0.9070 0.0581
Y -0.9084 0.4180 0.0058
Z -0.0296 -0.0503 -0.9983

PART 50
OFFSET 4.0273 -6.5557 -10.9180
SCALE 1 1 1
X -0.8931 -0.4345 -0.1169
Y -0.3734 0.8606 -0.3462
Z 0.2510 -0.2655 -0.9309

PART 51
OFFSET 11.3363 -4.7580 -8.0333
SCALE 1 1 1
X -0.8610 -0.4478 -0.2410
Y 0.3791 -0.8811 0.2826
Z -0.3389 0.1519 0.9285

PART 52
OFFSET 12.8523 -3.9696 -7.6089
SCALE 1 1 1
X -0.5042 -0.8636 -0.0056
Y 0.7873 -0.4622 0.4081
Z -0.3550 0.2014 0.9129

PART 53
OFFSET 13.4436 -2.9075 -7.5467
SCALE 1 1 1
X 0.2384 -0.9431 0.2316
Y 0.8966 0.3054 0.3207
Z -0.3733 0.1312 0.9184

PART 54
OFFSET 13.1743 -1.8422 -7.8083
SCALE 1 1 1
X -0.9920 0.0682 -0.1066
Y 0.0927 0.9649 -0.2458
Z 0.0861 -0.2537 -0.9634

PART 55
OFFSET 11.6546 -4.7609 -9.0912
SCALE 1 1 1
X -0.0195 -0.9998 -0.0107
Y 0.9681 -0.0215 0.2495
Z -0.2496 -0.0055 0.9683

PART 56
OFFSET 11.6926 -2.8078 -9.0703
SCALE 1 1 1
X 0.9078 -0.3517 0.2287
Y 0.3495 0.9355 0.0512
Z -0.2320 0.0334 0.9722

PART 57
OFFSET 19.2228 -1.9950 -7.0322
SCALE 1 1 1
X 0.7485 -0.5447 0.3782
Y -0.4468 0.0072 0.8946
Z -0.4900 -0.8386 -0.2380

PART 58
OFFSET 19.2228 -1.9950 -7.0322
SCALE 1 1 1
X 0.7485 -0.5447 0.3782
Y -0.4468 0.0072 0.8946
Z -0.4900 -0.8386 -0.2380

PART 59
OFFSET 9.1862 -5.0833 -10.2281
SCALE 1 1 1
X -0.9853 -0.1524 -0.0770
Y 0.1279 -0.9575 0.2586
Z -0.1132 0.2449 0.9629

PART 60
OFFSET 9.1862 -5.0833 -10.2281
SCALE 1 1 1
X -0.9853 -0.1524 -0.0770
Y 0.1279 -0.9575 0.2586
Z -0.1132 0.2449 0.9629

PART 61
OFFSET 7.5573 -3.0450 -0.6380
SCALE 1 1 1
X 0.9999 0.0121 -0.0023
Y -0.0122 0.9983 -0.0570
Z 0.0016 0.0570 0.9984

PART 62
OFFSET 7.9114 6.2817 -6.2598
SCALE 1 1 1
X 0.4869 -0.1783 -0.8551
Y -0.1804 -0.9784 0.1013
Z -0.8546 0.1050 -0.5085

PART 63
OFFSET 13.8000 4.1250 -16.6008
SCALE 1 1 1
X 0.3996 -0.4712 0.7863
Y -0.7009 0.3959 0.5934
Z -0.5909 -0.7882 -0.1721

PART 64
OFFSET 17.1985 0.1173 -9.9126
SCALE 1 1 1
X 0.3996 -0.4712 0.7863
Y 0.5345 0.8166 0.2177
Z -0.7447 0.3333 0.5782

PART 65
OFFSET 19.3165 0.6627 -8.8860
SCALE 1 1 1
X 0.4054 -0.4714 0.7832
Y 0.5997 0.7838 0.1613
Z -0.6899 0.4044 0.6004

PART 66
OFFSET 10.3667 -2.2941 -9.4043
SCALE 1 1 1
X 0.8226 0.5485 0.1499
Y -0.5167 0.8311 -0.2057
Z -0.2374 0.0917 0.9671

PART 67
OFFSET 9.4364 -2.9155 -9.5810
SCALE 1 1 1
X -0.2856 -0.9573 -0.0454
Y -0.9401 0.2890 -0.1810
Z 0.1864 -0.0090 -0.9824

PART 68
OFFSET 0.0000 0.0000 0.0000
SCALE 1 1 1
X 1.0000 0.0000 0.0000
Y 0.0000 1.0000 0.0000
Z 0.0000 0.0000 1.0000

PART 69
OFFSET 0.0000 0.0000 0.0000
SCALE 1 1 1
X 1.0000 0.0000 0.0000
Y 0.0000 1.0000 0.0000
Z 0.0000 0.0000 1.0000

PART 70
OFFSET 1.5404 0.0000 4.1357
SCALE 1 1 1
X 1.0000 0.0000 0.0000
Y 0.0000 1.0000 0.0000
Z 0.0000 0.0000 1.0000

PART 71
OFFSET 11.8930 -3.3505 -7.0280
SCALE 1 1 1
X 0.9686 0.1189 0.2184
Y -0.1177 0.9929 -0.0183
Z -0.2190 -0.0080 0.9757

PART 72
OFFSET 10.1352 -4.4428 -5.5474
SCALE 1 1 1
X -0.0803 -0.8314 0.5498
Y 0.9744 0.0509 0.2191
Z -0.2102 0.5533 0.8060

PART 73
OFFSET 10.1239 -4.5678 -5.2546
SCALE 1 1 1
X 0.9639 0.1187 0.2383
Y -0.1177 0.9929 -0.0183
Z -0.2388 -0.0104 0.9710

PART 74
OFFSET 25.4139 -1.6060 -2.1105
SCALE 1 1 1
X 0.9686 0.1189 0.2184
Y -0.1177 0.9929 -0.0183
Z -0.2190 -0.0080 0.9757

PART 75
OFFSET 15.2357 -2.9309 -6.3799
SCALE 1 1 1
X 0.9686 0.1189 0.2184
Y -0.1177 0.9929 -0.0183
Z -0.2190 -0.0080 0.9757


FRAME 99
PART 0
OFFSET 19.0232 -1.3730 -3.1559
SCALE 1 1 1
X 0.5110 -0.7983 0.3187
Y 0.7733 0.2650 -0.5760
Z 0.3753 0.5408 0.7528

PART 1
OFFSET 18.9509 -0.6192 -5.8950
SCALE 1 1 1
X 0.3514 -0.5944 0.7233
Y -0.8824 0.0480 0.4681
Z -0.3130 -0.8028 -0.5076

PART 2
OFFSET 19.6374 -1.7803 -4.4819
SCALE 1 1 1
X -0.7912 -0.0648 0.6081
Y -0.5072 0.6251 -0.5933
Z -0.3417 -0.7778 -0.5275

PART 3
OFFSET 18.4817 -1.8750 -3.5937
SCALE 1 1 1
X -0.9150 0.4021 0.0328
Y 0.2064 0.5364 -0.8183
Z -0.3466 -0.7420 -0.5738

PART 4
OFFSET 17.4428 -1.4252 -3.5601
SCALE 1 1 1
X 0.5919 -0.6035 0.5342
Y 0.7190 0.0959 -0.6883
Z 0.3642 0.7916 0.4907

PART 5
OFFSET 9.7824 -2.3770 -8.1306
SCALE 1 1 1
X 0.9177 0.1934 0.3469
Y -0.2152 0.9762 0.0252
Z -0.3338 -0.0978 0.9376

PART 6
OFFSET 13.8877 0.3856 -8.8271
SCALE 1 1 1
X 0.4452 -0.2758 0.8519
Y 0.5788 0.8145 -0.0387
Z -0.6832 0.5103 0.5223

PART 7
OFFSET 13.9344 1.8520 -7.8194
SCALE 1 1 1
X 0.4452 -0.2758 0.8519
Y 0.5788 0.8145 -0.0387
Z -0.6832 0.5103 0.5223

PART 8
OFFSET 17.6121 0.8438 -4.0854
SCALE 1 1 1
X 0.4680 -0.4034 0.7862
Y 0.0898 0.9068 0.4118
Z -0.8791 -0.1222 0.4607

PART 9
OFFSET 16.3982 -0.6864 -7.5825
SCALE 1 1 1
X 0.5472 -0.7146 0.4358
Y -0.7057 -0.1139 0.6993
Z -0.4501 -0.6902 -0.5666

PART 10
OFFSET 15.5123 -0.0881 -10.3104
SCALE 1 1 1
X 0.4452 -0.2758 0.8519
Y 0.5788 0.8145 -0.0387
Z -0.6832 0.5103 0.5223

PART 11
OFFSET 14.9774 3.0170 -7.9001
SCALE 1 1 1
X 0.4452 -0.2758 0.8519
Y 0.5788 0.8145 -0.0387
Z -0.6832 0.5103 0.5223

PART 12
OFFSET 18.0796 0.4174 -3.2071
SCALE 1 1 1
X 0.9287 -0.0325 0.3693
Y 0.3706 0.0544 -0.9272
Z 0.0100 0.9980 0.0625

PART 13
OFFSET 15.9587 0.5752 -7.9272
SCALE 1 1 1
X 0.7632 -0.2411 0.5995
Y 0.0715 0.9536 0.2925
Z -0.6422 -0.1804 0.7450

PART 14
OFFSET 16.8277 1.8330 -5.0996
SCALE 1 1 1
X 0.5482 -0.5665 0.6153
Y 0.1354 0.7861 0.6031
Z -0.8253 -0.2473 0.5076

PART 15
OFFSET 17.7446 -2.7110 -5.1199
SCALE 1 1 1
X -0.7644 0.4734 0.4377
Y -0.2557 0.4006 -0.8798
Z -0.5919 -0.7845 -0.1852

PART 16
OFFSET 17.6066 -2.2055 -6.4351
SCALE 1 1 1
X 0.0975 -0.3571 0.9290
Y -0.7810 0.5511 0.2938
Z -0.6168 -0.7542 -0.2251

PART 17
OFFSET 18.4954 -1.5565 -6.1908
SCALE 1 1 1
X 0.1109 -0.5408 0.8338
Y -0.8496 0.3837 0.3618
Z -0.5156 -0.7486 -0.4169

PART 18
OFFSET 16.3298 -1.8356 -4.3425
SCALE 1 1 1
X 0.8014 -0.5320 0.2736
Y 0.2778 -0.0740 -0.9578
Z 0.5298 0.8435 0.0885

PART 19
OFFSET 17.0669 -2.2913 -4.7318
SCALE 1 1 1
X -0.7759 0.4797 0.4097
Y -0.1928 0.4381 -0.8780
Z -0.6007 -0.7602 -0.2474

PART 20
OFFSET 16.7032 -0.0805 -7.3603
SCALE 1 1 1
X 0.7005 -0.5234 0.4852
Y -0.6603 -0.2171 0.7190
Z -0.2710 -0.8240 -0.4976

PART 21
OFFSET 16.1072 1.3129 -7.0693
SCALE 1 1 1
X 0.3626 0.1966 0.9110
Y -0.1054 0.9799 -0.1695
Z -0.9260 -0.0345 0.3760

PART 22
OFFSET 18.6842 -2.4771 -4.7712
SCALE 1 1 1
X -0.8452 0.3462 0.4072
Y -0.1742 0.5418 -0.8222
Z -0.5053 -0.7659 -0.3976

PART 23
OFFSET 17.5129 -1.9973 -4.2068
SCALE 1 1 1
X -0.8655 0.4273 0.2612
Y -0.0298 0.4766 -0.8786
Z -0.4999 -0.7683 -0.3998

PART 24
OFFSET 16.5742 -1.5338 -3.9235
SCALE 1 1 1
X 0.7016 -0.6602 0.2682
Y 0.4931 0.1782 -0.8515
Z 0.5144 0.7297 0.4505

PART 25
OFFSET 18.0805 1.2493 -5.2153
SCALE 1 1 1
X 0.5257 -0.4614 0.7147
Y 0.8386 0.1397 -0.5266
Z 0.1432 0.8761 0.4604

PART 26
OFFSET 19.2250 0.4220 -5.6473
SCALE 1 1 1
X 0.5271 -0.6494 0.5481
Y -0.7833 -0.1210 0.6098
Z -0.3297 -0.7507 -0.5725

PART 27
OFFSET 20.1530 -0.7214 -4.6823
SCALE 1 1 1
X -0.1232 -0.6001 0.7904
Y -0.9493 0.3034 0.0824
Z -0.2893 -0.7401 -0.6071

PART 28
OFFSET 20.0208 -1.4060 -3.6846
SCALE 1 1 1
X -0.8832 0.0293 0.4680
Y -0.3462 0.6326 -0.6928
Z -0.3164 -0.7739 -0.5486

PART 29
OFFSET -9.8286 -3.2226 -3.6867
SCALE 1 1 1
X -0.5099 0.5443 0.6662
Y -0.1276 -0.8137 0.5671
Z 0.8507 0.2042 0.4843

PART 30
OFFSET -3.6624 -9.8048 -11.7437
SCALE 1 1 1
X -0.8863 -0.4630 0.0152
Y 0.3311 -0.6561 -0.6781
Z 0.3239 -0.5960 0.7348

PART 31
OFFSET 3.8756 -5.8672 -11.8728
SCALE 1 1 1
X -0.8863 -0.4630 0.0152
Y 0.0829 -0.1908 -0.9781
Z 0.4557 -0.8656 0.2075

PART 32
OFFSET 4.5224 -4.0185 -12.4522
SCALE 1 1 1
X -0.8891 -0.4574 0.0172
Y -0.3261 0.6067 -0.7250
Z 0.3212 -0.6502 -0.6885

PART 33
OFFSET 4.8206 -3.7235 -11.2903
SCALE 1 1 1
X -0.8891 -0.4574 0.0172
Y -0.3261 0.6067 -0.7250
Z 0.3212 -0.6502 -0.6885

PART 34
OFFSET 5.4568 -4.6948 -10.2533
SCALE 1 1 1
X -0.8891 -0.4574 0.0172
Y -0.3261 0.6067 -0.7250
Z 0.3212 -0.6502 -0.6885

PART 35
OFFSET 6.5926 -4.4479 -11.9193
SCALE 1 1 1
X -0.8276 -0.2620 -0.4965
Y 0.5232 -0.0396 -0.8513
Z 0.2034 -0.9643 0.1698

PART 36
OFFSET 6.3764 -3.8960 -10.9442
SCALE 1 1 1
X -0.3233 -0.7526 -0.5737
Y 0.9035 -0.0652 -0.4236
Z 0.2814 -0.6552 0.7011

PART 37
OFFSET 6.9682 -2.2289 -9.7030
SCALE 1 1 1
X -0.9065 -0.3108 -0.2858
Y 0.4219 -0.6410 -0.6412
Z 0.0161 -0.7019 0.7121

PART 38
OFFSET 8.4550 -1.6869 -9.3597
SCALE 1 1 1
X -0.9722 0.0128 0.2339
Y -0.1714 -0.7192 -0.6733
Z 0.1596 -0.6946 0.7014

PART 39
OFFSET 9.5019 -1.6567 -9.6333
SCALE 1 1 1
X -0.8555 0.3074 -0.4167
Y 0.4915 0.7355 -0.4664
Z 0.1631 -0.6038 -0.7803

PART 40
OFFSET 7.8120 -4.0737 -12.4451
SCALE 1 1 1
X -0.9710 -0.2241 0.0839
Y 0.2375 -0.9449 0.2254
Z 0.0288 0.2388 0.9706

PART 41
OFFSET 9.9686 -3.4196 -12.5199
SCALE 1 1 1
X -0.0196 -0.9912 -0.1308
Y 0.9923 -0.0033 -0.1241
Z 0.1226 -0.1322 0.9836

PART 42
OFFSET 9.9965 -2.0163 -12.3347
SCALE 1 1 1
X 0.9628 -0.2319 -0.1387
Y 0.2522 0.9556 0.1526
Z 0.0972 -0.1819 0.9785

PART 43
OFFSET 9.1428 -1.8106 -12.2117
SCALE 1 1 1
X 0.8367 0.5471 -0.0250
Y -0.5375 0.8291 0.1542
Z 0.1051 -0.1156 0.9877

PART 44
OFFSET 8.3479 -2.3304 -12.1880
SCALE 1 1 1
X -0.3178 -0.9222 -0.2205
Y -0.9309 0.2592 0.2573
Z -0.1801 0.2871 -0.9408

PART 45
OFFSET 7.6747 -4.1244 -11.7464
SCALE 1 1 1
X -0.9480 -0.2381 -0.2111
Y 0.1923 -0.9573 0.2161
Z -0.2535 0.1642 0.9533

PART 46
OFFSET 10.1770 -3.5520 -11.3353
SCALE 1 1 1
X 0.0908 -0.9948 -0.0462
Y 0.9940 0.0877 0.0647
Z -0.0603 -0.0518 0.9968

PART 47
OFFSET 10.0225 -1.8583 -11.2566
SCALE 1 1 1
X 0.9925 -0.1082 0.0575
Y 0.1031 0.9910 0.0856
Z -0.0663 -0.0790 0.9947

PART 48
OFFSET 8.6470 -1.7083 -11.3364
SCALE 1 1 1
X 0.8048 0.5842 0.1050
Y -0.5891 0.8078 0.0210
Z -0.0725 -0.0787 0.9943

PART 49
OFFSET 7.7741 -2.3418 -11.4502
SCALE 1 1 1
X -0.3265 -0.9439 -0.0491
Y -0.9402 0.3296 -0.0857
Z 0.0971 0.0182 -0.9951

PART 50
OFFSET 2.8148 -6.0217 -13.1747
SCALE 1 1 1
X -0.8233 -0.5070 -0.2553
Y -0.4145 0.8442 -0.3399
Z 0.3878 -0.1740 -0.9052

PART 51
OFFSET 9.4982 -3.7556 -9.2797
SCALE 1 1 1
X -0.7753 -0.5084 -0.3749
Y 0.4299 -0.8595 0.2765
Z -0.4628 0.0532 0.8849

PART 52
OFFSET 10.8632 -2.8605 -8.6196
SCALE 1 1 1
X -0.4091 -0.9045 -0.1206
Y 0.7750 -0.4141 0.4774
Z -0.4818 0.1018 0.8704

PART 53
OFFSET 11.3312 -1.7547 -8.4201
SCALE 1 1 1
X 0.3035 -0.9307 0.2044
Y 0.8152 0.3647 0.4500
Z -0.4933 0.0301 0.8693

PART 54
OFFSET 10.9884 -0.7035 -8.6510
SCALE 1 1 1
X -0.9734 -0.0178 -0.2282
Y 0.0230 0.9843 -0.1748
Z 0.2278 -0.1754 -0.9578

PART 55
OFFSET 9.9411 -3.6534 -10.2866
SCALE 1 1 1
X 0.0840 -0.9939 -0.0718
Y 0.9278 0.0518 0.3694
Z -0.3634 -0.0976 0.9265

PART 56
OFFSET 9.7769 -1.7119 -10.1463
SCALE 1 1 1
X 0.9044 -0.2803 0.3217
Y 0.2435 0.9582 0.1503
Z -0.3504 -0.0576 0.9348

PART 57
OFFSET 16.7032 -0.0805 -7.3603
SCALE 1 1 1
X 0.7005 -0.5234 0.4852
Y -0.6603 -0.2171 0.7190
Z -0.2710 -0.8240 -0.4976

PART 58
OFFSET 16.7032 -0.0805 -7.3603
SCALE 1 1 1
X 0.7005 -0.5234 0.4852
Y -0.6603 -0.2171 0.7190
Z -0.2710 -0.8240 -0.4976

PART 59
OFFSET 7.6747 -4.1244 -11.7464
SCALE 1 1 1
X -0.9480 -0.2381 -0.2111
Y 0.1923 -0.9573 0.2161
Z -0.2535 0.1642 0.9533

PART 60
OFFSET 7.6747 -4.1244 -11.7464
SCALE 1 1 1
X -0.9480 -0.2381 -0.2111
Y 0.1923 -0.9573 0.2161
Z -0.2535 0.1642 0.9533

PART 61
OFFSET 7.5573 -3.0450 -0.6380
SCALE 1 1 1
X 0.9999 0.0121 -0.0023
Y -0.0122 0.9983 -0.0570
Z 0.0016 0.0570 0.9984

PART 62
OFFSET 7.7363 6.3374 -6.4300
SCALE 1 1 1
X 0.2594 -0.2132 -0.9419
Y -0.0932 -0.9763 0.1954
Z -0.9613 0.0371 -0.2731

PART 63
OFFSET 10.8736 3.7585 -17.8216
SCALE 1 1 1
X 0.4395 -0.2751 0.8551
Y -0.6941 0.5002 0.5177
Z -0.5701 -0.8210 0.0289

PART 64
OFFSET 14.6114 1.4186 -10.5487
SCALE 1 1 1
X 0.4395 -0.2751 0.8551
Y 0.0241 0.9552 0.2949
Z -0.8979 -0.1090 0.4264

PART 65
OFFSET 16.7828 2.0999 -9.8127
SCALE 1 1 1
X 0.4452 -0.2758 0.8519
Y 0.5788 0.8145 -0.0387
Z -0.6832 0.5103 0.5223

PART 66
OFFSET 8.4560 -1.3024 -10.6162
SCALE 1 1 1
X 0.7381 0.6112 0.2856
Y -0.5700 0.7914 -0.2208
Z -0.3610 0.0002 0.9326

PART 67
OFFSET 7.6222 -1.9942 -10.9465
SCALE 1 1 1
X -0.1788 -0.9742 -0.1376
Y -0.9357 0.2117 -0.2823
Z 0.3042 0.0783 -0.9494

PART 68
OFFSET 0.0000 0.0000 0.0000
SCALE 1 1 1
X 1.0000 0.0000 0.0000
Y 0.0000 1.0000 0.0000
Z 0.0000 0.0000 1.0000

PART 69
OFFSET 0.0000 0.0000 0.0000
SCALE 1 1 1
X 1.0000 0.0000 0.0000
Y 0.0000 1.0000 0.0000
Z 0.0000 0.0000 1.0000

PART 70
OFFSET 1.5404 0.0000 4.1357
SCALE 1 1 1
X 1.0000 0.0000 0.0000
Y 0.0000 1.0000 0.0000
Z 0.0000 0.0000 1.0000

PART 71
OFFSET 9.7824 -2.3770 -8.1306
SCALE 1 1 1
X 0.9177 0.1934 0.3469
Y -0.2152 0.9762 0.0252
Z -0.3338 -0.0978 0.9376

PART 72
OFFSET 7.9786 -3.7318 -6.9534
SCALE 1 1 1
X -0.0612 -0.8722 0.4853
Y 0.9303 0.1264 0.3444
Z -0.3617 0.4725 0.8037

PART 73
OFFSET 7.9447 -3.8778 -6.6723
SCALE 1 1 1
X 0.9107 0.1914 0.3660
Y -0.2152 0.9762 0.0252
Z -0.3525 -0.1017 0.9303

PART 74
OFFSET 22.3581 0.2747 -1.4328
SCALE 1 1 1
X 0.9177 0.1934 0.3469
Y -0.2152 0.9762 0.0252
Z -0.3338 -0.0978 0.9376

PART 75
OFFSET 12.9615 -1.6927 -7.0375
