// Export filename: `C:/cod5/cod/cod5/xanim_export/viewmodel/US/thompson/thompson_aperture_ads_up.XANIM_EXPORT`
// Source filename: `C:/cod5/cod/cod5/animation_assets/viewmodel/US/thompson/viewmodelanimation_thompson.mb`
// Export time: Tue Aug 26 15:24:46 2008

ANIMATION
VERSION 3

NUMPARTS 2
PART 0 "tag_view"
PART 1 "tag_torso"

FRAMERATE 30
NUMFRAMES 11

FRAME 630
PART 0
OFFSET 0.0000 0.0000 0.0000
SCALE 1 1 1
X 1.0000 0.0000 0.0000
Y 0.0000 1.0000 0.0000
Z 0.0000 0.0000 1.0000

PART 1
OFFSET 7.5573 -3.0450 -0.6380
SCALE 1 1 1
X 0.9999 0.0121 -0.0023
Y -0.0122 0.9983 -0.0570
Z 0.0016 0.0570 0.9984


FRAME 631
PART 0
OFFSET 0.0000 0.0000 0.0000
SCALE 1 1 1
X 1.0000 0.0000 0.0000
Y 0.0000 1.0000 0.0000
Z 0.0000 0.0000 1.0000

PART 1
OFFSET 7.2945 -2.2898 -0.3243
SCALE 1 1 1
X 0.9999 0.0029 -0.0121
Y -0.0040 0.9961 -0.0883
Z 0.0118 0.0883 0.9960


FRAME 632
PART 0
OFFSET 0.0000 0.0000 0.0000
SCALE 1 1 1
X 1.0000 0.0000 0.0000
Y 0.0000 1.0000 0.0000
Z 0.0000 0.0000 1.0000

PART 1
OFFSET 6.9874 -1.4052 0.0398
SCALE 1 1 1
X 0.9997 -0.0082 -0.0236
Y 0.0052 0.9918 -0.1276
Z 0.0245 0.1275 0.9915


FRAME 633
PART 0
OFFSET 0.0000 0.0000 0.0000
SCALE 1 1 1
X 1.0000 0.0000 0.0000
Y 0.0000 1.0000 0.0000
Z 0.0000 0.0000 1.0000

PART 1
OFFSET 6.6531 -0.5072 0.4116
SCALE 1 1 1
X 0.9992 -0.0193 -0.0352
Y 0.0132 0.9861 -0.1655
Z 0.0380 0.1649 0.9856


FRAME 634
PART 0
OFFSET 0.0000 0.0000 0.0000
SCALE 1 1 1
X 1.0000 0.0000 0.0000
Y 0.0000 1.0000 0.0000
Z 0.0000 0.0000 1.0000

PART 1
OFFSET 6.3085 0.2885 0.7485
SCALE 1 1 1
X 0.9986 -0.0281 -0.0453
Y 0.0189 0.9811 -0.1928
Z 0.0499 0.1917 0.9802


FRAME 635
PART 0
OFFSET 0.0000 0.0000 0.0000
SCALE 1 1 1
X 1.0000 0.0000 0.0000
Y 0.0000 1.0000 0.0000
Z 0.0000 0.0000 1.0000

PART 1
OFFSET 5.9704 0.8657 1.0081
SCALE 1 1 1
X 0.9981 -0.0326 -0.0523
Y 0.0215 0.9795 -0.2005
Z 0.0577 0.1990 0.9783


FRAME 636
PART 0
OFFSET 0.0000 0.0000 0.0000
SCALE 1 1 1
X 1.0000 0.0000 0.0000
Y 0.0000 1.0000 0.0000
Z 0.0000 0.0000 1.0000

PART 1
OFFSET 5.6558 1.1982 1.1836
SCALE 1 1 1
X 0.9980 -0.0312 -0.0556
Y 0.0206 0.9833 -0.1809
Z 0.0603 0.1794 0.9819


FRAME 637
PART 0
OFFSET 0.0000 0.0000 0.0000
SCALE 1 1 1
X 1.0000 0.0000 0.0000
Y 0.0000 1.0000 0.0000
Z 0.0000 0.0000 1.0000

PART 1
OFFSET 5.3817 1.3633 1.3035
SCALE 1 1 1
X 0.9981 -0.0252 -0.0565
Y 0.0171 0.9900 -0.1401
Z 0.0595 0.1389 0.9885


FRAME 638
PART 0
OFFSET 0.0000 0.0000 0.0000
SCALE 1 1 1
X 1.0000 0.0000 0.0000
Y 0.0000 1.0000 0.0000
Z 0.0000 0.0000 1.0000

PART 1
OFFSET 5.1649 1.4004 1.3777
SCALE 1 1 1
X 0.9983 -0.0171 -0.0555
Y 0.0121 0.9959 -0.0894
Z 0.0568 0.0886 0.9944


FRAME 639
PART 0
OFFSET 0.0000 0.0000 0.0000
SCALE 1 1 1
X 1.0000 0.0000 0.0000
Y 0.0000 1.0000 0.0000
Z 0.0000 0.0000 1.0000

PART 1
OFFSET 5.0224 1.3493 1.4161
SCALE 1 1 1
X 0.9985 -0.0093 -0.0532
Y 0.0072 0.9992 -0.0402
Z 0.0535 0.0398 0.9978


FRAME 640
PART 0
OFFSET 0.0000 0.0000 0.0000
SCALE 1 1 1
X 1.0000 0.0000 0.0000
Y 0.0000 1.0000 0.0000
Z 0.0000 0.0000 1.0000

PART 1
OFFSET 4.9712 1.2496 1.4288
SCALE 1 1 1
X 0.9987 -0.0042 -0.0501
Y 0.0040 1.0000 -0.0045
Z 0.0501 0.0043 0.9987


NOTETRACKS

PART 0
NUMTRACKS 0

PART 1
NUMTRACKS 0

