// Export filename: `C:/cod5/cod/cod5/xanim_export/viewmodel/US/thompson/thompson_reload_empty.XANIM_EXPORT`
// Source filename: `C:/cod5/cod/cod5/animation_assets/viewmodel/US/thompson/viewmodelanimation_thompson.mb`
// Export time: Tue Aug 26 15:24:36 2008

ANIMATION
VERSION 3

NUMPARTS 76
PART 0 "J_Index_LE_3"
PART 1 "J_Mid_LE_0"
PART 2 "J_Mid_LE_1"
PART 3 "J_Mid_LE_2"
PART 4 "J_Mid_LE_3"
PART 5 "tag_weapon"
PART 6 "J_Sleave_Reshape_Top_LE_3"
PART 7 "J_Sleave_Reshape_Top_LE_2"
PART 8 "J_Thumb_LE_2"
PART 9 "J_PinkyPalm_LE"
PART 10 "J_Sleave_Reshape_Bottom_LE_2"
PART 11 "J_Sleave_Reshape_Top_LE_1"
PART 12 "J_Thumb_LE_3"
PART 13 "J_Wrist_LE"
PART 14 "J_Thumb_LE_1"
PART 15 "J_Pinky_LE_1"
PART 16 "J_Pinky_LE_0"
PART 17 "J_Ring_LE_0"
PART 18 "J_Pinky_LE_3"
PART 19 "J_Pinky_LE_2"
PART 20 "J_RingPalm_LE"
PART 21 "J_Thumb_LE_0"
PART 22 "J_Ring_LE_1"
PART 23 "J_Ring_LE_2"
PART 24 "J_Ring_LE_3"
PART 25 "J_Webbing_LE"
PART 26 "J_Index_LE_0"
PART 27 "J_Index_LE_1"
PART 28 "J_Index_LE_2"
PART 29 "J_Shoulder_RI"
PART 30 "J_Elbow_RI"
PART 31 "J_WristTwist_RI"
PART 32 "J_Sleave_Reshape_Top_RI_3"
PART 33 "J_Sleave_Reshape_Top_RI_2"
PART 34 "J_Sleave_Reshape_Top_RI_1"
PART 35 "J_Wrist_RI"
PART 36 "J_Thumb_RI_0"
PART 37 "J_Thumb_RI_1"
PART 38 "J_Thumb_RI_2"
PART 39 "J_Thumb_RI_3"
PART 40 "J_PinkyPalm_RI"
PART 41 "J_Pinky_RI_0"
PART 42 "J_Pinky_RI_1"
PART 43 "J_Pinky_RI_2"
PART 44 "J_Pinky_RI_3"
PART 45 "J_RingPalm_RI"
PART 46 "J_Ring_RI_0"
PART 47 "J_Ring_RI_1"
PART 48 "J_Ring_RI_2"
PART 49 "J_Ring_RI_3"
PART 50 "J_Webbing_RI"
PART 51 "J_Index_RI_0"
PART 52 "J_Index_RI_1"
PART 53 "J_Index_RI_2"
PART 54 "J_Index_RI_3"
PART 55 "J_Mid_RI_0"
PART 56 "J_Mid_RI_1"
PART 57 "RingPalm_SDK_LE"
PART 58 "RingPalm_FK_LE"
PART 59 "RingPalm_SDK_RI"
PART 60 "RingPalm_FK_RI"
PART 61 "tag_torso"
PART 62 "J_Shoulder_LE"
PART 63 "J_Elbow_LE"
PART 64 "J_WristTwist_LE"
PART 65 "J_Sleave_Reshape_Bottom_LE_1"
PART 66 "J_Mid_RI_2"
PART 67 "J_Mid_RI_3"
PART 68 "tag_cambone"
PART 69 "tag_camera"
PART 70 "tag_gasmask"
PART 71 "J_Gun"
PART 72 "tag_brass"
PART 73 "J_Bolt"
PART 74 "tag_flash"
PART 75 "J_Clip"

FRAMERATE 30
NUMFRAMES 78

FRAME 181
PART 0
OFFSET 26.0823 -4.9995 -4.6388
SCALE 1 1 1
X 0.5400 -0.7601 0.3615
Y 0.2665 -0.2530 -0.9300
Z 0.7984 0.5986 0.0660

PART 1
OFFSET 24.3801 -5.3233 -7.0678
SCALE 1 1 1
X 0.7278 -0.5011 0.4682
Y -0.2571 0.4336 0.8637
Z -0.6358 -0.7489 0.1867

PART 2
OFFSET 25.8019 -6.3022 -6.1532
SCALE 1 1 1
X -0.3663 0.5330 0.7627
Y -0.6475 0.4426 -0.6203
Z -0.6682 -0.7211 0.1830

PART 3
OFFSET 25.2668 -5.5236 -5.0392
SCALE 1 1 1
X -0.6586 0.5458 -0.5180
Y 0.2973 -0.4437 -0.8454
Z -0.6913 -0.7108 0.1299

PART 4
OFFSET 24.5158 -4.9102 -5.6244
SCALE 1 1 1
X 0.3593 -0.0897 0.9289
Y 0.5981 -0.7419 -0.3030
Z 0.7164 0.6644 -0.2129

PART 5
OFFSET 14.2078 -4.5495 -5.8743
SCALE 1 1 1
X 0.9996 0.0137 0.0251
Y -0.0122 0.9983 -0.0570
Z -0.0258 0.0566 0.9981

PART 6
OFFSET 18.4668 -3.8769 -8.4159
SCALE 1 1 1
X 0.4528 -0.7002 0.5520
Y 0.4320 0.7139 0.5511
Z -0.7800 -0.0110 0.6257

PART 7
OFFSET 18.7041 -3.0543 -6.7012
SCALE 1 1 1
X 0.4528 -0.7002 0.5520
Y 0.4320 0.7139 0.5511
Z -0.7800 -0.0110 0.6257

PART 8
OFFSET 24.7568 -3.0537 -5.0099
SCALE 1 1 1
X 0.7998 -0.1054 0.5909
Y 0.2568 0.9499 -0.1782
Z -0.5425 0.2942 0.7868

PART 9
OFFSET 21.3614 -4.9338 -6.7448
SCALE 1 1 1
X 0.6331 -0.7286 0.2614
Y -0.0331 0.3119 0.9495
Z -0.7734 -0.6098 0.1733

PART 10
OFFSET 20.6848 -2.8052 -9.6120
SCALE 1 1 1
X 0.4528 -0.7002 0.5520
Y 0.4320 0.7139 0.5511
Z -0.7800 -0.0110 0.6257

PART 11
OFFSET 19.6400 -1.9180 -5.8933
SCALE 1 1 1
X 0.4528 -0.7002 0.5520
Y 0.4320 0.7139 0.5511
Z -0.7800 -0.0110 0.6257

PART 12
OFFSET 25.6013 -3.1381 -4.3379
SCALE 1 1 1
X 0.9918 -0.0710 -0.1060
Y -0.1266 -0.4469 -0.8856
Z 0.0155 0.8918 -0.4523

PART 13
OFFSET 20.9195 -3.7476 -7.2935
SCALE 1 1 1
X 0.9426 -0.3228 0.0853
Y 0.3337 0.9050 -0.2637
Z 0.0079 0.2770 0.9608

PART 14
OFFSET 23.4505 -2.7194 -5.9065
SCALE 1 1 1
X 0.8505 -0.1864 0.4918
Y 0.2656 0.9593 -0.0958
Z -0.4540 0.2121 0.8654

PART 15
OFFSET 23.7726 -6.4439 -4.9574
SCALE 1 1 1
X -0.6229 0.7385 0.2582
Y -0.5448 -0.1726 -0.8206
Z -0.5615 -0.6518 0.5098

PART 16
OFFSET 22.8924 -6.4438 -6.0663
SCALE 1 1 1
X 0.6217 -0.0001 0.7833
Y -0.4965 0.7734 0.3941
Z -0.6059 -0.6339 0.4808

PART 17
OFFSET 23.7622 -6.0766 -6.5945
SCALE 1 1 1
X 0.5178 -0.1274 0.8460
Y -0.5478 0.7102 0.4422
Z -0.6572 -0.6924 0.2979

PART 18
OFFSET 22.4812 -5.4811 -5.2397
SCALE 1 1 1
X 0.5466 0.2689 0.7930
Y 0.5870 -0.7984 -0.1339
Z 0.5972 0.5387 -0.5943

PART 19
OFFSET 23.2203 -5.7891 -4.7284
SCALE 1 1 1
X -0.7780 0.3242 -0.5381
Y 0.2133 -0.6694 -0.7117
Z -0.5909 -0.6685 0.4516

PART 20
OFFSET 21.7894 -4.4420 -7.0354
SCALE 1 1 1
X 0.7946 -0.5834 0.1679
Y -0.0260 0.2436 0.9695
Z -0.6066 -0.7748 0.1784

PART 21
OFFSET 21.6688 -2.9056 -7.1151
SCALE 1 1 1
X 0.8286 0.0334 0.5588
Y 0.2217 0.8970 -0.3825
Z -0.5140 0.4408 0.7358

PART 22
OFFSET 24.6437 -6.2936 -5.1542
SCALE 1 1 1
X -0.6894 0.7042 0.1698
Y -0.3420 -0.1098 -0.9333
Z -0.6385 -0.7015 0.3165

PART 23
OFFSET 23.6881 -5.3177 -4.9189
SCALE 1 1 1
X -0.5494 0.1237 -0.8263
Y 0.5442 -0.6975 -0.4663
Z -0.6341 -0.7058 0.3159

PART 24
OFFSET 23.0923 -5.1835 -5.8151
SCALE 1 1 1
X 0.1081 0.2623 0.9589
Y 0.7874 -0.6114 0.0785
Z 0.6068 0.7466 -0.2726

PART 25
OFFSET 24.3595 -3.1570 -6.9343
SCALE 1 1 1
X 0.8246 -0.4017 0.3984
Y 0.2794 -0.3233 -0.9041
Z 0.4920 0.8568 -0.1544

PART 26
OFFSET 24.8412 -4.4256 -7.5172
SCALE 1 1 1
X 0.6696 -0.5178 0.5325
Y -0.3141 0.4522 0.8348
Z -0.6731 -0.7262 0.1402

PART 27
OFFSET 26.0201 -5.3373 -6.5797
SCALE 1 1 1
X 0.3884 -0.2318 0.8919
Y -0.6449 0.6229 0.4428
Z -0.6582 -0.7472 0.0924

PART 28
OFFSET 26.5323 -5.5737 -5.5011
SCALE 1 1 1
X -0.3984 0.5084 0.7635
Y -0.6547 0.4254 -0.6249
Z -0.6424 -0.7487 0.1634

PART 29
OFFSET -9.8286 -3.2226 -3.6867
SCALE 1 1 1
X -0.6967 0.4766 0.5361
Y -0.3173 -0.8750 0.3656
Z 0.6434 0.0846 0.7608

PART 30
OFFSET -1.4030 -8.9869 -10.1708
SCALE 1 1 1
X -0.9547 -0.2434 -0.1712
Y 0.2925 -0.6611 -0.6909
Z 0.0550 -0.7097 0.7024

PART 31
OFFSET 6.7171 -6.9166 -8.7146
SCALE 1 1 1
X -0.9547 -0.2434 -0.1712
Y 0.2324 -0.2506 -0.9398
Z 0.1859 -0.9370 0.2958

PART 32
OFFSET 7.8331 -5.2512 -8.9065
SCALE 1 1 1
X -0.9566 -0.2375 -0.1690
Y -0.0565 0.7198 -0.6919
Z 0.2860 -0.6523 -0.7020

PART 33
OFFSET 7.9762 -5.0872 -7.6978
SCALE 1 1 1
X -0.9566 -0.2375 -0.1690
Y -0.0565 0.7198 -0.6919
Z 0.2860 -0.6523 -0.7020

PART 34
OFFSET 8.1904 -6.1802 -6.7612
SCALE 1 1 1
X -0.9566 -0.2375 -0.1690
Y -0.0565 0.7198 -0.6919
Z 0.2860 -0.6523 -0.7020

PART 35
OFFSET 9.6439 -6.1704 -8.1898
SCALE 1 1 1
X -0.9767 -0.1127 -0.1828
Y 0.2043 -0.2248 -0.9528
Z 0.0663 -0.9679 0.2426

PART 36
OFFSET 9.8589 -5.5054 -7.2877
SCALE 1 1 1
X -0.6235 -0.7074 -0.3330
Y 0.6905 -0.2984 -0.6589
Z 0.3667 -0.6408 0.6745

PART 37
OFFSET 11.1150 -3.9134 -6.5408
SCALE 1 1 1
X -0.9910 -0.1251 0.0466
Y 0.0673 -0.7693 -0.6353
Z 0.1153 -0.6265 0.7709

PART 38
OFFSET 12.7059 -3.6872 -6.7403
SCALE 1 1 1
X -0.8251 0.2469 0.5082
Y -0.5084 -0.7168 -0.4771
Z 0.2465 -0.6521 0.7170

PART 39
OFFSET 13.5955 -3.9122 -7.3146
SCALE 1 1 1
X -0.8722 0.4534 -0.1837
Y 0.4414 0.5672 -0.6953
Z -0.2110 -0.6875 -0.6948

PART 40
OFFSET 10.6757 -6.1202 -9.1043
SCALE 1 1 1
X -0.9193 0.0356 0.3920
Y 0.0890 -0.9513 0.2952
Z 0.3834 0.3062 0.8713

PART 41
OFFSET 12.7861 -6.0389 -9.8943
SCALE 1 1 1
X -0.2709 -0.9618 0.0392
Y 0.8778 -0.2636 -0.4000
Z 0.3951 -0.0740 0.9157

PART 42
OFFSET 13.1697 -4.6773 -9.9498
SCALE 1 1 1
X 0.7971 -0.4778 -0.3691
Y 0.4852 0.8708 -0.0794
Z 0.3594 -0.1158 0.9260

PART 43
OFFSET 12.4629 -4.2536 -9.6225
SCALE 1 1 1
X 0.8826 0.3146 -0.3492
Y -0.2715 0.9477 0.1677
Z 0.3837 -0.0532 0.9219

PART 44
OFFSET 11.6244 -4.5525 -9.2908
SCALE 1 1 1
X -0.5602 -0.8279 0.0285
Y -0.7244 0.5063 0.4678
Z -0.4017 0.2414 -0.8834

PART 45
OFFSET 10.7640 -6.0811 -8.3970
SCALE 1 1 1
X -0.9932 -0.0232 0.1138
Y 0.0556 -0.9553 0.2904
Z 0.1020 0.2948 0.9501

PART 46
OFFSET 13.3279 -6.0857 -8.8271
SCALE 1 1 1
X -0.1296 -0.9885 0.0780
Y 0.9591 -0.1449 -0.2431
Z 0.2516 0.0433 0.9669

PART 47
OFFSET 13.5485 -4.4028 -8.9599
SCALE 1 1 1
X 0.9162 -0.3349 -0.2202
Y 0.3210 0.9421 -0.0971
Z 0.2400 0.0183 0.9706

PART 48
OFFSET 12.2788 -3.9387 -8.6547
SCALE 1 1 1
X 0.8959 0.3838 -0.2237
Y -0.3775 0.9232 0.0720
Z 0.2341 0.0199 0.9720

PART 49
OFFSET 11.3071 -4.3549 -8.4121
SCALE 1 1 1
X -0.5069 -0.8408 0.1900
Y -0.8325 0.5347 0.1453
Z -0.2238 -0.0845 -0.9710

PART 50
OFFSET 5.4418 -6.9680 -8.0149
SCALE 1 1 1
X -0.9400 -0.3317 0.0797
Y -0.3392 0.8838 -0.3223
Z 0.0364 -0.3300 -0.9433

PART 51
OFFSET 13.3201 -5.9215 -6.6687
SCALE 1 1 1
X -0.9342 -0.3536 -0.0472
Y 0.3302 -0.9073 0.2602
Z -0.1348 0.2274 0.9644

PART 52
OFFSET 14.9649 -5.2989 -6.5856
SCALE 1 1 1
X -0.5851 -0.7984 0.1423
Y 0.7973 -0.5343 0.2808
Z -0.1482 0.2777 0.9492

PART 53
OFFSET 15.6672 -4.3115 -6.7009
SCALE 1 1 1
X 0.1765 -0.9545 0.2404
Y 0.9691 0.2113 0.1275
Z -0.1725 0.2105 0.9623

PART 54
OFFSET 15.4678 -3.2334 -6.9724
SCALE 1 1 1
X -0.9808 0.1791 0.0773
Y 0.1461 0.9369 -0.3177
Z -0.1294 -0.3003 -0.9450

PART 55
OFFSET 13.4256 -6.0037 -7.7653
SCALE 1 1 1
X -0.1279 -0.9903 0.0547
Y 0.9902 -0.1243 0.0643
Z -0.0568 0.0624 0.9964

PART 56
OFFSET 13.6755 -4.0692 -7.8722
SCALE 1 1 1
X 0.8920 -0.4458 0.0755
Y 0.4508 0.8897 -0.0729
Z -0.0347 0.0991 0.9945

PART 57
OFFSET 21.7894 -4.4420 -7.0354
SCALE 1 1 1
X 0.7946 -0.5834 0.1679
Y -0.0260 0.2436 0.9695
Z -0.6066 -0.7748 0.1784

PART 58
OFFSET 21.7894 -4.4420 -7.0354
SCALE 1 1 1
X 0.7946 -0.5834 0.1679
Y -0.0260 0.2436 0.9695
Z -0.6066 -0.7748 0.1784

PART 59
OFFSET 10.7640 -6.0811 -8.3970
SCALE 1 1 1
X -0.9932 -0.0232 0.1138
Y 0.0556 -0.9553 0.2904
Z 0.1020 0.2948 0.9501

PART 60
OFFSET 10.7640 -6.0811 -8.3970
SCALE 1 1 1
X -0.9932 -0.0232 0.1138
Y 0.0556 -0.9553 0.2904
Z 0.1020 0.2948 0.9501

PART 61
OFFSET 7.5573 -3.0450 -0.6380
SCALE 1 1 1
X 0.9999 0.0121 -0.0023
Y -0.0122 0.9983 -0.0570
Z 0.0016 0.0570 0.9984

PART 62
OFFSET 4.9035 7.2392 -9.1820
SCALE 1 1 1
X 0.8967 -0.2366 -0.3741
Y -0.2951 -0.9495 -0.1069
Z -0.3299 0.2063 -0.9212

PART 63
OFFSET 15.7484 4.3784 -13.7060
SCALE 1 1 1
X 0.4469 -0.7023 0.5542
Y -0.7888 -0.0171 0.6144
Z -0.4220 -0.7117 -0.5616

PART 64
OFFSET 19.5494 -1.5947 -8.9924
SCALE 1 1 1
X 0.4469 -0.7023 0.5542
Y 0.8819 0.4497 -0.1414
Z -0.1499 0.5519 0.8203

PART 65
OFFSET 21.4778 -1.2417 -7.5802
SCALE 1 1 1
X 0.4528 -0.7002 0.5520
Y 0.4320 0.7139 0.5511
Z -0.7800 -0.0110 0.6257

PART 66
OFFSET 12.3727 -3.4181 -7.9825
SCALE 1 1 1
X 0.8899 0.4543 -0.0412
Y -0.4549 0.8768 -0.1558
Z -0.0347 0.1574 0.9869

PART 67
OFFSET 11.3648 -3.9332 -7.9430
SCALE 1 1 1
X -0.3896 -0.9185 0.0680
Y -0.9209 0.3892 -0.0189
Z -0.0091 -0.0700 -0.9975

PART 68
OFFSET 0.0000 0.0000 0.0000
SCALE 1 1 1
X 1.0000 0.0000 0.0000
Y 0.0000 1.0000 0.0000
Z 0.0000 0.0000 1.0000

PART 69
OFFSET 0.0000 0.0000 0.0000
SCALE 1 1 1
X 1.0000 0.0000 0.0000
Y 0.0000 1.0000 0.0000
Z 0.0000 0.0000 1.0000

PART 70
OFFSET 1.5404 0.0000 4.1357
SCALE 1 1 1
X 1.0000 0.0000 0.0000
Y 0.0000 1.0000 0.0000
Z 0.0000 0.0000 1.0000

PART 71
OFFSET 14.2078 -4.5495 -5.8743
SCALE 1 1 1
X 0.9996 0.0137 0.0251
Y -0.0122 0.9983 -0.0570
Z -0.0258 0.0566 0.9981

PART 72
OFFSET 12.6629 -5.3692 -4.0259
SCALE 1 1 1
X -0.0608 -0.7937 0.6052
Y 0.9981 -0.0545 0.0289
Z 0.0100 0.6058 0.7955

PART 73
OFFSET 15.3917 -5.4406 -3.6141
SCALE 1 1 1
X 0.9989 0.0148 0.0455
Y -0.0122 0.9983 -0.0570
Z -0.0463 0.0563 0.9973

PART 74
OFFSET 28.5318 -4.1992 -3.6972
SCALE 1 1 1
X 0.9996 0.0137 0.0251
Y -0.0122 0.9983 -0.0570
Z -0.0258 0.0566 0.9981

PART 75
OFFSET 17.6380 -4.4972 -5.8918
SCALE 1 1 1
X 0.9996 0.0137 0.0251
Y -0.0122 0.9983 -0.0570
Z -0.0258 0.0566 0.9981


FRAME 182
PART 0
OFFSET 25.9812 -4.8259 -4.5046
SCALE 1 1 1
X 0.5682 -0.7675 0.2968
Y 0.2461 -0.1857 -0.9513
Z 0.7852 0.6136 0.0833

PART 1
OFFSET 24.2753 -5.0960 -6.9973
SCALE 1 1 1
X 0.7277 -0.4772 0.4926
Y -0.3065 0.4163 0.8560
Z -0.6136 -0.7739 0.1567

PART 2
OFFSET 25.6969 -6.0283 -6.0350
SCALE 1 1 1
X -0.3557 0.4719 0.8067
Y -0.6745 0.4678 -0.5711
Z -0.6469 -0.7473 0.1519

PART 3
OFFSET 25.1774 -5.3390 -4.8567
SCALE 1 1 1
X -0.7160 0.6085 -0.3421
Y 0.1901 -0.3016 -0.9343
Z -0.6717 -0.7340 0.1003

PART 4
OFFSET 24.3615 -4.6548 -5.2428
SCALE 1 1 1
X 0.4706 -0.2270 0.8527
Y 0.5546 -0.6755 -0.4859
Z 0.6863 0.7016 -0.1919

PART 5
OFFSET 14.1788 -4.5726 -5.8210
SCALE 1 1 1
X 0.9991 0.0261 0.0341
Y -0.0247 0.9988 -0.0423
Z -0.0352 0.0415 0.9985

PART 6
OFFSET 18.3156 -3.7867 -8.3951
SCALE 1 1 1
X 0.4577 -0.6970 0.5520
Y 0.4261 0.7169 0.5518
Z -0.7803 -0.0173 0.6252

PART 7
OFFSET 18.5454 -2.9631 -6.6798
SCALE 1 1 1
X 0.4577 -0.6970 0.5520
Y 0.4261 0.7169 0.5518
Z -0.7803 -0.0173 0.6252

PART 8
OFFSET 24.5572 -2.8527 -5.0012
SCALE 1 1 1
X 0.8025 -0.1263 0.5831
Y 0.2537 0.9568 -0.1419
Z -0.5400 0.2618 0.7999

PART 9
OFFSET 21.2381 -4.8203 -6.7365
SCALE 1 1 1
X 0.6527 -0.7111 0.2614
Y -0.0658 0.2905 0.9546
Z -0.7548 -0.6402 0.1428

PART 10
OFFSET 20.5262 -2.6973 -9.5891
SCALE 1 1 1
X 0.4577 -0.6970 0.5520
Y 0.4261 0.7169 0.5518
Z -0.7803 -0.0173 0.6252

PART 11
OFFSET 19.4719 -1.8201 -5.8707
SCALE 1 1 1
X 0.4577 -0.6970 0.5520
Y 0.4261 0.7169 0.5518
Z -0.7803 -0.0173 0.6252

PART 12
OFFSET 25.4046 -2.9610 -4.3364
SCALE 1 1 1
X 0.9916 -0.0643 -0.1126
Y -0.1291 -0.4123 -0.9019
Z 0.0116 0.9088 -0.4171

PART 13
OFFSET 20.7664 -3.6390 -7.2709
SCALE 1 1 1
X 0.9514 -0.2910 0.1005
Y 0.3070 0.9217 -0.2373
Z -0.0236 0.2567 0.9662

PART 14
OFFSET 23.2632 -2.4398 -5.8830
SCALE 1 1 1
X 0.8436 -0.2325 0.4840
Y 0.2872 0.9570 -0.0409
Z -0.4537 0.1735 0.8741

PART 15
OFFSET 23.6841 -6.3147 -4.9423
SCALE 1 1 1
X -0.5845 0.7265 0.3614
Y -0.5971 -0.0836 -0.7978
Z -0.5494 -0.6821 0.4827

PART 16
OFFSET 22.8064 -6.2892 -6.0529
SCALE 1 1 1
X 0.6200 -0.0180 0.7844
Y -0.5126 0.7476 0.4223
Z -0.5940 -0.6639 0.4542

PART 17
OFFSET 23.6743 -5.8806 -6.5539
SCALE 1 1 1
X 0.5068 -0.1359 0.8513
Y -0.5754 0.6820 0.4514
Z -0.6419 -0.7186 0.2675

PART 18
OFFSET 22.3941 -5.2138 -4.9354
SCALE 1 1 1
X 0.6904 0.0699 0.7200
Y 0.4674 -0.8028 -0.3702
Z 0.5522 0.5921 -0.5869

PART 19
OFFSET 23.1659 -5.6706 -4.6219
SCALE 1 1 1
X -0.8123 0.4808 -0.3300
Y 0.0242 -0.5376 -0.8428
Z -0.5827 -0.6927 0.4251

PART 20
OFFSET 21.6546 -4.3076 -7.0070
SCALE 1 1 1
X 0.8110 -0.5584 0.1744
Y -0.0565 0.2219 0.9734
Z -0.5823 -0.7993 0.1484

PART 21
OFFSET 21.4810 -2.7751 -7.0580
SCALE 1 1 1
X 0.8333 0.1030 0.5431
Y 0.1384 0.9123 -0.3854
Z -0.5352 0.3963 0.7460

PART 22
OFFSET 24.5371 -6.1119 -5.1046
SCALE 1 1 1
X -0.6679 0.6859 0.2890
Y -0.4066 -0.0110 -0.9136
Z -0.6234 -0.7277 0.2862

PART 23
OFFSET 23.6115 -5.1614 -4.7041
SCALE 1 1 1
X -0.6822 0.3214 -0.6568
Y 0.3892 -0.6008 -0.6983
Z -0.6190 -0.7319 0.2848

PART 24
OFFSET 22.8716 -4.8128 -5.4164
SCALE 1 1 1
X 0.3062 0.0439 0.9510
Y 0.7361 -0.6444 -0.2072
Z 0.6037 0.7634 -0.2296

PART 25
OFFSET 24.1742 -2.9351 -6.8201
SCALE 1 1 1
X 0.8293 -0.3807 0.4091
Y 0.3110 -0.2939 -0.9038
Z 0.4643 0.8767 -0.1254

PART 26
OFFSET 24.7140 -4.1732 -7.4174
SCALE 1 1 1
X 0.6782 -0.5111 0.5281
Y -0.3413 0.4174 0.8422
Z -0.6509 -0.7514 0.1086

PART 27
OFFSET 25.9080 -5.0730 -6.4876
SCALE 1 1 1
X 0.3896 -0.2513 0.8860
Y -0.6675 0.5858 0.4597
Z -0.6346 -0.7705 0.0606

PART 28
OFFSET 26.4202 -5.3317 -5.4141
SCALE 1 1 1
X -0.3887 0.4478 0.8052
Y -0.6822 0.4475 -0.5782
Z -0.6192 -0.7741 0.1315

PART 29
OFFSET -9.5082 -3.2134 -3.5616
SCALE 1 1 1
X -0.6743 0.4880 0.5543
Y -0.3262 -0.8702 0.3693
Z 0.6625 0.0682 0.7459

PART 30
OFFSET -1.3539 -9.1155 -10.2649
SCALE 1 1 1
X -0.9515 -0.2505 -0.1784
Y 0.3022 -0.6539 -0.6936
Z 0.0570 -0.7139 0.6979

PART 31
OFFSET 6.7393 -6.9851 -8.7473
SCALE 1 1 1
X -0.9515 -0.2505 -0.1784
Y 0.2384 -0.2341 -0.9425
Z 0.1943 -0.9394 0.2825

PART 32
OFFSET 7.8424 -5.3076 -8.9259
SCALE 1 1 1
X -0.9535 -0.2446 -0.1762
Y -0.0587 0.7239 -0.6874
Z 0.2957 -0.6451 -0.7046

PART 33
OFFSET 7.9775 -5.1529 -7.7146
SCALE 1 1 1
X -0.9535 -0.2446 -0.1762
Y -0.0587 0.7239 -0.6874
Z 0.2957 -0.6451 -0.7046

PART 34
OFFSET 8.1961 -6.2549 -6.7797
SCALE 1 1 1
X -0.9535 -0.2446 -0.1762
Y -0.0587 0.7239 -0.6874
Z 0.2957 -0.6451 -0.7046

PART 35
OFFSET 9.6564 -6.2172 -8.2002
SCALE 1 1 1
X -0.9735 -0.1225 -0.1930
Y 0.2154 -0.2080 -0.9541
Z 0.0767 -0.9704 0.2288

PART 36
OFFSET 9.8550 -5.5629 -7.2866
SCALE 1 1 1
X -0.6114 -0.7103 -0.3489
Y 0.7000 -0.2797 -0.6571
Z 0.3692 -0.6460 0.6681

PART 37
OFFSET 11.0839 -3.9663 -6.5053
SCALE 1 1 1
X -0.9897 -0.1385 0.0360
Y 0.0827 -0.7589 -0.6460
Z 0.1168 -0.6363 0.7625

PART 38
OFFSET 12.6734 -3.7168 -6.6874
SCALE 1 1 1
X -0.8325 0.2288 0.5045
Y -0.4950 -0.7161 -0.4921
Z 0.2487 -0.6595 0.7094

PART 39
OFFSET 13.5708 -3.9218 -7.2570
SCALE 1 1 1
X -0.8763 0.4449 -0.1847
Y 0.4400 0.5831 -0.6829
Z -0.1961 -0.6797 -0.7067

PART 40
OFFSET 10.6953 -6.1402 -9.1048
SCALE 1 1 1
X -0.9230 0.0182 0.3843
Y 0.0986 -0.9544 0.2819
Z 0.3719 0.2981 0.8791

PART 41
OFFSET 12.8113 -6.0206 -9.8748
SCALE 1 1 1
X -0.2590 -0.9656 0.0227
Y 0.8845 -0.2465 -0.3960
Z 0.3880 -0.0825 0.9179

PART 42
OFFSET 13.1779 -4.6535 -9.9069
SCALE 1 1 1
X 0.8063 -0.4622 -0.3690
Y 0.4747 0.8779 -0.0623
Z 0.3528 -0.1250 0.9273

PART 43
OFFSET 12.4630 -4.2437 -9.5797
SCALE 1 1 1
X 0.8815 0.3309 -0.3367
Y -0.2850 0.9416 0.1792
Z 0.3764 -0.0620 0.9244

PART 44
OFFSET 11.6255 -4.5580 -9.2598
SCALE 1 1 1
X -0.5498 -0.8352 0.0114
Y -0.7349 0.4901 0.4688
Z -0.3971 0.2493 -0.8833

PART 45
OFFSET 10.7770 -6.1105 -8.3963
SCALE 1 1 1
X -0.9938 -0.0376 0.1047
Y 0.0654 -0.9587 0.2768
Z 0.0899 0.2819 0.9552

PART 46
OFFSET 13.3443 -6.0761 -8.8037
SCALE 1 1 1
X -0.1175 -0.9911 0.0623
Y 0.9630 -0.1291 -0.2367
Z 0.2427 0.0321 0.9696

PART 47
OFFSET 13.5445 -4.3887 -8.9097
SCALE 1 1 1
X 0.9223 -0.3199 -0.2171
Y 0.3097 0.9474 -0.0804
Z 0.2313 0.0069 0.9728

PART 48
OFFSET 12.2663 -3.9454 -8.6089
SCALE 1 1 1
X 0.8928 0.3984 -0.2101
Y -0.3899 0.9172 0.0822
Z 0.2254 0.0085 0.9742

PART 49
OFFSET 11.2980 -4.3774 -8.3811
SCALE 1 1 1
X -0.4977 -0.8499 0.1731
Y -0.8405 0.5218 0.1458
Z -0.2143 -0.0729 -0.9741

PART 50
OFFSET 5.4637 -7.0711 -8.0742
SCALE 1 1 1
X -0.9363 -0.3448 0.0665
Y -0.3478 0.8841 -0.3122
Z 0.0488 -0.3154 -0.9477

PART 51
OFFSET 13.3158 -5.9438 -6.6434
SCALE 1 1 1
X -0.9291 -0.3648 -0.0607
Y 0.3397 -0.9068 0.2496
Z -0.1461 0.2113 0.9664

PART 52
OFFSET 14.9517 -5.3016 -6.5366
SCALE 1 1 1
X -0.5759 -0.8079 0.1253
Y 0.8017 -0.5281 0.2799
Z -0.1599 0.2617 0.9518

PART 53
OFFSET 15.6421 -4.3036 -6.6311
SCALE 1 1 1
X 0.1868 -0.9556 0.2278
Y 0.9651 0.2218 0.1391
Z -0.1834 0.1939 0.9637

PART 54
OFFSET 15.4311 -3.2242 -6.8885
SCALE 1 1 1
X -0.9836 0.1654 0.0713
Y 0.1367 0.9433 -0.3026
Z -0.1173 -0.2879 -0.9505

PART 55
OFFSET 13.4319 -6.0084 -7.7401
SCALE 1 1 1
X -0.1155 -0.9925 0.0389
Y 0.9911 -0.1126 0.0711
Z -0.0662 0.0468 0.9967

PART 56
OFFSET 13.6576 -4.0695 -7.8162
SCALE 1 1 1
X 0.8970 -0.4354 0.0768
Y 0.4398 0.8963 -0.0558
Z -0.0445 0.0838 0.9955

PART 57
OFFSET 21.6546 -4.3076 -7.0070
SCALE 1 1 1
X 0.8110 -0.5584 0.1744
Y -0.0565 0.2219 0.9734
Z -0.5823 -0.7993 0.1484

PART 58
OFFSET 21.6546 -4.3076 -7.0070
SCALE 1 1 1
X 0.8110 -0.5584 0.1744
Y -0.0565 0.2219 0.9734
Z -0.5823 -0.7993 0.1484

PART 59
OFFSET 10.7770 -6.1105 -8.3963
SCALE 1 1 1
X -0.9938 -0.0376 0.1047
Y 0.0654 -0.9587 0.2768
Z 0.0899 0.2819 0.9552

PART 60
OFFSET 10.7770 -6.1105 -8.3963
SCALE 1 1 1
X -0.9938 -0.0376 0.1047
Y 0.0654 -0.9587 0.2768
Z 0.0899 0.2819 0.9552

PART 61
OFFSET 7.5573 -3.0450 -0.6380
SCALE 1 1 1
X 0.9999 0.0121 -0.0023
Y -0.0122 0.9983 -0.0570
Z 0.0016 0.0570 0.9984

PART 62
OFFSET 4.6660 7.2334 -9.1744
SCALE 1 1 1
X 0.8989 -0.2301 -0.3728
Y -0.2882 -0.9515 -0.1074
Z -0.3300 0.2040 -0.9217

PART 63
OFFSET 15.5375 4.4502 -13.6829
SCALE 1 1 1
X 0.4519 -0.6991 0.5541
Y -0.7891 -0.0235 0.6139
Z -0.4161 -0.7147 -0.5622

PART 64
OFFSET 19.3811 -1.4959 -8.9697
SCALE 1 1 1
X 0.4519 -0.6991 0.5541
Y 0.8722 0.4768 -0.1098
Z -0.1875 0.5329 0.8252

PART 65
OFFSET 21.3057 -1.1288 -7.5559
SCALE 1 1 1
X 0.4577 -0.6970 0.5520
Y 0.4261 0.7169 0.5518
Z -0.7803 -0.0173 0.6252

PART 66
OFFSET 12.3474 -3.4335 -7.9284
SCALE 1 1 1
X 0.8842 0.4663 -0.0266
Y -0.4648 0.8731 -0.1469
Z -0.0453 0.1422 0.9888

PART 67
OFFSET 11.3460 -3.9620 -7.9053
SCALE 1 1 1
X -0.3782 -0.9243 0.0510
Y -0.9257 0.3776 -0.0213
Z 0.0004 -0.0553 -0.9985

PART 68
OFFSET 0.0000 0.0000 0.0000
SCALE 1 1 1
X 1.0000 0.0000 0.0000
Y 0.0000 1.0000 0.0000
Z 0.0000 0.0000 1.0000

PART 69
OFFSET 0.0000 0.0000 0.0000
SCALE 1 1 1
X 1.0000 -0.0008 -0.0004
Y 0.0008 1.0000 0.0004
Z 0.0004 -0.0004 1.0000

PART 70
OFFSET 1.5419 -0.0027 4.1352
SCALE 1 1 1
X 1.0000 -0.0008 -0.0004
Y 0.0008 1.0000 0.0004
Z 0.0004 -0.0004 1.0000

PART 71
OFFSET 14.1788 -4.5726 -5.8210
SCALE 1 1 1
X 0.9991 0.0261 0.0341
Y -0.0247 0.9988 -0.0423
Z -0.0352 0.0415 0.9985

PART 72
OFFSET 12.6288 -5.4394 -3.9985
SCALE 1 1 1
X -0.0558 -0.8033 0.5929
Y 0.9984 -0.0421 0.0369
Z -0.0047 0.5940 0.8044

PART 73
OFFSET 15.3547 -5.4819 -3.5638
SCALE 1 1 1
X 0.9982 0.0270 0.0545
Y -0.0247 0.9988 -0.0423
Z -0.0556 0.0409 0.9976

PART 74
OFFSET 28.4778 -4.0712 -3.5130
SCALE 1 1 1
X 0.9991 0.0261 0.0341
Y -0.0247 0.9988 -0.0423
Z -0.0352 0.0415 0.9985

PART 75
OFFSET 17.6081 -4.4760 -5.8076
SCALE 1 1 1
X 0.9991 0.0261 0.0341
Y -0.0247 0.9988 -0.0423
Z -0.0352 0.0415 0.9985


FRAME 183
PART 0
OFFSET 25.6319 -4.4412 -4.1519
SCALE 1 1 1
X 0.6323 -0.7615 0.1425
Y 0.2047 -0.0132 -0.9787
Z 0.7472 0.6480 0.1475

PART 1
OFFSET 23.9477 -4.5293 -6.7964
SCALE 1 1 1
X 0.7122 -0.4397 0.5472
Y -0.4271 0.3473 0.8349
Z -0.5571 -0.8283 0.0595

PART 2
OFFSET 25.3391 -5.3882 -5.7274
SCALE 1 1 1
X -0.3370 0.3060 0.8904
Y -0.7322 0.5094 -0.4522
Z -0.5919 -0.8043 0.0524

PART 3
OFFSET 24.8468 -4.9413 -4.4268
SCALE 1 1 1
X -0.7811 0.6183 0.0871
Y -0.0713 0.0502 -0.9962
Z -0.6203 -0.7843 0.0049

PART 4
OFFSET 23.9578 -4.2466 -4.3275
SCALE 1 1 1
X 0.6842 -0.4560 0.5692
Y 0.4007 -0.4171 -0.8158
Z 0.6094 0.7862 -0.1026

PART 5
OFFSET 14.1043 -4.6342 -5.6756
SCALE 1 1 1
X 0.9965 0.0598 0.0585
Y -0.0597 0.9982 -0.0026
Z -0.0586 -0.0009 0.9983

PART 6
OFFSET 17.9119 -3.5336 -8.3541
SCALE 1 1 1
X 0.4694 -0.6912 0.5494
Y 0.4075 0.7216 0.5597
Z -0.7833 -0.0389 0.6204

PART 7
OFFSET 18.1141 -2.7186 -6.6312
SCALE 1 1 1
X 0.4694 -0.6912 0.5494
Y 0.4075 0.7216 0.5597
Z -0.7833 -0.0389 0.6204

PART 8
OFFSET 23.9452 -2.3900 -4.9138
SCALE 1 1 1
X 0.8039 -0.1793 0.5670
Y 0.2474 0.9679 -0.0447
Z -0.5408 0.1762 0.8225

PART 9
OFFSET 20.8876 -4.5183 -6.7306
SCALE 1 1 1
X 0.6923 -0.6738 0.2581
Y -0.1521 0.2134 0.9651
Z -0.7054 -0.7074 0.0452

PART 10
OFFSET 20.1054 -2.3880 -9.5267
SCALE 1 1 1
X 0.4694 -0.6912 0.5494
Y 0.4075 0.7216 0.5597
Z -0.7833 -0.0389 0.6204

PART 11
OFFSET 19.0113 -1.5623 -5.8080
SCALE 1 1 1
X 0.4694 -0.6912 0.5494
Y 0.4075 0.7216 0.5597
Z -0.7833 -0.0389 0.6204

PART 12
OFFSET 24.7940 -2.5594 -4.2637
SCALE 1 1 1
X 0.9918 -0.0461 -0.1189
Y -0.1275 -0.3200 -0.9388
Z 0.0053 0.9463 -0.3232

PART 13
OFFSET 20.3525 -3.3422 -7.2143
SCALE 1 1 1
X 0.9643 -0.2204 0.1467
Y 0.2421 0.9584 -0.1514
Z -0.1072 0.1815 0.9775

PART 14
OFFSET 22.6882 -1.7959 -5.7441
SCALE 1 1 1
X 0.8228 -0.3385 0.4564
Y 0.3334 0.9380 0.0946
Z -0.4602 0.0744 0.8847

PART 15
OFFSET 23.3881 -6.0047 -4.9195
SCALE 1 1 1
X -0.4951 0.6435 0.5838
Y -0.6963 0.1080 -0.7096
Z -0.5197 -0.7578 0.3945

PART 16
OFFSET 22.5273 -5.9031 -6.0390
SCALE 1 1 1
X 0.6080 -0.0718 0.7907
Y -0.5579 0.6699 0.4898
Z -0.5648 -0.7390 0.3673

PART 17
OFFSET 23.3884 -5.3904 -6.4511
SCALE 1 1 1
X 0.4715 -0.1757 0.8642
Y -0.6441 0.6007 0.4736
Z -0.6023 -0.7799 0.1701

PART 18
OFFSET 22.2512 -4.8231 -4.1969
SCALE 1 1 1
X 0.8829 -0.3015 0.3600
Y 0.1134 -0.6071 -0.7865
Z 0.4556 0.7352 -0.5018

PART 19
OFFSET 22.9491 -5.4342 -4.4019
SCALE 1 1 1
X -0.7347 0.6432 0.2158
Y -0.3822 -0.1296 -0.9149
Z -0.5605 -0.7547 0.3411

PART 20
OFFSET 21.2756 -3.9552 -6.9354
SCALE 1 1 1
X 0.8427 -0.5030 0.1920
Y -0.1375 0.1437 0.9800
Z -0.5205 -0.8523 0.0520

PART 21
OFFSET 20.9759 -2.4420 -6.8930
SCALE 1 1 1
X 0.8105 0.2493 0.5300
Y -0.0416 0.9271 -0.3724
Z -0.5842 0.2798 0.7618

PART 22
OFFSET 24.1912 -5.6895 -4.9799
SCALE 1 1 1
X -0.6083 0.5799 0.5420
Y -0.5374 0.2016 -0.8189
Z -0.5841 -0.7893 0.1890

PART 23
OFFSET 23.3482 -4.8857 -4.2288
SCALE 1 1 1
X -0.8137 0.5746 -0.0881
Y -0.0370 -0.2024 -0.9786
Z -0.5801 -0.7930 0.1860

PART 24
OFFSET 22.4657 -4.2626 -4.3243
SCALE 1 1 1
X 0.6593 -0.3941 0.6403
Y 0.4610 -0.4609 -0.7583
Z 0.5940 0.7951 -0.1222

PART 25
OFFSET 23.6521 -2.4027 -6.4786
SCALE 1 1 1
X 0.8307 -0.3423 0.4391
Y 0.3922 -0.2001 -0.8979
Z 0.3952 0.9180 -0.0320

PART 26
OFFSET 24.3324 -3.5457 -7.1203
SCALE 1 1 1
X 0.6915 -0.5040 0.5176
Y -0.4123 0.3130 0.8556
Z -0.5932 -0.8050 0.0087

PART 27
OFFSET 25.5499 -4.4330 -6.2090
SCALE 1 1 1
X 0.3843 -0.3116 0.8690
Y -0.7237 0.4828 0.4931
Z -0.5732 -0.8184 -0.0399

PART 28
OFFSET 26.0519 -4.7621 -5.1501
SCALE 1 1 1
X -0.3719 0.2841 0.8837
Y -0.7407 0.4831 -0.4670
Z -0.5596 -0.8282 0.0308

PART 29
OFFSET -9.2162 -3.2050 -3.4475
SCALE 1 1 1
X -0.6541 0.4986 0.5689
Y -0.3360 -0.8653 0.3720
Z 0.6777 0.0522 0.7335

PART 30
OFFSET -1.3059 -9.2348 -10.3273
SCALE 1 1 1
X -0.9509 -0.2504 -0.1817
Y 0.3042 -0.6497 -0.6967
Z 0.0564 -0.7178 0.6940

PART 31
OFFSET 6.7822 -7.1051 -8.7815
SCALE 1 1 1
X -0.9509 -0.2504 -0.1817
Y 0.2325 -0.1908 -0.9537
Z 0.2041 -0.9492 0.2396

PART 32
OFFSET 7.8863 -5.4192 -8.9691
SCALE 1 1 1
X -0.9529 -0.2445 -0.1795
Y -0.0581 0.7278 -0.6834
Z 0.2977 -0.6407 -0.7077

PART 33
OFFSET 8.0212 -5.2829 -7.7533
SCALE 1 1 1
X -0.9529 -0.2445 -0.1795
Y -0.0581 0.7278 -0.6834
Z 0.2977 -0.6407 -0.7077

PART 34
OFFSET 8.2410 -6.4124 -6.8045
SCALE 1 1 1
X -0.9529 -0.2445 -0.1795
Y -0.0581 0.7278 -0.6834
Z 0.2977 -0.6407 -0.7077

PART 35
OFFSET 9.6974 -6.3375 -8.2244
SCALE 1 1 1
X -0.9640 -0.1485 -0.2206
Y 0.2436 -0.1609 -0.9564
Z 0.1066 -0.9757 0.1913

PART 36
OFFSET 9.8522 -5.7148 -7.2807
SCALE 1 1 1
X -0.5775 -0.7164 -0.3915
Y 0.7239 -0.2276 -0.6513
Z 0.3775 -0.6595 0.6500

PART 37
OFFSET 11.0053 -4.1095 -6.4071
SCALE 1 1 1
X -0.9846 -0.1745 0.0072
Y 0.1241 -0.7283 -0.6739
Z 0.1229 -0.6627 0.7388

PART 38
OFFSET 12.5884 -3.7969 -6.5417
SCALE 1 1 1
X -0.8511 0.1784 0.4937
Y -0.4579 -0.7122 -0.5321
Z 0.2567 -0.6789 0.6879

PART 39
OFFSET 13.5049 -3.9467 -7.0980
SCALE 1 1 1
X -0.8875 0.4211 -0.1871
Y 0.4335 0.6258 -0.6484
Z -0.1559 -0.6566 -0.7380

PART 40
OFFSET 10.7525 -6.1868 -9.1005
SCALE 1 1 1
X -0.9313 -0.0299 0.3630
Y 0.1265 -0.9611 0.2455
Z 0.3415 0.2746 0.8989

PART 41
OFFSET 12.8793 -5.9618 -9.8153
SCALE 1 1 1
X -0.2246 -0.9742 -0.0223
Y 0.9013 -0.1990 -0.3848
Z 0.3704 -0.1065 0.9227

PART 42
OFFSET 13.1972 -4.5826 -9.7837
SCALE 1 1 1
X 0.8303 -0.4182 -0.3683
Y 0.4442 0.8958 -0.0157
Z 0.3365 -0.1505 0.9296

PART 43
OFFSET 12.4610 -4.2118 -9.4572
SCALE 1 1 1
X 0.8763 0.3750 -0.3024
Y -0.3225 0.9229 0.2102
Z 0.3579 -0.0867 0.9297

PART 44
OFFSET 11.6285 -4.5681 -9.1699
SCALE 1 1 1
X -0.5196 -0.8537 -0.0351
Y -0.7621 0.4445 0.4707
Z -0.3863 0.2713 -0.8816

PART 45
OFFSET 10.8175 -6.1835 -8.3897
SCALE 1 1 1
X -0.9939 -0.0766 0.0797
Y 0.0937 -0.9664 0.2393
Z 0.0587 0.2454 0.9677

PART 46
OFFSET 13.3903 -6.0424 -8.7351
SCALE 1 1 1
X -0.0832 -0.9963 0.0195
Y 0.9720 -0.0854 -0.2191
Z 0.2200 0.0007 0.9755

PART 47
OFFSET 13.5319 -4.3461 -8.7683
SCALE 1 1 1
X 0.9377 -0.2782 -0.2081
Y 0.2771 0.9602 -0.0348
Z 0.2095 -0.0250 0.9775

PART 48
OFFSET 12.2323 -3.9606 -8.4799
SCALE 1 1 1
X 0.8823 0.4378 -0.1729
Y -0.4244 0.8988 0.1100
Z 0.2035 -0.0237 0.9788

PART 49
OFFSET 11.2754 -4.4353 -8.2924
SCALE 1 1 1
X -0.4705 -0.8732 0.1269
Y -0.8617 0.4856 0.1470
Z -0.1900 -0.0402 -0.9810

PART 50
OFFSET 5.5365 -7.3426 -8.2311
SCALE 1 1 1
X -0.9245 -0.3800 0.0306
Y -0.3725 0.8834 -0.2843
Z 0.0810 -0.2743 -0.9582

PART 51
OFFSET 13.3096 -5.9999 -6.5725
SCALE 1 1 1
X -0.9138 -0.3944 -0.0970
Y 0.3666 -0.9038 0.2208
Z -0.1748 0.1661 0.9705

PART 52
OFFSET 14.9185 -5.3056 -6.4017
SCALE 1 1 1
X -0.5490 -0.8321 0.0791
Y 0.8139 -0.5107 0.2771
Z -0.1901 0.2165 0.9576

PART 53
OFFSET 15.5743 -4.2809 -6.4397
SCALE 1 1 1
X 0.2161 -0.9570 0.1934
Y 0.9532 0.2497 0.1705
Z -0.2114 0.1475 0.9662

PART 54
OFFSET 15.3302 -3.1999 -6.6582
SCALE 1 1 1
X -0.9903 0.1277 0.0549
Y 0.1092 0.9591 -0.2610
Z -0.0860 -0.2525 -0.9638

PART 55
OFFSET 13.4519 -6.0153 -7.6680
SCALE 1 1 1
X -0.0805 -0.9967 -0.0038
Y 0.9927 -0.0805 0.0897
Z -0.0897 0.0034 0.9960

PART 56
OFFSET 13.6092 -4.0681 -7.6605
SCALE 1 1 1
X 0.9102 -0.4064 0.0802
Y 0.4083 0.9128 -0.0093
Z -0.0694 0.0412 0.9967

PART 57
OFFSET 21.2756 -3.9552 -6.9354
SCALE 1 1 1
X 0.8427 -0.5030 0.1920
Y -0.1375 0.1437 0.9800
Z -0.5205 -0.8523 0.0520

PART 58
OFFSET 21.2756 -3.9552 -6.9354
SCALE 1 1 1
X 0.8427 -0.5030 0.1920
Y -0.1375 0.1437 0.9800
Z -0.5205 -0.8523 0.0520

PART 59
OFFSET 10.8175 -6.1835 -8.3897
SCALE 1 1 1
X -0.9939 -0.0766 0.0797
Y 0.0937 -0.9664 0.2393
Z 0.0587 0.2454 0.9677

PART 60
OFFSET 10.8175 -6.1835 -8.3897
SCALE 1 1 1
X -0.9939 -0.0766 0.0797
Y 0.0937 -0.9664 0.2393
Z 0.0587 0.2454 0.9677

PART 61
OFFSET 7.5573 -3.0450 -0.6380
SCALE 1 1 1
X 0.9999 0.0121 -0.0023
Y -0.0122 0.9983 -0.0570
Z 0.0016 0.0570 0.9984

PART 62
OFFSET 4.0295 7.2169 -9.1520
SCALE 1 1 1
X 0.9061 -0.2096 -0.3674
Y -0.2682 -0.9564 -0.1159
Z -0.3271 0.2036 -0.9228

PART 63
OFFSET 14.9882 4.6824 -13.5955
SCALE 1 1 1
X 0.4636 -0.6935 0.5515
Y -0.7919 -0.0451 0.6090
Z -0.3975 -0.7190 -0.5701

PART 64
OFFSET 18.9313 -1.2162 -8.9050
SCALE 1 1 1
X 0.4636 -0.6935 0.5515
Y 0.8366 0.5477 -0.0145
Z -0.2919 0.4681 0.8341

PART 65
OFFSET 20.8394 -0.8189 -7.4771
SCALE 1 1 1
X 0.4694 -0.6912 0.5494
Y 0.4075 0.7216 0.5597
Z -0.7833 -0.0389 0.6204

PART 66
OFFSET 12.2798 -3.4745 -7.7776
SCALE 1 1 1
X 0.8672 0.4977 0.0129
Y -0.4927 0.8616 -0.1224
Z -0.0721 0.0998 0.9924

PART 67
OFFSET 11.2977 -4.0384 -7.7993
SCALE 1 1 1
X -0.3457 -0.9383 0.0048
Y -0.9380 0.3454 -0.0277
Z 0.0243 -0.0141 -0.9996

PART 68
OFFSET 0.0000 0.0000 0.0000
SCALE 1 1 1
X 1.0000 0.0000 0.0000
Y 0.0000 1.0000 0.0000
Z 0.0000 0.0000 1.0000

PART 69
OFFSET 0.0000 0.0000 0.0000
SCALE 1 1 1
X 1.0000 -0.0030 -0.0014
Y 0.0030 1.0000 0.0013
Z 0.0013 -0.0013 1.0000

PART 70
OFFSET 1.5460 -0.0102 4.1337
SCALE 1 1 1
X 1.0000 -0.0030 -0.0014
Y 0.0030 1.0000 0.0013
Z 0.0013 -0.0013 1.0000

PART 71
OFFSET 14.1043 -4.6342 -5.6756
SCALE 1 1 1
X 0.9965 0.0598 0.0585
Y -0.0597 0.9982 -0.0026
Z -0.0586 -0.0009 0.9983

PART 72
OFFSET 12.5469 -5.6291 -3.9263
SCALE 1 1 1
X -0.0398 -0.8285 0.5586
Y 0.9982 -0.0085 0.0585
Z -0.0438 0.5599 0.8274

PART 73
OFFSET 15.2624 -5.5937 -3.4296
SCALE 1 1 1
X 0.9951 0.0597 0.0789
Y -0.0597 0.9982 -0.0026
Z -0.0789 -0.0021 0.9969

PART 74
OFFSET 28.3218 -3.7261 -3.0151
SCALE 1 1 1
X 0.9965 0.0598 0.0585
Y -0.0597 0.9982 -0.0026
Z -0.0586 -0.0009 0.9983

PART 75
OFFSET 17.5268 -4.4179 -5.5780
SCALE 1 1 1
X 0.9965 0.0598 0.0585
Y -0.0597 0.9982 -0.0026
Z -0.0586 -0.0009 0.9983


FRAME 184
PART 0
OFFSET 24.9761 -4.0699 -3.6873
SCALE 1 1 1
X 0.7101 -0.7033 -0.0333
Y 0.1730 0.2201 -0.9600
Z 0.6825 0.6759 0.2780

PART 1
OFFSET 23.3834 -3.8074 -6.4907
SCALE 1 1 1
X 0.6711 -0.4422 0.5950
Y -0.5697 0.2059 0.7956
Z -0.4743 -0.8730 -0.1137

PART 2
OFFSET 24.6945 -4.6712 -5.3282
SCALE 1 1 1
X -0.3337 0.0637 0.9405
Y -0.7928 0.5209 -0.3166
Z -0.5101 -0.8512 -0.1233

PART 3
OFFSET 24.2071 -4.5781 -3.9544
SCALE 1 1 1
X -0.7670 0.4048 0.4978
Y -0.3436 0.3960 -0.8515
Z -0.5419 -0.8242 -0.1647

PART 4
OFFSET 23.3348 -4.1257 -3.3912
SCALE 1 1 1
X 0.8422 -0.5107 0.1727
Y 0.1897 -0.0191 -0.9817
Z 0.5046 0.8595 0.0808

PART 5
OFFSET 14.0053 -4.7219 -5.4590
SCALE 1 1 1
X 0.9896 0.1090 0.0944
Y -0.1145 0.9919 0.0558
Z -0.0876 -0.0660 0.9940

PART 6
OFFSET 17.3181 -3.1523 -8.3038
SCALE 1 1 1
X 0.4859 -0.6835 0.5447
Y 0.3797 0.7265 0.5728
Z -0.7872 -0.0715 0.6125

PART 7
OFFSET 17.4792 -2.3542 -6.5687
SCALE 1 1 1
X 0.4859 -0.6835 0.5447
Y 0.3797 0.7265 0.5728
Z -0.7872 -0.0715 0.6125

PART 8
OFFSET 22.9610 -1.9002 -4.6492
SCALE 1 1 1
X 0.7948 -0.2499 0.5530
Y 0.2277 0.9675 0.1100
Z -0.5626 0.0385 0.8259

PART 9
OFFSET 20.3467 -4.0804 -6.7605
SCALE 1 1 1
X 0.7299 -0.6392 0.2421
Y -0.2670 0.0594 0.9619
Z -0.6292 -0.7667 -0.1273

PART 10
OFFSET 19.4849 -1.9233 -9.4409
SCALE 1 1 1
X 0.4859 -0.6835 0.5447
Y 0.3797 0.7265 0.5728
Z -0.7872 -0.0715 0.6125

PART 11
OFFSET 18.3324 -1.1815 -5.7222
SCALE 1 1 1
X 0.4859 -0.6835 0.5447
Y 0.3797 0.7265 0.5728
Z -0.7872 -0.0715 0.6125

PART 12
OFFSET 23.7986 -2.1522 -4.0115
SCALE 1 1 1
X 0.9950 -0.0098 -0.0996
Y -0.0998 -0.1744 -0.9796
Z -0.0077 0.9846 -0.1745

PART 13
OFFSET 19.7412 -2.8999 -7.1389
SCALE 1 1 1
X 0.9634 -0.1518 0.2210
Y 0.1545 0.9880 0.0053
Z -0.2191 0.0291 0.9753

PART 14
OFFSET 21.7542 -1.1098 -5.3850
SCALE 1 1 1
X 0.7947 -0.4514 0.4058
Y 0.3616 0.8890 0.2809
Z -0.4876 -0.0765 0.8697

PART 15
OFFSET 22.8646 -5.6307 -4.9488
SCALE 1 1 1
X -0.4178 0.4485 0.7901
Y -0.7749 0.2781 -0.5676
Z -0.4743 -0.8494 0.2313

PART 16
OFFSET 22.0457 -5.3976 -6.0800
SCALE 1 1 1
X 0.5784 -0.1646 0.7990
Y -0.6289 0.5338 0.5653
Z -0.5196 -0.8294 0.2052

PART 17
OFFSET 22.8861 -4.7557 -6.3268
SCALE 1 1 1
X 0.4150 -0.2701 0.8688
Y -0.7324 0.4674 0.4951
Z -0.5398 -0.8418 -0.0039

PART 18
OFFSET 22.0267 -4.7855 -3.5528
SCALE 1 1 1
X 0.8895 -0.4220 -0.1754
Y -0.2757 -0.1895 -0.9424
Z 0.3644 0.8866 -0.2849

PART 19
OFFSET 22.4941 -5.2331 -4.2482
SCALE 1 1 1
X -0.4921 0.4711 0.7321
Y -0.6974 0.2900 -0.6554
Z -0.5211 -0.8330 0.1858

PART 20
OFFSET 20.6919 -3.4612 -6.8445
SCALE 1 1 1
X 0.8681 -0.4477 0.2146
Y -0.2454 -0.0112 0.9694
Z -0.4316 -0.8941 -0.1196

PART 21
OFFSET 20.2336 -2.0028 -6.6340
SCALE 1 1 1
X 0.7313 0.3683 0.5740
Y -0.2159 0.9234 -0.3174
Z -0.6470 0.1082 0.7548

PART 22
OFFSET 23.5926 -5.2155 -4.8476
SCALE 1 1 1
X -0.5475 0.3489 0.7606
Y -0.6537 0.3891 -0.6491
Z -0.5224 -0.8526 0.0150

PART 23
OFFSET 22.8337 -4.7320 -3.7935
SCALE 1 1 1
X -0.7138 0.4398 0.5450
Y -0.4706 0.2752 -0.8383
Z -0.5187 -0.8549 0.0106

PART 24
OFFSET 22.0596 -4.2550 -3.2024
SCALE 1 1 1
X 0.8281 -0.5596 0.0328
Y 0.0463 0.0099 -0.9989
Z 0.5586 0.8287 0.0341

PART 25
OFFSET 22.8388 -1.7835 -5.9266
SCALE 1 1 1
X 0.8156 -0.3258 0.4781
Y 0.4955 -0.0333 -0.8680
Z 0.2987 0.9448 0.1343

PART 26
OFFSET 23.6930 -2.7570 -6.6363
SCALE 1 1 1
X 0.6971 -0.5162 0.4976
Y -0.5064 0.1367 0.8514
Z -0.5075 -0.8455 -0.1661

PART 27
OFFSET 24.9204 -3.6658 -5.7603
SCALE 1 1 1
X 0.3651 -0.4173 0.8322
Y -0.7961 0.3235 0.5115
Z -0.4826 -0.8493 -0.2141

PART 28
OFFSET 25.3936 -4.1216 -4.7356
SCALE 1 1 1
X -0.3696 0.0458 0.9281
Y -0.8004 0.4917 -0.3430
Z -0.4720 -0.8696 -0.1451

PART 29
OFFSET -8.9515 -3.1974 -3.3442
SCALE 1 1 1
X -0.6374 0.5074 0.5798
Y -0.3456 -0.8609 0.3735
Z 0.6887 0.0377 0.7241

PART 30
OFFSET -1.2423 -9.3343 -10.3562
SCALE 1 1 1
X -0.9522 -0.2453 -0.1822
Y 0.3008 -0.6476 -0.7001
Z 0.0537 -0.7214 0.6904

PART 31
OFFSET 6.8563 -7.2478 -8.8067
SCALE 1 1 1
X -0.9522 -0.2453 -0.1822
Y 0.2177 -0.1263 -0.9678
Z 0.2144 -0.9612 0.1737

PART 32
OFFSET 7.9715 -5.5548 -9.0218
SCALE 1 1 1
X -0.9541 -0.2395 -0.1799
Y -0.0554 0.7313 -0.6798
Z 0.2943 -0.6386 -0.7110

PART 33
OFFSET 8.1115 -5.4434 -7.8005
SCALE 1 1 1
X -0.9541 -0.2395 -0.1799
Y -0.0554 0.7313 -0.6798
Z 0.2943 -0.6386 -0.7110

PART 34
OFFSET 8.3308 -6.6184 -6.8241
SCALE 1 1 1
X -0.9541 -0.2395 -0.1799
Y -0.0554 0.7313 -0.6798
Z 0.2943 -0.6386 -0.7110

PART 35
OFFSET 9.7754 -6.4958 -8.2482
SCALE 1 1 1
X -0.9475 -0.1857 -0.2604
Y 0.2800 -0.0880 -0.9560
Z 0.1546 -0.9787 0.1353

PART 36
OFFSET 9.8679 -5.9255 -7.2641
SCALE 1 1 1
X -0.5255 -0.7204 -0.4526
Y 0.7540 -0.1479 -0.6400
Z 0.3941 -0.6776 0.6209

PART 37
OFFSET 10.9047 -4.3185 -6.2580
SCALE 1 1 1
X -0.9733 -0.2268 -0.0354
Y 0.1837 -0.6774 -0.7123
Z 0.1376 -0.6998 0.7010

PART 38
OFFSET 12.4715 -3.9144 -6.3219
SCALE 1 1 1
X -0.8737 0.1019 0.4756
Y -0.4022 -0.7011 -0.5887
Z 0.2735 -0.7057 0.6536

PART 39
OFFSET 13.4107 -3.9803 -6.8561
SCALE 1 1 1
X -0.9035 0.3840 -0.1901
Y 0.4172 0.6870 -0.5949
Z -0.0979 -0.6168 -0.7810

PART 40
OFFSET 10.8457 -6.2351 -9.0788
SCALE 1 1 1
X -0.9385 -0.1017 0.3300
Y 0.1719 -0.9664 0.1911
Z 0.2995 0.2360 0.9245

PART 41
OFFSET 12.9769 -5.8537 -9.7090
SCALE 1 1 1
X -0.1699 -0.9815 -0.0884
Y 0.9218 -0.1266 -0.3665
Z 0.3485 -0.1437 0.9262

PART 42
OFFSET 13.2175 -4.4641 -9.5839
SCALE 1 1 1
X 0.8625 -0.3499 -0.3656
Y 0.3946 0.9174 0.0529
Z 0.3169 -0.1898 0.9293

PART 43
OFFSET 12.4528 -4.1539 -9.2597
SCALE 1 1 1
X 0.8628 0.4390 -0.2505
Y -0.3787 0.8897 0.2549
Z 0.3347 -0.1251 0.9340

PART 44
OFFSET 11.6330 -4.5710 -9.0218
SCALE 1 1 1
X -0.4706 -0.8762 -0.1035
Y -0.7989 0.3733 0.4716
Z -0.3746 0.3046 -0.8757

PART 45
OFFSET 10.8896 -6.2725 -8.3673
SCALE 1 1 1
X -0.9901 -0.1341 0.0426
Y 0.1397 -0.9731 0.1835
Z 0.0168 0.1876 0.9821

PART 46
OFFSET 13.4597 -5.9737 -8.6196
SCALE 1 1 1
X -0.0287 -0.9986 -0.0434
Y 0.9812 -0.0199 -0.1921
Z 0.1910 -0.0482 0.9804

PART 47
OFFSET 13.5087 -4.2735 -8.5456
SCALE 1 1 1
X 0.9573 -0.2145 -0.1939
Y 0.2248 0.9739 0.0323
Z 0.1819 -0.0745 0.9805

PART 48
OFFSET 12.1819 -3.9762 -8.2770
SCALE 1 1 1
X 0.8616 0.4939 -0.1173
Y -0.4762 0.8664 0.1502
Z 0.1758 -0.0736 0.9817

PART 49
OFFSET 11.2475 -4.5118 -8.1498
SCALE 1 1 1
X -0.4252 -0.9032 0.0586
Y -0.8911 0.4291 0.1480
Z -0.1588 0.0107 -0.9873

PART 50
OFFSET 5.6781 -7.7186 -8.4510
SCALE 1 1 1
X -0.9026 -0.4298 -0.0225
Y -0.4121 0.8783 -0.2424
Z 0.1239 -0.2095 -0.9699

PART 51
OFFSET 13.3136 -6.0697 -6.4622
SCALE 1 1 1
X -0.8875 -0.4357 -0.1504
Y 0.4093 -0.8950 0.1776
Z -0.2119 0.0960 0.9726

PART 52
OFFSET 14.8761 -5.3027 -6.1975
SCALE 1 1 1
X -0.5044 -0.8634 0.0108
Y 0.8324 -0.4829 0.2720
Z -0.2297 0.1462 0.9622

PART 53
OFFSET 15.4753 -4.2441 -6.1522
SCALE 1 1 1
X 0.2628 -0.9543 0.1422
Y 0.9326 0.2890 0.2162
Z -0.2474 0.0758 0.9659

PART 54
OFFSET 15.1785 -3.1662 -6.3128
SCALE 1 1 1
X -0.9970 0.0711 0.0303
Y 0.0637 0.9779 -0.1989
Z -0.0437 -0.1964 -0.9796

PART 55
OFFSET 13.4885 -6.0094 -7.5514
SCALE 1 1 1
X -0.0253 -0.9975 -0.0666
Y 0.9926 -0.0330 0.1170
Z -0.1189 -0.0632 0.9909

PART 56
OFFSET 13.5379 -4.0608 -7.4212
SCALE 1 1 1
X 0.9285 -0.3615 0.0851
Y 0.3575 0.9320 0.0591
Z -0.1007 -0.0245 0.9946

PART 57
OFFSET 20.6919 -3.4612 -6.8445
SCALE 1 1 1
X 0.8681 -0.4477 0.2146
Y -0.2454 -0.0112 0.9694
Z -0.4316 -0.8941 -0.1196

PART 58
OFFSET 20.6919 -3.4612 -6.8445
SCALE 1 1 1
X 0.8681 -0.4477 0.2146
Y -0.2454 -0.0112 0.9694
Z -0.4316 -0.8941 -0.1196

PART 59
OFFSET 10.8896 -6.2725 -8.3673
SCALE 1 1 1
X -0.9901 -0.1341 0.0426
Y 0.1397 -0.9731 0.1835
Z 0.0168 0.1876 0.9821

PART 60
OFFSET 10.8896 -6.2725 -8.3673
SCALE 1 1 1
X -0.9901 -0.1341 0.0426
Y 0.1397 -0.9731 0.1835
Z 0.0168 0.1876 0.9821

PART 61
OFFSET 7.5573 -3.0450 -0.6380
SCALE 1 1 1
X 0.9999 0.0121 -0.0023
Y -0.0122 0.9983 -0.0570
Z 0.0016 0.0570 0.9984

PART 62
OFFSET 3.1080 7.1915 -9.1157
SCALE 1 1 1
X 0.9159 -0.1781 -0.3597
Y -0.2383 -0.9624 -0.1303
Z -0.3229 0.2050 -0.9239

PART 63
OFFSET 14.1851 5.0372 -13.4653
SCALE 1 1 1
X 0.4802 -0.6859 0.5467
Y -0.7955 -0.0779 0.6009
Z -0.3696 -0.7235 -0.5830

PART 64
OFFSET 18.2691 -0.7970 -8.8151
SCALE 1 1 1
X 0.4802 -0.6859 0.5467
Y 0.7526 0.6423 0.1449
Z -0.4506 0.3419 0.8247

PART 65
OFFSET 20.1511 -0.3594 -7.3644
SCALE 1 1 1
X 0.4859 -0.6835 0.5447
Y 0.3797 0.7265 0.5728
Z -0.7872 -0.0715 0.6125

PART 66
OFFSET 12.1818 -3.5327 -7.5454
SCALE 1 1 1
X 0.8377 0.5414 0.0712
Y -0.5356 0.8401 -0.0861
Z -0.1064 0.0340 0.9937

PART 67
OFFSET 11.2334 -4.1456 -7.6331
SCALE 1 1 1
X -0.2935 -0.9539 -0.0631
Y -0.9544 0.2961 -0.0373
Z 0.0543 0.0493 -0.9973

PART 68
OFFSET 0.0000 0.0000 0.0000
SCALE 1 1 1
X 1.0000 0.0000 0.0000
Y 0.0000 1.0000 0.0000
Z 0.0000 0.0000 1.0000

PART 69
OFFSET 0.0000 0.0000 0.0000
SCALE 1 1 1
X 1.0000 -0.0064 -0.0029
Y 0.0064 1.0000 0.0029
Z 0.0028 -0.0029 1.0000

PART 70
OFFSET 1.5522 -0.0217 4.1313
SCALE 1 1 1
X 1.0000 -0.0064 -0.0029
Y 0.0064 1.0000 0.0029
Z 0.0028 -0.0029 1.0000

PART 71
OFFSET 14.0053 -4.7219 -5.4590
SCALE 1 1 1
X 0.9896 0.1090 0.0944
Y -0.1145 0.9919 0.0558
Z -0.0876 -0.0660 0.9940

PART 72
OFFSET 12.4546 -5.9050 -3.8247
SCALE 1 1 1
X -0.0104 -0.8625 0.5059
Y 0.9951 0.0411 0.0904
Z -0.0987 0.5043 0.8578

PART 73
OFFSET 15.1484 -5.7561 -3.2380
SCALE 1 1 1
X 0.9876 0.1076 0.1147
Y -0.1145 0.9919 0.0558
Z -0.1078 -0.0682 0.9918

PART 74
OFFSET 28.0673 -3.2255 -2.2872
SCALE 1 1 1
X 0.9896 0.1090 0.0944
Y -0.1145 0.9919 0.0558
Z -0.0876 -0.0660 0.9940

