// Export filename: `C:/cod5/cod/cod5/xanim_export/viewmodel/US/thompson/thompson_idle.XANIM_EXPORT`
// Source filename: `C:/cod5/cod/cod5/animation_assets/viewmodel/US/thompson/viewmodelanimation_thompson.mb`
// Export time: Tue Aug 26 15:24:27 2008

ANIMATION
VERSION 3

NUMPARTS 76
PART 0 "J_Index_LE_3"
PART 1 "J_Mid_LE_0"
PART 2 "J_Mid_LE_1"
PART 3 "J_Mid_LE_2"
PART 4 "J_Mid_LE_3"
PART 5 "tag_weapon"
PART 6 "J_Sleave_Reshape_Top_LE_3"
PART 7 "J_Sleave_Reshape_Top_LE_2"
PART 8 "J_Thumb_LE_2"
PART 9 "J_PinkyPalm_LE"
PART 10 "J_Sleave_Reshape_Bottom_LE_2"
PART 11 "J_Sleave_Reshape_Top_LE_1"
PART 12 "J_Thumb_LE_3"
PART 13 "J_Wrist_LE"
PART 14 "J_Thumb_LE_1"
PART 15 "J_Pinky_LE_1"
PART 16 "J_Pinky_LE_0"
PART 17 "J_Ring_LE_0"
PART 18 "J_Pinky_LE_3"
PART 19 "J_Pinky_LE_2"
PART 20 "J_RingPalm_LE"
PART 21 "J_Thumb_LE_0"
PART 22 "J_Ring_LE_1"
PART 23 "J_Ring_LE_2"
PART 24 "J_Ring_LE_3"
PART 25 "J_Webbing_LE"
PART 26 "J_Index_LE_0"
PART 27 "J_Index_LE_1"
PART 28 "J_Index_LE_2"
PART 29 "J_Shoulder_RI"
PART 30 "J_Elbow_RI"
PART 31 "J_WristTwist_RI"
PART 32 "J_Sleave_Reshape_Top_RI_3"
PART 33 "J_Sleave_Reshape_Top_RI_2"
PART 34 "J_Sleave_Reshape_Top_RI_1"
PART 35 "J_Wrist_RI"
PART 36 "J_Thumb_RI_0"
PART 37 "J_Thumb_RI_1"
PART 38 "J_Thumb_RI_2"
PART 39 "J_Thumb_RI_3"
PART 40 "J_PinkyPalm_RI"
PART 41 "J_Pinky_RI_0"
PART 42 "J_Pinky_RI_1"
PART 43 "J_Pinky_RI_2"
PART 44 "J_Pinky_RI_3"
PART 45 "J_RingPalm_RI"
PART 46 "J_Ring_RI_0"
PART 47 "J_Ring_RI_1"
PART 48 "J_Ring_RI_2"
PART 49 "J_Ring_RI_3"
PART 50 "J_Webbing_RI"
PART 51 "J_Index_RI_0"
PART 52 "J_Index_RI_1"
PART 53 "J_Index_RI_2"
PART 54 "J_Index_RI_3"
PART 55 "J_Mid_RI_0"
PART 56 "J_Mid_RI_1"
PART 57 "RingPalm_SDK_LE"
PART 58 "RingPalm_FK_LE"
PART 59 "RingPalm_SDK_RI"
PART 60 "RingPalm_FK_RI"
PART 61 "tag_torso"
PART 62 "J_Shoulder_LE"
PART 63 "J_Elbow_LE"
PART 64 "J_WristTwist_LE"
PART 65 "J_Sleave_Reshape_Bottom_LE_1"
PART 66 "J_Mid_RI_2"
PART 67 "J_Mid_RI_3"
PART 68 "tag_cambone"
PART 69 "tag_camera"
PART 70 "tag_gasmask"
PART 71 "J_Gun"
PART 72 "tag_brass"
PART 73 "J_Bolt"
PART 74 "tag_flash"
PART 75 "J_Clip"

FRAMERATE 30
NUMFRAMES 1

FRAME 55
PART 0
OFFSET 26.0823 -4.9995 -4.6388
SCALE 1 1 1
X 0.5400 -0.7601 0.3615
Y 0.2665 -0.2530 -0.9300
Z 0.7984 0.5986 0.0660

PART 1
OFFSET 24.3801 -5.3233 -7.0678
SCALE 1 1 1
X 0.7278 -0.5011 0.4682
Y -0.2571 0.4336 0.8637
Z -0.6358 -0.7489 0.1867

PART 2
OFFSET 25.8019 -6.3022 -6.1532
SCALE 1 1 1
X -0.3663 0.5330 0.7627
Y -0.6475 0.4426 -0.6203
Z -0.6682 -0.7211 0.1830

PART 3
OFFSET 25.2668 -5.5236 -5.0392
SCALE 1 1 1
X -0.6586 0.5458 -0.5180
Y 0.2973 -0.4437 -0.8454
Z -0.6913 -0.7108 0.1299

PART 4
OFFSET 24.5158 -4.9102 -5.6244
SCALE 1 1 1
X 0.3593 -0.0897 0.9289
Y 0.5981 -0.7419 -0.3030
Z 0.7164 0.6644 -0.2129

PART 5
OFFSET 14.2078 -4.5495 -5.8743
SCALE 1 1 1
X 0.9996 0.0137 0.0251
Y -0.0122 0.9983 -0.0570
Z -0.0258 0.0566 0.9981

PART 6
OFFSET 18.4668 -3.8769 -8.4159
SCALE 1 1 1
X 0.4528 -0.7002 0.5520
Y 0.4320 0.7139 0.5511
Z -0.7800 -0.0110 0.6257

PART 7
OFFSET 18.7041 -3.0543 -6.7012
SCALE 1 1 1
X 0.4528 -0.7002 0.5520
Y 0.4320 0.7139 0.5511
Z -0.7800 -0.0110 0.6257

PART 8
OFFSET 24.7568 -3.0537 -5.0099
SCALE 1 1 1
X 0.7998 -0.1054 0.5909
Y 0.2568 0.9499 -0.1782
Z -0.5425 0.2942 0.7868

PART 9
OFFSET 21.3614 -4.9338 -6.7448
SCALE 1 1 1
X 0.6331 -0.7286 0.2614
Y -0.0331 0.3119 0.9495
Z -0.7734 -0.6098 0.1733

PART 10
OFFSET 20.6848 -2.8052 -9.6120
SCALE 1 1 1
X 0.4528 -0.7002 0.5520
Y 0.4320 0.7139 0.5511
Z -0.7800 -0.0110 0.6257

PART 11
OFFSET 19.6400 -1.9180 -5.8933
SCALE 1 1 1
X 0.4528 -0.7002 0.5520
Y 0.4320 0.7139 0.5511
Z -0.7800 -0.0110 0.6257

PART 12
OFFSET 25.6013 -3.1381 -4.3379
SCALE 1 1 1
X 0.9918 -0.0710 -0.1060
Y -0.1266 -0.4469 -0.8856
Z 0.0155 0.8918 -0.4523

PART 13
OFFSET 20.9195 -3.7476 -7.2935
SCALE 1 1 1
X 0.9426 -0.3228 0.0853
Y 0.3337 0.9050 -0.2637
Z 0.0079 0.2770 0.9608

PART 14
OFFSET 23.4505 -2.7194 -5.9065
SCALE 1 1 1
X 0.8505 -0.1864 0.4918
Y 0.2656 0.9593 -0.0958
Z -0.4540 0.2121 0.8654

PART 15
OFFSET 23.7726 -6.4439 -4.9574
SCALE 1 1 1
X -0.6229 0.7385 0.2582
Y -0.5448 -0.1726 -0.8206
Z -0.5615 -0.6518 0.5098

PART 16
OFFSET 22.8924 -6.4438 -6.0663
SCALE 1 1 1
X 0.6217 -0.0001 0.7833
Y -0.4965 0.7734 0.3941
Z -0.6059 -0.6339 0.4808

PART 17
OFFSET 23.7622 -6.0766 -6.5945
SCALE 1 1 1
X 0.5178 -0.1274 0.8460
Y -0.5478 0.7102 0.4422
Z -0.6572 -0.6924 0.2979

PART 18
OFFSET 22.4812 -5.4811 -5.2397
SCALE 1 1 1
X 0.5466 0.2689 0.7930
Y 0.5870 -0.7984 -0.1339
Z 0.5972 0.5387 -0.5943

PART 19
OFFSET 23.2203 -5.7891 -4.7284
SCALE 1 1 1
X -0.7780 0.3242 -0.5381
Y 0.2133 -0.6694 -0.7117
Z -0.5909 -0.6685 0.4516

PART 20
OFFSET 21.7894 -4.4420 -7.0354
SCALE 1 1 1
X 0.7946 -0.5834 0.1679
Y -0.0260 0.2436 0.9695
Z -0.6066 -0.7748 0.1784

PART 21
OFFSET 21.6688 -2.9056 -7.1151
SCALE 1 1 1
X 0.8286 0.0334 0.5588
Y 0.2217 0.8970 -0.3825
Z -0.5140 0.4408 0.7358

PART 22
OFFSET 24.6437 -6.2936 -5.1542
SCALE 1 1 1
X -0.6894 0.7042 0.1698
Y -0.3420 -0.1098 -0.9333
Z -0.6385 -0.7015 0.3165

PART 23
OFFSET 23.6881 -5.3177 -4.9189
SCALE 1 1 1
X -0.5494 0.1237 -0.8263
Y 0.5442 -0.6975 -0.4663
Z -0.6341 -0.7058 0.3159

PART 24
OFFSET 23.0923 -5.1835 -5.8151
SCALE 1 1 1
X 0.1081 0.2623 0.9589
Y 0.7874 -0.6114 0.0785
Z 0.6068 0.7466 -0.2726

PART 25
OFFSET 24.3595 -3.1570 -6.9343
SCALE 1 1 1
X 0.8246 -0.4017 0.3984
Y 0.2794 -0.3233 -0.9041
Z 0.4920 0.8568 -0.1544

PART 26
OFFSET 24.8412 -4.4256 -7.5172
SCALE 1 1 1
X 0.6696 -0.5178 0.5325
Y -0.3141 0.4522 0.8348
Z -0.6731 -0.7262 0.1402

PART 27
OFFSET 26.0201 -5.3373 -6.5797
SCALE 1 1 1
X 0.3884 -0.2318 0.8919
Y -0.6449 0.6229 0.4428
Z -0.6582 -0.7472 0.0924

PART 28
OFFSET 26.5323 -5.5737 -5.5011
SCALE 1 1 1
X -0.3984 0.5084 0.7635
Y -0.6547 0.4254 -0.6249
Z -0.6424 -0.7487 0.1634

PART 29
OFFSET -9.8286 -3.2226 -3.6867
SCALE 1 1 1
X -0.6967 0.4766 0.5361
Y -0.3173 -0.8750 0.3656
Z 0.6434 0.0846 0.7608

PART 30
OFFSET -1.4030 -8.9869 -10.1708
SCALE 1 1 1
X -0.9547 -0.2434 -0.1712
Y 0.2925 -0.6611 -0.6909
Z 0.0550 -0.7097 0.7024

PART 31
OFFSET 6.7171 -6.9166 -8.7146
SCALE 1 1 1
X -0.9547 -0.2434 -0.1712
Y 0.2324 -0.2506 -0.9398
Z 0.1859 -0.9370 0.2958

PART 32
OFFSET 7.8331 -5.2512 -8.9065
SCALE 1 1 1
X -0.9566 -0.2375 -0.1690
Y -0.0565 0.7198 -0.6919
Z 0.2860 -0.6523 -0.7020

PART 33
OFFSET 7.9762 -5.0872 -7.6978
SCALE 1 1 1
X -0.9566 -0.2375 -0.1690
Y -0.0565 0.7198 -0.6919
Z 0.2860 -0.6523 -0.7020

PART 34
OFFSET 8.1904 -6.1802 -6.7612
SCALE 1 1 1
X -0.9566 -0.2375 -0.1690
Y -0.0565 0.7198 -0.6919
Z 0.2860 -0.6523 -0.7020

PART 35
OFFSET 9.6439 -6.1704 -8.1898
SCALE 1 1 1
X -0.9767 -0.1127 -0.1828
Y 0.2043 -0.2248 -0.9528
Z 0.0663 -0.9679 0.2426

PART 36
OFFSET 9.8589 -5.5054 -7.2877
SCALE 1 1 1
X -0.6235 -0.7074 -0.3330
Y 0.6905 -0.2984 -0.6589
Z 0.3667 -0.6408 0.6745

PART 37
OFFSET 11.1150 -3.9134 -6.5408
SCALE 1 1 1
X -0.9910 -0.1251 0.0466
Y 0.0673 -0.7693 -0.6353
Z 0.1153 -0.6265 0.7709

PART 38
OFFSET 12.7059 -3.6872 -6.7403
SCALE 1 1 1
X -0.8251 0.2469 0.5082
Y -0.5084 -0.7168 -0.4771
Z 0.2465 -0.6521 0.7170

PART 39
OFFSET 13.5955 -3.9122 -7.3146
SCALE 1 1 1
X -0.8722 0.4534 -0.1837
Y 0.4414 0.5672 -0.6953
Z -0.2110 -0.6875 -0.6948

PART 40
OFFSET 10.6757 -6.1202 -9.1043
SCALE 1 1 1
X -0.9146 -0.0056 0.4044
Y 0.1287 -0.9519 0.2779
Z 0.3834 0.3062 0.8713

PART 41
OFFSET 12.7706 -5.9462 -9.9201
SCALE 1 1 1
X -0.2340 -0.9719 0.0265
Y 0.8816 -0.2236 -0.4157
Z 0.4100 -0.0739 0.9091

PART 42
OFFSET 13.1019 -4.5702 -9.9576
SCALE 1 1 1
X 0.8095 -0.4412 -0.3874
Y 0.4510 0.8897 -0.0710
Z 0.3760 -0.1173 0.9192

PART 43
OFFSET 12.3842 -4.1791 -9.6141
SCALE 1 1 1
X 0.8654 0.3535 -0.3553
Y -0.3046 0.9339 0.1871
Z 0.3979 -0.0537 0.9158

PART 44
OFFSET 11.5621 -4.5149 -9.2766
SCALE 1 1 1
X -0.5282 -0.8489 0.0218
Y -0.7366 0.4708 0.4856
Z -0.4225 0.2404 -0.8739

PART 45
OFFSET 10.7640 -6.0811 -8.3970
SCALE 1 1 1
X -0.9918 -0.0440 0.1201
Y 0.0772 -0.9546 0.2879
Z 0.1020 0.2948 0.9501

PART 46
OFFSET 13.3246 -6.0317 -8.8435
SCALE 1 1 1
X -0.1086 -0.9911 0.0766
Y 0.9603 -0.1245 -0.2496
Z 0.2569 0.0464 0.9653

PART 47
OFFSET 13.5095 -4.3443 -8.9738
SCALE 1 1 1
X 0.9215 -0.3154 -0.2269
Y 0.3008 0.9487 -0.0970
Z 0.2458 0.0211 0.9691

PART 48
OFFSET 12.2325 -3.9072 -8.6594
SCALE 1 1 1
X 0.8863 0.4027 -0.2285
Y -0.3960 0.9150 0.0765
Z 0.2399 0.0227 0.9705

PART 49
OFFSET 11.2712 -4.3440 -8.4116
SCALE 1 1 1
X -0.4882 -0.8515 0.1913
Y -0.8424 0.5170 0.1519
Z -0.2282 -0.0870 -0.9697

PART 50
OFFSET 5.4418 -6.9680 -8.0149
SCALE 1 1 1
X -0.9400 -0.3317 0.0797
Y -0.3392 0.8838 -0.3223
Z 0.0364 -0.3300 -0.9433

PART 51
OFFSET 13.3201 -5.9215 -6.6687
SCALE 1 1 1
X -0.9342 -0.3536 -0.0472
Y 0.3302 -0.9073 0.2602
Z -0.1348 0.2274 0.9644

PART 52
OFFSET 14.9649 -5.2989 -6.5856
SCALE 1 1 1
X -0.5851 -0.7984 0.1423
Y 0.7973 -0.5343 0.2808
Z -0.1482 0.2777 0.9492

PART 53
OFFSET 15.6672 -4.3115 -6.7009
SCALE 1 1 1
X 0.1765 -0.9545 0.2404
Y 0.9691 0.2113 0.1275
Z -0.1725 0.2105 0.9623

PART 54
OFFSET 15.4678 -3.2334 -6.9724
SCALE 1 1 1
X -0.9808 0.1791 0.0773
Y 0.1461 0.9369 -0.3177
Z -0.1294 -0.3003 -0.9450

PART 55
OFFSET 13.4256 -6.0037 -7.7653
SCALE 1 1 1
X -0.1279 -0.9903 0.0547
Y 0.9902 -0.1243 0.0643
Z -0.0568 0.0624 0.9964

PART 56
OFFSET 13.6755 -4.0692 -7.8722
SCALE 1 1 1
X 0.8920 -0.4458 0.0755
Y 0.4508 0.8897 -0.0729
Z -0.0347 0.0991 0.9945

PART 57
OFFSET 21.7894 -4.4420 -7.0354
SCALE 1 1 1
X 0.7946 -0.5834 0.1679
Y -0.0260 0.2436 0.9695
Z -0.6066 -0.7748 0.1784

PART 58
OFFSET 21.7894 -4.4420 -7.0354
SCALE 1 1 1
X 0.7946 -0.5834 0.1679
Y -0.0260 0.2436 0.9695
Z -0.6066 -0.7748 0.1784

PART 59
OFFSET 10.7640 -6.0811 -8.3970
SCALE 1 1 1
X -0.9918 -0.0440 0.1201
Y 0.0772 -0.9546 0.2879
Z 0.1020 0.2948 0.9501

PART 60
OFFSET 10.7640 -6.0811 -8.3970
SCALE 1 1 1
X -0.9918 -0.0440 0.1201
Y 0.0772 -0.9546 0.2879
Z 0.1020 0.2948 0.9501

PART 61
OFFSET 7.5573 -3.0450 -0.6380
SCALE 1 1 1
X 0.9999 0.0121 -0.0023
Y -0.0122 0.9983 -0.0570
Z 0.0016 0.0570 0.9984

PART 62
OFFSET 4.9035 7.2392 -9.1820
SCALE 1 1 1
X 0.8967 -0.2366 -0.3741
Y -0.2951 -0.9495 -0.1069
Z -0.3299 0.2063 -0.9212

PART 63
OFFSET 15.7484 4.3784 -13.7060
SCALE 1 1 1
X 0.4469 -0.7023 0.5542
Y -0.7888 -0.0171 0.6144
Z -0.4220 -0.7117 -0.5616

PART 64
OFFSET 19.5494 -1.5947 -8.9924
SCALE 1 1 1
X 0.4469 -0.7023 0.5542
Y 0.8819 0.4497 -0.1414
Z -0.1499 0.5519 0.8203

PART 65
OFFSET 21.4778 -1.2417 -7.5802
SCALE 1 1 1
X 0.4528 -0.7002 0.5520
Y 0.4320 0.7139 0.5511
Z -0.7800 -0.0110 0.6257

PART 66
OFFSET 12.3727 -3.4181 -7.9825
SCALE 1 1 1
X 0.8899 0.4543 -0.0412
Y -0.4549 0.8768 -0.1558
Z -0.0347 0.1574 0.9869

PART 67
OFFSET 11.3648 -3.9332 -7.9430
SCALE 1 1 1
X -0.3896 -0.9185 0.0680
Y -0.9209 0.3892 -0.0189
Z -0.0091 -0.0700 -0.9975

PART 68
OFFSET 0.0000 0.0000 0.0000
SCALE 1 1 1
X 1.0000 0.0000 0.0000
Y 0.0000 1.0000 0.0000
Z 0.0000 0.0000 1.0000

PART 69
OFFSET 0.0000 0.0000 0.0000
SCALE 1 1 1
X 1.0000 0.0000 0.0000
Y 0.0000 1.0000 0.0000
Z 0.0000 0.0000 1.0000

PART 70
OFFSET 1.5404 0.0000 4.1357
SCALE 1 1 1
X 1.0000 0.0000 0.0000
Y 0.0000 1.0000 0.0000
Z 0.0000 0.0000 1.0000

PART 71
OFFSET 14.2078 -4.5495 -5.8743
SCALE 1 1 1
X 0.9996 0.0137 0.0251
Y -0.0122 0.9983 -0.0570
Z -0.0258 0.0566 0.9981

PART 72
OFFSET 12.6629 -5.3692 -4.0259
SCALE 1 1 1
X -0.0608 -0.7937 0.6052
Y 0.9981 -0.0545 0.0289
Z 0.0100 0.6058 0.7955

PART 73
OFFSET 12.6952 -5.4802 -3.7290
SCALE 1 1 1
X 0.9989 0.0148 0.0455
Y -0.0122 0.9983 -0.0570
Z -0.0463 0.0563 0.9973

PART 74
OFFSET 28.5318 -4.1992 -3.6972
SCALE 1 1 1
X 0.9996 0.0137 0.0251
Y -0.0122 0.9983 -0.0570
Z -0.0258 0.0566 0.9981

PART 75
OFFSET 17.6380 -4.4972 -5.8918
SCALE 1 1 1
X 0.9996 0.0137 0.0251
Y -0.0122 0.9983 -0.0570
Z -0.0258 0.0566 0.9981


NOTETRACKS

PART 0
NUMTRACKS 0

PART 1
NUMTRACKS 0

PART 2
NUMTRACKS 0

PART 3
NUMTRACKS 0

PART 4
NUMTRACKS 0

PART 5
NUMTRACKS 0

PART 6
NUMTRACKS 0

PART 7
NUMTRACKS 0

PART 8
NUMTRACKS 0

PART 9
NUMTRACKS 0

PART 10
NUMTRACKS 0

PART 11
NUMTRACKS 0

PART 12
NUMTRACKS 0

PART 13
NUMTRACKS 0

PART 14
NUMTRACKS 0

PART 15
NUMTRACKS 0

PART 16
NUMTRACKS 0

PART 17
NUMTRACKS 0

PART 18
NUMTRACKS 0

PART 19
NUMTRACKS 0

PART 20
NUMTRACKS 0

PART 21
NUMTRACKS 0

PART 22
NUMTRACKS 0

PART 23
NUMTRACKS 0

PART 24
NUMTRACKS 0

PART 25
NUMTRACKS 0

PART 26
NUMTRACKS 0

PART 27
NUMTRACKS 0

PART 28
NUMTRACKS 0

PART 29
NUMTRACKS 0

PART 30
NUMTRACKS 0

PART 31
NUMTRACKS 0

PART 32
NUMTRACKS 0

PART 33
NUMTRACKS 0

PART 34
NUMTRACKS 0

PART 35
NUMTRACKS 0

PART 36
NUMTRACKS 0

PART 37
NUMTRACKS 0

PART 38
NUMTRACKS 0

PART 39
NUMTRACKS 0

PART 40
NUMTRACKS 0

PART 41
NUMTRACKS 0

PART 42
NUMTRACKS 0

PART 43
NUMTRACKS 0

PART 44
NUMTRACKS 0

PART 45
NUMTRACKS 0

PART 46
NUMTRACKS 0

PART 47
NUMTRACKS 0

PART 48
NUMTRACKS 0

PART 49
NUMTRACKS 0

PART 50
NUMTRACKS 0

PART 51
NUMTRACKS 0

PART 52
NUMTRACKS 0

PART 53
NUMTRACKS 0

PART 54
NUMTRACKS 0

PART 55
NUMTRACKS 0

PART 56
NUMTRACKS 0

PART 57
NUMTRACKS 0

PART 58
NUMTRACKS 0

PART 59
NUMTRACKS 0

PART 60
NUMTRACKS 0

PART 61
NUMTRACKS 0

PART 62
NUMTRACKS 0

PART 63
NUMTRACKS 0

PART 64
NUMTRACKS 0

PART 65
NUMTRACKS 0

PART 66
NUMTRACKS 0

PART 67
NUMTRACKS 0

PART 68
NUMTRACKS 0

PART 69
NUMTRACKS 0

PART 70
NUMTRACKS 0

PART 71
NUMTRACKS 0

PART 72
NUMTRACKS 0

PART 73
NUMTRACKS 0

PART 74
NUMTRACKS 0

PART 75
NUMTRACKS 0

