// Export filename: `C:/cod5/cod/cod5/xanim_export/viewmodel/US/thompson/thompson_putaway_empty.XANIM_EXPORT`
// Source filename: `C:/cod5/cod/cod5/animation_assets/viewmodel/US/thompson/viewmodelanimation_thompson.mb`
// Export time: Tue Aug 26 15:24:39 2008

ANIMATION
VERSION 3

NUMPARTS 76
PART 0 "J_PinkyPalm_LE"
PART 1 "J_Pinky_LE_0"
PART 2 "J_Pinky_LE_1"
PART 3 "J_Pinky_LE_2"
PART 4 "J_Pinky_LE_3"
PART 5 "J_RingPalm_LE"
PART 6 "J_Ring_LE_0"
PART 7 "J_Ring_LE_1"
PART 8 "J_Ring_LE_2"
PART 9 "J_Ring_LE_3"
PART 10 "J_Webbing_LE"
PART 11 "J_Index_LE_0"
PART 12 "J_Index_LE_1"
PART 13 "J_Index_LE_2"
PART 14 "J_Index_LE_3"
PART 15 "J_Mid_LE_0"
PART 16 "J_Mid_LE_1"
PART 17 "J_Mid_LE_2"
PART 18 "J_Mid_LE_3"
PART 19 "tag_weapon"
PART 20 "J_Shoulder_RI"
PART 21 "J_Elbow_RI"
PART 22 "J_WristTwist_RI"
PART 23 "J_Sleave_Reshape_Top_RI_3"
PART 24 "J_Sleave_Reshape_Top_RI_2"
PART 25 "J_Sleave_Reshape_Top_RI_1"
PART 26 "J_Wrist_RI"
PART 27 "J_Thumb_RI_0"
PART 28 "RingPalm_FK_LE"
PART 29 "RingPalm_SDK_LE"
PART 30 "J_Thumb_RI_1"
PART 31 "J_Thumb_RI_2"
PART 32 "J_Thumb_RI_3"
PART 33 "J_PinkyPalm_RI"
PART 34 "J_Pinky_RI_0"
PART 35 "J_Pinky_RI_1"
PART 36 "J_Pinky_RI_2"
PART 37 "J_Pinky_RI_3"
PART 38 "J_RingPalm_RI"
PART 39 "J_Ring_RI_0"
PART 40 "J_Ring_RI_1"
PART 41 "J_Ring_RI_2"
PART 42 "J_Ring_RI_3"
PART 43 "J_Webbing_RI"
PART 44 "J_Index_RI_0"
PART 45 "J_Index_RI_1"
PART 46 "J_Index_RI_2"
PART 47 "J_Index_RI_3"
PART 48 "J_Mid_RI_0"
PART 49 "J_Mid_RI_1"
PART 50 "J_Mid_RI_2"
PART 51 "J_Mid_RI_3"
PART 52 "tag_cambone"
PART 53 "tag_camera"
PART 54 "tag_gasmask"
PART 55 "RingPalm_FK_RI"
PART 56 "RingPalm_SDK_RI"
PART 57 "tag_torso"
PART 58 "J_Shoulder_LE"
PART 59 "J_Elbow_LE"
PART 60 "J_WristTwist_LE"
PART 61 "J_Sleave_Reshape_Bottom_LE_1"
PART 62 "J_Sleave_Reshape_Bottom_LE_2"
PART 63 "J_Sleave_Reshape_Top_LE_1"
PART 64 "J_Sleave_Reshape_Top_LE_2"
PART 65 "J_Sleave_Reshape_Top_LE_3"
PART 66 "J_Wrist_LE"
PART 67 "J_Thumb_LE_0"
PART 68 "J_Thumb_LE_1"
PART 69 "J_Thumb_LE_2"
PART 70 "J_Thumb_LE_3"
PART 71 "J_Gun"
PART 72 "tag_brass"
PART 73 "J_Bolt"
PART 74 "tag_flash"
PART 75 "J_Clip"

FRAMERATE 30
NUMFRAMES 11

FRAME 360
PART 0
OFFSET 21.3614 -4.9338 -6.7448
SCALE 1 1 1
X 0.6331 -0.7286 0.2614
Y -0.0331 0.3119 0.9495
Z -0.7734 -0.6098 0.1733

PART 1
OFFSET 22.8924 -6.4438 -6.0663
SCALE 1 1 1
X 0.6217 -0.0001 0.7833
Y -0.4965 0.7734 0.3941
Z -0.6059 -0.6339 0.4808

PART 2
OFFSET 23.7726 -6.4439 -4.9574
SCALE 1 1 1
X -0.6229 0.7385 0.2582
Y -0.5448 -0.1726 -0.8206
Z -0.5615 -0.6518 0.5098

PART 3
OFFSET 23.2203 -5.7891 -4.7284
SCALE 1 1 1
X -0.7780 0.3242 -0.5381
Y 0.2133 -0.6694 -0.7117
Z -0.5909 -0.6685 0.4516

PART 4
OFFSET 22.4812 -5.4811 -5.2397
SCALE 1 1 1
X 0.5466 0.2689 0.7930
Y 0.5870 -0.7984 -0.1339
Z 0.5972 0.5387 -0.5943

PART 5
OFFSET 21.7894 -4.4420 -7.0354
SCALE 1 1 1
X 0.7946 -0.5834 0.1679
Y -0.0260 0.2436 0.9695
Z -0.6066 -0.7748 0.1784

PART 6
OFFSET 23.7622 -6.0766 -6.5945
SCALE 1 1 1
X 0.5178 -0.1274 0.8460
Y -0.5478 0.7102 0.4422
Z -0.6572 -0.6924 0.2979

PART 7
OFFSET 24.6437 -6.2936 -5.1542
SCALE 1 1 1
X -0.6894 0.7042 0.1698
Y -0.3420 -0.1098 -0.9333
Z -0.6385 -0.7015 0.3165

PART 8
OFFSET 23.6881 -5.3177 -4.9189
SCALE 1 1 1
X -0.5494 0.1237 -0.8263
Y 0.5442 -0.6975 -0.4663
Z -0.6341 -0.7058 0.3159

PART 9
OFFSET 23.0923 -5.1835 -5.8151
SCALE 1 1 1
X 0.1081 0.2623 0.9589
Y 0.7874 -0.6114 0.0785
Z 0.6068 0.7466 -0.2726

PART 10
OFFSET 24.3595 -3.1570 -6.9343
SCALE 1 1 1
X 0.8246 -0.4017 0.3984
Y 0.2794 -0.3233 -0.9041
Z 0.4920 0.8568 -0.1544

PART 11
OFFSET 24.8412 -4.4256 -7.5172
SCALE 1 1 1
X 0.6696 -0.5178 0.5325
Y -0.3141 0.4522 0.8348
Z -0.6731 -0.7262 0.1402

PART 12
OFFSET 26.0201 -5.3373 -6.5797
SCALE 1 1 1
X 0.3884 -0.2318 0.8919
Y -0.6449 0.6229 0.4428
Z -0.6582 -0.7472 0.0924

PART 13
OFFSET 26.5323 -5.5737 -5.5011
SCALE 1 1 1
X -0.3984 0.5084 0.7635
Y -0.6547 0.4254 -0.6249
Z -0.6424 -0.7487 0.1634

PART 14
OFFSET 26.0823 -4.9995 -4.6388
SCALE 1 1 1
X 0.5400 -0.7601 0.3615
Y 0.2665 -0.2530 -0.9300
Z 0.7984 0.5986 0.0660

PART 15
OFFSET 24.3801 -5.3233 -7.0678
SCALE 1 1 1
X 0.7278 -0.5011 0.4682
Y -0.2571 0.4336 0.8637
Z -0.6358 -0.7489 0.1867

PART 16
OFFSET 25.8019 -6.3022 -6.1532
SCALE 1 1 1
X -0.3663 0.5330 0.7627
Y -0.6475 0.4426 -0.6203
Z -0.6682 -0.7211 0.1830

PART 17
OFFSET 25.2668 -5.5236 -5.0392
SCALE 1 1 1
X -0.6586 0.5458 -0.5180
Y 0.2973 -0.4437 -0.8454
Z -0.6913 -0.7108 0.1299

PART 18
OFFSET 24.5158 -4.9102 -5.6244
SCALE 1 1 1
X 0.3593 -0.0897 0.9289
Y 0.5981 -0.7419 -0.3030
Z 0.7164 0.6644 -0.2129

PART 19
OFFSET 14.2078 -4.5495 -5.8743
SCALE 1 1 1
X 0.9996 0.0137 0.0251
Y -0.0122 0.9983 -0.0570
Z -0.0258 0.0566 0.9981

PART 20
OFFSET -9.8286 -3.2226 -3.6867
SCALE 1 1 1
X -0.6967 0.4766 0.5361
Y -0.3173 -0.8750 0.3656
Z 0.6434 0.0846 0.7608

PART 21
OFFSET -1.4030 -8.9869 -10.1708
SCALE 1 1 1
X -0.9547 -0.2434 -0.1712
Y 0.2925 -0.6611 -0.6909
Z 0.0550 -0.7097 0.7024

PART 22
OFFSET 6.7171 -6.9166 -8.7146
SCALE 1 1 1
X -0.9547 -0.2434 -0.1712
Y 0.2324 -0.2506 -0.9398
Z 0.1859 -0.9370 0.2958

PART 23
OFFSET 7.8331 -5.2512 -8.9065
SCALE 1 1 1
X -0.9566 -0.2375 -0.1690
Y -0.0565 0.7198 -0.6919
Z 0.2860 -0.6523 -0.7020

PART 24
OFFSET 7.9762 -5.0872 -7.6978
SCALE 1 1 1
X -0.9566 -0.2375 -0.1690
Y -0.0565 0.7198 -0.6919
Z 0.2860 -0.6523 -0.7020

PART 25
OFFSET 8.1904 -6.1802 -6.7612
SCALE 1 1 1
X -0.9566 -0.2375 -0.1690
Y -0.0565 0.7198 -0.6919
Z 0.2860 -0.6523 -0.7020

PART 26
OFFSET 9.6439 -6.1704 -8.1898
SCALE 1 1 1
X -0.9767 -0.1127 -0.1828
Y 0.2043 -0.2248 -0.9528
Z 0.0663 -0.9679 0.2426

PART 27
OFFSET 9.8589 -5.5054 -7.2877
SCALE 1 1 1
X -0.6235 -0.7074 -0.3330
Y 0.6905 -0.2984 -0.6589
Z 0.3667 -0.6408 0.6745

PART 28
OFFSET 21.7894 -4.4420 -7.0354
SCALE 1 1 1
X 0.7946 -0.5834 0.1679
Y -0.0260 0.2436 0.9695
Z -0.6066 -0.7748 0.1784

PART 29
OFFSET 21.7894 -4.4420 -7.0354
SCALE 1 1 1
X 0.7946 -0.5834 0.1679
Y -0.0260 0.2436 0.9695
Z -0.6066 -0.7748 0.1784

PART 30
OFFSET 11.1150 -3.9134 -6.5408
SCALE 1 1 1
X -0.9910 -0.1251 0.0466
Y 0.0673 -0.7693 -0.6353
Z 0.1153 -0.6265 0.7709

PART 31
OFFSET 12.7059 -3.6872 -6.7403
SCALE 1 1 1
X -0.8251 0.2469 0.5082
Y -0.5084 -0.7168 -0.4771
Z 0.2465 -0.6521 0.7170

PART 32
OFFSET 13.5955 -3.9122 -7.3146
SCALE 1 1 1
X -0.8722 0.4534 -0.1837
Y 0.4414 0.5672 -0.6953
Z -0.2110 -0.6875 -0.6948

PART 33
OFFSET 10.6757 -6.1202 -9.1043
SCALE 1 1 1
X -0.9181 0.0235 0.3957
Y 0.1007 -0.9517 0.2901
Z 0.3834 0.3062 0.8713

PART 34
OFFSET 12.7819 -6.0116 -9.9021
SCALE 1 1 1
X -0.2601 -0.9649 0.0355
Y 0.8791 -0.2518 -0.4047
Z 0.3995 -0.0740 0.9138

PART 35
OFFSET 13.1501 -4.6454 -9.9524
SCALE 1 1 1
X 0.8009 -0.4671 -0.3746
Y 0.4752 0.8765 -0.0770
Z 0.3643 -0.1163 0.9240

PART 36
OFFSET 12.4400 -4.2313 -9.6203
SCALE 1 1 1
X 0.8777 0.3261 -0.3511
Y -0.2813 0.9438 0.1734
Z 0.3879 -0.0534 0.9201

PART 37
OFFSET 11.6061 -4.5411 -9.2867
SCALE 1 1 1
X -0.5508 -0.8342 0.0266
Y -0.7282 0.4959 0.4731
Z -0.4079 0.2412 -0.8806

PART 38
OFFSET 10.7640 -6.0811 -8.3970
SCALE 1 1 1
X -0.9934 -0.0197 0.1127
Y 0.0520 -0.9554 0.2908
Z 0.1020 0.2948 0.9501

PART 39
OFFSET 13.3283 -6.0948 -8.8243
SCALE 1 1 1
X -0.1331 -0.9880 0.0782
Y 0.9589 -0.1484 -0.2420
Z 0.2507 0.0428 0.9671

PART 40
OFFSET 13.5550 -4.4127 -8.9575
SCALE 1 1 1
X 0.9152 -0.3382 -0.2191
Y 0.3244 0.9409 -0.0971
Z 0.2390 0.0178 0.9709

PART 41
OFFSET 12.2866 -3.9441 -8.6538
SCALE 1 1 1
X 0.8975 0.3805 -0.2228
Y -0.3743 0.9246 0.0712
Z 0.2331 0.0195 0.9722

PART 42
OFFSET 11.3132 -4.3568 -8.4121
SCALE 1 1 1
X -0.5100 -0.8390 0.1897
Y -0.8307 0.5377 0.1442
Z -0.2230 -0.0840 -0.9712

PART 43
OFFSET 5.4418 -6.9680 -8.0149
SCALE 1 1 1
X -0.9400 -0.3317 0.0797
Y -0.3392 0.8838 -0.3223
Z 0.0364 -0.3300 -0.9433

PART 44
OFFSET 13.3201 -5.9215 -6.6687
SCALE 1 1 1
X -0.9342 -0.3536 -0.0472
Y 0.3302 -0.9073 0.2602
Z -0.1348 0.2274 0.9644

PART 45
OFFSET 14.9649 -5.2989 -6.5856
SCALE 1 1 1
X -0.5851 -0.7984 0.1423
Y 0.7973 -0.5343 0.2808
Z -0.1482 0.2777 0.9492

PART 46
OFFSET 15.6672 -4.3115 -6.7009
SCALE 1 1 1
X 0.1765 -0.9545 0.2404
Y 0.9691 0.2113 0.1275
Z -0.1725 0.2105 0.9623

PART 47
OFFSET 15.4678 -3.2334 -6.9724
SCALE 1 1 1
X -0.9808 0.1791 0.0773
Y 0.1461 0.9369 -0.3177
Z -0.1294 -0.3003 -0.9450

PART 48
OFFSET 13.4256 -6.0037 -7.7653
SCALE 1 1 1
X -0.1279 -0.9903 0.0547
Y 0.9902 -0.1243 0.0643
Z -0.0568 0.0624 0.9964

PART 49
OFFSET 13.6755 -4.0692 -7.8722
SCALE 1 1 1
X 0.8920 -0.4458 0.0755
Y 0.4508 0.8897 -0.0729
Z -0.0347 0.0991 0.9945

PART 50
OFFSET 12.3727 -3.4181 -7.9825
SCALE 1 1 1
X 0.8899 0.4543 -0.0412
Y -0.4549 0.8768 -0.1558
Z -0.0347 0.1574 0.9869

PART 51
OFFSET 11.3648 -3.9332 -7.9430
SCALE 1 1 1
X -0.3896 -0.9185 0.0680
Y -0.9209 0.3892 -0.0189
Z -0.0091 -0.0700 -0.9975

PART 52
OFFSET 0.0000 0.0000 0.0000
SCALE 1 1 1
X 1.0000 0.0000 0.0000
Y 0.0000 1.0000 0.0000
Z 0.0000 0.0000 1.0000

PART 53
OFFSET 0.0000 0.0000 0.0000
SCALE 1 1 1
X 1.0000 0.0000 0.0000
Y 0.0000 1.0000 0.0000
Z 0.0000 0.0000 1.0000

PART 54
OFFSET 1.5404 0.0000 4.1357
SCALE 1 1 1
X 1.0000 0.0000 0.0000
Y 0.0000 1.0000 0.0000
Z 0.0000 0.0000 1.0000

PART 55
OFFSET 10.7640 -6.0811 -8.3970
SCALE 1 1 1
X -0.9934 -0.0197 0.1127
Y 0.0520 -0.9554 0.2908
Z 0.1020 0.2948 0.9501

PART 56
OFFSET 10.7640 -6.0811 -8.3970
SCALE 1 1 1
X -0.9934 -0.0197 0.1127
Y 0.0520 -0.9554 0.2908
Z 0.1020 0.2948 0.9501

PART 57
OFFSET 7.5573 -3.0450 -0.6380
SCALE 1 1 1
X 0.9999 0.0121 -0.0023
Y -0.0122 0.9983 -0.0570
Z 0.0016 0.0570 0.9984

PART 58
OFFSET 4.9035 7.2392 -9.1820
SCALE 1 1 1
X 0.8967 -0.2366 -0.3741
Y -0.2951 -0.9495 -0.1069
Z -0.3299 0.2063 -0.9212

PART 59
OFFSET 15.7484 4.3784 -13.7060
SCALE 1 1 1
X 0.4469 -0.7023 0.5542
Y -0.7888 -0.0171 0.6144
Z -0.4220 -0.7117 -0.5616

PART 60
OFFSET 19.5494 -1.5947 -8.9924
SCALE 1 1 1
X 0.4469 -0.7023 0.5542
Y 0.8819 0.4497 -0.1414
Z -0.1499 0.5519 0.8203

PART 61
OFFSET 21.4778 -1.2417 -7.5802
SCALE 1 1 1
X 0.4528 -0.7002 0.5520
Y 0.4320 0.7139 0.5511
Z -0.7800 -0.0110 0.6257

PART 62
OFFSET 20.6848 -2.8052 -9.6120
SCALE 1 1 1
X 0.4528 -0.7002 0.5520
Y 0.4320 0.7139 0.5511
Z -0.7800 -0.0110 0.6257

PART 63
OFFSET 19.6400 -1.9180 -5.8933
SCALE 1 1 1
X 0.4528 -0.7002 0.5520
Y 0.4320 0.7139 0.5511
Z -0.7800 -0.0110 0.6257

PART 64
OFFSET 18.7041 -3.0543 -6.7012
SCALE 1 1 1
X 0.4528 -0.7002 0.5520
Y 0.4320 0.7139 0.5511
Z -0.7800 -0.0110 0.6257

PART 65
OFFSET 18.4668 -3.8769 -8.4159
SCALE 1 1 1
X 0.4528 -0.7002 0.5520
Y 0.4320 0.7139 0.5511
Z -0.7800 -0.0110 0.6257

PART 66
OFFSET 20.9195 -3.7476 -7.2935
SCALE 1 1 1
X 0.9426 -0.3228 0.0853
Y 0.3337 0.9050 -0.2637
Z 0.0079 0.2770 0.9608

PART 67
OFFSET 21.6688 -2.9056 -7.1151
SCALE 1 1 1
X 0.8286 0.0334 0.5588
Y 0.2217 0.8970 -0.3825
Z -0.5140 0.4408 0.7358

PART 68
OFFSET 23.4505 -2.7194 -5.9065
SCALE 1 1 1
X 0.8505 -0.1864 0.4918
Y 0.2656 0.9593 -0.0958
Z -0.4540 0.2121 0.8654

PART 69
OFFSET 24.7568 -3.0537 -5.0099
SCALE 1 1 1
X 0.7998 -0.1054 0.5909
Y 0.2568 0.9499 -0.1782
Z -0.5425 0.2942 0.7868

PART 70
OFFSET 25.6013 -3.1381 -4.3379
SCALE 1 1 1
X 0.9918 -0.0710 -0.1060
Y -0.1266 -0.4469 -0.8856
Z 0.0155 0.8918 -0.4523

PART 71
OFFSET 14.2078 -4.5495 -5.8743
SCALE 1 1 1
X 0.9996 0.0137 0.0251
Y -0.0122 0.9983 -0.0570
Z -0.0258 0.0566 0.9981

PART 72
OFFSET 12.6629 -5.3692 -4.0259
SCALE 1 1 1
X -0.0608 -0.7937 0.6052
Y 0.9981 -0.0545 0.0289
Z 0.0100 0.6058 0.7955

PART 73
OFFSET 15.3917 -5.4406 -3.6141
SCALE 1 1 1
X 0.9989 0.0148 0.0455
Y -0.0122 0.9983 -0.0570
Z -0.0463 0.0563 0.9973

PART 74
OFFSET 28.5318 -4.1992 -3.6972
SCALE 1 1 1
X 0.9996 0.0137 0.0251
Y -0.0122 0.9983 -0.0570
Z -0.0258 0.0566 0.9981

PART 75
OFFSET 17.6380 -4.4972 -5.8918
SCALE 1 1 1
X 0.9996 0.0137 0.0251
Y -0.0122 0.9983 -0.0570
Z -0.0258 0.0566 0.9981


FRAME 361
PART 0
OFFSET 21.4441 -5.0508 -6.7702
SCALE 1 1 1
X 0.6273 -0.7127 0.3138
Y -0.1010 0.3250 0.9403
Z -0.7722 -0.6216 0.1319

PART 1
OFFSET 22.9537 -6.5219 -5.9692
SCALE 1 1 1
X 0.5687 0.0230 0.8222
Y -0.5349 0.7697 0.3485
Z -0.6248 -0.6380 0.4500

PART 2
OFFSET 23.7589 -6.4893 -4.8051
SCALE 1 1 1
X -0.6515 0.7304 0.2051
Y -0.4865 -0.1947 -0.8517
Z -0.5822 -0.6547 0.4822

PART 3
OFFSET 23.1813 -5.8417 -4.6232
SCALE 1 1 1
X -0.7466 0.3017 -0.5930
Y 0.2715 -0.6756 -0.6855
Z -0.6074 -0.6727 0.4225

PART 4
OFFSET 22.4720 -5.5551 -5.1866
SCALE 1 1 1
X 0.4884 0.2906 0.8228
Y 0.6086 -0.7892 -0.0825
Z 0.6253 0.5411 -0.5623

PART 5
OFFSET 21.8815 -4.5554 -7.0400
SCALE 1 1 1
X 0.7921 -0.5659 0.2288
Y -0.0941 0.2572 0.9618
Z -0.6032 -0.7833 0.1505

PART 6
OFFSET 23.8497 -6.1463 -6.4450
SCALE 1 1 1
X 0.4632 -0.1053 0.8800
Y -0.5882 0.7062 0.3941
Z -0.6630 -0.7001 0.2651

PART 7
OFFSET 24.6382 -6.3256 -4.9468
SCALE 1 1 1
X -0.7115 0.6935 0.1131
Y -0.2779 -0.1298 -0.9518
Z -0.6454 -0.7086 0.2851

PART 8
OFFSET 23.6522 -5.3644 -4.7900
SCALE 1 1 1
X -0.4960 0.1013 -0.8624
Y 0.5859 -0.6939 -0.4185
Z -0.6409 -0.7129 0.2848

PART 9
OFFSET 23.1143 -5.2545 -5.7253
SCALE 1 1 1
X 0.0401 0.2783 0.9597
Y 0.7913 -0.5953 0.1395
Z 0.6101 0.7538 -0.2441

PART 10
OFFSET 24.4162 -3.2213 -6.7911
SCALE 1 1 1
X 0.8036 -0.3803 0.4579
Y 0.3439 -0.3312 -0.8787
Z 0.4858 0.8635 -0.1353

PART 11
OFFSET 24.9577 -4.4890 -7.3210
SCALE 1 1 1
X 0.6422 -0.4974 0.5833
Y -0.3763 0.4584 0.8052
Z -0.6679 -0.7365 0.1072

PART 12
OFFSET 26.0883 -5.3647 -6.2940
SCALE 1 1 1
X 0.3329 -0.2114 0.9189
Y -0.6836 0.6171 0.3897
Z -0.6495 -0.7579 0.0609

PART 13
OFFSET 26.5326 -5.5757 -5.1806
SCALE 1 1 1
X -0.4566 0.5119 0.7276
Y -0.6196 0.4039 -0.6730
Z -0.6384 -0.7582 0.1328

PART 14
OFFSET 26.0168 -4.9974 -4.3588
SCALE 1 1 1
X 0.5284 -0.7445 0.4081
Y 0.3315 -0.2615 -0.9065
Z 0.7816 0.6143 0.1086

PART 15
OFFSET 24.4839 -5.3885 -6.8887
SCALE 1 1 1
X 0.7042 -0.4805 0.5227
Y -0.3210 0.4413 0.8380
Z -0.6333 -0.7579 0.1565

PART 16
OFFSET 25.8596 -6.3271 -5.8675
SCALE 1 1 1
X -0.4251 0.5372 0.7285
Y -0.6131 0.4213 -0.6683
Z -0.6659 -0.7307 0.1503

PART 17
OFFSET 25.2388 -5.5425 -4.8034
SCALE 1 1 1
X -0.6327 0.5257 -0.5686
Y 0.3601 -0.4504 -0.8170
Z -0.6856 -0.7217 0.0956

PART 18
OFFSET 24.5171 -4.9519 -5.4462
SCALE 1 1 1
X 0.2990 -0.0694 0.9517
Y 0.6298 -0.7350 -0.2514
Z 0.7169 0.6746 -0.1761

PART 19
OFFSET 14.2431 -4.7878 -6.3763
SCALE 1 1 1
X 0.9954 0.0327 0.0903
Y -0.0261 0.9970 -0.0734
Z -0.0924 0.0707 0.9932

PART 20
OFFSET -9.5876 -3.2157 -3.5926
SCALE 1 1 1
X -0.6807 0.4768 0.5561
Y -0.3103 -0.8754 0.3707
Z 0.6636 0.0798 0.7438

PART 21
OFFSET -1.3551 -8.9820 -10.3185
SCALE 1 1 1
X -0.9702 -0.2121 -0.1174
Y 0.2317 -0.6689 -0.7063
Z 0.0713 -0.7125 0.6981

PART 22
OFFSET 6.8966 -7.1778 -9.3197
SCALE 1 1 1
X -0.9702 -0.2121 -0.1174
Y 0.1745 -0.2748 -0.9455
Z 0.1683 -0.9378 0.3036

PART 23
OFFSET 8.0528 -5.5516 -9.5638
SCALE 1 1 1
X -0.9717 -0.2062 -0.1151
Y -0.0719 0.7226 -0.6875
Z 0.2249 -0.6598 -0.7170

PART 24
OFFSET 8.2676 -5.3890 -8.3667
SCALE 1 1 1
X -0.9717 -0.2062 -0.1151
Y -0.0719 0.7226 -0.6875
Z 0.2249 -0.6598 -0.7170

PART 25
OFFSET 8.4975 -6.4801 -7.4532
SCALE 1 1 1
X -0.9717 -0.2062 -0.1151
Y -0.0719 0.7226 -0.6875
Z 0.2249 -0.6598 -0.7170

PART 26
OFFSET 9.8708 -6.5275 -8.9598
SCALE 1 1 1
X -0.9604 -0.1336 -0.2446
Y 0.2704 -0.2349 -0.9337
Z 0.0673 -0.9628 0.2617

PART 27
OFFSET 10.0142 -5.8455 -8.0562
SCALE 1 1 1
X -0.5876 -0.7237 -0.3619
Y 0.7375 -0.2950 -0.6075
Z 0.3329 -0.6239 0.7071

PART 28
OFFSET 21.8815 -4.5554 -7.0400
SCALE 1 1 1
X 0.7921 -0.5659 0.2288
Y -0.0941 0.2572 0.9618
Z -0.6032 -0.7833 0.1505

PART 29
OFFSET 21.8815 -4.5554 -7.0400
SCALE 1 1 1
X 0.7921 -0.5659 0.2288
Y -0.0941 0.2572 0.9618
Z -0.6032 -0.7833 0.1505

PART 30
OFFSET 11.1900 -4.2196 -7.2539
SCALE 1 1 1
X -0.9896 -0.1429 -0.0164
Y 0.1225 -0.7772 -0.6173
Z 0.0755 -0.6129 0.7866

PART 31
OFFSET 12.7864 -3.9665 -7.3523
SCALE 1 1 1
X -0.8610 0.2389 0.4491
Y -0.4632 -0.7331 -0.4980
Z 0.2103 -0.6368 0.7418

PART 32
OFFSET 13.7157 -4.1832 -7.8635
SCALE 1 1 1
X -0.8661 0.4343 -0.2476
Y 0.4760 0.5652 -0.6738
Z -0.1527 -0.7014 -0.6962

PART 33
OFFSET 10.9595 -6.4714 -9.8054
SCALE 1 1 1
X -0.9424 0.0121 0.3343
Y 0.0983 -0.9453 0.3111
Z 0.3198 0.3260 0.8896

PART 34
OFFSET 13.1113 -6.3351 -10.4652
SCALE 1 1 1
X -0.2447 -0.9690 0.0337
Y 0.9081 -0.2412 -0.3422
Z 0.3398 -0.0532 0.9390

PART 35
OFFSET 13.4578 -4.9631 -10.5129
SCALE 1 1 1
X 0.8320 -0.4575 -0.3139
Y 0.4636 0.8840 -0.0595
Z 0.3047 -0.0960 0.9476

PART 36
OFFSET 12.7201 -4.5576 -10.2346
SCALE 1 1 1
X 0.8930 0.3373 -0.2980
Y -0.3088 0.9408 0.1396
Z 0.3275 -0.0327 0.9443

PART 37
OFFSET 11.8718 -4.8780 -9.9515
SCALE 1 1 1
X -0.5365 -0.8439 0.0037
Y -0.7664 0.4891 0.4165
Z -0.3533 0.2206 -0.9091

PART 38
OFFSET 11.0003 -6.4204 -9.0946
SCALE 1 1 1
X -0.9982 -0.0366 0.0477
Y 0.0496 -0.9499 0.3087
Z 0.0340 0.3105 0.9500

PART 39
OFFSET 13.5870 -6.3923 -9.3527
SCALE 1 1 1
X -0.1205 -0.9891 0.0850
Y 0.9752 -0.1339 -0.1763
Z 0.1858 0.0616 0.9807

PART 40
OFFSET 13.7922 -4.7084 -9.4974
SCALE 1 1 1
X 0.9335 -0.3241 -0.1533
Y 0.3134 0.9453 -0.0905
Z 0.1743 0.0364 0.9840

PART 41
OFFSET 12.4984 -4.2592 -9.2849
SCALE 1 1 1
X 0.9033 0.3940 -0.1696
Y -0.3945 0.9183 0.0319
Z 0.1683 0.0381 0.9850

PART 42
OFFSET 11.5187 -4.6864 -9.1010
SCALE 1 1 1
X -0.5065 -0.8455 0.1692
Y -0.8478 0.5241 0.0810
Z -0.1571 -0.1024 -0.9823

PART 43
OFFSET 5.6811 -7.4010 -9.0479
SCALE 1 1 1
X -0.9372 -0.3480 0.0232
Y -0.3328 0.8725 -0.3577
Z 0.1042 -0.3430 -0.9335

PART 44
OFFSET 13.4340 -6.1876 -7.2053
SCALE 1 1 1
X -0.9227 -0.3716 -0.1027
Y 0.3284 -0.8971 0.2955
Z -0.2020 0.2390 0.9498

PART 45
OFFSET 15.0585 -5.5333 -7.0245
SCALE 1 1 1
X -0.5789 -0.8070 0.1163
Y 0.7865 -0.5151 0.3408
Z -0.2152 0.2888 0.9329

PART 46
OFFSET 15.7492 -4.5346 -7.1092
SCALE 1 1 1
X 0.1772 -0.9474 0.2665
Y 0.9547 0.2313 0.1873
Z -0.2391 0.2212 0.9455

PART 47
OFFSET 15.5491 -3.4645 -7.4102
SCALE 1 1 1
X -0.9868 0.1619 0.0101
Y 0.1500 0.9347 -0.3222
Z -0.0616 -0.3165 -0.9466

PART 48
OFFSET 13.6129 -6.2840 -8.2913
SCALE 1 1 1
X -0.1137 -0.9916 0.0619
Y 0.9858 -0.1048 0.1309
Z -0.1233 0.0759 0.9895

PART 49
OFFSET 13.8349 -4.3468 -8.4121
SCALE 1 1 1
X 0.8928 -0.4278 0.1408
Y 0.4388 0.8968 -0.0573
Z -0.1018 0.1130 0.9884

PART 50
OFFSET 12.5309 -3.7219 -8.6178
SCALE 1 1 1
X 0.8825 0.4703 0.0100
Y -0.4591 0.8658 -0.1991
Z -0.1023 0.1711 0.9799

PART 51
OFFSET 11.5318 -4.2551 -8.6362
SCALE 1 1 1
X -0.3769 -0.9245 0.0569
Y -0.9245 0.3716 -0.0854
Z 0.0578 -0.0847 -0.9947

PART 52
OFFSET 0.0000 0.0000 0.0000
SCALE 1 1 1
X 1.0000 0.0000 0.0000
Y 0.0000 1.0000 0.0000
Z 0.0000 0.0000 1.0000

PART 53
OFFSET 0.0000 0.0000 0.0000
SCALE 1 1 1
X 1.0000 0.0000 0.0000
Y 0.0000 1.0000 0.0000
Z 0.0000 0.0000 1.0000

PART 54
OFFSET 1.5404 0.0000 4.1357
SCALE 1 1 1
X 1.0000 0.0000 0.0000
Y 0.0000 1.0000 0.0000
Z 0.0000 0.0000 1.0000

PART 55
OFFSET 11.0003 -6.4204 -9.0946
SCALE 1 1 1
X -0.9982 -0.0366 0.0477
Y 0.0496 -0.9499 0.3087
Z 0.0340 0.3105 0.9500

PART 56
OFFSET 11.0003 -6.4204 -9.0946
SCALE 1 1 1
X -0.9982 -0.0366 0.0477
Y 0.0496 -0.9499 0.3087
Z 0.0340 0.3105 0.9500

PART 57
OFFSET 7.5573 -3.0450 -0.6380
SCALE 1 1 1
X 0.9999 0.0121 -0.0023
Y -0.0122 0.9983 -0.0570
Z 0.0016 0.0570 0.9984

PART 58
OFFSET 4.9035 7.2392 -9.1820
SCALE 1 1 1
X 0.8957 -0.2460 -0.3704
Y -0.3034 -0.9471 -0.1044
Z -0.3252 0.2059 -0.9230

PART 59
OFFSET 15.7358 4.2637 -13.6619
SCALE 1 1 1
X 0.4565 -0.7039 0.5442
Y -0.7807 -0.0236 0.6245
Z -0.4267 -0.7099 -0.5603

PART 60
OFFSET 19.6187 -1.7233 -9.0336
SCALE 1 1 1
X 0.4565 -0.7039 0.5442
Y 0.8669 0.4894 -0.0942
Z -0.2000 0.5148 0.8337

PART 61
OFFSET 21.5640 -1.3718 -7.6443
SCALE 1 1 1
X 0.4623 -0.7018 0.5420
Y 0.4366 0.7122 0.5497
Z -0.7718 -0.0175 0.6357

PART 62
OFFSET 20.7503 -2.9261 -9.6750
SCALE 1 1 1
X 0.4623 -0.7018 0.5420
Y 0.4366 0.7122 0.5497
Z -0.7718 -0.0175 0.6357

PART 63
OFFSET 19.7506 -2.0647 -5.9379
SCALE 1 1 1
X 0.4623 -0.7018 0.5420
Y 0.4366 0.7122 0.5497
Z -0.7718 -0.0175 0.6357

PART 64
OFFSET 18.8083 -3.1995 -6.7403
SCALE 1 1 1
X 0.4623 -0.7018 0.5420
Y 0.4366 0.7122 0.5497
Z -0.7718 -0.0175 0.6357

PART 65
OFFSET 18.5518 -4.0129 -8.4567
SCALE 1 1 1
X 0.4623 -0.7018 0.5420
Y 0.4366 0.7122 0.5497
Z -0.7718 -0.0175 0.6357

PART 66
OFFSET 21.0183 -3.8813 -7.3654
SCALE 1 1 1
X 0.9406 -0.3038 0.1519
Y 0.3343 0.9072 -0.2556
Z -0.0602 0.2912 0.9548

PART 67
OFFSET 21.7393 -3.0229 -7.1517
SCALE 1 1 1
X 0.7894 0.0571 0.6113
Y 0.2305 0.8953 -0.3813
Z -0.5690 0.4418 0.6935

PART 68
OFFSET 23.4340 -2.7858 -5.8320
SCALE 1 1 1
X 0.8195 -0.1632 0.5494
Y 0.2543 0.9626 -0.0934
Z -0.5136 0.2162 0.8303

PART 69
OFFSET 24.6842 -3.0825 -4.8466
SCALE 1 1 1
X 0.7610 -0.0817 0.6436
Y 0.2511 0.9518 -0.1760
Z -0.5982 0.2955 0.7449

PART 70
OFFSET 25.4841 -3.1411 -4.1195
SCALE 1 1 1
X 0.9978 -0.0540 -0.0396
Y -0.0602 -0.4621 -0.8848
Z 0.0295 0.8852 -0.4643

PART 71
OFFSET 14.2431 -4.7878 -6.3763
SCALE 1 1 1
X 0.9954 0.0327 0.0903
Y -0.0261 0.9970 -0.0734
Z -0.0924 0.0707 0.9932

PART 72
OFFSET 12.5948 -5.6092 -4.6203
SCALE 1 1 1
X -0.0864 -0.7858 0.6124
Y 0.9948 -0.0353 0.0951
Z -0.0531 0.6175 0.7848

PART 73
OFFSET 15.2914 -5.6235 -4.0296
SCALE 1 1 1
X 0.9933 0.0342 0.1106
Y -0.0261 0.9970 -0.0734
Z -0.1127 0.0700 0.9912

PART 74
OFFSET 28.3845 -4.1378 -3.2716
SCALE 1 1 1
X 0.9954 0.0327 0.0903
Y -0.0261 0.9970 -0.0734
Z -0.0924 0.0707 0.9932

PART 75
OFFSET 17.6656 -4.6716 -6.1700
SCALE 1 1 1
X 0.9954 0.0327 0.0903
Y -0.0261 0.9970 -0.0734
Z -0.0924 0.0707 0.9932


FRAME 362
PART 0
OFFSET 21.5548 -5.3539 -6.8892
SCALE 1 1 1
X 0.5953 -0.6762 0.4341
Y -0.2601 0.3490 0.9003
Z -0.7602 -0.6489 0.0319

PART 1
OFFSET 22.9713 -6.7359 -5.8081
SCALE 1 1 1
X 0.4304 0.0716 0.8998
Y -0.6109 0.7570 0.2319
Z -0.6645 -0.6495 0.3695

PART 2
OFFSET 23.5806 -6.6345 -4.5342
SCALE 1 1 1
X -0.7018 0.7086 0.0736
Y -0.3384 -0.2406 -0.9097
Z -0.6269 -0.6634 0.4086

PART 3
OFFSET 22.9583 -6.0062 -4.4689
SCALE 1 1 1
X -0.6539 0.2522 -0.7133
Y 0.4008 -0.6842 -0.6093
Z -0.6417 -0.6843 0.3463

PART 4
OFFSET 22.3371 -5.7666 -5.1466
SCALE 1 1 1
X 0.3413 0.3356 0.8780
Y 0.6423 -0.7653 0.0428
Z 0.6863 0.5493 -0.4768

PART 5
OFFSET 22.0111 -4.8492 -7.1049
SCALE 1 1 1
X 0.7660 -0.5253 0.3707
Y -0.2542 0.2822 0.9251
Z -0.5905 -0.8028 0.0826

PART 6
OFFSET 23.9169 -6.3379 -6.1510
SCALE 1 1 1
X 0.3218 -0.0592 0.9450
Y -0.6683 0.6927 0.2710
Z -0.6707 -0.7187 0.1833

PART 7
OFFSET 24.4647 -6.4387 -4.5422
SCALE 1 1 1
X -0.7451 0.6665 -0.0252
Y -0.1190 -0.1701 -0.9782
Z -0.6562 -0.7259 0.2061

PART 8
OFFSET 23.4321 -5.5151 -4.5772
SCALE 1 1 1
X -0.3568 0.0544 -0.9326
Y 0.6695 -0.6813 -0.2959
Z -0.6515 -0.7300 0.2067

PART 9
OFFSET 23.0451 -5.4561 -5.5886
SCALE 1 1 1
X -0.1222 0.3087 0.9433
Y 0.7804 -0.5574 0.2835
Z 0.6133 0.7707 -0.1728

PART 10
OFFSET 24.4245 -3.4038 -6.5107
SCALE 1 1 1
X 0.7344 -0.3325 0.5918
Y 0.4903 -0.3431 -0.8012
Z 0.4694 0.8785 -0.0890

PART 11
OFFSET 25.0885 -4.6633 -6.9025
SCALE 1 1 1
X 0.5595 -0.4523 0.6945
Y -0.5152 0.4666 0.7189
Z -0.6492 -0.7601 0.0281

PART 12
OFFSET 26.0737 -5.4596 -5.6797
SCALE 1 1 1
X 0.1910 -0.1694 0.9669
Y -0.7585 0.5997 0.2549
Z -0.6230 -0.7821 -0.0140

PART 13
OFFSET 26.3437 -5.6180 -4.5034
SCALE 1 1 1
X -0.5842 0.5144 0.6278
Y -0.5197 0.3571 -0.7762
Z -0.6234 -0.7797 0.0587

PART 14
OFFSET 25.6838 -5.0371 -3.7943
SCALE 1 1 1
X 0.4840 -0.7091 0.5128
Y 0.4799 -0.2749 -0.8331
Z 0.7317 0.6493 0.2073

PART 15
OFFSET 24.5854 -5.5682 -6.5172
SCALE 1 1 1
X 0.6297 -0.4347 0.6438
Y -0.4652 0.4528 0.7606
Z -0.6221 -0.7785 0.0829

PART 16
OFFSET 25.8156 -6.4174 -5.2594
SCALE 1 1 1
X -0.5541 0.5409 0.6328
Y -0.5146 0.3749 -0.7711
Z -0.6543 -0.7529 0.0706

PART 17
OFFSET 25.0062 -5.6273 -4.3352
SCALE 1 1 1
X -0.5535 0.4814 -0.6796
Y 0.5008 -0.4596 -0.7335
Z -0.6654 -0.7463 0.0133

PART 18
OFFSET 24.3743 -5.0870 -5.1043
SCALE 1 1 1
X 0.1471 -0.0279 0.9887
Y 0.6879 -0.7154 -0.1225
Z 0.7108 0.6981 -0.0860

PART 19
OFFSET 14.3773 -5.3790 -7.6388
SCALE 1 1 1
X 0.9667 0.0769 0.2439
Y -0.0504 0.9923 -0.1130
Z -0.2508 0.0970 0.9632

PART 20
OFFSET -9.5072 -3.2133 -3.5612
SCALE 1 1 1
X -0.7062 0.4398 0.5549
Y -0.2675 -0.8914 0.3660
Z 0.6555 0.1100 0.7471

PART 21
OFFSET -0.9662 -8.5317 -10.2715
SCALE 1 1 1
X -0.9939 -0.0998 0.0466
Y 0.0363 -0.6963 -0.7168
Z 0.1040 -0.7108 0.6957

PART 22
OFFSET 7.4874 -7.6828 -10.6676
SCALE 1 1 1
X -0.9939 -0.0998 0.0466
Y -0.0111 -0.3297 -0.9440
Z 0.1096 -0.9388 0.3266

PART 23
OFFSET 8.7647 -6.2062 -11.1224
SCALE 1 1 1
X -0.9944 -0.0937 0.0489
Y -0.1017 0.7210 -0.6854
Z 0.0289 -0.6866 -0.7265

PART 24
OFFSET 9.1884 -6.0515 -9.9832
SCALE 1 1 1
X -0.9944 -0.0937 0.0489
Y -0.1017 0.7210 -0.6854
Z 0.0289 -0.6866 -0.7265

PART 25
OFFSET 9.4384 -7.1403 -9.1052
SCALE 1 1 1
X -0.9944 -0.0937 0.0489
Y -0.1017 0.7210 -0.6854
Z 0.0289 -0.6866 -0.7265

PART 26
OFFSET 10.5345 -7.3768 -10.8104
SCALE 1 1 1
X -0.9042 -0.1808 -0.3871
Y 0.4230 -0.2516 -0.8705
Z 0.0600 -0.9508 0.3040

PART 27
OFFSET 10.5084 -6.6622 -9.9211
SCALE 1 1 1
X -0.4963 -0.7582 -0.4229
Y 0.8345 -0.2824 -0.4732
Z 0.2394 -0.5877 0.7729

PART 28
OFFSET 22.0111 -4.8492 -7.1049
SCALE 1 1 1
X 0.7660 -0.5253 0.3707
Y -0.2542 0.2822 0.9251
Z -0.5905 -0.8028 0.0826

PART 29
OFFSET 22.0111 -4.8492 -7.1049
SCALE 1 1 1
X 0.7660 -0.5253 0.3707
Y -0.2542 0.2822 0.9251
Z -0.5905 -0.8028 0.0826

PART 30
OFFSET 11.4828 -4.9652 -9.0043
SCALE 1 1 1
X -0.9687 -0.1844 -0.1661
Y 0.2467 -0.7898 -0.5616
Z -0.0276 -0.5850 0.8106

PART 31
OFFSET 13.0644 -4.6490 -8.8605
SCALE 1 1 1
X -0.9292 0.2163 0.2996
Y -0.3517 -0.7665 -0.5373
Z 0.1134 -0.6047 0.7884

PART 32
OFFSET 14.0701 -4.8423 -9.2113
SCALE 1 1 1
X -0.8312 0.3902 -0.3960
Y 0.5557 0.5638 -0.6110
Z -0.0151 -0.7280 -0.6854

PART 33
OFFSET 11.7404 -7.3011 -11.4764
SCALE 1 1 1
X -0.9832 -0.0170 0.1818
Y 0.0821 -0.9305 0.3570
Z 0.1631 0.3659 0.9162

PART 34
OFFSET 13.9631 -7.0954 -11.7953
SCALE 1 1 1
X -0.2116 -0.9769 0.0303
Y 0.9590 -0.2135 -0.1866
Z 0.1888 -0.0104 0.9820

PART 35
OFFSET 14.2627 -5.7124 -11.8381
SCALE 1 1 1
X 0.8872 -0.4318 -0.1626
Y 0.4348 0.9003 -0.0184
Z 0.1544 -0.0544 0.9865

PART 36
OFFSET 13.4761 -5.3296 -11.6939
SCALE 1 1 1
X 0.9160 0.3650 -0.1664
Y -0.3610 0.9310 0.0550
Z 0.1750 0.0097 0.9845

PART 37
OFFSET 12.6058 -5.6763 -11.5358
SCALE 1 1 1
X -0.4993 -0.8650 -0.0496
Y -0.8398 0.4692 0.2731
Z -0.2129 0.1780 -0.9607

PART 38
OFFSET 11.6665 -7.2269 -10.7703
SCALE 1 1 1
X -0.9912 -0.0767 -0.1080
Y 0.0347 -0.9372 0.3471
Z -0.1279 0.3403 0.9316

PART 39
OFFSET 14.2587 -7.0990 -10.6206
SCALE 1 1 1
X -0.0964 -0.9902 0.1011
Y 0.9950 -0.0985 -0.0163
Z 0.0261 0.0991 0.9947

PART 40
OFFSET 14.4228 -5.4132 -10.7928
SCALE 1 1 1
X 0.9571 -0.2895 0.0068
Y 0.2892 0.9543 -0.0748
Z 0.0151 0.0735 0.9972

PART 41
OFFSET 13.0963 -5.0120 -10.8023
SCALE 1 1 1
X 0.9039 0.4259 -0.0402
Y -0.4277 0.9017 -0.0639
Z 0.0090 0.0749 0.9971

PART 42
OFFSET 12.1160 -5.4738 -10.7587
SCALE 1 1 1
X -0.4958 -0.8603 0.1185
Y -0.8684 0.4906 -0.0721
Z 0.0039 -0.1386 -0.9903

PART 43
OFFSET 6.4459 -8.4262 -11.5222
SCALE 1 1 1
X -0.9158 -0.3858 -0.1113
Y -0.3036 0.8466 -0.4371
Z 0.2629 -0.3666 -0.8925

PART 44
OFFSET 13.7608 -6.8358 -8.5327
SCALE 1 1 1
X -0.8807 -0.4127 -0.2324
Y 0.3100 -0.8733 0.3760
Z -0.3581 0.2591 0.8970

PART 45
OFFSET 15.3115 -6.1092 -8.1235
SCALE 1 1 1
X -0.5603 -0.8265 0.0535
Y 0.7409 -0.4713 0.4785
Z -0.3703 0.3078 0.8765

PART 46
OFFSET 15.9702 -5.0857 -8.1353
SCALE 1 1 1
X 0.1672 -0.9307 0.3254
Y 0.9040 0.2764 0.3260
Z -0.3934 0.2397 0.8876

PART 47
OFFSET 15.7814 -4.0345 -8.5029
SCALE 1 1 1
X -0.9812 0.1209 -0.1506
Y 0.1650 0.9299 -0.3287
Z 0.1003 -0.3474 -0.9323

PART 48
OFFSET 14.1125 -6.9575 -9.5729
SCALE 1 1 1
X -0.0859 -0.9931 0.0795
Y 0.9559 -0.0597 0.2876
Z -0.2809 0.1007 0.9545

PART 49
OFFSET 14.2804 -5.0174 -9.7281
SCALE 1 1 1
X 0.8743 -0.3858 0.2946
Y 0.4095 0.9121 -0.0205
Z -0.2608 0.1386 0.9554

PART 50
OFFSET 13.0034 -4.4538 -10.1585
SCALE 1 1 1
X 0.8521 0.5067 0.1311
Y -0.4530 0.8395 -0.3002
Z -0.2621 0.1964 0.9448

PART 51
OFFSET 12.0398 -5.0285 -10.3138
SCALE 1 1 1
X -0.3473 -0.9372 0.0308
Y -0.9122 0.3301 -0.2427
Z 0.2173 -0.1124 -0.9696

PART 52
OFFSET 0.0000 0.0000 0.0000
SCALE 1 1 1
X 1.0000 0.0000 0.0000
Y 0.0000 1.0000 0.0000
Z 0.0000 0.0000 1.0000

PART 53
OFFSET 0.0000 0.0000 0.0000
SCALE 1 1 1
X 1.0000 0.0000 0.0000
Y 0.0000 1.0000 0.0000
Z 0.0000 0.0000 1.0000

PART 54
OFFSET 1.5404 0.0000 4.1357
SCALE 1 1 1
X 1.0000 0.0000 0.0000
Y 0.0000 1.0000 0.0000
Z 0.0000 0.0000 1.0000

PART 55
OFFSET 11.6665 -7.2269 -10.7703
SCALE 1 1 1
X -0.9912 -0.0767 -0.1080
Y 0.0347 -0.9372 0.3471
Z -0.1279 0.3403 0.9316

PART 56
OFFSET 11.6665 -7.2269 -10.7703
SCALE 1 1 1
X -0.9912 -0.0767 -0.1080
Y 0.0347 -0.9372 0.3471
Z -0.1279 0.3403 0.9316

PART 57
OFFSET 7.5573 -3.0450 -0.6380
SCALE 1 1 1
X 0.9999 0.0121 -0.0023
Y -0.0122 0.9983 -0.0570
Z 0.0016 0.0570 0.9984

PART 58
OFFSET 4.9035 7.2392 -9.1820
SCALE 1 1 1
X 0.8908 -0.2695 -0.3659
Y -0.3247 -0.9408 -0.0976
Z -0.3180 0.2057 -0.9255

PART 59
OFFSET 15.6764 3.9803 -13.6076
SCALE 1 1 1
X 0.4762 -0.7088 0.5204
Y -0.7605 -0.0349 0.6484
Z -0.4414 -0.7045 -0.5557

PART 60
OFFSET 19.7265 -2.0487 -9.1814
SCALE 1 1 1
X 0.4762 -0.7088 0.5204
Y 0.8249 0.5651 0.0150
Z -0.3047 0.4221 0.8538

PART 61
OFFSET 21.7132 -1.7065 -7.8496
SCALE 1 1 1
X 0.4819 -0.7067 0.5180
Y 0.4509 0.7069 0.5449
Z -0.7513 -0.0290 0.6594

PART 62
OFFSET 20.8419 -3.2382 -9.8736
SCALE 1 1 1
X 0.4819 -0.7067 0.5180
Y 0.4509 0.7069 0.5449
Z -0.7513 -0.0290 0.6594

PART 63
OFFSET 19.9571 -2.4290 -6.0961
SCALE 1 1 1
X 0.4819 -0.7067 0.5180
Y 0.4509 0.7069 0.5449
Z -0.7513 -0.0290 0.6594

PART 64
OFFSET 18.9945 -3.5575 -6.8830
SCALE 1 1 1
X 0.4819 -0.7067 0.5180
Y 0.4509 0.7069 0.5449
Z -0.7513 -0.0290 0.6594

PART 65
OFFSET 18.6871 -4.3499 -8.6009
SCALE 1 1 1
X 0.4819 -0.7067 0.5180
Y 0.4509 0.7069 0.5449
Z -0.7513 -0.0290 0.6594

PART 66
OFFSET 21.1863 -4.2217 -7.5861
SCALE 1 1 1
X 0.9151 -0.2596 0.3085
Y 0.3373 0.9121 -0.2330
Z -0.2209 0.3173 0.9223

PART 67
OFFSET 21.8327 -3.3280 -7.2935
SCALE 1 1 1
X 0.6802 0.1084 0.7249
Y 0.2552 0.8921 -0.3729
Z -0.6872 0.4386 0.5791

PART 68
OFFSET 23.2878 -2.9806 -5.7341
SCALE 1 1 1
X 0.7277 -0.1122 0.6766
Y 0.2307 0.9691 -0.0875
Z -0.6459 0.2198 0.7311

PART 69
OFFSET 24.3765 -3.1949 -4.5547
SCALE 1 1 1
X 0.6521 -0.0304 0.7575
Y 0.2410 0.9557 -0.1691
Z -0.7188 0.2928 0.6306

PART 70
OFFSET 25.0530 -3.1981 -3.7095
SCALE 1 1 1
X 0.9928 -0.0136 0.1193
Y 0.0973 -0.4909 -0.8658
Z 0.0703 0.8711 -0.4860

PART 71
OFFSET 14.3773 -5.3790 -7.6388
SCALE 1 1 1
X 0.9667 0.0769 0.2439
Y -0.0504 0.9923 -0.1130
Z -0.2508 0.0970 0.9632

PART 72
OFFSET 12.5031 -6.2145 -6.1341
SCALE 1 1 1
X -0.1536 -0.7697 0.6196
Y 0.9679 0.0090 0.2511
Z -0.1988 0.6383 0.7437

PART 73
OFFSET 15.0712 -6.0986 -5.1278
SCALE 1 1 1
X 0.9614 0.0788 0.2636
Y -0.0504 0.9923 -0.1130
Z -0.2705 0.0954 0.9580

PART 74
OFFSET 27.8171 -4.0470 -2.3816
SCALE 1 1 1
X 0.9667 0.0769 0.2439
Y -0.0504 0.9923 -0.1130
Z -0.2508 0.0970 0.9632

PART 75
OFFSET 17.7177 -5.1142 -6.9029
SCALE 1 1 1
X 0.9667 0.0769 0.2439
Y -0.0504 0.9923 -0.1130
Z -0.2508 0.0970 0.9632


FRAME 363
PART 0
OFFSET 21.5067 -5.7865 -7.1903
SCALE 1 1 1
X 0.5243 -0.6377 0.5643
Y -0.4391 0.3653 0.8208
Z -0.7296 -0.6782 -0.0885

PART 1
OFFSET 22.7372 -7.0757 -5.8089
SCALE 1 1 1
X 0.2478 0.1165 0.9618
Y -0.6696 0.7381 0.0831
Z -0.7002 -0.6646 0.2609

PART 2
OFFSET 23.0881 -6.9107 -4.4472
SCALE 1 1 1
X -0.7269 0.6812 -0.0876
Y -0.1499 -0.2818 -0.9477
Z -0.6702 -0.6757 0.3069

PART 3
OFFSET 22.4436 -6.3067 -4.5249
SCALE 1 1 1
X -0.5138 0.2034 -0.8334
Y 0.5331 -0.6855 -0.4959
Z -0.6722 -0.6991 0.2438

PART 4
OFFSET 21.9554 -6.1135 -5.3167
SCALE 1 1 1
X 0.1556 0.3759 0.9135
Y 0.6482 -0.7367 0.1927
Z 0.7454 0.5621 -0.3582

PART 5
OFFSET 21.9782 -5.2703 -7.3345
SCALE 1 1 1
X 0.6986 -0.4820 0.5288
Y -0.4358 0.2996 0.8487
Z -0.5675 -0.8234 -0.0007

PART 6
OFFSET 23.7167 -6.6500 -5.9808
SCALE 1 1 1
X 0.1372 -0.0172 0.9904
Y -0.7312 0.6728 0.1129
Z -0.6682 -0.7397 0.0797

PART 7
OFFSET 23.9502 -6.6793 -4.2947
SCALE 1 1 1
X -0.7490 0.6343 -0.1913
Y 0.0760 -0.2046 -0.9759
Z -0.6582 -0.7455 0.1051

PART 8
OFFSET 22.9121 -5.8001 -4.5598
SCALE 1 1 1
X -0.1737 0.0113 -0.9847
Y 0.7367 -0.6620 -0.1375
Z -0.6535 -0.7494 0.1067

PART 9
OFFSET 22.7238 -5.7879 -5.6278
SCALE 1 1 1
X -0.3107 0.3321 0.8906
Y 0.7305 -0.5161 0.4472
Z 0.6081 0.7896 -0.0822

PART 10
OFFSET 24.1825 -3.7099 -6.3481
SCALE 1 1 1
X 0.6188 -0.2839 0.7325
Y 0.6458 -0.3470 -0.6801
Z 0.4473 0.8938 -0.0314

PART 11
OFFSET 24.9521 -4.9526 -6.5590
SCALE 1 1 1
X 0.4318 -0.4076 0.8046
Y -0.6588 0.4668 0.5900
Z -0.6161 -0.7848 -0.0670

PART 12
OFFSET 25.7122 -5.6703 -5.1423
SCALE 1 1 1
X 0.0084 -0.1319 0.9912
Y -0.8134 0.5756 0.0835
Z -0.5816 -0.8070 -0.1024

PART 13
OFFSET 25.7578 -5.7816 -3.9311
SCALE 1 1 1
X -0.7107 0.5089 0.4857
Y -0.3738 0.3117 -0.8736
Z -0.5960 -0.8024 -0.0313

PART 14
OFFSET 24.9551 -5.2067 -3.3824
SCALE 1 1 1
X 0.4012 -0.6728 0.6217
Y 0.6394 -0.2803 -0.7160
Z 0.6559 0.6847 0.3177

PART 15
OFFSET 24.4160 -5.8651 -6.2423
SCALE 1 1 1
X 0.5097 -0.3887 0.7676
Y -0.6172 0.4563 0.6409
Z -0.5994 -0.8004 -0.0074

PART 16
OFFSET 25.4116 -6.6245 -4.7428
SCALE 1 1 1
X -0.6830 0.5368 0.4953
Y -0.3704 0.3299 -0.8683
Z -0.6295 -0.7765 -0.0265

PART 17
OFFSET 24.4140 -5.8404 -4.0194
SCALE 1 1 1
X -0.4297 0.4375 -0.7899
Y 0.6472 -0.4608 -0.6073
Z -0.6297 -0.7722 -0.0851

PART 18
OFFSET 23.9224 -5.3501 -4.9143
SCALE 1 1 1
X -0.0436 0.0083 0.9990
Y 0.7228 -0.6901 0.0373
Z 0.6897 0.7237 0.0241

PART 19
OFFSET 14.6098 -6.1281 -9.2867
SCALE 1 1 1
X 0.8991 0.1238 0.4199
Y -0.0619 0.9855 -0.1579
Z -0.4333 0.1159 0.8938

PART 20
OFFSET -9.5474 -3.2145 -3.5769
SCALE 1 1 1
X -0.8900 0.2182 0.4004
Y -0.1012 -0.9507 0.2930
Z 0.4446 0.2203 0.8682

PART 21
OFFSET 1.2162 -5.8528 -8.4192
SCALE 1 1 1
X -0.8900 0.2182 0.4004
Y -0.4341 -0.6741 -0.5976
Z 0.1396 -0.7057 0.6947

PART 22
OFFSET 8.7860 -7.7083 -11.8247
SCALE 1 1 1
X -0.8900 0.2182 0.4004
Y -0.4538 -0.3385 -0.8243
Z -0.0443 -0.9153 0.4003

PART 23
OFFSET 10.1832 -6.7130 -12.8527
SCALE 1 1 1
X -0.8878 0.2241 0.4020
Y -0.1308 0.7146 -0.6872
Z -0.4413 -0.6626 -0.6051

PART 24
OFFSET 11.0212 -6.6885 -11.9614
SCALE 1 1 1
X -0.8878 0.2241 0.4020
Y -0.1308 0.7146 -0.6872
Z -0.4413 -0.6626 -0.6051

PART 25
OFFSET 11.2437 -7.7863 -11.1160
SCALE 1 1 1
X -0.8878 0.2241 0.4020
Y -0.1308 0.7146 -0.6872
Z -0.4413 -0.6626 -0.6051

PART 26
OFFSET 11.5144 -8.3771 -13.0521
SCALE 1 1 1
X -0.8068 -0.2294 -0.5445
Y 0.5899 -0.2605 -0.7643
Z 0.0335 -0.9378 0.3455

PART 27
OFFSET 11.2944 -7.6374 -12.2115
SCALE 1 1 1
X -0.3800 -0.7904 -0.4805
Y 0.9187 -0.2623 -0.2952
Z 0.1074 -0.5536 0.8258

PART 28
OFFSET 21.9782 -5.2703 -7.3345
SCALE 1 1 1
X 0.6986 -0.4820 0.5288
Y -0.4358 0.2996 0.8487
Z -0.5675 -0.8234 -0.0007

PART 29
OFFSET 21.9782 -5.2703 -7.3345
SCALE 1 1 1
X 0.6986 -0.4820 0.5288
Y -0.4358 0.2996 0.8487
Z -0.5675 -0.8234 -0.0007

PART 30
OFFSET 12.0168 -5.8748 -11.1912
SCALE 1 1 1
X -0.9122 -0.2289 -0.3398
Y 0.3764 -0.7958 -0.4744
Z -0.1618 -0.5607 0.8121

PART 31
OFFSET 13.5300 -5.4900 -10.7619
SCALE 1 1 1
X -0.9762 0.1872 0.1094
Y -0.2160 -0.7963 -0.5650
Z -0.0186 -0.5752 0.8178

PART 32
OFFSET 14.5902 -5.6525 -10.9080
SCALE 1 1 1
X -0.7532 0.3436 -0.5610
Y 0.6425 0.5672 -0.5153
Z 0.1411 -0.7485 -0.6479

PART 33
OFFSET 12.8220 -8.2724 -13.4796
SCALE 1 1 1
X -0.9986 -0.0517 -0.0075
Y 0.0443 -0.9150 0.4009
Z -0.0276 0.4001 0.9161

PART 34
OFFSET 15.0563 -7.9858 -13.3785
SCALE 1 1 1
X -0.1798 -0.9834 0.0264
Y 0.9837 -0.1797 0.0069
Z -0.0021 0.0272 0.9996

PART 35
OFFSET 15.3109 -6.5936 -13.4158
SCALE 1 1 1
X 0.9162 -0.3999 0.0250
Y 0.3991 0.9164 0.0305
Z -0.0351 -0.0180 0.9992

PART 36
OFFSET 14.4985 -6.2391 -13.4380
SCALE 1 1 1
X 0.9178 0.3969 -0.0033
Y -0.3966 0.9167 -0.0496
Z -0.0167 0.0468 0.9988

PART 37
OFFSET 13.6265 -6.6162 -13.4350
SCALE 1 1 1
X -0.4506 -0.8858 -0.1108
Y -0.8922 0.4425 0.0909
Z -0.0315 0.1398 -0.9897

PART 38
OFFSET 12.6121 -8.1798 -12.8037
SCALE 1 1 1
X -0.9491 -0.1204 -0.2912
Y -0.0001 -0.9240 0.3825
Z -0.3151 0.3630 0.8769

PART 39
OFFSET 15.1221 -7.9415 -12.1698
SCALE 1 1 1
X -0.0798 -0.9898 0.1183
Y 0.9826 -0.0582 0.1766
Z -0.1679 0.1303 0.9772

PART 40
OFFSET 15.2580 -6.2564 -12.3711
SCALE 1 1 1
X 0.9476 -0.2498 0.1992
Y 0.2652 0.9627 -0.0545
Z -0.1782 0.1044 0.9784

PART 41
OFFSET 13.9447 -5.9103 -12.6473
SCALE 1 1 1
X 0.8797 0.4611 0.1160
Y -0.4383 0.8810 -0.1778
Z -0.1842 0.1056 0.9772

PART 42
OFFSET 12.9906 -6.4103 -12.7731
SCALE 1 1 1
X -0.4794 -0.8759 0.0546
Y -0.8550 0.4522 -0.2540
Z 0.1978 -0.1685 -0.9657

PART 43
OFFSET 7.6757 -9.6141 -14.4867
SCALE 1 1 1
X -0.8639 -0.4262 -0.2684
Y -0.2434 0.8198 -0.5184
Z 0.4410 -0.3825 -0.8119

PART 44
OFFSET 14.2257 -7.6354 -10.2257
SCALE 1 1 1
X -0.8054 -0.4552 -0.3796
Y 0.2622 -0.8480 0.4606
Z -0.5316 0.2714 0.8024

PART 45
OFFSET 15.6437 -6.8338 -9.5574
SCALE 1 1 1
X -0.5315 -0.8468 -0.0227
Y 0.6516 -0.4258 0.6278
Z -0.5412 0.3189 0.7780

PART 46
OFFSET 16.2570 -5.7851 -9.4826
SCALE 1 1 1
X 0.1338 -0.9127 0.3861
Y 0.8151 0.3230 0.4810
Z -0.5637 0.2504 0.7871

PART 47
OFFSET 16.1059 -4.7541 -9.9187
SCALE 1 1 1
X -0.9379 0.0760 -0.3385
Y 0.1927 0.9254 -0.3262
Z 0.2885 -0.3712 -0.8826

PART 48
OFFSET 14.7736 -7.7742 -11.1749
SCALE 1 1 1
X -0.0653 -0.9929 0.0991
Y 0.8848 -0.0117 0.4658
Z -0.4613 0.1181 0.8793

PART 49
OFFSET 14.9012 -5.8345 -11.3685
SCALE 1 1 1
X 0.8146 -0.3406 0.4695
Y 0.3742 0.9270 0.0231
Z -0.4431 0.1568 0.8826

PART 50
OFFSET 13.7114 -5.3370 -12.0543
SCALE 1 1 1
X 0.7935 0.5449 0.2712
Y -0.4159 0.8107 -0.4121
Z -0.4444 0.2142 0.8699

PART 51
OFFSET 12.8156 -5.9551 -12.3678
SCALE 1 1 1
X -0.3144 -0.9493 -0.0003
Y -0.8598 0.2849 -0.4237
Z 0.4023 -0.1329 -0.9058

PART 52
OFFSET 0.0000 0.0000 0.0000
SCALE 1 1 1
X 1.0000 0.0000 0.0000
Y 0.0000 1.0000 0.0000
Z 0.0000 0.0000 1.0000

PART 53
OFFSET 0.0000 0.0000 0.0000
SCALE 1 1 1
X 1.0000 0.0000 0.0000
Y 0.0000 1.0000 0.0000
Z 0.0000 0.0000 1.0000

PART 54
OFFSET 1.5404 0.0000 4.1357
SCALE 1 1 1
X 1.0000 0.0000 0.0000
Y 0.0000 1.0000 0.0000
Z 0.0000 0.0000 1.0000

PART 55
OFFSET 12.6121 -8.1798 -12.8037
SCALE 1 1 1
X -0.9491 -0.1204 -0.2912
Y -0.0001 -0.9240 0.3825
Z -0.3151 0.3630 0.8769

PART 56
OFFSET 12.6121 -8.1798 -12.8037
SCALE 1 1 1
X -0.9491 -0.1204 -0.2912
Y -0.0001 -0.9240 0.3825
Z -0.3151 0.3630 0.8769

PART 57
OFFSET 7.5573 -3.0450 -0.6380
SCALE 1 1 1
X 0.9999 0.0121 -0.0023
Y -0.0122 0.9983 -0.0570
Z 0.0016 0.0570 0.9984

PART 58
OFFSET 4.9035 7.2392 -9.1820
SCALE 1 1 1
X 0.8780 -0.3009 -0.3722
Y -0.3546 -0.9313 -0.0837
Z -0.3214 0.2055 -0.9244

PART 59
OFFSET 15.5224 3.6001 -13.6829
SCALE 1 1 1
X 0.4941 -0.7166 0.4923
Y -0.7321 -0.0376 0.6801
Z -0.4689 -0.6964 -0.5432

PART 60
OFFSET 19.7247 -2.4951 -9.4959
SCALE 1 1 1
X 0.4941 -0.7166 0.4923
Y 0.7667 0.6261 0.1419
Z -0.4099 0.3073 0.8588

PART 61
OFFSET 21.7688 -2.1771 -8.2475
SCALE 1 1 1
X 0.4997 -0.7145 0.4897
Y 0.4780 0.6989 0.5320
Z -0.7224 -0.0318 0.6908

PART 62
OFFSET 20.8026 -3.6834 -10.2473
SCALE 1 1 1
X 0.4997 -0.7145 0.4897
Y 0.4780 0.6989 0.5320
Z -0.7224 -0.0318 0.6908

PART 63
OFFSET 20.0857 -2.9083 -6.4272
SCALE 1 1 1
X 0.4997 -0.7145 0.4897
Y 0.4780 0.6989 0.5320
Z -0.7224 -0.0318 0.6908

PART 64
OFFSET 19.0837 -4.0236 -7.1833
SCALE 1 1 1
X 0.4997 -0.7145 0.4897
Y 0.4780 0.6989 0.5320
Z -0.7224 -0.0318 0.6908

PART 65
OFFSET 18.6982 -4.7967 -8.8942
SCALE 1 1 1
X 0.4997 -0.7145 0.4897
Y 0.4780 0.6989 0.5320
Z -0.7224 -0.0318 0.6908

PART 66
OFFSET 21.2394 -4.6921 -7.9867
SCALE 1 1 1
X 0.8477 -0.2124 0.4861
Y 0.3441 0.9176 -0.1990
Z -0.4038 0.3359 0.8510

PART 67
OFFSET 21.7870 -3.7642 -7.6107
SCALE 1 1 1
X 0.5251 0.1582 0.8362
Y 0.2909 0.8900 -0.3511
Z -0.7998 0.4276 0.4213

PART 68
OFFSET 22.9045 -3.3101 -5.8177
SCALE 1 1 1
X 0.5885 -0.0617 0.8062
Y 0.2098 0.9746 -0.0786
Z -0.7808 0.2153 0.5865

PART 69
OFFSET 23.7546 -3.4437 -4.4460
SCALE 1 1 1
X 0.4961 0.0194 0.8681
Y 0.2359 0.9591 -0.1562
Z -0.8356 0.2822 0.4712

PART 70
OFFSET 24.2568 -3.3934 -3.4883
SCALE 1 1 1
X 0.9516 0.0307 0.3059
Y 0.2777 -0.5126 -0.8125
Z 0.1319 0.8581 -0.4963

PART 71
OFFSET 14.6098 -6.1281 -9.2867
SCALE 1 1 1
X 0.8991 0.1238 0.4199
Y -0.0619 0.9855 -0.1579
Z -0.4333 0.1159 0.8938

PART 72
OFFSET 12.5125 -6.9933 -8.1345
SCALE 1 1 1
X -0.2426 -0.7561 0.6078
Y 0.9012 0.0562 0.4297
Z -0.3591 0.6520 0.6678

PART 73
OFFSET 14.8355 -6.7418 -6.6644
SCALE 1 1 1
X 0.8901 0.1261 0.4380
Y -0.0619 0.9855 -0.1579
Z -0.4516 0.1134 0.8850

PART 74
OFFSET 26.7439 -4.0876 -1.6290
SCALE 1 1 1
X 0.8991 0.1238 0.4199
Y -0.0619 0.9855 -0.1579
