// Export filename: `C:/cod5/cod/cod5/xanim_export/viewmodel/US/thompson/thompson_ADS_up.XANIM_EXPORT`
// Source filename: `C:/cod5/cod/cod5/animation_assets/viewmodel/US/thompson/viewmodelanimation_thompson.mb`
// Export time: Tue Aug 26 15:24:24 2008

ANIMATION
VERSION 3

NUMPARTS 2
PART 0 "tag_view"
PART 1 "tag_torso"

FRAMERATE 30
NUMFRAMES 7

FRAME 32
PART 0
OFFSET 0.0000 0.0000 0.0000
SCALE 1 1 1
X 1.0000 0.0000 0.0000
Y 0.0000 1.0000 0.0000
Z 0.0000 0.0000 1.0000

PART 1
OFFSET 7.5573 -3.0450 -0.6380
SCALE 1 1 1
X 0.9999 0.0121 -0.0023
Y -0.0122 0.9983 -0.0570
Z 0.0016 0.0570 0.9984


FRAME 33
PART 0
OFFSET 0.0000 0.0000 0.0000
SCALE 1 1 1
X 1.0000 0.0000 0.0000
Y 0.0000 1.0000 0.0000
Z 0.0000 0.0000 1.0000

PART 1
OFFSET 7.3123 -2.7259 -0.4413
SCALE 1 1 1
X 0.9999 0.0109 -0.0024
Y -0.0110 0.9985 -0.0529
Z 0.0018 0.0529 0.9986


FRAME 34
PART 0
OFFSET 0.0000 0.0000 0.0000
SCALE 1 1 1
X 1.0000 0.0000 0.0000
Y 0.0000 1.0000 0.0000
Z 0.0000 0.0000 1.0000

PART 1
OFFSET 6.8371 -1.9283 0.0506
SCALE 1 1 1
X 1.0000 0.0078 -0.0026
Y -0.0079 0.9991 -0.0428
Z 0.0022 0.0428 0.9991


FRAME 35
PART 0
OFFSET 0.0000 0.0000 0.0000
SCALE 1 1 1
X 1.0000 0.0000 0.0000
Y 0.0000 1.0000 0.0000
Z 0.0000 0.0000 1.0000

PART 1
OFFSET 6.2753 -0.8914 0.6900
SCALE 1 1 1
X 1.0000 0.0039 -0.0028
Y -0.0040 0.9996 -0.0297
Z 0.0027 0.0297 0.9996


FRAME 36
PART 0
OFFSET 0.0000 0.0000 0.0000
SCALE 1 1 1
X 1.0000 0.0000 0.0000
Y 0.0000 1.0000 0.0000
Z 0.0000 0.0000 1.0000

PART 1
OFFSET 5.7706 0.1455 1.3294
SCALE 1 1 1
X 1.0000 -0.0001 -0.0031
Y 0.0000 0.9999 -0.0165
Z 0.0031 0.0165 0.9999


FRAME 37
PART 0
OFFSET 0.0000 0.0000 0.0000
SCALE 1 1 1
X 1.0000 0.0000 0.0000
Y 0.0000 1.0000 0.0000
Z 0.0000 0.0000 1.0000

PART 1
OFFSET 5.4668 0.9432 1.8212
SCALE 1 1 1
X 1.0000 -0.0031 -0.0032
Y 0.0031 1.0000 -0.0064
Z 0.0033 0.0063 1.0000


FRAME 38
PART 0
OFFSET 0.0000 0.0000 0.0000
SCALE 1 1 1
X 1.0000 0.0000 0.0000
Y 0.0000 1.0000 0.0000
Z 0.0000 0.0000 1.0000

PART 1
OFFSET 5.5076 1.2622 2.0179
SCALE 1 1 1
X 1.0000 -0.0044 -0.0033
Y 0.0044 1.0000 -0.0023
Z 0.0033 0.0023 1.0000


NOTETRACKS

PART 0
NUMTRACKS 0

PART 1
NUMTRACKS 0

