// Export filename: `C:/cod5/cod/cod5/xanim_export/viewmodel/US/thompson/thompson_pullout.XANIM_EXPORT`
// Source filename: `C:/cod5/cod/cod5/animation_assets/viewmodel/US/thompson/viewmodelanimation_thompson.mb`
// Export time: Tue Aug 26 15:24:30 2008

ANIMATION
VERSION 3

NUMPARTS 76
PART 0 "J_Index_LE_3"
PART 1 "J_Mid_LE_0"
PART 2 "J_Mid_LE_1"
PART 3 "J_Mid_LE_2"
PART 4 "J_Mid_LE_3"
PART 5 "tag_weapon"
PART 6 "J_Sleave_Reshape_Top_LE_3"
PART 7 "J_Sleave_Reshape_Top_LE_2"
PART 8 "J_Thumb_LE_2"
PART 9 "J_PinkyPalm_LE"
PART 10 "J_Sleave_Reshape_Bottom_LE_2"
PART 11 "J_Sleave_Reshape_Top_LE_1"
PART 12 "J_Thumb_LE_3"
PART 13 "J_Wrist_LE"
PART 14 "J_Thumb_LE_1"
PART 15 "J_Pinky_LE_1"
PART 16 "J_Pinky_LE_0"
PART 17 "J_Ring_LE_0"
PART 18 "J_Pinky_LE_3"
PART 19 "J_Pinky_LE_2"
PART 20 "J_RingPalm_LE"
PART 21 "J_Thumb_LE_0"
PART 22 "J_Ring_LE_1"
PART 23 "J_Ring_LE_2"
PART 24 "J_Ring_LE_3"
PART 25 "J_Webbing_LE"
PART 26 "J_Index_LE_0"
PART 27 "J_Index_LE_1"
PART 28 "J_Index_LE_2"
PART 29 "J_Shoulder_RI"
PART 30 "J_Elbow_RI"
PART 31 "J_WristTwist_RI"
PART 32 "J_Sleave_Reshape_Top_RI_3"
PART 33 "J_Sleave_Reshape_Top_RI_2"
PART 34 "J_Sleave_Reshape_Top_RI_1"
PART 35 "J_Wrist_RI"
PART 36 "J_Thumb_RI_0"
PART 37 "J_Thumb_RI_1"
PART 38 "J_Thumb_RI_2"
PART 39 "J_Thumb_RI_3"
PART 40 "J_PinkyPalm_RI"
PART 41 "J_Pinky_RI_0"
PART 42 "J_Pinky_RI_1"
PART 43 "J_Pinky_RI_2"
PART 44 "J_Pinky_RI_3"
PART 45 "J_RingPalm_RI"
PART 46 "J_Ring_RI_0"
PART 47 "J_Ring_RI_1"
PART 48 "J_Ring_RI_2"
PART 49 "J_Ring_RI_3"
PART 50 "J_Webbing_RI"
PART 51 "J_Index_RI_0"
PART 52 "J_Index_RI_1"
PART 53 "J_Index_RI_2"
PART 54 "J_Index_RI_3"
PART 55 "J_Mid_RI_0"
PART 56 "J_Mid_RI_1"
PART 57 "RingPalm_SDK_LE"
PART 58 "RingPalm_FK_LE"
PART 59 "RingPalm_SDK_RI"
PART 60 "RingPalm_FK_RI"
PART 61 "tag_torso"
PART 62 "J_Shoulder_LE"
PART 63 "J_Elbow_LE"
PART 64 "J_WristTwist_LE"
PART 65 "J_Sleave_Reshape_Bottom_LE_1"
PART 66 "J_Mid_RI_2"
PART 67 "J_Mid_RI_3"
PART 68 "tag_cambone"
PART 69 "tag_camera"
PART 70 "tag_gasmask"
PART 71 "J_Gun"
PART 72 "tag_brass"
PART 73 "J_Bolt"
PART 74 "tag_flash"
PART 75 "J_Clip"

FRAMERATE 30
NUMFRAMES 12

FRAME 111
PART 0
OFFSET 16.5695 7.3713 -8.6972
SCALE 1 1 1
X 0.9240 -0.3337 0.1868
Y 0.1215 -0.2070 -0.9708
Z 0.3626 0.9197 -0.1507

PART 1
OFFSET 14.7444 5.9228 -10.5610
SCALE 1 1 1
X 0.9706 -0.0041 0.2405
Y -0.2232 0.3576 0.9068
Z -0.0897 -0.9339 0.3462

PART 2
OFFSET 16.6406 5.9149 -10.0912
SCALE 1 1 1
X -0.3889 0.3749 0.8415
Y -0.9118 -0.0262 -0.4098
Z -0.1316 -0.9267 0.3520

PART 3
OFFSET 16.0725 6.4625 -8.8620
SCALE 1 1 1
X -0.9491 0.0703 -0.3071
Y 0.2659 -0.3438 -0.9006
Z -0.1688 -0.9364 0.3076

PART 4
OFFSET 14.9962 6.5357 -9.2069
SCALE 1 1 1
X 0.5687 0.2256 0.7910
Y 0.7996 -0.3773 -0.4673
Z 0.1930 0.8982 -0.3949

PART 5
OFFSET 6.2876 1.6694 -6.5749
SCALE 1 1 1
X 0.8196 0.5137 -0.2538
Y -0.5391 0.8414 -0.0380
Z 0.1940 0.1679 0.9665

PART 6
OFFSET 8.9607 4.2683 -10.9901
SCALE 1 1 1
X 0.2825 -0.0726 0.9565
Y 0.2826 0.9592 -0.0106
Z -0.9167 0.2733 0.2915

PART 7
OFFSET 8.7522 6.0418 -10.2941
SCALE 1 1 1
X 0.2825 -0.0726 0.9565
Y 0.2826 0.9592 -0.0106
Z -0.9167 0.2733 0.2915

PART 8
OFFSET 14.3866 8.3274 -8.6589
SCALE 1 1 1
X 0.8556 0.3871 0.3436
Y -0.3230 0.9181 -0.2298
Z -0.4044 0.0857 0.9105

PART 9
OFFSET 12.1446 4.7934 -9.4059
SCALE 1 1 1
X 0.9585 -0.2240 0.1766
Y -0.0727 0.4068 0.9106
Z -0.2758 -0.8856 0.3736

PART 10
OFFSET 11.4294 4.6379 -12.1162
SCALE 1 1 1
X 0.2825 -0.0726 0.9565
Y 0.2826 0.9592 -0.0106
Z -0.9167 0.2733 0.2915

PART 11
OFFSET 9.4598 7.5646 -10.3099
SCALE 1 1 1
X 0.2825 -0.0726 0.9565
Y 0.2826 0.9592 -0.0106
Z -0.9167 0.2733 0.2915

PART 12
OFFSET 15.2879 8.7655 -8.2496
SCALE 1 1 1
X 0.8248 0.4199 -0.3786
Y -0.0902 -0.5633 -0.8213
Z -0.5581 0.7116 -0.4268

PART 13
OFFSET 11.0355 5.5162 -9.7941
SCALE 1 1 1
X 0.9612 0.2051 -0.1846
Y -0.2576 0.9067 -0.3340
Z 0.0989 0.3686 0.9243

PART 14
OFFSET 12.9222 7.8432 -9.1523
SCALE 1 1 1
X 0.9148 0.3298 0.2333
Y -0.3004 0.9414 -0.1531
Z -0.2701 0.0699 0.9603

PART 15
OFFSET 15.2016 5.1282 -8.0524
SCALE 1 1 1
X -0.8860 0.3282 0.3274
Y -0.4624 -0.5748 -0.6751
Z -0.0333 -0.7496 0.6610

PART 16
OFFSET 14.3294 4.4689 -8.9519
SCALE 1 1 1
X 0.6161 0.4657 0.6353
Y -0.7832 0.4478 0.4313
Z -0.0836 -0.7633 0.6406

PART 17
OFFSET 14.7418 5.0321 -9.9446
SCALE 1 1 1
X 0.6979 0.2613 0.6668
Y -0.7078 0.3936 0.5866
Z -0.1092 -0.8814 0.4596

PART 18
OFFSET 13.5695 5.1943 -8.1300
SCALE 1 1 1
X 0.4070 0.6509 0.6409
Y 0.9063 -0.3752 -0.1944
Z 0.1139 0.6599 -0.7426

PART 19
OFFSET 14.4160 5.4192 -7.7621
SCALE 1 1 1
X -0.8911 -0.2367 -0.3872
Y 0.4504 -0.5667 -0.6900
Z -0.0561 -0.7892 0.6116

PART 20
OFFSET 12.1710 5.3896 -9.7975
SCALE 1 1 1
X 0.9944 -0.0811 -0.0675
Y 0.0904 0.3242 0.9417
Z -0.0544 -0.9425 0.3297

PART 21
OFFSET 11.2598 6.6348 -9.8200
SCALE 1 1 1
X 0.7998 0.5161 0.3067
Y -0.3745 0.8282 -0.4170
Z -0.4692 0.2187 0.8556

PART 22
OFFSET 15.9301 5.4769 -8.8094
SCALE 1 1 1
X -0.8877 0.2817 0.3643
Y -0.4526 -0.3884 -0.8027
Z -0.0847 -0.8774 0.4722

PART 23
OFFSET 14.6998 5.8673 -8.3046
SCALE 1 1 1
X -0.7172 -0.2776 -0.6392
Y 0.6924 -0.3877 -0.6085
Z -0.0789 -0.8790 0.4703

PART 24
OFFSET 13.9220 5.5662 -8.9978
SCALE 1 1 1
X 0.1882 0.4057 0.8944
Y 0.9810 -0.1204 -0.1518
Z 0.0461 0.9060 -0.4207

PART 25
OFFSET 13.6424 7.7856 -10.3981
SCALE 1 1 1
X 0.9817 0.1201 0.1479
Y 0.1747 -0.2574 -0.9504
Z -0.0761 0.9588 -0.2736

PART 26
OFFSET 14.5497 6.8622 -11.1089
SCALE 1 1 1
X 0.9472 -0.0389 0.3182
Y -0.2867 0.3413 0.8952
Z -0.1435 -0.9391 0.3121

PART 27
OFFSET 16.2174 6.7936 -10.5486
SCALE 1 1 1
X 0.6568 0.1134 0.7454
Y -0.7424 0.2705 0.6130
Z -0.1321 -0.9560 0.2619

PART 28
OFFSET 17.0240 6.9896 -9.6583
SCALE 1 1 1
X -0.4023 0.3379 0.8509
Y -0.9099 -0.0451 -0.4123
Z -0.1010 -0.9401 0.3256

PART 29
OFFSET -9.8286 -3.2226 -3.6867
SCALE 1 1 1
X -0.4691 0.6244 0.6245
Y -0.1877 -0.7615 0.6203
Z 0.8629 0.1738 0.4745

PART 30
OFFSET -4.1549 -10.7740 -11.2397
SCALE 1 1 1
X -0.6020 -0.7321 -0.3188
Y 0.7484 -0.3781 -0.5449
Z 0.2784 -0.5666 0.7756

PART 31
OFFSET 0.9652 -4.5470 -8.5283
SCALE 1 1 1
X -0.6020 -0.7321 -0.3188
Y 0.4139 0.0553 -0.9086
Z 0.6829 -0.6789 0.2697

PART 32
OFFSET 1.0144 -2.5081 -8.7931
SCALE 1 1 1
X -0.6072 -0.7283 -0.3177
Y -0.2874 0.5740 -0.7667
Z 0.7408 -0.3743 -0.5578

PART 33
OFFSET 0.8100 -2.3439 -7.5828
SCALE 1 1 1
X -0.6072 -0.7283 -0.3177
Y -0.2874 0.5740 -0.7667
Z 0.7408 -0.3743 -0.5578

PART 34
OFFSET 1.4249 -3.2320 -6.3960
SCALE 1 1 1
X -0.6072 -0.7283 -0.3177
Y -0.2874 0.5740 -0.7667
Z 0.7408 -0.3743 -0.5578

PART 35
OFFSET 2.8106 -2.3025 -7.5510
SCALE 1 1 1
X -0.7883 -0.6079 0.0946
Y 0.0503 -0.2169 -0.9749
Z 0.6132 -0.7638 0.2016

PART 36
OFFSET 2.8649 -1.5061 -6.7356
SCALE 1 1 1
X -0.2283 -0.9610 -0.1559
Y 0.5594 0.0016 -0.8289
Z 0.7968 -0.2765 0.5372

PART 37
OFFSET 3.2574 0.5830 -6.3463
SCALE 1 1 1
X -0.7375 -0.5954 0.3188
Y 0.2966 -0.7096 -0.6391
Z 0.6067 -0.3768 0.6999

PART 38
OFFSET 4.3978 1.5440 -6.9774
SCALE 1 1 1
X -0.6802 -0.1327 0.7209
Y -0.1643 -0.9308 -0.3264
Z 0.7144 -0.3405 0.6113

PART 39
OFFSET 5.1035 1.7189 -7.7794
SCALE 1 1 1
X -0.9949 -0.0711 0.0722
Y -0.1007 0.6139 -0.7830
Z 0.0113 -0.7862 -0.6178

PART 40
OFFSET 3.4077 -1.8660 -8.7157
SCALE 1 1 1
X -0.6589 -0.3965 0.6393
Y 0.6549 -0.7204 0.2282
Z 0.3701 0.5690 0.7343

PART 41
OFFSET 4.8616 -0.8040 -10.0732
SCALE 1 1 1
X 0.3045 -0.9486 0.0856
Y 0.7449 0.1812 -0.6421
Z 0.5936 0.2593 0.7618

PART 42
OFFSET 4.4305 0.5391 -10.1943
SCALE 1 1 1
X 0.8021 -0.0378 -0.5960
Y -0.0937 0.9777 -0.1881
Z 0.5898 0.2067 0.7806

PART 43
OFFSET 3.7193 0.5726 -9.6659
SCALE 1 1 1
X 0.4536 0.6790 -0.5772
Y -0.6809 0.6819 0.2672
Z 0.5750 0.2718 0.7717

PART 44
OFFSET 3.2884 -0.0725 -9.1176
SCALE 1 1 1
X -0.0027 -0.9868 0.1621
Y -0.7333 0.1122 0.6706
Z -0.6799 -0.1171 -0.7239

PART 45
OFFSET 3.6332 -1.6948 -8.0604
SCALE 1 1 1
X -0.7668 -0.5108 0.3887
Y 0.6205 -0.7448 0.2452
Z 0.1643 0.4293 0.8881

PART 46
OFFSET 5.6126 -0.4492 -9.1959
SCALE 1 1 1
X 0.4346 -0.8958 0.0931
Y 0.7954 0.3333 -0.5063
Z 0.4225 0.2941 0.8573

PART 47
OFFSET 4.8727 1.0760 -9.3543
SCALE 1 1 1
X 0.8662 0.1530 -0.4757
Y -0.2593 0.9514 -0.1662
Z 0.4272 0.2673 0.8637

PART 48
OFFSET 3.6722 0.8640 -8.6950
SCALE 1 1 1
X 0.4705 0.7530 -0.4600
Y -0.7750 0.6019 0.1925
Z 0.4219 0.2660 0.8668

PART 49
OFFSET 3.1619 0.0473 -8.1960
SCALE 1 1 1
X 0.0780 -0.9477 0.3096
Y -0.9220 0.0495 0.3840
Z -0.3792 -0.3154 -0.8699

PART 50
OFFSET -0.1842 -5.0587 -6.2249
SCALE 1 1 1
X -0.5810 -0.7424 0.3336
Y -0.8134 0.5451 -0.2034
Z -0.0308 -0.3895 -0.9205

PART 51
OFFSET 6.0723 -0.0538 -7.1093
SCALE 1 1 1
X -0.5960 -0.7751 0.2098
Y 0.8030 -0.5779 0.1459
Z 0.0082 0.2554 0.9668

PART 52
OFFSET 7.1216 1.3109 -7.4787
SCALE 1 1 1
X -0.0335 -0.9568 0.2887
Y 0.9989 -0.0226 0.0408
Z -0.0325 0.2898 0.9565

PART 53
OFFSET 7.1603 2.4917 -7.7716
SCALE 1 1 1
X 0.6963 -0.6976 0.1690
Y 0.7176 0.6813 -0.1443
Z -0.0145 0.2218 0.9750

PART 54
OFFSET 6.3738 3.2796 -7.9625
SCALE 1 1 1
X -0.8786 -0.3256 0.3495
Y -0.4413 0.8332 -0.3333
Z -0.1827 -0.4470 -0.8757

PART 55
OFFSET 5.9328 -0.2170 -8.1930
SCALE 1 1 1
X 0.4194 -0.9047 0.0749
Y 0.8927 0.3960 -0.2154
Z 0.1652 0.1572 0.9737

PART 56
OFFSET 5.1135 1.5504 -8.3393
SCALE 1 1 1
X 0.9807 0.0732 -0.1815
Y -0.1069 0.9772 -0.1835
Z 0.1639 0.1994 0.9661

PART 57
OFFSET 12.1710 5.3896 -9.7975
SCALE 1 1 1
X 0.9944 -0.0811 -0.0675
Y 0.0904 0.3242 0.9417
Z -0.0544 -0.9425 0.3297

PART 58
OFFSET 12.1710 5.3896 -9.7975
SCALE 1 1 1
X 0.9944 -0.0811 -0.0675
Y 0.0904 0.3242 0.9417
Z -0.0544 -0.9425 0.3297

PART 59
OFFSET 3.6332 -1.6948 -8.0604
SCALE 1 1 1
X -0.7668 -0.5108 0.3887
Y 0.6205 -0.7448 0.2452
Z 0.1643 0.4293 0.8881

PART 60
OFFSET 3.6332 -1.6948 -8.0604
SCALE 1 1 1
X -0.7668 -0.5108 0.3887
Y 0.6205 -0.7448 0.2452
Z 0.1643 0.4293 0.8881

PART 61
OFFSET 7.5573 -3.0450 -0.6380
SCALE 1 1 1
X 0.9999 0.0121 -0.0023
Y -0.0122 0.9983 -0.0570
Z 0.0016 0.0570 0.9984

PART 62
OFFSET 4.9035 7.2392 -9.1820
SCALE 1 1 1
X 0.2427 -0.0719 -0.9674
Y 0.2425 -0.9611 0.1323
Z -0.9393 -0.2667 -0.2158

PART 63
OFFSET 7.8386 6.3693 -20.8821
SCALE 1 1 1
X 0.2763 -0.0737 0.9582
Y -0.9223 0.2599 0.2859
Z -0.2702 -0.9628 0.0038

PART 64
OFFSET 10.1885 5.7422 -12.7318
SCALE 1 1 1
X 0.2763 -0.0737 0.9582
Y 0.9391 0.2328 -0.2529
Z -0.2044 0.9697 0.1335

PART 65
OFFSET 11.6845 7.2568 -11.5892
SCALE 1 1 1
X 0.2825 -0.0726 0.9565
Y 0.2826 0.9592 -0.0106
Z -0.9167 0.2733 0.2915

PART 66
OFFSET 3.6811 1.4436 -8.0742
SCALE 1 1 1
X 0.4859 0.8276 -0.2810
Y -0.8640 0.5034 -0.0114
Z 0.1320 0.2483 0.9596

PART 67
OFFSET 3.1293 0.5048 -7.7628
SCALE 1 1 1
X 0.1708 -0.9720 0.1614
Y -0.9614 -0.1285 0.2432
Z -0.2156 -0.1967 -0.9565

PART 68
OFFSET 0.0000 0.0000 0.0000
SCALE 1 1 1
X 1.0000 0.0000 0.0000
Y 0.0000 1.0000 0.0000
Z 0.0000 0.0000 1.0000

PART 69
OFFSET 0.0000 0.0000 0.0000
SCALE 1 1 1
X 1.0000 0.0000 0.0000
Y 0.0000 1.0000 0.0000
Z 0.0000 0.0000 1.0000

PART 70
OFFSET 1.5404 0.0000 4.1357
SCALE 1 1 1
X 1.0000 0.0000 0.0000
Y 0.0000 1.0000 0.0000
Z 0.0000 0.0000 1.0000

PART 71
OFFSET 6.2876 1.6694 -6.5749
SCALE 1 1 1
X 0.8196 0.5137 -0.2538
Y -0.5391 0.8414 -0.0380
Z 0.1940 0.1679 0.9665

PART 72
OFFSET 5.8951 0.4417 -4.3809
SCALE 1 1 1
X 0.5078 -0.6299 0.5876
Y 0.8545 0.4551 -0.2506
Z -0.1096 0.6293 0.7694

PART 73
OFFSET 6.0515 0.4021 -4.1062
SCALE 1 1 1
X 0.8234 0.5170 -0.2339
Y -0.5391 0.8414 -0.0380
Z 0.1772 0.1574 0.9715

PART 74
OFFSET 18.3978 9.4034 -8.4636
SCALE 1 1 1
X 0.8196 0.5137 -0.2538
Y -0.5391 0.8414 -0.0380
Z 0.1940 0.1679 0.9665

PART 75
OFFSET 9.0720 3.4230 -7.5452
SCALE 1 1 1
X 0.8196 0.5137 -0.2538
Y -0.5391 0.8414 -0.0380
Z 0.1940 0.1679 0.9665


FRAME 112
PART 0
OFFSET 18.1760 4.9832 -7.1400
SCALE 1 1 1
X 0.8671 -0.4362 0.2406
Y 0.1734 -0.1885 -0.9666
Z 0.4670 0.8799 -0.0878

PART 1
OFFSET 16.3677 3.7982 -9.1856
SCALE 1 1 1
X 0.9316 -0.0885 0.3526
Y -0.3010 0.3561 0.8847
Z -0.2039 -0.9303 0.3051

PART 2
OFFSET 18.1876 3.6252 -8.4968
SCALE 1 1 1
X -0.4558 0.3883 0.8009
Y -0.8555 0.0571 -0.5146
Z -0.2455 -0.9198 0.3062

PART 3
OFFSET 17.5218 4.1923 -7.3270
SCALE 1 1 1
X -0.8971 0.1541 -0.4141
Y 0.3436 -0.3459 -0.8731
Z -0.2778 -0.9255 0.2574

PART 4
OFFSET 16.5035 4.3605 -7.7936
SCALE 1 1 1
X 0.4862 0.1620 0.8587
Y 0.8174 -0.4319 -0.3813
Z 0.3091 0.8873 -0.3424

PART 5
OFFSET 7.1616 0.6318 -5.8680
SCALE 1 1 1
X 0.8917 0.4114 -0.1884
Y -0.4175 0.9086 0.0080
Z 0.1745 0.0715 0.9821

PART 6
OFFSET 10.2785 2.6092 -9.5126
SCALE 1 1 1
X 0.3262 0.1027 0.9397
Y 0.4263 0.8712 -0.2432
Z -0.8437 0.4800 0.2405

PART 7
OFFSET 10.3900 4.5045 -9.2497
SCALE 1 1 1
X 0.3262 0.1027 0.9397
Y 0.4263 0.8712 -0.2432
Z -0.8437 0.4800 0.2405

PART 8
OFFSET 16.0958 6.2592 -7.3625
SCALE 1 1 1
X 0.8883 0.2265 0.3996
Y -0.1589 0.9678 -0.1954
Z -0.4309 0.1101 0.8956

PART 9
OFFSET 13.5937 2.8980 -8.2565
SCALE 1 1 1
X 0.9175 -0.3258 0.2283
Y -0.0929 0.3825 0.9193
Z -0.3868 -0.8646 0.3207

PART 10
OFFSET 12.7005 2.2994 -10.7522
SCALE 1 1 1
X 0.3262 0.1027 0.9397
Y 0.4263 0.8712 -0.2432
Z -0.8437 0.4800 0.2405

PART 11
OFFSET 11.3221 5.8452 -9.6410
SCALE 1 1 1
X 0.3262 0.1027 0.9397
Y 0.4263 0.8712 -0.2432
Z -0.8437 0.4800 0.2405

PART 12
OFFSET 17.0340 6.5257 -6.8927
SCALE 1 1 1
X 0.8998 0.2959 -0.3206
Y -0.1381 -0.5040 -0.8526
Z -0.4139 0.8114 -0.4127

PART 13
OFFSET 12.5909 3.7384 -8.6941
SCALE 1 1 1
X 0.9874 0.1142 -0.1096
Y -0.1437 0.9373 -0.3175
Z 0.0665 0.3293 0.9419

PART 14
OFFSET 14.6071 5.9686 -7.9296
SCALE 1 1 1
X 0.9365 0.2107 0.2804
Y -0.1786 0.9745 -0.1357
Z -0.3018 0.0770 0.9503

PART 15
OFFSET 16.5086 2.9119 -6.6664
SCALE 1 1 1
X -0.8567 0.4412 0.2674
Y -0.4819 -0.4993 -0.7200
Z -0.1841 -0.7457 0.6404

PART 16
OFFSET 15.7000 2.3389 -7.6775
SCALE 1 1 1
X 0.5711 0.4047 0.7141
Y -0.7872 0.5165 0.3369
Z -0.2325 -0.7546 0.6136

PART 17
OFFSET 16.2341 2.8941 -8.6041
SCALE 1 1 1
X 0.6598 0.1698 0.7320
Y -0.7080 0.4670 0.5298
Z -0.2520 -0.8678 0.4283

PART 18
OFFSET 14.8612 3.2856 -6.7666
SCALE 1 1 1
X 0.5640 0.5188 0.6425
Y 0.7928 -0.5579 -0.2455
Z 0.2311 0.6478 -0.7259

PART 19
OFFSET 15.7491 3.3031 -6.4293
SCALE 1 1 1
X -0.9347 -0.0184 -0.3551
Y 0.2883 -0.6239 -0.7264
Z -0.2081 -0.7813 0.5885

PART 20
OFFSET 13.7061 3.5001 -8.6231
SCALE 1 1 1
X 0.9842 -0.1772 -0.0011
Y 0.0525 0.2854 0.9570
Z -0.1692 -0.9419 0.2902

PART 21
OFFSET 12.9236 4.8295 -8.6631
SCALE 1 1 1
X 0.8079 0.4828 0.3380
Y -0.3261 0.8439 -0.4259
Z -0.4909 0.2339 0.8392

PART 22
OFFSET 17.3574 3.1831 -7.3578
SCALE 1 1 1
X -0.8786 0.3796 0.2898
Y -0.4195 -0.3232 -0.8483
Z -0.2284 -0.8669 0.4432

PART 23
OFFSET 16.1397 3.7092 -6.9561
SCALE 1 1 1
X -0.7790 -0.1138 -0.6166
Y 0.5861 -0.4814 -0.6517
Z -0.2227 -0.8691 0.4417

PART 24
OFFSET 15.2948 3.5858 -7.6248
SCALE 1 1 1
X 0.2925 0.3254 0.8992
Y 0.9357 -0.2914 -0.1989
Z 0.1973 0.8995 -0.3897

PART 25
OFFSET 15.4422 5.7553 -9.0314
SCALE 1 1 1
X 0.9753 0.0178 0.2202
Y 0.2177 -0.2450 -0.9448
Z 0.0372 0.9694 -0.2428

PART 26
OFFSET 16.3052 4.7681 -9.7108
SCALE 1 1 1
X 0.9108 -0.1498 0.3848
Y -0.3174 0.3420 0.8845
Z -0.2641 -0.9277 0.2639

PART 27
OFFSET 17.9087 4.5044 -9.0333
SCALE 1 1 1
X 0.6059 0.0194 0.7953
Y -0.7550 0.3291 0.5672
Z -0.2507 -0.9441 0.2140

PART 28
OFFSET 18.6606 4.5852 -8.0795
SCALE 1 1 1
X -0.4290 0.3523 0.8317
Y -0.8753 0.0652 -0.4791
Z -0.2231 -0.9336 0.2804

PART 29
OFFSET -9.5796 -3.2154 -3.5895
SCALE 1 1 1
X -0.4559 0.6273 0.6314
Y -0.2293 -0.7682 0.5977
Z 0.8600 0.1276 0.4941

PART 30
OFFSET -4.0665 -10.8021 -11.2256
SCALE 1 1 1
X -0.6297 -0.6966 -0.3437
Y 0.7385 -0.3996 -0.5432
Z 0.2411 -0.5959 0.7660

PART 31
OFFSET 1.2898 -4.8770 -8.3022
SCALE 1 1 1
X -0.6297 -0.6966 -0.3437
Y 0.4397 0.0451 -0.8970
Z 0.6404 -0.7160 0.2779

PART 32
OFFSET 1.4336 -2.8404 -8.5099
SCALE 1 1 1
X -0.6348 -0.6926 -0.3426
Y -0.2499 0.6035 -0.7572
Z 0.7312 -0.3951 -0.5562

PART 33
OFFSET 1.2163 -2.6906 -7.3009
SCALE 1 1 1
X -0.6348 -0.6926 -0.3426
Y -0.2499 0.6035 -0.7572
Z 0.7312 -0.3951 -0.5562

PART 34
OFFSET 1.7682 -3.6226 -6.1371
SCALE 1 1 1
X -0.6348 -0.6926 -0.3426
Y -0.2499 0.6035 -0.7572
Z 0.7312 -0.3951 -0.5562

PART 35
OFFSET 3.2204 -2.7413 -7.2485
SCALE 1 1 1
X -0.8670 -0.4978 0.0237
Y 0.0610 -0.1533 -0.9863
Z 0.4946 -0.8536 0.1632

PART 36
OFFSET 3.3484 -2.0190 -6.3744
SCALE 1 1 1
X -0.3503 -0.9068 -0.2346
Y 0.5885 -0.0182 -0.8083
Z 0.7287 -0.4212 0.5400

PART 37
OFFSET 4.0050 -0.0369 -5.8176
SCALE 1 1 1
X -0.8243 -0.5081 0.2497
Y 0.2237 -0.6975 -0.6807
Z 0.5200 -0.5053 0.6887

PART 38
OFFSET 5.2908 0.7982 -6.3385
SCALE 1 1 1
X -0.7214 -0.0870 0.6870
Y -0.2757 -0.8740 -0.4002
Z 0.6352 -0.4781 0.6065

PART 39
OFFSET 6.0466 0.9291 -7.1023
SCALE 1 1 1
X -0.9974 0.0628 0.0351
Y 0.0166 0.6750 -0.7376
Z -0.0700 -0.7351 -0.6743

PART 40
OFFSET 3.9194 -2.3117 -8.3577
SCALE 1 1 1
X -0.7330 -0.3445 0.5865
Y 0.5404 -0.8186 0.1946
Z 0.4131 0.4596 0.7862

PART 41
OFFSET 5.5603 -1.3704 -9.5849
SCALE 1 1 1
X 0.1684 -0.9854 0.0242
Y 0.7889 0.1201 -0.6026
Z 0.5909 0.1206 0.7977

PART 42
OFFSET 5.3218 0.0247 -9.6191
SCALE 1 1 1
X 0.8137 -0.1075 -0.5712
Y 0.0486 0.9919 -0.1175
Z 0.5792 0.0678 0.8123

PART 43
OFFSET 4.6003 0.1200 -9.1126
SCALE 1 1 1
X 0.5658 0.6478 -0.5100
Y -0.5921 0.7498 0.2954
Z 0.5738 0.1348 0.8078

PART 44
OFFSET 4.0628 -0.4955 -8.6281
SCALE 1 1 1
X -0.1441 -0.9857 0.0878
Y -0.7386 0.1662 0.6533
Z -0.6586 0.0293 -0.7520

PART 45
OFFSET 4.1386 -2.2196 -7.6846
SCALE 1 1 1
X -0.8448 -0.4252 0.3248
Y 0.5024 -0.8391 0.2084
Z 0.1839 0.3393 0.9225

PART 46
OFFSET 6.3149 -1.1850 -8.6601
SCALE 1 1 1
X 0.3042 -0.9518 0.0396
Y 0.8538 0.2540 -0.4544
Z 0.4224 0.1720 0.8899

PART 47
OFFSET 5.7970 0.4354 -8.7275
SCALE 1 1 1
X 0.8981 0.0639 -0.4352
Y -0.1201 0.9874 -0.1027
Z 0.4231 0.1445 0.8945

PART 48
OFFSET 4.5524 0.3468 -8.1244
SCALE 1 1 1
X 0.5875 0.7106 -0.3872
Y -0.6932 0.6888 0.2123
Z 0.4175 0.1437 0.8972

PART 49
OFFSET 3.9152 -0.4238 -7.7045
SCALE 1 1 1
X -0.0649 -0.9686 0.2401
Y -0.9219 0.1503 0.3571
Z -0.3819 -0.1982 -0.9027

PART 50
OFFSET -0.1744 -5.1411 -6.2282
SCALE 1 1 1
X -0.6900 -0.6761 0.2585
Y -0.7224 0.6655 -0.1877
Z -0.0451 -0.3162 -0.9476

PART 51
OFFSET 6.7363 -1.0033 -6.5364
SCALE 1 1 1
X -0.7041 -0.6977 0.1321
Y 0.7101 -0.6925 0.1276
Z 0.0025 0.1837 0.9830

PART 52
OFFSET 7.9761 0.2250 -6.7691
SCALE 1 1 1
X -0.1754 -0.9607 0.2151
Y 0.9840 -0.1638 0.0707
Z -0.0326 0.2240 0.9740

PART 53
OFFSET 8.1873 1.4066 -6.9714
SCALE 1 1 1
X 0.5872 -0.7975 0.1384
Y 0.8090 0.5836 -0.0701
Z -0.0249 0.1531 0.9879

PART 54
OFFSET 7.5240 2.3074 -7.1277
SCALE 1 1 1
X -0.9285 -0.2241 0.2961
Y -0.3095 0.9075 -0.2838
Z -0.2051 -0.3552 -0.9120

PART 55
OFFSET 6.6213 -1.0696 -7.6332
SCALE 1 1 1
X 0.2889 -0.9572 0.0202
Y 0.9464 0.2823 -0.1567
Z 0.1442 0.0644 0.9874

PART 56
OFFSET 6.0570 0.8003 -7.6726
SCALE 1 1 1
X 0.9882 -0.0511 -0.1443
Y 0.0348 0.9930 -0.1132
Z 0.1491 0.1068 0.9830

PART 57
OFFSET 13.7061 3.5001 -8.6231
SCALE 1 1 1
X 0.9842 -0.1772 -0.0011
Y 0.0525 0.2854 0.9570
Z -0.1692 -0.9419 0.2902

PART 58
OFFSET 13.7061 3.5001 -8.6231
SCALE 1 1 1
X 0.9842 -0.1772 -0.0011
Y 0.0525 0.2854 0.9570
Z -0.1692 -0.9419 0.2902

PART 59
OFFSET 4.1386 -2.2196 -7.6846
SCALE 1 1 1
X -0.8448 -0.4252 0.3248
Y 0.5024 -0.8391 0.2084
Z 0.1839 0.3393 0.9225

PART 60
OFFSET 4.1386 -2.2196 -7.6846
SCALE 1 1 1
X -0.8448 -0.4252 0.3248
Y 0.5024 -0.8391 0.2084
Z 0.1839 0.3393 0.9225

PART 61
OFFSET 7.5573 -3.0450 -0.6380
SCALE 1 1 1
X 0.9999 0.0121 -0.0023
Y -0.0122 0.9983 -0.0570
Z 0.0016 0.0570 0.9984

PART 62
OFFSET 4.9035 7.2392 -9.1820
SCALE 1 1 1
X 0.3294 -0.3881 -0.8607
Y 0.0752 -0.8979 0.4337
Z -0.9412 -0.2076 -0.2666

PART 63
OFFSET 8.8878 2.5456 -19.5916
SCALE 1 1 1
X 0.3200 0.1031 0.9418
Y -0.8517 0.4668 0.2383
Z -0.4150 -0.8783 0.2372

PART 64
OFFSET 11.6097 3.4224 -11.5813
SCALE 1 1 1
X 0.3200 0.1031 0.9418
Y 0.7105 0.6315 -0.3106
Z -0.6267 0.7685 0.1288

PART 65
OFFSET 13.3894 4.8906 -10.8639
SCALE 1 1 1
X 0.3262 0.1027 0.9397
Y 0.4263 0.8712 -0.2432
Z -0.8437 0.4800 0.2405

PART 66
OFFSET 4.6136 0.8750 -7.4619
SCALE 1 1 1
X 0.6053 0.7697 -0.2027
Y -0.7862 0.6180 -0.0011
Z 0.1244 0.1600 0.9792

PART 67
OFFSET 3.9266 0.0025 -7.2393
SCALE 1 1 1
X 0.0300 -0.9952 0.0935
Y -0.9793 -0.0106 0.2022
Z -0.2003 -0.0977 -0.9749

PART 68
OFFSET 0.0000 0.0000 0.0000
SCALE 1 1 1
X 1.0000 0.0000 0.0000
Y 0.0000 1.0000 0.0000
Z 0.0000 0.0000 1.0000

PART 69
OFFSET 0.0000 0.0000 0.0000
SCALE 1 1 1
X 1.0000 0.0000 0.0000
Y 0.0000 1.0000 0.0000
Z 0.0000 0.0000 1.0000

PART 70
OFFSET 1.5404 0.0000 4.1357
SCALE 1 1 1
X 1.0000 0.0000 0.0000
Y 0.0000 1.0000 0.0000
Z 0.0000 0.0000 1.0000

PART 71
OFFSET 7.1616 0.6318 -5.8680
SCALE 1 1 1
X 0.8917 0.4114 -0.1884
Y -0.4175 0.9086 0.0080
Z 0.1745 0.0715 0.9821

PART 72
OFFSET 6.5145 -0.6796 -3.7855
SCALE 1 1 1
X 0.3924 -0.7338 0.5546
Y 0.9181 0.3485 -0.1886
Z -0.0549 0.5832 0.8105

PART 73
OFFSET 6.6525 -0.7596 -3.5098
SCALE 1 1 1
X 0.8951 0.4128 -0.1683
Y -0.4175 0.9086 0.0080
Z 0.1563 0.0631 0.9857

PART 74
OFFSET 20.2798 6.7236 -6.7870
SCALE 1 1 1
X 0.8917 0.4114 -0.1884
Y -0.4175 0.9086 0.0080
Z 0.1745 0.0715 0.9821

PART 75
OFFSET 10.1968 2.0456 -6.6154
SCALE 1 1 1
X 0.8917 0.4114 -0.1884
Y -0.4175 0.9086 0.0080
Z 0.1745 0.0715 0.9821


FRAME 113
PART 0
OFFSET 19.7133 2.6670 -5.4226
SCALE 1 1 1
X 0.7937 -0.5004 0.3458
Y 0.2828 -0.1997 -0.9381
Z 0.5385 0.8424 -0.0170

PART 1
OFFSET 18.1226 1.6257 -7.6915
SCALE 1 1 1
X 0.8259 -0.0996 0.5549
Y -0.4806 0.3902 0.7853
Z -0.2947 -0.9153 0.2744

PART 2
OFFSET 19.7361 1.4312 -6.6074
SCALE 1 1 1
X -0.6118 0.4234 0.6682
Y -0.7165 0.0613 -0.6949
Z -0.3352 -0.9039 0.2659

PART 3
OFFSET 18.8425 2.0496 -5.6314
SCALE 1 1 1
X -0.7766 0.1624 -0.6087
Y 0.5198 -0.3807 -0.7647
Z -0.3559 -0.9103 0.2112

PART 4
OFFSET 17.9601 2.2273 -6.3188
SCALE 1 1 1
X 0.2862 0.1768 0.9417
Y 0.8687 -0.4626 -0.1771
Z 0.4043 0.8687 -0.2860

PART 5
OFFSET 8.3079 -0.2328 -5.1953
SCALE 1 1 1
X 0.9454 0.3042 -0.1171
Y -0.2991 0.9524 0.0595
Z 0.1296 -0.0212 0.9913

PART 6
OFFSET 11.9675 1.0853 -8.7935
SCALE 1 1 1
X 0.2768 -0.1256 0.9527
Y 0.5155 0.8561 -0.0369
Z -0.8110 0.5013 0.3017

PART 7
OFFSET 12.2299 2.8654 -8.1332
SCALE 1 1 1
X 0.2768 -0.1256 0.9527
Y 0.5155 0.8561 -0.0369
Z -0.8110 0.5013 0.3017

PART 8
OFFSET 17.7631 4.2773 -6.2231
SCALE 1 1 1
X 0.8827 0.0288 0.4691
Y 0.0554 0.9848 -0.1646
Z -0.4667 0.1713 0.8677

PART 9
OFFSET 15.2086 0.8910 -7.1103
SCALE 1 1 1
X 0.8653 -0.3851 0.3208
Y -0.1665 0.3828 0.9087
Z -0.4728 -0.8397 0.2671

PART 10
OFFSET 14.4231 0.7990 -9.9713
SCALE 1 1 1
X 0.2768 -0.1256 0.9527
Y 0.5155 0.8561 -0.0369
Z -0.8110 0.5013 0.3017

PART 11
OFFSET 13.2987 4.1589 -8.1953
SCALE 1 1 1
X 0.2768 -0.1256 0.9527
Y 0.5155 0.8561 -0.0369
Z -0.8110 0.5013 0.3017

PART 12
OFFSET 18.6972 4.3330 -5.6789
SCALE 1 1 1
X 0.9628 0.1141 -0.2450
Y -0.1718 -0.4415 -0.8807
Z -0.2087 0.8900 -0.4054

PART 13
OFFSET 14.3170 1.7874 -7.6625
SCALE 1 1 1
X 0.9984 0.0562 0.0116
Y -0.0493 0.9433 -0.3282
Z -0.0294 0.3271 0.9445

PART 14
OFFSET 16.2863 4.1487 -6.8749
SCALE 1 1 1
X 0.9366 0.1074 0.3335
Y -0.0584 0.9864 -0.1538
Z -0.3455 0.1246 0.9301

PART 15
OFFSET 17.7858 0.7912 -5.1736
SCALE 1 1 1
X -0.8093 0.5682 0.1488
Y -0.4529 -0.4424 -0.7741
Z -0.3740 -0.6939 0.6154

PART 16
OFFSET 17.2013 0.1949 -6.3170
SCALE 1 1 1
X 0.4128 0.4211 0.8076
Y -0.8106 0.5741 0.1150
Z -0.4152 -0.7021 0.5784

PART 17
OFFSET 17.8670 0.7324 -7.1347
SCALE 1 1 1
X 0.5505 0.1317 0.8244
Y -0.7287 0.5575 0.3976
Z -0.4072 -0.8197 0.4029

PART 18
OFFSET 16.1959 1.5977 -5.2653
SCALE 1 1 1
X 0.7644 0.2433 0.5971
Y 0.5350 -0.7562 -0.3768
Z 0.3598 0.6075 -0.7082

PART 19
OFFSET 17.0682 1.2949 -5.0417
SCALE 1 1 1
X -0.9182 0.3186 -0.2354
Y -0.0077 -0.6083 -0.7936
Z -0.3961 -0.7269 0.5610

PART 20
OFFSET 15.3996 1.4846 -7.4578
SCALE 1 1 1
X 0.9650 -0.2342 0.1176
Y -0.0477 0.2842 0.9576
Z -0.2577 -0.9297 0.2631

PART 21
OFFSET 14.7064 2.8573 -7.5862
SCALE 1 1 1
X 0.7626 0.5552 0.3320
Y -0.3580 0.7897 -0.4983
Z -0.5388 0.2611 0.8009

PART 22
OFFSET 18.8043 0.9565 -5.7312
SCALE 1 1 1
X -0.8678 0.4781 0.1355
Y -0.3126 -0.3132 -0.8967
Z -0.3863 -0.8205 0.4213

PART 23
OFFSET 17.6016 1.6192 -5.5434
SCALE 1 1 1
X -0.8456 0.1259 -0.5188
Y 0.3742 -0.5534 -0.7442
Z -0.3807 -0.8234 0.4208

PART 24
OFFSET 16.6846 1.7557 -6.1060
SCALE 1 1 1
X 0.4603 0.1725 0.8708
Y 0.8072 -0.4896 -0.3297
Z 0.3695 0.8547 -0.3646

PART 25
OFFSET 17.3006 3.6338 -7.6416
SCALE 1 1 1
X 0.9407 -0.0386 0.3371
Y 0.3163 -0.2596 -0.9125
Z 0.1227 0.9650 -0.2320

PART 26
OFFSET 18.1809 2.5964 -8.2158
SCALE 1 1 1
X 0.8395 -0.2183 0.4976
Y -0.4032 0.3637 0.8398
Z -0.3643 -0.9056 0.2173

PART 27
OFFSET 19.6590 2.2121 -7.3397
SCALE 1 1 1
X 0.4974 -0.0273 0.8671
Y -0.7956 0.3841 0.4685
Z -0.3458 -0.9229 0.1694

PART 28
OFFSET 20.2847 2.2350 -6.2959
SCALE 1 1 1
X -0.5059 0.3825 0.7732
Y -0.7985 0.1314 -0.5875
Z -0.3263 -0.9146 0.2389

PART 29
OFFSET -9.4800 -3.2126 -3.5506
SCALE 1 1 1
X -0.4836 0.6044 0.6331
Y -0.2586 -0.7897 0.5563
Z 0.8362 0.1054 0.5382

PART 30
OFFSET -3.6308 -10.5218 -11.2073
SCALE 1 1 1
X -0.6639 -0.6536 -0.3634
Y 0.7195 -0.4258 -0.5486
Z 0.2038 -0.6257 0.7530

PART 31
OFFSET 2.0157 -4.9627 -8.1161
SCALE 1 1 1
X -0.6639 -0.6536 -0.3634
Y 0.4561 0.0312 -0.8894
Z 0.5926 -0.7562 0.2774

PART 32
OFFSET 2.2682 -2.9356 -8.2662
SCALE 1 1 1
X -0.6687 -0.6493 -0.3622
Y -0.2122 0.6336 -0.7440
Z 0.7126 -0.4206 -0.5615

PART 33
OFFSET 2.0489 -2.7992 -7.0569
SCALE 1 1 1
X -0.6687 -0.6493 -0.3622
Y -0.2122 0.6336 -0.7440
Z 0.7126 -0.4206 -0.5615

PART 34
OFFSET 2.5389 -3.7775 -5.9219
SCALE 1 1 1
X -0.6687 -0.6493 -0.3622
Y -0.2122 0.6336 -0.7440
Z 0.7126 -0.4206 -0.5615

PART 35
OFFSET 4.0510 -2.9590 -7.0019
SCALE 1 1 1
X -0.9230 -0.3813 -0.0525
Y 0.0936 -0.0900 -0.9915
Z 0.3733 -0.9201 0.1187

PART 36
OFFSET 4.2226 -2.3229 -6.0702
SCALE 1 1 1
X -0.4491 -0.8347 -0.3186
Y 0.6237 -0.0375 -0.7808
Z 0.6398 -0.5494 0.5375

PART 37
OFFSET 5.0939 -0.4873 -5.3346
SCALE 1 1 1
X -0.8941 -0.4129 0.1737
Y 0.1696 -0.6709 -0.7218
Z 0.4146 -0.6159 0.6699

PART 38
OFFSET 6.5009 0.2082 -5.7331
SCALE 1 1 1
X -0.7622 -0.0407 0.6460
Y -0.3623 -0.8003 -0.4778
Z 0.5365 -0.5983 0.5952

PART 39
OFFSET 7.3068 0.2932 -6.4508
SCALE 1 1 1
X -0.9819 0.1893 -0.0039
Y 0.1411 0.7174 -0.6822
Z -0.1264 -0.6704 -0.7312

PART 40
OFFSET 4.8568 -2.5468 -8.0432
SCALE 1 1 1
X -0.8011 -0.2863 0.5256
Y 0.4210 -0.8937 0.1548
Z 0.4254 0.3453 0.8365

PART 41
OFFSET 6.6670 -1.7436 -9.1213
SCALE 1 1 1
X 0.0406 -0.9982 -0.0440
Y 0.8289 0.0582 -0.5564
Z 0.5580 -0.0139 0.8297

PART 42
OFFSET 6.6096 -0.3303 -9.0590
SCALE 1 1 1
X 0.8229 -0.1722 -0.5415
Y 0.1801 0.9829 -0.0389
Z 0.5389 -0.0656 0.8398

PART 43
OFFSET 5.8800 -0.1776 -8.5789
SCALE 1 1 1
X 0.6699 0.6028 -0.4335
Y -0.5072 0.7979 0.3257
Z 0.5423 0.0017 0.8402

PART 44
OFFSET 5.2436 -0.7503 -8.1671
SCALE 1 1 1
X -0.2724 -0.9622 0.0056
Y -0.7454 0.2147 0.6311
Z -0.6084 0.1677 -0.7757

PART 45
OFFSET 5.0497 -2.5316 -7.3561
SCALE 1 1 1
X -0.9080 -0.3333 0.2539
Y 0.3803 -0.9100 0.1652
Z 0.1760 0.2466 0.9530

PART 46
OFFSET 7.3885 -1.7232 -8.1530
SCALE 1 1 1
X 0.1786 -0.9837 -0.0203
Y 0.9021 0.1720 -0.3957
Z 0.3927 0.0524 0.9182

PART 47
OFFSET 7.0843 -0.0484 -8.1184
SCALE 1 1 1
X 0.9209 -0.0231 -0.3892
Y 0.0116 0.9994 -0.0318
Z 0.3897 0.0248 0.9206

PART 48
OFFSET 5.8081 -0.0164 -7.5790
SCALE 1 1 1
X 0.6926 0.6535 -0.3054
Y -0.6107 0.7565 0.2339
Z 0.3839 0.0245 0.9230

PART 49
OFFSET 5.0569 -0.7251 -7.2478
SCALE 1 1 1
X -0.1997 -0.9664 0.1620
Y -0.9132 0.2435 0.3268
Z -0.3553 -0.0827 -0.9311

PART 50
OFFSET 0.3306 -4.9629 -6.3184
SCALE 1 1 1
X -0.7827 -0.5972 0.1754
Y -0.6214 0.7653 -0.1675
Z -0.0342 -0.2401 -0.9702

PART 51
OFFSET 7.7155 -1.7475 -6.0053
SCALE 1 1 1
X -0.7927 -0.6077 0.0472
Y 0.6090 -0.7862 0.1050
Z -0.0267 0.1120 0.9933

PART 52
OFFSET 9.1112 -0.6775 -6.0885
SCALE 1 1 1
X -0.3066 -0.9425 0.1328
Y 0.9502 -0.2949 0.1009
Z -0.0559 0.1571 0.9860

PART 53
OFFSET 9.4806 0.4779 -6.1901
SCALE 1 1 1
X 0.4735 -0.8749 0.1023
Y 0.8789 0.4769 0.0104
Z -0.0579 0.0850 0.9947

PART 54
OFFSET 8.9458 1.4660 -6.3056
SCALE 1 1 1
X -0.9638 -0.1218 0.2371
Y -0.1768 0.9578 -0.2265
Z -0.1995 -0.2603 -0.9447

PART 55
OFFSET 7.6517 -1.7207 -7.1079
SCALE 1 1 1
X 0.1640 -0.9856 -0.0407
Y 0.9815 0.1672 -0.0930
Z 0.0984 -0.0247 0.9948

PART 56
OFFSET 7.3312 0.2047 -7.0283
SCALE 1 1 1
X 0.9801 -0.1689 -0.1044
Y 0.1661 0.9855 -0.0350
Z 0.1088 0.0169 0.9939

PART 57
OFFSET 15.3996 1.4846 -7.4578
SCALE 1 1 1
X 0.9650 -0.2342 0.1176
Y -0.0477 0.2842 0.9576
Z -0.2577 -0.9297 0.2631

PART 58
OFFSET 15.3996 1.4846 -7.4578
SCALE 1 1 1
X 0.9650 -0.2342 0.1176
Y -0.0477 0.2842 0.9576
Z -0.2577 -0.9297 0.2631

PART 59
OFFSET 5.0497 -2.5316 -7.3561
SCALE 1 1 1
X -0.9080 -0.3333 0.2539
Y 0.3803 -0.9100 0.1652
Z 0.1760 0.2466 0.9530

PART 60
OFFSET 5.0497 -2.5316 -7.3561
SCALE 1 1 1
X -0.9080 -0.3333 0.2539
Y 0.3803 -0.9100 0.1652
Z 0.1760 0.2466 0.9530

PART 61
OFFSET 7.5573 -3.0450 -0.6380
SCALE 1 1 1
X 0.9999 0.0121 -0.0023
Y -0.0122 0.9983 -0.0570
Z 0.0016 0.0570 0.9984

PART 62
OFFSET 4.9035 7.2392 -9.1820
SCALE 1 1 1
X 0.5196 -0.3311 -0.7877
Y -0.0826 -0.9370 0.3394
Z -0.8504 -0.1113 -0.5142

PART 63
OFFSET 11.1872 3.2347 -18.7079
SCALE 1 1 1
X 0.2705 -0.1251 0.9546
Y -0.8199 0.4897 0.2965
Z -0.5046 -0.8629 0.0299

PART 64
OFFSET 13.4878 2.1708 -10.5889
SCALE 1 1 1
X 0.2705 -0.1251 0.9546
Y 0.8566 0.4838 -0.1794
Z -0.4393 0.8662 0.2380

PART 65
OFFSET 15.3437 3.2765 -9.5069
SCALE 1 1 1
X 0.2768 -0.1256 0.9527
Y 0.5155 0.8561 -0.0369
Z -0.8110 0.5013 0.3017

PART 66
OFFSET 5.8996 0.4514 -6.8759
SCALE 1 1 1
X 0.7077 0.6968 -0.1163
Y -0.7006 0.7135 0.0119
Z 0.0913 0.0730 0.9931

PART 67
OFFSET 5.0970 -0.3379 -6.7512
SCALE 1 1 1
X -0.1011 -0.9947 0.0181
Y -0.9821 0.1026 0.1578
Z -0.1588 -0.0018 -0.9873

PART 68
OFFSET 0.0000 0.0000 0.0000
SCALE 1 1 1
X 1.0000 0.0000 0.0000
Y 0.0000 1.0000 0.0000
Z 0.0000 0.0000 1.0000

PART 69
OFFSET 0.0000 0.0000 0.0000
SCALE 1 1 1
X 1.0000 0.0000 0.0000
Y 0.0000 1.0000 0.0000
Z 0.0000 0.0000 1.0000

PART 70
OFFSET 1.5404 0.0000 4.1357
SCALE 1 1 1
X 1.0000 0.0000 0.0000
Y 0.0000 1.0000 0.0000
Z 0.0000 0.0000 1.0000

PART 71
OFFSET 8.3079 -0.2328 -5.1953
SCALE 1 1 1
X 0.9454 0.3042 -0.1171
Y -0.2991 0.9524 0.0595
Z 0.1296 -0.0212 0.9913

PART 72
OFFSET 7.3902 -1.5925 -3.2500
SCALE 1 1 1
X 0.2664 -0.8158 0.5133
Y 0.9636 0.2386 -0.1209
Z -0.0238 0.5268 0.8497

PART 73
OFFSET 7.5021 -1.7091 -2.9755
SCALE 1 1 1
X 0.9478 0.3038 -0.0968
Y -0.2991 0.9524 0.0595
Z 0.1103 -0.0274 0.9935

PART 74
OFFSET 22.1212 4.1509 -5.0689
SCALE 1 1 1
X 0.9454 0.3042 -0.1171
Y -0.2991 0.9524 0.0595
Z 0.1296 -0.0212 0.9913

PART 75
OFFSET 11.5330 0.8234 -5.6984
SCALE 1 1 1
X 0.9454 0.3042 -0.1171
Y -0.2991 0.9524 0.0595
Z 0.1296 -0.0212 0.9913


FRAME 114
PART 0
OFFSET 21.0606 0.3812 -4.0661
SCALE 1 1 1
X 0.7093 -0.5578 0.4309
Y 0.3914 -0.1967 -0.8989
Z 0.5862 0.8063 0.0788

PART 1
OFFSET 19.7420 -0.5045 -6.5446
SCALE 1 1 1
X 0.6765 -0.1065 0.7287
Y -0.6351 0.4165 0.6505
Z -0.3728 -0.9029 0.2141

PART 2
OFFSET 21.0635 -0.7125 -5.1210
SCALE 1 1 1
X -0.7355 0.4502 0.5062
Y -0.5394 0.0630 -0.8397
Z -0.4100 -0.8907 0.1965

PART 3
OFFSET 19.9892 -0.0549 -4.3816
SCALE 1 1 1
X -0.6147 0.1671 -0.7709
Y 0.6689 -0.4075 -0.6217
Z -0.4180 -0.8978 0.1387

PART 4
OFFSET 19.2896 0.1283 -5.2533
SCALE 1 1 1
X 0.0708 0.1895 0.9793
Y 0.8739 -0.4852 0.0307
Z 0.4809 0.8536 -0.2000

PART 5
OFFSET 9.6293 -1.1466 -4.8351
SCALE 1 1 1
X 0.9769 0.2059 -0.0572
Y -0.2008 0.9760 0.0845
Z 0.0732 -0.0711 0.9948

PART 6
OFFSET 13.6226 -0.5350 -8.2542
SCALE 1 1 1
X 0.2615 -0.3405 0.9032
Y 0.5360 0.8294 0.1576
Z -0.8027 0.4429 0.3994

PART 7
OFFSET 13.9183 1.0474 -7.2139
SCALE 1 1 1
X 0.2615 -0.3405 0.9032
Y 0.5360 0.8294 0.1576
Z -0.8027 0.4429 0.3994

PART 8
OFFSET 19.3099 2.2781 -5.4093
SCALE 1 1 1
X 0.8258 -0.1695 0.5379
Y 0.2628 0.9595 -0.1011
Z -0.4990 0.2249 0.8369

PART 9
OFFSET 16.7483 -1.1086 -6.3415
SCALE 1 1 1
X 0.8064 -0.4405 0.3945
Y -0.2407 0.3648 0.8994
Z -0.5401 -0.8203 0.1881

PART 10
OFFSET 16.0856 -0.6167 -9.4482
SCALE 1 1 1
X 0.2615 -0.3405 0.9032
Y 0.5360 0.8294 0.1576
Z -0.8027 0.4429 0.3994

PART 11
OFFSET 15.0181 2.2946 -6.9800
SCALE 1 1 1
X 0.2615 -0.3405 0.9032
Y 0.5360 0.8294 0.1576
Z -0.8027 0.4429 0.3994

PART 12
OFFSET 20.1846 2.1214 -4.7910
SCALE 1 1 1
X 0.9843 -0.0718 -0.1613
Y -0.1764 -0.3601 -0.9161
Z 0.0077 0.9301 -0.3671

PART 13
OFFSET 15.9732 -0.1615 -6.9786
SCALE 1 1 1
X 0.9908 0.0082 0.1352
Y 0.0345 0.9499 -0.3106
Z -0.1309 0.3124 0.9409

PART 14
OFFSET 17.8728 2.3148 -6.1547
SCALE 1 1 1
X 0.9195 0.0023 0.3932
Y 0.0628 0.9863 -0.1526
Z -0.3882 0.1650 0.9067

PART 15
OFFSET 18.9500 -1.3206 -4.1427
SCALE 1 1 1
X -0.7359 0.6741 0.0631
Y -0.3994 -0.3571 -0.8444
Z -0.5467 -0.6466 0.5320

PART 16
OFFSET 18.6093 -1.9342 -5.3723
SCALE 1 1 1
X 0.2406 0.4333 0.8685
Y -0.7792 0.6198 -0.0934
Z -0.5787 -0.6543 0.4868

PART 17
OFFSET 19.3793 -1.3937 -6.0435
SCALE 1 1 1
X 0.4235 0.0911 0.9013
Y -0.7243 0.6316 0.2765
Z -0.5441 -0.7699 0.3335

PART 18
OFFSET 17.5496 -0.1405 -4.1495
SCALE 1 1 1
X 0.8383 -0.1136 0.5332
Y 0.2495 -0.7897 -0.5605
Z 0.4848 0.6029 -0.6337

PART 19
OFFSET 18.2975 -0.7230 -4.0867
SCALE 1 1 1
X -0.7873 0.6131 -0.0661
Y -0.2459 -0.4105 -0.8781
Z -0.5654 -0.6750 0.4739

PART 20
OFFSET 17.0074 -0.5191 -6.6496
SCALE 1 1 1
X 0.9315 -0.2820 0.2297
Y -0.1526 0.2701 0.9507
Z -0.3301 -0.9206 0.2086

PART 21
OFFSET 16.3984 0.8871 -6.8312
SCALE 1 1 1
X 0.7160 0.6205 0.3199
Y -0.3828 0.7322 -0.5633
Z -0.5838 0.2809 0.7618

PART 22
OFFSET 20.1003 -1.2386 -4.5090
SCALE 1 1 1
X -0.8272 0.5618 -0.0044
Y -0.1961 -0.2960 -0.9349
Z -0.5265 -0.7725 0.3550

PART 23
OFFSET 18.9538 -0.4599 -4.5151
SCALE 1 1 1
X -0.8362 0.3810 -0.3945
Y 0.1707 -0.5028 -0.8474
Z -0.5213 -0.7759 0.3554

PART 24
OFFSET 18.0470 -0.0467 -4.9430
SCALE 1 1 1
X 0.5619 -0.0631 0.8248
Y 0.6413 -0.5965 -0.4826
Z 0.5225 0.8001 -0.2947

PART 25
OFFSET 19.0121 1.5396 -6.5508
SCALE 1 1 1
X 0.8891 -0.0891 0.4489
Y 0.4144 -0.2591 -0.8724
Z 0.1941 0.9617 -0.1935

PART 26
OFFSET 19.9086 0.4709 -7.0359
SCALE 1 1 1
X 0.7517 -0.2826 0.5958
Y -0.4876 0.3701 0.7908
Z -0.4440 -0.8849 0.1404

PART 27
OFFSET 21.2321 -0.0267 -5.9869
SCALE 1 1 1
X 0.3762 -0.0783 0.9232
Y -0.8256 0.4239 0.3723
Z -0.4205 -0.9023 0.0948

PART 28
OFFSET 21.7150 -0.0671 -4.8702
SCALE 1 1 1
X -0.5793 0.3969 0.7120
Y -0.7046 0.1953 -0.6822
Z -0.4099 -0.8968 0.1665

PART 29
OFFSET -9.4966 -3.2130 -3.5571
SCALE 1 1 1
X -0.5256 0.5751 0.6269
Y -0.2830 -0.8131 0.5087
Z 0.8023 0.0900 0.5901

PART 30
OFFSET -3.1395 -10.1680 -11.1386
SCALE 1 1 1
X -0.7219 -0.5904 -0.3608
Y 0.6719 -0.4734 -0.5696
Z 0.1655 -0.6537 0.7384

PART 31
OFFSET 3.0009 -5.1462 -8.0695
SCALE 1 1 1
X -0.7219 -0.5904 -0.3608
Y 0.4501 -0.0046 -0.8930
Z 0.5256 -0.8071 0.2691

PART 32
OFFSET 3.4144 -3.1480 -8.1815
SCALE 1 1 1
X -0.7264 -0.5858 -0.3595
Y -0.1731 0.6621 -0.7292
Z 0.6651 -0.4674 -0.5823

PART 33
OFFSET 3.2268 -3.0113 -6.9679
SCALE 1 1 1
X -0.7264 -0.5858 -0.3595
Y -0.1731 0.6621 -0.7292
Z 0.6651 -0.4674 -0.5823

PART 34
OFFSET 3.6520 -4.0357 -5.8697
SCALE 1 1 1
X -0.7264 -0.5858 -0.3595
Y -0.1731 0.6621 -0.7292
Z 0.6651 -0.4674 -0.5823

PART 35
OFFSET 5.2142 -3.3362 -6.9633
SCALE 1 1 1
X -0.9536 -0.2786 -0.1142
Y 0.1368 -0.0632 -0.9886
Z 0.2682 -0.9583 0.0983

PART 36
OFFSET 5.4010 -2.7564 -5.9984
SCALE 1 1 1
X -0.5161 -0.7700 -0.3752
Y 0.6574 -0.0752 -0.7498
Z 0.5491 -0.6336 0.5450

PART 37
OFFSET 6.4185 -1.0521 -5.1442
SCALE 1 1 1
X -0.9403 -0.3214 0.1117
Y 0.1372 -0.6584 -0.7401
Z 0.3114 -0.6806 0.6632

PART 38
OFFSET 7.9099 -0.4963 -5.4428
SCALE 1 1 1
X -0.7959 0.0171 0.6052
Y -0.4177 -0.7392 -0.5284
Z 0.4383 -0.6733 0.5954

PART 39
OFFSET 8.7576 -0.4715 -6.1155
SCALE 1 1 1
X -0.9551 0.2928 -0.0446
Y 0.2517 0.7228 -0.6436
Z -0.1562 -0.6260 -0.7640

PART 40
OFFSET 6.1134 -2.9744 -7.9452
SCALE 1 1 1
X -0.8538 -0.2179 0.4727
Y 0.3160 -0.9386 0.1381
Z 0.4136 0.2673 0.8703

PART 41
OFFSET 8.0533 -2.3307 -8.8975
SCALE 1 1 1
X -0.0620 -0.9946 -0.0836
Y 0.8592 -0.0105 -0.5116
Z 0.5079 -0.1035 0.8551

PART 42
OFFSET 8.1411 -0.9226 -8.7791
SCALE 1 1 1
X 0.8283 -0.2394 -0.5066
Y 0.2840 0.9587 0.0112
Z 0.4830 -0.1532 0.8621

PART 43
OFFSET 7.4067 -0.7103 -8.3299
SCALE 1 1 1
X 0.7517 0.5431 -0.3741
Y -0.4375 0.8352 0.3332
Z 0.4934 -0.0868 0.8655

PART 44
OFFSET 6.6926 -1.2262 -7.9745
SCALE 1 1 1
X -0.3717 -0.9271 -0.0481
Y -0.7517 0.2701 0.6016
Z -0.5448 0.2598 -0.7973

PART 45
OFFSET 6.2697 -3.0050 -7.2493
SCALE 1 1 1
X -0.9502 -0.2436 0.1943
Y 0.2735 -0.9508 0.1456
Z 0.1493 0.1915 0.9701

PART 46
OFFSET 8.7197 -2.4222 -7.8946
SCALE 1 1 1
X 0.0755 -0.9958 -0.0526
Y 0.9352 0.0891 -0.3429
Z 0.3461 -0.0233 0.9379

PART 47
OFFSET 8.5911 -0.7269 -7.8050
SCALE 1 1 1
X 0.9330 -0.1070 -0.3437
Y 0.1179 0.9930 0.0107
Z 0.3401 -0.0505 0.9390

PART 48
OFFSET 7.2981 -0.5786 -7.3287
SCALE 1 1 1
X 0.7726 0.5865 -0.2430
Y -0.5398 0.8084 0.2349
Z 0.3342 -0.0503 0.9412

PART 49
OFFSET 6.4601 -1.2147 -7.0651
SCALE 1 1 1
X -0.3082 -0.9448 0.1112
Y -0.8989 0.3275 0.2910
Z -0.3114 -0.0103 -0.9502

PART 50
OFFSET 1.2735 -4.9561 -6.5498
SCALE 1 1 1
X -0.8491 -0.5164 0.1111
Y -0.5282 0.8328 -0.1658
Z -0.0069 -0.1995 -0.9799

PART 51
OFFSET 8.9264 -2.5590 -5.7364
SCALE 1 1 1
X -0.8533 -0.5212 -0.0177
Y 0.5170 -0.8499 0.1020
Z -0.0682 0.0779 0.9946

PART 52
OFFSET 10.4287 -1.6414 -5.7053
SCALE 1 1 1
X -0.4101 -0.9087 0.0778
Y 0.9074 -0.3979 0.1354
Z -0.0921 0.1261 0.9877

PART 53
OFFSET 10.9217 -0.5290 -5.7398
SCALE 1 1 1
X 0.3733 -0.9234 0.0888
Y 0.9221 0.3799 0.0740
Z -0.1021 0.0543 0.9933

PART 54
OFFSET 10.5000 0.5140 -5.8401
SCALE 1 1 1
X -0.9826 -0.0270 0.1837
Y -0.0633 0.9788 -0.1946
Z -0.1745 -0.2029 -0.9635

PART 55
OFFSET 8.9250 -2.4854 -6.8387
SCALE 1 1 1
X 0.0621 -0.9953 -0.0739
Y 0.9972 0.0650 -0.0371
Z 0.0417 -0.0714 0.9966

PART 56
OFFSET 8.8036 -0.5409 -6.6943
SCALE 1 1 1
X 0.9613 -0.2684 -0.0627
Y 0.2697 0.9628 0.0147
Z 0.0564 -0.0311 0.9979

PART 57
OFFSET 17.0074 -0.5191 -6.6496
SCALE 1 1 1
X 0.9315 -0.2820 0.2297
Y -0.1526 0.2701 0.9507
Z -0.3301 -0.9206 0.2086

PART 58
OFFSET 17.0074 -0.5191 -6.6496
SCALE 1 1 1
X 0.9315 -0.2820 0.2297
Y -0.1526 0.2701 0.9507
Z -0.3301 -0.9206 0.2086

PART 59
OFFSET 6.2697 -3.0050 -7.2493
SCALE 1 1 1
X -0.9502 -0.2436 0.1943
Y 0.2735 -0.9508 0.1456
Z 0.1493 0.1915 0.9701

PART 60
OFFSET 6.2697 -3.0050 -7.2493
SCALE 1 1 1
X -0.9502 -0.2436 0.1943
Y 0.2735 -0.9508 0.1456
Z 0.1493 0.1915 0.9701

PART 61
OFFSET 7.5573 -3.0450 -0.6380
SCALE 1 1 1
X 0.9999 0.0121 -0.0023
Y -0.0122 0.9983 -0.0570
Z 0.0016 0.0570 0.9984

PART 62
OFFSET 4.9035 7.2392 -9.1820
SCALE 1 1 1
X 0.6712 -0.2864 -0.6837
Y -0.1850 -0.9579 0.2196
Z -0.7178 -0.0209 -0.6959

PART 63
OFFSET 13.0206 3.7754 -17.4511
SCALE 1 1 1
X 0.2552 -0.3402 0.9051
Y -0.8119 0.4329 0.3917
Z -0.5251 -0.8347 -0.1658

PART 64
OFFSET 15.1910 0.8815 -9.7532
SCALE 1 1 1
X 0.2552 -0.3402 0.9051
Y 0.8738 0.4819 -0.0652
Z -0.4139 0.8075 0.4203

PART 65
OFFSET 17.0583 1.6719 -8.4395
SCALE 1 1 1
X 0.2615 -0.3405 0.9032
Y 0.5360 0.8294 0.1576
Z -0.8027 0.4429 0.3994

PART 66
OFFSET 7.3996 -0.1489 -6.6028
SCALE 1 1 1
X 0.7819 0.6213 -0.0517
Y -0.6218 0.7831 0.0071
Z 0.0449 0.0266 0.9986

PART 67
OFFSET 6.5133 -0.8523 -6.5513
SCALE 1 1 1
X -0.2052 -0.9783 -0.0287
Y -0.9731 0.2008 0.1131
Z -0.1049 0.0512 -0.9932

PART 68
OFFSET 0.0000 0.0000 0.0000
SCALE 1 1 1
X 1.0000 0.0000 0.0000
Y 0.0000 1.0000 0.0000
Z 0.0000 0.0000 1.0000

PART 69
OFFSET 0.0000 0.0000 0.0000
SCALE 1 1 1
X 1.0000 0.0000 0.0000
Y 0.0000 1.0000 0.0000
Z 0.0000 0.0000 1.0000

PART 70
OFFSET 1.5404 0.0000 4.1357
SCALE 1 1 1
X 1.0000 0.0000 0.0000
Y 0.0000 1.0000 0.0000
Z 0.0000 0.0000 1.0000

PART 71
OFFSET 9.6293 -1.1466 -4.8351
SCALE 1 1 1
X 0.9769 0.2059 -0.0572
Y -0.2008 0.9760 0.0845
Z 0.0732 -0.0711 0.9948

PART 72
OFFSET 8.4714 -2.4709 -2.9965
SCALE 1 1 1
X 0.1517 -0.8577 0.4912
Y 0.9883 0.1389 -0.0628
Z -0.0143 0.4950 0.8688

PART 73
OFFSET 8.5556 -2.6087 -2.7219
SCALE 1 1 1
X 0.9782 0.2044 -0.0369
Y -0.2008 0.9760 0.0845
Z 0.0533 -0.0753 0.9957

PART 74
OFFSET 23.7981 1.7337 -3.8404
SCALE 1 1 1
X 0.9769 0.2059 -0.0572
Y -0.2008 0.9760 0.0845
Z 0.0732 -0.0711 0.9948

PART 75
OFFSET 12.9694 -0.4222 -5.1330
SCALE 1 1 1
X 0.9769 0.2059 -0.0572
Y -0.2008 0.9760 0.0845
Z 0.0732 -0.0711 0.9948


FRAME 115
PART 0
OFFSET 22.7386 -2.1620 -3.3797
SCALE 1 1 1
X 0.6431 -0.6371 0.4249
Y 0.4620 -0.1196 -0.8788
Z 0.6107 0.7614 0.2174

PART 1
OFFSET 21.6201 -2.7076 -6.0394
SCALE 1 1 1
X 0.5699 -0.1954 0.7981
