// Export filename: `C:/cod5/cod/cod5/xanim_export/viewmodel/US/thompson/thompson_switch.XANIM_EXPORT`
// Source filename: `C:/cod5/cod/cod5/animation_assets/viewmodel/US/thompson/viewmodelanimation_thompson.mb`
// Export time: Tue Aug 26 15:24:37 2008

ANIMATION
VERSION 3

NUMPARTS 76
PART 0 "J_Index_LE_3"
PART 1 "J_Mid_LE_0"
PART 2 "J_Mid_LE_1"
PART 3 "J_Mid_LE_2"
PART 4 "J_Mid_LE_3"
PART 5 "tag_weapon"
PART 6 "J_Sleave_Reshape_Top_LE_3"
PART 7 "J_Sleave_Reshape_Top_LE_2"
PART 8 "J_Thumb_LE_2"
PART 9 "J_PinkyPalm_LE"
PART 10 "J_Sleave_Reshape_Bottom_LE_2"
PART 11 "J_Sleave_Reshape_Top_LE_1"
PART 12 "J_Thumb_LE_3"
PART 13 "J_Wrist_LE"
PART 14 "J_Thumb_LE_1"
PART 15 "J_Pinky_LE_1"
PART 16 "J_Pinky_LE_0"
PART 17 "J_Ring_LE_0"
PART 18 "J_Pinky_LE_3"
PART 19 "J_Pinky_LE_2"
PART 20 "J_RingPalm_LE"
PART 21 "J_Thumb_LE_0"
PART 22 "J_Ring_LE_1"
PART 23 "J_Ring_LE_2"
PART 24 "J_Ring_LE_3"
PART 25 "J_Webbing_LE"
PART 26 "J_Index_LE_0"
PART 27 "J_Index_LE_1"
PART 28 "J_Index_LE_2"
PART 29 "J_Shoulder_RI"
PART 30 "J_Elbow_RI"
PART 31 "J_WristTwist_RI"
PART 32 "J_Sleave_Reshape_Top_RI_3"
PART 33 "J_Sleave_Reshape_Top_RI_2"
PART 34 "J_Sleave_Reshape_Top_RI_1"
PART 35 "J_Wrist_RI"
PART 36 "J_Thumb_RI_0"
PART 37 "J_Thumb_RI_1"
PART 38 "J_Thumb_RI_2"
PART 39 "J_Thumb_RI_3"
PART 40 "J_PinkyPalm_RI"
PART 41 "J_Pinky_RI_0"
PART 42 "J_Pinky_RI_1"
PART 43 "J_Pinky_RI_2"
PART 44 "J_Pinky_RI_3"
PART 45 "J_RingPalm_RI"
PART 46 "J_Ring_RI_0"
PART 47 "J_Ring_RI_1"
PART 48 "J_Ring_RI_2"
PART 49 "J_Ring_RI_3"
PART 50 "J_Webbing_RI"
PART 51 "J_Index_RI_0"
PART 52 "J_Index_RI_1"
PART 53 "J_Index_RI_2"
PART 54 "J_Index_RI_3"
PART 55 "J_Mid_RI_0"
PART 56 "J_Mid_RI_1"
PART 57 "RingPalm_SDK_LE"
PART 58 "RingPalm_FK_LE"
PART 59 "RingPalm_SDK_RI"
PART 60 "RingPalm_FK_RI"
PART 61 "tag_torso"
PART 62 "J_Shoulder_LE"
PART 63 "J_Elbow_LE"
PART 64 "J_WristTwist_LE"
PART 65 "J_Sleave_Reshape_Bottom_LE_1"
PART 66 "J_Mid_RI_2"
PART 67 "J_Mid_RI_3"
PART 68 "tag_cambone"
PART 69 "tag_camera"
PART 70 "tag_gasmask"
PART 71 "J_Gun"
PART 72 "tag_brass"
PART 73 "J_Bolt"
PART 74 "tag_flash"
PART 75 "J_Clip"

FRAMERATE 30
NUMFRAMES 23

FRAME 65
PART 0
OFFSET 26.0823 -4.9995 -4.6388
SCALE 1 1 1
X 0.5400 -0.7601 0.3615
Y 0.2665 -0.2530 -0.9300
Z 0.7984 0.5986 0.0660

PART 1
OFFSET 24.3801 -5.3233 -7.0678
SCALE 1 1 1
X 0.7278 -0.5011 0.4682
Y -0.2571 0.4336 0.8637
Z -0.6358 -0.7489 0.1867

PART 2
OFFSET 25.8019 -6.3022 -6.1532
SCALE 1 1 1
X -0.3663 0.5330 0.7627
Y -0.6475 0.4426 -0.6203
Z -0.6682 -0.7211 0.1830

PART 3
OFFSET 25.2668 -5.5236 -5.0392
SCALE 1 1 1
X -0.6586 0.5458 -0.5180
Y 0.2973 -0.4437 -0.8454
Z -0.6913 -0.7108 0.1299

PART 4
OFFSET 24.5158 -4.9102 -5.6244
SCALE 1 1 1
X 0.3593 -0.0897 0.9289
Y 0.5981 -0.7419 -0.3030
Z 0.7164 0.6644 -0.2129

PART 5
OFFSET 14.2078 -4.5495 -5.8743
SCALE 1 1 1
X 0.9996 0.0137 0.0251
Y -0.0122 0.9983 -0.0570
Z -0.0258 0.0566 0.9981

PART 6
OFFSET 18.4668 -3.8769 -8.4159
SCALE 1 1 1
X 0.4528 -0.7002 0.5520
Y 0.4320 0.7139 0.5511
Z -0.7800 -0.0110 0.6257

PART 7
OFFSET 18.7041 -3.0543 -6.7012
SCALE 1 1 1
X 0.4528 -0.7002 0.5520
Y 0.4320 0.7139 0.5511
Z -0.7800 -0.0110 0.6257

PART 8
OFFSET 24.7568 -3.0537 -5.0099
SCALE 1 1 1
X 0.7998 -0.1054 0.5909
Y 0.2568 0.9499 -0.1782
Z -0.5425 0.2942 0.7868

PART 9
OFFSET 21.3614 -4.9338 -6.7448
SCALE 1 1 1
X 0.6331 -0.7286 0.2614
Y -0.0331 0.3119 0.9495
Z -0.7734 -0.6098 0.1733

PART 10
OFFSET 20.6848 -2.8052 -9.6120
SCALE 1 1 1
X 0.4528 -0.7002 0.5520
Y 0.4320 0.7139 0.5511
Z -0.7800 -0.0110 0.6257

PART 11
OFFSET 19.6400 -1.9180 -5.8933
SCALE 1 1 1
X 0.4528 -0.7002 0.5520
Y 0.4320 0.7139 0.5511
Z -0.7800 -0.0110 0.6257

PART 12
OFFSET 25.6013 -3.1381 -4.3379
SCALE 1 1 1
X 0.9918 -0.0710 -0.1060
Y -0.1266 -0.4469 -0.8856
Z 0.0155 0.8918 -0.4523

PART 13
OFFSET 20.9195 -3.7476 -7.2935
SCALE 1 1 1
X 0.9426 -0.3228 0.0853
Y 0.3337 0.9050 -0.2637
Z 0.0079 0.2770 0.9608

PART 14
OFFSET 23.4505 -2.7194 -5.9065
SCALE 1 1 1
X 0.8505 -0.1864 0.4918
Y 0.2656 0.9593 -0.0958
Z -0.4540 0.2121 0.8654

PART 15
OFFSET 23.7726 -6.4439 -4.9574
SCALE 1 1 1
X -0.6229 0.7385 0.2582
Y -0.5448 -0.1726 -0.8206
Z -0.5615 -0.6518 0.5098

PART 16
OFFSET 22.8924 -6.4438 -6.0663
SCALE 1 1 1
X 0.6217 -0.0001 0.7833
Y -0.4965 0.7734 0.3941
Z -0.6059 -0.6339 0.4808

PART 17
OFFSET 23.7622 -6.0766 -6.5945
SCALE 1 1 1
X 0.5178 -0.1274 0.8460
Y -0.5478 0.7102 0.4422
Z -0.6572 -0.6924 0.2979

PART 18
OFFSET 22.4812 -5.4811 -5.2397
SCALE 1 1 1
X 0.5466 0.2689 0.7930
Y 0.5870 -0.7984 -0.1339
Z 0.5972 0.5387 -0.5943

PART 19
OFFSET 23.2203 -5.7891 -4.7284
SCALE 1 1 1
X -0.7780 0.3242 -0.5381
Y 0.2133 -0.6694 -0.7117
Z -0.5909 -0.6685 0.4516

PART 20
OFFSET 21.7894 -4.4420 -7.0354
SCALE 1 1 1
X 0.7946 -0.5834 0.1679
Y -0.0260 0.2436 0.9695
Z -0.6066 -0.7748 0.1784

PART 21
OFFSET 21.6688 -2.9056 -7.1151
SCALE 1 1 1
X 0.8286 0.0334 0.5588
Y 0.2217 0.8970 -0.3825
Z -0.5140 0.4408 0.7358

PART 22
OFFSET 24.6437 -6.2936 -5.1542
SCALE 1 1 1
X -0.6894 0.7042 0.1698
Y -0.3420 -0.1098 -0.9333
Z -0.6385 -0.7015 0.3165

PART 23
OFFSET 23.6881 -5.3177 -4.9189
SCALE 1 1 1
X -0.5494 0.1237 -0.8263
Y 0.5442 -0.6975 -0.4663
Z -0.6341 -0.7058 0.3159

PART 24
OFFSET 23.0923 -5.1835 -5.8151
SCALE 1 1 1
X 0.1081 0.2623 0.9589
Y 0.7874 -0.6114 0.0785
Z 0.6068 0.7466 -0.2726

PART 25
OFFSET 24.3595 -3.1570 -6.9343
SCALE 1 1 1
X 0.8246 -0.4017 0.3984
Y 0.2794 -0.3233 -0.9041
Z 0.4920 0.8568 -0.1544

PART 26
OFFSET 24.8412 -4.4256 -7.5172
SCALE 1 1 1
X 0.6696 -0.5178 0.5325
Y -0.3141 0.4522 0.8348
Z -0.6731 -0.7262 0.1402

PART 27
OFFSET 26.0201 -5.3373 -6.5797
SCALE 1 1 1
X 0.3884 -0.2318 0.8919
Y -0.6449 0.6229 0.4428
Z -0.6582 -0.7472 0.0924

PART 28
OFFSET 26.5323 -5.5737 -5.5011
SCALE 1 1 1
X -0.3984 0.5084 0.7635
Y -0.6547 0.4254 -0.6249
Z -0.6424 -0.7487 0.1634

PART 29
OFFSET -9.8286 -3.2226 -3.6867
SCALE 1 1 1
X -0.6967 0.4766 0.5361
Y -0.3173 -0.8750 0.3656
Z 0.6434 0.0846 0.7608

PART 30
OFFSET -1.4030 -8.9869 -10.1708
SCALE 1 1 1
X -0.9547 -0.2434 -0.1712
Y 0.2925 -0.6611 -0.6909
Z 0.0550 -0.7097 0.7024

PART 31
OFFSET 6.7171 -6.9166 -8.7146
SCALE 1 1 1
X -0.9547 -0.2434 -0.1712
Y 0.2324 -0.2506 -0.9398
Z 0.1859 -0.9370 0.2958

PART 32
OFFSET 7.8331 -5.2512 -8.9065
SCALE 1 1 1
X -0.9566 -0.2375 -0.1690
Y -0.0565 0.7198 -0.6919
Z 0.2860 -0.6523 -0.7020

PART 33
OFFSET 7.9762 -5.0872 -7.6978
SCALE 1 1 1
X -0.9566 -0.2375 -0.1690
Y -0.0565 0.7198 -0.6919
Z 0.2860 -0.6523 -0.7020

PART 34
OFFSET 8.1904 -6.1802 -6.7612
SCALE 1 1 1
X -0.9566 -0.2375 -0.1690
Y -0.0565 0.7198 -0.6919
Z 0.2860 -0.6523 -0.7020

PART 35
OFFSET 9.6439 -6.1704 -8.1898
SCALE 1 1 1
X -0.9767 -0.1127 -0.1828
Y 0.2043 -0.2248 -0.9528
Z 0.0663 -0.9679 0.2426

PART 36
OFFSET 9.8589 -5.5054 -7.2877
SCALE 1 1 1
X -0.6235 -0.7074 -0.3330
Y 0.6905 -0.2984 -0.6589
Z 0.3667 -0.6408 0.6745

PART 37
OFFSET 11.1150 -3.9134 -6.5408
SCALE 1 1 1
X -0.9910 -0.1251 0.0466
Y 0.0673 -0.7693 -0.6353
Z 0.1153 -0.6265 0.7709

PART 38
OFFSET 12.7059 -3.6872 -6.7403
SCALE 1 1 1
X -0.8251 0.2469 0.5082
Y -0.5084 -0.7168 -0.4771
Z 0.2465 -0.6521 0.7170

PART 39
OFFSET 13.5955 -3.9122 -7.3146
SCALE 1 1 1
X -0.8722 0.4534 -0.1837
Y 0.4414 0.5672 -0.6953
Z -0.2110 -0.6875 -0.6948

PART 40
OFFSET 10.6757 -6.1202 -9.1043
SCALE 1 1 1
X -0.9146 -0.0050 0.4042
Y 0.1282 -0.9519 0.2782
Z 0.3834 0.3062 0.8713

PART 41
OFFSET 12.7709 -5.9475 -9.9198
SCALE 1 1 1
X -0.2345 -0.9717 0.0267
Y 0.8815 -0.2242 -0.4155
Z 0.4098 -0.0739 0.9092

PART 42
OFFSET 13.1029 -4.5718 -9.9575
SCALE 1 1 1
X 0.8093 -0.4418 -0.3872
Y 0.4515 0.8894 -0.0711
Z 0.3758 -0.1173 0.9193

PART 43
OFFSET 12.3854 -4.1801 -9.6142
SCALE 1 1 1
X 0.8656 0.3529 -0.3552
Y -0.3042 0.9341 0.1868
Z 0.3977 -0.0537 0.9159

PART 44
OFFSET 11.5630 -4.5154 -9.2768
SCALE 1 1 1
X -0.5287 -0.8486 0.0219
Y -0.7364 0.4713 0.4854
Z -0.4222 0.2404 -0.8740

PART 45
OFFSET 10.7640 -6.0811 -8.3970
SCALE 1 1 1
X -0.9918 -0.0437 0.1200
Y 0.0769 -0.9546 0.2879
Z 0.1020 0.2948 0.9501

PART 46
OFFSET 13.3247 -6.0325 -8.8432
SCALE 1 1 1
X -0.1089 -0.9911 0.0766
Y 0.9603 -0.1248 -0.2495
Z 0.2568 0.0464 0.9653

PART 47
OFFSET 13.5101 -4.3451 -8.9736
SCALE 1 1 1
X 0.9214 -0.3157 -0.2268
Y 0.3011 0.9486 -0.0970
Z 0.2457 0.0211 0.9691

PART 48
OFFSET 12.2332 -3.9077 -8.6594
SCALE 1 1 1
X 0.8865 0.4024 -0.2284
Y -0.3958 0.9152 0.0764
Z 0.2398 0.0227 0.9706

PART 49
OFFSET 11.2717 -4.3441 -8.4116
SCALE 1 1 1
X -0.4884 -0.8514 0.1913
Y -0.8422 0.5173 0.1518
Z -0.2282 -0.0869 -0.9697

PART 50
OFFSET 5.4418 -6.9680 -8.0149
SCALE 1 1 1
X -0.9400 -0.3317 0.0797
Y -0.3392 0.8838 -0.3223
Z 0.0364 -0.3300 -0.9433

PART 51
OFFSET 13.3201 -5.9215 -6.6687
SCALE 1 1 1
X -0.9342 -0.3536 -0.0472
Y 0.3302 -0.9073 0.2602
Z -0.1348 0.2274 0.9644

PART 52
OFFSET 14.9649 -5.2989 -6.5856
SCALE 1 1 1
X -0.5851 -0.7984 0.1423
Y 0.7973 -0.5343 0.2808
Z -0.1482 0.2777 0.9492

PART 53
OFFSET 15.6672 -4.3115 -6.7009
SCALE 1 1 1
X 0.1765 -0.9545 0.2404
Y 0.9691 0.2113 0.1275
Z -0.1725 0.2105 0.9623

PART 54
OFFSET 15.4678 -3.2334 -6.9724
SCALE 1 1 1
X -0.9808 0.1791 0.0773
Y 0.1461 0.9369 -0.3177
Z -0.1294 -0.3003 -0.9450

PART 55
OFFSET 13.4256 -6.0037 -7.7653
SCALE 1 1 1
X -0.1279 -0.9903 0.0547
Y 0.9902 -0.1243 0.0643
Z -0.0568 0.0624 0.9964

PART 56
OFFSET 13.6755 -4.0692 -7.8722
SCALE 1 1 1
X 0.8920 -0.4458 0.0755
Y 0.4508 0.8897 -0.0729
Z -0.0347 0.0991 0.9945

PART 57
OFFSET 21.7894 -4.4420 -7.0354
SCALE 1 1 1
X 0.7946 -0.5834 0.1679
Y -0.0260 0.2436 0.9695
Z -0.6066 -0.7748 0.1784

PART 58
OFFSET 21.7894 -4.4420 -7.0354
SCALE 1 1 1
X 0.7946 -0.5834 0.1679
Y -0.0260 0.2436 0.9695
Z -0.6066 -0.7748 0.1784

PART 59
OFFSET 10.7640 -6.0811 -8.3970
SCALE 1 1 1
X -0.9918 -0.0437 0.1200
Y 0.0769 -0.9546 0.2879
Z 0.1020 0.2948 0.9501

PART 60
OFFSET 10.7640 -6.0811 -8.3970
SCALE 1 1 1
X -0.9918 -0.0437 0.1200
Y 0.0769 -0.9546 0.2879
Z 0.1020 0.2948 0.9501

PART 61
OFFSET 7.5573 -3.0450 -0.6380
SCALE 1 1 1
X 0.9999 0.0121 -0.0023
Y -0.0122 0.9983 -0.0570
Z 0.0016 0.0570 0.9984

PART 62
OFFSET 4.9035 7.2392 -9.1820
SCALE 1 1 1
X 0.8967 -0.2366 -0.3741
Y -0.2951 -0.9495 -0.1069
Z -0.3299 0.2063 -0.9212

PART 63
OFFSET 15.7484 4.3784 -13.7060
SCALE 1 1 1
X 0.4469 -0.7023 0.5542
Y -0.7888 -0.0171 0.6144
Z -0.4220 -0.7117 -0.5616

PART 64
OFFSET 19.5494 -1.5947 -8.9924
SCALE 1 1 1
X 0.4469 -0.7023 0.5542
Y 0.8819 0.4497 -0.1414
Z -0.1499 0.5519 0.8203

PART 65
OFFSET 21.4778 -1.2417 -7.5802
SCALE 1 1 1
X 0.4528 -0.7002 0.5520
Y 0.4320 0.7139 0.5511
Z -0.7800 -0.0110 0.6257

PART 66
OFFSET 12.3727 -3.4181 -7.9825
SCALE 1 1 1
X 0.8899 0.4543 -0.0412
Y -0.4549 0.8768 -0.1558
Z -0.0347 0.1574 0.9869

PART 67
OFFSET 11.3648 -3.9332 -7.9430
SCALE 1 1 1
X -0.3896 -0.9185 0.0680
Y -0.9209 0.3892 -0.0189
Z -0.0091 -0.0700 -0.9975

PART 68
OFFSET 0.0000 0.0000 0.0000
SCALE 1 1 1
X 1.0000 0.0000 0.0000
Y 0.0000 1.0000 0.0000
Z 0.0000 0.0000 1.0000

PART 69
OFFSET 0.0000 0.0000 0.0000
SCALE 1 1 1
X 1.0000 0.0000 0.0000
Y 0.0000 1.0000 0.0000
Z 0.0000 0.0000 1.0000

PART 70
OFFSET 1.5404 0.0000 4.1357
SCALE 1 1 1
X 1.0000 0.0000 0.0000
Y 0.0000 1.0000 0.0000
Z 0.0000 0.0000 1.0000

PART 71
OFFSET 14.2078 -4.5495 -5.8743
SCALE 1 1 1
X 0.9996 0.0137 0.0251
Y -0.0122 0.9983 -0.0570
Z -0.0258 0.0566 0.9981

PART 72
OFFSET 12.6629 -5.3692 -4.0259
SCALE 1 1 1
X -0.0608 -0.7937 0.6052
Y 0.9981 -0.0545 0.0289
Z 0.0100 0.6058 0.7955

PART 73
OFFSET 12.6952 -5.4802 -3.7290
SCALE 1 1 1
X 0.9989 0.0148 0.0455
Y -0.0122 0.9983 -0.0570
Z -0.0463 0.0563 0.9973

PART 74
OFFSET 28.5318 -4.1992 -3.6972
SCALE 1 1 1
X 0.9996 0.0137 0.0251
Y -0.0122 0.9983 -0.0570
Z -0.0258 0.0566 0.9981

PART 75
OFFSET 17.6380 -4.4972 -5.8918
SCALE 1 1 1
X 0.9996 0.0137 0.0251
Y -0.0122 0.9983 -0.0570
Z -0.0258 0.0566 0.9981


FRAME 66
PART 0
OFFSET 26.1714 -4.8767 -4.5951
SCALE 1 1 1
X 0.5432 -0.7662 0.3435
Y 0.2642 -0.2323 -0.9361
Z 0.7970 0.5992 0.0763

PART 1
OFFSET 24.4622 -5.1530 -7.0252
SCALE 1 1 1
X 0.7306 -0.5090 0.4551
Y -0.2555 0.4143 0.8736
Z -0.6332 -0.7545 0.1727

PART 2
OFFSET 25.8895 -6.1474 -6.1362
SCALE 1 1 1
X -0.3653 0.5156 0.7751
Y -0.6507 0.4540 -0.6087
Z -0.6657 -0.7267 0.1697

PART 3
OFFSET 25.3560 -5.3943 -5.0041
SCALE 1 1 1
X -0.6617 0.5550 -0.5042
Y 0.2958 -0.4247 -0.8557
Z -0.6890 -0.7153 0.1169

PART 4
OFFSET 24.6015 -4.7706 -5.5737
SCALE 1 1 1
X 0.3625 -0.1086 0.9256
Y 0.5991 -0.7337 -0.3207
Z 0.7139 0.6708 -0.2009

PART 5
OFFSET 14.2918 -4.4326 -5.7835
SCALE 1 1 1
X 0.9996 0.0158 0.0223
Y -0.0151 0.9993 -0.0355
Z -0.0228 0.0352 0.9991

PART 6
OFFSET 18.5375 -3.7500 -8.3090
SCALE 1 1 1
X 0.4609 -0.6859 0.5631
Y 0.4311 0.7277 0.5335
Z -0.7757 -0.0031 0.6311

PART 7
OFFSET 18.7810 -2.8909 -6.6131
SCALE 1 1 1
X 0.4609 -0.6859 0.5631
Y 0.4311 0.7277 0.5335
Z -0.7757 -0.0031 0.6311

PART 8
OFFSET 24.8395 -2.9271 -4.9203
SCALE 1 1 1
X 0.8020 -0.1158 0.5860
Y 0.2537 0.9542 -0.1586
Z -0.5408 0.2758 0.7946

PART 9
OFFSET 21.4435 -4.7787 -6.6844
SCALE 1 1 1
X 0.6359 -0.7323 0.2437
Y -0.0309 0.2914 0.9561
Z -0.7712 -0.6155 0.1627

PART 10
OFFSET 20.7405 -2.6890 -9.5419
SCALE 1 1 1
X 0.4609 -0.6859 0.5631
Y 0.4311 0.7277 0.5335
Z -0.7757 -0.0031 0.6311

PART 11
OFFSET 19.7150 -1.7325 -5.8350
SCALE 1 1 1
X 0.4609 -0.6859 0.5631
Y 0.4311 0.7277 0.5335
Z -0.7757 -0.0031 0.6311

PART 12
OFFSET 25.6863 -3.0234 -4.2530
SCALE 1 1 1
X 0.9917 -0.0661 -0.1106
Y -0.1283 -0.4282 -0.8945
Z 0.0117 0.9013 -0.4331

PART 13
OFFSET 20.9967 -3.5823 -7.2063
SCALE 1 1 1
X 0.9438 -0.3219 0.0754
Y 0.3305 0.9114 -0.2453
Z 0.0103 0.2564 0.9665

PART 14
OFFSET 23.5294 -2.5771 -5.8055
SCALE 1 1 1
X 0.8526 -0.1945 0.4851
Y 0.2628 0.9619 -0.0761
Z -0.4518 0.1923 0.8712

PART 15
OFFSET 23.8644 -6.3202 -4.9373
SCALE 1 1 1
X -0.6240 0.7311 0.2759
Y -0.5470 -0.1565 -0.8224
Z -0.5581 -0.6641 0.4975

PART 16
OFFSET 22.9807 -6.2987 -6.0433
SCALE 1 1 1
X 0.6242 -0.0152 0.7812
Y -0.4972 0.7635 0.4121
Z -0.6026 -0.6457 0.4690

PART 17
OFFSET 23.8478 -5.9180 -6.5662
SCALE 1 1 1
X 0.5208 -0.1441 0.8414
Y -0.5482 0.6991 0.4591
Z -0.6544 -0.7004 0.2851

PART 18
OFFSET 22.5696 -5.3551 -5.1949
SCALE 1 1 1
X 0.5484 0.2534 0.7969
Y 0.5887 -0.7938 -0.1528
Z 0.5938 0.5529 -0.5845

PART 19
OFFSET 23.3112 -5.6720 -4.6927
SCALE 1 1 1
X -0.7806 0.3335 -0.5286
Y 0.2128 -0.6534 -0.7265
Z -0.5877 -0.6796 0.4391

PART 20
OFFSET 21.8693 -4.2797 -6.9659
SCALE 1 1 1
X 0.7967 -0.5847 0.1529
Y -0.0236 0.2227 0.9746
Z -0.6039 -0.7801 0.1637

PART 21
OFFSET 21.7444 -2.7423 -7.0122
SCALE 1 1 1
X 0.8303 0.0237 0.5568
Y 0.2181 0.9055 -0.3639
Z -0.5128 0.4236 0.7467

PART 22
OFFSET 24.7345 -6.1634 -5.1336
SCALE 1 1 1
X -0.6907 0.6985 0.1870
Y -0.3447 -0.0907 -0.9343
Z -0.6357 -0.7098 0.3034

PART 23
OFFSET 23.7771 -5.1953 -4.8745
SCALE 1 1 1
X -0.5524 0.1399 -0.8218
Y 0.5445 -0.6859 -0.4828
Z -0.6312 -0.7142 0.3027

PART 24
OFFSET 23.1781 -5.0436 -5.7657
SCALE 1 1 1
X 0.1105 0.2420 0.9640
Y 0.7893 -0.6108 0.0629
Z 0.6040 0.7539 -0.2585

PART 25
OFFSET 24.4363 -2.9902 -6.8453
SCALE 1 1 1
X 0.8269 -0.4079 0.3871
Y 0.2773 -0.3031 -0.9117
Z 0.4892 0.8613 -0.1375

PART 26
OFFSET 24.9196 -4.2447 -7.4567
SCALE 1 1 1
X 0.6726 -0.5273 0.5191
Y -0.3126 0.4334 0.8452
Z -0.6707 -0.7308 0.1267

PART 27
OFFSET 26.1038 -5.1731 -6.5427
SCALE 1 1 1
X 0.3919 -0.2498 0.8855
Y -0.6452 0.6115 0.4580
Z -0.6559 -0.7507 0.0785

PART 28
OFFSET 26.6201 -5.4311 -5.4710
SCALE 1 1 1
X -0.3973 0.4908 0.7754
Y -0.6578 0.4369 -0.6136
Z -0.6399 -0.7538 0.1493

PART 29
OFFSET -9.5381 -3.2142 -3.5733
SCALE 1 1 1
X -0.6849 0.4790 0.5491
Y -0.3176 -0.8744 0.3667
Z 0.6558 0.0768 0.7510

PART 30
OFFSET -1.2549 -9.0072 -10.2135
SCALE 1 1 1
X -0.9489 -0.2585 -0.1810
Y 0.3096 -0.6516 -0.6925
Z 0.0611 -0.7132 0.6983

PART 31
OFFSET 6.8158 -6.8084 -8.6738
SCALE 1 1 1
X -0.9489 -0.2585 -0.1810
Y 0.2422 -0.2289 -0.9428
Z 0.2023 -0.9385 0.2798

PART 32
OFFSET 7.9055 -5.1212 -8.8518
SCALE 1 1 1
X -0.9509 -0.2527 -0.1788
Y -0.0628 0.7232 -0.6878
Z 0.3031 -0.6428 -0.7035

PART 33
OFFSET 8.0362 -4.9661 -7.6398
SCALE 1 1 1
X -0.9509 -0.2527 -0.1788
Y -0.0628 0.7232 -0.6878
Z 0.3031 -0.6428 -0.7035

PART 34
OFFSET 8.2615 -6.0679 -6.7022
SCALE 1 1 1
X -0.9509 -0.2527 -0.1788
Y -0.0628 0.7232 -0.6878
Z 0.3031 -0.6428 -0.7035

PART 35
OFFSET 9.7248 -6.0159 -8.1188
SCALE 1 1 1
X -0.9769 -0.1114 -0.1821
Y 0.2018 -0.2038 -0.9580
Z 0.0696 -0.9727 0.2216

PART 36
OFFSET 9.9410 -5.3697 -7.2035
SCALE 1 1 1
X -0.6226 -0.7018 -0.3461
Y 0.6892 -0.2823 -0.6673
Z 0.3706 -0.6541 0.6594

PART 37
OFFSET 11.1952 -3.7908 -6.4266
SCALE 1 1 1
X -0.9906 -0.1288 0.0470
Y 0.0673 -0.7554 -0.6518
Z 0.1195 -0.6425 0.7569

PART 38
OFFSET 12.7849 -3.5560 -6.6262
SCALE 1 1 1
X -0.8241 0.2338 0.5160
Y -0.5081 -0.7078 -0.4908
Z 0.2505 -0.6666 0.7021

PART 39
OFFSET 13.6733 -3.7663 -7.2079
SCALE 1 1 1
X -0.8739 0.4549 -0.1712
Y 0.4377 0.5832 -0.6844
Z -0.2114 -0.6730 -0.7087

PART 40
OFFSET 10.7536 -5.9433 -9.0353
SCALE 1 1 1
X -0.9133 -0.0160 0.4069
Y 0.1314 -0.9573 0.2574
Z 0.3854 0.2885 0.8765

PART 41
OFFSET 12.8457 -5.7479 -9.8534
SCALE 1 1 1
X -0.2320 -0.9727 0.0066
Y 0.8808 -0.2130 -0.4229
Z 0.4128 -0.0923 0.9061

PART 42
OFFSET 13.1742 -4.3708 -9.8628
SCALE 1 1 1
X 0.8092 -0.4313 -0.3990
Y 0.4490 0.8919 -0.0535
Z 0.3789 -0.1359 0.9154

PART 43
OFFSET 12.4567 -3.9884 -9.5090
SCALE 1 1 1
X 0.8636 0.3627 -0.3503
Y -0.3059 0.9291 0.2077
Z 0.4008 -0.0722 0.9133

PART 44
OFFSET 11.6363 -4.3329 -9.1763
SCALE 1 1 1
X -0.5264 -0.8502 0.0054
Y -0.7361 0.4589 0.4976
Z -0.4256 0.2580 -0.8674

PART 45
OFFSET 10.8440 -5.9192 -8.3276
SCALE 1 1 1
X -0.9913 -0.0489 0.1221
Y 0.0803 -0.9603 0.2672
Z 0.1042 0.2746 0.9559

PART 46
OFFSET 13.4031 -5.8542 -8.7807
SCALE 1 1 1
X -0.1061 -0.9928 0.0557
Y 0.9598 -0.1169 -0.2551
Z 0.2598 0.0264 0.9653

PART 47
OFFSET 13.5838 -4.1640 -8.8755
SCALE 1 1 1
X 0.9215 -0.3083 -0.2363
Y 0.2984 0.9513 -0.0776
Z 0.2487 0.0010 0.9686

PART 48
OFFSET 12.3067 -3.7367 -8.5480
SCALE 1 1 1
X 0.8847 0.4096 -0.2225
Y -0.3979 0.9123 0.0972
Z 0.2428 0.0025 0.9701

PART 49
OFFSET 11.3472 -4.1809 -8.3066
SCALE 1 1 1
X -0.4856 -0.8566 0.1745
Y -0.8431 0.5117 0.1654
Z -0.2310 -0.0668 -0.9707

PART 50
OFFSET 5.5255 -6.8285 -7.9480
SCALE 1 1 1
X -0.9389 -0.3358 0.0755
Y -0.3425 0.8896 -0.3022
Z 0.0343 -0.3096 -0.9502

PART 51
OFFSET 13.4052 -5.7896 -6.6043
SCALE 1 1 1
X -0.9334 -0.3550 -0.0518
Y 0.3335 -0.9118 0.2396
Z -0.1323 0.2064 0.9695

PART 52
OFFSET 15.0486 -5.1646 -6.5130
SCALE 1 1 1
X -0.5825 -0.8028 0.1270
Y 0.7996 -0.5380 0.2668
Z -0.1459 0.2570 0.9554

PART 53
OFFSET 15.7479 -4.1729 -6.6094
SCALE 1 1 1
X 0.1798 -0.9589 0.2194
Y 0.9689 0.2112 0.1289
Z -0.1699 0.1894 0.9671

PART 54
OFFSET 15.5448 -3.0898 -6.8572
SCALE 1 1 1
X -0.9810 0.1748 0.0842
Y 0.1426 0.9438 -0.2980
Z -0.1316 -0.2804 -0.9508

PART 55
OFFSET 13.5075 -5.8481 -7.7028
SCALE 1 1 1
X -0.1251 -0.9916 0.0339
Y 0.9907 -0.1230 0.0585
Z -0.0538 0.0409 0.9977

PART 56
OFFSET 13.7519 -3.9111 -7.7690
SCALE 1 1 1
X 0.8934 -0.4448 0.0632
Y 0.4482 0.8922 -0.0553
Z -0.0318 0.0777 0.9965

PART 57
OFFSET 21.8693 -4.2797 -6.9659
SCALE 1 1 1
X 0.7967 -0.5847 0.1529
Y -0.0236 0.2227 0.9746
Z -0.6039 -0.7801 0.1637

PART 58
OFFSET 21.8693 -4.2797 -6.9659
SCALE 1 1 1
X 0.7967 -0.5847 0.1529
Y -0.0236 0.2227 0.9746
Z -0.6039 -0.7801 0.1637

PART 59
OFFSET 10.8440 -5.9192 -8.3276
SCALE 1 1 1
X -0.9913 -0.0489 0.1221
Y 0.0803 -0.9603 0.2672
Z 0.1042 0.2746 0.9559

PART 60
OFFSET 10.8440 -5.9192 -8.3276
SCALE 1 1 1
X -0.9913 -0.0489 0.1221
Y 0.0803 -0.9603 0.2672
Z 0.1042 0.2746 0.9559

PART 61
OFFSET 7.5573 -3.0450 -0.6380
SCALE 1 1 1
X 0.9999 0.0121 -0.0023
Y -0.0122 0.9983 -0.0570
Z 0.0016 0.0570 0.9984

PART 62
OFFSET 4.9035 7.2392 -9.1820
SCALE 1 1 1
X 0.8953 -0.2366 -0.3775
Y -0.2883 -0.9537 -0.0861
Z -0.3397 0.1859 -0.9220

PART 63
OFFSET 15.7307 4.3780 -13.7479
SCALE 1 1 1
X 0.4551 -0.6879 0.5653
Y -0.7845 -0.0095 0.6200
Z -0.4212 -0.7257 -0.5440

PART 64
OFFSET 19.6016 -1.4732 -8.9394
SCALE 1 1 1
X 0.4551 -0.6879 0.5653
Y 0.8747 0.4642 -0.1393
Z -0.1666 0.5579 0.8130

PART 65
OFFSET 21.5370 -1.0793 -7.5479
SCALE 1 1 1
X 0.4609 -0.6859 0.5631
Y 0.4311 0.7277 0.5335
Z -0.7757 -0.0031 0.6311

PART 66
OFFSET 12.4470 -3.2613 -7.8613
SCALE 1 1 1
X 0.8885 0.4575 -0.0342
Y -0.4577 0.8787 -0.1356
Z -0.0320 0.1361 0.9902

PART 67
OFFSET 11.4406 -3.7798 -7.8296
SCALE 1 1 1
X -0.3869 -0.9208 0.0495
Y -0.9220 0.3871 -0.0077
Z -0.0121 -0.0487 -0.9987

PART 68
OFFSET 0.0000 0.0000 0.0000
SCALE 1 1 1
X 1.0000 0.0000 0.0000
Y 0.0000 1.0000 0.0000
Z 0.0000 0.0000 1.0000

PART 69
OFFSET 0.0000 0.0000 0.0000
SCALE 1 1 1
X 1.0000 0.0000 0.0000
Y 0.0000 1.0000 0.0000
Z 0.0000 0.0000 1.0000

PART 70
OFFSET 1.5404 0.0000 4.1357
SCALE 1 1 1
X 1.0000 0.0000 0.0000
Y 0.0000 1.0000 0.0000
Z 0.0000 0.0000 1.0000

PART 71
OFFSET 14.2918 -4.4326 -5.7835
SCALE 1 1 1
X 0.9996 0.0158 0.0223
Y -0.0151 0.9993 -0.0355
Z -0.0228 0.0352 0.9991

PART 72
OFFSET 12.7550 -5.2958 -3.9482
SCALE 1 1 1
X -0.0568 -0.8066 0.5883
Y 0.9983 -0.0524 0.0246
Z 0.0109 0.5887 0.8083

PART 73
OFFSET 12.7885 -5.4130 -3.6539
SCALE 1 1 1
X 0.9990 0.0166 0.0427
Y -0.0151 0.9993 -0.0355
Z -0.0432 0.0349 0.9985

PART 74
OFFSET 28.6217 -4.0901 -3.6444
SCALE 1 1 1
X 0.9996 0.0158 0.0223
Y -0.0151 0.9993 -0.0355
Z -0.0228 0.0352 0.9991

PART 75
OFFSET 17.7218 -4.3706 -5.8107
SCALE 1 1 1
X 0.9996 0.0158 0.0223
Y -0.0151 0.9993 -0.0355
Z -0.0228 0.0352 0.9991


FRAME 67
PART 0
OFFSET 26.3966 -4.5618 -4.4820
SCALE 1 1 1
X 0.5507 -0.7798 0.2977
Y 0.2579 -0.1802 -0.9492
Z 0.7939 0.5995 0.1019

PART 1
OFFSET 24.6691 -4.7193 -6.9098
SCALE 1 1 1
X 0.7375 -0.5277 0.4214
Y -0.2508 0.3653 0.8965
Z -0.6270 -0.7668 0.1371

PART 2
OFFSET 26.1099 -5.7503 -6.0866
SCALE 1 1 1
X -0.3620 0.4710 0.8044
Y -0.6585 0.4815 -0.5784
Z -0.6598 -0.7391 0.1358

PART 3
OFFSET 25.5811 -5.0623 -4.9116
SCALE 1 1 1
X -0.6693 0.5767 -0.4685
Y 0.2913 -0.3764 -0.8795
Z -0.6835 -0.7251 0.0839

PART 4
OFFSET 24.8180 -4.4140 -5.4410
SCALE 1 1 1
X 0.3708 -0.1555 0.9156
Y 0.6010 -0.7115 -0.3642
Z 0.7080 0.6853 -0.1704

PART 5
OFFSET 14.5051 -4.1337 -5.5507
SCALE 1 1 1
X 0.9997 0.0213 0.0151
Y -0.0215 0.9996 0.0181
Z -0.0147 -0.0184 0.9997

PART 6
OFFSET 18.7243 -3.4226 -8.0433
SCALE 1 1 1
X 0.4792 -0.6521 0.5874
Y 0.4244 0.7580 0.4953
Z -0.7683 0.0120 0.6400

PART 7
OFFSET 18.9720 -2.4846 -6.3903
SCALE 1 1 1
X 0.4792 -0.6521 0.5874
Y 0.4244 0.7580 0.4953
Z -0.7683 0.0120 0.6400

PART 8
OFFSET 25.0500 -2.6065 -4.6919
SCALE 1 1 1
X 0.8075 -0.1416 0.5726
Y 0.2464 0.9630 -0.1093
Z -0.5359 0.2294 0.8125

PART 9
OFFSET 21.6511 -4.3837 -6.5255
SCALE 1 1 1
X 0.6424 -0.7401 0.1992
Y -0.0248 0.2397 0.9705
Z -0.7660 -0.6284 0.1356

PART 10
OFFSET 20.8942 -2.3806 -9.3488
SCALE 1 1 1
X 0.4792 -0.6521 0.5874
Y 0.4244 0.7580 0.4953
Z -0.7683 0.0120 0.6400

PART 11
OFFSET 19.8944 -1.2769 -5.6760
SCALE 1 1 1
X 0.4792 -0.6521 0.5874
Y 0.4244 0.7580 0.4953
Z -0.7683 0.0120 0.6400

PART 12
OFFSET 25.9029 -2.7328 -4.0374
SCALE 1 1 1
X 0.9911 -0.0535 -0.1218
Y -0.1330 -0.3806 -0.9151
Z 0.0026 0.9232 -0.3844

PART 13
OFFSET 21.1926 -3.1641 -6.9790
SCALE 1 1 1
X 0.9463 -0.3192 0.0506
Y 0.3228 0.9253 -0.1988
Z 0.0167 0.2045 0.9787

PART 14
OFFSET 23.7305 -2.2185 -5.5467
SCALE 1 1 1
X 0.8577 -0.2145 0.4672
Y 0.2562 0.9663 -0.0266
Z -0.4457 0.1425 0.8838

PART 15
OFFSET 24.0959 -6.0003 -4.8826
SCALE 1 1 1
X -0.6262 0.7112 0.3195
Y -0.5528 -0.1159 -0.8252
Z -0.5498 -0.6934 0.4657

PART 16
OFFSET 23.2030 -5.9256 -5.9788
SCALE 1 1 1
X 0.6307 -0.0527 0.7743
Y -0.4985 0.7371 0.4563
Z -0.5947 -0.6738 0.4386

PART 17
OFFSET 24.0633 -5.5118 -6.4874
SCALE 1 1 1
X 0.5286 -0.1854 0.8284
Y -0.5488 0.6699 0.5001
Z -0.6476 -0.7189 0.2524

PART 18
OFFSET 22.7930 -5.0314 -5.0779
SCALE 1 1 1
X 0.5534 0.2140 0.8049
Y 0.5923 -0.7806 -0.1997
Z 0.5856 0.5873 -0.5588

PART 19
OFFSET 23.5407 -5.3697 -4.5993
SCALE 1 1 1
X -0.7870 0.3561 -0.5038
Y 0.2108 -0.6122 -0.7621
Z -0.5798 -0.7060 0.4067

PART 20
OFFSET 22.0714 -3.8676 -6.7832
SCALE 1 1 1
X 0.8015 -0.5868 0.1151
Y -0.0169 0.1702 0.9853
Z -0.5977 -0.7917 0.1265

PART 21
OFFSET 21.9367 -2.3308 -6.7463
SCALE 1 1 1
X 0.8347 -0.0005 0.5507
Y 0.2095 0.9251 -0.3166
Z -0.5092 0.3797 0.7723

PART 22
OFFSET 24.9633 -5.8274 -5.0772
SCALE 1 1 1
X -0.6935 0.6829 0.2295
Y -0.3518 -0.0430 -0.9351
Z -0.6287 -0.7292 0.2701

PART 23
OFFSET 24.0022 -4.8809 -4.7590
SCALE 1 1 1
X -0.5600 0.1799 -0.8087
Y 0.5448 -0.6555 -0.5231
Z -0.6242 -0.7335 0.2690

PART 24
OFFSET 23.3948 -4.6858 -5.6361
SCALE 1 1 1
X 0.1169 0.1909 0.9746
Y 0.7936 -0.6080 0.0239
Z 0.5971 0.7706 -0.2226

PART 25
OFFSET 24.6313 -2.5694 -6.6142
SCALE 1 1 1
X 0.8326 -0.4225 0.3582
Y 0.2716 -0.2521 -0.9288
Z 0.4827 0.8706 -0.0951

PART 26
OFFSET 25.1172 -3.7862 -7.2957
SCALE 1 1 1
X 0.6802 -0.5498 0.4848
Y -0.3083 0.3855 0.8697
Z -0.6651 -0.7410 0.0927

PART 27
OFFSET 26.3148 -4.7542 -6.4420
SCALE 1 1 1
X 0.4007 -0.2941 0.8677
Y -0.6451 0.5819 0.4952
Z -0.6506 -0.7582 0.0434

PART 28
OFFSET 26.8415 -5.0657 -5.3898
SCALE 1 1 1
X -0.3939 0.4461 0.8037
Y -0.6656 0.4646 -0.5841
Z -0.6340 -0.7649 0.1139

PART 29
OFFSET -9.3306 -3.2083 -3.4922
SCALE 1 1 1
X -0.6923 0.4666 0.5504
Y -0.3053 -0.8805 0.3626
Z 0.6539 0.0830 0.7520

PART 30
OFFSET -0.9582 -8.8519 -10.1491
SCALE 1 1 1
X -0.9409 -0.2793 -0.1917
Y 0.3313 -0.6406 -0.6927
Z 0.0707 -0.7153 0.6953

PART 31
OFFSET 7.0444 -6.4765 -8.5187
SCALE 1 1 1
X -0.9409 -0.2793 -0.1917
Y 0.2464 -0.1761 -0.9530
Z 0.2324 -0.9439 0.2345

PART 32
OFFSET 8.0993 -4.7565 -8.7007
SCALE 1 1 1
X -0.9430 -0.2735 -0.1895
Y -0.0727 0.7252 -0.6847
Z 0.3247 -0.6319 -0.7038

PART 33
OFFSET 8.2174 -4.6178 -7.4830
SCALE 1 1 1
X -0.9430 -0.2735 -0.1895
Y -0.0727 0.7252 -0.6847
Z 0.3247 -0.6319 -0.7038

PART 34
OFFSET 8.4618 -5.7446 -6.5263
SCALE 1 1 1
X -0.9430 -0.2735 -0.1895
Y -0.0727 0.7252 -0.6847
Z 0.3247 -0.6319 -0.7038

PART 35
OFFSET 9.9288 -5.6203 -7.9310
SCALE 1 1 1
X -0.9777 -0.1080 -0.1801
Y 0.1951 -0.1510 -0.9691
Z 0.0775 -0.9826 0.1687

PART 36
OFFSET 10.1485 -5.0225 -6.9841
SCALE 1 1 1
X -0.6211 -0.6864 -0.3782
Y 0.6854 -0.2417 -0.6869
Z 0.3801 -0.6859 0.6206

PART 37
OFFSET 11.3993 -3.4790 -6.1339
SCALE 1 1 1
X -0.9893 -0.1377 0.0479
Y 0.0665 -0.7190 -0.6918
Z 0.1297 -0.6812 0.7205

PART 38
OFFSET 12.9859 -3.2234 -6.3332
SCALE 1 1 1
X -0.8212 0.2004 0.5342
Y -0.5077 -0.6839 -0.5239
Z 0.2604 -0.7015 0.6634

PART 39
OFFSET 13.8707 -3.3964 -6.9324
SCALE 1 1 1
X -0.8781 0.4576 -0.1397
Y 0.4283 0.6218 -0.6557
Z -0.2131 -0.6356 -0.7420

PART 40
OFFSET 10.9495 -5.4920 -8.8504
SCALE 1 1 1
X -0.9098 -0.0437 0.4126
Y 0.1394 -0.9688 0.2048
Z 0.3908 0.2439 0.8876

PART 41
OFFSET 13.0336 -5.2396 -9.6734
SCALE 1 1 1
X -0.2260 -0.9732 -0.0435
Y 0.8785 -0.1843 -0.4407
Z 0.4208 -0.1378 0.8966

PART 42
OFFSET 13.3536 -3.8618 -9.6118
SCALE 1 1 1
X 0.8085 -0.4041 -0.4279
Y 0.4431 0.8964 -0.0093
Z 0.3873 -0.1821 0.9038

PART 43
OFFSET 12.6368 -3.5035 -9.2324
SCALE 1 1 1
X 0.8585 0.3865 -0.3372
Y -0.3099 0.9147 0.2594
Z 0.4087 -0.1182 0.9050

PART 44
OFFSET 11.8212 -3.8707 -8.9121
SCALE 1 1 1
X -0.5212 -0.8527 -0.0358
Y -0.7347 0.4269 0.5272
Z -0.4342 0.3011 -0.8490

PART 45
OFFSET 11.0456 -5.5051 -8.1432
SCALE 1 1 1
X -0.9899 -0.0619 0.1272
Y 0.0884 -0.9727 0.2148
Z 0.1104 0.2239 0.9683

PART 46
OFFSET 13.6005 -5.3992 -8.6124
SCALE 1 1 1
X -0.0996 -0.9950 0.0034
Y 0.9584 -0.0968 -0.2686
Z 0.2675 -0.0235 0.9633

PART 47
OFFSET 13.7700 -3.7052 -8.6181
SCALE 1 1 1
X 0.9214 -0.2892 -0.2598
Y 0.2919 0.9560 -0.0290
Z 0.2567 -0.0491 0.9652

PART 48
OFFSET 12.4931 -3.3044 -8.2581
SCALE 1 1 1
X 0.8803 0.4267 -0.2073
Y -0.4026 0.9031 0.1490
Z 0.2508 -0.0477 0.9669

PART 49
OFFSET 11.5383 -3.7672 -8.0333
SCALE 1 1 1
X -0.4789 -0.8678 0.1323
Y -0.8448 0.4966 0.1992
Z -0.2386 -0.0164 -0.9710

PART 50
OFFSET 5.7362 -6.4687 -7.7705
SCALE 1 1 1
X -0.9361 -0.3456 0.0649
Y -0.3505 0.9022 -0.2515
Z 0.0284 -0.2582 -0.9657

PART 51
OFFSET 13.6201 -5.4508 -6.4358
SCALE 1 1 1
X -0.9316 -0.3579 -0.0634
Y 0.3411 -0.9211 0.1879
Z -0.1256 0.1534 0.9801

PART 52
OFFSET 15.2604 -4.8206 -6.3243
SCALE 1 1 1
X -0.5764 -0.8123 0.0885
Y 0.8051 -0.5461 0.2313
Z -0.1396 0.2046 0.9689

PART 53
OFFSET 15.9527 -3.8207 -6.3730
SCALE 1 1 1
X 0.1876 -0.9681 0.1663
Y 0.9686 0.2104 0.1323
Z -0.1631 0.1363 0.9772

PART 54
OFFSET 15.7408 -2.7272 -6.5609
SCALE 1 1 1
X -0.9813 0.1635 0.1012
Y 0.1342 0.9593 -0.2483
Z -0.1377 -0.2300 -0.9634

PART 55
OFFSET 13.7137 -5.4499 -7.5366
SCALE 1 1 1
X -0.1187 -0.9928 -0.0182
Y 0.9919 -0.1194 0.0440
Z -0.0458 -0.0128 0.9989

PART 56
OFFSET 13.9455 -3.5104 -7.5010
SCALE 1 1 1
X 0.8966 -0.4417 0.0322
Y 0.4422 0.8969 -0.0110
Z -0.0240 0.0241 0.9994

PART 57
OFFSET 22.0714 -3.8676 -6.7832
SCALE 1 1 1
X 0.8015 -0.5868 0.1151
Y -0.0169 0.1702 0.9853
Z -0.5977 -0.7917 0.1265

PART 58
OFFSET 22.0714 -3.8676 -6.7832
SCALE 1 1 1
X 0.8015 -0.5868 0.1151
Y -0.0169 0.1702 0.9853
Z -0.5977 -0.7917 0.1265

PART 59
OFFSET 11.0456 -5.5051 -8.1432
SCALE 1 1 1
X -0.9899 -0.0619 0.1272
Y 0.0884 -0.9727 0.2148
Z 0.1104 0.2239 0.9683

PART 60
OFFSET 11.0456 -5.5051 -8.1432
SCALE 1 1 1
X -0.9899 -0.0619 0.1272
Y 0.0884 -0.9727 0.2148
Z 0.1104 0.2239 0.9683

PART 61
OFFSET 7.5573 -3.0450 -0.6380
SCALE 1 1 1
X 0.9999 0.0121 -0.0023
Y -0.0122 0.9983 -0.0570
Z 0.0016 0.0570 0.9984

PART 62
OFFSET 4.9035 7.2392 -9.1820
SCALE 1 1 1
X 0.8939 -0.2343 -0.3822
Y -0.2698 -0.9620 -0.0412
Z -0.3580 0.1400 -0.9232

PART 63
OFFSET 15.7142 4.4054 -13.8039
SCALE 1 1 1
X 0.4735 -0.6542 0.5898
Y -0.7771 0.0050 0.6293
Z -0.4146 -0.7563 -0.5060

PART 64
OFFSET 19.7411 -1.1586 -8.7872
SCALE 1 1 1
X 0.4735 -0.6542 0.5898
Y 0.8556 0.5007 -0.1315
Z -0.2093 0.5669 0.7968

PART 65
OFFSET 21.6851 -0.6702 -7.4382
SCALE 1 1 1
X 0.4792 -0.6521 0.5874
Y 0.4244 0.7580 0.4953
Z -0.7683 0.0120 0.6400

PART 66
OFFSET 12.6359 -2.8653 -7.5481
SCALE 1 1 1
X 0.8854 0.4646 -0.0167
Y -0.4642 0.8816 -0.0848
Z -0.0246 0.0828 0.9963

PART 67
OFFSET 11.6330 -3.3915 -7.5363
SCALE 1 1 1
X -0.3808 -0.9247 0.0033
Y -0.9244 0.3808 0.0203
Z -0.0200 0.0047 -0.9998

PART 68
OFFSET 0.0000 0.0000 0.0000
SCALE 1 1 1
X 1.0000 0.0000 0.0000
Y 0.0000 1.0000 0.0000
Z 0.0000 0.0000 1.0000

PART 69
OFFSET 0.0000 0.0000 0.0000
SCALE 1 1 1
X 1.0000 0.0000 0.0000
Y 0.0000 1.0000 0.0000
Z 0.0000 0.0000 1.0000

PART 70
OFFSET 1.5404 0.0000 4.1357
SCALE 1 1 1
X 1.0000 0.0000 0.0000
Y 0.0000 1.0000 0.0000
Z 0.0000 0.0000 1.0000

PART 71
OFFSET 14.5051 -4.1337 -5.5507
SCALE 1 1 1
X 0.9997 0.0213 0.0151
Y -0.0215 0.9996 0.0181
Z -0.0147 -0.0184 0.9997

PART 72
OFFSET 12.9889 -5.1039 -3.7520
SCALE 1 1 1
X -0.0469 -0.8373 0.5447
Y 0.9988 -0.0470 0.0139
Z 0.0140 0.5447 0.8385

PART 73
OFFSET 13.0256 -5.2365 -3.4647
SCALE 1 1 1
X 0.9991 0.0209 0.0356
Y -0.0215 0.9996 0.0181
Z -0.0352 -0.0188 0.9992

PART 74
OFFSET 28.8498 -3.8109 -3.5100
SCALE 1 1 1
X 0.9997 0.0213 0.0151
Y -0.0215 0.9996 0.0181
Z -0.0147 -0.0184 0.9997

PART 75
OFFSET 17.9343 -4.0476 -5.6017
SCALE 1 1 1
X 0.9997 0.0213 0.0151
Y -0.0215 0.9996 0.0181
Z -0.0147 -0.0184 0.9997


FRAME 68
PART 0
OFFSET 26.6952 -4.1352 -4.3259
SCALE 1 1 1
X 0.5598 -0.7941 0.2369
Y 0.2485 -0.1118 -0.9621
Z 0.7905 0.5975 0.1348

PART 1
OFFSET 24.9418 -4.1380 -6.7401
SCALE 1 1 1
X 0.7461 -0.5497 0.3758
Y -0.2434 0.3002 0.9223
Z -0.6198 -0.7796 0.0902

PART 2
OFFSET 26.3993 -5.2118 -6.0060
SCALE 1 1 1
X -0.3565 0.4111 0.8390
Y -0.6685 0.5151 -0.5364
Z -0.6527 -0.7521 0.0912

PART 3
OFFSET 25.8786 -4.6113 -4.7805
SCALE 1 1 1
X -0.6787 0.6023 -0.4201
Y 0.2842 -0.3121 -0.9066
Z -0.6772 -0.7347 0.0407

PART 4
OFFSET 25.1049 -3.9341 -5.2554
SCALE 1 1 1
X 0.3822 -0.2156 0.8986
Y 0.6021 -0.6796 -0.4191
Z 0.7010 0.7012 -0.1300

PART 5
OFFSET 14.7896 -3.7309 -5.2350
SCALE 1 1 1
X 0.9996 0.0283 0.0059
Y -0.0287 0.9957 0.0877
Z -0.0034 -0.0878 0.9961

PART 6
OFFSET 18.9778 -2.9870 -7.6750
SCALE 1 1 1
X 0.5025 -0.6056 0.6171
Y 0.4128 0.7952 0.4442
Z -0.7597 0.0315 0.6495

PART 7
OFFSET 19.2252 -1.9488 -6.0830
SCALE 1 1 1
X 0.5025 -0.6056 0.6171
Y 0.4128 0.7952 0.4442
Z -0.7597 0.0315 0.6495

PART 8
OFFSET 25.3320 -2.1811 -4.3851
SCALE 1 1 1
X 0.8149 -0.1744 0.5527
Y 0.2381 0.9702 -0.0448
Z -0.5284 0.1681 0.8322

PART 9
OFFSET 21.9259 -3.8545 -6.3012
SCALE 1 1 1
X 0.6500 -0.7468 0.1404
Y -0.0156 0.1716 0.9850
Z -0.7598 -0.6425 0.0998

PART 10
OFFSET 21.1047 -1.9731 -9.0706
SCALE 1 1 1
X 0.5025 -0.6056 0.6171
Y 0.4128 0.7952 0.4442
Z -0.7597 0.0315 0.6495

PART 11
OFFSET 20.1280 -0.6806 -5.4535
SCALE 1 1 1
X 0.5025 -0.6056 0.6171
Y 0.4128 0.7952 0.4442
Z -0.7597 0.0315 0.6495

PART 12
OFFSET 26.1931 -2.3455 -3.7501
SCALE 1 1 1
X 0.9901 -0.0368 -0.1358
Y -0.1404 -0.3173 -0.9379
Z -0.0086 0.9476 -0.3193

PART 13
OFFSET 21.4533 -2.6101 -6.6640
SCALE 1 1 1
X 0.9492 -0.3143 0.0182
Y 0.3137 0.9395 -0.1375
Z 0.0262 0.1362 0.9903

PART 14
OFFSET 24.0001 -1.7455 -5.1967
SCALE 1 1 1
X 0.8645 -0.2394 0.4420
Y 0.2487 0.9678 0.0378
Z -0.4368 0.0772 0.8962

PART 15
OFFSET 24.4008 -5.5611 -4.8008
SCALE 1 1 1
X -0.6278 0.6822 0.3748
Y -0.5611 -0.0629 -0.8253
Z -0.5394 -0.7285 0.4223

PART 16
OFFSET 23.4951 -5.4179 -5.8795
SCALE 1 1 1
X 0.6397 -0.1012 0.7619
Y -0.4988 0.6995 0.5117
Z -0.5848 -0.7074 0.3970

PART 17
OFFSET 24.3466 -4.9628 -6.3674
SCALE 1 1 1
X 0.5393 -0.2381 0.8078
Y -0.5480 0.6291 0.5513
Z -0.6394 -0.7400 0.2087

PART 18
OFFSET 23.0887 -4.5917 -4.9144
SCALE 1 1 1
X 0.5608 0.1622 0.8119
Y 0.5958 -0.7600 -0.2597
Z 0.5749 0.6294 -0.5229

PART 19
OFFSET 23.8442 -4.9563 -4.4685
SCALE 1 1 1
X -0.7952 0.3838 -0.4694
Y 0.2068 -0.5562 -0.8049
Z -0.5700 -0.7372 0.3629

PART 20
OFFSET 22.3395 -3.3183 -6.5269
SCALE 1 1 1
X 0.8071 -0.5868 0.0655
Y -0.0071 0.1013 0.9948
Z -0.5904 -0.8034 0.0776

PART 21
OFFSET 22.1938 -1.7889 -6.3820
SCALE 1 1 1
X 0.8408 -0.0319 0.5403
Y 0.1991 0.9465 -0.2539
Z -0.5033 0.3210 0.8023

PART 22
OFFSET 25.2647 -5.3681 -4.9922
SCALE 1 1 1
X -0.6959 0.6597 0.2838
Y -0.3620 0.0191 -0.9320
Z -0.6202 -0.7513 0.2255

PART 23
OFFSET 24.3002 -4.4539 -4.5988
SCALE 1 1 1
X -0.5704 0.2310 -0.7882
Y 0.5437 -0.6131 -0.5731
Z -0.6157 -0.7554 0.2241

PART 24
OFFSET 23.6817 -4.2033 -5.4536
SCALE 1 1 1
X 0.1265 0.1238 0.9842
Y 0.7983 -0.6017 -0.0269
Z 0.5889 0.7891 -0.1749

PART 25
OFFSET 24.8914 -2.0141 -6.2956
SCALE 1 1 1
X 0.8397 -0.4395 0.3191
Y 0.2631 -0.1849 -0.9469
Z 0.4752 0.8790 -0.0396

PART 26
OFFSET 25.3786 -3.1767 -7.0650
SCALE 1 1 1
X 0.6896 -0.5765 0.4382
Y -0.3013 0.3218 0.8976
Z -0.6585 -0.7510 0.0482

PART 27
OFFSET 26.5928 -4.1918 -6.2935
SCALE 1 1 1
X 0.4126 -0.3503 0.8408
Y -0.6438 0.5409 0.5413
Z -0.6444 -0.7647 -0.0024

PART 28
OFFSET 27.1336 -4.5713 -5.2712
SCALE 1 1 1
X -0.3881 0.3860 0.8369
Y -0.6755 0.4986 -0.5432
Z -0.6270 -0.7761 0.0673

PART 29
OFFSET -9.1978 -3.2044 -3.4404
SCALE 1 1 1
X -0.7125 0.4444 0.5430
Y -0.2852 -0.8905 0.3545
Z 0.6411 0.0977 0.7612

PART 30
OFFSET -0.5813 -8.5792 -10.0078
SCALE 1 1 1
X -0.9316 -0.3019 -0.2026
Y 0.3543 -0.6291 -0.6919
Z 0.0814 -0.7163 0.6930

PART 31
OFFSET 7.3421 -6.0116 -8.2848
SCALE 1 1 1
X -0.9316 -0.3019 -0.2026
Y 0.2444 -0.1074 -0.9637
Z 0.2692 -0.9473 0.1738

PART 32
OFFSET 8.3592 -4.2539 -8.4829
SCALE 1 1 1
X -0.9339 -0.2961 -0.2003
Y -0.0839 0.7261 -0.6824
Z 0.3476 -0.6205 -0.7030

PART 33
OFFSET 8.4658 -4.1352 -7.2585
SCALE 1 1 1
X -0.9339 -0.2961 -0.2003
Y -0.0839 0.7261 -0.6824
Z 0.3476 -0.6205 -0.7030

PART 34
OFFSET 8.7338 -5.2988 -6.2712
SCALE 1 1 1
X -0.9339 -0.2961 -0.2003
Y -0.0839 0.7261 -0.6824
Z 0.3476 -0.6205 -0.7030

PART 35
OFFSET 10.1980 -5.0861 -7.6638
SCALE 1 1 1
X -0.9788 -0.1032 -0.1767
Y 0.1854 -0.0818 -0.9793
Z 0.0866 -0.9913 0.0992

PART 36
OFFSET 10.4239 -4.5537 -6.6801
SCALE 1 1 1
X -0.6202 -0.6635 -0.4183
Y 0.6794 -0.1879 -0.7093
Z 0.3921 -0.7242 0.5673

PART 37
OFFSET 11.6727 -3.0627 -5.7381
SCALE 1 1 1
X -0.9877 -0.1487 0.0488
Y 0.0641 -0.6687 -0.7407
Z 0.1428 -0.7285 0.6700

PART 38
OFFSET 13.2550 -2.7810 -5.9362
SCALE 1 1 1
X -0.8166 0.1561 0.5556
Y -0.5085 -0.6501 -0.5647
Z 0.2730 -0.7437 0.6103

PART 39
OFFSET 14.1343 -2.9047 -6.5553
SCALE 1 1 1
X -0.8830 0.4590 -0.0982
Y 0.4163 0.6693 -0.6154
Z -0.2167 -0.5843 -0.7821

PART 40
OFFSET 11.2073 -4.8860 -8.5829
SCALE 1 1 1
X -0.9048 -0.0795 0.4183
Y 0.1487 -0.9795 0.1356
Z 0.3990 0.1849 0.8981

PART 41
OFFSET 13.2802 -4.5605 -9.4086
SCALE 1 1 1
X -0.2194 -0.9696 -0.1085
Y 0.8749 -0.1463 -0.4617
Z 0.4318 -0.1962 0.8804

PART 42
OFFSET 13.5909 -3.1878 -9.2549
SCALE 1 1 1
X 0.8065 -0.3670 -0.4635
Y 0.4365 0.8984 0.0482
Z 0.3987 -0.2412 0.8848

PART 43
OFFSET 12.8757 -2.8624 -8.8440
SCALE 1 1 1
X 0.8518 0.4158 -0.3187
Y -0.3136 0.8920 0.3256
Z 0.4196 -0.1774 0.8902

PART 44
OFFSET 12.0665 -3.2574 -8.5412
SCALE 1 1 1
X -0.5154 -0.8523 -0.0894
Y -0.7318 0.3834 0.5634
Z -0.4459 0.3557 -0.8214

PART 45
OFFSET 11.3115 -4.9474 -7.8794
SCALE 1 1 1
X -0.9880 -0.0785 0.1331
Y 0.0979 -0.9845 0.1458
Z 0.1196 0.1570 0.9803

PART 46
OFFSET 13.8601 -4.7886 -8.3674
SCALE 1 1 1
X -0.0922 -0.9936 -0.0647
Y 0.9560 -0.0702 -0.2849
Z 0.2785 -0.0881 0.9564

PART 47
OFFSET 14.0171 -3.0969 -8.2573
SCALE 1 1 1
X 0.9205 -0.2630 -0.2891
Y 0.2845 0.9581 0.0344
Z 0.2679 -0.1139 0.9567

PART 48
OFFSET 12.7414 -2.7324 -7.8567
SCALE 1 1 1
X 0.8748 0.4471 -0.1866
Y -0.4075 0.8874 0.2157
Z 0.2620 -0.1126 0.9585

PART 49
OFFSET 11.7926 -3.2173 -7.6543
SCALE 1 1 1
X -0.4710 -0.8788 0.0768
Y -0.8461 0.4747 0.2422
Z -0.2493 0.0491 -0.9672

PART 50
OFFSET 6.0138 -5.9777 -7.5178
SCALE 1 1 1
X -0.9328 -0.3569 0.0508
Y -0.3600 0.9145 -0.1845
Z 0.0194 -0.1903 -0.9815

PART 51
OFFSET 13.9045 -4.9907 -6.2000
SCALE 1 1 1
X -0.9296 -0.3602 -0.0781
Y 0.3500 -0.9291 0.1198
Z -0.1157 0.0840 0.9897

PART 52
OFFSET 15.5412 -4.3564 -6.0625
SCALE 1 1 1
X -0.5694 -0.8212 0.0380
Y 0.8117 -0.5543 0.1842
Z -0.1302 0.1357 0.9822

PART 53
OFFSET 16.2255 -3.3498 -6.0491
SCALE 1 1 1
X 0.1966 -0.9757 0.0967
Y 0.9685 0.2086 0.1363
Z -0.1531 0.0668 0.9859

PART 54
OFFSET 16.0035 -2.2478 -6.1583
SCALE 1 1 1
X -0.9813 0.1481 0.1228
Y 0.1244 0.9753 -0.1825
Z -0.1468 -0.1638 -0.9755

PART 55
OFFSET 13.9857 -4.9126 -7.2990
SCALE 1 1 1
X -0.1115 -0.9900 -0.0858
Y 0.9932 -0.1140 0.0250
Z -0.0345 -0.0825 0.9960

PART 56
OFFSET 14.2036 -2.9785 -7.1313
SCALE 1 1 1
X 0.9002 -0.4355 -0.0081
Y 0.4354 0.8990 0.0466
Z -0.0130 -0.0454 0.9989

PART 57
OFFSET 22.3395 -3.3183 -6.5269
SCALE 1 1 1
X 0.8071 -0.5868 0.0655
Y -0.0071 0.1013 0.9948
Z -0.5904 -0.8034 0.0776

PART 58
OFFSET 22.3395 -3.3183 -6.5269
SCALE 1 1 1
X 0.8071 -0.5868 0.0655
Y -0.0071 0.1013 0.9948
Z -0.5904 -0.8034 0.0776

PART 59
OFFSET 11.3115 -4.9474 -7.8794
SCALE 1 1 1
X -0.9880 -0.0785 0.1331
Y 0.0979 -0.9845 0.1458
Z 0.1196 0.1570 0.9803

PART 60
OFFSET 11.3115 -4.9474 -7.8794
SCALE 1 1 1
X -0.9880 -0.0785 0.1331
Y 0.0979 -0.9845 0.1458
Z 0.1196 0.1570 0.9803

PART 61
OFFSET 7.5573 -3.0450 -0.6380
SCALE 1 1 1
X 0.9999 0.0121 -0.0023
Y -0.0122 0.9983 -0.0570
Z 0.0016 0.0570 0.9984

PART 62
OFFSET 4.9035 7.2392 -9.1820
SCALE 1 1 1
X 0.8931 -0.2330 -0.3847
Y -0.2453 -0.9693 0.0177
Z -0.3770 0.0786 -0.9229

PART 63
OFFSET 15.7051 4.4208 -13.8344
SCALE 1 1 1
X 0.4968 -0.6076 0.6197
Y -0.7685 0.0237 0.6394
Z -0.4032 -0.7939 -0.4552

PART 64
OFFSET 19.9304 -0.7473 -8.5638
SCALE 1 1 1
X 0.4968 -0.6076 0.6197
Y 0.8238 0.5548 -0.1164
Z -0.2731 0.5683 0.7762

PART 65
OFFSET 21.8801 -0.1365 -7.2741
SCALE 1 1 1
X 0.5025 -0.6056 0.6171
Y 0.4128 0.7952 0.4442
Z -0.7597 0.0315 0.6495

PART 66
OFFSET 12.8888 -2.3424 -7.1194
SCALE 1 1 1
X 0.8817 0.4718 0.0061
Y -0.4717 0.8816 -0.0184
Z -0.0140 0.0133 0.9998

PART 67
OFFSET 11.8900 -2.8763 -7.1334
SCALE 1 1 1
X -0.3739 -0.9257 -0.0569
Y -0.9269 0.3709 0.0566
Z -0.0313 0.0739 -0.9968

PART 68
OFFSET 0.0000 0.0000 0.0000
SCALE 1 1 1
X 1.0000 0.0000 0.0000
Y 0.0000 1.0000 0.0000
Z 0.0000 0.0000 1.0000

PART 69
OFFSET 0.0000 0.0000 0.0000
SCALE 1 1 1
X 1.0000 0.0000 0.0000
Y 0.0000 1.0000 0.0000
Z 0.0000 0.0000 1.0000

PART 70
OFFSET 1.5404 0.0000 4.1357
SCALE 1 1 1
X 1.0000 0.0000 0.0000
Y 0.0000 1.0000 0.0000
Z 0.0000 0.0000 1.0000

PART 71
OFFSET 14.7896 -3.7309 -5.2350
SCALE 1 1 1
X 0.9996 0.0283 0.0059
Y -0.0287 0.9957 0.0877
Z -0.0034 -0.0878 0.9961

PART 72
OFFSET 13.3010 -4.8359 -3.4920
SCALE 1 1 1
X -0.0346 -0.8734 0.4857
Y 0.9992 -0.0397 -0.0001
Z 0.0194 0.4854 0.8741

PART 73
OFFSET 13.3418 -4.9878 -3.2150
SCALE 1 1 1
X 0.9993 0.0265 0.0262
Y -0.0287 0.9957 0.0877
Z -0.0238 -0.0884 0.9958

PART 74
OFFSET 29.1536 -3.4336 -3.3304
SCALE 1 1 1
X 0.9996 0.0283 0.0059
Y -0.0287 0.9957 0.0877
Z -0.0034 -0.0878 0.9961

PART 75
OFFSET 18.2173 -3.6136 -5.3166
SCALE 1 1 1
