// Export filename: `C:/cod5/cod/cod5/xanim_export/viewmodel/US/thompson/thompson_reload.XANIM_EXPORT`
// Source filename: `C:/cod5/cod/cod5/animation_assets/viewmodel/US/thompson/viewmodelanimation_thompson.mb`
// Export time: Tue Aug 26 15:24:34 2008

ANIMATION
VERSION 3

NUMPARTS 76
PART 0 "J_Index_LE_3"
PART 1 "J_Mid_LE_0"
PART 2 "J_Mid_LE_1"
PART 3 "J_Mid_LE_2"
PART 4 "J_Mid_LE_3"
PART 5 "tag_weapon"
PART 6 "J_Sleave_Reshape_Top_LE_3"
PART 7 "J_Sleave_Reshape_Top_LE_2"
PART 8 "J_Thumb_LE_2"
PART 9 "J_PinkyPalm_LE"
PART 10 "J_Sleave_Reshape_Bottom_LE_2"
PART 11 "J_Sleave_Reshape_Top_LE_1"
PART 12 "J_Thumb_LE_3"
PART 13 "J_Wrist_LE"
PART 14 "J_Thumb_LE_1"
PART 15 "J_Pinky_LE_1"
PART 16 "J_Pinky_LE_0"
PART 17 "J_Ring_LE_0"
PART 18 "J_Pinky_LE_3"
PART 19 "J_Pinky_LE_2"
PART 20 "J_RingPalm_LE"
PART 21 "J_Thumb_LE_0"
PART 22 "J_Ring_LE_1"
PART 23 "J_Ring_LE_2"
PART 24 "J_Ring_LE_3"
PART 25 "J_Webbing_LE"
PART 26 "J_Index_LE_0"
PART 27 "J_Index_LE_1"
PART 28 "J_Index_LE_2"
PART 29 "J_Shoulder_RI"
PART 30 "J_Elbow_RI"
PART 31 "J_WristTwist_RI"
PART 32 "J_Sleave_Reshape_Top_RI_3"
PART 33 "J_Sleave_Reshape_Top_RI_2"
PART 34 "J_Sleave_Reshape_Top_RI_1"
PART 35 "J_Wrist_RI"
PART 36 "J_Thumb_RI_0"
PART 37 "J_Thumb_RI_1"
PART 38 "J_Thumb_RI_2"
PART 39 "J_Thumb_RI_3"
PART 40 "J_PinkyPalm_RI"
PART 41 "J_Pinky_RI_0"
PART 42 "J_Pinky_RI_1"
PART 43 "J_Pinky_RI_2"
PART 44 "J_Pinky_RI_3"
PART 45 "J_RingPalm_RI"
PART 46 "J_Ring_RI_0"
PART 47 "J_Ring_RI_1"
PART 48 "J_Ring_RI_2"
PART 49 "J_Ring_RI_3"
PART 50 "J_Webbing_RI"
PART 51 "J_Index_RI_0"
PART 52 "J_Index_RI_1"
PART 53 "J_Index_RI_2"
PART 54 "J_Index_RI_3"
PART 55 "J_Mid_RI_0"
PART 56 "J_Mid_RI_1"
PART 57 "RingPalm_SDK_LE"
PART 58 "RingPalm_FK_LE"
PART 59 "RingPalm_SDK_RI"
PART 60 "RingPalm_FK_RI"
PART 61 "tag_torso"
PART 62 "J_Shoulder_LE"
PART 63 "J_Elbow_LE"
PART 64 "J_WristTwist_LE"
PART 65 "J_Sleave_Reshape_Bottom_LE_1"
PART 66 "J_Mid_RI_2"
PART 67 "J_Mid_RI_3"
PART 68 "tag_cambone"
PART 69 "tag_camera"
PART 70 "tag_gasmask"
PART 71 "J_Gun"
PART 72 "tag_brass"
PART 73 "J_Bolt"
PART 74 "tag_flash"
PART 75 "J_Clip"

FRAMERATE 30
NUMFRAMES 59

FRAME 122
PART 0
OFFSET 26.0823 -4.9995 -4.6388
SCALE 1 1 1
X 0.5400 -0.7601 0.3615
Y 0.2665 -0.2530 -0.9300
Z 0.7984 0.5986 0.0660

PART 1
OFFSET 24.3801 -5.3233 -7.0678
SCALE 1 1 1
X 0.7278 -0.5011 0.4682
Y -0.2571 0.4336 0.8637
Z -0.6358 -0.7489 0.1867

PART 2
OFFSET 25.8019 -6.3022 -6.1532
SCALE 1 1 1
X -0.3663 0.5330 0.7627
Y -0.6475 0.4426 -0.6203
Z -0.6682 -0.7211 0.1830

PART 3
OFFSET 25.2668 -5.5236 -5.0392
SCALE 1 1 1
X -0.6586 0.5458 -0.5180
Y 0.2973 -0.4437 -0.8454
Z -0.6913 -0.7108 0.1299

PART 4
OFFSET 24.5158 -4.9102 -5.6244
SCALE 1 1 1
X 0.3593 -0.0897 0.9289
Y 0.5981 -0.7419 -0.3030
Z 0.7164 0.6644 -0.2129

PART 5
OFFSET 14.2078 -4.5495 -5.8743
SCALE 1 1 1
X 0.9996 0.0137 0.0251
Y -0.0122 0.9983 -0.0570
Z -0.0258 0.0566 0.9981

PART 6
OFFSET 18.4668 -3.8769 -8.4159
SCALE 1 1 1
X 0.4528 -0.7002 0.5520
Y 0.4320 0.7139 0.5511
Z -0.7800 -0.0110 0.6257

PART 7
OFFSET 18.7041 -3.0543 -6.7012
SCALE 1 1 1
X 0.4528 -0.7002 0.5520
Y 0.4320 0.7139 0.5511
Z -0.7800 -0.0110 0.6257

PART 8
OFFSET 24.7568 -3.0537 -5.0099
SCALE 1 1 1
X 0.7998 -0.1054 0.5909
Y 0.2568 0.9499 -0.1782
Z -0.5425 0.2942 0.7868

PART 9
OFFSET 21.3614 -4.9338 -6.7448
SCALE 1 1 1
X 0.6331 -0.7286 0.2614
Y -0.0331 0.3119 0.9495
Z -0.7734 -0.6098 0.1733

PART 10
OFFSET 20.6848 -2.8052 -9.6120
SCALE 1 1 1
X 0.4528 -0.7002 0.5520
Y 0.4320 0.7139 0.5511
Z -0.7800 -0.0110 0.6257

PART 11
OFFSET 19.6400 -1.9180 -5.8933
SCALE 1 1 1
X 0.4528 -0.7002 0.5520
Y 0.4320 0.7139 0.5511
Z -0.7800 -0.0110 0.6257

PART 12
OFFSET 25.6013 -3.1381 -4.3379
SCALE 1 1 1
X 0.9918 -0.0710 -0.1060
Y -0.1266 -0.4469 -0.8856
Z 0.0155 0.8918 -0.4523

PART 13
OFFSET 20.9195 -3.7476 -7.2935
SCALE 1 1 1
X 0.9426 -0.3228 0.0853
Y 0.3337 0.9050 -0.2637
Z 0.0079 0.2770 0.9608

PART 14
OFFSET 23.4505 -2.7194 -5.9065
SCALE 1 1 1
X 0.8505 -0.1864 0.4918
Y 0.2656 0.9593 -0.0958
Z -0.4540 0.2121 0.8654

PART 15
OFFSET 23.7726 -6.4439 -4.9574
SCALE 1 1 1
X -0.6229 0.7385 0.2582
Y -0.5448 -0.1726 -0.8206
Z -0.5615 -0.6518 0.5098

PART 16
OFFSET 22.8924 -6.4438 -6.0663
SCALE 1 1 1
X 0.6217 -0.0001 0.7833
Y -0.4965 0.7734 0.3941
Z -0.6059 -0.6339 0.4808

PART 17
OFFSET 23.7622 -6.0766 -6.5945
SCALE 1 1 1
X 0.5178 -0.1274 0.8460
Y -0.5478 0.7102 0.4422
Z -0.6572 -0.6924 0.2979

PART 18
OFFSET 22.4812 -5.4811 -5.2397
SCALE 1 1 1
X 0.5466 0.2689 0.7930
Y 0.5870 -0.7984 -0.1339
Z 0.5972 0.5387 -0.5943

PART 19
OFFSET 23.2203 -5.7891 -4.7284
SCALE 1 1 1
X -0.7780 0.3242 -0.5381
Y 0.2133 -0.6694 -0.7117
Z -0.5909 -0.6685 0.4516

PART 20
OFFSET 21.7894 -4.4420 -7.0354
SCALE 1 1 1
X 0.7946 -0.5834 0.1679
Y -0.0260 0.2436 0.9695
Z -0.6066 -0.7748 0.1784

PART 21
OFFSET 21.6688 -2.9056 -7.1151
SCALE 1 1 1
X 0.8286 0.0334 0.5588
Y 0.2217 0.8970 -0.3825
Z -0.5140 0.4408 0.7358

PART 22
OFFSET 24.6437 -6.2936 -5.1542
SCALE 1 1 1
X -0.6894 0.7042 0.1698
Y -0.3420 -0.1098 -0.9333
Z -0.6385 -0.7015 0.3165

PART 23
OFFSET 23.6881 -5.3177 -4.9189
SCALE 1 1 1
X -0.5494 0.1237 -0.8263
Y 0.5442 -0.6975 -0.4663
Z -0.6341 -0.7058 0.3159

PART 24
OFFSET 23.0923 -5.1835 -5.8151
SCALE 1 1 1
X 0.1081 0.2623 0.9589
Y 0.7874 -0.6114 0.0785
Z 0.6068 0.7466 -0.2726

PART 25
OFFSET 24.3595 -3.1570 -6.9343
SCALE 1 1 1
X 0.8246 -0.4017 0.3984
Y 0.2794 -0.3233 -0.9041
Z 0.4920 0.8568 -0.1544

PART 26
OFFSET 24.8412 -4.4256 -7.5172
SCALE 1 1 1
X 0.6696 -0.5178 0.5325
Y -0.3141 0.4522 0.8348
Z -0.6731 -0.7262 0.1402

PART 27
OFFSET 26.0201 -5.3373 -6.5797
SCALE 1 1 1
X 0.3884 -0.2318 0.8919
Y -0.6449 0.6229 0.4428
Z -0.6582 -0.7472 0.0924

PART 28
OFFSET 26.5323 -5.5737 -5.5011
SCALE 1 1 1
X -0.3984 0.5084 0.7635
Y -0.6547 0.4254 -0.6249
Z -0.6424 -0.7487 0.1634

PART 29
OFFSET -9.8286 -3.2226 -3.6867
SCALE 1 1 1
X -0.6967 0.4766 0.5361
Y -0.3173 -0.8750 0.3656
Z 0.6434 0.0846 0.7608

PART 30
OFFSET -1.4030 -8.9869 -10.1708
SCALE 1 1 1
X -0.9547 -0.2434 -0.1712
Y 0.2925 -0.6611 -0.6909
Z 0.0550 -0.7097 0.7024

PART 31
OFFSET 6.7171 -6.9166 -8.7146
SCALE 1 1 1
X -0.9547 -0.2434 -0.1712
Y 0.2324 -0.2506 -0.9398
Z 0.1859 -0.9370 0.2958

PART 32
OFFSET 7.8331 -5.2512 -8.9065
SCALE 1 1 1
X -0.9566 -0.2375 -0.1690
Y -0.0565 0.7198 -0.6919
Z 0.2860 -0.6523 -0.7020

PART 33
OFFSET 7.9762 -5.0872 -7.6978
SCALE 1 1 1
X -0.9566 -0.2375 -0.1690
Y -0.0565 0.7198 -0.6919
Z 0.2860 -0.6523 -0.7020

PART 34
OFFSET 8.1904 -6.1802 -6.7612
SCALE 1 1 1
X -0.9566 -0.2375 -0.1690
Y -0.0565 0.7198 -0.6919
Z 0.2860 -0.6523 -0.7020

PART 35
OFFSET 9.6439 -6.1704 -8.1898
SCALE 1 1 1
X -0.9767 -0.1127 -0.1828
Y 0.2043 -0.2248 -0.9528
Z 0.0663 -0.9679 0.2426

PART 36
OFFSET 9.8589 -5.5054 -7.2877
SCALE 1 1 1
X -0.6235 -0.7074 -0.3330
Y 0.6905 -0.2984 -0.6589
Z 0.3667 -0.6408 0.6745

PART 37
OFFSET 11.1150 -3.9134 -6.5408
SCALE 1 1 1
X -0.9910 -0.1251 0.0466
Y 0.0673 -0.7693 -0.6353
Z 0.1153 -0.6265 0.7709

PART 38
OFFSET 12.7059 -3.6872 -6.7403
SCALE 1 1 1
X -0.8251 0.2469 0.5082
Y -0.5084 -0.7168 -0.4771
Z 0.2465 -0.6521 0.7170

PART 39
OFFSET 13.5955 -3.9122 -7.3146
SCALE 1 1 1
X -0.8722 0.4534 -0.1837
Y 0.4414 0.5672 -0.6953
Z -0.2110 -0.6875 -0.6948

PART 40
OFFSET 10.6757 -6.1202 -9.1043
SCALE 1 1 1
X -0.9170 0.0138 0.3987
Y 0.1101 -0.9519 0.2861
Z 0.3834 0.3062 0.8713

PART 41
OFFSET 12.7784 -5.9898 -9.9082
SCALE 1 1 1
X -0.2514 -0.9673 0.0326
Y 0.8800 -0.2424 -0.4084
Z 0.4030 -0.0740 0.9122

PART 42
OFFSET 13.1343 -4.6203 -9.9543
SCALE 1 1 1
X 0.8039 -0.4585 -0.3789
Y 0.4672 0.8810 -0.0750
Z 0.3682 -0.1167 0.9224

PART 43
OFFSET 12.4216 -4.2137 -9.6184
SCALE 1 1 1
X 0.8737 0.3353 -0.3525
Y -0.2891 0.9406 0.1780
Z 0.3913 -0.0535 0.9187

PART 44
OFFSET 11.5915 -4.5322 -9.2834
SCALE 1 1 1
X -0.5433 -0.8392 0.0251
Y -0.7311 0.4876 0.4773
Z -0.4128 0.2410 -0.8784

PART 45
OFFSET 10.7640 -6.0811 -8.3970
SCALE 1 1 1
X -0.9925 -0.0342 0.1171
Y 0.0671 -0.9550 0.2891
Z 0.1020 0.2948 0.9501

PART 46
OFFSET 13.3263 -6.0571 -8.8358
SCALE 1 1 1
X -0.1185 -0.9899 0.0773
Y 0.9598 -0.1341 -0.2465
Z 0.2544 0.0450 0.9660

PART 47
OFFSET 13.5280 -4.3717 -8.9673
SCALE 1 1 1
X 0.9190 -0.3246 -0.2237
Y 0.3103 0.9457 -0.0971
Z 0.2431 0.0198 0.9698

PART 48
OFFSET 12.2543 -3.9219 -8.6572
SCALE 1 1 1
X 0.8909 0.3938 -0.2263
Y -0.3873 0.9189 0.0744
Z 0.2372 0.0214 0.9712

PART 49
OFFSET 11.2881 -4.3490 -8.4118
SCALE 1 1 1
X -0.4970 -0.8465 0.1907
Y -0.8378 0.5254 0.1488
Z -0.2261 -0.0858 -0.9703

PART 50
OFFSET 5.4418 -6.9680 -8.0149
SCALE 1 1 1
X -0.9400 -0.3317 0.0797
Y -0.3392 0.8838 -0.3223
Z 0.0364 -0.3300 -0.9433

PART 51
OFFSET 13.3201 -5.9215 -6.6687
SCALE 1 1 1
X -0.9342 -0.3536 -0.0472
Y 0.3302 -0.9073 0.2602
Z -0.1348 0.2274 0.9644

PART 52
OFFSET 14.9649 -5.2989 -6.5856
SCALE 1 1 1
X -0.5851 -0.7984 0.1423
Y 0.7973 -0.5343 0.2808
Z -0.1482 0.2777 0.9492

PART 53
OFFSET 15.6672 -4.3115 -6.7009
SCALE 1 1 1
X 0.1765 -0.9545 0.2404
Y 0.9691 0.2113 0.1275
Z -0.1725 0.2105 0.9623

PART 54
OFFSET 15.4678 -3.2334 -6.9724
SCALE 1 1 1
X -0.9808 0.1791 0.0773
Y 0.1461 0.9369 -0.3177
Z -0.1294 -0.3003 -0.9450

PART 55
OFFSET 13.4256 -6.0037 -7.7653
SCALE 1 1 1
X -0.1279 -0.9903 0.0547
Y 0.9902 -0.1243 0.0643
Z -0.0568 0.0624 0.9964

PART 56
OFFSET 13.6755 -4.0692 -7.8722
SCALE 1 1 1
X 0.8920 -0.4458 0.0755
Y 0.4508 0.8897 -0.0729
Z -0.0347 0.0991 0.9945

PART 57
OFFSET 21.7894 -4.4420 -7.0354
SCALE 1 1 1
X 0.7946 -0.5834 0.1679
Y -0.0260 0.2436 0.9695
Z -0.6066 -0.7748 0.1784

PART 58
OFFSET 21.7894 -4.4420 -7.0354
SCALE 1 1 1
X 0.7946 -0.5834 0.1679
Y -0.0260 0.2436 0.9695
Z -0.6066 -0.7748 0.1784

PART 59
OFFSET 10.7640 -6.0811 -8.3970
SCALE 1 1 1
X -0.9925 -0.0342 0.1171
Y 0.0671 -0.9550 0.2891
Z 0.1020 0.2948 0.9501

PART 60
OFFSET 10.7640 -6.0811 -8.3970
SCALE 1 1 1
X -0.9925 -0.0342 0.1171
Y 0.0671 -0.9550 0.2891
Z 0.1020 0.2948 0.9501

PART 61
OFFSET 7.5573 -3.0450 -0.6380
SCALE 1 1 1
X 0.9999 0.0121 -0.0023
Y -0.0122 0.9983 -0.0570
Z 0.0016 0.0570 0.9984

PART 62
OFFSET 4.9035 7.2392 -9.1820
SCALE 1 1 1
X 0.8967 -0.2366 -0.3741
Y -0.2951 -0.9495 -0.1069
Z -0.3299 0.2063 -0.9212

PART 63
OFFSET 15.7484 4.3784 -13.7060
SCALE 1 1 1
X 0.4469 -0.7023 0.5542
Y -0.7888 -0.0171 0.6144
Z -0.4220 -0.7117 -0.5616

PART 64
OFFSET 19.5494 -1.5947 -8.9924
SCALE 1 1 1
X 0.4469 -0.7023 0.5542
Y 0.8819 0.4497 -0.1414
Z -0.1499 0.5519 0.8203

PART 65
OFFSET 21.4778 -1.2417 -7.5802
SCALE 1 1 1
X 0.4528 -0.7002 0.5520
Y 0.4320 0.7139 0.5511
Z -0.7800 -0.0110 0.6257

PART 66
OFFSET 12.3727 -3.4181 -7.9825
SCALE 1 1 1
X 0.8899 0.4543 -0.0412
Y -0.4549 0.8768 -0.1558
Z -0.0347 0.1574 0.9869

PART 67
OFFSET 11.3648 -3.9332 -7.9430
SCALE 1 1 1
X -0.3896 -0.9185 0.0680
Y -0.9209 0.3892 -0.0189
Z -0.0091 -0.0700 -0.9975

PART 68
OFFSET 0.0000 0.0000 0.0000
SCALE 1 1 1
X 1.0000 0.0000 0.0000
Y 0.0000 1.0000 0.0000
Z 0.0000 0.0000 1.0000

PART 69
OFFSET 0.0000 0.0000 0.0000
SCALE 1 1 1
X 1.0000 0.0000 0.0000
Y 0.0000 1.0000 0.0000
Z 0.0000 0.0000 1.0000

PART 70
OFFSET 1.5404 0.0000 4.1357
SCALE 1 1 1
X 1.0000 0.0000 0.0000
Y 0.0000 1.0000 0.0000
Z 0.0000 0.0000 1.0000

PART 71
OFFSET 14.2078 -4.5495 -5.8743
SCALE 1 1 1
X 0.9996 0.0137 0.0251
Y -0.0122 0.9983 -0.0570
Z -0.0258 0.0566 0.9981

PART 72
OFFSET 12.6629 -5.3692 -4.0259
SCALE 1 1 1
X -0.0608 -0.7937 0.6052
Y 0.9981 -0.0545 0.0289
Z 0.0100 0.6058 0.7955

PART 73
OFFSET 12.6952 -5.4802 -3.7290
SCALE 1 1 1
X 0.9989 0.0148 0.0455
Y -0.0122 0.9983 -0.0570
Z -0.0463 0.0563 0.9973

PART 74
OFFSET 28.5318 -4.1992 -3.6972
SCALE 1 1 1
X 0.9996 0.0137 0.0251
Y -0.0122 0.9983 -0.0570
Z -0.0258 0.0566 0.9981

PART 75
OFFSET 17.6380 -4.4972 -5.8918
SCALE 1 1 1
X 0.9996 0.0137 0.0251
Y -0.0122 0.9983 -0.0570
Z -0.0258 0.0566 0.9981


FRAME 123
PART 0
OFFSET 25.9357 -5.3940 -3.9688
SCALE 1 1 1
X 0.5829 -0.8120 -0.0303
Y 0.1596 0.1510 -0.9756
Z 0.7967 0.5639 0.2176

PART 1
OFFSET 24.1922 -4.9419 -6.7498
SCALE 1 1 1
X 0.6652 -0.5733 0.4783
Y -0.4166 0.2467 0.8750
Z -0.6196 -0.7813 -0.0747

PART 2
OFFSET 25.4917 -6.0619 -5.8154
SCALE 1 1 1
X -0.4081 0.2622 0.8745
Y -0.6386 0.6025 -0.4787
Z -0.6524 -0.7538 -0.0784

PART 3
OFFSET 24.8956 -5.6789 -4.5382
SCALE 1 1 1
X -0.7039 0.6846 -0.1894
Y 0.2245 -0.0385 -0.9737
Z -0.6739 -0.7279 -0.1266

PART 4
OFFSET 24.0934 -4.9086 -4.7529
SCALE 1 1 1
X 0.4394 -0.4538 0.7752
Y 0.5729 -0.5231 -0.6310
Z 0.6918 0.7214 0.0301

PART 5
OFFSET 14.0881 -4.6287 -5.7913
SCALE 1 1 1
X 0.9988 0.0232 0.0441
Y -0.0215 0.9990 -0.0390
Z -0.0450 0.0380 0.9983

PART 6
OFFSET 18.3789 -3.4266 -8.4476
SCALE 1 1 1
X 0.4411 -0.6933 0.5699
Y 0.4176 0.7206 0.5535
Z -0.7944 -0.0062 0.6074

PART 7
OFFSET 18.5744 -2.5853 -6.7366
SCALE 1 1 1
X 0.4411 -0.6933 0.5699
Y 0.4176 0.7206 0.5535
Z -0.7944 -0.0062 0.6074

PART 8
OFFSET 24.2092 -2.8787 -4.2362
SCALE 1 1 1
X 0.6910 -0.2247 0.6870
Y 0.2507 0.9660 0.0637
Z -0.6780 0.1282 0.7238

PART 9
OFFSET 21.1594 -4.5681 -6.9267
SCALE 1 1 1
X 0.5799 -0.7887 0.2044
Y -0.2245 0.0865 0.9706
Z -0.7832 -0.6087 -0.1269

PART 10
OFFSET 20.6222 -2.3625 -9.6029
SCALE 1 1 1
X 0.4411 -0.6933 0.5699
Y 0.4176 0.7206 0.5535
Z -0.7944 -0.0062 0.6074

PART 11
OFFSET 19.4888 -1.4385 -5.9192
SCALE 1 1 1
X 0.4411 -0.6933 0.5699
Y 0.4176 0.7206 0.5535
Z -0.7944 -0.0062 0.6074

PART 12
OFFSET 24.9297 -3.0993 -3.4590
SCALE 1 1 1
X 0.9973 -0.0491 0.0553
Y 0.0409 -0.2567 -0.9656
Z 0.0617 0.9652 -0.2540

PART 13
OFFSET 20.8044 -3.2798 -7.2696
SCALE 1 1 1
X 0.9160 -0.3543 0.1882
Y 0.3583 0.9335 0.0138
Z -0.1805 0.0548 0.9820

PART 14
OFFSET 23.0411 -2.4389 -5.2678
SCALE 1 1 1
X 0.7729 -0.2391 0.5877
Y 0.2131 0.9703 0.1145
Z -0.5976 0.0368 0.8009

PART 15
OFFSET 23.2871 -6.6533 -5.1945
SCALE 1 1 1
X -0.5600 0.6221 0.5472
Y -0.5351 0.2327 -0.8121
Z -0.6325 -0.7476 0.2025

PART 16
OFFSET 22.5488 -6.2408 -6.3299
SCALE 1 1 1
X 0.5215 -0.2913 0.8020
Y -0.5249 0.6314 0.5708
Z -0.6727 -0.7186 0.1764

PART 17
OFFSET 23.5119 -5.7682 -6.5832
SCALE 1 1 1
X 0.4273 -0.3922 0.8146
Y -0.5843 0.5678 0.5798
Z -0.6900 -0.7237 0.0134

PART 18
OFFSET 22.0857 -5.5168 -4.9611
SCALE 1 1 1
X 0.5961 -0.1878 0.7807
Y 0.4747 -0.7017 -0.5313
Z 0.6476 0.6872 -0.3291

PART 19
OFFSET 22.7906 -6.1018 -4.7093
SCALE 1 1 1
X -0.7421 0.6157 -0.2650
Y 0.1070 -0.2815 -0.9536
Z -0.6617 -0.7360 0.1430

PART 20
OFFSET 21.6242 -4.0333 -7.0133
SCALE 1 1 1
X 0.7606 -0.6236 0.1808
Y -0.2148 0.0210 0.9764
Z -0.6127 -0.7815 -0.1180

PART 21
OFFSET 21.4881 -2.5158 -6.7685
SCALE 1 1 1
X 0.7272 -0.0160 0.6863
Y 0.2037 0.9597 -0.1935
Z -0.6556 0.2805 0.7011

PART 22
OFFSET 24.2393 -6.4360 -5.1963
SCALE 1 1 1
X -0.6460 0.6078 0.4618
Y -0.3595 0.2915 -0.8864
Z -0.6734 -0.7386 0.0302

PART 23
OFFSET 23.3440 -5.5936 -4.5562
SCALE 1 1 1
X -0.6126 0.5302 -0.5862
Y 0.4206 -0.4093 -0.8097
Z -0.6692 -0.7425 0.0277

PART 24
OFFSET 22.6797 -5.0186 -5.1919
SCALE 1 1 1
X 0.2287 -0.2372 0.9442
Y 0.7240 -0.6069 -0.3278
Z 0.6507 0.7586 0.0329

PART 25
OFFSET 24.1003 -2.8605 -6.1413
SCALE 1 1 1
X 0.7423 -0.4987 0.4475
Y 0.4528 -0.1189 -0.8837
Z 0.4939 0.8586 0.1375

PART 26
OFFSET 24.7109 -3.9768 -6.8910
SCALE 1 1 1
X 0.6262 -0.6066 0.4899
Y -0.4327 0.2523 0.8655
Z -0.6486 -0.7540 -0.1045

PART 27
OFFSET 25.8134 -5.0447 -6.0285
SCALE 1 1 1
X 0.3585 -0.4577 0.8136
Y -0.6915 0.4553 0.5608
Z -0.6271 -0.7637 -0.1533

PART 28
OFFSET 26.2873 -5.5548 -5.0301
SCALE 1 1 1
X -0.3114 0.1423 0.9396
Y -0.7249 0.6037 -0.3317
Z -0.6144 -0.7844 -0.0848

PART 29
OFFSET -9.5109 -3.2135 -3.5627
SCALE 1 1 1
X -0.6690 0.4918 0.5573
Y -0.3290 -0.8683 0.3712
Z 0.6664 0.0650 0.7427

PART 30
OFFSET -1.4195 -9.1606 -10.3023
SCALE 1 1 1
X -0.9510 -0.2514 -0.1799
Y 0.3038 -0.6536 -0.6932
Z 0.0567 -0.7139 0.6980

PART 31
OFFSET 6.6694 -7.0228 -8.7725
SCALE 1 1 1
X -0.9510 -0.2514 -0.1799
Y 0.2398 -0.2327 -0.9425
Z 0.1951 -0.9395 0.2816

PART 32
OFFSET 7.7713 -5.3440 -8.9500
SCALE 1 1 1
X -0.9530 -0.2455 -0.1776
Y -0.0583 0.7239 -0.6874
Z 0.2973 -0.6448 -0.7042

PART 33
OFFSET 7.9046 -5.1897 -7.7384
SCALE 1 1 1
X -0.9530 -0.2455 -0.1776
Y -0.0583 0.7239 -0.6874
Z 0.2973 -0.6448 -0.7042

PART 34
OFFSET 8.1228 -6.2921 -6.8027
SCALE 1 1 1
X -0.9530 -0.2455 -0.1776
Y -0.0583 0.7239 -0.6874
Z 0.2973 -0.6448 -0.7042

PART 35
OFFSET 9.5850 -6.2522 -8.2211
SCALE 1 1 1
X -0.9719 -0.1190 -0.2031
Y 0.2243 -0.2052 -0.9527
Z 0.0717 -0.9715 0.2261

PART 36
OFFSET 9.7763 -5.6017 -7.3032
SCALE 1 1 1
X -0.5519 -0.7458 -0.3729
Y 0.7540 -0.2553 -0.6053
Z 0.3563 -0.6153 0.7032

PART 37
OFFSET 10.8723 -3.9325 -6.4772
SCALE 1 1 1
X -0.9831 -0.1818 -0.0200
Y 0.1544 -0.7659 -0.6241
Z 0.0981 -0.6167 0.7811

PART 38
OFFSET 12.4576 -3.6157 -6.5696
SCALE 1 1 1
X -0.8710 0.1998 0.4489
Y -0.4321 -0.7463 -0.5062
Z 0.2339 -0.6349 0.7364

PART 39
OFFSET 13.3961 -3.7901 -7.0801
SCALE 1 1 1
X -0.8822 0.4015 -0.2460
Y 0.4546 0.5902 -0.6671
Z -0.1227 -0.7003 -0.7032

PART 40
OFFSET 10.6330 -6.1749 -9.1150
SCALE 1 1 1
X -0.9244 -0.0023 0.3814
Y 0.1141 -0.9558 0.2709
Z 0.3640 0.2940 0.8838

PART 41
OFFSET 12.7490 -6.0098 -9.8766
SCALE 1 1 1
X -0.2443 -0.9697 0.0057
Y 0.8821 -0.2247 -0.4141
Z 0.4028 -0.0961 0.9102

PART 42
OFFSET 13.0950 -4.6369 -9.8846
SCALE 1 1 1
X 0.7952 -0.4650 -0.3891
Y 0.4817 0.8743 -0.0605
Z 0.3683 -0.1393 0.9192

PART 43
OFFSET 12.3899 -4.2247 -9.5396
SCALE 1 1 1
X 0.8831 0.3101 -0.3522
Y -0.2573 0.9476 0.1893
Z 0.3924 -0.0765 0.9166

PART 44
OFFSET 11.5510 -4.5193 -9.2051
SCALE 1 1 1
X -0.5706 -0.8210 0.0180
Y -0.7129 0.5061 0.4853
Z -0.4076 0.2641 -0.8741

PART 45
OFFSET 10.7078 -6.1480 -8.4056
SCALE 1 1 1
X -0.9941 -0.0461 0.0978
Y 0.0713 -0.9594 0.2729
Z 0.0812 0.2783 0.9571

PART 46
OFFSET 13.2774 -6.0909 -8.7955
SCALE 1 1 1
X -0.1127 -0.9924 0.0488
Y 0.9621 -0.1213 -0.2441
Z 0.2482 0.0195 0.9685

PART 47
OFFSET 13.4693 -4.4013 -8.8786
SCALE 1 1 1
X 0.9224 -0.3125 -0.2269
Y 0.3049 0.9499 -0.0686
Z 0.2370 -0.0059 0.9715

PART 48
OFFSET 12.1909 -3.9681 -8.5641
SCALE 1 1 1
X 0.8898 0.4055 -0.2095
Y -0.3936 0.9141 0.0976
Z 0.2311 -0.0044 0.9729

PART 49
OFFSET 11.2259 -4.4079 -8.3369
SCALE 1 1 1
X -0.4928 -0.8546 0.1638
Y -0.8420 0.5158 0.1581
Z -0.2196 -0.0600 -0.9737

PART 50
OFFSET 5.3889 -7.0948 -8.1397
SCALE 1 1 1
X -0.9379 -0.3424 0.0560
Y -0.3422 0.8862 -0.3124
Z 0.0574 -0.3122 -0.9483

PART 51
OFFSET 13.2295 -5.9946 -6.6270
SCALE 1 1 1
X -0.9295 -0.3619 -0.0712
Y 0.3347 -0.9086 0.2498
Z -0.1551 0.2083 0.9657

PART 52
OFFSET 14.8660 -5.3573 -6.5017
SCALE 1 1 1
X -0.5794 -0.8067 0.1167
Y 0.7974 -0.5313 0.2859
Z -0.1686 0.2587 0.9511

PART 53
OFFSET 15.5601 -4.3609 -6.5859
SCALE 1 1 1
X 0.1819 -0.9569 0.2263
Y 0.9643 0.2186 0.1494
Z -0.1925 0.1910 0.9625

PART 54
OFFSET 15.3546 -3.2801 -6.8414
SCALE 1 1 1
X -0.9838 0.1679 0.0622
Y 0.1423 0.9440 -0.2978
Z -0.1087 -0.2842 -0.9526

PART 55
OFFSET 13.3563 -6.0557 -7.7228
SCALE 1 1 1
X -0.1383 -0.9897 0.0373
Y 0.9896 -0.1365 0.0462
Z -0.0407 0.0433 0.9982

PART 56
OFFSET 13.6264 -4.1222 -7.7957
SCALE 1 1 1
X 0.9045 -0.4236 0.0504
Y 0.4262 0.9023 -0.0645
Z -0.0182 0.0798 0.9966

PART 57
OFFSET 21.6242 -4.0333 -7.0133
SCALE 1 1 1
X 0.7606 -0.6236 0.1808
Y -0.2148 0.0210 0.9764
Z -0.6127 -0.7815 -0.1180

PART 58
OFFSET 21.6242 -4.0333 -7.0133
SCALE 1 1 1
X 0.7606 -0.6236 0.1808
Y -0.2148 0.0210 0.9764
Z -0.6127 -0.7815 -0.1180

PART 59
OFFSET 10.7078 -6.1480 -8.4056
SCALE 1 1 1
X -0.9941 -0.0461 0.0978
Y 0.0713 -0.9594 0.2729
Z 0.0812 0.2783 0.9571

PART 60
OFFSET 10.7078 -6.1480 -8.4056
SCALE 1 1 1
X -0.9941 -0.0461 0.0978
Y 0.0713 -0.9594 0.2729
Z 0.0812 0.2783 0.9571

PART 61
OFFSET 7.5573 -3.0450 -0.6380
SCALE 1 1 1
X 0.9999 0.0121 -0.0023
Y -0.0122 0.9983 -0.0570
Z 0.0016 0.0570 0.9984

PART 62
OFFSET 4.9058 7.2265 -9.1740
SCALE 1 1 1
X 0.8982 -0.2034 -0.3897
Y -0.2661 -0.9572 -0.1138
Z -0.3499 0.2059 -0.9139

PART 63
OFFSET 15.7684 4.7663 -13.8870
SCALE 1 1 1
X 0.4352 -0.6954 0.5719
Y -0.8029 -0.0124 0.5960
Z -0.4073 -0.7186 -0.5637

PART 64
OFFSET 19.4702 -1.1481 -9.0229
SCALE 1 1 1
X 0.4352 -0.6954 0.5719
Y 0.8012 0.5889 0.1062
Z -0.4106 0.4120 0.8134

PART 65
OFFSET 21.3642 -0.7758 -7.5697
SCALE 1 1 1
X 0.4411 -0.6933 0.5699
Y 0.4176 0.7206 0.5535
Z -0.7944 -0.0062 0.6074

PART 66
OFFSET 12.3054 -3.5035 -7.8694
SCALE 1 1 1
X 0.8769 0.4782 -0.0492
Y -0.4803 0.8673 -0.1307
Z -0.0198 0.1382 0.9902

PART 67
OFFSET 11.3120 -4.0455 -7.8207
SCALE 1 1 1
X -0.3644 -0.9295 0.0579
Y -0.9309 0.3653 0.0057
Z -0.0264 -0.0519 -0.9983

PART 68
OFFSET 0.0000 0.0000 0.0000
SCALE 1 1 1
X 1.0000 0.0000 0.0000
Y 0.0000 1.0000 0.0000
Z 0.0000 0.0000 1.0000

PART 69
OFFSET 0.0000 0.0000 0.0000
SCALE 1 1 1
X 1.0000 -0.0008 -0.0001
Y 0.0008 1.0000 0.0001
Z 0.0001 -0.0001 1.0000

PART 70
OFFSET 1.5409 -0.0018 4.1356
SCALE 1 1 1
X 1.0000 -0.0008 -0.0001
Y 0.0008 1.0000 0.0001
Z 0.0001 -0.0001 1.0000

PART 71
OFFSET 14.0881 -4.6287 -5.7913
SCALE 1 1 1
X 0.9988 0.0232 0.0441
Y -0.0215 0.9990 -0.0390
Z -0.0450 0.0380 0.9983

PART 72
OFFSET 12.5177 -5.4976 -3.9874
SCALE 1 1 1
X -0.0639 -0.8053 0.5894
Y 0.9979 -0.0450 0.0467
Z -0.0110 0.5912 0.8065

PART 73
OFFSET 12.5456 -5.6137 -3.6921
SCALE 1 1 1
X 0.9976 0.0240 0.0645
Y -0.0215 0.9990 -0.0390
Z -0.0654 0.0375 0.9972

PART 74
OFFSET 28.3648 -4.1756 -3.3397
SCALE 1 1 1
X 0.9988 0.0232 0.0441
Y -0.0215 0.9990 -0.0390
Z -0.0450 0.0380 0.9983

PART 75
OFFSET 17.5174 -4.5418 -5.7435
SCALE 1 1 1
X 0.9988 0.0232 0.0441
Y -0.0215 0.9990 -0.0390
Z -0.0450 0.0380 0.9983


FRAME 124
PART 0
OFFSET 25.8334 -6.0565 -3.3699
SCALE 1 1 1
X 0.6565 -0.3747 -0.6547
Y -0.2683 0.6952 -0.6669
Z 0.7050 0.6135 0.3558

PART 1
OFFSET 23.6448 -4.4688 -6.1968
SCALE 1 1 1
X 0.5668 -0.6545 0.5004
Y -0.6647 -0.0045 0.7471
Z -0.4867 -0.7561 -0.4376

PART 2
OFFSET 24.7521 -5.7473 -5.2192
SCALE 1 1 1
X -0.4020 -0.2495 0.8810
Y -0.7537 0.6366 -0.1636
Z -0.5200 -0.7297 -0.4440

PART 3
OFFSET 24.1649 -6.1117 -3.9324
SCALE 1 1 1
X -0.8255 0.3529 0.4406
Y -0.1357 0.6336 -0.7617
Z -0.5479 -0.6885 -0.4752

PART 4
OFFSET 23.2262 -5.7174 -3.4363
SCALE 1 1 1
X 0.7546 -0.6313 0.1790
Y 0.3855 0.2057 -0.8995
Z 0.5310 0.7478 0.3986

PART 5
OFFSET 13.7825 -4.8351 -5.5693
SCALE 1 1 1
X 0.9944 0.0482 0.0937
Y -0.0492 0.9988 0.0080
Z -0.0932 -0.0125 0.9956

PART 6
OFFSET 18.1480 -2.6995 -8.5122
SCALE 1 1 1
X 0.4042 -0.7021 0.5862
Y 0.3793 0.7119 0.5911
Z -0.8323 -0.0166 0.5541

PART 7
OFFSET 18.2299 -1.8859 -6.7787
SCALE 1 1 1
X 0.4042 -0.7021 0.5862
Y 0.3793 0.7119 0.5911
Z -0.8323 -0.0166 0.5541

PART 8
OFFSET 22.8860 -2.6001 -3.1489
SCALE 1 1 1
X 0.4902 -0.4004 0.7742
Y 0.1474 0.9136 0.3791
Z -0.8591 -0.0717 0.5068

PART 9
OFFSET 20.7972 -3.9154 -7.1733
SCALE 1 1 1
X 0.5202 -0.8489 0.0941
Y -0.5263 -0.2319 0.8181
Z -0.6726 -0.4751 -0.5674

PART 10
OFFSET 20.4599 -1.6152 -9.5012
SCALE 1 1 1
X 0.4042 -0.7021 0.5862
Y 0.3793 0.7119 0.5911
Z -0.8323 -0.0166 0.5541

PART 11
OFFSET 19.0870 -0.7519 -5.8849
SCALE 1 1 1
X 0.4042 -0.7021 0.5862
Y 0.3793 0.7119 0.5911
Z -0.8323 -0.0166 0.5541

PART 12
OFFSET 23.3792 -3.0208 -2.2820
SCALE 1 1 1
X 0.9440 -0.0613 0.3241
Y 0.3254 0.0122 -0.9455
Z 0.0539 0.9980 0.0315

PART 13
OFFSET 20.4911 -2.5701 -7.1762
SCALE 1 1 1
X 0.8326 -0.4389 0.3380
Y 0.2821 0.8610 0.4232
Z -0.4767 -0.2569 0.8407

PART 14
OFFSET 21.9938 -2.0489 -4.3828
SCALE 1 1 1
X 0.6093 -0.2949 0.7361
Y 0.0475 0.9402 0.3373
Z -0.7915 -0.1705 0.5869

PART 15
OFFSET 22.6131 -6.7561 -5.9553
SCALE 1 1 1
X -0.4719 0.0058 0.8817
Y -0.6389 0.6868 -0.3464
Z -0.6075 -0.7268 -0.3204

PART 16
OFFSET 21.9994 -5.7819 -6.7791
SCALE 1 1 1
X 0.4335 -0.6881 0.5819
Y -0.6286 0.2318 0.7424
Z -0.6457 -0.6876 -0.3321

PART 17
OFFSET 22.9952 -5.2716 -6.5237
SCALE 1 1 1
X 0.3767 -0.7208 0.5819
Y -0.6809 0.2105 0.7015
Z -0.6281 -0.6604 -0.4115

PART 18
OFFSET 21.4876 -6.3208 -4.7073
SCALE 1 1 1
X 0.7722 -0.6106 0.1760
Y 0.2658 0.0586 -0.9623
Z 0.5772 0.7898 0.2075

PART 19
OFFSET 22.1948 -6.7510 -5.1736
SCALE 1 1 1
X -0.7444 0.4528 0.4908
Y -0.1746 0.5774 -0.7976
Z -0.6445 -0.6794 -0.3507

PART 20
OFFSET 21.2344 -3.4038 -6.9352
SCALE 1 1 1
X 0.7028 -0.6837 0.1967
Y -0.5056 -0.2854 0.8142
Z -0.5005 -0.6717 -0.5463

PART 21
OFFSET 20.9422 -2.0421 -6.2706
SCALE 1 1 1
X 0.5051 -0.0512 0.8615
Y 0.0936 0.9956 0.0043
Z -0.8579 0.0785 0.5077

PART 22
OFFSET 23.6365 -6.4987 -5.5330
SCALE 1 1 1
X -0.5719 0.0304 0.8198
Y -0.5462 0.7315 -0.4081
Z -0.6121 -0.6811 -0.4018

PART 23
OFFSET 22.8439 -6.4566 -4.3968
SCALE 1 1 1
X -0.7927 0.5475 0.2681
Y 0.0399 0.4855 -0.8733
Z -0.6083 -0.6816 -0.4067

PART 24
OFFSET 21.9842 -5.8629 -4.1060
SCALE 1 1 1
X 0.5968 -0.7594 0.2592
Y 0.5131 0.1128 -0.8509
Z 0.6169 0.6408 0.4570

PART 25
OFFSET 23.2501 -2.6937 -5.0118
SCALE 1 1 1
X 0.5962 -0.6509 0.4699
Y 0.7087 0.1518 -0.6890
Z 0.3772 0.7438 0.5518

PART 26
OFFSET 24.1252 -3.5354 -5.8525
SCALE 1 1 1
X 0.6101 -0.6647 0.4313
Y -0.6172 -0.0574 0.7847
Z -0.4968 -0.7449 -0.4452

PART 27
OFFSET 25.1994 -4.7056 -5.0932
SCALE 1 1 1
X 0.4373 -0.6721 0.5976
Y -0.7694 0.0644 0.6355
Z -0.4656 -0.7377 -0.4889

PART 28
OFFSET 25.7593 -5.4778 -4.3370
SCALE 1 1 1
X 0.0656 -0.5123 0.8563
Y -0.8909 0.3564 0.2815
Z -0.4494 -0.7813 -0.4331

PART 29
OFFSET -9.2267 -3.2053 -3.4517
SCALE 1 1 1
X -0.6359 0.5109 0.5785
Y -0.3453 -0.8587 0.3788
Z 0.6902 0.0411 0.7224

PART 30
OFFSET -1.5361 -9.3835 -10.4479
SCALE 1 1 1
X -0.9494 -0.2528 -0.1864
Y 0.3093 -0.6488 -0.6953
Z 0.0548 -0.7178 0.6941

PART 31
OFFSET 6.5389 -7.2337 -8.8622
SCALE 1 1 1
X -0.9494 -0.2528 -0.1864
Y 0.2368 -0.1861 -0.9536
Z 0.2063 -0.9495 0.2365

PART 32
OFFSET 7.6399 -5.5444 -9.0462
SCALE 1 1 1
X -0.9514 -0.2469 -0.1842
Y -0.0565 0.7278 -0.6835
Z 0.3028 -0.6399 -0.7063

PART 33
OFFSET 7.7687 -5.4091 -7.8295
SCALE 1 1 1
X -0.9514 -0.2469 -0.1842
Y -0.0565 0.7278 -0.6835
Z 0.3028 -0.6399 -0.7063

PART 34
OFFSET 7.9870 -6.5407 -6.8777
SCALE 1 1 1
X -0.9514 -0.2469 -0.1842
Y -0.0565 0.7278 -0.6835
Z 0.3028 -0.6399 -0.7063

PART 35
OFFSET 9.4495 -6.4589 -8.2906
SCALE 1 1 1
X -0.9572 -0.1353 -0.2557
Y 0.2750 -0.1517 -0.9494
Z 0.0897 -0.9791 0.1825

PART 36
OFFSET 9.5778 -5.8496 -7.3344
SCALE 1 1 1
X -0.3894 -0.8024 -0.4521
Y 0.8698 -0.1589 -0.4672
Z 0.3030 -0.5752 0.7598

PART 37
OFFSET 10.3145 -4.0701 -6.3544
SCALE 1 1 1
X -0.9434 -0.2832 -0.1724
Y 0.3294 -0.7419 -0.5841
Z 0.0375 -0.6078 0.7932

PART 38
OFFSET 11.8530 -3.5891 -6.1997
SCALE 1 1 1
X -0.9473 0.1036 0.3032
Y -0.2652 -0.7845 -0.5606
Z 0.1797 -0.6115 0.7706

PART 39
OFFSET 12.8736 -3.6598 -6.5532
SCALE 1 1 1
X -0.8694 0.3076 -0.3867
Y 0.4899 0.6394 -0.5926
Z 0.0649 -0.7047 -0.7066

PART 40
OFFSET 10.5359 -6.3090 -9.1277
SCALE 1 1 1
X -0.9410 -0.0458 0.3353
Y 0.1290 -0.9646 0.2301
Z 0.3129 0.2598 0.9136

PART 41
OFFSET 12.6799 -6.0499 -9.7763
SCALE 1 1 1
X -0.2198 -0.9735 -0.0630
Y 0.8905 -0.1738 -0.4205
Z 0.3984 -0.1485 0.9051

PART 42
OFFSET 12.9910 -4.6716 -9.6871
SCALE 1 1 1
X 0.7819 -0.4676 -0.4124
Y 0.5055 0.8626 -0.0197
Z 0.3649 -0.1931 0.9108

PART 43
OFFSET 12.2978 -4.2571 -9.3214
SCALE 1 1 1
X 0.8994 0.2651 -0.3476
Y -0.1961 0.9553 0.2213
Z 0.3908 -0.1309 0.9111

PART 44
OFFSET 11.4434 -4.5090 -8.9912
SCALE 1 1 1
X -0.6213 -0.7836 -0.0048
Y -0.6774 0.5340 0.5059
Z -0.3939 0.3176 -0.8626

PART 45
OFFSET 10.5761 -6.3151 -8.4151
SCALE 1 1 1
X -0.9959 -0.0777 0.0469
Y 0.0864 -0.9694 0.2297
Z 0.0276 0.2328 0.9721

PART 46
OFFSET 13.1586 -6.1694 -8.6761
SCALE 1 1 1
X -0.0909 -0.9956 -0.0227
Y 0.9691 -0.0832 -0.2320
Z 0.2291 -0.0431 0.9724

PART 47
OFFSET 13.3133 -4.4744 -8.6373
SCALE 1 1 1
X 0.9335 -0.2760 -0.2290
Y 0.2844 0.9587 0.0040
Z 0.2184 -0.0689 0.9734

PART 48
OFFSET 12.0196 -4.0919 -8.3200
SCALE 1 1 1
X 0.8841 0.4382 -0.1623
Y -0.4162 0.8964 0.1528
Z 0.2125 -0.0675 0.9748

PART 49
OFFSET 11.0607 -4.5671 -8.1439
SCALE 1 1 1
X -0.4762 -0.8743 0.0937
Y -0.8564 0.4853 0.1762
Z -0.1995 0.0037 -0.9799

PART 50
OFFSET 5.2810 -7.4186 -8.4542
SCALE 1 1 1
X -0.9289 -0.3702 -0.0062
Y -0.3531 0.8908 -0.2859
Z 0.1114 -0.2633 -0.9583

PART 51
OFFSET 13.0053 -6.1810 -6.5105
SCALE 1 1 1
X -0.9139 -0.3832 -0.1336
Y 0.3493 -0.9104 0.2219
Z -0.2067 0.1561 0.9659

PART 52
OFFSET 14.6144 -5.5063 -6.2752
SCALE 1 1 1
X -0.5601 -0.8270 0.0495
Y 0.7984 -0.5229 0.2986
Z -0.2210 0.2068 0.9531

PART 53
OFFSET 15.2819 -4.4884 -6.2775
SCALE 1 1 1
X 0.1992 -0.9616 0.1887
Y 0.9493 0.2372 0.2065
Z -0.2434 0.1380 0.9601

PART 54
OFFSET 15.0568 -3.4023 -6.4906
SCALE 1 1 1
X -0.9902 0.1377 0.0222
Y 0.1282 0.9610 -0.2449
Z -0.0550 -0.2397 -0.9693

PART 55
OFFSET 13.1855 -6.1844 -7.6004
SCALE 1 1 1
X -0.1540 -0.9880 -0.0122
Y 0.9880 -0.1542 0.0095
Z -0.0113 -0.0106 0.9999

PART 56
OFFSET 13.4864 -4.2543 -7.5765
SCALE 1 1 1
X 0.9312 -0.3644 -0.0017
Y 0.3642 0.9309 -0.0281
Z 0.0118 0.0256 0.9996

PART 57
OFFSET 21.2344 -3.4038 -6.9352
SCALE 1 1 1
X 0.7028 -0.6837 0.1967
Y -0.5056 -0.2854 0.8142
Z -0.5005 -0.6717 -0.5463

PART 58
OFFSET 21.2344 -3.4038 -6.9352
SCALE 1 1 1
X 0.7028 -0.6837 0.1967
Y -0.5056 -0.2854 0.8142
Z -0.5005 -0.6717 -0.5463

PART 59
OFFSET 10.5761 -6.3151 -8.4151
SCALE 1 1 1
X -0.9959 -0.0777 0.0469
Y 0.0864 -0.9694 0.2297
Z 0.0276 0.2328 0.9721

PART 60
OFFSET 10.5761 -6.3151 -8.4151
SCALE 1 1 1
X -0.9959 -0.0777 0.0469
Y 0.0864 -0.9694 0.2297
Z 0.0276 0.2328 0.9721

PART 61
OFFSET 7.5573 -3.0450 -0.6380
SCALE 1 1 1
X 0.9999 0.0121 -0.0023
Y -0.0122 0.9983 -0.0570
Z 0.0016 0.0570 0.9984

PART 62
OFFSET 4.9121 7.1891 -9.1505
SCALE 1 1 1
X 0.9072 -0.1332 -0.3991
Y -0.2134 -0.9632 -0.1636
Z -0.3626 0.2336 -0.9022

PART 63
OFFSET 15.8835 5.5787 -13.9774
SCALE 1 1 1
X 0.3982 -0.7042 0.5878
Y -0.8401 -0.0226 0.5420
Z -0.3684 -0.7096 -0.6006

PART 64
OFFSET 19.2704 -0.4112 -8.9781
SCALE 1 1 1
X 0.3982 -0.7042 0.5878
Y 0.5023 0.7036 0.5027
Z -0.7675 0.0951 0.6339

PART 65
OFFSET 21.0649 -0.0612 -7.3986
SCALE 1 1 1
X 0.4042 -0.7021 0.5862
Y 0.3793 0.7119 0.5911
Z -0.8323 -0.0166 0.5541

PART 66
OFFSET 12.1262 -3.7220 -7.5741
SCALE 1 1 1
X 0.8418 0.5375 -0.0505
Y -0.5398 0.8391 -0.0674
Z 0.0061 0.0840 0.9964

PART 67
OFFSET 11.1724 -4.3308 -7.5240
SCALE 1 1 1
X -0.3011 -0.9534 0.0180
Y -0.9518 0.3016 0.0552
Z -0.0581 -0.0005 -0.9983

PART 68
OFFSET 0.0000 0.0000 0.0000
SCALE 1 1 1
X 1.0000 0.0000 0.0000
Y 0.0000 1.0000 0.0000
Z 0.0000 0.0000 1.0000

PART 69
OFFSET 0.0000 0.0000 0.0000
SCALE 1 1 1
X 1.0000 -0.0032 -0.0004
Y 0.0032 1.0000 0.0005
Z 0.0004 -0.0005 1.0000

PART 70
OFFSET 1.5421 -0.0069 4.1351
SCALE 1 1 1
X 1.0000 -0.0032 -0.0004
Y 0.0032 1.0000 0.0005
Z 0.0004 -0.0005 1.0000

PART 71
OFFSET 13.7825 -4.8351 -5.5693
SCALE 1 1 1
X 0.9944 0.0482 0.0937
Y -0.0492 0.9988 0.0080
Z -0.0932 -0.0125 0.9956

PART 72
OFFSET 12.1550 -5.8345 -3.8878
SCALE 1 1 1
X -0.0678 -0.8348 0.5463
Y 0.9955 -0.0200 0.0930
Z -0.0667 0.5501 0.8324

PART 73
OFFSET 12.1722 -5.9642 -3.5974
SCALE 1 1 1
X 0.9923 0.0479 0.1141
Y -0.0492 0.9988 0.0080
Z -0.1135 -0.0135 0.9934

PART 74
OFFSET 27.9076 -4.1145 -2.4065
SCALE 1 1 1
X 0.9944 0.0482 0.0937
Y -0.0492 0.9988 0.0080
Z -0.0932 -0.0125 0.9956

PART 75
OFFSET 17.2016 -4.6572 -5.3505
SCALE 1 1 1
X 0.9944 0.0482 0.0937
Y -0.0492 0.9988 0.0080
Z -0.0932 -0.0125 0.9956


FRAME 125
PART 0
OFFSET 25.6364 -6.1183 -3.1280
SCALE 1 1 1
X 0.4483 0.1838 -0.8748
Y -0.7337 0.6346 -0.2427
Z 0.5105 0.7506 0.4194

PART 1
OFFSET 22.8797 -4.2557 -5.7956
SCALE 1 1 1
X 0.4485 -0.7119 0.5404
Y -0.8212 -0.0895 0.5637
Z -0.3529 -0.6965 -0.6247

PART 2
OFFSET 23.7559 -5.6464 -4.7399
SCALE 1 1 1
X -0.2634 -0.5804 0.7705
Y -0.8848 0.4636 0.0468
Z -0.3844 -0.6695 -0.6357

PART 3
OFFSET 23.3712 -6.4942 -3.6145
SCALE 1 1 1
X -0.6482 -0.2933 0.7027
Y -0.6331 0.7203 -0.2834
Z -0.4231 -0.6286 -0.6526

PART 4
OFFSET 22.6345 -6.8313 -2.8230
SCALE 1 1 1
X 0.9285 -0.1950 -0.3161
Y -0.0986 0.6911 -0.7160
Z 0.3581 0.6959 0.6224

PART 5
OFFSET 13.3736 -5.1204 -5.2476
SCALE 1 1 1
X 0.9832 0.0831 0.1628
Y -0.0960 0.9927 0.0729
Z -0.1555 -0.0873 0.9840

PART 6
OFFSET 17.8638 -2.0515 -8.6013
SCALE 1 1 1
X 0.3554 -0.7322 0.5810
Y 0.3299 0.6798 0.6550
Z -0.8746 -0.0411 0.4832

PART 7
OFFSET 17.8045 -1.3263 -6.8282
SCALE 1 1 1
X 0.3554 -0.7322 0.5810
Y 0.3299 0.6798 0.6550
Z -0.8746 -0.0411 0.4832

PART 8
OFFSET 21.4642 -2.2259 -2.5255
SCALE 1 1 1
X 0.3044 -0.5081 0.8057
Y 0.0600 0.8544 0.5162
Z -0.9506 -0.1088 0.2906

PART 9
OFFSET 20.3712 -3.3326 -7.2869
SCALE 1 1 1
X 0.4617 -0.8869 0.0126
Y -0.7229 -0.3680 0.5848
Z -0.5140 -0.2791 -0.8111

PART 10
OFFSET 20.2483 -0.9280 -9.3437
SCALE 1 1 1
X 0.3554 -0.7322 0.5810
Y 0.3299 0.6798 0.6550
Z -0.8746 -0.0411 0.4832

PART 11
OFFSET 18.5861 -0.2419 -5.8119
SCALE 1 1 1
X 0.3554 -0.7322 0.5810
Y 0.3299 0.6798 0.6550
Z -0.8746 -0.0411 0.4832

PART 12
OFFSET 21.7509 -2.7659 -1.6321
SCALE 1 1 1
X 0.8477 -0.1291 0.5145
Y 0.5284 0.1204 -0.8404
Z 0.0466 0.9843 0.1703

PART 13
OFFSET 20.0907 -1.9985 -7.0748
SCALE 1 1 1
X 0.7172 -0.5513 0.4263
Y 0.1777 0.7361 0.6531
Z -0.6738 -0.3927 0.6259

PART 14
OFFSET 20.8666 -1.6341 -3.9093
SCALE 1 1 1
X 0.4305 -0.3179 0.8447
Y -0.0567 0.9246 0.3768
Z -0.9008 -0.2101 0.3801

PART 15
OFFSET 22.0430 -6.5167 -6.6496
SCALE 1 1 1
X -0.2497 -0.6240 0.7405
Y -0.8244 0.5381 0.1755
Z -0.5080 -0.5666 -0.6488

PART 16
OFFSET 21.3949 -5.3298 -7.0688
SCALE 1 1 1
X 0.4578 -0.8383 0.2961
Y -0.6993 -0.1339 0.7021
Z -0.5490 -0.5285 -0.6475

PART 17
OFFSET 22.3229 -4.9312 -6.4336
SCALE 1 1 1
X 0.4182 -0.8381 0.3504
Y -0.7415 -0.0921 0.6646
Z -0.5247 -0.5377 -0.6599

PART 18
OFFSET 21.2662 -7.3548 -5.2769
SCALE 1 1 1
X 0.8968 -0.1955 -0.3968
Y -0.1380 0.7287 -0.6708
Z 0.4203 0.6564 0.6266

PART 19
OFFSET 21.8216 -7.0700 -5.9931
SCALE 1 1 1
X -0.5846 -0.2998 0.7539
Y -0.5874 0.7973 -0.1385
Z -0.5596 -0.5238 -0.6423

PART 20
OFFSET 20.7411 -2.9098 -6.8466
SCALE 1 1 1
X 0.6239 -0.7531 0.2089
Y -0.6955 -0.4132 0.5878
Z -0.3563 -0.5120 -0.7816

PART 21
OFFSET 20.3081 -1.6973 -5.9958
SCALE 1 1 1
X 0.2818 -0.0178 0.9593
Y 0.0380 0.9993 0.0074
Z -0.9587 0.0344 0.2822

PART 22
OFFSET 23.0348 -6.3580 -5.8370
SCALE 1 1 1
X -0.3375 -0.5715 0.7480
Y -0.7930 0.6007 0.1011
Z -0.5071 -0.5590 -0.6560

PART 23
OFFSET 22.5670 -7.1500 -4.8004
SCALE 1 1 1
X -0.6763 -0.2212 0.7026
Y -0.5366 0.8014 -0.2642
Z -0.5047 -0.5557 -0.6607

PART 24
OFFSET 21.8335 -7.3899 -4.0384
SCALE 1 1 1
X 0.8358 -0.3039 -0.4572
Y -0.0298 0.8065 -0.5905
Z 0.5482 0.5072 0.6650

PART 25
OFFSET 22.2226 -2.7395 -4.3883
SCALE 1 1 1
X 0.4531 -0.7702 0.4488
Y 0.8596 0.2440 -0.4490
Z 0.2363 0.5892 0.7726

PART 26
OFFSET 23.2698 -3.4454 -5.1539
SCALE 1 1 1
X 0.5864 -0.6675 0.4588
Y -0.7429 -0.2176 0.6330
Z -0.3227 -0.7121 -0.6236

PART 27
OFFSET 24.3023 -4.6207 -4.3461
SCALE 1 1 1
X 0.5573 -0.6795 0.4772
Y -0.7800 -0.2313 0.5815
Z -0.2848 -0.6962 -0.6589

PART 28
OFFSET 24.9971 -5.4045 -3.7260
SCALE 1 1 1
X 0.5660 -0.6320 0.5294
Y -0.7820 -0.2083 0.5874
Z -0.2609 -0.7465 -0.6121

PART 29
OFFSET -8.9748 -3.1980 -3.3533
SCALE 1 1 1
X -0.6028 0.5298 0.5966
Y -0.3631 -0.8480 0.3861
Z 0.7105 0.0161 0.7035

PART 30
OFFSET -1.6846 -9.6050 -10.5689
SCALE 1 1 1
X -0.9495 -0.2487 -0.1913
Y 0.3098 -0.6464 -0.6973
Z 0.0498 -0.7213 0.6908

PART 31
OFFSET 6.3913 -7.4893 -8.9421
SCALE 1 1 1
X -0.9495 -0.2487 -0.1913
Y 0.2258 -0.1185 -0.9669
Z 0.2179 -0.9613 0.1687

PART 32
OFFSET 7.5027 -5.7909 -9.1504
SCALE 1 1 1
X -0.9515 -0.2429 -0.1890
Y -0.0516 0.7312 -0.6802
Z 0.3034 -0.6374 -0.7083

PART 33
OFFSET 7.6311 -5.6812 -7.9272
SCALE 1 1 1
X -0.9515 -0.2429 -0.1890
Y -0.0516 0.7312 -0.6802
Z 0.3034 -0.6374 -0.7083

PART 34
OFFSET 7.8459 -6.8604 -6.9451
SCALE 1 1 1
X -0.9515 -0.2429 -0.1890
Y -0.0516 0.7312 -0.6802
Z 0.3034 -0.6374 -0.7083

PART 35
OFFSET 9.3021 -6.7267 -8.3557
SCALE 1 1 1
X -0.9318 -0.1568 -0.3274
Y 0.3415 -0.0720 -0.9371
Z 0.1234 -0.9850 0.1207

PART 36
OFFSET 9.3411 -6.1822 -7.3537
SCALE 1 1 1
X -0.2377 -0.8174 -0.5247
Y 0.9464 -0.0732 -0.3147
Z 0.2188 -0.5714 0.7910

PART 37
OFFSET 9.7475 -4.3792 -6.2339
SCALE 1 1 1
X -0.8844 -0.3374 -0.3226
Y 0.4646 -0.7026 -0.5390
Z -0.0448 -0.6266 0.7781

PART 38
OFFSET 11.2079 -3.8063 -5.8325
SCALE 1 1 1
X -0.9878 0.0327 0.1520
Y -0.1198 -0.7835 -0.6097
Z 0.0992 -0.6205 0.7779

PART 39
OFFSET 12.2736 -3.8000 -6.0221
SCALE 1 1 1
X -0.8176 0.2613 -0.5131
Y 0.5310 0.6869 -0.4962
Z 0.2228 -0.6781 -0.7004

PART 40
OFFSET 10.4313 -6.4721 -9.1065
SCALE 1 1 1
X -0.9573 -0.1086 0.2680
Y 0.1584 -0.9723 0.1718
Z 0.2419 0.2070 0.9480

PART 41
OFFSET 12.5980 -6.0787 -9.5917
SCALE 1 1 1
X -0.1734 -0.9727 -0.1543
Y 0.9068 -0.0966 -0.4104
Z 0.3843 -0.2111 0.8988

PART 42
OFFSET 12.8435 -4.7015 -9.3732
SCALE 1 1 1
X 0.7836 -0.4442 -0.4344
Y 0.5114 0.8582 0.0449
Z 0.3528 -0.2573 0.8996

PART 43
OFFSET 12.1487 -4.3077 -8.9881
SCALE 1 1 1
X 0.9120 0.2445 -0.3293
Y -0.1568 0.9497 0.2710
Z 0.3790 -0.1955 0.9045

PART 44
OFFSET 11.2823 -4.5400 -8.6753
SCALE 1 1 1
X -0.6539 -0.7550 -0.0490
Y -0.6574 0.5349 0.5308
Z -0.3745 0.3793 -0.8461

PART 45
OFFSET 10.4265 -6.5272 -8.3948
SCALE 1 1 1
X -0.9922 -0.1224 -0.0249
Y 0.1165 -0.9789 0.1681
Z -0.0450 0.1639 0.9855

PART 46
OFFSET 13.0108 -6.2556 -8.4728
SCALE 1 1 1
X -0.0471 -0.9922 -0.1153
Y 0.9792 -0.0230 -0.2017
Z 0.1975 -0.1223 0.9726

PART 47
OFFSET 13.0910 -4.5664 -8.2766
SCALE 1 1 1
X 0.9518 -0.2166 -0.2173
Y 0.2425 0.9649 0.1006
Z 0.1879 -0.1485 0.9709

PART 48
OFFSET 11.7719 -4.2662 -7.9754
SCALE 1 1 1
X 0.8694 0.4860 -0.0888
Y -0.4594 0.8614 0.2166
Z 0.1818 -0.1475 0.9722

PART 49
OFFSET 10.8289 -4.7933 -7.8791
SCALE 1 1 1
X -0.4410 -0.8975 -0.0031
Y -0.8820 0.4327 0.1864
Z -0.1660 0.0850 -0.9825

PART 50
OFFSET 5.2016 -7.8465 -8.8614
SCALE 1 1 1
X -0.9084 -0.4075 -0.0933
Y -0.3754 0.8933 -0.2471
Z 0.1841 -0.1895 -0.9645

PART 51
OFFSET 12.7211 -6.4273 -6.3282
SCALE 1 1 1
X -0.8848 -0.4107 -0.2200
Y 0.3765 -0.9084 0.1818
Z -0.2745 0.0781 0.9584

PART 52
OFFSET 14.2790 -5.7041 -5.9408
SCALE 1 1 1
X -0.5230 -0.8512 -0.0445
Y 0.8013 -0.5088 0.3146
Z -0.2904 0.1289 0.9482

PART 53
OFFSET 14.8971 -4.6615 -5.8292
SCALE 1 1 1
X 0.2314 -0.9634 0.1353
Y 0.9222 0.2615 0.2849
Z -0.3099 0.0589 0.9489

PART 54
OFFSET 14.6358 -3.5734 -5.9820
SCALE 1 1 1
X -0.9950 0.0941 -0.0344
Y 0.0986 0.9806 -0.1696
Z 0.0177 -0.1721 -0.9849

PART 55
OFFSET 12.9700 -6.3455 -7.4014
SCALE 1 1 1
X -0.1506 -0.9847 -0.0879
Y 0.9886 -0.1497 -0.0173
Z 0.0039 -0.0895 0.9960

PART 56
OFFSET 13.2643 -4.4219 -7.2297
SCALE 1 1 1
X 0.9589 -0.2809 -0.0407
Y 0.2826 0.9583 0.0435
Z 0.0268 -0.0533 0.9982

PART 57
OFFSET 20.7411 -2.9098 -6.8466
SCALE 1 1 1
X 0.6239 -0.7531 0.2089
Y -0.6955 -0.4132 0.5878
Z -0.3563 -0.5120 -0.7816

PART 58
OFFSET 20.7411 -2.9098 -6.8466
SCALE 1 1 1
X 0.6239 -0.7531 0.2089
Y -0.6955 -0.4132 0.5878
Z -0.3563 -0.5120 -0.7816

PART 59
OFFSET 10.4265 -6.5272 -8.3948
SCALE 1 1 1
X -0.9922 -0.1224 -0.0249
Y 0.1165 -0.9789 0.1681
Z -0.0450 0.1639 0.9855

PART 60
OFFSET 10.4265 -6.5272 -8.3948
SCALE 1 1 1
X -0.9922 -0.1224 -0.0249
Y 0.1165 -0.9789 0.1681
Z -0.0450 0.1639 0.9855

PART 61
OFFSET 7.5573 -3.0450 -0.6380
SCALE 1 1 1
X 0.9999 0.0121 -0.0023
Y -0.0122 0.9983 -0.0570
Z 0.0016 0.0570 0.9984

PART 62
OFFSET 4.9221 7.1282 -9.1127
SCALE 1 1 1
X 0.9201 -0.0520 -0.3883
Y -0.1574 -0.9567 -0.2448
Z -0.3588 0.2863 -0.8884

PART 63
OFFSET 16.0493 6.4992 -13.8088
SCALE 1 1 1
X 0.3493 -0.7344 0.5820
Y -0.8813 -0.0465 0.4702
Z -0.3183 -0.6771 -0.6635

PART 64
OFFSET 19.0200 0.2529 -8.8590
SCALE 1 1 1
X 0.3493 -0.7344 0.5820
Y 0.2412 0.6706 0.7015
Z -0.9054 -0.1046 0.4114

PART 65
OFFSET 20.6803 0.5161 -7.1235
SCALE 1 1 1
X 0.3554 -0.7322 0.5810
Y 0.3299 0.6798 0.6550
Z -0.8746 -0.0411 0.4832

PART 66
OFFSET 11.8637 -4.0115 -7.1703
SCALE 1 1 1
X 0.7916 0.6108 -0.0155
Y -0.6108 0.7918 0.0063
Z 0.0161 0.0045 0.9999

PART 67
OFFSET 10.9666 -4.7028 -7.1598
SCALE 1 1 1
X -0.2179 -0.9744 -0.0560
Y -0.9731 0.2125 0.0893
Z -0.0751 0.0740 -0.9944

PART 68
OFFSET 0.0000 0.0000 0.0000
SCALE 1 1 1
X 1.0000 0.0000 0.0000
Y 0.0000 1.0000 0.0000
Z 0.0000 0.0000 1.0000

PART 69
OFFSET 0.0000 0.0000 0.0000
SCALE 1 1 1
X 1.0000 -0.0067 -0.0009
Y 0.0067 1.0000 0.0010
Z 0.0009 -0.0010 1.0000

PART 70
OFFSET 1.5440 -0.0147 4.1344
SCALE 1 1 1
X 1.0000 -0.0067 -0.0009
Y 0.0067 1.0000 0.0010
Z 0.0009 -0.0010 1.0000

PART 71
OFFSET 13.3736 -5.1204 -5.2476
SCALE 1 1 1
X 0.9832 0.0831 0.1628
Y -0.0960 0.9927 0.0729
Z -0.1555 -0.0873 0.9840

PART 72
OFFSET 11.6910 -6.3045 -3.7503
SCALE 1 1 1
X -0.0634 -0.8737 0.4822
Y 0.9874 0.0152 0.1574
Z -0.1449 0.4862 0.8618

PART 73
OFFSET 11.6958 -6.4538 -3.4690
SCALE 1 1 1
X 0.9798 0.0813 0.1828
Y -0.0960 0.9927 0.0729
Z -0.1756 -0.0890 0.9804

PART 74
OFFSET 27.2208 -4.0345 -1.1105
SCALE 1 1 1
X 0.9832 0.0831 0.1628
Y -0.0960 0.9927 0.0729
