// Export filename: `C:/cod5/cod/cod5/xanim_export/viewmodel/US/thompson/thompson_drum_clip_reload_empty.XANIM_EXPORT`
// Source filename: `C:/cod5/cod/cod5/animation_assets/viewmodel/US/thompson/viewmodelanimation_thompson.mb`
// Export time: Tue Aug 26 15:24:45 2008

ANIMATION
VERSION 3

NUMPARTS 79
PART 0 "RingPalm_SDK_LE"
PART 1 "RingPalm_FK_LE"
PART 2 "RingPalm_FK_RI"
PART 3 "RingPalm_SDK_RI"
PART 4 "tag_torso"
PART 5 "J_Shoulder_LE"
PART 6 "J_Elbow_LE"
PART 7 "J_WristTwist_LE"
PART 8 "J_Sleave_Reshape_Bottom_LE_1"
PART 9 "J_Sleave_Reshape_Bottom_LE_2"
PART 10 "J_Sleave_Reshape_Top_LE_1"
PART 11 "J_Sleave_Reshape_Top_LE_2"
PART 12 "J_Sleave_Reshape_Top_LE_3"
PART 13 "J_Wrist_LE"
PART 14 "J_Thumb_LE_0"
PART 15 "J_Thumb_LE_1"
PART 16 "J_Thumb_LE_2"
PART 17 "J_Wrist_RI"
PART 18 "J_Thumb_RI_0"
PART 19 "J_Thumb_RI_1"
PART 20 "J_Thumb_RI_2"
PART 21 "J_Thumb_RI_3"
PART 22 "J_PinkyPalm_RI"
PART 23 "J_Pinky_RI_0"
PART 24 "J_Pinky_RI_1"
PART 25 "J_Pinky_RI_2"
PART 26 "J_Pinky_RI_3"
PART 27 "J_RingPalm_RI"
PART 28 "J_Ring_RI_0"
PART 29 "J_Ring_RI_1"
PART 30 "J_Ring_RI_2"
PART 31 "J_Ring_RI_3"
PART 32 "J_Webbing_RI"
PART 33 "J_Index_RI_0"
PART 34 "J_Index_RI_1"
PART 35 "J_Index_RI_2"
PART 36 "J_Index_RI_3"
PART 37 "J_Mid_RI_0"
PART 38 "J_Mid_RI_1"
PART 39 "J_Mid_RI_2"
PART 40 "J_Mid_RI_3"
PART 41 "tag_cambone"
PART 42 "tag_camera"
PART 43 "tag_gasmask"
PART 44 "J_Thumb_LE_3"
PART 45 "J_PinkyPalm_LE"
PART 46 "J_Pinky_LE_0"
PART 47 "J_Pinky_LE_1"
PART 48 "J_Pinky_LE_2"
PART 49 "J_Pinky_LE_3"
PART 50 "J_RingPalm_LE"
PART 51 "J_Ring_LE_0"
PART 52 "J_Ring_LE_1"
PART 53 "J_Ring_LE_2"
PART 54 "J_Ring_LE_3"
PART 55 "J_Webbing_LE"
PART 56 "J_Index_LE_0"
PART 57 "J_Index_LE_1"
PART 58 "J_Index_LE_2"
PART 59 "J_Index_LE_3"
PART 60 "J_Mid_LE_0"
PART 61 "J_Mid_LE_1"
PART 62 "J_Mid_LE_2"
PART 63 "J_Mid_LE_3"
PART 64 "tag_weapon"
PART 65 "J_Shoulder_RI"
PART 66 "J_Elbow_RI"
PART 67 "J_WristTwist_RI"
PART 68 "J_Sleave_Reshape_Top_RI_3"
PART 69 "J_Sleave_Reshape_Top_RI_2"
PART 70 "J_Sleave_Reshape_Top_RI_1"
PART 71 "J_Gun"
PART 72 "tag_brass"
PART 73 "J_Bolt"
PART 74 "tag_flash"
PART 75 "J_Clip"
PART 76 "J_Mag_Drum"
PART 77 "TAG_APERTURE"
PART 78 "TAG_SILENCER"

FRAMERATE 30
NUMFRAMES 106

FRAME 500
PART 0
OFFSET 21.7894 -4.4420 -7.0354
SCALE 1 1 1
X 0.7946 -0.5834 0.1679
Y -0.0260 0.2436 0.9695
Z -0.6066 -0.7748 0.1784

PART 1
OFFSET 21.7894 -4.4420 -7.0354
SCALE 1 1 1
X 0.7946 -0.5834 0.1679
Y -0.0260 0.2436 0.9695
Z -0.6066 -0.7748 0.1784

PART 2
OFFSET 10.7640 -6.0811 -8.3970
SCALE 1 1 1
X -0.9934 -0.0197 0.1127
Y 0.0520 -0.9554 0.2908
Z 0.1020 0.2948 0.9501

PART 3
OFFSET 10.7640 -6.0811 -8.3970
SCALE 1 1 1
X -0.9934 -0.0197 0.1127
Y 0.0520 -0.9554 0.2908
Z 0.1020 0.2948 0.9501

PART 4
OFFSET 7.5573 -3.0450 -0.6380
SCALE 1 1 1
X 0.9999 0.0121 -0.0023
Y -0.0122 0.9983 -0.0570
Z 0.0016 0.0570 0.9984

PART 5
OFFSET 4.9035 7.2392 -9.1820
SCALE 1 1 1
X 0.8967 -0.2366 -0.3741
Y -0.2951 -0.9495 -0.1069
Z -0.3299 0.2063 -0.9212

PART 6
OFFSET 15.7484 4.3784 -13.7060
SCALE 1 1 1
X 0.4469 -0.7023 0.5542
Y -0.7888 -0.0171 0.6144
Z -0.4220 -0.7117 -0.5616

PART 7
OFFSET 19.5494 -1.5947 -8.9924
SCALE 1 1 1
X 0.4469 -0.7023 0.5542
Y 0.8819 0.4497 -0.1414
Z -0.1499 0.5519 0.8203

PART 8
OFFSET 21.4778 -1.2417 -7.5802
SCALE 1 1 1
X 0.4528 -0.7002 0.5520
Y 0.4320 0.7139 0.5511
Z -0.7800 -0.0110 0.6257

PART 9
OFFSET 20.6848 -2.8052 -9.6120
SCALE 1 1 1
X 0.4528 -0.7002 0.5520
Y 0.4320 0.7139 0.5511
Z -0.7800 -0.0110 0.6257

PART 10
OFFSET 19.6400 -1.9180 -5.8933
SCALE 1 1 1
X 0.4528 -0.7002 0.5520
Y 0.4320 0.7139 0.5511
Z -0.7800 -0.0110 0.6257

PART 11
OFFSET 18.7041 -3.0543 -6.7012
SCALE 1 1 1
X 0.4528 -0.7002 0.5520
Y 0.4320 0.7139 0.5511
Z -0.7800 -0.0110 0.6257

PART 12
OFFSET 18.4668 -3.8769 -8.4159
SCALE 1 1 1
X 0.4528 -0.7002 0.5520
Y 0.4320 0.7139 0.5511
Z -0.7800 -0.0110 0.6257

PART 13
OFFSET 20.9195 -3.7476 -7.2935
SCALE 1 1 1
X 0.9426 -0.3228 0.0853
Y 0.3337 0.9050 -0.2637
Z 0.0079 0.2770 0.9608

PART 14
OFFSET 21.6688 -2.9056 -7.1151
SCALE 1 1 1
X 0.8286 0.0334 0.5588
Y 0.2217 0.8970 -0.3825
Z -0.5140 0.4408 0.7358

PART 15
OFFSET 23.4505 -2.7194 -5.9065
SCALE 1 1 1
X 0.8505 -0.1864 0.4918
Y 0.2656 0.9593 -0.0958
Z -0.4540 0.2121 0.8654

PART 16
OFFSET 24.7568 -3.0537 -5.0099
SCALE 1 1 1
X 0.7998 -0.1054 0.5909
Y 0.2568 0.9499 -0.1782
Z -0.5425 0.2942 0.7868

PART 17
OFFSET 9.6439 -6.1704 -8.1898
SCALE 1 1 1
X -0.9767 -0.1127 -0.1828
Y 0.2043 -0.2248 -0.9528
Z 0.0663 -0.9679 0.2426

PART 18
OFFSET 9.8589 -5.5054 -7.2877
SCALE 1 1 1
X -0.6235 -0.7074 -0.3330
Y 0.6905 -0.2984 -0.6589
Z 0.3667 -0.6408 0.6745

PART 19
OFFSET 11.1150 -3.9134 -6.5408
SCALE 1 1 1
X -0.9910 -0.1251 0.0466
Y 0.0673 -0.7693 -0.6353
Z 0.1153 -0.6265 0.7709

PART 20
OFFSET 12.7059 -3.6872 -6.7403
SCALE 1 1 1
X -0.8251 0.2469 0.5082
Y -0.5084 -0.7168 -0.4771
Z 0.2465 -0.6521 0.7170

PART 21
OFFSET 13.5955 -3.9122 -7.3146
SCALE 1 1 1
X -0.8722 0.4534 -0.1837
Y 0.4414 0.5672 -0.6953
Z -0.2110 -0.6875 -0.6948

PART 22
OFFSET 10.6757 -6.1202 -9.1043
SCALE 1 1 1
X -0.9181 0.0235 0.3957
Y 0.1007 -0.9517 0.2901
Z 0.3834 0.3062 0.8713

PART 23
OFFSET 12.7819 -6.0116 -9.9021
SCALE 1 1 1
X -0.2601 -0.9649 0.0355
Y 0.8791 -0.2518 -0.4047
Z 0.3995 -0.0740 0.9138

PART 24
OFFSET 13.1501 -4.6454 -9.9524
SCALE 1 1 1
X 0.8009 -0.4671 -0.3746
Y 0.4752 0.8765 -0.0770
Z 0.3643 -0.1163 0.9240

PART 25
OFFSET 12.4400 -4.2313 -9.6203
SCALE 1 1 1
X 0.8777 0.3261 -0.3511
Y -0.2813 0.9438 0.1734
Z 0.3879 -0.0534 0.9201

PART 26
OFFSET 11.6061 -4.5411 -9.2867
SCALE 1 1 1
X -0.5508 -0.8342 0.0266
Y -0.7282 0.4959 0.4731
Z -0.4079 0.2412 -0.8806

PART 27
OFFSET 10.7640 -6.0811 -8.3970
SCALE 1 1 1
X -0.9934 -0.0197 0.1127
Y 0.0520 -0.9554 0.2908
Z 0.1020 0.2948 0.9501

PART 28
OFFSET 13.3283 -6.0948 -8.8243
SCALE 1 1 1
X -0.1331 -0.9880 0.0782
Y 0.9589 -0.1484 -0.2420
Z 0.2507 0.0428 0.9671

PART 29
OFFSET 13.5550 -4.4127 -8.9575
SCALE 1 1 1
X 0.9152 -0.3382 -0.2191
Y 0.3244 0.9409 -0.0971
Z 0.2390 0.0178 0.9709

PART 30
OFFSET 12.2866 -3.9441 -8.6538
SCALE 1 1 1
X 0.8975 0.3805 -0.2228
Y -0.3743 0.9246 0.0712
Z 0.2331 0.0195 0.9722

PART 31
OFFSET 11.3132 -4.3568 -8.4121
SCALE 1 1 1
X -0.5100 -0.8390 0.1897
Y -0.8307 0.5377 0.1442
Z -0.2230 -0.0840 -0.9712

PART 32
OFFSET 5.4418 -6.9680 -8.0149
SCALE 1 1 1
X -0.9400 -0.3317 0.0797
Y -0.3392 0.8838 -0.3223
Z 0.0364 -0.3300 -0.9433

PART 33
OFFSET 13.3201 -5.9215 -6.6687
SCALE 1 1 1
X -0.9342 -0.3536 -0.0472
Y 0.3302 -0.9073 0.2602
Z -0.1348 0.2274 0.9644

PART 34
OFFSET 14.9649 -5.2989 -6.5856
SCALE 1 1 1
X -0.5851 -0.7984 0.1423
Y 0.7973 -0.5343 0.2808
Z -0.1482 0.2777 0.9492

PART 35
OFFSET 15.6672 -4.3115 -6.7009
SCALE 1 1 1
X 0.1765 -0.9545 0.2404
Y 0.9691 0.2113 0.1275
Z -0.1725 0.2105 0.9623

PART 36
OFFSET 15.4678 -3.2334 -6.9724
SCALE 1 1 1
X -0.9808 0.1791 0.0773
Y 0.1461 0.9369 -0.3177
Z -0.1294 -0.3003 -0.9450

PART 37
OFFSET 13.4256 -6.0037 -7.7653
SCALE 1 1 1
X -0.1279 -0.9903 0.0547
Y 0.9902 -0.1243 0.0643
Z -0.0568 0.0624 0.9964

PART 38
OFFSET 13.6755 -4.0692 -7.8722
SCALE 1 1 1
X 0.8920 -0.4458 0.0755
Y 0.4508 0.8897 -0.0729
Z -0.0347 0.0991 0.9945

PART 39
OFFSET 12.3727 -3.4181 -7.9825
SCALE 1 1 1
X 0.8899 0.4543 -0.0412
Y -0.4549 0.8768 -0.1558
Z -0.0347 0.1574 0.9869

PART 40
OFFSET 11.3648 -3.9332 -7.9430
SCALE 1 1 1
X -0.3896 -0.9185 0.0680
Y -0.9209 0.3892 -0.0189
Z -0.0091 -0.0700 -0.9975

PART 41
OFFSET 0.0000 0.0000 0.0000
SCALE 1 1 1
X 1.0000 0.0000 0.0000
Y 0.0000 1.0000 0.0000
Z 0.0000 0.0000 1.0000

PART 42
OFFSET 0.0000 0.0000 0.0000
SCALE 1 1 1
X 1.0000 0.0000 0.0000
Y 0.0000 1.0000 0.0000
Z 0.0000 0.0000 1.0000

PART 43
OFFSET 1.5404 0.0000 4.1357
SCALE 1 1 1
X 1.0000 0.0000 0.0000
Y 0.0000 1.0000 0.0000
Z 0.0000 0.0000 1.0000

PART 44
OFFSET 25.6013 -3.1381 -4.3379
SCALE 1 1 1
X 0.9918 -0.0710 -0.1060
Y -0.1266 -0.4469 -0.8856
Z 0.0155 0.8918 -0.4523

PART 45
OFFSET 21.3614 -4.9338 -6.7448
SCALE 1 1 1
X 0.6331 -0.7286 0.2614
Y -0.0331 0.3119 0.9495
Z -0.7734 -0.6098 0.1733

PART 46
OFFSET 22.8924 -6.4438 -6.0663
SCALE 1 1 1
X 0.6217 -0.0001 0.7833
Y -0.4965 0.7734 0.3941
Z -0.6059 -0.6339 0.4808

PART 47
OFFSET 23.7726 -6.4439 -4.9574
SCALE 1 1 1
X -0.6229 0.7385 0.2582
Y -0.5448 -0.1726 -0.8206
Z -0.5615 -0.6518 0.5098

PART 48
OFFSET 23.2203 -5.7891 -4.7284
SCALE 1 1 1
X -0.7780 0.3242 -0.5381
Y 0.2133 -0.6694 -0.7117
Z -0.5909 -0.6685 0.4516

PART 49
OFFSET 22.4812 -5.4811 -5.2397
SCALE 1 1 1
X 0.5466 0.2689 0.7930
Y 0.5870 -0.7984 -0.1339
Z 0.5972 0.5387 -0.5943

PART 50
OFFSET 21.7894 -4.4420 -7.0354
SCALE 1 1 1
X 0.7946 -0.5834 0.1679
Y -0.0260 0.2436 0.9695
Z -0.6066 -0.7748 0.1784

PART 51
OFFSET 23.7622 -6.0766 -6.5945
SCALE 1 1 1
X 0.5178 -0.1274 0.8460
Y -0.5478 0.7102 0.4422
Z -0.6572 -0.6924 0.2979

PART 52
OFFSET 24.6437 -6.2936 -5.1542
SCALE 1 1 1
X -0.6894 0.7042 0.1698
Y -0.3420 -0.1098 -0.9333
Z -0.6385 -0.7015 0.3165

PART 53
OFFSET 23.6881 -5.3177 -4.9189
SCALE 1 1 1
X -0.5494 0.1237 -0.8263
Y 0.5442 -0.6975 -0.4663
Z -0.6341 -0.7058 0.3159

PART 54
OFFSET 23.0923 -5.1835 -5.8151
SCALE 1 1 1
X 0.1081 0.2623 0.9589
Y 0.7874 -0.6114 0.0785
Z 0.6068 0.7466 -0.2726

PART 55
OFFSET 24.3595 -3.1570 -6.9343
SCALE 1 1 1
X 0.8246 -0.4017 0.3984
Y 0.2794 -0.3233 -0.9041
Z 0.4920 0.8568 -0.1544

PART 56
OFFSET 24.8412 -4.4256 -7.5172
SCALE 1 1 1
X 0.6696 -0.5178 0.5325
Y -0.3141 0.4522 0.8348
Z -0.6731 -0.7262 0.1402

PART 57
OFFSET 26.0201 -5.3373 -6.5797
SCALE 1 1 1
X 0.3884 -0.2318 0.8919
Y -0.6449 0.6229 0.4428
Z -0.6582 -0.7472 0.0924

PART 58
OFFSET 26.5323 -5.5737 -5.5011
SCALE 1 1 1
X -0.3984 0.5084 0.7635
Y -0.6547 0.4254 -0.6249
Z -0.6424 -0.7487 0.1634

PART 59
OFFSET 26.0823 -4.9995 -4.6388
SCALE 1 1 1
X 0.5400 -0.7601 0.3615
Y 0.2665 -0.2530 -0.9300
Z 0.7984 0.5986 0.0660

PART 60
OFFSET 24.3801 -5.3233 -7.0678
SCALE 1 1 1
X 0.7278 -0.5011 0.4682
Y -0.2571 0.4336 0.8637
Z -0.6358 -0.7489 0.1867

PART 61
OFFSET 25.8019 -6.3022 -6.1532
SCALE 1 1 1
X -0.3663 0.5330 0.7627
Y -0.6475 0.4426 -0.6203
Z -0.6682 -0.7211 0.1830

PART 62
OFFSET 25.2668 -5.5236 -5.0392
SCALE 1 1 1
X -0.6586 0.5458 -0.5180
Y 0.2973 -0.4437 -0.8454
Z -0.6913 -0.7108 0.1299

PART 63
OFFSET 24.5158 -4.9102 -5.6244
SCALE 1 1 1
X 0.3593 -0.0897 0.9289
Y 0.5981 -0.7419 -0.3030
Z 0.7164 0.6644 -0.2129

PART 64
OFFSET 14.2078 -4.5495 -5.8743
SCALE 1 1 1
X 0.9996 0.0137 0.0251
Y -0.0122 0.9983 -0.0570
Z -0.0258 0.0566 0.9981

PART 65
OFFSET -9.8286 -3.2226 -3.6867
SCALE 1 1 1
X -0.6967 0.4766 0.5361
Y -0.3173 -0.8750 0.3656
Z 0.6434 0.0846 0.7608

PART 66
OFFSET -1.4030 -8.9869 -10.1708
SCALE 1 1 1
X -0.9547 -0.2434 -0.1712
Y 0.2925 -0.6611 -0.6909
Z 0.0550 -0.7097 0.7024

PART 67
OFFSET 6.7171 -6.9166 -8.7146
SCALE 1 1 1
X -0.9547 -0.2434 -0.1712
Y 0.2324 -0.2506 -0.9398
Z 0.1859 -0.9370 0.2958

PART 68
OFFSET 7.8331 -5.2512 -8.9065
SCALE 1 1 1
X -0.9566 -0.2375 -0.1690
Y -0.0565 0.7198 -0.6919
Z 0.2860 -0.6523 -0.7020

PART 69
OFFSET 7.9762 -5.0872 -7.6978
SCALE 1 1 1
X -0.9566 -0.2375 -0.1690
Y -0.0565 0.7198 -0.6919
Z 0.2860 -0.6523 -0.7020

PART 70
OFFSET 8.1904 -6.1802 -6.7612
SCALE 1 1 1
X -0.9566 -0.2375 -0.1690
Y -0.0565 0.7198 -0.6919
Z 0.2860 -0.6523 -0.7020

PART 71
OFFSET 14.2078 -4.5495 -5.8743
SCALE 1 1 1
X 0.9996 0.0137 0.0251
Y -0.0122 0.9983 -0.0570
Z -0.0258 0.0566 0.9981

PART 72
OFFSET 12.6629 -5.3692 -4.0259
SCALE 1 1 1
X -0.0608 -0.7937 0.6052
Y 0.9981 -0.0545 0.0289
Z 0.0100 0.6058 0.7955

PART 73
OFFSET 15.3917 -5.4406 -3.6141
SCALE 1 1 1
X 0.9989 0.0148 0.0455
Y -0.0122 0.9983 -0.0570
Z -0.0463 0.0563 0.9973

PART 74
OFFSET 28.5318 -4.1992 -3.6972
SCALE 1 1 1
X 0.9996 0.0137 0.0251
Y -0.0122 0.9983 -0.0570
Z -0.0258 0.0566 0.9981

PART 75
OFFSET 17.6380 -4.4972 -5.8918
SCALE 1 1 1
X 0.9996 0.0137 0.0251
Y -0.0122 0.9983 -0.0570
Z -0.0258 0.0566 0.9981

PART 76
OFFSET 17.8956 -4.5112 -8.2135
SCALE 1 1 1
X 0.9996 0.0137 0.0251
Y -0.0122 0.9983 -0.0570
Z -0.0258 0.0566 0.9981

PART 77
OFFSET 7.4488 -4.4164 -2.8310
SCALE 1 1 1
X 0.9996 0.0137 0.0251
Y -0.0122 0.9983 -0.0570
Z -0.0258 0.0566 0.9981

PART 78
OFFSET 33.9583 -4.1249 -3.5610
SCALE 1 1 1
X 0.9996 0.0137 0.0251
Y -0.0122 0.9983 -0.0570
Z -0.0258 0.0566 0.9981


FRAME 501
PART 0
OFFSET 21.5416 -3.9847 -7.0081
SCALE 1 1 1
X 0.7649 -0.6165 0.1867
Y -0.1665 0.0908 0.9818
Z -0.6223 -0.7821 -0.0332

PART 1
OFFSET 21.5416 -3.9847 -7.0081
SCALE 1 1 1
X 0.7649 -0.6165 0.1867
Y -0.1665 0.0908 0.9818
Z -0.6223 -0.7821 -0.0332

PART 2
OFFSET 10.7078 -6.1480 -8.4056
SCALE 1 1 1
X -0.9951 -0.0317 0.0937
Y 0.0564 -0.9600 0.2743
Z 0.0812 0.2783 0.9571

PART 3
OFFSET 10.7078 -6.1480 -8.4056
SCALE 1 1 1
X -0.9951 -0.0317 0.0937
Y 0.0564 -0.9600 0.2743
Z 0.0812 0.2783 0.9571

PART 4
OFFSET 7.5573 -3.0450 -0.6380
SCALE 1 1 1
X 0.9999 0.0121 -0.0023
Y -0.0122 0.9983 -0.0570
Z 0.0016 0.0570 0.9984

PART 5
OFFSET 4.6703 7.1316 -9.1373
SCALE 1 1 1
X 0.9036 -0.1894 -0.3843
Y -0.2557 -0.9581 -0.1292
Z -0.3437 0.2150 -0.9141

PART 6
OFFSET 15.5983 4.8411 -13.7845
SCALE 1 1 1
X 0.4422 -0.6987 0.5624
Y -0.8052 -0.0329 0.5921
Z -0.3952 -0.7147 -0.5771

PART 7
OFFSET 19.3591 -1.1014 -9.0007
SCALE 1 1 1
X 0.4422 -0.6987 0.5624
Y 0.8319 0.5539 0.0340
Z -0.3353 0.4528 0.8261

PART 8
OFFSET 21.2419 -0.7275 -7.5333
SCALE 1 1 1
X 0.4481 -0.6965 0.5605
Y 0.4055 0.7171 0.5669
Z -0.7968 -0.0268 0.6037

PART 9
OFFSET 20.5299 -2.2906 -9.5952
SCALE 1 1 1
X 0.4481 -0.6965 0.5605
Y 0.4055 0.7171 0.5669
Z -0.7968 -0.0268 0.6037

PART 10
OFFSET 19.3687 -1.4421 -5.9021
SCALE 1 1 1
X 0.4481 -0.6965 0.5605
Y 0.4055 0.7171 0.5669
Z -0.7968 -0.0268 0.6037

PART 11
OFFSET 18.4733 -2.5876 -6.7420
SCALE 1 1 1
X 0.4481 -0.6965 0.5605
Y 0.4055 0.7171 0.5669
Z -0.7968 -0.0268 0.6037

PART 12
OFFSET 18.2964 -3.4034 -8.4673
SCALE 1 1 1
X 0.4481 -0.6965 0.5605
Y 0.4055 0.7171 0.5669
Z -0.7968 -0.0268 0.6037

PART 13
OFFSET 20.7147 -3.2433 -7.2764
SCALE 1 1 1
X 0.9220 -0.3489 0.1678
Y 0.3640 0.9289 -0.0688
Z -0.1318 0.1245 0.9834

PART 14
OFFSET 21.4266 -2.4527 -6.8636
SCALE 1 1 1
X 0.8199 -0.1625 0.5490
Y 0.3188 0.9260 -0.2020
Z -0.4755 0.3407 0.8111

PART 15
OFFSET 23.2012 -2.6920 -5.6540
SCALE 1 1 1
X 0.8308 -0.3369 0.4430
Y 0.3391 0.9376 0.0771
Z -0.4413 0.0862 0.8932

PART 16
OFFSET 24.4728 -3.2821 -4.8434
SCALE 1 1 1
X 0.7732 -0.3062 0.5553
Y 0.3588 0.9333 0.0150
Z -0.5229 0.1876 0.8315

PART 17
OFFSET 9.5850 -6.2522 -8.2211
SCALE 1 1 1
X -0.9719 -0.1190 -0.2031
Y 0.2243 -0.2052 -0.9527
Z 0.0717 -0.9715 0.2261

PART 18
OFFSET 9.7763 -5.6017 -7.3032
SCALE 1 1 1
X -0.6098 -0.7073 -0.3575
Y 0.7057 -0.2793 -0.6512
Z 0.3607 -0.6494 0.6695

PART 19
OFFSET 11.0018 -4.0114 -6.5040
SCALE 1 1 1
X -0.9904 -0.1358 0.0257
Y 0.0870 -0.7568 -0.6478
Z 0.1075 -0.6394 0.7614

PART 20
OFFSET 12.5938 -3.7656 -6.6695
SCALE 1 1 1
X -0.8369 0.2293 0.4970
Y -0.4921 -0.7130 -0.4996
Z 0.2398 -0.6627 0.7095

PART 21
OFFSET 13.4962 -3.9712 -7.2309
SCALE 1 1 1
X -0.8732 0.4480 -0.1918
Y 0.4483 0.5843 -0.6764
Z -0.1910 -0.6767 -0.7111

PART 22
OFFSET 10.6330 -6.1749 -9.1150
SCALE 1 1 1
X -0.9255 0.0070 0.3788
Y 0.1051 -0.9558 0.2746
Z 0.3640 0.2940 0.8838

PART 23
OFFSET 12.7525 -6.0306 -9.8711
SCALE 1 1 1
X -0.2507 -0.9680 0.0131
Y 0.8890 -0.2356 -0.3927
Z 0.3832 -0.0868 0.9196

PART 24
OFFSET 13.1075 -4.6602 -9.8896
SCALE 1 1 1
X 0.8125 -0.4521 -0.3679
Y 0.4675 0.8825 -0.0521
Z 0.3482 -0.1297 0.9284

PART 25
OFFSET 12.3870 -4.2593 -9.5634
SCALE 1 1 1
X 0.8807 0.3413 -0.3286
Y -0.2942 0.9376 0.1852
Z 0.3713 -0.0664 0.9261

PART 26
OFFSET 11.5504 -4.5835 -9.2512
SCALE 1 1 1
X -0.5426 -0.8400 0.0011
Y -0.7419 0.4798 0.4683
Z -0.3939 0.2533 -0.8836

PART 27
OFFSET 10.7078 -6.1480 -8.4056
SCALE 1 1 1
X -0.9951 -0.0317 0.0937
Y 0.0564 -0.9600 0.2743
Z 0.0812 0.2783 0.9571

PART 28
OFFSET 13.2796 -6.1282 -8.7849
SCALE 1 1 1
X -0.1244 -0.9906 0.0577
Y 0.9647 -0.1343 -0.2266
Z 0.2322 0.0275 0.9723

PART 29
OFFSET 13.4913 -4.4418 -8.8832
SCALE 1 1 1
X 0.9226 -0.3249 -0.2080
Y 0.3164 0.9457 -0.0739
Z 0.2207 0.0023 0.9753

PART 30
OFFSET 12.2127 -3.9915 -8.5949
SCALE 1 1 1
X 0.8975 0.3935 -0.1990
Y -0.3851 0.9193 0.0810
Z 0.2148 0.0039 0.9766

PART 31
OFFSET 11.2393 -4.4182 -8.3790
SCALE 1 1 1
X -0.5048 -0.8474 0.1648
Y -0.8388 0.5266 0.1384
Z -0.2040 -0.0684 -0.9766

PART 32
OFFSET 5.3889 -7.0948 -8.1397
SCALE 1 1 1
X -0.9379 -0.3424 0.0560
Y -0.3422 0.8862 -0.3124
Z 0.0574 -0.3122 -0.9483

PART 33
OFFSET 13.2295 -5.9946 -6.6270
SCALE 1 1 1
X -0.9295 -0.3619 -0.0712
Y 0.3347 -0.9086 0.2498
Z -0.1551 0.2083 0.9657

PART 34
OFFSET 14.8660 -5.3573 -6.5017
SCALE 1 1 1
X -0.5794 -0.8067 0.1167
Y 0.7974 -0.5313 0.2859
Z -0.1686 0.2587 0.9511

PART 35
OFFSET 15.5601 -4.3610 -6.5859
SCALE 1 1 1
X 0.1819 -0.9569 0.2263
Y 0.9643 0.2186 0.1494
Z -0.1925 0.1910 0.9625

PART 36
OFFSET 15.3546 -3.2801 -6.8414
SCALE 1 1 1
X -0.9838 0.1679 0.0622
Y 0.1423 0.9440 -0.2978
Z -0.1087 -0.2842 -0.9526

PART 37
OFFSET 13.3563 -6.0557 -7.7228
SCALE 1 1 1
X -0.1187 -0.9923 0.0343
Y 0.9900 -0.1156 0.0806
Z -0.0760 0.0435 0.9962

PART 38
OFFSET 13.5881 -4.1171 -7.7897
SCALE 1 1 1
X 0.8950 -0.4381 0.0842
Y 0.4428 0.8953 -0.0482
Z -0.0542 0.0804 0.9953

PART 39
OFFSET 12.2809 -3.4771 -7.9126
SCALE 1 1 1
X 0.8858 0.4639 -0.0162
Y -0.4609 0.8749 -0.1484
Z -0.0547 0.1389 0.9888

PART 40
OFFSET 11.2778 -4.0028 -7.9014
SCALE 1 1 1
X -0.3813 -0.9234 0.0440
Y -0.9244 0.3803 -0.0291
Z 0.0102 -0.0517 -0.9986

PART 41
OFFSET 0.0000 0.0000 0.0000
SCALE 1 1 1
X 1.0000 0.0000 0.0000
Y 0.0000 1.0000 0.0000
Z 0.0000 0.0000 1.0000

PART 42
OFFSET 0.0000 0.0000 0.0000
SCALE 1 1 1
X 1.0000 -0.0019 0.0023
Y 0.0019 1.0000 0.0008
Z -0.0023 -0.0008 1.0000

PART 43
OFFSET 1.5309 -0.0061 4.1393
SCALE 1 1 1
X 1.0000 -0.0019 0.0023
Y 0.0019 1.0000 0.0008
Z -0.0023 -0.0008 1.0000

PART 44
OFFSET 25.2911 -3.5888 -4.2046
SCALE 1 1 1
X 0.9806 -0.1543 -0.1211
Y -0.1567 -0.2450 -0.9568
Z 0.1179 0.9572 -0.2644

PART 45
OFFSET 21.0786 -4.5079 -6.8619
SCALE 1 1 1
X 0.5923 -0.7715 0.2323
Y -0.1710 0.1614 0.9720
Z -0.7874 -0.6154 -0.0363

PART 46
OFFSET 22.5030 -6.1320 -6.2155
SCALE 1 1 1
X 0.5157 -0.1492 0.8437
Y -0.5403 0.7076 0.4554
Z -0.6649 -0.6907 0.2843

PART 47
OFFSET 23.2331 -6.3432 -5.0210
SCALE 1 1 1
X -0.6212 0.6993 0.3536
Y -0.4731 0.0251 -0.8807
Z -0.6247 -0.7144 0.3152

PART 48
OFFSET 22.6823 -5.7231 -4.7075
SCALE 1 1 1
X -0.7237 0.4806 -0.4953
Y 0.2340 -0.5044 -0.8312
Z -0.6493 -0.7174 0.2526

PART 49
OFFSET 21.9948 -5.2666 -5.1781
SCALE 1 1 1
X 0.5005 0.0528 0.8641
Y 0.5603 -0.7807 -0.2768
Z 0.6600 0.6227 -0.4204

PART 50
OFFSET 21.5416 -3.9847 -7.0081
SCALE 1 1 1
X 0.7649 -0.6165 0.1867
Y -0.1665 0.0908 0.9818
Z -0.6223 -0.7821 -0.0332

PART 51
OFFSET 23.4380 -5.7030 -6.5501
SCALE 1 1 1
X 0.4092 -0.2854 0.8667
Y -0.5974 0.6342 0.4909
Z -0.6897 -0.7186 0.0890

PART 52
OFFSET 24.1347 -6.1888 -5.0746
SCALE 1 1 1
X -0.6866 0.6730 0.2750
Y -0.2737 0.1111 -0.9554
Z -0.6735 -0.7313 0.1079

PART 53
OFFSET 23.1831 -5.2561 -4.6935
SCALE 1 1 1
X -0.5160 0.3566 -0.7788
Y 0.5348 -0.5761 -0.6181
Z -0.6691 -0.7355 0.1066

PART 54
OFFSET 22.6234 -4.8694 -5.5382
SCALE 1 1 1
X 0.0844 0.0008 0.9964
Y 0.7622 -0.6442 -0.0640
Z 0.6419 0.7649 -0.0549

PART 55
OFFSET 24.0643 -2.7771 -6.3414
SCALE 1 1 1
X 0.7605 -0.4733 0.4446
Y 0.4082 -0.1841 -0.8941
Z 0.5050 0.8615 0.0531

PART 56
OFFSET 24.6309 -3.9484 -7.0401
SCALE 1 1 1
X 0.6020 -0.6137 0.5109
Y -0.4161 0.3050 0.8566
Z -0.6815 -0.7283 -0.0718

PART 57
OFFSET 25.6908 -5.0288 -6.1405
SCALE 1 1 1
X 0.2975 -0.4057 0.8642
Y -0.6891 0.5353 0.4885
Z -0.6608 -0.7409 -0.1203

PART 58
OFFSET 26.0926 -5.4770 -5.0826
SCALE 1 1 1
X -0.4316 0.3166 0.8446
Y -0.6231 0.5724 -0.5330
Z -0.6522 -0.7564 -0.0498

PART 59
OFFSET 25.6051 -5.1194 -4.1285
SCALE 1 1 1
X 0.5195 -0.8325 0.1922
Y 0.3087 -0.0268 -0.9508
Z 0.7967 0.5533 0.2431

PART 60
OFFSET 24.1141 -4.8965 -6.8069
SCALE 1 1 1
X 0.6562 -0.5813 0.4812
Y -0.3791 0.2974 0.8763
Z -0.6525 -0.7574 -0.0252

PART 61
OFFSET 25.3959 -6.0322 -5.8669
SCALE 1 1 1
X -0.4254 0.3664 0.8275
Y -0.5924 0.5785 -0.5607
Z -0.6842 -0.7287 -0.0290

PART 62
OFFSET 24.7746 -5.4969 -4.6582
SCALE 1 1 1
X -0.6326 0.6726 -0.3841
Y 0.3255 -0.2191 -0.9198
Z -0.7028 -0.7069 -0.0803

PART 63
OFFSET 24.0530 -4.7400 -5.0931
SCALE 1 1 1
X 0.3220 -0.3306 0.8871
Y 0.6021 -0.6516 -0.4614
Z 0.7306 0.6827 -0.0108

PART 64
OFFSET 14.0881 -4.6287 -5.7913
SCALE 1 1 1
X 0.9988 0.0232 0.0441
Y -0.0215 0.9990 -0.0390
Z -0.0450 0.0380 0.9983

PART 65
OFFSET -9.5033 -3.2132 -3.5597
SCALE 1 1 1
X -0.6685 0.4914 0.5583
Y -0.3296 -0.8687 0.3699
Z 0.6667 0.0632 0.7426

PART 66
OFFSET -1.4190 -9.1556 -10.3121
SCALE 1 1 1
X -0.9510 -0.2509 -0.1807
Y 0.3041 -0.6524 -0.6942
Z 0.0563 -0.7151 0.6967

PART 67
OFFSET 6.6696 -7.0215 -8.7751
SCALE 1 1 1
X -0.9510 -0.2509 -0.1807
Y 0.2404 -0.2326 -0.9424
Z 0.1944 -0.9396 0.2815

PART 68
OFFSET 7.7716 -5.3428 -8.9483
SCALE 1 1 1
X -0.9529 -0.2451 -0.1785
Y -0.0580 0.7251 -0.6862
Z 0.2976 -0.6435 -0.7052

PART 69
OFFSET 7.9043 -5.1901 -7.7365
SCALE 1 1 1
X -0.9529 -0.2451 -0.1785
Y -0.0580 0.7251 -0.6862
Z 0.2976 -0.6435 -0.7052

PART 70
OFFSET 8.1220 -6.2934 -6.8035
SCALE 1 1 1
X -0.9529 -0.2451 -0.1785
Y -0.0580 0.7251 -0.6862
Z 0.2976 -0.6435 -0.7052

PART 71
OFFSET 14.0881 -4.6287 -5.7913
SCALE 1 1 1
X 0.9988 0.0232 0.0441
Y -0.0215 0.9990 -0.0390
Z -0.0450 0.0380 0.9983

PART 72
OFFSET 12.5177 -5.4976 -3.9874
SCALE 1 1 1
X -0.0639 -0.8053 0.5894
Y 0.9979 -0.0450 0.0467
Z -0.0110 0.5912 0.8065

PART 73
OFFSET 15.2389 -5.5493 -3.5258
SCALE 1 1 1
X 0.9976 0.0240 0.0645
Y -0.0215 0.9990 -0.0390
Z -0.0654 0.0375 0.9972

PART 74
OFFSET 28.3648 -4.1756 -3.3397
SCALE 1 1 1
X 0.9988 0.0232 0.0441
Y -0.0215 0.9990 -0.0390
Z -0.0450 0.0380 0.9983

PART 75
OFFSET 17.5174 -4.5418 -5.7434
SCALE 1 1 1
X 0.9988 0.0232 0.0441
Y -0.0215 0.9990 -0.0390
Z -0.0450 0.0380 0.9983

PART 76
OFFSET 17.8181 -4.5106 -8.0597
SCALE 1 1 1
X 0.9988 0.0232 0.0441
Y -0.0215 0.9990 -0.0390
Z -0.0450 0.0380 0.9983

PART 77
OFFSET 7.2727 -4.6190 -2.8735
SCALE 1 1 1
X 0.9988 0.0232 0.0441
Y -0.0215 0.9990 -0.0390
Z -0.0450 0.0380 0.9983

PART 78
OFFSET 33.7868 -4.0497 -3.1002
SCALE 1 1 1
X 0.9988 0.0232 0.0441
Y -0.0215 0.9990 -0.0390
Z -0.0450 0.0380 0.9983


FRAME 502
PART 0
OFFSET 20.9317 -2.7639 -6.8241
SCALE 1 1 1
X 0.7338 -0.6402 0.2272
Y -0.4450 -0.2003 0.8729
Z -0.5133 -0.7416 -0.4318

PART 1
OFFSET 20.9317 -2.7639 -6.8241
SCALE 1 1 1
X 0.7338 -0.6402 0.2272
Y -0.4450 -0.2003 0.8729
Z -0.5133 -0.7416 -0.4318

PART 2
OFFSET 10.5761 -6.3151 -8.4151
SCALE 1 1 1
X -0.9970 -0.0634 0.0435
Y 0.0718 -0.9705 0.2303
Z 0.0276 0.2328 0.9721

PART 3
OFFSET 10.5761 -6.3151 -8.4151
SCALE 1 1 1
X -0.9970 -0.0634 0.0435
Y 0.0718 -0.9705 0.2303
Z 0.0276 0.2328 0.9721

PART 4
OFFSET 7.5573 -3.0450 -0.6380
SCALE 1 1 1
X 0.9999 0.0121 -0.0023
Y -0.0122 0.9983 -0.0570
Z 0.0016 0.0570 0.9984

PART 5
OFFSET 4.0689 6.8542 -9.0221
SCALE 1 1 1
X 0.9148 -0.0713 -0.3975
Y -0.1541 -0.9715 -0.1804
Z -0.3733 0.2263 -0.8997

PART 6
OFFSET 15.1329 5.9922 -13.8290
SCALE 1 1 1
X 0.4336 -0.6890 0.5807
Y -0.8413 -0.0787 0.5348
Z -0.3228 -0.7204 -0.6138

PART 7
OFFSET 18.8210 0.1317 -8.8899
SCALE 1 1 1
X 0.4336 -0.6890 0.5807
Y 0.5832 0.7059 0.4020
Z -0.6869 0.1643 0.7079

PART 8
OFFSET 20.5811 0.5599 -7.2911
SCALE 1 1 1
X 0.4395 -0.6866 0.5792
Y 0.3336 0.7235 0.6044
Z -0.8340 -0.0724 0.5470

PART 9
OFFSET 20.0813 -0.9945 -9.4208
SCALE 1 1 1
X 0.4395 -0.6866 0.5792
Y 0.3336 0.7235 0.6044
Z -0.8340 -0.0724 0.5470

PART 10
OFFSET 18.6350 -0.2652 -5.8036
SCALE 1 1 1
X 0.4395 -0.6866 0.5792
Y 0.3336 0.7235 0.6044
Z -0.8340 -0.0724 0.5470

PART 11
OFFSET 17.8507 -1.4329 -6.7206
SCALE 1 1 1
X 0.4395 -0.6866 0.5792
Y 0.3336 0.7235 0.6044
Z -0.8340 -0.0724 0.5470

PART 12
OFFSET 17.8281 -2.2237 -8.4663
SCALE 1 1 1
X 0.4395 -0.6866 0.5792
Y 0.3336 0.7235 0.6044
Z -0.8340 -0.0724 0.5470

PART 13
OFFSET 20.1503 -1.9807 -7.1096
SCALE 1 1 1
X 0.8648 -0.3779 0.3307
Y 0.2822 0.9104 0.3024
Z -0.4153 -0.1682 0.8940

PART 14
OFFSET 20.6411 -1.3411 -6.3019
SCALE 1 1 1
X 0.7480 -0.3549 0.5608
Y 0.3109 0.9339 0.1763
Z -0.5863 0.0425 0.8090

PART 15
OFFSET 22.2537 -2.0114 -5.0292
SCALE 1 1 1
X 0.7981 -0.4167 0.4352
Y 0.2358 0.8807 0.4107
Z -0.5544 -0.2252 0.8012

PART 16
OFFSET 23.4660 -2.7618 -4.2614
SCALE 1 1 1
X 0.6983 -0.5040 0.5083
Y 0.3264 0.8562 0.4004
Z -0.6370 -0.1137 0.7624

PART 17
OFFSET 9.4495 -6.4589 -8.2906
SCALE 1 1 1
X -0.9572 -0.1353 -0.2557
Y 0.2751 -0.1517 -0.9494
Z 0.0897 -0.9791 0.1825

PART 18
OFFSET 9.5778 -5.8496 -7.3344
SCALE 1 1 1
X -0.5710 -0.7052 -0.4203
Y 0.7437 -0.2275 -0.6287
Z 0.3477 -0.6715 0.6543

PART 19
OFFSET 10.7165 -4.2678 -6.4011
SCALE 1 1 1
X -0.9860 -0.1639 -0.0291
Y 0.1399 -0.7213 -0.6784
Z 0.0902 -0.6730 0.7341

PART 20
OFFSET 12.3065 -3.9708 -6.4768
SCALE 1 1 1
X -0.8659 0.1816 0.4661
Y -0.4465 -0.7006 -0.5566
Z 0.2255 -0.6901 0.6877

PART 21
OFFSET 13.2402 -4.1237 -7.0029
SCALE 1 1 1
X -0.8760 0.4329 -0.2124
Y 0.4623 0.6290 -0.6250
Z -0.1370 -0.6457 -0.7512

PART 22
OFFSET 10.5359 -6.3090 -9.1277
SCALE 1 1 1
X -0.9421 -0.0369 0.3332
Y 0.1203 -0.9650 0.2332
Z 0.3129 0.2598 0.9136

PART 23
OFFSET 12.6835 -6.0698 -9.7719
SCALE 1 1 1
X -0.2223 -0.9739 -0.0456
Y 0.9132 -0.1916 -0.3598
Z 0.3416 -0.1216 0.9319

PART 24
OFFSET 12.9982 -4.6910 -9.7073
SCALE 1 1 1
X 0.8421 -0.4111 -0.3492
Y 0.4431 0.8964 0.0132
Z 0.3076 -0.1658 0.9370

PART 25
OFFSET 12.2516 -4.3265 -9.3977
SCALE 1 1 1
X 0.8847 0.3810 -0.2685
Y -0.3303 0.9190 0.2155
Z 0.3289 -0.1019 0.9389

PART 26
OFFSET 11.4111 -4.6884 -9.1426
SCALE 1 1 1
X -0.5169 -0.8535 -0.0656
Y -0.7771 0.4357 0.4541
Z -0.3590 0.2857 -0.8885

PART 27
OFFSET 10.5761 -6.3151 -8.4151
SCALE 1 1 1
X -0.9970 -0.0634 0.0435
Y 0.0718 -0.9705 0.2303
Z 0.0276 0.2328 0.9721

PART 28
OFFSET 13.1613 -6.2065 -8.6672
SCALE 1 1 1
X -0.0976 -0.9952 0.0040
Y 0.9779 -0.0966 -0.1856
Z 0.1851 -0.0142 0.9826

PART 29
OFFSET 13.3274 -4.5122 -8.6741
SCALE 1 1 1
X 0.9406 -0.2890 -0.1782
Y 0.2914 0.9565 -0.0129
Z 0.1742 -0.0398 0.9839

PART 30
OFFSET 12.0238 -4.1116 -8.4271
SCALE 1 1 1
X 0.8939 0.4272 -0.1359
Y -0.4156 0.9034 0.1062
Z 0.1682 -0.0384 0.9850

PART 31
OFFSET 11.0544 -4.5749 -8.2796
SCALE 1 1 1
X -0.4867 -0.8679 0.0992
Y -0.8596 0.4961 0.1225
Z -0.1555 -0.0257 -0.9875

PART 32
OFFSET 5.2810 -7.4186 -8.4542
SCALE 1 1 1
X -0.9289 -0.3702 -0.0062
Y -0.3531 0.8908 -0.2859
Z 0.1114 -0.2633 -0.9583

PART 33
OFFSET 13.0053 -6.1810 -6.5105
SCALE 1 1 1
X -0.9139 -0.3832 -0.1336
Y 0.3493 -0.9104 0.2219
Z -0.2067 0.1561 0.9659

PART 34
OFFSET 14.6144 -5.5063 -6.2752
SCALE 1 1 1
X -0.5601 -0.8270 0.0495
Y 0.7984 -0.5229 0.2986
Z -0.2210 0.2068 0.9531

PART 35
OFFSET 15.2819 -4.4884 -6.2775
SCALE 1 1 1
X 0.1992 -0.9616 0.1887
Y 0.9493 0.2372 0.2065
Z -0.2434 0.1379 0.9601

PART 36
OFFSET 15.0568 -3.4023 -6.4906
SCALE 1 1 1
X -0.9902 0.1377 0.0222
Y 0.1282 0.9610 -0.2449
Z -0.0550 -0.2397 -0.9693

PART 37
OFFSET 13.1855 -6.1844 -7.6004
SCALE 1 1 1
X -0.0907 -0.9957 -0.0192
Y 0.9881 -0.0924 0.1230
Z -0.1243 -0.0078 0.9922

PART 38
OFFSET 13.3627 -4.2393 -7.5628
SCALE 1 1 1
X 0.9026 -0.4172 0.1065
Y 0.4179 0.9083 0.0164
Z -0.1036 0.0297 0.9942

PART 39
OFFSET 12.0444 -3.6299 -7.7184
SCALE 1 1 1
X 0.8714 0.4881 0.0493
Y -0.4791 0.8683 -0.1285
Z -0.1055 0.0883 0.9905

PART 40
OFFSET 11.0579 -4.1827 -7.7813
SCALE 1 1 1
X -0.3554 -0.9345 -0.0190
Y -0.9328 0.3559 -0.0558
Z 0.0589 -0.0021 -0.9983

PART 41
OFFSET 0.0000 0.0000 0.0000
SCALE 1 1 1
X 1.0000 0.0000 0.0000
Y 0.0000 1.0000 0.0000
Z 0.0000 0.0000 1.0000

PART 42
OFFSET 0.0000 0.0000 0.0000
SCALE 1 1 1
X 0.9999 -0.0072 0.0086
Y 0.0071 1.0000 0.0029
Z -0.0086 -0.0029 1.0000

PART 43
OFFSET 1.5046 -0.0229 4.1489
SCALE 1 1 1
X 0.9999 -0.0072 0.0086
Y 0.0071 1.0000 0.0029
Z -0.0086 -0.0029 1.0000

PART 44
OFFSET 24.1975 -3.2974 -3.6700
SCALE 1 1 1
X 0.9919 -0.1225 -0.0320
Y -0.0171 0.1211 -0.9925
Z 0.1255 0.9850 0.1181

PART 45
OFFSET 20.4960 -3.3093 -6.9730
SCALE 1 1 1
X 0.5703 -0.8027 0.1746
Y -0.4528 -0.1298 0.8821
Z -0.6854 -0.5821 -0.4375

PART 46
OFFSET 21.8216 -5.0439 -6.4087
SCALE 1 1 1
X 0.3068 -0.4142 0.8569
Y -0.6948 0.5179 0.4991
Z -0.6505 -0.7485 -0.1289

PART 47
OFFSET 22.2559 -5.6304 -5.1955
SCALE 1 1 1
X -0.7052 0.4936 0.5090
Y -0.3492 0.3830 -0.8552
Z -0.6171 -0.7808 -0.0977

PART 48
OFFSET 21.6307 -5.1927 -4.7442
SCALE 1 1 1
X -0.7033 0.6483 -0.2918
Y 0.3243 -0.0727 -0.9431
Z -0.6326 -0.7579 -0.1591

PART 49
OFFSET 20.9626 -4.5769 -5.0214
SCALE 1 1 1
X 0.4258 -0.3406 0.8383
Y 0.6175 -0.5678 -0.5444
Z 0.6614 0.7494 -0.0315

PART 50
OFFSET 20.9317 -2.7639 -6.8241
SCALE 1 1 1
X 0.7338 -0.6402 0.2272
Y -0.4450 -0.2003 0.8729
Z -0.5133 -0.7416 -0.4318

PART 51
OFFSET 22.7698 -4.5312 -6.3179
SCALE 1 1 1
X 0.2255 -0.5546 0.8010
Y -0.7535 0.4219 0.5043
Z -0.6176 -0.7172 -0.3227

PART 52
OFFSET 23.1538 -5.4754 -4.9542
SCALE 1 1 1
X -0.7729 0.4502 0.4471
Y -0.1911 0.5067 -0.8407
Z -0.6050 -0.7352 -0.3056

PART 53
OFFSET 22.0825 -4.8514 -4.3346
SCALE 1 1 1
X -0.5577 0.6622 -0.5005
Y 0.5734 -0.1286 -0.8091
Z -0.6001 -0.7383 -0.3080

PART 54
OFFSET 21.4777 -4.1333 -4.8774
SCALE 1 1 1
X 0.0999 -0.5054 0.8571
Y 0.8147 -0.4530 -0.3621
Z 0.5712 0.7344 0.3665

PART 55
OFFSET 23.0416 -1.7902 -5.1309
SCALE 1 1 1
X 0.6436 -0.5784 0.5012
Y 0.6594 0.0866 -0.7468
Z 0.3885 0.8111 0.4372

PART 56
OFFSET 23.8872 -2.7039 -5.9253
SCALE 1 1 1
X 0.5326 -0.7320 0.4250
Y -0.6328 -0.0109 0.7743
Z -0.5621 -0.6812 -0.4689

PART 57
OFFSET 24.8248 -3.9927 -5.1771
SCALE 1 1 1
X 0.1911 -0.6832 0.7048
Y -0.8265 0.2754 0.4910
Z -0.5296 -0.6763 -0.5120

PART 58
OFFSET 25.0893 -4.7821 -4.2891
SCALE 1 1 1
X -0.4978 -0.1669 0.8510
Y -0.6852 0.6772 -0.2680
Z -0.5316 -0.7166 -0.4515

PART 59
OFFSET 24.5269 -4.9707 -3.3279
SCALE 1 1 1
X 0.6311 -0.7585 -0.1621
Y 0.3366 0.4561 -0.8238
Z 0.6989 0.4654 0.5431

PART 60
OFFSET 23.4143 -3.6815 -6.1283
SCALE 1 1 1
X 0.5475 -0.6931 0.4689
Y -0.6335 0.0227 0.7734
Z -0.5467 -0.7205 -0.4266

PART 61
OFFSET 24.4839 -5.0355 -5.2124
SCALE 1 1 1
X -0.5643 -0.0421 0.8245
Y -0.5889 0.7205 -0.3662
Z -0.5786 -0.6922 -0.4314

PART 62
OFFSET 23.6597 -5.0970 -4.0080
SCALE 1 1 1
X -0.7216 0.6907 -0.0470
Y 0.3565 0.3125 -0.8805
Z -0.5935 -0.6521 -0.4717

PART 63
OFFSET 22.8380 -4.3196 -4.0640
SCALE 1 1 1
X 0.3636 -0.6876 0.6286
Y 0.6910 -0.2535 -0.6770
Z 0.6248 0.6804 0.3829

PART 64
OFFSET 13.7825 -4.8351 -5.5693
SCALE 1 1 1
X 0.9944 0.0482 0.0937
Y -0.0492 0.9988 0.0080
Z -0.0932 -0.0125 0.9956

PART 65
OFFSET -9.1968 -3.2044 -3.4400
SCALE 1 1 1
X -0.6337 0.5104 0.5813
Y -0.3468 -0.8591 0.3763
Z 0.6915 0.0369 0.7214

PART 66
OFFSET -1.5333 -9.3773 -10.4705
SCALE 1 1 1
X -0.9492 -0.2522 -0.1884
Y 0.3101 -0.6461 -0.6974
Z 0.0542 -0.7203 0.6915

PART 67
OFFSET 6.5396 -7.2321 -8.8682
SCALE 1 1 1
X -0.9492 -0.2522 -0.1884
Y 0.2386 -0.1859 -0.9532
Z 0.2054 -0.9497 0.2366

PART 68
OFFSET 7.6404 -5.5425 -9.0430
SCALE 1 1 1
X -0.9511 -0.2464 -0.1861
Y -0.0559 0.7303 -0.6809
Z 0.3037 -0.6372 -0.7084

PART 69
OFFSET 7.7676 -5.4107 -7.8258
SCALE 1 1 1
X -0.9511 -0.2464 -0.1861
Y -0.0559 0.7303 -0.6809
Z 0.3037 -0.6372 -0.7084

PART 70
OFFSET 7.9849 -6.5436 -6.8798
SCALE 1 1 1
X -0.9511 -0.2464 -0.1861
Y -0.0559 0.7303 -0.6809
Z 0.3037 -0.6372 -0.7084

PART 71
OFFSET 13.7825 -4.8351 -5.5693
SCALE 1 1 1
X 0.9944 0.0482 0.0937
Y -0.0492 0.9988 0.0080
Z -0.0932 -0.0125 0.9956

PART 72
OFFSET 12.1550 -5.8345 -3.8878
SCALE 1 1 1
X -0.0678 -0.8348 0.5463
Y 0.9955 -0.0200 0.0930
Z -0.0667 0.5501 0.8324

PART 73
OFFSET 14.8517 -5.8347 -3.2973
SCALE 1 1 1
X 0.9923 0.0479 0.1141
Y -0.0492 0.9988 0.0080
Z -0.1135 -0.0135 0.9934

PART 74
OFFSET 27.9076 -4.1145 -2.4065
SCALE 1 1 1
X 0.9944 0.0482 0.0937
Y -0.0492 0.9988 0.0080
Z -0.0932 -0.0125 0.9956

PART 75
OFFSET 17.2016 -4.6572 -5.3504
SCALE 1 1 1
X 0.9944 0.0482 0.0937
Y -0.0492 0.9988 0.0080
Z -0.0932 -0.0125 0.9956

PART 76
OFFSET 17.6105 -4.5035 -7.6452
SCALE 1 1 1
X 0.9944 0.0482 0.0937
Y -0.0492 0.9988 0.0080
Z -0.0932 -0.0125 0.9956

PART 77
OFFSET 6.8394 -5.1553 -2.9897
SCALE 1 1 1
X 0.9944 0.0482 0.0937
Y -0.0492 0.9988 0.0080
Z -0.0932 -0.0125 0.9956

PART 78
OFFSET 33.3060 -3.8527 -1.8976
SCALE 1 1 1
X 0.9944 0.0482 0.0937
Y -0.0492 0.9988 0.0080
Z -0.0932 -0.0125 0.9956


FRAME 503
PART 0
OFFSET 20.0658 -1.0973 -6.2814
SCALE 1 1 1
X 0.7465 -0.5930 0.3019
Y -0.6408 -0.5183 0.5664
Z -0.1794 -0.6162 -0.7669

PART 1
OFFSET 20.0658 -1.0973 -6.2814
SCALE 1 1 1
X 0.7465 -0.5930 0.3019
Y -0.6408 -0.5183 0.5664
Z -0.1794 -0.6162 -0.7669

PART 2
OFFSET 10.4265 -6.5272 -8.3948
SCALE 1 1 1
X -0.9938 -0.1081 -0.0274
Y 0.1021 -0.9805 0.1677
Z -0.0450 0.1639 0.9855

PART 3
OFFSET 10.4265 -6.5272 -8.3948
SCALE 1 1 1
X -0.9938 -0.1081 -0.0274
Y 0.1021 -0.9805 0.1677
Z -0.0450 0.1639 0.9855

PART 4
OFFSET 7.5573 -3.0450 -0.6380
SCALE 1 1 1
X 0.9999 0.0121 -0.0023
Y -0.0122 0.9983 -0.0570
Z 0.0016 0.0570 0.9984

PART 5
OFFSET 3.2465 6.4748 -8.8646
SCALE 1 1 1
X 0.9146 0.0731 -0.3976
Y -0.0184 -0.9750 -0.2214
Z -0.4039 0.2098 -0.8904

PART 6
OFFSET 14.3079 7.3586 -13.6736
SCALE 1 1 1
X 0.4282 -0.6668 0.6100
Y -0.8761 -0.1407 0.4612
Z -0.2217 -0.7319 -0.6444

PART 7
OFFSET 17.9499 1.6876 -8.4854
SCALE 1 1 1
X 0.4282 -0.6668 0.6100
Y 0.0995 0.7057 0.7015
Z -0.8982 -0.2397 0.3685

PART 8
OFFSET 19.5374 2.2091 -6.7403
SCALE 1 1 1
X 0.4340 -0.6639 0.6090
Y 0.2330 0.7357 0.6360
Z -0.8702 -0.1341 0.4740

PART 9
OFFSET 19.3222 0.6535 -8.9164
SCALE 1 1 1
X 0.4340 -0.6639 0.6090
Y 0.2330 0.7357 0.6360
Z -0.8702 -0.1341 0.4740

PART 10
OFFSET 17.5326 1.2387 -5.4289
SCALE 1 1 1
X 0.4340 -0.6639 0.6090
Y 0.2330 0.7357 0.6360
Z -0.8702 -0.1341 0.4740

PART 11
OFFSET 16.9072 0.0343 -6.4178
SCALE 1 1 1
X 0.4340 -0.6639 0.6090
Y 0.2330 0.7357 0.6360
Z -0.8702 -0.1341 0.4740

PART 12
OFFSET 17.0835 -0.7332 -8.1652
SCALE 1 1 1
X 0.4340 -0.6639 0.6090
Y 0.2330 0.7357 0.6360
Z -0.8702 -0.1341 0.4740

PART 13
OFFSET 19.2626 -0.3565 -6.6153
SCALE 1 1 1
X 0.7785 -0.3648 0.5107
Y -0.0306 0.7907 0.6115
Z -0.6269 -0.4916 0.6044

PART 14
OFFSET 19.3258 0.0406 -5.5473
SCALE 1 1 1
X 0.5419 -0.4363 0.7183
Y -0.0101 0.8512 0.5247
Z -0.8404 -0.2916 0.4569

PART 15
OFFSET 20.4475 -0.8323 -3.9195
SCALE 1 1 1
X 0.6326 -0.3816 0.6740
Y -0.2105 0.7528 0.6237
Z -0.7453 -0.5364 0.3959

PART 16
OFFSET 21.3978 -1.5533 -2.8244
SCALE 1 1 1
X 0.5503 -0.5783 0.6023
Y -0.0628 0.6906 0.7205
Z -0.8326 -0.4343 0.3438

PART 17
OFFSET 9.3021 -6.7267 -8.3557
SCALE 1 1 1
X -0.9318 -0.1568 -0.3274
Y 0.3415 -0.0720 -0.9371
Z 0.1234 -0.9850 0.1207

PART 18
OFFSET 9.3411 -6.1822 -7.3537
SCALE 1 1 1
X -0.5098 -0.6968 -0.5046
Y 0.7918 -0.1507 -0.5919
Z 0.3364 -0.7013 0.6285

PART 19
OFFSET 10.3434 -4.6245 -6.2407
SCALE 1 1 1
X -0.9735 -0.2027 -0.1057
Y 0.2160 -0.6646 -0.7153
Z 0.0747 -0.7192 0.6908

PART 20
OFFSET 11.9196 -4.2564 -6.1901
SCALE 1 1 1
X -0.9012 0.1114 0.4188
Y -0.3773 -0.6773 -0.6316
Z 0.2133 -0.7272 0.6524

PART 21
OFFSET 12.8908 -4.3321 -6.6621
SCALE 1 1 1
X -0.8800 0.4098 -0.2401
Y 0.4713 0.6908 -0.5484
Z -0.0589 -0.5957 -0.8010

PART 22
OFFSET 10.4313 -6.4721 -9.1065
SCALE 1 1 1
X -0.9586 -0.1001 0.2665
Y 0.1500 -0.9732 0.1742
Z 0.2419 0.2070 0.9480

PART 23
OFFSET 12.6020 -6.0977 -9.5885
SCALE 1 1 1
X -0.1734 -0.9767 -0.1268
Y 0.9421 -0.1269 -0.3105
Z 0.2871 -0.1733 0.9421

PART 24
OFFSET 12.8475 -4.7150 -9.4090
SCALE 1 1 1
X 0.8807 -0.3495 -0.3197
Y 0.3992 0.9110 0.1038
Z 0.2549 -0.2191 0.9418

PART 25
OFFSET 12.0666 -4.4051 -9.1256
SCALE 1 1 1
X 0.8813 0.4359 -0.1824
Y -0.3857 0.8866 0.2553
Z 0.2730 -0.1547 0.9495

PART 26
OFFSET 11.2293 -4.8193 -8.9523
SCALE 1 1 1
X -0.4714 -0.8676 -0.1581
Y -0.8238 0.3693 0.4301
Z -0.3148 0.3330 -0.8888

PART 27
OFFSET 10.4265 -6.5272 -8.3948
SCALE 1 1 1
X -0.9938 -0.1081 -0.0274
Y 0.1021 -0.9805 0.1677
Z -0.0450 0.1639 0.9855

PART 28
OFFSET 13.0146 -6.2925 -8.4665
SCALE 1 1 1
X -0.0512 -0.9962 -0.0705
Y 0.9911 -0.0420 -0.1263
Z 0.1228 -0.0764 0.9895

PART 29
OFFSET 13.1018 -4.5965 -8.3464
SCALE 1 1 1
X 0.9624 -0.2358 -0.1346
Y 0.2468 0.9664 0.0719
Z 0.1131 -0.1025 0.9883

PART 30
OFFSET 11.7680 -4.2697 -8.1599
SCALE 1 1 1
X 0.8799 0.4729 -0.0467
Y -0.4630 0.8752 0.1398
Z 0.1070 -0.1014 0.9891

PART 31
OFFSET 10.8137 -4.7826 -8.1093
SCALE 1 1 1
X -0.4511 -0.8924 0.0070
Y -0.8878 0.4495 0.0986
Z -0.0912 0.0383 -0.9951

PART 32
OFFSET 5.2016 -7.8465 -8.8614
SCALE 1 1 1
X -0.9084 -0.4075 -0.0933
Y -0.3754 0.8933 -0.2471
Z 0.1841 -0.1895 -0.9645

PART 33
OFFSET 12.7211 -6.4273 -6.3282
SCALE 1 1 1
X -0.8848 -0.4107 -0.2200
Y 0.3765 -0.9084 0.1818
Z -0.2745 0.0781 0.9584

PART 34
OFFSET 14.2789 -5.7041 -5.9408
SCALE 1 1 1
X -0.5230 -0.8512 -0.0445
Y 0.8013 -0.5088 0.3146
Z -0.2904 0.1289 0.9482

PART 35
OFFSET 14.8971 -4.6615 -5.8292
SCALE 1 1 1
X 0.2314 -0.9634 0.1353
Y 0.9222 0.2615 0.2849
Z -0.3099 0.0589 0.9489

PART 36
OFFSET 14.6357 -3.5734 -5.9820
SCALE 1 1 1
X -0.9950 0.0941 -0.0344
Y 0.0986 0.9806 -0.1696
Z 0.0177 -0.1721 -0.9849

PART 37
OFFSET 12.9700 -6.3455 -7.4014
SCALE 1 1 1
X -0.0429 -0.9947 -0.0932
Y 0.9815 -0.0594 0.1819
Z -0.1865 -0.0837 0.9789

PART 38
OFFSET 13.0538 -4.4023 -7.2193
SCALE 1 1 1
X 0.9124 -0.3855 0.1375
Y 0.3733 0.9216 0.1062
Z -0.1677 -0.0456 0.9848

PART 39
OFFSET 11.7211 -3.8392 -7.4202
SCALE 1 1 1
X 0.8429 0.5195 0.1404
Y -0.5099 0.8544 -0.1004
Z -0.1721 0.0131 0.9850

PART 40
OFFSET 10.7674 -4.4271 -7.5862
SCALE 1 1 1
X -0.3096 -0.9449 -0.1065
Y -0.9430 0.3195 -0.0933
Z 0.1222 0.0715 -0.9899

PART 41
OFFSET 0.0000 0.0000 0.0000
SCALE 1 1 1
X 1.0000 0.0000 0.0000
Y 0.0000 1.0000 0.0000
Z 0.0000 0.0000 1.0000

PART 42
OFFSET 0.0000 0.0000 0.0000
SCALE 1 1 1
X 0.9997 -0.0151 0.0180
Y 0.0150 0.9999 0.0062
Z -0.0181 -0.0059 0.9998

PART 43
OFFSET 1.4652 -0.0476 4.1627
SCALE 1 1 1
X 0.9997 -0.0151 0.0180
Y 0.0150 0.9999 0.0062
Z -0.0181 -0.0059 0.9998

PART 44
OFFSET 21.9538 -2.1867 -2.1451
SCALE 1 1 1
X 0.9281 -0.0056 0.3722
Y 0.3334 0.4571 -0.8245
Z -0.1656 0.8894 0.4261

PART 45
OFFSET 19.8274 -1.6112 -6.7157
SCALE 1 1 1
X 0.6468 -0.7472 0.1529
Y -0.6662 -0.4559 0.5902
Z -0.3713 -0.4836 -0.7926

PART 46
OFFSET 21.2530 -3.2755 -6.1843
SCALE 1 1 1
X 0.1621 -0.6435 0.7481
Y -0.9028 0.2092 0.3756
Z -0.3982 -0.7363 -0.5471

PART 47
OFFSET 21.4825 -4.1866 -5.1252
SCALE 1 1 1
X -0.8632 0.0760 0.4991
Y -0.3463 0.6303 -0.6949
Z -0.3674 -0.7726 -0.5177

PART 48
OFFSET 20.7171 -4.1192 -4.6826
SCALE 1 1 1
X -0.8512 0.5168 -0.0915
Y 0.3600 0.4480 -0.8183
Z -0.3819 -0.7295 -0.5674

PART 49
OFFSET 19.9084 -3.6283 -4.7696
SCALE 1 1 1
X 0.4803 -0.5710 0.6658
Y 0.7713 -0.0865 -0.6306
Z 0.4177 0.8164 0.3989

PART 50
OFFSET 20.0658 -1.0973 -6.2814
SCALE 1 1 1
X 0.7465 -0.5930 0.3019
Y -0.6408 -0.5183 0.5664
Z -0.1794 -0.6162 -0.7669

PART 51
OFFSET 21.9906 -2.7165 -5.6243
SCALE 1 1 1
X 0.1565 -0.7632 0.6269
Y -0.9361 0.0879 0.3407
Z -0.3151 -0.6402 -0.7006

PART 52
OFFSET 22.2571 -4.0158 -4.5569
SCALE 1 1 1
X -0.9059 -0.0240 0.4228
Y -0.2959 0.7501 -0.5915
Z -0.3029 -0.6609 -0.6866

PART 53
OFFSET 21.0015 -4.0491 -3.9710
SCALE 1 1 1
X -0.8108 0.5557 -0.1836
Y 0.5042 0.5041 -0.7012
Z -0.2971 -0.6611 -0.6890

PART 54
OFFSET 20.1222 -3.4464 -4.1700
SCALE 1 1 1
X 0.3617 -0.7758 0.5170
Y 0.8901 0.1224 -0.4390
Z 0.2773 0.6190 0.7348

PART 55
OFFSET 21.2778 -0.4893 -3.7461
SCALE 1 1 1
X 0.5641 -0.6329 0.5303
Y 0.8244 0.3949 -0.4055
Z 0.0472 0.6659 0.7445

PART 56
OFFSET 22.5059 -0.9991 -4.3887
SCALE 1 1 1
X 0.5835 -0.7361 0.3431
Y -0.7801 -0.3905 0.4889
Z -0.2259 -0.5529 -0.8021

PART 57
OFFSET 23.5332 -2.2951 -3.7847
SCALE 1 1 1
X 0.2601 -0.8400 0.4762
Y -0.9475 -0.1270 0.2935
Z -0.1861 -0.5276 -0.8289

PART 58
OFFSET 23.8607 -3.2842 -3.1553
SCALE 1 1 1
X -0.3874 -0.6926 0.6084
Y -0.9028 0.4187 -0.0983
Z -0.1866 -0.5874 -0.7875

PART 59
OFFSET 23.4231 -4.0665 -2.4681
SCALE 1 1 1
X 0.8886 -0.3177 -0.3308
Y 0.1210 0.8582 -0.4989
Z 0.4424 0.4033 0.8010

PART 60
OFFSET 22.3436 -1.9061 -4.9981
SCALE 1 1 1
X 0.5163 -0.7389 0.4329
Y -0.8286 -0.3032 0.4706
Z -0.2165 -0.6017 -0.7688

PART 61
OFFSET 23.3523 -3.3496 -4.1523
SCALE 1 1 1
X -0.5994 -0.5376 0.5930
Y -0.7601 0.6145 -0.2112
Z -0.2508 -0.5774 -0.7770

PART 62
OFFSET 22.4768 -4.1349 -3.2861
SCALE 1 1 1
X -0.9495 0.2815 0.1387
Y 0.1524 0.8000 -0.5803
Z -0.2743 -0.5299 -0.8025

PART 63
OFFSET 21.3993 -3.8204 -3.1344
SCALE 1 1 1
X 0.6482 -0.6930 0.3156
Y 0.7054 0.3903 -0.5917
Z 0.2868 0.6062 0.7418

PART 64
OFFSET 13.3736 -5.1204 -5.2476
SCALE 1 1 1
X 0.9832 0.0831 0.1628
Y -0.0960 0.9927 0.0729
Z -0.1555 -0.0873 0.9840

PART 65
OFFSET -8.9087 -3.1961 -3.3275
