// Export filename: `C:/cod5/cod/cod5/xanim_export/viewmodel/US/thompson/thompson_ADS_down.XANIM_EXPORT`
// Source filename: `C:/cod5/cod/cod5/animation_assets/viewmodel/US/thompson/viewmodelanimation_thompson.mb`
// Export time: Tue Aug 26 15:24:23 2008

ANIMATION
VERSION 3

NUMPARTS 2
PART 0 "tag_view"
PART 1 "tag_torso"

FRAMERATE 30
NUMFRAMES 14

FRAME 0
PART 0
OFFSET 0.0000 0.0000 0.0000
SCALE 1 1 1
X 1.0000 0.0000 0.0000
Y 0.0000 1.0000 0.0000
Z 0.0000 0.0000 1.0000

PART 1
OFFSET 5.5076 1.2622 2.0179
SCALE 1 1 1
X 1.0000 -0.0044 -0.0033
Y 0.0044 1.0000 -0.0023
Z 0.0033 0.0023 1.0000


FRAME 1
PART 0
OFFSET 0.0000 0.0000 0.0000
SCALE 1 1 1
X 1.0000 0.0000 0.0000
Y 0.0000 1.0000 0.0000
Z 0.0000 0.0000 1.0000

PART 1
OFFSET 5.7598 1.0385 1.7625
SCALE 1 1 1
X 0.9999 -0.0089 -0.0085
Y 0.0089 1.0000 0.0003
Z 0.0085 -0.0004 1.0000


FRAME 2
PART 0
OFFSET 0.0000 0.0000 0.0000
SCALE 1 1 1
X 1.0000 0.0000 0.0000
Y 0.0000 1.0000 0.0000
Z 0.0000 0.0000 1.0000

PART 1
OFFSET 5.9951 0.5132 1.1802
SCALE 1 1 1
X 0.9996 -0.0190 -0.0200
Y 0.0191 0.9998 0.0061
Z 0.0199 -0.0065 0.9998


FRAME 3
PART 0
OFFSET 0.0000 0.0000 0.0000
SCALE 1 1 1
X 1.0000 0.0000 0.0000
Y 0.0000 1.0000 0.0000
Z 0.0000 0.0000 1.0000

PART 1
OFFSET 6.2136 -0.0949 0.5468
SCALE 1 1 1
X 0.9991 -0.0290 -0.0314
Y 0.0294 0.9995 0.0119
Z 0.0311 -0.0128 0.9994


FRAME 4
PART 0
OFFSET 0.0000 0.0000 0.0000
SCALE 1 1 1
X 1.0000 0.0000 0.0000
Y 0.0000 1.0000 0.0000
Z 0.0000 0.0000 1.0000

PART 1
OFFSET 6.4159 -0.5671 0.1381
SCALE 1 1 1
X 0.9988 -0.0336 -0.0366
Y 0.0342 0.9993 0.0145
Z 0.0361 -0.0157 0.9992


FRAME 5
PART 0
OFFSET 0.0000 0.0000 0.0000
SCALE 1 1 1
X 1.0000 0.0000 0.0000
Y 0.0000 1.0000 0.0000
Z 0.0000 0.0000 1.0000

PART 1
OFFSET 6.6021 -0.9139 -0.0499
SCALE 1 1 1
X 0.9989 -0.0320 -0.0355
Y 0.0325 0.9994 0.0120
Z 0.0351 -0.0132 0.9993


FRAME 6
PART 0
OFFSET 0.0000 0.0000 0.0000
SCALE 1 1 1
X 1.0000 0.0000 0.0000
Y 0.0000 1.0000 0.0000
Z 0.0000 0.0000 1.0000

PART 1
OFFSET 6.7727 -1.2807 -0.2070
SCALE 1 1 1
X 0.9991 -0.0278 -0.0323
Y 0.0280 0.9996 0.0055
Z 0.0321 -0.0064 0.9995


FRAME 7
PART 0
OFFSET 0.0000 0.0000 0.0000
SCALE 1 1 1
X 1.0000 0.0000 0.0000
Y 0.0000 1.0000 0.0000
Z 0.0000 0.0000 1.0000

PART 1
OFFSET 6.9280 -1.6513 -0.3355
SCALE 1 1 1
X 0.9994 -0.0218 -0.0278
Y 0.0217 0.9998 -0.0040
Z 0.0278 0.0034 0.9996


FRAME 8
PART 0
OFFSET 0.0000 0.0000 0.0000
SCALE 1 1 1
X 1.0000 0.0000 0.0000
Y 0.0000 1.0000 0.0000
Z 0.0000 0.0000 1.0000

PART 1
OFFSET 7.0684 -2.0095 -0.4378
SCALE 1 1 1
X 0.9996 -0.0146 -0.0223
Y 0.0142 0.9998 -0.0153
Z 0.0226 0.0150 0.9996


FRAME 9
PART 0
OFFSET 0.0000 0.0000 0.0000
SCALE 1 1 1
X 1.0000 0.0000 0.0000
Y 0.0000 1.0000 0.0000
Z 0.0000 0.0000 1.0000

PART 1
OFFSET 7.1941 -2.3389 -0.5161
SCALE 1 1 1
X 0.9998 -0.0070 -0.0166
Y 0.0065 0.9996 -0.0272
Z 0.0168 0.0271 0.9995


FRAME 10
PART 0
OFFSET 0.0000 0.0000 0.0000
SCALE 1 1 1
X 1.0000 0.0000 0.0000
Y 0.0000 1.0000 0.0000
Z 0.0000 0.0000 1.0000

PART 1
OFFSET 7.3055 -2.6234 -0.5730
SCALE 1 1 1
X 0.9999 0.0003 -0.0112
Y -0.0007 0.9993 -0.0385
Z 0.0112 0.0385 0.9992


FRAME 11
PART 0
OFFSET 0.0000 0.0000 0.0000
SCALE 1 1 1
X 1.0000 0.0000 0.0000
Y 0.0000 1.0000 0.0000
Z 0.0000 0.0000 1.0000

PART 1
OFFSET 7.4029 -2.8468 -0.6107
SCALE 1 1 1
X 1.0000 0.0063 -0.0067
Y -0.0067 0.9988 -0.0480
Z 0.0063 0.0480 0.9988


FRAME 12
PART 0
OFFSET 0.0000 0.0000 0.0000
SCALE 1 1 1
X 1.0000 0.0000 0.0000
Y 0.0000 1.0000 0.0000
Z 0.0000 0.0000 1.0000

PART 1
OFFSET 7.4868 -2.9927 -0.6316
SCALE 1 1 1
X 0.9999 0.0106 -0.0035
Y -0.0107 0.9985 -0.0545
Z 0.0029 0.0546 0.9985


FRAME 13
PART 0
OFFSET 0.0000 0.0000 0.0000
SCALE 1 1 1
X 1.0000 0.0000 0.0000
Y 0.0000 1.0000 0.0000
Z 0.0000 0.0000 1.0000

PART 1
OFFSET 7.5573 -3.0450 -0.6380
SCALE 1 1 1
X 0.9999 0.0121 -0.0023
Y -0.0122 0.9983 -0.0570
Z 0.0016 0.0570 0.9984


NOTETRACKS

PART 0
NUMTRACKS 0

PART 1
NUMTRACKS 0

