// Export filename: `C:/cod5/cod/cod5/xanim_export/viewmodel/US/thompson/thompson_melee.XANIM_EXPORT`
// Source filename: `C:/cod5/cod/cod5/animation_assets/viewmodel/US/thompson/viewmodelanimation_thompson.mb`
// Export time: Tue Aug 26 15:24:29 2008

ANIMATION
VERSION 3

NUMPARTS 76
PART 0 "J_Index_LE_3"
PART 1 "J_Mid_LE_0"
PART 2 "J_Mid_LE_1"
PART 3 "J_Mid_LE_2"
PART 4 "J_Mid_LE_3"
PART 5 "tag_weapon"
PART 6 "J_Sleave_Reshape_Top_LE_3"
PART 7 "J_Sleave_Reshape_Top_LE_2"
PART 8 "J_Thumb_LE_2"
PART 9 "J_PinkyPalm_LE"
PART 10 "J_Sleave_Reshape_Bottom_LE_2"
PART 11 "J_Sleave_Reshape_Top_LE_1"
PART 12 "J_Thumb_LE_3"
PART 13 "J_Wrist_LE"
PART 14 "J_Thumb_LE_1"
PART 15 "J_Pinky_LE_1"
PART 16 "J_Pinky_LE_0"
PART 17 "J_Ring_LE_0"
PART 18 "J_Pinky_LE_3"
PART 19 "J_Pinky_LE_2"
PART 20 "J_RingPalm_LE"
PART 21 "J_Thumb_LE_0"
PART 22 "J_Ring_LE_1"
PART 23 "J_Ring_LE_2"
PART 24 "J_Ring_LE_3"
PART 25 "J_Webbing_LE"
PART 26 "J_Index_LE_0"
PART 27 "J_Index_LE_1"
PART 28 "J_Index_LE_2"
PART 29 "J_Shoulder_RI"
PART 30 "J_Elbow_RI"
PART 31 "J_WristTwist_RI"
PART 32 "J_Sleave_Reshape_Top_RI_3"
PART 33 "J_Sleave_Reshape_Top_RI_2"
PART 34 "J_Sleave_Reshape_Top_RI_1"
PART 35 "J_Wrist_RI"
PART 36 "J_Thumb_RI_0"
PART 37 "J_Thumb_RI_1"
PART 38 "J_Thumb_RI_2"
PART 39 "J_Thumb_RI_3"
PART 40 "J_PinkyPalm_RI"
PART 41 "J_Pinky_RI_0"
PART 42 "J_Pinky_RI_1"
PART 43 "J_Pinky_RI_2"
PART 44 "J_Pinky_RI_3"
PART 45 "J_RingPalm_RI"
PART 46 "J_Ring_RI_0"
PART 47 "J_Ring_RI_1"
PART 48 "J_Ring_RI_2"
PART 49 "J_Ring_RI_3"
PART 50 "J_Webbing_RI"
PART 51 "J_Index_RI_0"
PART 52 "J_Index_RI_1"
PART 53 "J_Index_RI_2"
PART 54 "J_Index_RI_3"
PART 55 "J_Mid_RI_0"
PART 56 "J_Mid_RI_1"
PART 57 "RingPalm_SDK_LE"
PART 58 "RingPalm_FK_LE"
PART 59 "RingPalm_SDK_RI"
PART 60 "RingPalm_FK_RI"
PART 61 "tag_torso"
PART 62 "J_Shoulder_LE"
PART 63 "J_Elbow_LE"
PART 64 "J_WristTwist_LE"
PART 65 "J_Sleave_Reshape_Bottom_LE_1"
PART 66 "J_Mid_RI_2"
PART 67 "J_Mid_RI_3"
PART 68 "tag_cambone"
PART 69 "tag_camera"
PART 70 "tag_gasmask"
PART 71 "J_Gun"
PART 72 "tag_brass"
PART 73 "J_Bolt"
PART 74 "tag_flash"
PART 75 "J_Clip"

FRAMERATE 30
NUMFRAMES 21

FRAME 270
PART 0
OFFSET 26.0823 -4.9995 -4.6388
SCALE 1 1 1
X 0.5400 -0.7601 0.3615
Y 0.2665 -0.2530 -0.9300
Z 0.7984 0.5986 0.0660

PART 1
OFFSET 24.3801 -5.3233 -7.0678
SCALE 1 1 1
X 0.7278 -0.5011 0.4682
Y -0.2571 0.4336 0.8637
Z -0.6358 -0.7489 0.1867

PART 2
OFFSET 25.8019 -6.3022 -6.1532
SCALE 1 1 1
X -0.3663 0.5330 0.7627
Y -0.6475 0.4426 -0.6203
Z -0.6682 -0.7211 0.1830

PART 3
OFFSET 25.2668 -5.5236 -5.0392
SCALE 1 1 1
X -0.6586 0.5458 -0.5180
Y 0.2973 -0.4437 -0.8454
Z -0.6913 -0.7108 0.1299

PART 4
OFFSET 24.5158 -4.9102 -5.6244
SCALE 1 1 1
X 0.3593 -0.0897 0.9289
Y 0.5981 -0.7419 -0.3030
Z 0.7164 0.6644 -0.2129

PART 5
OFFSET 14.2078 -4.5495 -5.8743
SCALE 1 1 1
X 0.9996 0.0137 0.0251
Y -0.0122 0.9983 -0.0570
Z -0.0258 0.0566 0.9981

PART 6
OFFSET 18.4022 -3.5776 -8.2561
SCALE 1 1 1
X 0.3710 -0.7008 0.6093
Y 0.5838 0.6863 0.4338
Z -0.7222 0.1948 0.6637

PART 7
OFFSET 18.8993 -2.6195 -6.6723
SCALE 1 1 1
X 0.3710 -0.7008 0.6093
Y 0.5838 0.6863 0.4338
Z -0.7222 0.1948 0.6637

PART 8
OFFSET 24.7568 -3.0537 -5.0099
SCALE 1 1 1
X 0.7998 -0.1054 0.5909
Y 0.2568 0.9499 -0.1782
Z -0.5425 0.2942 0.7868

PART 9
OFFSET 21.3614 -4.9338 -6.7448
SCALE 1 1 1
X 0.6331 -0.7286 0.2614
Y -0.0331 0.3119 0.9495
Z -0.7734 -0.6098 0.1733

PART 10
OFFSET 20.6711 -3.0475 -9.6949
SCALE 1 1 1
X 0.3710 -0.7008 0.6093
Y 0.5838 0.6863 0.4338
Z -0.7222 0.1948 0.6637

PART 11
OFFSET 20.0675 -1.5779 -6.0640
SCALE 1 1 1
X 0.3710 -0.7008 0.6093
Y 0.5838 0.6863 0.4338
Z -0.7222 0.1948 0.6637

PART 12
OFFSET 25.6013 -3.1381 -4.3379
SCALE 1 1 1
X 0.9918 -0.0710 -0.1060
Y -0.1266 -0.4469 -0.8856
Z 0.0155 0.8918 -0.4523

PART 13
OFFSET 20.9195 -3.7476 -7.2935
SCALE 1 1 1
X 0.9426 -0.3228 0.0853
Y 0.3337 0.9050 -0.2637
Z 0.0079 0.2770 0.9608

PART 14
OFFSET 23.4505 -2.7194 -5.9065
SCALE 1 1 1
X 0.8505 -0.1864 0.4918
Y 0.2656 0.9593 -0.0958
Z -0.4540 0.2121 0.8654

PART 15
OFFSET 23.7726 -6.4439 -4.9574
SCALE 1 1 1
X -0.6229 0.7385 0.2582
Y -0.5448 -0.1726 -0.8206
Z -0.5615 -0.6518 0.5098

PART 16
OFFSET 22.8924 -6.4438 -6.0663
SCALE 1 1 1
X 0.6217 -0.0001 0.7833
Y -0.4965 0.7734 0.3941
Z -0.6059 -0.6339 0.4808

PART 17
OFFSET 23.7622 -6.0766 -6.5945
SCALE 1 1 1
X 0.5178 -0.1274 0.8460
Y -0.5478 0.7102 0.4422
Z -0.6572 -0.6924 0.2979

PART 18
OFFSET 22.4812 -5.4811 -5.2397
SCALE 1 1 1
X 0.5466 0.2689 0.7930
Y 0.5870 -0.7984 -0.1339
Z 0.5972 0.5387 -0.5943

PART 19
OFFSET 23.2203 -5.7891 -4.7284
SCALE 1 1 1
X -0.7780 0.3242 -0.5381
Y 0.2133 -0.6694 -0.7117
Z -0.5909 -0.6685 0.4516

PART 20
OFFSET 21.7894 -4.4420 -7.0354
SCALE 1 1 1
X 0.7946 -0.5834 0.1679
Y -0.0260 0.2436 0.9695
Z -0.6066 -0.7748 0.1784

PART 21
OFFSET 21.6688 -2.9056 -7.1151
SCALE 1 1 1
X 0.8286 0.0334 0.5588
Y 0.2217 0.8970 -0.3825
Z -0.5140 0.4408 0.7358

PART 22
OFFSET 24.6437 -6.2936 -5.1542
SCALE 1 1 1
X -0.6894 0.7042 0.1698
Y -0.3420 -0.1098 -0.9333
Z -0.6385 -0.7015 0.3165

PART 23
OFFSET 23.6881 -5.3177 -4.9189
SCALE 1 1 1
X -0.5494 0.1237 -0.8263
Y 0.5442 -0.6975 -0.4663
Z -0.6341 -0.7058 0.3159

PART 24
OFFSET 23.0923 -5.1835 -5.8151
SCALE 1 1 1
X 0.1081 0.2623 0.9589
Y 0.7874 -0.6114 0.0785
Z 0.6068 0.7466 -0.2726

PART 25
OFFSET 24.3595 -3.1570 -6.9343
SCALE 1 1 1
X 0.8246 -0.4017 0.3984
Y 0.2794 -0.3233 -0.9041
Z 0.4920 0.8568 -0.1544

PART 26
OFFSET 24.8412 -4.4256 -7.5172
SCALE 1 1 1
X 0.6696 -0.5178 0.5325
Y -0.3141 0.4522 0.8348
Z -0.6731 -0.7262 0.1402

PART 27
OFFSET 26.0201 -5.3373 -6.5797
SCALE 1 1 1
X 0.3884 -0.2318 0.8919
Y -0.6449 0.6229 0.4428
Z -0.6582 -0.7472 0.0924

PART 28
OFFSET 26.5323 -5.5737 -5.5011
SCALE 1 1 1
X -0.3984 0.5084 0.7635
Y -0.6547 0.4254 -0.6249
Z -0.6424 -0.7487 0.1634

PART 29
OFFSET -2.1291 -3.0010 -0.6798
SCALE 1 1 1
X -0.0845 0.5437 0.8350
Y -0.3928 -0.7883 0.4735
Z 0.9157 -0.2880 0.2801

PART 30
OFFSET -1.1073 -9.5762 -10.7786
SCALE 1 1 1
X -0.9291 -0.2943 -0.2237
Y 0.3465 -0.4824 -0.8045
Z 0.1289 -0.8250 0.5502

PART 31
OFFSET 6.7954 -7.0727 -8.8757
SCALE 1 1 1
X -0.9291 -0.2943 -0.2237
Y 0.2997 -0.2451 -0.9220
Z 0.2165 -0.9237 0.3159

PART 32
OFFSET 7.7391 -5.3441 -8.6412
SCALE 1 1 1
X -0.9315 -0.2892 -0.2204
Y -0.1312 0.8327 -0.5379
Z 0.3391 -0.4722 -0.8136

PART 33
OFFSET 7.8610 -5.3440 -7.4316
SCALE 1 1 1
X -0.9315 -0.2892 -0.2204
Y -0.1312 0.8327 -0.5379
Z 0.3391 -0.4722 -0.8136

PART 34
OFFSET 8.1760 -6.4827 -6.7981
SCALE 1 1 1
X -0.9315 -0.2892 -0.2204
Y -0.1312 0.8327 -0.5379
Z 0.3391 -0.4722 -0.8136

PART 35
OFFSET 9.6439 -6.1704 -8.1898
SCALE 1 1 1
X -0.9767 -0.1127 -0.1828
Y 0.2043 -0.2248 -0.9528
Z 0.0663 -0.9679 0.2426

PART 36
OFFSET 9.8589 -5.5054 -7.2877
SCALE 1 1 1
X -0.6235 -0.7074 -0.3330
Y 0.6905 -0.2984 -0.6589
Z 0.3667 -0.6408 0.6745

PART 37
OFFSET 11.1150 -3.9134 -6.5408
SCALE 1 1 1
X -0.9910 -0.1251 0.0466
Y 0.0673 -0.7693 -0.6353
Z 0.1153 -0.6265 0.7709

PART 38
OFFSET 12.7060 -3.6872 -6.7403
SCALE 1 1 1
X -0.8251 0.2469 0.5082
Y -0.5084 -0.7168 -0.4771
Z 0.2465 -0.6521 0.7170

PART 39
OFFSET 13.5956 -3.9122 -7.3146
SCALE 1 1 1
X -0.8722 0.4534 -0.1837
Y 0.4414 0.5672 -0.6953
Z -0.2110 -0.6875 -0.6948

PART 40
OFFSET 10.6757 -6.1202 -9.1043
SCALE 1 1 1
X -0.9146 -0.0056 0.4044
Y 0.1287 -0.9519 0.2779
Z 0.3834 0.3062 0.8713

PART 41
OFFSET 12.7706 -5.9462 -9.9201
SCALE 1 1 1
X -0.2340 -0.9719 0.0265
Y 0.8816 -0.2236 -0.4157
Z 0.4100 -0.0739 0.9091

PART 42
OFFSET 13.1019 -4.5702 -9.9576
SCALE 1 1 1
X 0.8095 -0.4412 -0.3874
Y 0.4510 0.8897 -0.0710
Z 0.3760 -0.1173 0.9192

PART 43
OFFSET 12.3842 -4.1791 -9.6141
SCALE 1 1 1
X 0.8654 0.3535 -0.3553
Y -0.3046 0.9339 0.1871
Z 0.3979 -0.0537 0.9158

PART 44
OFFSET 11.5621 -4.5149 -9.2766
SCALE 1 1 1
X -0.5282 -0.8489 0.0218
Y -0.7366 0.4708 0.4856
Z -0.4225 0.2404 -0.8739

PART 45
OFFSET 10.7640 -6.0811 -8.3970
SCALE 1 1 1
X -0.9918 -0.0440 0.1201
Y 0.0772 -0.9546 0.2879
Z 0.1020 0.2948 0.9501

PART 46
OFFSET 13.3246 -6.0317 -8.8435
SCALE 1 1 1
X -0.1086 -0.9911 0.0766
Y 0.9603 -0.1245 -0.2496
Z 0.2569 0.0464 0.9653

PART 47
OFFSET 13.5095 -4.3443 -8.9738
SCALE 1 1 1
X 0.9215 -0.3154 -0.2269
Y 0.3008 0.9487 -0.0970
Z 0.2458 0.0211 0.9691

PART 48
OFFSET 12.2325 -3.9072 -8.6594
SCALE 1 1 1
X 0.8863 0.4027 -0.2285
Y -0.3960 0.9150 0.0765
Z 0.2399 0.0227 0.9705

PART 49
OFFSET 11.2712 -4.3440 -8.4116
SCALE 1 1 1
X -0.4882 -0.8515 0.1913
Y -0.8424 0.5170 0.1519
Z -0.2282 -0.0870 -0.9697

PART 50
OFFSET 5.4419 -6.9680 -8.0149
SCALE 1 1 1
X -0.9400 -0.3317 0.0797
Y -0.3392 0.8838 -0.3223
Z 0.0364 -0.3300 -0.9433

PART 51
OFFSET 13.3201 -5.9215 -6.6687
SCALE 1 1 1
X -0.9342 -0.3536 -0.0472
Y 0.3302 -0.9073 0.2602
Z -0.1348 0.2274 0.9644

PART 52
OFFSET 14.9649 -5.2989 -6.5856
SCALE 1 1 1
X -0.5851 -0.7984 0.1423
Y 0.7973 -0.5343 0.2808
Z -0.1482 0.2777 0.9492

PART 53
OFFSET 15.6672 -4.3115 -6.7009
SCALE 1 1 1
X 0.1765 -0.9545 0.2404
Y 0.9691 0.2113 0.1275
Z -0.1725 0.2105 0.9623

PART 54
OFFSET 15.4678 -3.2334 -6.9724
SCALE 1 1 1
X -0.9808 0.1791 0.0773
Y 0.1461 0.9369 -0.3177
Z -0.1294 -0.3003 -0.9450

PART 55
OFFSET 13.4257 -6.0037 -7.7653
SCALE 1 1 1
X -0.1279 -0.9903 0.0547
Y 0.9902 -0.1243 0.0643
Z -0.0568 0.0624 0.9964

PART 56
OFFSET 13.6755 -4.0692 -7.8722
SCALE 1 1 1
X 0.8920 -0.4458 0.0755
Y 0.4508 0.8897 -0.0729
Z -0.0347 0.0991 0.9945

PART 57
OFFSET 21.7894 -4.4420 -7.0354
SCALE 1 1 1
X 0.7946 -0.5834 0.1679
Y -0.0260 0.2436 0.9695
Z -0.6066 -0.7748 0.1784

PART 58
OFFSET 21.7894 -4.4420 -7.0354
SCALE 1 1 1
X 0.7946 -0.5834 0.1679
Y -0.0260 0.2436 0.9695
Z -0.6066 -0.7748 0.1784

PART 59
OFFSET 10.7640 -6.0811 -8.3970
SCALE 1 1 1
X -0.9918 -0.0440 0.1201
Y 0.0772 -0.9546 0.2879
Z 0.1020 0.2948 0.9501

PART 60
OFFSET 10.7640 -6.0811 -8.3970
SCALE 1 1 1
X -0.9918 -0.0440 0.1201
Y 0.0772 -0.9546 0.2879
Z 0.1020 0.2948 0.9501

PART 61
OFFSET 7.5573 -3.0450 -0.6380
SCALE 1 1 1
X 0.9999 0.0121 -0.0023
Y -0.0122 0.9983 -0.0570
Z 0.0016 0.0570 0.9984

PART 62
OFFSET 8.0651 6.2328 -6.1105
SCALE 1 1 1
X 0.7136 -0.1540 -0.6834
Y -0.2898 -0.9531 -0.0878
Z -0.6378 0.2607 -0.7248

PART 63
OFFSET 16.6958 4.3703 -14.3752
SCALE 1 1 1
X 0.3650 -0.7016 0.6120
Y -0.7327 0.1891 0.6538
Z -0.5744 -0.6871 -0.4450

PART 64
OFFSET 19.8004 -1.5968 -9.1697
SCALE 1 1 1
X 0.3650 -0.7016 0.6120
Y 0.9201 0.3723 -0.1219
Z -0.1423 0.6076 0.7814

PART 65
OFFSET 21.8606 -1.4247 -7.9192
SCALE 1 1 1
X 0.3710 -0.7008 0.6093
Y 0.5838 0.6863 0.4338
Z -0.7222 0.1948 0.6637

PART 66
OFFSET 12.3727 -3.4181 -7.9825
SCALE 1 1 1
X 0.8899 0.4543 -0.0412
Y -0.4549 0.8768 -0.1558
Z -0.0347 0.1574 0.9869

PART 67
OFFSET 11.3648 -3.9332 -7.9430
SCALE 1 1 1
X -0.3896 -0.9185 0.0680
Y -0.9209 0.3892 -0.0189
Z -0.0091 -0.0700 -0.9975

PART 68
OFFSET 0.0000 0.0000 0.0000
SCALE 1 1 1
X 1.0000 0.0000 0.0000
Y 0.0000 1.0000 0.0000
Z 0.0000 0.0000 1.0000

PART 69
OFFSET 0.0000 0.0000 0.0000
SCALE 1 1 1
X 1.0000 0.0000 0.0000
Y 0.0000 1.0000 0.0000
Z 0.0000 0.0000 1.0000

PART 70
OFFSET 1.5404 0.0000 4.1357
SCALE 1 1 1
X 1.0000 0.0000 0.0000
Y 0.0000 1.0000 0.0000
Z 0.0000 0.0000 1.0000

PART 71
OFFSET 14.2078 -4.5495 -5.8743
SCALE 1 1 1
X 0.9996 0.0137 0.0251
Y -0.0122 0.9983 -0.0570
Z -0.0258 0.0566 0.9981

PART 72
OFFSET 12.6629 -5.3692 -4.0259
SCALE 1 1 1
X -0.0608 -0.7937 0.6052
Y 0.9981 -0.0545 0.0289
Z 0.0100 0.6058 0.7955

PART 73
OFFSET 12.6952 -5.4802 -3.7290
SCALE 1 1 1
X 0.9989 0.0148 0.0455
Y -0.0122 0.9983 -0.0570
Z -0.0463 0.0563 0.9973

PART 74
OFFSET 28.5318 -4.1992 -3.6972
SCALE 1 1 1
X 0.9996 0.0137 0.0251
Y -0.0122 0.9983 -0.0570
Z -0.0258 0.0566 0.9981

PART 75
OFFSET 17.6380 -4.4972 -5.8918
SCALE 1 1 1
X 0.9996 0.0137 0.0251
Y -0.0122 0.9983 -0.0570
Z -0.0258 0.0566 0.9981


FRAME 271
PART 0
OFFSET 19.5379 -1.9553 -3.4149
SCALE 1 1 1
X 0.6053 -0.7327 0.3110
Y 0.4798 0.0241 -0.8771
Z 0.6352 0.6801 0.3661

PART 1
OFFSET 18.4568 -1.9789 -6.2075
SCALE 1 1 1
X 0.5267 -0.4158 0.7415
Y -0.6787 0.3194 0.6613
Z -0.5118 -0.8515 -0.1140

PART 2
OFFSET 19.4857 -2.7911 -4.7590
SCALE 1 1 1
X -0.6941 0.3559 0.6257
Y -0.4718 0.4315 -0.7689
Z -0.5437 -0.8289 -0.1316

PART 3
OFFSET 18.4719 -2.2712 -3.8451
SCALE 1 1 1
X -0.8357 0.5319 0.1364
Y -0.0109 0.2323 -0.9726
Z -0.5490 -0.8143 -0.1883

PART 4
OFFSET 17.5214 -1.6747 -3.6912
SCALE 1 1 1
X 0.6829 -0.5042 0.5286
Y 0.4872 -0.2249 -0.8439
Z 0.5443 0.8338 0.0920

PART 5
OFFSET 8.1473 -4.7412 -5.3308
SCALE 1 1 1
X 0.9688 0.2477 0.0068
Y -0.2309 0.9124 -0.3381
Z -0.0899 0.3259 0.9411

PART 6
OFFSET 12.3319 -1.1427 -6.9126
SCALE 1 1 1
X 0.4296 -0.3337 0.8391
Y 0.5361 0.8420 0.0603
Z -0.7266 0.4240 0.5406

PART 7
OFFSET 12.7752 0.4469 -5.9378
SCALE 1 1 1
X 0.4296 -0.3337 0.8391
Y 0.5361 0.8420 0.0603
Z -0.7266 0.4240 0.5406

PART 8
OFFSET 18.6706 0.1099 -4.2361
SCALE 1 1 1
X 0.8895 -0.2440 0.3864
Y 0.2519 0.9672 0.0309
Z -0.3813 0.0699 0.9218

PART 9
OFFSET 15.4108 -1.9678 -5.9069
SCALE 1 1 1
X 0.6726 -0.7386 0.0462
Y -0.0894 -0.0191 0.9958
Z -0.7346 -0.6739 -0.0789

PART 10
OFFSET 14.5373 -1.1668 -8.5358
SCALE 1 1 1
X 0.4296 -0.3337 0.8391
Y 0.5361 0.8420 0.0603
Z -0.7266 0.4240 0.5406

PART 11
OFFSET 13.8696 1.7199 -5.9036
SCALE 1 1 1
X 0.4296 -0.3337 0.8391
Y 0.5361 0.8420 0.0603
Z -0.7266 0.4240 0.5406

PART 12
OFFSET 19.6193 -0.1343 -3.7755
SCALE 1 1 1
X 0.9534 -0.0257 -0.3005
Y -0.2994 -0.2016 -0.9326
Z -0.0366 0.9791 -0.1999

PART 13
OFFSET 14.8663 -0.7128 -6.0855
SCALE 1 1 1
X 0.9677 -0.2513 0.0219
Y 0.2503 0.9674 0.0391
Z -0.0310 -0.0323 0.9990

PART 14
OFFSET 17.3360 0.8786 -4.7362
SCALE 1 1 1
X 0.8625 -0.4400 0.2499
Y 0.4085 0.8970 0.1690
Z -0.2985 -0.0437 0.9534

PART 15
OFFSET 17.7405 -3.8105 -4.4843
SCALE 1 1 1
X -0.7002 0.5873 0.4060
Y -0.4496 0.0791 -0.8897
Z -0.5546 -0.8055 0.2086

PART 16
OFFSET 17.0180 -3.5315 -5.6694
SCALE 1 1 1
X 0.5103 -0.1971 0.8371
Y -0.6196 0.5908 0.5168
Z -0.5964 -0.7824 0.1794

PART 17
OFFSET 17.9065 -2.8913 -6.0127
SCALE 1 1 1
X 0.4115 -0.2802 0.8673
Y -0.6873 0.5296 0.4972
Z -0.5986 -0.8006 0.0253

PART 18
OFFSET 16.5830 -2.7948 -3.5164
SCALE 1 1 1
X 0.8858 -0.4627 -0.0366
Y -0.1548 -0.2201 -0.9631
Z 0.4375 0.8588 -0.2665

PART 19
OFFSET 17.1197 -3.2898 -4.1243
SCALE 1 1 1
X -0.5648 0.5211 0.6398
Y -0.5899 0.2872 -0.7547
Z -0.5771 -0.8037 0.1452

PART 20
OFFSET 15.7943 -1.3757 -6.0156
SCALE 1 1 1
X 0.8438 -0.5364 0.0148
Y -0.0618 -0.0696 0.9957
Z -0.5331 -0.8411 -0.0919

PART 21
OFFSET 15.5304 0.0944 -5.6277
SCALE 1 1 1
X 0.8586 0.3162 0.4035
Y -0.2145 0.9365 -0.2774
Z -0.4656 0.1516 0.8719

PART 22
OFFSET 18.6070 -3.3684 -4.5362
SCALE 1 1 1
X -0.7792 0.5719 0.2564
Y -0.2335 0.1148 -0.9655
Z -0.5817 -0.8122 0.0442

PART 23
OFFSET 17.5271 -2.5757 -4.1807
SCALE 1 1 1
X -0.7340 0.5405 0.4113
Y -0.3588 0.2056 -0.9105
Z -0.5767 -0.8158 0.0430

PART 24
OFFSET 16.7311 -1.9896 -3.7347
SCALE 1 1 1
X 0.7779 -0.6004 0.1853
Y 0.1519 -0.1064 -0.9827
Z 0.6097 0.7926 0.0084

PART 25
OFFSET 18.2302 0.0311 -5.4205
SCALE 1 1 1
X 0.8534 -0.4325 0.2908
Y 0.3206 -0.0043 -0.9472
Z 0.4110 0.9016 0.1350

PART 26
OFFSET 18.8371 -0.9504 -6.3420
SCALE 1 1 1
X 0.6603 -0.5197 0.5421
Y -0.5409 0.1716 0.8234
Z -0.5209 -0.8369 -0.1679

PART 27
OFFSET 19.9997 -1.8655 -5.3875
SCALE 1 1 1
X 0.1781 -0.3396 0.9236
Y -0.8510 0.4180 0.3178
Z -0.4940 -0.8426 -0.2146

PART 28
OFFSET 20.2462 -2.2271 -4.2517
SCALE 1 1 1
X -0.6271 0.2407 0.7408
Y -0.5994 0.4583 -0.6562
Z -0.4975 -0.8556 -0.1431

PART 29
OFFSET -3.1935 -4.1429 -0.6128
SCALE 1 1 1
X 0.4421 0.7845 0.4348
Y -0.2875 -0.3352 0.8972
Z 0.8496 -0.5217 0.0774

PART 30
OFFSET -8.5402 -13.6311 -5.8712
SCALE 1 1 1
X -0.9542 -0.2990 0.0142
Y 0.2347 -0.7768 -0.5844
Z 0.1857 -0.5543 0.8113

PART 31
OFFSET -0.4247 -11.0884 -5.9918
SCALE 1 1 1
X -0.9542 -0.2990 0.0142
Y 0.0673 -0.2606 -0.9631
Z 0.2916 -0.9180 0.2688

PART 32
OFFSET 0.5586 -9.4535 -6.7630
SCALE 1 1 1
X -0.9561 -0.2928 0.0154
Y -0.1864 0.5662 -0.8029
Z 0.2263 -0.7705 -0.5959

PART 33
OFFSET 0.8657 -9.0981 -5.6169
SCALE 1 1 1
X -0.9561 -0.2928 0.0154
Y -0.1864 0.5662 -0.8029
Z 0.2263 -0.7705 -0.5959

PART 34
OFFSET 1.2916 -10.0715 -4.4086
SCALE 1 1 1
X -0.9561 -0.2928 0.0154
Y -0.1864 0.5662 -0.8029
Z 0.2263 -0.7705 -0.5959

PART 35
OFFSET 2.5005 -10.1718 -6.0353
SCALE 1 1 1
X -0.9422 -0.3350 -0.0034
Y 0.0860 -0.2319 -0.9689
Z 0.3238 -0.9132 0.2473

PART 36
OFFSET 2.7084 -9.4224 -5.2002
SCALE 1 1 1
X -0.4805 -0.7388 -0.4725
Y 0.5537 0.1623 -0.8168
Z 0.6801 -0.6541 0.3311

PART 37
OFFSET 3.6522 -7.8079 -4.1175
SCALE 1 1 1
X -0.8507 -0.5256 0.0016
Y 0.2417 -0.3938 -0.8868
Z 0.4667 -0.7541 0.4621

PART 38
OFFSET 4.9877 -6.8984 -4.2247
SCALE 1 1 1
X -0.8087 -0.4870 0.3298
Y -0.0364 -0.5183 -0.8545
Z 0.5870 -0.7030 0.4014

PART 39
OFFSET 5.8361 -6.3308 -4.5852
SCALE 1 1 1
X -0.9816 -0.0147 -0.1905
Y 0.0320 0.9703 -0.2397
Z 0.1884 -0.2413 -0.9520

PART 40
OFFSET 3.3244 -9.9521 -7.1199
SCALE 1 1 1
X -0.8105 -0.1751 0.5589
Y 0.3802 -0.8832 0.2746
Z 0.4456 0.4351 0.7824

PART 41
OFFSET 5.1638 -9.3869 -8.2955
SCALE 1 1 1
X -0.7339 -0.5801 0.3534
Y 0.5171 -0.8144 -0.2632
Z 0.4405 -0.0104 0.8977

PART 42
OFFSET 6.2028 -8.5656 -8.7957
SCALE 1 1 1
X -0.3972 -0.9056 0.1489
Y 0.8307 -0.4237 -0.3612
Z 0.3902 -0.0197 0.9205

PART 43
OFFSET 6.5549 -7.7626 -8.9278
SCALE 1 1 1
X -0.3420 -0.9306 0.1302
Y 0.8258 -0.3638 -0.4308
Z 0.4483 -0.0398 0.8930

PART 44
OFFSET 6.8798 -6.8785 -9.0515
SCALE 1 1 1
X -0.3216 0.9459 0.0417
Y 0.9002 0.3191 -0.2962
Z -0.2935 -0.0577 -0.9542

PART 45
OFFSET 3.5197 -9.8518 -6.4406
SCALE 1 1 1
X -0.9232 -0.2475 0.2940
Y 0.3332 -0.8967 0.2914
Z 0.1915 0.3670 0.9103

PART 46
OFFSET 5.8947 -9.2837 -7.3324
SCALE 1 1 1
X -0.6862 -0.6491 0.3282
Y 0.6557 -0.7474 -0.1071
Z 0.3148 0.1417 0.9385

PART 47
OFFSET 7.0631 -8.1786 -7.8911
SCALE 1 1 1
X -0.1776 -0.9660 0.1877
Y 0.9401 -0.2229 -0.2578
Z 0.2909 0.1307 0.9478

PART 48
OFFSET 7.3091 -6.8397 -8.1512
SCALE 1 1 1
X -0.0473 -0.9864 0.1571
Y 0.9554 -0.0906 -0.2812
Z 0.2916 0.1368 0.9467

PART 49
OFFSET 7.3605 -5.7698 -8.3216
SCALE 1 1 1
X -0.4926 0.8667 0.0784
Y 0.7964 0.4853 -0.3608
Z -0.3508 -0.1153 -0.9293

PART 50
OFFSET -1.3200 -11.8597 -5.0977
SCALE 1 1 1
X -0.8131 -0.5243 0.2529
Y -0.5800 0.7667 -0.2753
Z -0.0496 -0.3705 -0.9275

PART 51
OFFSET 6.2273 -9.0308 -5.1992
SCALE 1 1 1
X -0.8621 -0.4761 0.1738
Y 0.5049 -0.8367 0.2123
Z 0.0444 0.2708 0.9616

PART 52
OFFSET 7.7451 -8.1927 -5.5052
SCALE 1 1 1
X -0.6260 -0.7351 0.2602
Y 0.7795 -0.5989 0.1835
Z 0.0210 0.3177 0.9479

PART 53
OFFSET 8.5075 -7.2797 -5.7640
SCALE 1 1 1
X -0.4057 -0.8849 0.2289
Y 0.9140 -0.3909 0.1090
Z -0.0070 0.2535 0.9673

PART 54
OFFSET 8.9657 -6.2802 -6.0226
SCALE 1 1 1
X -0.6950 0.7122 0.0991
Y 0.6576 0.6853 -0.3131
Z -0.2909 -0.1524 -0.9445

PART 55
OFFSET 6.1620 -9.1543 -6.2951
SCALE 1 1 1
X -0.6936 -0.6565 0.2964
Y 0.7076 -0.6981 0.1096
Z 0.1350 0.2857 0.9487

PART 56
OFFSET 7.5171 -7.8718 -6.8742
SCALE 1 1 1
X -0.2794 -0.8985 0.3385
Y 0.9442 -0.3211 -0.0730
Z 0.1743 0.2993 0.9381

PART 57
OFFSET 15.7943 -1.3757 -6.0156
SCALE 1 1 1
X 0.8438 -0.5364 0.0148
Y -0.0618 -0.0696 0.9957
Z -0.5331 -0.8411 -0.0919

PART 58
OFFSET 15.7943 -1.3757 -6.0156
SCALE 1 1 1
X 0.8438 -0.5364 0.0148
Y -0.0618 -0.0696 0.9957
Z -0.5331 -0.8411 -0.0919

PART 59
OFFSET 3.5197 -9.8518 -6.4406
SCALE 1 1 1
X -0.9232 -0.2475 0.2940
Y 0.3332 -0.8967 0.2914
Z 0.1915 0.3670 0.9103

PART 60
OFFSET 3.5197 -9.8518 -6.4406
SCALE 1 1 1
X -0.9232 -0.2475 0.2940
Y 0.3332 -0.8967 0.2914
Z 0.1915 0.3670 0.9103

PART 61
OFFSET 7.5573 -3.0450 -0.6380
SCALE 1 1 1
X 0.9999 0.0121 -0.0023
Y -0.0122 0.9983 -0.0570
Z 0.0016 0.0570 0.9984

PART 62
OFFSET 4.0324 5.9912 -5.6807
SCALE 1 1 1
X 0.4903 -0.2352 -0.8392
Y -0.0993 -0.9717 0.2143
Z -0.8659 -0.0218 -0.4998

PART 63
OFFSET 9.9626 3.1464 -15.8297
SCALE 1 1 1
X 0.4238 -0.3335 0.8421
Y -0.7368 0.4138 0.5347
Z -0.5268 -0.8471 -0.0704

PART 64
OFFSET 13.5671 0.3096 -8.6671
SCALE 1 1 1
X 0.4238 -0.3335 0.8421
Y 0.5753 0.8172 0.0342
Z -0.6996 0.4700 0.5382

PART 65
OFFSET 15.6236 1.1449 -7.7128
SCALE 1 1 1
X 0.4296 -0.3337 0.8391
Y 0.5361 0.8420 0.0603
Z -0.7266 0.4240 0.5406

PART 66
OFFSET 7.9251 -6.5594 -7.3687
SCALE 1 1 1
X 0.0136 -0.9503 0.3112
Y 0.9729 -0.0593 -0.2236
Z 0.2309 0.3058 0.9237

PART 67
OFFSET 7.9087 -5.4853 -7.7278
SCALE 1 1 1
X -0.6466 0.7470 -0.1548
Y 0.7509 0.5875 -0.3015
Z -0.1343 -0.3112 -0.9408

PART 68
OFFSET 0.0000 0.0000 0.0000
SCALE 1 1 1
X 1.0000 0.0000 0.0000
Y 0.0000 1.0000 0.0000
Z 0.0000 0.0000 1.0000

PART 69
OFFSET -0.0368 0.0000 -0.0417
SCALE 1 1 1
X 1.0000 -0.0009 -0.0005
Y 0.0009 1.0000 -0.0000
Z 0.0005 -0.0000 1.0000

PART 70
OFFSET 1.5058 -0.0014 4.0933
SCALE 1 1 1
X 1.0000 -0.0009 -0.0005
Y 0.0009 1.0000 -0.0000
Z 0.0005 -0.0000 1.0000

PART 71
OFFSET 8.1473 -4.7412 -5.3308
SCALE 1 1 1
X 0.9688 0.2477 0.0068
Y -0.2309 0.9124 -0.3381
Z -0.0899 0.3259 0.9411

PART 72
OFFSET 6.7289 -5.3411 -3.3052
SCALE 1 1 1
X 0.0856 -0.5849 0.8065
Y 0.9823 0.1849 0.0298
Z -0.1665 0.7897 0.5904

PART 73
OFFSET 6.7695 -5.3543 -2.9895
SCALE 1 1 1
X 0.9668 0.2543 0.0260
Y -0.2309 0.9124 -0.3381
Z -0.1097 0.3208 0.9408

PART 74
OFFSET 21.9011 -0.5402 -3.5353
SCALE 1 1 1
X 0.9688 0.2477 0.0068
Y -0.2309 0.9124 -0.3381
Z -0.0899 0.3259 0.9411

PART 75
OFFSET 11.4762 -3.9152 -5.4085
SCALE 1 1 1
X 0.9688 0.2477 0.0068
Y -0.2309 0.9124 -0.3381
Z -0.0899 0.3259 0.9411


FRAME 272
PART 0
OFFSET 15.0480 3.7658 -3.2803
SCALE 1 1 1
X 0.6512 -0.3429 0.6770
Y 0.7290 0.0349 -0.6836
Z 0.2108 0.9387 0.2727

PART 1
OFFSET 15.2381 2.6801 -6.0719
SCALE 1 1 1
X 0.5448 -0.0267 0.8381
Y -0.8248 0.1632 0.5414
Z -0.1512 -0.9862 0.0669

PART 2
OFFSET 16.3024 2.6280 -4.4346
SCALE 1 1 1
X -0.7070 0.1648 0.6877
Y -0.6821 0.0978 -0.7247
Z -0.1867 -0.9815 0.0433

PART 3
OFFSET 15.2697 2.8687 -3.4301
SCALE 1 1 1
X -0.9783 0.2026 0.0429
Y -0.0394 0.0215 -0.9990
Z -0.2034 -0.9790 -0.0131

PART 4
OFFSET 14.1603 3.0913 -3.3808
SCALE 1 1 1
X 0.7883 -0.1065 0.6060
Y 0.5828 -0.1867 -0.7909
Z 0.1974 0.9766 -0.0850

PART 5
OFFSET 7.9255 -4.7969 -4.1184
SCALE 1 1 1
X 0.6784 0.7325 -0.0567
Y -0.4611 0.3644 -0.8091
Z -0.5720 0.5750 0.5850

PART 6
OFFSET 9.1614 1.7370 -6.5965
SCALE 1 1 1
X 0.6482 -0.2672 0.7130
Y 0.1843 0.9636 0.1936
Z -0.7388 0.0060 0.6739

PART 7
OFFSET 9.1233 3.1899 -5.3470
SCALE 1 1 1
X 0.6482 -0.2672 0.7130
Y 0.1843 0.9636 0.1936
Z -0.7388 0.0060 0.6739

PART 8
OFFSET 13.8719 5.0149 -3.1688
SCALE 1 1 1
X 0.3931 -0.8696 0.2987
Y 0.5625 0.4844 0.6700
Z -0.7273 -0.0954 0.6796

PART 9
OFFSET 12.3040 1.9712 -5.5650
SCALE 1 1 1
X 0.8258 -0.5525 0.1129
Y -0.0641 0.1069 0.9922
Z -0.5603 -0.8266 0.0529

PART 10
OFFSET 10.9339 2.8563 -8.3585
SCALE 1 1 1
X 0.6482 -0.2672 0.7130
Y 0.1843 0.9636 0.1936
Z -0.7388 0.0060 0.6739

PART 11
OFFSET 9.6526 4.7689 -5.1324
SCALE 1 1 1
X 0.6482 -0.2672 0.7130
Y 0.1843 0.9636 0.1936
Z -0.7388 0.0060 0.6739

PART 12
OFFSET 14.2733 4.0784 -2.8033
SCALE 1 1 1
X 0.8733 -0.4808 -0.0780
Y 0.1571 0.4297 -0.8892
Z 0.4611 0.7643 0.4508

PART 13
OFFSET 11.4460 2.9978 -5.9016
SCALE 1 1 1
X 0.9999 0.0093 -0.0062
Y -0.0101 0.9912 -0.1322
Z 0.0049 0.1322 0.9912

PART 14
OFFSET 12.7039 5.4291 -4.2112
SCALE 1 1 1
X 0.7694 -0.2083 0.6039
Y 0.0444 0.9605 0.2747
Z -0.6373 -0.1845 0.7482

PART 15
OFFSET 14.8242 0.9498 -3.9137
SCALE 1 1 1
X -0.8298 0.4542 0.3241
Y -0.4163 -0.1170 -0.9017
Z -0.3716 -0.8832 0.2862

PART 16
OFFSET 14.2332 0.8633 -5.1973
SCALE 1 1 1
X 0.4175 0.0611 0.9066
Y -0.8094 0.4786 0.3404
Z -0.4131 -0.8759 0.2492

PART 17
OFFSET 14.9505 1.7053 -5.6972
SCALE 1 1 1
X 0.4754 -0.0168 0.8796
Y -0.8123 0.3756 0.4462
Z -0.3379 -0.9266 0.1649

PART 18
OFFSET 13.2796 1.7732 -3.3595
SCALE 1 1 1
X 0.9271 -0.1596 0.3391
Y 0.2348 -0.4579 -0.8574
Z 0.2921 0.8746 -0.3870

PART 19
OFFSET 14.0885 1.3525 -3.6263
SCALE 1 1 1
X -0.8515 0.4428 0.2808
Y -0.3493 -0.0796 -0.9336
Z -0.3911 -0.8931 0.2224

PART 20
OFFSET 12.5165 2.6135 -5.7926
SCALE 1 1 1
X 0.9547 -0.2947 0.0407
Y -0.0151 0.0884 0.9960
Z -0.2971 -0.9515 0.0799

PART 21
OFFSET 11.8881 4.0129 -5.6249
SCALE 1 1 1
X 0.4178 0.6220 0.6622
Y -0.4062 0.7799 -0.4763
Z -0.8127 -0.0700 0.5785

PART 22
OFFSET 15.7599 1.6766 -4.1996
SCALE 1 1 1
X -0.8839 0.3615 0.2968
Y -0.3427 -0.0685 -0.9369
Z -0.3183 -0.9299 0.1845

PART 23
OFFSET 14.5349 2.1776 -3.7882
SCALE 1 1 1
X -0.9156 0.3470 0.2032
Y -0.2529 -0.1040 -0.9619
Z -0.3126 -0.9321 0.1830

PART 24
OFFSET 13.5419 2.5539 -3.5678
SCALE 1 1 1
X 0.8792 -0.2708 0.3919
Y 0.3312 -0.2439 -0.9115
Z 0.3424 0.9312 -0.1248

PART 25
OFFSET 14.5152 4.6713 -5.5992
SCALE 1 1 1
X 0.9441 -0.1461 0.2953
Y 0.2855 -0.0850 -0.9546
Z 0.1646 0.9856 -0.0385

PART 26
OFFSET 15.3329 3.7327 -6.3938
SCALE 1 1 1
X 0.5720 -0.0738 0.8169
Y -0.8114 0.0949 0.5767
Z -0.1201 -0.9927 -0.0056

PART 27
OFFSET 16.3400 3.6028 -4.9555
SCALE 1 1 1
X -0.2370 -0.0207 0.9713
Y -0.9683 0.0860 -0.2344
Z -0.0787 -0.9961 -0.0404

PART 28
OFFSET 16.0567 3.6381 -3.7722
SCALE 1 1 1
X -0.8931 0.1131 0.4355
Y -0.4351 0.0297 -0.8999
Z -0.1147 -0.9931 0.0227

PART 29
OFFSET -5.5936 -6.1736 -0.4930
SCALE 1 1 1
X -0.0151 0.9989 -0.0453
Y -0.5839 0.0279 0.8114
Z 0.8117 0.0387 0.5828

PART 30
OFFSET -5.4107 -18.2537 0.0545
SCALE 1 1 1
X -0.7749 -0.6307 -0.0412
Y 0.6258 -0.7748 0.0898
Z -0.0885 0.0438 0.9951

PART 31
OFFSET 1.1802 -12.8891 0.4051
SCALE 1 1 1
X -0.7749 -0.6307 -0.0412
Y 0.5274 -0.6092 -0.5922
Z 0.3484 -0.4806 0.8047

PART 32
OFFSET 2.0577 -11.5984 -0.9578
SCALE 1 1 1
X -0.7784 -0.6262 -0.0445
Y 0.0817 -0.0308 -0.9962
Z 0.6224 -0.7790 0.0752

PART 33
OFFSET 1.7414 -10.6509 -0.2206
SCALE 1 1 1
X -0.7784 -0.6262 -0.0445
Y 0.0817 -0.0308 -0.9962
Z 0.6224 -0.7790 0.0752

PART 34
OFFSET 1.7688 -10.6373 1.4356
SCALE 1 1 1
X -0.7784 -0.6262 -0.0445
Y 0.0817 -0.0308 -0.9962
Z 0.6224 -0.7790 0.0752

PART 35
OFFSET 3.5558 -10.9555 0.5314
SCALE 1 1 1
X -0.7744 -0.5808 0.2511
Y 0.3706 -0.7380 -0.5640
Z 0.5128 -0.3436 0.7867

PART 36
OFFSET 3.3359 -9.8410 0.6397
SCALE 1 1 1
X 0.0413 -0.9778 0.2053
Y 0.4958 -0.1583 -0.8539
Z 0.8674 0.1371 0.4783

PART 37
OFFSET 3.1490 -7.7227 0.2553
SCALE 1 1 1
X -0.3551 -0.8245 0.4405
Y 0.5951 -0.5628 -0.5737
Z 0.7210 0.0583 0.6905

PART 38
OFFSET 3.6771 -6.4317 -0.5674
SCALE 1 1 1
X -0.3107 -0.7505 0.5833
Y 0.5183 -0.6482 -0.5578
Z 0.7967 0.1290 0.5904

PART 39
OFFSET 3.9678 -5.6150 -1.2156
SCALE 1 1 1
X -0.6343 -0.7704 -0.0637
Y -0.5809 0.5294 -0.6184
Z 0.5101 -0.3553 -0.7833

PART 40
OFFSET 4.5043 -11.1847 -0.4439
SCALE 1 1 1
X -0.8367 -0.0633 0.5440
Y 0.5375 -0.2859 0.7933
Z 0.1053 0.9562 0.2732

PART 41
OFFSET 6.3336 -10.8681 -1.7238
SCALE 1 1 1
X -0.6312 -0.5697 0.5264
Y 0.7756 -0.4554 0.4371
Z -0.0093 0.6842 0.7293

PART 42
OFFSET 7.2272 -10.0616 -2.4690
SCALE 1 1 1
X -0.0401 -0.7463 0.6644
Y 0.9974 0.0100 0.0715
Z -0.0600 0.6655 0.7439

PART 43
OFFSET 7.2628 -9.3999 -3.0581
SCALE 1 1 1
X 0.2536 -0.7180 0.6482
Y 0.9673 0.1834 -0.1753
Z 0.0070 0.6714 0.7410

PART 44
OFFSET 7.0218 -8.7178 -3.6739
SCALE 1 1 1
X -0.8022 0.3370 -0.4929
Y 0.5679 0.6853 -0.4558
Z 0.1842 -0.6456 -0.7412

PART 45
OFFSET 4.4999 -10.6145 -0.0145
SCALE 1 1 1
X -0.8571 -0.3225 0.4018
Y 0.4959 -0.3050 0.8130
Z -0.1397 0.8961 0.4214

PART 46
OFFSET 6.7560 -9.9174 -1.1018
SCALE 1 1 1
X -0.7421 -0.4354 0.5096
Y 0.6679 -0.4168 0.6166
Z -0.0561 0.7979 0.6001

PART 47
OFFSET 8.0196 -9.1761 -1.9694
SCALE 1 1 1
X -0.1834 -0.6117 0.7695
Y 0.9797 -0.0489 0.1946
Z -0.0814 0.7896 0.6082

PART 48
OFFSET 8.2737 -8.3283 -3.0359
SCALE 1 1 1
X 0.2098 -0.5782 0.7885
Y 0.9744 0.1902 -0.1198
Z -0.0807 0.7934 0.6033

PART 49
OFFSET 8.0462 -7.7012 -3.8910
SCALE 1 1 1
X -0.7325 0.4041 -0.5479
Y 0.6806 0.4529 -0.5758
Z 0.0154 -0.7947 -0.6068

PART 50
OFFSET 0.2945 -12.9329 2.4750
SCALE 1 1 1
X -0.6577 -0.4993 0.5641
Y -0.7008 0.1309 -0.7012
Z 0.2763 -0.8565 -0.4360

PART 51
OFFSET 6.4842 -8.2635 0.2707
SCALE 1 1 1
X -0.6489 -0.4600 0.6061
Y 0.7382 -0.1878 0.6479
Z -0.1842 0.8678 0.4614

PART 52
OFFSET 7.6267 -7.4536 -0.7963
SCALE 1 1 1
X -0.4348 -0.4769 0.7639
Y 0.8730 -0.0153 0.4874
Z -0.2208 0.8788 0.4230

PART 53
OFFSET 8.1419 -6.8205 -1.6992
SCALE 1 1 1
X -0.1803 -0.5275 0.8302
Y 0.9556 0.1059 0.2748
Z -0.2329 0.8429 0.4851

PART 54
OFFSET 8.3456 -6.2246 -2.6369
SCALE 1 1 1
X -0.8695 0.3132 -0.3819
Y 0.4873 0.4174 -0.7671
Z -0.0809 -0.8530 -0.5155

PART 55
OFFSET 6.7117 -9.0644 -0.4554
SCALE 1 1 1
X -0.6563 -0.5318 0.5352
Y 0.7224 -0.2382 0.6492
Z -0.2178 0.8127 0.5405

PART 56
OFFSET 7.9938 -8.0254 -1.5009
SCALE 1 1 1
X -0.2065 -0.5586 0.8033
Y 0.9619 0.0346 0.2713
Z -0.1793 0.8287 0.5302

PART 57
OFFSET 12.5165 2.6135 -5.7926
SCALE 1 1 1
X 0.9547 -0.2947 0.0407
Y -0.0151 0.0884 0.9960
Z -0.2971 -0.9515 0.0799

PART 58
OFFSET 12.5165 2.6135 -5.7926
SCALE 1 1 1
X 0.9547 -0.2947 0.0407
Y -0.0151 0.0884 0.9960
Z -0.2971 -0.9515 0.0799

PART 59
OFFSET 4.4999 -10.6145 -0.0145
SCALE 1 1 1
X -0.8571 -0.3225 0.4018
Y 0.4959 -0.3050 0.8130
Z -0.1397 0.8961 0.4214

PART 60
OFFSET 4.4999 -10.6145 -0.0145
SCALE 1 1 1
X -0.8571 -0.3225 0.4018
Y 0.4959 -0.3050 0.8130
Z -0.1397 0.8961 0.4214

PART 61
OFFSET 7.5573 -3.0450 -0.6380
SCALE 1 1 1
X 0.9999 0.0121 -0.0023
Y -0.0122 0.9983 -0.0570
Z 0.0016 0.0570 0.9984

PART 62
OFFSET -3.6948 5.5396 -4.8820
SCALE 1 1 1
X 0.6365 0.0481 -0.7698
Y 0.2319 -0.9638 0.1315
Z -0.7356 -0.2622 -0.6246

PART 63
OFFSET 4.0026 6.1210 -14.1920
SCALE 1 1 1
X 0.6433 -0.2699 0.7165
Y -0.7453 -0.0063 0.6667
Z -0.1755 -0.9629 -0.2052

PART 64
OFFSET 9.4739 3.8253 -8.0980
SCALE 1 1 1
X 0.6433 -0.2699 0.7165
Y 0.5089 0.8499 -0.1367
Z -0.5721 0.4525 0.6841

PART 65
OFFSET 11.1897 5.2416 -7.1558
SCALE 1 1 1
X 0.6482 -0.2672 0.7130
Y 0.1843 0.9636 0.1936
Z -0.7388 0.0060 0.6739

PART 66
OFFSET 8.2955 -7.2095 -2.6742
SCALE 1 1 1
X 0.2888 -0.4729 0.8324
Y 0.9494 0.2533 -0.1855
Z -0.1231 0.8439 0.5221

PART 67
OFFSET 7.9699 -6.6797 -3.6209
SCALE 1 1 1
X -0.8200 0.1469 -0.5532
Y 0.5300 0.5598 -0.6370
Z 0.2161 -0.8155 -0.5369

PART 68
OFFSET 0.0000 0.0000 0.0000
SCALE 1 1 1
X 1.0000 0.0000 0.0000
Y 0.0000 1.0000 0.0000
Z 0.0000 0.0000 1.0000

PART 69
OFFSET -0.0224 0.0000 -0.0463
SCALE 1 1 1
X 1.0000 -0.0026 -0.0014
Y 0.0026 1.0000 0.0000
Z 0.0014 -0.0000 1.0000

PART 70
OFFSET 1.5240 -0.0041 4.0872
SCALE 1 1 1
X 1.0000 -0.0026 -0.0014
Y 0.0026 1.0000 -0.0000
Z 0.0014 -0.0000 1.0000

PART 71
OFFSET 7.9255 -4.7969 -4.1184
SCALE 1 1 1
X 0.6784 0.7325 -0.0567
Y -0.4611 0.3644 -0.8091
Z -0.5720 0.5750 0.5850

PART 72
OFFSET 6.2675 -5.1749 -2.2255
SCALE 1 1 1
X 0.0219 -0.0200 0.9996
Y 0.7083 0.7059 -0.0014
Z -0.7056 0.7080 0.0297

PART 73
OFFSET 6.1871 -5.0274 -1.9548
SCALE 1 1 1
X 0.6666 0.7441 -0.0447
Y -0.4611 0.3644 -0.8091
Z -0.5857 0.5599 0.5860

PART 74
OFFSET 16.6138 6.8009 -3.9082
SCALE 1 1 1
X 0.6784 0.7325 -0.0567
Y -0.4611 0.3644 -0.8091
Z -0.5720 0.5750 0.5850

PART 75
OFFSET 10.3057 -2.3403 -4.3823
SCALE 1 1 1
X 0.6784 0.7325 -0.0567
Y -0.4611 0.3644 -0.8091
Z -0.5720 0.5750 0.5850


FRAME 273
PART 0
OFFSET 9.1487 6.8727 -4.0029
SCALE 1 1 1
X 0.3610 0.0655 0.9303
Y 0.8309 0.4304 -0.3527
Z -0.4235 0.9002 0.1010

PART 1
OFFSET 11.1152 6.0914 -6.1432
SCALE 1 1 1
X 0.2228 0.3234 0.9197
Y -0.8988 -0.2973 0.3223
Z 0.3776 -0.8984 0.2244

PART 2
OFFSET 11.5504 6.7232 -4.3466
SCALE 1 1 1
X -0.7867 -0.1784 0.5911
Y -0.5065 -0.3610 -0.7830
Z 0.3530 -0.9154 0.1936

PART 3
OFFSET 10.4014 6.4627 -3.4833
SCALE 1 1 1
X -0.8742 -0.3725 -0.3114
Y 0.3398 -0.0114 -0.9404
Z 0.3468 -0.9280 0.1366

PART 4
OFFSET 9.4134 6.0342 -3.8343
SCALE 1 1 1
X 0.4312 0.3522 0.8307
Y 0.8463 0.1612 -0.5077
Z -0.3128 0.9219 -0.2286

PART 5
OFFSET 9.9636 -3.6495 -2.9392
SCALE 1 1 1
X 0.0359 0.9849 -0.1692
Y -0.1037 -0.1647 -0.9809
Z -0.9940 0.0528 0.0962

PART 6
OFFSET 5.6917 2.9496 -6.1902
SCALE 1 1 1
X 0.7816 0.2559 0.5689
Y -0.0080 0.9160 -0.4011
Z -0.6238 0.3089 0.7180

PART 7
OFFSET 5.4689 4.7938 -5.8743
SCALE 1 1 1
X 0.7816 0.2559 0.5689
Y -0.0080 0.9160 -0.4011
Z -0.6238 0.3089 0.7180

PART 8
OFFSET 8.2625 7.5874 -3.9949
SCALE 1 1 1
X 0.5006 -0.8416 0.2028
Y 0.3716 0.4205 0.8277
Z -0.7819 -0.3390 0.5232

PART 9
OFFSET 8.7945 4.0960 -6.1083
SCALE 1 1 1
X 0.7319 -0.0356 0.6805
Y -0.6707 0.1386 0.7287
Z -0.1203 -0.9897 0.0775

PART 10
OFFSET 6.8837 3.0040 -8.5675
SCALE 1 1 1
X 0.7816 0.2559 0.5689
Y -0.0080 0.9160 -0.4011
Z -0.6238 0.3089 0.7180

PART 11
OFFSET 5.6541 6.2444 -6.6511
SCALE 1 1 1
X 0.7816 0.2559 0.5689
Y -0.0080 0.9160 -0.4011
Z -0.6238 0.3089 0.7180

PART 12
OFFSET 8.7743 6.6689 -3.7376
SCALE 1 1 1
X 0.9483 -0.3169 -0.0158
Y 0.1937 0.6176 -0.7622
Z 0.2513 0.7198 0.6471

PART 13
OFFSET 7.6798 4.5695 -6.7692
SCALE 1 1 1
X 0.8542 0.4851 0.1872
Y -0.4230 0.8577 -0.2922
Z -0.3024 0.1704 0.9378

PART 14
OFFSET 7.3282 7.4180 -5.3067
SCALE 1 1 1
X 0.6116 0.1648 0.7738
Y -0.3956 0.9107 0.1187
Z -0.6851 -0.3787 0.6222

PART 15
OFFSET 10.4053 4.5445 -3.1344
SCALE 1 1 1
X -0.9938 0.0879 0.0680
Y -0.0916 -0.3026 -0.9487
Z -0.0628 -0.9491 0.3087

PART 16
OFFSET 10.3742 4.1770 -4.5013
SCALE 1 1 1
X 0.0220 0.2596 0.9655
Y -0.9958 0.0911 -0.0018
Z -0.0884 -0.9614 0.2605

PART 17
OFFSET 10.9351 5.1848 -5.0637
SCALE 1 1 1
X 0.2214 0.2141 0.9514
Y -0.9696 -0.0555 0.2382
Z 0.1038 -0.9752 0.1953

PART 18
OFFSET 8.6565 4.5791 -3.4586
SCALE 1 1 1
X 0.4543 0.3301 0.8275
Y 0.8843 -0.2795 -0.3740
Z 0.1079 0.9016 -0.4189

PART 19
OFFSET 9.5242 4.6224 -3.0741
SCALE 1 1 1
X -0.9133 -0.0456 -0.4047
Y 0.4029 -0.2472 -0.8812
Z -0.0598 -0.9679 0.2441

PART 20
OFFSET 8.7435 4.7489 -6.3922
SCALE 1 1 1
X 0.8310 0.2242 0.5090
Y -0.5342 0.0669 0.8427
Z 0.1549 -0.9723 0.1754

PART 21
OFFSET 7.5317 5.6854 -6.5819
SCALE 1 1 1
X -0.0477 0.7894 0.6120
Y -0.5397 0.4952 -0.6808
Z -0.8405 -0.3628 0.4024

PART 22
OFFSET 11.3121 5.5492 -3.4439
SCALE 1 1 1
X -0.9841 -0.0844 0.1564
Y -0.1330 -0.2334 -0.9632
Z 0.1178 -0.9687 0.2185

PART 23
OFFSET 9.9482 5.4322 -3.2272
SCALE 1 1 1
X -0.9168 -0.1958 -0.3480
Y 0.3796 -0.1566 -0.9118
Z 0.1240 -0.9681 0.2179

PART 24
OFFSET 8.9539 5.2199 -3.6046
SCALE 1 1 1
X 0.5404 0.2023 0.8167
Y 0.8307 0.0257 -0.5561
Z -0.1334 0.9790 -0.1542

PART 25
OFFSET 9.4794 7.5180 -6.1533
SCALE 1 1 1
X 0.8014 0.3379 0.4935
Y 0.5207 0.0115 -0.8536
Z -0.2941 0.9411 -0.1667

PART 26
OFFSET 10.8016 7.0431 -6.6085
SCALE 1 1 1
X 0.1175 0.2585 0.9588
Y -0.9071 -0.3650 0.2095
Z 0.4041 -0.8944 0.1916

PART 27
OFFSET 11.0084 7.4982 -4.9203
SCALE 1 1 1
X -0.6542 -0.1912 0.7318
Y -0.6064 -0.4456 -0.6585
Z 0.4520 -0.8746 0.1756

PART 28
OFFSET 10.1857 7.3189 -4.0414
SCALE 1 1 1
X -0.9180 -0.3950 0.0341
Y 0.0536 -0.2088 -0.9765
Z 0.3929 -0.8946 0.2129

PART 29
OFFSET -8.0051 -8.1117 -0.3784
SCALE 1 1 1
X -0.5931 0.8006 -0.0853
Y -0.4234 -0.2201 0.8788
Z 0.6848 0.5573 0.4695

PART 30
OFFSET -0.8326 -17.7944 0.6529
SCALE 1 1 1
X -0.5787 -0.8126 0.0685
Y 0.8154 -0.5750 0.0672
Z -0.0152 0.0948 0.9954

PART 31
OFFSET 4.0897 -10.8825 0.0700
SCALE 1 1 1
X -0.5787 -0.8126 0.0685
Y 0.8139 -0.5702 0.1112
Z -0.0513 0.1202 0.9914

PART 32
OFFSET 4.3326 -9.3948 -1.2227
SCALE 1 1 1
X -0.5835 -0.8094 0.0654
Y 0.0051 -0.0842 -0.9964
Z 0.8121 -0.5811 0.0533

PART 33
OFFSET 3.7608 -8.4729 -0.7231
SCALE 1 1 1
X -0.5835 -0.8094 0.0654
Y 0.0051 -0.0842 -0.9964
Z 0.8121 -0.5811 0.0533

PART 34
OFFSET 3.9912 -8.4010 0.6223
SCALE 1 1 1
X -0.5835 -0.8094 0.0654
Y 0.0051 -0.0842 -0.9964
Z 0.8121 -0.5811 0.0533

PART 35
OFFSET 5.8639 -8.3912 -0.1400
SCALE 1 1 1
X -0.8483 -0.4892 0.2027
Y 0.5248 -0.8278 0.1985
Z 0.0706 0.2748 0.9589

PART 36
OFFSET 5.7101 -7.4852 -0.8165
SCALE 1 1 1
X -0.2788 -0.5396 0.7944
Y 0.6773 -0.6969 -0.2357
Z 0.6808 0.4724 0.5598

PART 37
OFFSET 6.2063 -6.2774 -2.5384
SCALE 1 1 1
X -0.8199 -0.0273 0.5718
Y 0.3399 -0.8269 0.4479
Z 0.4606 0.5616 0.6873

PART 38
OFFSET 7.4987 -6.3456 -3.5117
SCALE 1 1 1
X -0.5498 0.8214 -0.1516
Y -0.5981 -0.2604 0.7580
Z 0.5831 0.5074 0.6344

PART 39
OFFSET 8.0767 -7.2526 -3.3896
SCALE 1 1 1
X -0.9037 0.2268 -0.3632
Y 0.0535 -0.7819 -0.6212
Z -0.4249 -0.5808 0.6944

PART 40
OFFSET 7.1294 -8.9192 -0.2927
SCALE 1 1 1
X -0.9952 0.0732 0.0653
Y 0.0860 0.3306 0.9399
Z 0.0472 0.9409 -0.3353

PART 41
OFFSET 9.3617 -8.9872 -0.6036
SCALE 1 1 1
X -0.8339 -0.3765 0.4035
Y 0.3808 0.1367 0.9145
Z -0.3994 0.9163 0.0294

PART 42
OFFSET 10.5424 -8.4541 -1.1748
SCALE 1 1 1
X -0.3385 -0.1988 0.9197
Y 0.8263 0.4047 0.3917
Z -0.4501 0.8926 0.0273

PART 43
OFFSET 10.8425 -8.2778 -1.9903
SCALE 1 1 1
X 0.0816 -0.0141 0.9966
Y 0.9168 0.3933 -0.0695
Z -0.3909 0.9193 0.0451

PART 44
OFFSET 10.7650 -8.2644 -2.9371
SCALE 1 1 1
X -0.5814 -0.3690 -0.7251
Y 0.5902 0.4222 -0.6881
Z 0.5600 -0.8280 -0.0277

PART 45
OFFSET 6.9770 -8.2231 -0.3353
SCALE 1 1 1
X -0.9694 -0.2177 0.1136
Y 0.0402 0.3154 0.9481
Z -0.2423 0.9236 -0.2969

PART 46
OFFSET 9.5298 -7.7882 -0.5651
SCALE 1 1 1
X -0.7055 -0.1403 0.6947
Y 0.6409 0.2923 0.7098
Z -0.3027 0.9460 -0.1163

PART 47
OFFSET 10.7309 -7.5493 -1.7479
SCALE 1 1 1
X 0.4182 0.2422 0.8755
Y 0.8476 0.2426 -0.4720
Z -0.3267 0.9394 -0.1038

PART 48
OFFSET 10.1513 -7.8850 -2.9612
SCALE 1 1 1
X 0.9427 0.3208 -0.0911
Y -0.0505 -0.1329 -0.9898
Z -0.3297 0.9378 -0.1091

PART 49
OFFSET 9.1289 -8.2329 -2.8624
SCALE 1 1 1
X -0.7598 -0.1408 0.6347
Y -0.5674 -0.3329 -0.7531
Z 0.3174 -0.9324 0.1730

PART 50
OFFSET 1.9274 -9.5799 1.0496
SCALE 1 1 1
X -0.8800 -0.2238 0.4189
Y -0.2935 -0.4372 -0.8501
Z 0.3734 -0.8711 0.3191

PART 51
OFFSET 8.7998 -5.7587 -0.7231
SCALE 1 1 1
X -0.6952 0.0600 0.7163
Y 0.6749 0.3974 0.6217
Z -0.2474 0.9157 -0.3168

PART 52
OFFSET 10.0239 -5.8644 -1.9843
SCALE 1 1 1
X 0.0555 0.3824 0.9223
Y 0.9583 0.2389 -0.1568
Z -0.2803 0.8926 -0.3532

PART 53
OFFSET 9.9393 -6.2751 -3.1270
SCALE 1 1 1
X 0.9424 0.3052 0.1369
Y 0.2150 -0.2393 -0.9468
Z -0.2562 0.9217 -0.2911

PART 54
OFFSET 8.8748 -6.6198 -3.2816
SCALE 1 1 1
X -0.5730 0.3759 0.7283
Y -0.7918 -0.4832 -0.3736
Z 0.2115 -0.7907 0.5745

PART 55
OFFSET 9.2660 -6.7582 -0.6581
SCALE 1 1 1
X -0.6422 -0.0389 0.7655
Y 0.6896 0.4067 0.5992
Z -0.3347 0.9127 -0.2343

PART 56
OFFSET 10.5206 -6.6821 -2.1536
SCALE 1 1 1
X 0.3583 0.3540 0.8639
Y 0.8850 0.1658 -0.4350
Z -0.2972 0.9204 -0.2539

PART 57
OFFSET 8.7435 4.7489 -6.3922
SCALE 1 1 1
X 0.7479 0.2313 0.6222
Y -0.6455 0.0348 0.7630
Z 0.1549 -0.9723 0.1754

PART 58
OFFSET 8.7435 4.7489 -6.3922
SCALE 1 1 1
X 0.7479 0.2313 0.6222
Y -0.6455 0.0348 0.7630
Z 0.1549 -0.9723 0.1754

PART 59
OFFSET 6.9770 -8.2231 -0.3353
SCALE 1 1 1
X -0.9694 -0.2177 0.1136
Y 0.0402 0.3154 0.9481
Z -0.2423 0.9236 -0.2969

PART 60
OFFSET 6.9770 -8.2231 -0.3353
SCALE 1 1 1
X -0.9694 -0.2177 0.1136
Y 0.0402 0.3154 0.9481
Z -0.2423 0.9236 -0.2969

PART 61
OFFSET 7.5573 -3.0450 -0.6380
SCALE 1 1 1
X 0.9999 0.0121 -0.0023
Y -0.0122 0.9983 -0.0570
Z 0.0016 0.0570 0.9984

PART 62
OFFSET -8.5616 5.2879 -4.4503
SCALE 1 1 1
X 0.5987 -0.3035 -0.7412
Y 0.4210 -0.6681 0.6136
Z -0.6814 -0.6794 -0.2722

PART 63
OFFSET -1.3208 1.6171 -13.4146
SCALE 1 1 1
X 0.7779 0.2551 0.5743
Y -0.6283 0.2942 0.7202
Z 0.0148 -0.9211 0.3891

PART 64
OFFSET 5.2952 3.7873 -8.5298
SCALE 1 1 1
X 0.7779 0.2551 0.5743
Y -0.1632 0.9645 -0.2075
Z -0.6069 0.0676 0.7919

PART 65
OFFSET 6.7828 5.6358 -8.9342
SCALE 1 1 1
X 0.7816 0.2559 0.5689
Y -0.0080 0.9160 -0.4011
Z -0.6238 0.3089 0.7180

PART 66
OFFSET 9.9973 -7.1992 -3.4154
SCALE 1 1 1
X 0.9655 0.2423 -0.0952
Y -0.0149 -0.3136 -0.9494
Z -0.2599 0.9181 -0.2992

PART 67
OFFSET 8.9055 -7.4803 -3.3062
SCALE 1 1 1
X -0.7142 -0.0442 0.6985
Y -0.6505 -0.3264 -0.6858
Z 0.2583 -0.9442 0.2044

PART 68
OFFSET 0.0000 0.0000 0.0000
SCALE 1 1 1
X 1.0000 0.0000 0.0000
Y 0.0000 1.0000 0.0000
Z 0.0000 0.0000 1.0000

PART 69
OFFSET 0.2300 0.0000 0.1670
SCALE 1 1 1
X 1.0000 -0.0036 -0.0020
Y 0.0036 1.0000 0.0000
Z 0.0020 -0.0000 1.0000

PART 70
OFFSET 1.7785 -0.0055 4.2997
SCALE 1 1 1
X 1.0000 -0.0036 -0.0020
Y 0.0036 1.0000 0.0000
Z 0.0020 -0.0000 1.0000

PART 71
OFFSET 9.9636 -3.6495 -2.9392
SCALE 1 1 1
X 0.0359 0.9849 -0.1692
Y -0.1037 -0.1647 -0.9809
Z -0.9940 0.0528 0.0962

PART 72
OFFSET 8.1760 -4.8898 -1.6196
SCALE 1 1 1
X -0.4736 0.1100 0.8738
Y 0.0429 0.9939 -0.1019
Z -0.8797 -0.0107 -0.4755

PART 73
OFFSET 7.9033 -4.8158 -1.4726
SCALE 1 1 1
X 0.0156 0.9858 -0.1672
Y -0.1037 -0.1647 -0.9809
Z -0.9945 0.0326 0.0997

PART 74
OFFSET 8.6632 10.5994 -5.2453
SCALE 1 1 1
X 0.0359 0.9849 -0.1692
Y -0.1037 -0.1647 -0.9809
Z -0.9940 0.0528 0.0962

PART 75
OFFSET 10.1882 -0.2793 -3.5402
SCALE 1 1 1
X 0.0359 0.9849 -0.1692
Y -0.1037 -0.1647 -0.9809
Z -0.9940 0.0528 0.0962


FRAME 274
PART 0
OFFSET 2.4103 1.8597 -7.8247
SCALE 1 1 1
X -0.3057 0.3699 0.8773
