// Export filename: `C:/cod5/cod/cod5/xanim_export/viewmodel/US/thompson/thompson_aperture_ads_down.XANIM_EXPORT`
// Source filename: `C:/cod5/cod/cod5/animation_assets/viewmodel/US/thompson/viewmodelanimation_thompson.mb`
// Export time: Tue Aug 26 15:24:47 2008

ANIMATION
VERSION 3

NUMPARTS 2
PART 0 "tag_view"
PART 1 "tag_torso"

FRAMERATE 30
NUMFRAMES 11

FRAME 640
PART 0
OFFSET 0.0000 0.0000 0.0000
SCALE 1 1 1
X 1.0000 0.0000 0.0000
Y 0.0000 1.0000 0.0000
Z 0.0000 0.0000 1.0000

PART 1
OFFSET 4.9712 1.2496 1.4288
SCALE 1 1 1
X 0.9987 -0.0042 -0.0501
Y 0.0040 1.0000 -0.0045
Z 0.0501 0.0043 0.9987


FRAME 641
PART 0
OFFSET 0.0000 0.0000 0.0000
SCALE 1 1 1
X 1.0000 0.0000 0.0000
Y 0.0000 1.0000 0.0000
Z 0.0000 0.0000 1.0000

PART 1
OFFSET 5.0203 1.0924 1.4234
SCALE 1 1 1
X 0.9989 -0.0015 -0.0465
Y 0.0023 0.9998 0.0179
Z 0.0464 -0.0180 0.9988


FRAME 642
PART 0
OFFSET 0.0000 0.0000 0.0000
SCALE 1 1 1
X 1.0000 0.0000 0.0000
Y 0.0000 1.0000 0.0000
Z 0.0000 0.0000 1.0000

PART 1
OFFSET 5.1574 0.8510 1.3932
SCALE 1 1 1
X 0.9991 0.0008 -0.0424
Y 0.0007 0.9994 0.0348
Z 0.0424 -0.0347 0.9985


FRAME 643
PART 0
OFFSET 0.0000 0.0000 0.0000
SCALE 1 1 1
X 1.0000 0.0000 0.0000
Y 0.0000 1.0000 0.0000
Z 0.0000 0.0000 1.0000

PART 1
OFFSET 5.3669 0.5392 1.3268
SCALE 1 1 1
X 0.9993 0.0027 -0.0379
Y -0.0010 0.9990 0.0458
Z 0.0380 -0.0457 0.9982


FRAME 644
PART 0
OFFSET 0.0000 0.0000 0.0000
SCALE 1 1 1
X 1.0000 0.0000 0.0000
Y 0.0000 1.0000 0.0000
Z 0.0000 0.0000 1.0000

PART 1
OFFSET 5.6332 0.1703 1.2127
SCALE 1 1 1
X 0.9994 0.0043 -0.0331
Y -0.0026 0.9987 0.0505
Z 0.0332 -0.0504 0.9982


FRAME 645
PART 0
OFFSET 0.0000 0.0000 0.0000
SCALE 1 1 1
X 1.0000 0.0000 0.0000
Y 0.0000 1.0000 0.0000
Z 0.0000 0.0000 1.0000

PART 1
OFFSET 5.9410 -0.2419 1.0395
SCALE 1 1 1
X 0.9996 0.0057 -0.0280
Y -0.0043 0.9988 0.0487
Z 0.0283 -0.0486 0.9984


FRAME 646
PART 0
OFFSET 0.0000 0.0000 0.0000
SCALE 1 1 1
X 1.0000 0.0000 0.0000
Y 0.0000 1.0000 0.0000
Z 0.0000 0.0000 1.0000

PART 1
OFFSET 6.2746 -0.7186 0.7864
SCALE 1 1 1
X 0.9997 0.0069 -0.0228
Y -0.0060 0.9993 0.0378
Z 0.0231 -0.0376 0.9990


FRAME 647
PART 0
OFFSET 0.0000 0.0000 0.0000
SCALE 1 1 1
X 1.0000 0.0000 0.0000
Y 0.0000 1.0000 0.0000
Z 0.0000 0.0000 1.0000

PART 1
OFFSET 6.6186 -1.2687 0.4612
SCALE 1 1 1
X 0.9998 0.0081 -0.0176
Y -0.0078 0.9998 0.0179
Z 0.0177 -0.0177 0.9997


FRAME 648
PART 0
OFFSET 0.0000 0.0000 0.0000
SCALE 1 1 1
X 1.0000 0.0000 0.0000
Y 0.0000 1.0000 0.0000
Z 0.0000 0.0000 1.0000

PART 1
OFFSET 6.9574 -1.8608 0.0948
SCALE 1 1 1
X 0.9999 0.0093 -0.0123
Y -0.0094 0.9999 -0.0071
Z 0.0123 0.0072 0.9999


FRAME 649
PART 0
OFFSET 0.0000 0.0000 0.0000
SCALE 1 1 1
X 1.0000 0.0000 0.0000
Y 0.0000 1.0000 0.0000
Z 0.0000 0.0000 1.0000

PART 1
OFFSET 7.2755 -2.4634 -0.2819
SCALE 1 1 1
X 0.9999 0.0106 -0.0072
Y -0.0108 0.9994 -0.0333
Z 0.0069 0.0334 0.9994


FRAME 650
PART 0
OFFSET 0.0000 0.0000 0.0000
SCALE 1 1 1
X 1.0000 0.0000 0.0000
Y 0.0000 1.0000 0.0000
Z 0.0000 0.0000 1.0000

PART 1
OFFSET 7.5573 -3.0450 -0.6380
SCALE 1 1 1
X 0.9999 0.0121 -0.0023
Y -0.0122 0.9983 -0.0570
Z 0.0016 0.0570 0.9984


NOTETRACKS

PART 0
NUMTRACKS 0

PART 1
NUMTRACKS 0

