// Export filename: `C:/cod5/cod/cod5/xanim_export/viewmodel/US/thompson/thompson_pullout_empty.XANIM_EXPORT`
// Source filename: `C:/cod5/cod/cod5/animation_assets/viewmodel/US/thompson/viewmodelanimation_thompson.mb`
// Export time: Tue Aug 26 15:24:40 2008

ANIMATION
VERSION 3

NUMPARTS 76
PART 0 "J_PinkyPalm_LE"
PART 1 "J_Pinky_LE_0"
PART 2 "J_Pinky_LE_1"
PART 3 "J_Pinky_LE_2"
PART 4 "J_Pinky_LE_3"
PART 5 "J_RingPalm_LE"
PART 6 "J_Ring_LE_0"
PART 7 "J_Ring_LE_1"
PART 8 "J_Ring_LE_2"
PART 9 "J_Ring_LE_3"
PART 10 "J_Webbing_LE"
PART 11 "J_Index_LE_0"
PART 12 "J_Index_LE_1"
PART 13 "J_Index_LE_2"
PART 14 "J_Index_LE_3"
PART 15 "J_Mid_LE_0"
PART 16 "J_Mid_LE_1"
PART 17 "J_Mid_LE_2"
PART 18 "J_Mid_LE_3"
PART 19 "tag_weapon"
PART 20 "J_Shoulder_RI"
PART 21 "J_Elbow_RI"
PART 22 "J_WristTwist_RI"
PART 23 "J_Sleave_Reshape_Top_RI_3"
PART 24 "J_Sleave_Reshape_Top_RI_2"
PART 25 "J_Sleave_Reshape_Top_RI_1"
PART 26 "J_Wrist_RI"
PART 27 "J_Thumb_RI_0"
PART 28 "RingPalm_FK_LE"
PART 29 "RingPalm_SDK_LE"
PART 30 "J_Thumb_RI_1"
PART 31 "J_Thumb_RI_2"
PART 32 "J_Thumb_RI_3"
PART 33 "J_PinkyPalm_RI"
PART 34 "J_Pinky_RI_0"
PART 35 "J_Pinky_RI_1"
PART 36 "J_Pinky_RI_2"
PART 37 "J_Pinky_RI_3"
PART 38 "J_RingPalm_RI"
PART 39 "J_Ring_RI_0"
PART 40 "J_Ring_RI_1"
PART 41 "J_Ring_RI_2"
PART 42 "J_Ring_RI_3"
PART 43 "J_Webbing_RI"
PART 44 "J_Index_RI_0"
PART 45 "J_Index_RI_1"
PART 46 "J_Index_RI_2"
PART 47 "J_Index_RI_3"
PART 48 "J_Mid_RI_0"
PART 49 "J_Mid_RI_1"
PART 50 "J_Mid_RI_2"
PART 51 "J_Mid_RI_3"
PART 52 "tag_cambone"
PART 53 "tag_camera"
PART 54 "tag_gasmask"
PART 55 "RingPalm_FK_RI"
PART 56 "RingPalm_SDK_RI"
PART 57 "tag_torso"
PART 58 "J_Shoulder_LE"
PART 59 "J_Elbow_LE"
PART 60 "J_WristTwist_LE"
PART 61 "J_Sleave_Reshape_Bottom_LE_1"
PART 62 "J_Sleave_Reshape_Bottom_LE_2"
PART 63 "J_Sleave_Reshape_Top_LE_1"
PART 64 "J_Sleave_Reshape_Top_LE_2"
PART 65 "J_Sleave_Reshape_Top_LE_3"
PART 66 "J_Wrist_LE"
PART 67 "J_Thumb_LE_0"
PART 68 "J_Thumb_LE_1"
PART 69 "J_Thumb_LE_2"
PART 70 "J_Thumb_LE_3"
PART 71 "J_Gun"
PART 72 "tag_brass"
PART 73 "J_Bolt"
PART 74 "tag_flash"
PART 75 "J_Clip"

FRAMERATE 30
NUMFRAMES 11

FRAME 370
PART 0
OFFSET 15.3924 -6.7111 -16.2998
SCALE 1 1 1
X 0.6469 -0.5636 0.5137
Y -0.1149 0.5939 0.7963
Z -0.7539 -0.5741 0.3194

PART 1
OFFSET 16.9415 -7.8210 -15.0944
SCALE 1 1 1
X 0.5640 0.2903 0.7731
Y -0.5592 0.8231 0.0989
Z -0.6076 -0.4881 0.6266

PART 2
OFFSET 17.7400 -7.4100 -13.9999
SCALE 1 1 1
X -0.6739 0.7384 -0.0250
Y -0.4766 -0.4603 -0.7490
Z -0.5646 -0.4928 0.6621

PART 3
OFFSET 17.1425 -6.7553 -14.0221
SCALE 1 1 1
X -0.7525 0.0835 -0.6533
Y 0.2946 -0.8445 -0.4473
Z -0.5890 -0.5291 0.6109

PART 4
OFFSET 16.4276 -6.6760 -14.6427
SCALE 1 1 1
X 0.4758 0.5428 0.6921
Y 0.6322 -0.7581 0.1599
Z 0.6115 0.3615 -0.7038

PART 5
OFFSET 15.8161 -6.3091 -16.7102
SCALE 1 1 1
X 0.8075 -0.4450 0.3872
Y -0.1061 0.5361 0.8374
Z -0.5802 -0.7173 0.3857

PART 6
OFFSET 17.8281 -7.5824 -15.6666
SCALE 1 1 1
X 0.4621 0.1827 0.8678
Y -0.6108 0.7750 0.1621
Z -0.6430 -0.6049 0.4697

PART 7
OFFSET 18.6147 -7.2714 -14.1891
SCALE 1 1 1
X -0.7323 0.6734 -0.1010
Y -0.2695 -0.4229 -0.8652
Z -0.6253 -0.6064 0.4912

PART 8
OFFSET 17.5998 -6.3381 -14.3292
SCALE 1 1 1
X -0.4948 -0.1821 -0.8497
Y 0.6083 -0.7709 -0.1890
Z -0.6206 -0.6104 0.4922

PART 9
OFFSET 17.0631 -6.5356 -15.2507
SCALE 1 1 1
X 0.0274 0.5595 0.8284
Y 0.8080 -0.5003 0.3112
Z 0.5885 0.6608 -0.4658

PART 10
OFFSET 18.3087 -4.8879 -16.8934
SCALE 1 1 1
X 0.8124 -0.1979 0.5484
Y 0.3576 -0.5737 -0.7369
Z 0.4605 0.7948 -0.3953

PART 11
OFFSET 18.8902 -6.2402 -17.0128
SCALE 1 1 1
X 0.6540 -0.2758 0.7044
Y -0.3934 0.6713 0.6281
Z -0.6461 -0.6880 0.3305

PART 12
OFFSET 20.0417 -6.7258 -15.7726
SCALE 1 1 1
X 0.3349 0.0898 0.9380
Y -0.7035 0.6861 0.1855
Z -0.6269 -0.7220 0.2929

PART 13
OFFSET 20.4869 -6.5728 -14.6501
SCALE 1 1 1
X -0.4750 0.6961 0.5383
Y -0.6283 0.1600 -0.7613
Z -0.6161 -0.6999 0.3613

PART 14
OFFSET 19.9503 -5.7865 -14.0421
SCALE 1 1 1
X 0.5485 -0.5679 0.6137
Y 0.3433 -0.5162 -0.7846
Z 0.7624 0.6411 -0.0882

PART 15
OFFSET 18.4415 -6.9781 -16.3238
SCALE 1 1 1
X 0.7158 -0.2764 0.6413
Y -0.3378 0.6667 0.6644
Z -0.6111 -0.6922 0.3838

PART 16
OFFSET 19.8399 -7.5180 -15.0711
SCALE 1 1 1
X -0.4442 0.7213 0.5313
Y -0.6223 0.1782 -0.7622
Z -0.6445 -0.6692 0.3697

PART 17
OFFSET 19.1910 -6.4644 -14.2950
SCALE 1 1 1
X -0.6455 0.3075 -0.6991
Y 0.3771 -0.6677 -0.6418
Z -0.6642 -0.6779 0.3150

PART 18
OFFSET 18.4550 -6.1204 -15.0841
SCALE 1 1 1
X 0.2965 0.2340 0.9259
Y 0.6526 -0.7575 -0.0176
Z 0.6973 0.6094 -0.3773

PART 19
OFFSET 8.1850 -6.5548 -15.9710
SCALE 1 1 1
X 0.9935 0.0884 0.0712
Y -0.0555 0.9255 -0.3747
Z -0.0990 0.3683 0.9244

PART 20
OFFSET -9.8286 -3.2226 -3.6867
SCALE 1 1 1
X -0.2831 0.5992 0.7488
Y -0.0880 -0.7937 0.6019
Z 0.9550 0.1046 0.2774

PART 21
OFFSET -6.4043 -10.4695 -12.7432
SCALE 1 1 1
X -0.8887 -0.1157 0.4437
Y -0.2031 -0.7683 -0.6070
Z 0.4111 -0.6296 0.6592

PART 22
OFFSET 1.1541 -9.4854 -16.5174
SCALE 1 1 1
X -0.8887 -0.1157 0.4437
Y -0.3043 -0.5752 -0.7593
Z 0.3431 -0.8098 0.4759

PART 23
OFFSET 2.0904 -8.0446 -17.5074
SCALE 1 1 1
X -0.8886 -0.1094 0.4455
Y -0.4057 0.6409 -0.6517
Z -0.2143 -0.7598 -0.6138

PART 24
OFFSET 2.9004 -7.7130 -16.6639
SCALE 1 1 1
X -0.8886 -0.1094 0.4455
Y -0.4057 0.6409 -0.6517
Z -0.2143 -0.7598 -0.6138

PART 25
OFFSET 3.5042 -8.6521 -15.9233
SCALE 1 1 1
X -0.8886 -0.1094 0.4455
Y -0.4057 0.6409 -0.6517
Z -0.2143 -0.7598 -0.6138

PART 26
OFFSET 3.8784 -9.1307 -17.8777
SCALE 1 1 1
X -0.9548 -0.2305 -0.1874
Y 0.2816 -0.5010 -0.8184
Z 0.0948 -0.8342 0.5433

PART 27
OFFSET 3.9973 -8.2011 -17.2268
SCALE 1 1 1
X -0.5641 -0.8169 -0.1204
Y 0.7488 -0.4445 -0.4917
Z 0.3481 -0.3675 0.8624

PART 28
OFFSET 15.8161 -6.3091 -16.7102
SCALE 1 1 1
X 0.8075 -0.4450 0.3872
Y -0.1061 0.5361 0.8374
Z -0.5802 -0.7173 0.3857

PART 29
OFFSET 15.8161 -6.3091 -16.7102
SCALE 1 1 1
X 0.8075 -0.4450 0.3872
Y -0.1061 0.5361 0.8374
Z -0.5802 -0.7173 0.3857

PART 30
OFFSET 5.1204 -6.3734 -16.9658
SCALE 1 1 1
X -0.9848 -0.1705 0.0328
Y 0.1484 -0.9247 -0.3506
Z 0.0901 -0.3404 0.9360

PART 31
OFFSET 6.7090 -6.1152 -17.1445
SCALE 1 1 1
X -0.8697 0.3390 0.3586
Y -0.4388 -0.8637 -0.2477
Z 0.2258 -0.3728 0.9000

PART 32
OFFSET 7.6467 -6.4500 -17.5692
SCALE 1 1 1
X -0.8775 0.3118 -0.3644
Y 0.4621 0.3459 -0.8166
Z -0.1285 -0.8850 -0.4476

PART 33
OFFSET 4.9688 -9.3035 -18.7052
SCALE 1 1 1
X -0.9438 0.0857 0.3191
Y 0.1250 -0.8015 0.5848
Z 0.3059 0.5919 0.7457

PART 34
OFFSET 7.1187 -9.3115 -19.3853
SCALE 1 1 1
X -0.2159 -0.9191 0.3296
Y 0.9165 -0.3072 -0.2564
Z 0.3369 0.2467 0.9086

PART 35
OFFSET 7.4243 -8.0102 -19.8519
SCALE 1 1 1
X 0.8467 -0.5066 -0.1629
Y 0.4373 0.8369 -0.3293
Z 0.3031 0.2075 0.9301

PART 36
OFFSET 6.6736 -7.5611 -19.7075
SCALE 1 1 1
X 0.8839 0.2565 -0.3911
Y -0.3374 0.9288 -0.1533
Z 0.3240 0.2675 0.9075

PART 37
OFFSET 5.8339 -7.8048 -19.3359
SCALE 1 1 1
X -0.5111 -0.8179 0.2642
Y -0.7825 0.5699 0.2506
Z -0.3555 -0.0786 -0.9313

PART 38
OFFSET 5.0049 -9.0363 -18.0442
SCALE 1 1 1
X -0.9969 -0.0500 0.0614
Y 0.0765 -0.8080 0.5842
Z 0.0204 0.5870 0.8093

PART 39
OFFSET 7.5908 -9.0115 -18.3109
SCALE 1 1 1
X -0.0913 -0.9188 0.3840
Y 0.9795 -0.1523 -0.1315
Z 0.1794 0.3641 0.9139

PART 40
OFFSET 7.7462 -7.4472 -18.9646
SCALE 1 1 1
X 0.9434 -0.3276 -0.0513
Y 0.2855 0.8812 -0.3768
Z 0.1686 0.3408 0.9249

PART 41
OFFSET 6.4387 -6.9933 -18.8935
SCALE 1 1 1
X 0.8920 0.3500 -0.2862
Y -0.4219 0.8719 -0.2486
Z 0.1626 0.3425 0.9253

PART 42
OFFSET 5.4713 -7.3728 -18.5831
SCALE 1 1 1
X -0.4818 -0.7679 0.4220
Y -0.8634 0.4982 -0.0791
Z -0.1495 -0.4025 -0.9031

PART 43
OFFSET -0.2829 -10.1137 -17.6746
SCALE 1 1 1
X -0.9265 -0.3520 0.1330
Y -0.3571 0.7110 -0.6058
Z 0.1187 -0.6088 -0.7844

PART 44
OFFSET 7.4218 -8.1646 -16.3283
SCALE 1 1 1
X -0.9107 -0.4126 0.0203
Y 0.3537 -0.7535 0.5542
Z -0.2134 0.5119 0.8321

PART 45
OFFSET 9.0253 -7.4382 -16.3640
SCALE 1 1 1
X -0.5551 -0.7497 0.3603
Y 0.7999 -0.3625 0.4783
Z -0.2280 0.5537 0.8009

PART 46
OFFSET 9.6863 -6.4932 -16.7533
SCALE 1 1 1
X 0.2042 -0.8148 0.5427
Y 0.9465 0.3058 0.1030
Z -0.2499 0.4926 0.8336

PART 47
OFFSET 9.4557 -5.5729 -17.3663
SCALE 1 1 1
X -0.9912 0.1277 -0.0352
Y 0.1236 0.7954 -0.5934
Z -0.0478 -0.5925 -0.8041

PART 48
OFFSET 7.6085 -8.5830 -17.3335
SCALE 1 1 1
X -0.0843 -0.9281 0.3627
Y 0.9879 -0.0304 0.1520
Z -0.1301 0.3711 0.9194

PART 49
OFFSET 7.7732 -6.7700 -18.0421
SCALE 1 1 1
X 0.9045 -0.3375 0.2607
Y 0.4121 0.8489 -0.3309
Z -0.1096 0.4067 0.9069

PART 50
OFFSET 6.4521 -6.2770 -18.4229
SCALE 1 1 1
X 0.8680 0.4769 -0.1385
Y -0.4838 0.7493 -0.4522
Z -0.1119 0.4595 0.8811

PART 51
OFFSET 5.4695 -6.8199 -18.2726
SCALE 1 1 1
X -0.3494 -0.8736 0.3387
Y -0.9347 0.3000 -0.1905
Z 0.0648 -0.3831 -0.9214

PART 52
OFFSET 0.0000 0.0000 0.0000
SCALE 1 1 1
X 1.0000 0.0000 0.0000
Y 0.0000 1.0000 0.0000
Z 0.0000 0.0000 1.0000

PART 53
OFFSET 0.0000 0.0000 0.0000
SCALE 1 1 1
X 1.0000 0.0000 0.0000
Y 0.0000 1.0000 0.0000
Z 0.0000 0.0000 1.0000

PART 54
OFFSET 1.5404 0.0000 4.1357
SCALE 1 1 1
X 1.0000 0.0000 0.0000
Y 0.0000 1.0000 0.0000
Z 0.0000 0.0000 1.0000

PART 55
OFFSET 5.0049 -9.0363 -18.0442
SCALE 1 1 1
X -0.9969 -0.0500 0.0614
Y 0.0765 -0.8080 0.5842
Z 0.0204 0.5870 0.8093

PART 56
OFFSET 5.0049 -9.0363 -18.0442
SCALE 1 1 1
X -0.9969 -0.0500 0.0614
Y 0.0765 -0.8080 0.5842
Z 0.0204 0.5870 0.8093

PART 57
OFFSET 7.5573 -3.0450 -0.6380
SCALE 1 1 1
X 0.9999 0.0121 -0.0023
Y -0.0122 0.9983 -0.0570
Z 0.0016 0.0570 0.9984

PART 58
OFFSET 4.9035 7.2392 -9.1820
SCALE 1 1 1
X 0.1877 -0.4061 -0.8943
Y -0.3067 -0.8892 0.3394
Z -0.9331 0.2106 -0.2914

PART 59
OFFSET 7.1733 2.3278 -19.9982
SCALE 1 1 1
X 0.6708 -0.7018 0.2399
Y -0.0571 0.2736 0.9601
Z -0.7395 -0.6577 0.1435

PART 60
OFFSET 12.8783 -3.6413 -17.9576
SCALE 1 1 1
X 0.6708 -0.7018 0.2399
Y 0.7377 0.5980 -0.3132
Z 0.0764 0.3871 0.9189

PART 61
OFFSET 15.2267 -3.5798 -18.5223
SCALE 1 1 1
X 0.6731 -0.7016 0.2338
Y 0.7383 0.6557 -0.1579
Z -0.0425 0.2789 0.9594

PART 62
OFFSET 13.0902 -5.1770 -18.8151
SCALE 1 1 1
X 0.6731 -0.7016 0.2338
Y 0.7383 0.6557 -0.1579
Z -0.0425 0.2789 0.9594

PART 63
OFFSET 15.2499 -3.5130 -15.9386
SCALE 1 1 1
X 0.6731 -0.7016 0.2338
Y 0.7383 0.6557 -0.1579
Z -0.0425 0.2789 0.9594

PART 64
OFFSET 13.9638 -4.4838 -15.4662
SCALE 1 1 1
X 0.6731 -0.7016 0.2338
Y 0.7383 0.6557 -0.1579
Z -0.0425 0.2789 0.9594

PART 65
OFFSET 12.4724 -5.4654 -16.1629
SCALE 1 1 1
X 0.6731 -0.7016 0.2338
Y 0.7383 0.6557 -0.1579
Z -0.0425 0.2789 0.9594

PART 66
OFFSET 14.9346 -5.7928 -17.2222
SCALE 1 1 1
X 0.9485 -0.2146 0.2331
Y 0.3082 0.7951 -0.5224
Z -0.0732 0.5673 0.8203

PART 67
OFFSET 15.6287 -4.8892 -17.2846
SCALE 1 1 1
X 0.7845 0.2648 0.5607
Y 0.2054 0.7422 -0.6379
Z -0.5851 0.6156 0.5279

PART 68
OFFSET 17.3096 -4.2094 -16.1088
SCALE 1 1 1
X 0.8215 0.0371 0.5691
Y 0.2259 0.8950 -0.3845
Z -0.5236 0.4444 0.7269

PART 69
OFFSET 18.5636 -4.1531 -15.0859
SCALE 1 1 1
X 0.7601 0.1417 0.6341
Y 0.2234 0.8595 -0.4598
Z -0.6102 0.4912 0.6216

PART 70
OFFSET 19.3614 -3.9627 -14.3795
SCALE 1 1 1
X 0.9991 -0.0338 -0.0260
Y -0.0423 -0.7121 -0.7008
Z 0.0052 0.7012 -0.7129

PART 71
OFFSET 8.1850 -6.5548 -15.9710
SCALE 1 1 1
X 0.9935 0.0884 0.0712
Y -0.0555 0.9255 -0.3747
Z -0.0990 0.3683 0.9244

PART 72
OFFSET 6.5539 -6.8484 -14.0401
SCALE 1 1 1
X -0.0658 -0.5630 0.8238
Y 0.9950 0.0251 0.0966
Z -0.0751 0.8261 0.5586

PART 73
OFFSET 9.2470 -6.6011 -13.4862
SCALE 1 1 1
X 0.9913 0.0959 0.0901
Y -0.0555 0.9255 -0.3747
Z -0.1193 0.3664 0.9228

PART 74
OFFSET 22.2864 -4.5655 -13.2812
SCALE 1 1 1
X 0.9935 0.0884 0.0712
Y -0.0555 0.9255 -0.3747
Z -0.0990 0.3683 0.9244

PART 75
OFFSET 11.6016 -6.2792 -15.8263
SCALE 1 1 1
X 0.9935 0.0884 0.0712
Y -0.0555 0.9255 -0.3747
Z -0.0990 0.3683 0.9244


FRAME 371
PART 0
OFFSET 2.3667 10.2704 -12.2397
SCALE 1 1 1
X 0.6086 0.1880 0.7709
Y -0.7728 0.3607 0.5222
Z -0.1799 -0.9135 0.3648

PART 1
OFFSET 3.6657 10.8701 -10.4968
SCALE 1 1 1
X -0.1326 0.6885 0.7130
Y -0.9564 0.1000 -0.2744
Z -0.2602 -0.7183 0.6452

PART 2
OFFSET 3.4779 11.8449 -9.4873
SCALE 1 1 1
X -0.9235 -0.0532 -0.3799
Y 0.2968 -0.7266 -0.6196
Z -0.2431 -0.6850 0.6868

PART 3
OFFSET 2.6591 11.7977 -9.8241
SCALE 1 1 1
X -0.2882 -0.5859 -0.7574
Y 0.9333 -0.3490 -0.0851
Z -0.2144 -0.7314 0.6473

PART 4
OFFSET 2.3853 11.2411 -10.5437
SCALE 1 1 1
X -0.3344 0.7730 0.5392
Y 0.8629 0.0211 0.5049
Z 0.3789 0.6341 -0.6740

PART 5
OFFSET 2.4956 10.8128 -12.6856
SCALE 1 1 1
X 0.6706 0.3749 0.6401
Y -0.7418 0.3348 0.5811
Z 0.0036 -0.8645 0.5026

PART 6
OFFSET 4.2530 11.6501 -10.9625
SCALE 1 1 1
X -0.1546 0.5508 0.8202
Y -0.9774 0.0357 -0.2082
Z -0.1440 -0.8339 0.5328

PART 7
OFFSET 3.9899 12.5877 -9.5661
SCALE 1 1 1
X -0.8868 -0.1463 -0.4384
Y 0.4405 -0.5545 -0.7061
Z -0.1398 -0.8192 0.5561

PART 8
OFFSET 2.7608 12.3850 -10.1737
SCALE 1 1 1
X 0.1274 -0.5739 -0.8090
Y 0.9827 -0.0375 0.1814
Z -0.1344 -0.8181 0.5592

PART 9
OFFSET 2.8990 11.7626 -11.0510
SCALE 1 1 1
X -0.6723 0.4514 0.5867
Y 0.7369 0.3334 0.5880
Z 0.0698 0.8277 -0.5568

PART 10
OFFSET 3.1094 13.6117 -12.9222
SCALE 1 1 1
X 0.4430 0.5499 0.7081
Y 0.8873 -0.1558 -0.4341
Z -0.1283 0.8206 -0.5569

PART 11
OFFSET 4.4566 13.1920 -12.4865
SCALE 1 1 1
X 0.3433 0.3932 0.8530
Y -0.9385 0.1801 0.2947
Z -0.0377 -0.9016 0.4308

PART 12
OFFSET 5.0611 13.8843 -10.9848
SCALE 1 1 1
X -0.1935 0.4006 0.8956
Y -0.9810 -0.0896 -0.1719
Z 0.0114 -0.9118 0.4104

PART 13
OFFSET 4.8251 14.4267 -9.9210
SCALE 1 1 1
X -0.9739 0.1248 0.1897
Y -0.2260 -0.4519 -0.8630
Z -0.0220 -0.8833 0.4683

PART 14
OFFSET 3.7251 14.5677 -9.7067
SCALE 1 1 1
X 0.5148 0.1189 0.8490
Y 0.8555 -0.1349 -0.4999
Z 0.0551 0.9837 -0.1711

PART 15
OFFSET 4.4467 12.4436 -11.6740
SCALE 1 1 1
X 0.4046 0.4345 0.8047
Y -0.9139 0.2233 0.3390
Z -0.0324 -0.8726 0.4874

PART 16
OFFSET 5.2372 13.2924 -10.1021
SCALE 1 1 1
X -0.9700 0.1638 0.1798
Y -0.2347 -0.4358 -0.8689
Z -0.0640 -0.8850 0.4612

PART 17
OFFSET 3.8204 13.5316 -9.8395
SCALE 1 1 1
X -0.3621 -0.3660 -0.8573
Y 0.9308 -0.1917 -0.3113
Z -0.0504 -0.9107 0.4101

PART 18
OFFSET 3.4093 13.1108 -10.8073
SCALE 1 1 1
X -0.3137 0.4613 0.8300
Y 0.9390 0.0208 0.3433
Z 0.1411 0.8870 -0.4397

PART 19
OFFSET -2.3161 4.8582 -13.1655
SCALE 1 1 1
X 0.5267 0.8264 0.1991
Y -0.5460 0.5084 -0.6659
Z -0.6515 0.2420 0.7190

PART 20
OFFSET -9.5876 -3.2157 -3.5926
SCALE 1 1 1
X -0.1398 0.5913 0.7943
Y 0.4300 -0.6863 0.5866
Z 0.8920 0.4235 -0.1583

PART 21
OFFSET -7.8970 -10.3664 -13.1984
SCALE 1 1 1
X -0.4671 -0.8736 0.1367
Y 0.3192 -0.3108 -0.8953
Z 0.8246 -0.3746 0.4240

PART 22
OFFSET -3.9238 -2.9365 -14.3612
SCALE 1 1 1
X -0.4671 -0.8736 0.1367
Y 0.6869 -0.4559 -0.5660
Z 0.5568 -0.1705 0.8130

PART 23
OFFSET -4.6642 -0.9124 -14.4837
SCALE 1 1 1
X -0.4713 -0.8706 0.1409
Y -0.8277 0.3815 -0.4115
Z 0.3045 -0.3105 -0.9005

PART 24
OFFSET -4.4453 -0.4382 -13.5025
SCALE 1 1 1
X -0.4713 -0.8706 0.1409
Y -0.8277 0.3815 -0.4115
Z 0.3045 -0.3105 -0.9005

PART 25
OFFSET -2.6800 -1.2607 -13.4516
SCALE 1 1 1
X -0.4713 -0.8706 0.1409
Y -0.8277 0.3815 -0.4115
Z 0.3045 -0.3105 -0.9005

PART 26
OFFSET -2.4917 -0.2584 -14.7803
SCALE 1 1 1
X -0.3616 -0.8973 -0.2532
Y 0.8189 -0.1758 -0.5464
Z 0.4457 -0.4050 0.7983

PART 27
OFFSET -3.3022 0.4811 -14.4668
SCALE 1 1 1
X 0.2655 -0.9617 0.0686
Y 0.9505 0.2491 -0.1855
Z 0.1613 0.1145 0.9802

PART 28
OFFSET 2.4956 10.8128 -12.6856
SCALE 1 1 1
X 0.6706 0.3749 0.6401
Y -0.7418 0.3348 0.5811
Z 0.0036 -0.8645 0.5026

PART 29
OFFSET 2.4956 10.8128 -12.6856
SCALE 1 1 1
X 0.6706 0.3749 0.6401
Y -0.7418 0.3348 0.5811
Z 0.0036 -0.8645 0.5026

PART 30
OFFSET -3.9789 2.5251 -14.6509
SCALE 1 1 1
X -0.5014 -0.8621 -0.0737
Y 0.8641 -0.5033 0.0075
Z -0.0436 -0.0599 0.9973

PART 31
OFFSET -3.1130 3.8935 -14.6432
SCALE 1 1 1
X -0.9037 -0.4212 0.0775
Y 0.4215 -0.9067 -0.0134
Z 0.0759 0.0205 0.9969

PART 32
OFFSET -2.1464 4.3634 -14.7723
SCALE 1 1 1
X -0.6290 -0.5109 -0.5859
Y 0.3380 0.4990 -0.7980
Z 0.7001 -0.7000 -0.1411

PART 33
OFFSET -1.3989 0.3944 -15.3124
SCALE 1 1 1
X -0.7582 -0.6421 0.1133
Y 0.4266 -0.3572 0.8309
Z -0.4931 0.6783 0.5447

PART 34
OFFSET 0.1805 1.9797 -15.5894
SCALE 1 1 1
X 0.3900 -0.7172 0.5775
Y 0.8735 0.4867 0.0144
Z -0.2914 0.4988 0.8163

PART 35
OFFSET -0.3717 2.9951 -16.4070
SCALE 1 1 1
X 0.9360 0.3154 0.1564
Y -0.1958 0.8355 -0.5135
Z -0.2926 0.4500 0.8437

PART 36
OFFSET -1.2015 2.7154 -16.5456
SCALE 1 1 1
X 0.5080 0.8059 -0.3041
Y -0.8023 0.3142 -0.5076
Z -0.3135 0.5018 0.8062

PART 37
OFFSET -1.6842 1.9498 -16.2567
SCALE 1 1 1
X 0.1604 -0.8862 0.4347
Y -0.9722 -0.2179 -0.0856
Z 0.1706 -0.4088 -0.8965

PART 38
OFFSET -1.8014 0.6520 -14.7821
SCALE 1 1 1
X -0.6034 -0.7924 -0.0894
Y 0.4015 -0.3987 0.8245
Z -0.6890 0.4616 0.5587

PART 39
OFFSET -0.1242 2.6313 -14.6149
SCALE 1 1 1
X 0.4472 -0.6163 0.6482
Y 0.7593 0.6446 0.0890
Z -0.4727 0.4524 0.7562

PART 40
OFFSET -0.8856 3.6805 -15.7185
SCALE 1 1 1
X 0.8305 0.5134 0.2161
Y -0.3035 0.7424 -0.5972
Z -0.4670 0.4304 0.7724

PART 41
OFFSET -2.0366 2.9690 -16.0180
SCALE 1 1 1
X 0.4099 0.8809 -0.2366
Y -0.7804 0.2045 -0.5909
Z -0.4721 0.4269 0.7713

PART 42
OFFSET -2.4813 2.0137 -15.7613
SCALE 1 1 1
X 0.0867 -0.8175 0.5693
Y -0.8533 -0.3559 -0.3810
Z 0.5141 -0.4528 -0.7285

PART 43
OFFSET -4.4504 -4.0612 -14.9442
SCALE 1 1 1
X -0.3747 -0.9228 0.0894
Y -0.4992 0.1196 -0.8582
Z 0.7813 -0.3662 -0.5055

PART 44
OFFSET -1.5345 3.2199 -13.0847
SCALE 1 1 1
X -0.2820 -0.9594 0.0076
Y 0.5455 -0.1539 0.8239
Z -0.7892 0.2365 0.5667

PART 45
OFFSET -1.0379 4.9090 -13.0981
SCALE 1 1 1
X 0.0509 -0.8680 0.4939
Y 0.5755 0.4297 0.6959
Z -0.8162 0.2488 0.5214

PART 46
OFFSET -1.1494 5.9794 -13.6668
SCALE 1 1 1
X 0.5000 -0.3086 0.8091
Y 0.3343 0.9307 0.1484
Z -0.7989 0.1963 0.5686

PART 47
OFFSET -1.7142 6.3280 -14.5808
SCALE 1 1 1
X -0.6893 -0.6845 -0.2374
Y -0.2656 0.5437 -0.7962
Z 0.6741 -0.4857 -0.5566

PART 48
OFFSET -0.7646 3.0061 -13.8477
SCALE 1 1 1
X 0.4657 -0.6187 0.6327
Y 0.5771 0.7543 0.3129
Z -0.6709 0.2195 0.7084

PART 49
OFFSET -1.6744 4.2148 -15.0838
SCALE 1 1 1
X 0.7010 0.5059 0.5026
Y -0.2192 0.8235 -0.5232
Z -0.6786 0.2566 0.6882

PART 50
OFFSET -2.6983 3.4759 -15.8180
SCALE 1 1 1
X 0.2532 0.9564 -0.1457
Y -0.6597 0.0605 -0.7491
Z -0.7076 0.2858 0.6463

PART 51
OFFSET -2.9806 2.3907 -15.6580
SCALE 1 1 1
X 0.2724 -0.7903 0.5489
Y -0.7188 -0.5464 -0.4299
Z 0.6396 -0.2774 -0.7169

PART 52
OFFSET 0.0000 0.0000 0.0000
SCALE 1 1 1
X 1.0000 0.0000 0.0000
Y 0.0000 1.0000 0.0000
Z 0.0000 0.0000 1.0000

PART 53
OFFSET 0.0000 0.0000 0.0000
SCALE 1 1 1
X 1.0000 0.0000 0.0000
Y 0.0000 1.0000 0.0000
Z 0.0000 0.0000 1.0000

PART 54
OFFSET 1.5404 0.0000 4.1357
SCALE 1 1 1
X 1.0000 0.0000 0.0000
Y 0.0000 1.0000 0.0000
Z 0.0000 0.0000 1.0000

PART 55
OFFSET -1.8014 0.6520 -14.7821
SCALE 1 1 1
X -0.6034 -0.7924 -0.0894
Y 0.4015 -0.3987 0.8245
Z -0.6890 0.4616 0.5587

PART 56
OFFSET -1.8014 0.6520 -14.7821
SCALE 1 1 1
X -0.6034 -0.7924 -0.0894
Y 0.4015 -0.3987 0.8245
Z -0.6890 0.4616 0.5587

PART 57
OFFSET 7.5573 -3.0450 -0.6380
SCALE 1 1 1
X 0.9999 0.0121 -0.0023
Y -0.0122 0.9983 -0.0570
Z 0.0016 0.0570 0.9984

PART 58
OFFSET 4.9035 7.2392 -9.1820
SCALE 1 1 1
X -0.9037 -0.4077 -0.1311
Y 0.2120 -0.1600 -0.9641
Z 0.3721 -0.8990 0.2311

PART 59
OFFSET -6.0252 2.3083 -10.7671
SCALE 1 1 1
X 0.6741 0.7006 -0.2342
Y 0.6381 -0.3925 0.6624
Z 0.3721 -0.5959 -0.7116

PART 60
OFFSET -0.2920 8.2669 -12.7593
SCALE 1 1 1
X 0.6741 0.7006 -0.2342
Y -0.5412 0.2526 -0.8021
Z -0.5027 0.6674 0.5494

PART 61
OFFSET -0.3256 10.4160 -12.5150
SCALE 1 1 1
X 0.6692 0.7045 -0.2362
Y -0.3831 0.5995 0.7027
Z 0.6367 -0.3797 0.6711

PART 62
OFFSET -0.0852 8.7925 -15.1151
SCALE 1 1 1
X 0.6692 0.7045 -0.2362
Y -0.3831 0.5995 0.7027
Z 0.6367 -0.3797 0.6711

PART 63
OFFSET 1.1265 9.5667 -11.3064
SCALE 1 1 1
X 0.6692 0.7045 -0.2362
Y -0.3831 0.5995 0.7027
Z 0.6367 -0.3797 0.6711

PART 64
OFFSET 2.5412 8.3868 -12.4361
SCALE 1 1 1
X 0.6692 0.7045 -0.2362
Y -0.3831 0.5995 0.7027
Z 0.6367 -0.3797 0.6711

PART 65
OFFSET 2.5769 7.2882 -13.6987
SCALE 1 1 1
X 0.6692 0.7045 -0.2362
Y -0.3831 0.5995 0.7027
Z 0.6367 -0.3797 0.6711

PART 66
OFFSET 1.7744 10.4146 -13.4773
SCALE 1 1 1
X 0.6523 0.6149 0.4432
Y -0.1768 0.6920 -0.6999
Z -0.7371 0.3782 0.5601

PART 67
OFFSET 1.5945 11.5143 -13.7234
SCALE 1 1 1
X 0.0980 0.8223 0.5605
Y -0.1618 0.5689 -0.8063
Z -0.9819 -0.0117 0.1888

PART 68
OFFSET 1.7351 13.3450 -12.5839
SCALE 1 1 1
X 0.2769 0.7075 0.6503
Y -0.3472 0.7047 -0.6188
Z -0.8960 -0.0544 0.4408

PART 69
OFFSET 2.1025 14.4389 -11.4479
SCALE 1 1 1
X 0.1425 0.7325 0.6657
Y -0.2968 0.6732 -0.6772
Z -0.9443 -0.1011 0.3133

PART 70
OFFSET 2.2083 15.2379 -10.7251
SCALE 1 1 1
X 0.6505 0.7444 0.1506
Y 0.7238 -0.5476 -0.4197
Z -0.2300 0.3821 -0.8951

PART 71
OFFSET -2.3161 4.8582 -13.1655
SCALE 1 1 1
X 0.5267 0.8264 0.1991
Y -0.5460 0.5084 -0.6659
Z -0.6515 0.2420 0.7190

PART 72
OFFSET -3.8147 3.5960 -11.5418
SCALE 1 1 1
X 0.0560 -0.3310 0.9420
Y 0.5627 0.7898 0.2441
Z -0.8247 0.5164 0.2305

PART 73
OFFSET -2.5222 5.8742 -10.6697
SCALE 1 1 1
X 0.5133 0.8312 0.2138
Y -0.5460 0.5084 -0.6659
Z -0.6621 0.2251 0.7148

PART 74
OFFSET 4.0419 17.2064 -9.0259
SCALE 1 1 1
X 0.5267 0.8264 0.1991
Y -0.5460 0.5084 -0.6659
Z -0.6515 0.2420 0.7190

PART 75
OFFSET -0.4489 7.6727 -12.5644
SCALE 1 1 1
X 0.5267 0.8264 0.1991
Y -0.5460 0.5084 -0.6659
Z -0.6515 0.2420 0.7190


FRAME 372
PART 0
OFFSET 16.0687 12.1049 -9.3376
SCALE 1 1 1
X 0.6575 0.1341 0.7415
Y -0.7306 0.3540 0.5839
Z -0.1842 -0.9256 0.3307

PART 1
OFFSET 17.4832 12.5844 -7.6483
SCALE 1 1 1
X -0.0714 0.6555 0.7518
Y -0.9675 0.1377 -0.2120
Z -0.2425 -0.7425 0.6244

PART 2
OFFSET 17.3821 13.5124 -6.5839
SCALE 1 1 1
X -0.9451 -0.0108 -0.3265
Y 0.2396 -0.7024 -0.6703
Z -0.2221 -0.7117 0.6664

PART 3
OFFSET 16.5441 13.5029 -6.8734
SCALE 1 1 1
X -0.3482 -0.5401 -0.7662
Y 0.9165 -0.3680 -0.1571
Z -0.1971 -0.7569 0.6231

PART 4
OFFSET 16.2133 12.9897 -7.6012
SCALE 1 1 1
X -0.2805 0.7536 0.5945
Y 0.8910 -0.0259 0.4532
Z 0.3569 0.6568 -0.6642

PART 5
OFFSET 16.1868 12.6652 -9.7639
SCALE 1 1 1
X 0.7170 0.3256 0.6163
Y -0.6970 0.3244 0.6395
Z 0.0083 -0.8881 0.4595

PART 6
OFFSET 18.0644 13.3712 -8.1102
SCALE 1 1 1
X -0.0910 0.5132 0.8534
Y -0.9865 0.0709 -0.1478
Z -0.1363 -0.8553 0.4998

PART 7
OFFSET 17.9095 14.2450 -6.6573
SCALE 1 1 1
X -0.9146 -0.1018 -0.3914
Y 0.3828 -0.5299 -0.7567
Z -0.1304 -0.8419 0.5236

PART 8
OFFSET 16.6420 14.1039 -7.1998
SCALE 1 1 1
X 0.0639 -0.5362 -0.8417
Y 0.9901 -0.0715 0.1206
Z -0.1248 -0.8411 0.5263

PART 9
OFFSET 16.7112 13.5224 -8.1126
SCALE 1 1 1
X -0.6240 0.4388 0.6466
Y 0.7790 0.2850 0.5585
Z 0.0608 0.8522 -0.5196

PART 10
OFFSET 16.8648 15.4559 -9.9023
SCALE 1 1 1
X 0.4988 0.5027 0.7060
Y 0.8558 -0.1567 -0.4930
Z -0.1372 0.8501 -0.5084

PART 11
OFFSET 18.2227 14.9810 -9.5680
SCALE 1 1 1
X 0.4033 0.3416 0.8489
Y -0.9143 0.1891 0.3582
Z -0.0382 -0.9206 0.3886

PART 12
OFFSET 18.9327 15.5825 -8.0734
SCALE 1 1 1
X -0.1297 0.3606 0.9237
Y -0.9915 -0.0560 -0.1174
Z 0.0094 -0.9310 0.3648

PART 13
OFFSET 18.7744 16.0774 -6.9726
SCALE 1 1 1
X -0.9573 0.1400 0.2530
Y -0.2884 -0.4027 -0.8687
Z -0.0197 -0.9046 0.4259

PART 14
OFFSET 17.6931 16.2356 -6.6869
SCALE 1 1 1
X 0.5665 0.0635 0.8216
Y 0.8209 -0.1317 -0.5557
Z 0.0729 0.9892 -0.1268

PART 15
OFFSET 18.2388 14.1938 -8.7931
SCALE 1 1 1
X 0.4629 0.3837 0.7991
Y -0.8860 0.2294 0.4030
Z -0.0287 -0.8945 0.4461

PART 16
OFFSET 19.1430 14.9433 -7.2321
SCALE 1 1 1
X -0.9529 0.1794 0.2448
Y -0.2970 -0.3862 -0.8733
Z -0.0621 -0.9048 0.4212

PART 17
OFFSET 17.7512 15.2053 -6.8746
SCALE 1 1 1
X -0.4215 -0.3138 -0.8508
Y 0.9053 -0.1997 -0.3749
Z -0.0523 -0.9283 0.3682

PART 18
OFFSET 17.2728 14.8434 -7.8353
SCALE 1 1 1
X -0.2517 0.4275 0.8683
Y 0.9576 -0.0202 0.2875
Z 0.1404 0.9038 -0.4043

PART 19
OFFSET 11.1885 6.8661 -10.2419
SCALE 1 1 1
X 0.5606 0.8018 0.2068
Y -0.5691 0.5545 -0.6071
Z -0.6015 0.2226 0.7672

PART 20
OFFSET -9.5072 -3.2133 -3.5612
SCALE 1 1 1
X -0.8307 0.0030 0.5567
Y 0.1875 -0.9401 0.2848
Z 0.5242 0.3409 0.7804

PART 21
OFFSET 0.5394 -3.2492 -10.2937
SCALE 1 1 1
X -0.8845 -0.4400 0.1550
Y 0.1844 -0.6350 -0.7502
Z 0.4285 -0.6350 0.6428

PART 22
OFFSET 8.0628 0.4930 -11.6116
SCALE 1 1 1
X -0.8845 -0.4400 0.1550
Y 0.2663 -0.7491 -0.6066
Z 0.3830 -0.4953 0.7798

PART 23
OFFSET 8.6816 2.3680 -12.0378
SCALE 1 1 1
X -0.8868 -0.4344 0.1577
Y -0.4286 0.6453 -0.6324
Z 0.1730 -0.6284 -0.7585

PART 24
OFFSET 9.0741 2.8078 -11.0244
SCALE 1 1 1
X -0.8868 -0.4344 0.1577
Y -0.4286 0.6453 -0.6324
Z 0.1730 -0.6284 -0.7585

PART 25
OFFSET 9.8487 1.7018 -10.3854
SCALE 1 1 1
X -0.8868 -0.4344 0.1577
Y -0.4286 0.6453 -0.6324
Z 0.1730 -0.6284 -0.7585

PART 26
OFFSET 10.7745 1.8419 -12.0866
SCALE 1 1 1
X -0.4010 -0.8741 -0.2740
Y 0.7804 -0.1694 -0.6019
Z 0.4797 -0.4552 0.7501

PART 27
OFFSET 10.0048 2.5854 -11.6905
SCALE 1 1 1
X 0.2416 -0.9703 0.0066
Y 0.9448 0.2337 -0.2295
Z 0.2212 0.0617 0.9733

PART 28
OFFSET 16.1868 12.6652 -9.7639
SCALE 1 1 1
X 0.7170 0.3256 0.6163
Y -0.6970 0.3244 0.6395
Z 0.0083 -0.8881 0.4595

PART 29
OFFSET 16.1868 12.6652 -9.7639
SCALE 1 1 1
X 0.7170 0.3256 0.6163
Y -0.6970 0.3244 0.6395
Z 0.0083 -0.8881 0.4595

PART 30
OFFSET 9.3768 4.6526 -11.7359
SCALE 1 1 1
X -0.5291 -0.8443 -0.0850
Y 0.8485 -0.5248 -0.0680
Z 0.0128 -0.1081 0.9941

PART 31
OFFSET 10.2801 5.9964 -11.7140
SCALE 1 1 1
X -0.9092 -0.4014 0.1108
Y 0.3941 -0.9154 -0.0819
Z 0.1343 -0.0308 0.9905

PART 32
OFFSET 11.2504 6.4474 -11.8777
SCALE 1 1 1
X -0.6762 -0.4651 -0.5713
Y 0.3051 0.5291 -0.7918
Z 0.6706 -0.7097 -0.2159

PART 33
OFFSET 11.8525 2.4922 -12.6509
SCALE 1 1 1
X -0.7682 -0.6274 0.1272
Y 0.4639 -0.4086 0.7860
Z -0.4412 0.6629 0.6050

PART 34
OFFSET 13.4575 4.0485 -12.9450
SCALE 1 1 1
X 0.4025 -0.7546 0.5182
Y 0.8863 0.4630 -0.0142
Z -0.2292 0.4650 0.8551

PART 35
OFFSET 12.8877 5.1169 -13.6787
SCALE 1 1 1
X 0.9520 0.2834 0.1154
Y -0.2015 0.8646 -0.4603
Z -0.2302 0.4150 0.8802

PART 36
OFFSET 12.0436 4.8656 -13.7810
SCALE 1 1 1
X 0.5121 0.8067 -0.2948
Y -0.8212 0.3593 -0.4434
Z -0.2517 0.4691 0.8465

PART 37
OFFSET 11.5571 4.0992 -13.5009
SCALE 1 1 1
X 0.1602 -0.9104 0.3814
Y -0.9813 -0.1886 -0.0380
Z 0.1066 -0.3682 -0.9236

PART 38
OFFSET 11.4891 2.7334 -12.0858
SCALE 1 1 1
X -0.6298 -0.7714 -0.0912
Y 0.4373 -0.4491 0.7792
Z -0.6420 0.4508 0.6201

PART 39
OFFSET 13.2285 4.6587 -11.9240
SCALE 1 1 1
X 0.4665 -0.6588 0.5902
Y 0.7811 0.6199 0.0745
Z -0.4149 0.4263 0.8038

PART 40
OFFSET 12.4343 5.7803 -12.9288
SCALE 1 1 1
X 0.8559 0.4807 0.1907
Y -0.3166 0.7785 -0.5419
Z -0.4090 0.4034 0.8185

PART 41
OFFSET 11.2481 5.1140 -13.1931
SCALE 1 1 1
X 0.4203 0.8808 -0.2181
Y -0.8073 0.2533 -0.5330
Z -0.4142 0.4001 0.8176

PART 42
OFFSET 10.7923 4.1588 -12.9566
SCALE 1 1 1
X 0.0965 -0.8466 0.5233
Y -0.8838 -0.3147 -0.3463
Z 0.4579 -0.4291 -0.7786

PART 43
OFFSET 8.7027 -1.8970 -12.3159
SCALE 1 1 1
X -0.3949 -0.9163 0.0672
Y -0.5447 0.1746 -0.8203
Z 0.7399 -0.3605 -0.5680

PART 44
OFFSET 11.9268 5.2065 -10.2863
SCALE 1 1 1
X -0.3082 -0.9511 -0.0217
Y 0.5879 -0.2083 0.7817
Z -0.7479 0.2281 0.6233

PART 45
OFFSET 12.4694 6.8811 -10.2481
SCALE 1 1 1
X 0.0549 -0.8924 0.4478
Y 0.6269 0.3799 0.6802
Z -0.7772 0.2434 0.5803

PART 46
OFFSET 12.3554 7.9807 -10.7573
SCALE 1 1 1
X 0.5373 -0.3609 0.7623
Y 0.3686 0.9134 0.1727
Z -0.7586 0.1882 0.6238

PART 47
OFFSET 11.7486 8.3884 -11.6183
SCALE 1 1 1
X -0.7210 -0.6541 -0.2286
Y -0.2959 0.5890 -0.7520
Z 0.6265 -0.4746 -0.6183

PART 48
OFFSET 12.6446 5.0112 -11.1030
SCALE 1 1 1
X 0.4840 -0.6609 0.5736
Y 0.6155 0.7230 0.3138
Z -0.6221 0.2011 0.7567

PART 49
OFFSET 11.6992 6.3024 -12.2235
SCALE 1 1 1
X 0.7431 0.4624 0.4837
Y -0.2258 0.8537 -0.4692
Z -0.6299 0.2394 0.7388

PART 50
OFFSET 10.6138 5.6270 -12.9301
SCALE 1 1 1
X 0.2713 0.9556 -0.1145
Y -0.7002 0.1143 -0.7048
Z -0.6604 0.2714 0.7001

PART 51
OFFSET 10.3107 4.5428 -12.8058
SCALE 1 1 1
X 0.2814 -0.8231 0.4932
Y -0.7577 -0.5059 -0.4121
Z 0.5888 -0.2578 -0.7661

PART 52
OFFSET 0.0000 0.0000 0.0000
SCALE 1 1 1
X 1.0000 0.0000 0.0000
Y 0.0000 1.0000 0.0000
Z 0.0000 0.0000 1.0000

PART 53
OFFSET 0.0000 0.0000 0.0000
SCALE 1 1 1
X 1.0000 0.0000 0.0000
Y 0.0000 1.0000 0.0000
Z 0.0000 0.0000 1.0000

PART 54
OFFSET 1.5404 0.0000 4.1357
SCALE 1 1 1
X 1.0000 0.0000 0.0000
Y 0.0000 1.0000 0.0000
Z 0.0000 0.0000 1.0000

PART 55
OFFSET 11.4891 2.7334 -12.0858
SCALE 1 1 1
X -0.6298 -0.7714 -0.0912
Y 0.4373 -0.4491 0.7792
Z -0.6420 0.4508 0.6201

PART 56
OFFSET 11.4891 2.7334 -12.0858
SCALE 1 1 1
X -0.6298 -0.7714 -0.0912
Y 0.4373 -0.4491 0.7792
Z -0.6420 0.4508 0.6201

PART 57
OFFSET 7.5573 -3.0450 -0.6380
SCALE 1 1 1
X 0.9999 0.0121 -0.0023
Y -0.0122 0.9983 -0.0570
Z 0.0016 0.0570 0.9984

PART 58
OFFSET 4.9035 7.2392 -9.1820
SCALE 1 1 1
X 0.1757 0.6685 -0.7226
Y 0.7208 -0.5873 -0.3681
Z -0.6705 -0.4562 -0.5850

PART 59
OFFSET 7.0280 15.3245 -17.9215
SCALE 1 1 1
X 0.7244 -0.2592 0.6388
Y -0.6307 -0.6232 0.4623
Z 0.2783 -0.7378 -0.6149

PART 60
OFFSET 13.1891 13.1199 -12.4880
SCALE 1 1 1
X 0.7244 -0.2592 0.6388
Y 0.3843 0.9211 -0.0621
Z -0.5723 0.2905 0.7668

PART 61
OFFSET 14.0995 14.5398 -10.7581
SCALE 1 1 1
X 0.7274 -0.2534 0.6377
Y -0.2713 0.7474 0.6064
Z -0.6304 -0.6141 0.4749

PART 62
OFFSET 14.9189 13.1007 -12.8697
SCALE 1 1 1
X 0.7274 -0.2534 0.6377
Y -0.2713 0.7474 0.6064
Z -0.6304 -0.6141 0.4749

PART 63
OFFSET 13.0366 12.6022 -9.4178
SCALE 1 1 1
X 0.7274 -0.2534 0.6377
Y -0.2713 0.7474 0.6064
Z -0.6304 -0.6141 0.4749

PART 64
OFFSET 13.2837 11.2341 -10.3596
SCALE 1 1 1
X 0.7274 -0.2534 0.6377
Y -0.2713 0.7474 0.6064
Z -0.6304 -0.6141 0.4749

PART 65
OFFSET 13.9335 10.6730 -12.0732
SCALE 1 1 1
X 0.7274 -0.2534 0.6377
Y -0.2713 0.7474 0.6064
Z -0.6304 -0.6141 0.4749

PART 66
OFFSET 15.4098 12.3253 -10.5296
SCALE 1 1 1
X 0.6941 0.5754 0.4326
Y -0.1975 0.7301 -0.6542
Z -0.6922 0.3686 0.6204

PART 67
OFFSET 15.2472 13.4400 -10.7116
SCALE 1 1 1
X 0.1536 0.7908 0.5924
Y -0.1923 0.6120 -0.7671
Z -0.9692 0.0039 0.2461

PART 68
OFFSET 15.5055 15.2079 -9.4960
SCALE 1 1 1
X 0.3342 0.6671 0.6658
Y -0.3625 0.7430 -0.5626
Z -0.8700 -0.0534 0.4901

PART 69
OFFSET 15.9692 16.2345 -8.3327
SCALE 1 1 1
X 0.2016 0.6948 0.6904
Y -0.3165 0.7133 -0.6254
Z -0.9269 -0.0924 0.3637

PART 70
OFFSET 16.1394 16.9938 -7.5801
SCALE 1 1 1
X 0.6790 0.7192 0.1472
Y 0.6824 -0.5444 -0.4878
Z -0.2707 0.4316 -0.8605

PART 71
OFFSET 11.1885 6.8661 -10.2419
SCALE 1 1 1
X 0.5606 0.8018 0.2068
Y -0.5691 0.5545 -0.6071
Z -0.6015 0.2226 0.7672

PART 72
OFFSET 9.7517 5.5637 -8.5943
SCALE 1 1 1
X 0.1013 -0.3786 0.9200
Y 0.5981 0.7621 0.2478
Z -0.7950 0.5252 0.3036

PART 73
OFFSET 11.1567 7.7622 -7.6923
SCALE 1 1 1
X 0.5482 0.8062 0.2225
Y -0.5691 0.5545 -0.6071
Z -0.6128 0.2062 0.7628

PART 74
OFFSET 18.1236 18.8285 -5.9004
SCALE 1 1 1
X 0.5606 0.8018 0.2068
Y -0.5691 0.5545 -0.6071
Z -0.6015 0.2226 0.7672

PART 75
OFFSET 13.1665 9.5990 -9.6186
SCALE 1 1 1
X 0.5606 0.8018 0.2068
Y -0.5691 0.5545 -0.6071
Z -0.6015 0.2226 0.7672


FRAME 373
PART 0
OFFSET 18.5946 8.3650 -9.2752
SCALE 1 1 1
X 0.7373 0.0004 0.6755
Y -0.6324 0.3519 0.6901
Z -0.2374 -0.9360 0.2598

PART 1
OFFSET 20.2083 8.5455 -7.7106
SCALE 1 1 1
X 0.0657 0.5776 0.8136
Y -0.9663 0.2402 -0.0924
Z -0.2488 -0.7802 0.5740

PART 2
OFFSET 20.3014 9.3633 -6.5587
SCALE 1 1 1
X -0.9696 0.1030 -0.2222
Y 0.1044 -0.6468 -0.7555
Z -0.2215 -0.7557 0.6163

PART 3
OFFSET 19.4417 9.4546 -6.7557
SCALE 1 1 1
X -0.4719 -0.4264 -0.7717
Y 0.8574 -0.4258 -0.2891
Z -0.2053 -0.7981 0.5665

PART 4
OFFSET 18.9934 9.0495 -7.4888
SCALE 1 1 1
X -0.1476 0.7088 0.6898
Y 0.9250 -0.1479 0.3500
Z 0.3501 0.6897 -0.6338

PART 5
OFFSET 18.7224 8.9545 -9.6569
SCALE 1 1 1
X 0.8021 0.1982 0.5633
Y -0.5964 0.3140 0.7387
Z -0.0304 -0.9285 0.3700

PART 6
OFFSET 20.8128 9.3241 -8.1562
SCALE 1 1 1
X 0.0429 0.4278 0.9029
Y -0.9851 0.1688 -0.0332
Z -0.1666 -0.8880 0.4286

PART 7
OFFSET 20.8859 10.0524 -6.6191
SCALE 1 1 1
X -0.9543 0.0170 -0.2983
Y 0.2542 -0.4789 -0.8403
Z -0.1571 -0.8777 0.4527

PART 8
OFFSET 19.5633 10.0759 -7.0325
SCALE 1 1 1
X -0.0708 -0.4495 -0.8905
Y 0.9860 -0.1669 0.0058
Z -0.1513 -0.8776 0.4550

PART 9
OFFSET 19.4865 9.5884 -7.9983
SCALE 1 1 1
X -0.5126 0.4204 0.7486
Y 0.8539 0.1587 0.4956
Z 0.0895 0.8933 -0.4404

PART 10
OFFSET 19.6448 11.6772 -9.6035
SCALE 1 1 1
X 0.6116 0.3828 0.6924
Y 0.7841 -0.1764 -0.5950
Z -0.1057 0.9068 -0.4081

PART 11
OFFSET 20.9779 11.0573 -9.4640
SCALE 1 1 1
X 0.5158 0.2165 0.8289
Y -0.8523 0.2274 0.4710
Z -0.0866 -0.9494 0.3018

PART 12
OFFSET 21.8861 11.4384 -8.0047
SCALE 1 1 1
X -0.0030 0.2725 0.9622
Y -0.9991 0.0404 -0.0145
Z -0.0428 -0.9613 0.2721

PART 13
OFFSET 21.8851 11.8281 -6.8515
SCALE 1 1 1
X -0.9100 0.1933 0.3668
Y -0.4098 -0.2846 -0.8666
Z -0.0631 -0.9389 0.3382

PART 14
OFFSET 20.8573 12.0465 -6.4372
SCALE 1 1 1
X 0.6484 -0.0701 0.7580
Y 0.7457 -0.1422 -0.6510
Z 0.1534 0.9874 -0.0400

PART 15
OFFSET 20.9959 10.1954 -8.7732
SCALE 1 1 1
X 0.5739 0.2583 0.7771
Y -0.8160 0.2603 0.5161
Z -0.0690 -0.9303 0.3602

PART 16
OFFSET 22.1171 10.7000 -7.2551
SCALE 1 1 1
X -0.9027 0.2328 0.3620
Y -0.4172 -0.2670 -0.8687
Z -0.1056 -0.9351 0.3382

PART 17
OFFSET 20.7986 11.0400 -6.7264
SCALE 1 1 1
X -0.5314 -0.1871 -0.8262
Y 0.8408 -0.2354 -0.4875
Z -0.1033 -0.9537 0.2824

PART 18
OFFSET 20.1954 10.8214 -7.6598
SCALE 1 1 1
X -0.1229 0.3548 0.9268
Y 0.9751 -0.1306 0.1793
Z 0.1847 0.9258 -0.3299

PART 19
OFFSET 13.1747 3.6791 -10.1382
SCALE 1 1 1
X 0.6517 0.7259 0.2199
Y -0.5713 0.6606 -0.4871
Z -0.4988 0.1918 0.8452

PART 20
OFFSET -9.5474 -3.2145 -3.5769
SCALE 1 1 1
X -0.8922 0.0008 0.4517
Y 0.1372 -0.9523 0.2725
Z 0.4304 0.3051 0.8495

PART 21
OFFSET 1.2422 -3.2237 -9.0401
SCALE 1 1 1
X -0.9389 -0.1858 0.2898
Y -0.0684 -0.7245 -0.6859
Z 0.3374 -0.6638 0.6675

PART 22
OFFSET 9.2277 -1.6434 -11.5051
SCALE 1 1 1
X -0.9389 -0.1858 0.2898
Y -0.0425 -0.7729 -0.6331
Z 0.3416 -0.6067 0.7178

PART 23
OFFSET 10.2392 -0.0677 -12.1806
SCALE 1 1 1
X -0.9394 -0.1796 0.2921
Y -0.3337 0.6747 -0.6584
Z -0.0788 -0.7159 -0.6937

PART 24
OFFSET 10.8625 0.3152 -11.2410
SCALE 1 1 1
X -0.9394 -0.1796 0.2921
Y -0.3337 0.6747 -0.6584
Z -0.0788 -0.7159 -0.6937

PART 25
OFFSET 11.3968 -0.7540 -10.5390
SCALE 1 1 1
X -0.9394 -0.1796 0.2921
Y -0.3337 0.6747 -0.6584
Z -0.0788 -0.7159 -0.6937

PART 26
OFFSET 12.1060 -1.0738 -12.3936
SCALE 1 1 1
X -0.5072 -0.8040 -0.3104
Y 0.6975 -0.1713 -0.6959
Z 0.5063 -0.5694 0.6476

PART 27
OFFSET 11.4533 -0.3130 -11.8483
SCALE 1 1 1
X 0.1481 -0.9827 -0.1112
Y 0.9353 0.1757 -0.3070
Z 0.3213 -0.0585 0.9452

PART 28
OFFSET 18.7224 8.9545 -9.6569
SCALE 1 1 1
X 0.8021 0.1982 0.5633
Y -0.5964 0.3140 0.7387
Z -0.0304 -0.9285 0.3700

PART 29
OFFSET 18.7224 8.9545 -9.6569
SCALE 1 1 1
X 0.8021 0.1982 0.5633
Y -0.5964 0.3140 0.7387
Z -0.0304 -0.9285 0.3700

PART 30
OFFSET 11.0225 1.7933 -11.6303
SCALE 1 1 1
X -0.6125 -0.7832 -0.1068
Y 0.7840 -0.5847 -0.2084
Z 0.1008 -0.2113 0.9722

PART 31
OFFSET 12.0467 3.0465 -11.5793
SCALE 1 1 1
X -0.9277 -0.3325 0.1698
Y 0.2956 -0.9320 -0.2100
Z 0.2281 -0.1446 0.9628

PART 32
OFFSET 13.0344 3.4285 -11.8034
SCALE 1 1 1
X -0.7704 -0.3446 -0.5364
Y 0.2740 0.5807 -0.7666
Z 0.5757 -0.7376 -0.3530

PART 33
OFFSET 13.1797 -0.4617 -13.0069
SCALE 1 1 1
X -0.8078 -0.5701 0.1495
Y 0.4986 -0.5257 0.6893
Z -0.3144 0.6314 0.7089

PART 34
OFFSET 14.8879 0.9756 -13.3242
SCALE 1 1 1
X 0.3785 -0.8356 0.3982
Y 0.9204 0.3855 -0.0659
Z -0.0984 0.3915 0.9149

PART 35
OFFSET 14.3521 2.1586 -13.8880
SCALE 1 1 1
X 0.9813 0.1885 0.0383
Y -0.1633 0.9216 -0.3522
Z -0.1017 0.3394 0.9351

PART 36
OFFSET 13.4820 1.9915 -13.9219
SCALE 1 1 1
X 0.5546 0.7868 -0.2708
Y -0.8233 0.4714 -0.3163
Z -0.1212 0.3984 0.9092

PART 37
OFFSET 12.9552 1.2439 -13.6646
SCALE 1 1 1
X 0.1102 -0.9553 0.2742
Y -0.9937 -0.1001 0.0504
Z -0.0207 -0.2781 -0.9603

PART 38
OFFSET 12.8984 -0.2506 -12.3857
SCALE 1 1 1
X -0.7059 -0.7019 -0.0952
Y 0.4677 -0.5628 0.6816
Z -0.5319 0.4366 0.7255

PART 39
OFFSET 14.8199 1.4937 -12.2314
SCALE 1 1 1
X 0.4581 -0.7535 0.4716
Y 0.8399 0.5407 0.0480
Z -0.2911 0.3741 0.8805

PART 40
OFFSET 14.0400 2.7765 -13.0343
SCALE 1 1 1
X 0.9122 0.3844 0.1418
Y -0.2935 0.8545 -0.4286
Z -0.2859 0.3494 0.8923

PART 41
OFFSET 12.7757 2.2438 -13.2308
SCALE 1 1 1
X 0.4782 0.8600 -0.1780
Y -0.8285 0.3744 -0.4164
Z -0.2915 0.3466 0.8916

PART 42
OFFSET 12.2571 1.3111 -13.0377
SCALE 1 1 1
X 0.0671 -0.9015 0.4276
Y -0.9395 -0.2014 -0.2771
Z 0.3359 -0.3831 -0.8605

PART 43
OFFSET 9.6769 -4.5803 -12.7500
SCALE 1 1 1
X -0.4713 -0.8817 0.0226
Y -0.6042 0.3041 -0.7366
Z 0.6425 -0.3608 -0.6760

PART 44
OFFSET 13.7444 1.9766 -10.4185
SCALE 1 1 1
X -0.3975 -0.9143 -0.0780
Y 0.6400 -0.3371 0.6905
Z -0.6576 0.2246 0.7191

PART 45
OFFSET 14.4442 3.5864 -10.2812
SCALE 1 1 1
X 0.0141 -0.9355 0.3530
Y 0.7243 0.2530 0.6414
Z -0.6894 0.2466 0.6811

PART 46
OFFSET 14.3852 4.7386 -10.6690
SCALE 1 1 1
X 0.5734 -0.4821 0.6624
Y 0.4687 0.8562 0.2174
Z -0.6719 0.1858 0.7169

PART 47
OFFSET 13.7375 5.2832 -11.4172
SCALE 1 1 1
X -0.7988 -0.5637 -0.2102
Y -0.3117 0.6867 -0.6567
Z 0.5145 -0.4591 -0.7243

PART 48
OFFSET 14.3561 1.8072 -11.3227
SCALE 1 1 1
X 0.4735 -0.7553 0.4530
Y 0.7092 0.6320 0.3124
Z -0.5223 0.1734 0.8350

PART 49
OFFSET 13.4310 3.2828 -12.2077
SCALE 1 1 1
X 0.8278 0.3453 0.4422
Y -0.1892 0.9138 -0.3594
Z -0.5282 0.2138 0.8218

PART 50
OFFSET 12.2220 2.7784 -12.8537
SCALE 1 1 1
X 0.3480 0.9360 -0.0524
Y -0.7525 0.2455 -0.6112
Z -0.5592 0.2521 0.7898

PART 51
OFFSET 11.8313 1.7167 -12.8003
SCALE 1 1 1
X 0.2495 -0.8907 0.3801
Y -0.8393 -0.3947 -0.3739
Z 0.4830 -0.2257 -0.8460

PART 52
OFFSET 0.0000 0.0000 0.0000
SCALE 1 1 1
X 1.0000 0.0000 0.0000
Y 0.0000 1.0000 0.0000
Z 0.0000 0.0000 1.0000

PART 53
OFFSET 0.0000 0.0000 0.0000
SCALE 1 1 1
X 1.0000 0.0000 0.0000
Y 0.0000 1.0000 0.0000
Z 0.0000 0.0000 1.0000

PART 54
OFFSET 1.5404 0.0000 4.1357
SCALE 1 1 1
X 1.0000 0.0000 0.0000
Y 0.0000 1.0000 0.0000
Z 0.0000 0.0000 1.0000

PART 55
OFFSET 12.8984 -0.2506 -12.3857
SCALE 1 1 1
X -0.7059 -0.7019 -0.0952
Y 0.4677 -0.5628 0.6816
Z -0.5319 0.4366 0.7255

PART 56
OFFSET 12.8984 -0.2506 -12.3857
SCALE 1 1 1
X -0.7059 -0.7019 -0.0952
Y 0.4677 -0.5628 0.6816
Z -0.5319 0.4366 0.7255

PART 57
OFFSET 7.5573 -3.0450 -0.6380
SCALE 1 1 1
X 0.9999 0.0121 -0.0023
Y -0.0122 0.9983 -0.0570
Z 0.0016 0.0570 0.9984

PART 58
OFFSET 4.9035 7.2392 -9.1820
SCALE 1 1 1
X 0.4656 0.4249 -0.7763
Y 0.5049 -0.8480 -0.1614
Z -0.7269 -0.3168 -0.6093

PART 59
OFFSET 10.5340 12.3783 -18.5708
SCALE 1 1 1
X 0.6318 -0.3125 0.7093
Y -0.7725 -0.3293 0.5430
Z 0.0639 -0.8910 -0.4494

PART 60
OFFSET 15.9079 9.7206 -12.5376
SCALE 1 1 1
X 0.6318 -0.3125 0.7093
Y 0.4698 0.8823 -0.0298
Z -0.6165 0.3520 0.7042

PART 61
OFFSET 17.1809 11.1569 -11.0699
SCALE 1 1 1
X 0.6362 -0.3081 0.7073
Y -0.0546 0.8966 0.4396
Z -0.7696 -0.3183 0.5536

PART 62
OFFSET 17.5652 9.1664 -12.8282
SCALE 1 1 1
X 0.6362 -0.3081 0.7073
Y -0.0546 0.8966 0.4396
Z -0.7696 -0.3183 0.5536

PART 63
OFFSET 15.6431 9.8748 -9.4354
SCALE 1 1 1
X 0.6362 -0.3081 0.7073
Y -0.0546 0.8966 0.4396
Z -0.7696 -0.3183 0.5536

PART 64
OFFSET 15.5041 8.3333 -10.0866
SCALE 1 1 1
X 0.6362 -0.3081 0.7073
Y -0.0546 0.8966 0.4396
Z -0.7696 -0.3183 0.5536

PART 65
OFFSET 15.9655 7.2945 -11.6298
SCALE 1 1 1
X 0.6362 -0.3081 0.7073
Y -0.0546 0.8966 0.4396
Z -0.7696 -0.3183 0.5536

PART 66
OFFSET 17.8448 8.7626 -10.3629
SCALE 1 1 1
X 0.7849 0.4668 0.4075
Y -0.1912 0.8081 -0.5572
Z -0.5894 0.3594 0.7235

PART 67
OFFSET 17.7713 9.9000 -10.4203
SCALE 1 1 1
X 0.2857 0.7093 0.6444
Y -0.2084 0.7023 -0.6807
Z -0.9354 0.0602 0.3484

PART 68
OFFSET 18.3150 11.5040 -9.0782
SCALE 1 1 1
X 0.4601 0.5638 0.6859
Y -0.3443 0.8253 -0.4475
Z -0.8184 -0.0303 0.5739

PART 69
OFFSET 18.9866 12.3617 -7.8801
SCALE 1 1 1
X 0.3338 0.5999 0.7271
Y -0.3078 0.7985 -0.5174
Z -0.8910 -0.0511 0.4512

PART 70
OFFSET 19.3016 13.0216 -7.0819
SCALE 1 1 1
X 0.7553 0.6402 0.1403
Y 0.5761 -0.5466 -0.6077
Z -0.3124 0.5399 -0.7816

PART 71
OFFSET 13.1747 3.6791 -10.1382
SCALE 1 1 1
X 0.6517 0.7259 0.2199
Y -0.5713 0.6606 -0.4871
Z -0.4988 0.1918 0.8452

PART 72
OFFSET 11.7910 2.3387 -8.4756
SCALE 1 1 1
X 0.1555 -0.4791 0.8639
Y 0.6892 0.6791 0.2526
Z -0.7077 0.5561 0.4358

PART 73
OFFSET 13.4802 4.3053 -7.5270
SCALE 1 1 1
X 0.6414 0.7296 0.2371
Y -0.5713 0.6606 -0.4871
Z -0.5120 0.1770 0.8405

PART 74
OFFSET 21.6071 14.4981 -5.4605
SCALE 1 1 1
X 0.6517 0.7259 0.2199
Y -0.5713 0.6606 -0.4871
Z -0.4988 0.1918 0.8452

PART 75
