// Export filename: `C:/cod5/cod/cod5/xanim_export/viewmodel/american/knife/viewmodel_knife_stick.XANIM_EXPORT`
// Source filename: `C:/cod5/cod/cod5/animation_assets/viewmodel/US/knife/viewmodelanimation_kbar.mb`
// Export time: Wed Jul 23 16:54:28 2008

ANIMATION
VERSION 3

NUMPARTS 80
PART 0 "RingPalm_FK_LE"
PART 1 "RingPalm_SDK_LE"
PART 2 "RingPalm_FK_RI"
PART 3 "RingPalm_SDK_RI"
PART 4 "tag_torso"
PART 5 "J_Shoulder_LE"
PART 6 "J_Elbow_LE"
PART 7 "J_WristTwist_LE"
PART 8 "J_Sleave_Reshape_Bottom_LE_1"
PART 9 "J_Sleave_Reshape_Bottom_LE_2"
PART 10 "J_Sleave_Reshape_Top_LE_1"
PART 11 "J_Sleave_Reshape_Top_LE_2"
PART 12 "J_Sleave_Reshape_Top_LE_3"
PART 13 "J_Wrist_LE"
PART 14 "J_Thumb_LE_0"
PART 15 "J_Thumb_LE_1"
PART 16 "J_Thumb_LE_2"
PART 17 "J_Thumb_LE_3"
PART 18 "J_PinkyPalm_LE"
PART 19 "J_Pinky_LE_0"
PART 20 "J_Pinky_LE_1"
PART 21 "J_Pinky_LE_2"
PART 22 "J_Pinky_LE_3"
PART 23 "J_RingPalm_LE"
PART 24 "J_Ring_LE_0"
PART 25 "J_Ring_LE_1"
PART 26 "J_Ring_LE_2"
PART 27 "J_Ring_LE_3"
PART 28 "J_Webbing_LE"
PART 29 "J_Index_LE_0"
PART 30 "J_Index_LE_1"
PART 31 "J_Index_LE_2"
PART 32 "J_Index_LE_3"
PART 33 "J_Mid_LE_0"
PART 34 "J_Mid_LE_1"
PART 35 "J_Mid_LE_2"
PART 36 "J_Mid_LE_3"
PART 37 "tag_weapon"
PART 38 "J_Shoulder_RI"
PART 39 "J_Elbow_RI"
PART 40 "J_WristTwist_RI"
PART 41 "J_Sleave_Reshape_Top_RI_3"
PART 42 "J_Sleave_Reshape_Top_RI_2"
PART 43 "J_Sleave_Reshape_Top_RI_1"
PART 44 "J_Wrist_RI"
PART 45 "J_Thumb_RI_0"
PART 46 "J_Thumb_RI_1"
PART 47 "J_Thumb_RI_2"
PART 48 "J_Thumb_RI_3"
PART 49 "J_PinkyPalm_RI"
PART 50 "J_Pinky_RI_0"
PART 51 "J_Pinky_RI_1"
PART 52 "J_Pinky_RI_2"
PART 53 "J_Pinky_RI_3"
PART 54 "J_RingPalm_RI"
PART 55 "J_Ring_RI_0"
PART 56 "J_Ring_RI_1"
PART 57 "J_Ring_RI_2"
PART 58 "J_Ring_RI_3"
PART 59 "J_Webbing_RI"
PART 60 "J_Index_RI_0"
PART 61 "J_Index_RI_1"
PART 62 "J_Index_RI_2"
PART 63 "J_Index_RI_3"
PART 64 "J_Mid_RI_0"
PART 65 "J_Mid_RI_1"
PART 66 "J_Mid_RI_2"
PART 67 "J_Mid_RI_3"
PART 68 "tag_cambone"
PART 69 "tag_camera"
PART 70 "tag_gasmask"
PART 71 "J_Gun"
PART 72 "tag_brass"
PART 73 "J_Bolt"
PART 74 "tag_flash"
PART 75 "J_Clip"
PART 76 "joint1"
PART 77 "joint2"
PART 78 "tag_knife_attach"
PART 79 "tag_view"

FRAMERATE 30
NUMFRAMES 30

FRAME 27
PART 0
OFFSET 6.0327 -4.3702 -4.5735
SCALE 1 1 1
X 0.1702 -0.9137 0.3691
Y 0.8451 -0.0573 -0.5315
Z 0.5067 0.4024 0.7624

PART 1
OFFSET 6.0327 -4.3702 -4.5735
SCALE 1 1 1
X 0.1702 -0.9137 0.3691
Y 0.8451 -0.0573 -0.5315
Z 0.5067 0.4024 0.7624

PART 2
OFFSET -12.5735 -7.9715 -14.8788
SCALE 1 1 1
X 0.1939 -0.0134 0.9809
Y 0.0489 -0.9985 -0.0233
Z 0.9798 0.0524 -0.1930

PART 3
OFFSET -12.5735 -7.9715 -14.8788
SCALE 1 1 1
X 0.1939 -0.0134 0.9809
Y 0.0489 -0.9985 -0.0233
Z 0.9798 0.0524 -0.1930

PART 4
OFFSET 3.7921 0.0000 -1.3770
SCALE 1 1 1
X 1.0000 0.0000 0.0000
Y 0.0000 1.0000 0.0000
Z 0.0000 0.0000 1.0000

PART 5
OFFSET 1.7870 13.7550 -4.0678
SCALE 1 1 1
X 0.7672 -0.5795 -0.2749
Y -0.5787 -0.4406 -0.6863
Z 0.2766 0.6856 -0.6734

PART 6
OFFSET 11.0660 6.7471 -7.3922
SCALE 1 1 1
X -0.4441 -0.8740 0.1974
Y -0.8219 0.4851 0.2987
Z -0.3569 -0.0296 -0.9337

PART 7
OFFSET 7.2889 -0.6863 -5.7129
SCALE 1 1 1
X -0.4441 -0.8740 0.1974
Y -0.4868 0.0504 -0.8720
Z 0.7522 -0.4834 -0.4478

PART 8
OFFSET 7.7572 -2.2300 -4.2718
SCALE 1 1 1
X -0.4382 -0.8768 0.1982
Y 0.3699 0.0251 0.9287
Z -0.8193 0.4803 0.3133

PART 9
OFFSET 7.9902 -2.4093 -6.6398
SCALE 1 1 1
X -0.4382 -0.8768 0.1982
Y 0.3699 0.0251 0.9287
Z -0.8193 0.4803 0.3133

PART 10
OFFSET 6.2572 -1.5383 -4.4033
SCALE 1 1 1
X -0.4382 -0.8768 0.1982
Y 0.3699 0.0251 0.9287
Z -0.8193 0.4803 0.3133

PART 11
OFFSET 5.2155 -1.7261 -5.7613
SCALE 1 1 1
X -0.4382 -0.8768 0.1982
Y 0.3699 0.0251 0.9287
Z -0.8193 0.4803 0.3133

PART 12
OFFSET 4.6141 -1.2771 -6.9090
SCALE 1 1 1
X -0.4382 -0.8768 0.1982
Y 0.3699 0.0251 0.9287
Z -0.8193 0.4803 0.3133

PART 13
OFFSET 5.9275 -3.3656 -5.1076
SCALE 1 1 1
X -0.1509 -0.9663 0.2083
Y -0.5267 -0.0998 -0.8442
Z 0.8366 -0.2371 -0.4939

PART 14
OFFSET 5.6948 -3.9939 -6.0314
SCALE 1 1 1
X 0.3108 -0.7892 -0.5296
Y -0.4792 0.3511 -0.8044
Z 0.8208 0.5038 -0.2690

PART 15
OFFSET 6.3635 -5.6339 -7.2696
SCALE 1 1 1
X 0.3348 -0.8838 0.3269
Y -0.0096 -0.3501 -0.9367
Z 0.9422 0.3104 -0.1257

PART 16
OFFSET 7.0100 -7.0050 -6.7000
SCALE 1 1 1
X 0.3919 -0.4056 0.8258
Y 0.2384 -0.8222 -0.5169
Z 0.8886 0.3995 -0.2255

PART 17
OFFSET 7.4785 -7.4393 -5.8261
SCALE 1 1 1
X -0.2324 -0.7254 0.6479
Y -0.9726 0.1768 -0.1509
Z -0.0051 -0.6652 -0.7466

PART 18
OFFSET 6.5327 -4.1245 -4.1272
SCALE 1 1 1
X 0.3229 -0.7610 0.5627
Y 0.8226 -0.0684 -0.5646
Z 0.4681 0.6451 0.6039

PART 19
OFFSET 7.2910 -5.9366 -3.0201
SCALE 1 1 1
X 0.7683 -0.4383 -0.4665
Y 0.0699 0.7819 -0.6195
Z 0.6363 0.4433 0.6314

PART 20
OFFSET 8.3787 -6.5572 -3.6806
SCALE 1 1 1
X 0.1634 0.7390 -0.6536
Y -0.7220 0.5410 0.4312
Z 0.6723 0.4014 0.6220

PART 21
OFFSET 8.5236 -5.9019 -4.2601
SCALE 1 1 1
X -0.5253 0.8489 -0.0590
Y -0.5816 -0.3075 0.7531
Z 0.6211 0.4299 0.6553

PART 22
OFFSET 8.0245 -5.0955 -4.3162
SCALE 1 1 1
X 0.6771 -0.5184 -0.5224
Y -0.0226 -0.7241 0.6893
Z -0.7356 -0.4549 -0.5020

PART 23
OFFSET 6.0327 -4.3702 -4.5735
SCALE 1 1 1
X 0.1702 -0.9137 0.3691
Y 0.8451 -0.0573 -0.5315
Z 0.5067 0.4024 0.7624

PART 24
OFFSET 6.5311 -6.6804 -3.4905
SCALE 1 1 1
X 0.8236 -0.0959 -0.5590
Y -0.1670 0.9009 -0.4006
Z 0.5421 0.4232 0.7260

PART 25
OFFSET 7.9332 -6.8437 -4.4423
SCALE 1 1 1
X -0.2534 0.9107 -0.3261
Y -0.7851 0.0033 0.6193
Z 0.5651 0.4129 0.7142

PART 26
OFFSET 7.5820 -5.5815 -4.8942
SCALE 1 1 1
X -0.7624 0.5885 0.2691
Y -0.3117 -0.6985 0.6442
Z 0.5670 0.4072 0.7160

PART 27
OFFSET 6.7551 -4.9432 -4.6023
SCALE 1 1 1
X 0.8306 -0.0631 -0.5532
Y 0.1575 -0.9264 0.3421
Z -0.5341 -0.3713 -0.7595

PART 28
OFFSET 5.0744 -6.6300 -6.0705
SCALE 1 1 1
X 0.1925 -0.9559 0.2220
Y -0.8642 -0.0580 0.4997
Z -0.4648 -0.2880 -0.8373

PART 29
OFFSET 4.6312 -7.1181 -4.7490
SCALE 1 1 1
X 0.7834 -0.4399 -0.4390
Y 0.2812 0.8808 -0.3808
Z 0.5543 0.1749 0.8138

PART 30
OFFSET 6.0105 -7.8927 -5.5220
SCALE 1 1 1
X 0.5651 0.6802 -0.4669
Y -0.6284 0.7215 0.2908
Z 0.5347 0.1291 0.8352

PART 31
OFFSET 6.6650 -7.0736 -6.1403
SCALE 1 1 1
X -0.2911 0.9564 -0.0242
Y -0.7757 -0.2211 0.5911
Z 0.5599 0.1908 0.8063

PART 32
OFFSET 6.3362 -5.9933 -6.1676
SCALE 1 1 1
X 0.9525 -0.0581 -0.2989
Y -0.0319 -0.9953 0.0918
Z -0.3028 -0.0779 -0.9499

PART 33
OFFSET 5.3687 -6.9494 -3.9440
SCALE 1 1 1
X 0.8397 -0.2140 -0.4991
Y 0.0512 0.9462 -0.3196
Z 0.5407 0.2428 0.8054

PART 34
OFFSET 7.0091 -7.3675 -4.9190
SCALE 1 1 1
X 0.2844 0.8452 -0.4524
Y -0.8130 0.4627 0.3534
Z 0.5081 0.2673 0.8188

PART 35
OFFSET 7.4245 -6.1329 -5.5799
SCALE 1 1 1
X -0.7502 0.6286 0.2052
Y -0.4779 -0.7299 0.4888
Z 0.4570 0.2686 0.8479

PART 36
OFFSET 6.5784 -5.4186 -5.3418
SCALE 1 1 1
X 0.8512 -0.0330 -0.5237
Y 0.1509 -0.9405 0.3045
Z -0.5026 -0.3383 -0.7956

PART 37
OFFSET -44.0183 0.0592 -20.6909
SCALE 1 1 1
X 1.0000 0.0000 0.0000
Y 0.0000 1.0000 0.0000
Z 0.0000 0.0000 1.0000

PART 38
OFFSET -29.5855 -7.9373 -3.1869
SCALE 1 1 1
X 0.8886 0.0240 0.4581
Y -0.1333 -0.9421 0.3078
Z 0.4390 -0.3345 -0.8339

PART 39
OFFSET -40.3316 -8.2271 -8.7277
SCALE 1 1 1
X -0.2774 -0.1849 0.9428
Y -0.9545 -0.0584 -0.2923
Z 0.1091 -0.9810 -0.1603

PART 40
OFFSET -37.9719 -6.6545 -16.7465
SCALE 1 1 1
X -0.2774 -0.1849 0.9428
Y -0.9545 -0.0584 -0.2923
Z 0.1091 -0.9810 -0.1603

PART 41
OFFSET -36.9918 -5.2224 -17.7026
SCALE 1 1 1
X -0.2720 -0.1818 0.9450
Y -0.0946 0.9823 0.1618
Z -0.9576 -0.0454 -0.2844

PART 42
OFFSET -35.9033 -5.6902 -17.8814
SCALE 1 1 1
X -0.2720 -0.1818 0.9450
Y -0.0946 0.9823 0.1618
Z -0.9576 -0.0454 -0.2844

PART 43
OFFSET -35.9372 -6.9840 -18.2507
SCALE 1 1 1
X -0.2720 -0.1818 0.9450
Y -0.0946 0.9823 0.1618
Z -0.9576 -0.0454 -0.2844

PART 44
OFFSET -37.1214 -6.0877 -19.6368
SCALE 1 1 1
X 0.9201 0.0156 0.3914
Y -0.3818 -0.1878 0.9050
Z 0.0876 -0.9821 -0.1668

PART 45
OFFSET -37.2028 -5.5103 -20.6176
SCALE 1 1 1
X 0.4390 -0.5544 0.7071
Y -0.7555 0.1982 0.6245
Z -0.4863 -0.8083 -0.3318

PART 46
OFFSET -38.0477 -4.2887 -22.1873
SCALE 1 1 1
X 0.8985 -0.3526 0.2614
Y -0.3700 -0.2883 0.8831
Z -0.2360 -0.8903 -0.3895

PART 47
OFFSET -39.4938 -3.6370 -22.5129
SCALE 1 1 1
X 0.9235 -0.3036 -0.2344
Y 0.0896 -0.4235 0.9015
Z -0.3729 -0.8535 -0.3639

PART 48
OFFSET -40.4770 -3.2625 -22.2581
SCALE 1 1 1
X 0.9397 0.2369 0.2465
Y -0.2768 0.9504 0.1420
Z -0.2006 -0.2016 0.9587

PART 49
OFFSET -38.3265 -6.1035 -18.9652
SCALE 1 1 1
X 0.9761 0.0778 -0.2029
Y 0.0330 -0.9759 -0.2156
Z -0.2147 0.2038 -0.9552

PART 50
OFFSET -40.5550 -6.1290 -18.6221
SCALE 1 1 1
X 0.9429 -0.3290 -0.0521
Y -0.3330 -0.9295 -0.1584
Z 0.0037 0.1667 -0.9860

PART 51
OFFSET -41.8899 -5.6632 -18.5485
SCALE 1 1 1
X 0.2438 -0.9576 -0.1534
Y -0.9680 -0.2306 -0.0989
Z 0.0593 0.1726 -0.9832

PART 52
OFFSET -42.1060 -4.8141 -18.4125
SCALE 1 1 1
X -0.4385 -0.8869 -0.1454
Y -0.8987 0.4313 0.0792
Z -0.0076 0.1654 -0.9862

PART 53
OFFSET -41.6895 -3.9716 -18.2743
SCALE 1 1 1
X 0.9006 0.3837 0.2041
Y -0.3973 0.9172 0.0288
Z -0.1762 -0.1070 0.9785

PART 54
OFFSET -38.2629 -6.1193 -19.6761
SCALE 1 1 1
X 0.9934 0.0666 0.0936
Y 0.0854 -0.9730 -0.2144
Z 0.0768 0.2209 -0.9723

PART 55
OFFSET -40.8506 -6.3464 -19.7792
SCALE 1 1 1
X 0.9111 -0.4115 -0.0216
Y -0.4085 -0.8950 -0.1792
Z 0.0544 0.1721 -0.9836

PART 56
OFFSET -42.4018 -5.6458 -19.7424
SCALE 1 1 1
X 0.1290 -0.9791 -0.1573
Y -0.9882 -0.1138 -0.1021
Z 0.0821 0.1686 -0.9823

PART 57
OFFSET -42.5806 -4.2888 -19.5244
SCALE 1 1 1
X -0.4795 -0.8562 -0.1924
Y -0.8737 0.4862 0.0139
Z 0.0817 0.1748 -0.9812

PART 58
OFFSET -42.0606 -3.3603 -19.3157
SCALE 1 1 1
X 0.8960 0.4323 0.1015
Y -0.4437 0.8811 0.1638
Z -0.0186 -0.1918 0.9813

PART 59
OFFSET -32.9222 -6.3904 -18.8624
SCALE 1 1 1
X 0.9639 -0.2221 0.1469
Y 0.1687 0.9361 0.3086
Z -0.2060 -0.2727 0.9398

PART 60
OFFSET -40.3860 -6.3718 -21.9065
SCALE 1 1 1
X 0.7539 -0.5953 0.2778
Y -0.4557 -0.7785 -0.4316
Z 0.4732 0.1988 -0.8582

PART 61
OFFSET -41.7134 -5.3236 -22.3955
SCALE 1 1 1
X 0.4884 -0.8719 0.0347
Y -0.7196 -0.4249 -0.5493
Z 0.4937 0.2433 -0.8349

PART 62
OFFSET -42.2771 -4.2488 -22.4884
SCALE 1 1 1
X 0.2247 -0.9724 -0.0634
Y -0.8292 -0.1566 -0.5366
Z 0.5119 0.1732 -0.8414

PART 63
OFFSET -42.5309 -3.1505 -22.4168
SCALE 1 1 1
X 0.8193 0.5066 0.2684
Y -0.5287 0.8487 0.0120
Z -0.2217 -0.1518 0.9632

PART 64
OFFSET -40.7178 -6.3977 -20.8530
SCALE 1 1 1
X 0.8042 -0.5675 0.1765
Y -0.4882 -0.8002 -0.3483
Z 0.3389 0.1940 -0.9206

PART 65
OFFSET -42.2889 -5.2891 -21.1978
SCALE 1 1 1
X 0.1419 -0.9758 -0.1662
Y -0.9438 -0.0827 -0.3201
Z 0.2986 0.2023 -0.9327

PART 66
OFFSET -42.4962 -3.8638 -20.9550
SCALE 1 1 1
X -0.4068 -0.8596 -0.3093
Y -0.8801 0.4595 -0.1195
Z 0.2448 0.2236 -0.9434

PART 67
OFFSET -42.0378 -2.8915 -20.5981
SCALE 1 1 1
X 0.8584 0.3514 0.3738
Y -0.3923 0.9191 0.0370
Z -0.3306 -0.1784 0.9268

PART 68
OFFSET 0.0000 0.0000 0.0000
SCALE 1 1 1
X 1.0000 0.0000 0.0000
Y 0.0000 1.0000 0.0000
Z 0.0000 0.0000 1.0000

PART 69
OFFSET 0.0000 0.0000 0.0000
SCALE 1 1 1
X 0.9973 0.0736 0.0000
Y -0.0736 0.9973 0.0000
Z 0.0000 0.0000 1.0000

PART 70
OFFSET 0.0000 0.0000 0.0000
SCALE 1 1 1
X 0.9973 0.0736 0.0000
Y -0.0736 0.9973 0.0000
Z 0.0000 0.0000 1.0000

PART 71
OFFSET -44.0183 0.0592 -20.6909
SCALE 1 1 1
X 1.0000 0.0000 0.0000
Y 0.0000 1.0000 0.0000
Z 0.0000 0.0000 1.0000

PART 72
OFFSET -43.0580 -0.2826 -19.5688
SCALE 1 1 1
X -0.0019 -0.7600 0.6499
Y 1.0000 -0.0025 0.0000
Z 0.0016 0.6499 0.7600

PART 73
OFFSET -45.9705 0.1269 -19.1187
SCALE 1 1 1
X 0.9998 0.0000 0.0204
Y -0.0000 1.0000 0.0000
Z -0.0204 -0.0000 0.9998

PART 74
OFFSET -38.5848 0.1361 -19.5156
SCALE 1 1 1
X 1.0000 0.0000 0.0000
Y 0.0000 1.0000 0.0000
Z 0.0000 0.0000 1.0000

PART 75
OFFSET -45.3585 0.1308 -21.9282
SCALE 1 1 1
X 1.0000 0.0000 0.0000
Y 0.0000 1.0000 0.0000
Z 0.0000 0.0000 1.0000

PART 76
OFFSET -46.1423 0.1110 -20.4216
SCALE 1 1 1
X 1.0000 0.0000 0.0000
Y 0.0000 1.0000 0.0000
Z 0.0000 0.0000 1.0000

PART 77
OFFSET -43.1195 0.5040 -20.3050
SCALE 1 1 1
X 1.0000 0.0000 0.0000
Y 0.0000 1.0000 0.0000
Z 0.0000 0.0000 1.0000

PART 78
OFFSET 6.8804 -6.1757 -4.8574
SCALE 1 1 1
X 0.6427 0.4079 0.6485
Y 0.7375 -0.1001 -0.6679
Z -0.2075 0.9075 -0.3651

PART 79
OFFSET 0.0000 0.0000 0.0000
SCALE 1 1 1
X 1.0000 0.0000 0.0000
Y 0.0000 1.0000 0.0000
Z 0.0000 0.0000 1.0000


FRAME 28
PART 0
OFFSET 11.5073 -2.7585 -2.2584
SCALE 1 1 1
X 0.3228 -0.9356 0.1430
Y 0.5236 0.0507 -0.8505
Z 0.7885 0.3494 0.5062

PART 1
OFFSET 11.5073 -2.7585 -2.2584
SCALE 1 1 1
X 0.3228 -0.9356 0.1430
Y 0.5236 0.0507 -0.8505
Z 0.7885 0.3494 0.5062

PART 2
OFFSET -12.5735 -7.9715 -14.8788
SCALE 1 1 1
X 0.1939 -0.0134 0.9809
Y 0.0489 -0.9985 -0.0233
Z 0.9798 0.0524 -0.1930

PART 3
OFFSET -12.5735 -7.9715 -14.8788
SCALE 1 1 1
X 0.1939 -0.0134 0.9809
Y 0.0489 -0.9985 -0.0233
Z 0.9798 0.0524 -0.1930

PART 4
OFFSET 3.7921 0.0000 -1.3770
SCALE 1 1 1
X 1.0000 0.0000 0.0000
Y 0.0000 1.0000 0.0000
Z 0.0000 0.0000 1.0000

PART 5
OFFSET 2.7976 16.1463 -4.4802
SCALE 1 1 1
X 0.8290 -0.5557 -0.0623
Y -0.4419 -0.5827 -0.6820
Z 0.3427 0.5930 -0.7286

PART 6
OFFSET 12.8239 9.4257 -5.2342
SCALE 1 1 1
X -0.1430 -0.9625 0.2306
Y -0.9682 0.1844 0.1693
Z -0.2055 -0.1991 -0.9582

PART 7
OFFSET 11.6075 1.2394 -3.2728
SCALE 1 1 1
X -0.1430 -0.9625 0.2306
Y -0.8370 -0.0067 -0.5472
Z 0.5282 -0.2713 -0.8046

PART 8
OFFSET 12.4671 -0.0326 -1.9010
SCALE 1 1 1
X -0.1367 -0.9630 0.2322
Y 0.2198 0.1991 0.9550
Z -0.9659 0.1816 0.1844

PART 9
OFFSET 12.7948 -0.1515 -3.9522
SCALE 1 1 1
X -0.1367 -0.9630 0.2322
Y 0.2198 0.1991 0.9550
Z -0.9659 0.1816 0.1844

PART 10
OFFSET 10.4358 0.0260 -1.9541
SCALE 1 1 1
X -0.1367 -0.9630 0.2322
Y 0.2198 0.1991 0.9550
Z -0.9659 0.1816 0.1844

PART 11
OFFSET 9.7505 -0.4190 -3.4484
SCALE 1 1 1
X -0.1367 -0.9630 0.2322
Y 0.2198 0.1991 0.9550
Z -0.9659 0.1816 0.1844

PART 12
OFFSET 9.6524 -0.1911 -4.2119
SCALE 1 1 1
X -0.1367 -0.9630 0.2322
Y 0.2198 0.1991 0.9550
Z -0.9659 0.1816 0.1844

PART 13
OFFSET 11.1691 -1.7113 -2.5658
SCALE 1 1 1
X -0.0359 -0.9903 0.1340
Y -0.8448 -0.0415 -0.5335
Z 0.5339 -0.1324 -0.8351

PART 14
OFFSET 10.5569 -2.2512 -3.3633
SCALE 1 1 1
X 0.0507 -0.7084 -0.7040
Y -0.7881 0.4046 -0.4639
Z 0.6135 0.5783 -0.5377

PART 15
OFFSET 10.6219 -3.7073 -4.9586
SCALE 1 1 1
X 0.4515 -0.8915 0.0370
Y -0.4200 -0.2489 -0.8727
Z 0.7872 0.3785 -0.4868

PART 16
OFFSET 11.4640 -5.0893 -4.9014
SCALE 1 1 1
X 0.7196 -0.4662 0.5146
Y -0.0084 -0.7468 -0.6650
Z 0.6943 0.4742 -0.5413

PART 17
OFFSET 12.2738 -5.5844 -4.3810
SCALE 1 1 1
X 0.0835 -0.8027 0.5905
Y -0.9405 0.1325 0.3130
Z -0.3295 -0.5815 -0.7438

PART 18
OFFSET 12.1512 -2.5316 -2.0500
SCALE 1 1 1
X 0.5442 -0.7953 0.2671
Y 0.4888 0.0417 -0.8714
Z 0.6819 0.6048 0.4114

PART 19
OFFSET 13.3344 -4.4014 -1.6165
SCALE 1 1 1
X 0.4863 -0.3391 -0.8054
Y -0.2170 0.8459 -0.4872
Z 0.8464 0.4117 0.3377

PART 20
OFFSET 14.0229 -4.8815 -2.7567
SCALE 1 1 1
X -0.1479 0.8126 -0.5637
Y -0.4612 0.4476 0.7662
Z 0.8749 0.3733 0.3085

PART 21
OFFSET 13.8917 -4.1610 -3.2566
SCALE 1 1 1
X -0.5038 0.8169 0.2808
Y -0.1865 -0.4202 0.8880
Z 0.8435 0.3950 0.3640

PART 22
OFFSET 13.4131 -3.3849 -2.9898
SCALE 1 1 1
X 0.3804 -0.4182 -0.8249
Y 0.2900 -0.7930 0.5357
Z -0.8782 -0.4430 -0.1804

PART 23
OFFSET 11.5073 -2.7585 -2.2584
SCALE 1 1 1
X 0.3228 -0.9356 0.1430
Y 0.5236 0.0507 -0.8505
Z 0.7885 0.3494 0.5062

PART 24
OFFSET 12.4506 -5.1360 -1.7934
SCALE 1 1 1
X 0.4924 0.0139 -0.8703
Y -0.3337 0.9265 -0.1740
Z 0.8039 0.3761 0.4608

PART 25
OFFSET 13.2888 -5.1122 -3.2750
SCALE 1 1 1
X -0.3784 0.9231 -0.0686
Y -0.4305 -0.1099 0.8959
Z 0.8195 0.3685 0.4390

PART 26
OFFSET 12.7644 -3.8329 -3.3700
SCALE 1 1 1
X -0.5694 0.5094 0.6452
Y 0.0104 -0.7804 0.6252
Z 0.8220 0.3628 0.4390

PART 27
OFFSET 12.1469 -3.2804 -2.6703
SCALE 1 1 1
X 0.5010 0.0463 -0.8642
Y 0.2996 -0.9461 0.1230
Z -0.8120 -0.3205 -0.4879

PART 28
OFFSET 10.0032 -4.9011 -3.4474
SCALE 1 1 1
X 0.2780 -0.9606 -0.0030
Y -0.5539 -0.1628 0.8165
Z -0.7848 -0.2254 -0.5773

PART 29
OFFSET 10.1936 -5.5523 -2.1356
SCALE 1 1 1
X 0.5120 -0.3427 -0.7877
Y 0.0772 0.9316 -0.3551
Z 0.8555 0.1210 0.5034

PART 30
OFFSET 11.0950 -6.1556 -3.5225
SCALE 1 1 1
X 0.2953 0.7588 -0.5805
Y -0.4406 0.6473 0.6220
Z 0.8477 0.0721 0.5255

PART 31
OFFSET 11.4025 -5.2375 -4.2601
SCALE 1 1 1
X -0.2791 0.9342 0.2224
Y -0.4329 -0.3291 0.8392
Z 0.8572 0.1379 0.4962

PART 32
OFFSET 11.0873 -4.1823 -4.0089
SCALE 1 1 1
X 0.7227 0.0318 -0.6904
Y 0.0196 -0.9995 -0.0255
Z -0.6909 0.0049 -0.7229

PART 33
OFFSET 11.2096 -5.4253 -1.7210
SCALE 1 1 1
X 0.5342 -0.1087 -0.8384
Y -0.1026 0.9760 -0.1919
Z 0.8391 0.1885 0.5102

PART 34
OFFSET 12.2532 -5.6377 -3.3588
SCALE 1 1 1
X 0.0487 0.9041 -0.4246
Y -0.5766 0.3726 0.7272
Z 0.8156 0.2094 0.5394

PART 35
OFFSET 12.3243 -4.3172 -3.9790
SCALE 1 1 1
X -0.5870 0.5567 0.5878
Y -0.2070 -0.8052 0.5558
Z 0.7827 0.2046 0.5879

PART 36
OFFSET 11.6651 -3.6847 -3.3094
SCALE 1 1 1
X 0.5323 0.0743 -0.8433
Y 0.2772 -0.9565 0.0906
Z -0.7999 -0.2820 -0.5298

PART 37
OFFSET -44.0183 0.0592 -20.6909
SCALE 1 1 1
X 1.0000 0.0000 0.0000
Y 0.0000 1.0000 0.0000
Z 0.0000 0.0000 1.0000

PART 38
OFFSET -29.5855 -7.9373 -3.1869
SCALE 1 1 1
X 0.8886 0.0240 0.4581
Y -0.1333 -0.9421 0.3078
Z 0.4390 -0.3345 -0.8339

PART 39
OFFSET -40.3316 -8.2271 -8.7277
SCALE 1 1 1
X -0.2774 -0.1849 0.9428
Y -0.9545 -0.0584 -0.2923
Z 0.1091 -0.9810 -0.1603

PART 40
OFFSET -37.9719 -6.6545 -16.7465
SCALE 1 1 1
X -0.2774 -0.1849 0.9428
Y -0.9545 -0.0584 -0.2923
Z 0.1091 -0.9810 -0.1603

PART 41
OFFSET -36.9918 -5.2224 -17.7026
SCALE 1 1 1
X -0.2720 -0.1818 0.9450
Y -0.0946 0.9823 0.1618
Z -0.9576 -0.0454 -0.2844

PART 42
OFFSET -35.9033 -5.6902 -17.8814
SCALE 1 1 1
X -0.2720 -0.1818 0.9450
Y -0.0946 0.9823 0.1618
Z -0.9576 -0.0454 -0.2844

PART 43
OFFSET -35.9372 -6.9840 -18.2507
SCALE 1 1 1
X -0.2720 -0.1818 0.9450
Y -0.0946 0.9823 0.1618
Z -0.9576 -0.0454 -0.2844

PART 44
OFFSET -37.1214 -6.0877 -19.6368
SCALE 1 1 1
X 0.9201 0.0156 0.3914
Y -0.3818 -0.1878 0.9050
Z 0.0876 -0.9821 -0.1668

PART 45
OFFSET -37.2028 -5.5103 -20.6176
SCALE 1 1 1
X 0.4390 -0.5544 0.7071
Y -0.7555 0.1982 0.6245
Z -0.4863 -0.8083 -0.3318

PART 46
OFFSET -38.0477 -4.2887 -22.1873
SCALE 1 1 1
X 0.8985 -0.3526 0.2614
Y -0.3700 -0.2883 0.8831
Z -0.2360 -0.8903 -0.3895

PART 47
OFFSET -39.4938 -3.6370 -22.5129
SCALE 1 1 1
X 0.9235 -0.3036 -0.2344
Y 0.0896 -0.4235 0.9015
Z -0.3729 -0.8535 -0.3639

PART 48
OFFSET -40.4770 -3.2625 -22.2581
SCALE 1 1 1
X 0.9397 0.2369 0.2465
Y -0.2768 0.9504 0.1420
Z -0.2006 -0.2016 0.9587

PART 49
OFFSET -38.3265 -6.1035 -18.9652
SCALE 1 1 1
X 0.9761 0.0778 -0.2029
Y 0.0330 -0.9759 -0.2156
Z -0.2147 0.2038 -0.9552

PART 50
OFFSET -40.5550 -6.1290 -18.6221
SCALE 1 1 1
X 0.9429 -0.3290 -0.0521
Y -0.3330 -0.9295 -0.1584
Z 0.0037 0.1667 -0.9860

PART 51
OFFSET -41.8899 -5.6632 -18.5485
SCALE 1 1 1
X 0.2438 -0.9576 -0.1534
Y -0.9680 -0.2306 -0.0989
Z 0.0593 0.1726 -0.9832

PART 52
OFFSET -42.1060 -4.8141 -18.4125
SCALE 1 1 1
X -0.4385 -0.8869 -0.1454
Y -0.8987 0.4313 0.0792
Z -0.0076 0.1654 -0.9862

PART 53
OFFSET -41.6895 -3.9716 -18.2743
SCALE 1 1 1
X 0.9006 0.3837 0.2041
Y -0.3973 0.9172 0.0288
Z -0.1762 -0.1070 0.9785

PART 54
OFFSET -38.2629 -6.1193 -19.6761
SCALE 1 1 1
X 0.9934 0.0666 0.0936
Y 0.0854 -0.9730 -0.2144
Z 0.0768 0.2209 -0.9723

PART 55
OFFSET -40.8506 -6.3464 -19.7792
SCALE 1 1 1
X 0.9111 -0.4115 -0.0216
Y -0.4085 -0.8950 -0.1792
Z 0.0544 0.1721 -0.9836

PART 56
OFFSET -42.4018 -5.6458 -19.7424
SCALE 1 1 1
X 0.1290 -0.9791 -0.1573
Y -0.9882 -0.1138 -0.1021
Z 0.0821 0.1686 -0.9823

PART 57
OFFSET -42.5806 -4.2888 -19.5244
SCALE 1 1 1
X -0.4795 -0.8562 -0.1924
Y -0.8737 0.4862 0.0139
Z 0.0817 0.1748 -0.9812

PART 58
OFFSET -42.0606 -3.3603 -19.3157
SCALE 1 1 1
X 0.8960 0.4323 0.1015
Y -0.4437 0.8811 0.1638
Z -0.0186 -0.1918 0.9813

PART 59
OFFSET -32.9222 -6.3904 -18.8624
SCALE 1 1 1
X 0.9639 -0.2221 0.1469
Y 0.1687 0.9361 0.3086
Z -0.2060 -0.2727 0.9398

PART 60
OFFSET -40.3860 -6.3718 -21.9065
SCALE 1 1 1
X 0.7539 -0.5953 0.2778
Y -0.4557 -0.7785 -0.4316
Z 0.4732 0.1988 -0.8582

PART 61
OFFSET -41.7134 -5.3236 -22.3955
SCALE 1 1 1
X 0.4884 -0.8719 0.0347
Y -0.7196 -0.4249 -0.5493
Z 0.4937 0.2433 -0.8349

PART 62
OFFSET -42.2771 -4.2488 -22.4884
SCALE 1 1 1
X 0.2247 -0.9724 -0.0634
Y -0.8292 -0.1566 -0.5366
Z 0.5119 0.1732 -0.8414

PART 63
OFFSET -42.5309 -3.1505 -22.4168
SCALE 1 1 1
X 0.8193 0.5066 0.2684
Y -0.5287 0.8487 0.0120
Z -0.2217 -0.1518 0.9632

PART 64
OFFSET -40.7178 -6.3977 -20.8530
SCALE 1 1 1
X 0.8042 -0.5675 0.1765
Y -0.4882 -0.8002 -0.3483
Z 0.3389 0.1940 -0.9206

PART 65
OFFSET -42.2889 -5.2891 -21.1978
SCALE 1 1 1
X 0.1419 -0.9758 -0.1662
Y -0.9438 -0.0827 -0.3201
Z 0.2986 0.2023 -0.9327

PART 66
OFFSET -42.4962 -3.8638 -20.9550
SCALE 1 1 1
X -0.4068 -0.8596 -0.3093
Y -0.8801 0.4595 -0.1195
Z 0.2448 0.2236 -0.9434

PART 67
OFFSET -42.0378 -2.8915 -20.5981
SCALE 1 1 1
X 0.8584 0.3514 0.3738
Y -0.3923 0.9191 0.0370
Z -0.3306 -0.1784 0.9268

PART 68
OFFSET 0.0000 0.0000 0.0000
SCALE 1 1 1
X 1.0000 0.0000 0.0000
Y 0.0000 1.0000 0.0000
Z 0.0000 0.0000 1.0000

PART 69
OFFSET 0.0000 0.0000 0.0000
SCALE 1 1 1
X 0.9973 0.0728 0.0056
Y -0.0728 0.9973 -0.0050
Z -0.0060 0.0045 1.0000

PART 70
OFFSET 0.0000 0.0000 0.0000
SCALE 1 1 1
X 0.9973 0.0728 0.0056
Y -0.0728 0.9973 -0.0050
Z -0.0060 0.0045 1.0000

PART 71
OFFSET -44.0183 0.0592 -20.6909
SCALE 1 1 1
X 1.0000 0.0000 0.0000
Y 0.0000 1.0000 0.0000
Z 0.0000 0.0000 1.0000

PART 72
OFFSET -43.0580 -0.2826 -19.5688
SCALE 1 1 1
X -0.0019 -0.7600 0.6499
Y 1.0000 -0.0025 0.0000
Z 0.0016 0.6499 0.7600

PART 73
OFFSET -45.9705 0.1269 -19.1187
SCALE 1 1 1
X 0.9998 0.0000 0.0204
Y -0.0000 1.0000 0.0000
Z -0.0204 -0.0000 0.9998

PART 74
OFFSET -38.5848 0.1361 -19.5156
SCALE 1 1 1
X 1.0000 0.0000 0.0000
Y 0.0000 1.0000 0.0000
Z 0.0000 0.0000 1.0000

PART 75
OFFSET -45.3585 0.1308 -21.9282
SCALE 1 1 1
X 1.0000 0.0000 0.0000
Y 0.0000 1.0000 0.0000
Z 0.0000 0.0000 1.0000

PART 76
OFFSET -46.1423 0.1110 -20.4216
SCALE 1 1 1
X 1.0000 0.0000 0.0000
Y 0.0000 1.0000 0.0000
Z 0.0000 0.0000 1.0000

PART 77
OFFSET -43.1195 0.5040 -20.3050
SCALE 1 1 1
X 1.0000 0.0000 0.0000
Y 0.0000 1.0000 0.0000
Z 0.0000 0.0000 1.0000

PART 78
OFFSET 12.1559 -4.4691 -3.1024
SCALE 1 1 1
X 0.8601 0.3751 0.3458
Y 0.3670 0.0161 -0.9301
Z -0.3544 0.9268 -0.1239

PART 79
OFFSET 0.0000 0.0000 0.0000
SCALE 1 1 1
X 1.0000 0.0000 0.0000
Y 0.0000 1.0000 0.0000
Z 0.0000 0.0000 1.0000


FRAME 29
PART 0
OFFSET 18.2973 2.8420 0.1652
SCALE 1 1 1
X 0.2214 -0.8756 0.4293
Y 0.1926 -0.3923 -0.8995
Z 0.9560 0.2818 0.0818

PART 1
OFFSET 18.2973 2.8420 0.1652
SCALE 1 1 1
X 0.2214 -0.8756 0.4293
Y 0.1926 -0.3923 -0.8995
Z 0.9560 0.2818 0.0818

PART 2
OFFSET -12.5735 -7.9715 -14.8788
SCALE 1 1 1
X 0.1939 -0.0134 0.9809
Y 0.0489 -0.9985 -0.0233
Z 0.9798 0.0524 -0.1930

PART 3
OFFSET -12.5735 -7.9715 -14.8788
SCALE 1 1 1
X 0.1939 -0.0134 0.9809
Y 0.0489 -0.9985 -0.0233
Z 0.9798 0.0524 -0.1930

PART 4
OFFSET 3.7921 0.0000 -1.3770
SCALE 1 1 1
X 1.0000 0.0000 0.0000
Y 0.0000 1.0000 0.0000
Z 0.0000 0.0000 1.0000

PART 5
OFFSET 3.6912 17.4300 -4.7814
SCALE 1 1 1
X 0.9653 -0.2596 0.0269
Y -0.1913 -0.7737 -0.6040
Z 0.1776 0.5779 -0.7965

PART 6
OFFSET 15.3659 14.2902 -4.4563
SCALE 1 1 1
X 0.2293 -0.9097 0.3463
Y -0.9705 -0.1866 0.1524
Z -0.0740 -0.3710 -0.9257

PART 7
OFFSET 17.3161 6.5530 -1.5110
SCALE 1 1 1
X 0.2293 -0.9097 0.3463
Y -0.9589 -0.2722 -0.0801
Z 0.1672 -0.3137 -0.9347

PART 8
OFFSET 18.6876 5.8123 -0.3209
SCALE 1 1 1
X 0.2353 -0.9075 0.3479
Y 0.0873 0.3762 0.9224
Z -0.9680 -0.1867 0.1677

PART 9
OFFSET 18.7518 5.6043 -2.0260
SCALE 1 1 1
X 0.2353 -0.9075 0.3479
Y 0.0873 0.3762 0.9224
Z -0.9680 -0.1867 0.1677

PART 10
OFFSET 16.4148 4.8668 0.0855
SCALE 1 1 1
X 0.2353 -0.9075 0.3479
Y 0.0873 0.3762 0.9224
Z -0.9680 -0.1867 0.1677

PART 11
OFFSET 16.0749 4.3414 -1.2373
SCALE 1 1 1
X 0.2353 -0.9075 0.3479
Y 0.0873 0.3762 0.9224
Z -0.9680 -0.1867 0.1677

PART 12
OFFSET 16.7294 4.6376 -2.0003
SCALE 1 1 1
X 0.2353 -0.9075 0.3479
Y 0.0873 0.3762 0.9224
Z -0.9680 -0.1867 0.1677

PART 13
OFFSET 18.0190 3.7642 -0.4494
SCALE 1 1 1
X -0.1214 -0.8325 0.5405
Y -0.9757 -0.0000 -0.2192
Z 0.1825 -0.5540 -0.8123

PART 14
OFFSET 17.0978 3.1622 -0.7513
SCALE 1 1 1
X -0.2974 -0.8967 -0.3279
Y -0.8377 0.4099 -0.3609
Z 0.4580 0.1674 -0.8731

PART 15
OFFSET 16.3978 1.2775 -1.5435
SCALE 1 1 1
X 0.3094 -0.9074 0.2844
Y -0.7300 -0.4182 -0.5406
Z 0.6095 -0.0403 -0.7918

PART 16
OFFSET 17.0090 -0.1670 -1.1409
SCALE 1 1 1
X 0.7837 -0.4292 0.4490
Y -0.3437 -0.9018 -0.2621
Z 0.5174 0.0511 -0.8542

PART 17
OFFSET 17.8744 -0.6441 -0.6990
SCALE 1 1 1
X 0.1754 -0.5355 0.8261
Y -0.7427 0.4789 0.4681
Z -0.6463 -0.6956 -0.3137

PART 18
OFFSET 18.9979 2.9478 0.0786
SCALE 1 1 1
X 0.4893 -0.7649 0.4190
Y 0.1518 -0.3984 -0.9046
Z 0.8588 0.5062 -0.0788

PART 19
OFFSET 19.9907 1.1066 0.9205
SCALE 1 1 1
X 0.1207 -0.7164 -0.6871
Y -0.2568 0.6461 -0.7187
Z 0.9589 0.2632 -0.1060

PART 20
OFFSET 20.1615 0.0923 -0.0523
SCALE 1 1 1
X -0.2243 0.5710 -0.7897
Y -0.0964 0.7934 0.6010
Z 0.9697 0.2109 -0.1229

PART 21
OFFSET 19.9627 0.5986 -0.7525
SCALE 1 1 1
X -0.2561 0.9660 0.0366
Y 0.0823 -0.0159 0.9965
Z 0.9631 0.2582 -0.0754

PART 22
OFFSET 19.7194 1.5162 -0.7177
SCALE 1 1 1
X 0.0049 -0.7662 -0.6426
Y 0.3487 -0.6010 0.7192
Z -0.9372 -0.2276 0.2642

PART 23
OFFSET 18.2973 2.8420 0.1652
SCALE 1 1 1
X 0.2214 -0.8756 0.4293
Y 0.1926 -0.3923 -0.8995
Z 0.9560 0.2818 0.0818

PART 24
OFFSET 19.0096 0.6200 1.3113
SCALE 1 1 1
X 0.1517 -0.4239 -0.8929
Y -0.2437 0.8594 -0.4494
Z 0.9579 0.2858 0.0271

PART 25
OFFSET 19.2679 -0.1017 -0.2088
SCALE 1 1 1
X -0.2484 0.9053 -0.3446
Y -0.0985 0.3303 0.9387
Z 0.9636 0.2671 0.0072

PART 26
OFFSET 18.9237 1.1530 -0.6864
SCALE 1 1 1
X -0.2307 0.8352 0.4992
Y 0.1230 -0.4839 0.8664
Z 0.9652 0.2613 0.0089

PART 27
OFFSET 18.6734 2.0588 -0.1450
SCALE 1 1 1
X 0.1663 -0.3950 -0.9035
Y 0.1914 -0.8859 0.4226
Z -0.9673 -0.2432 -0.0717

PART 28
OFFSET 16.1934 0.9008 0.4333
SCALE 1 1 1
X 0.1252 -0.9374 0.3251
Y -0.2479 0.2877 0.9251
Z -0.9607 -0.1964 -0.1964

PART 29
OFFSET 16.7422 0.7261 1.7932
SCALE 1 1 1
X 0.1502 -0.7203 -0.6772
Y 0.0739 0.6912 -0.7189
Z 0.9859 0.0580 0.1570

PART 30
OFFSET 17.0067 -0.5422 0.6009
SCALE 1 1 1
X 0.1729 0.3990 -0.9005
Y -0.1008 0.9166 0.3868
Z 0.9798 0.0239 0.1987

PART 31
OFFSET 17.1574 -0.0585 -0.5059
SCALE 1 1 1
X -0.0526 0.9910 -0.1234
Y -0.1506 0.1143 0.9820
Z 0.9872 0.0702 0.1432

PART 32
OFFSET 17.0980 1.0608 -0.6452
SCALE 1 1 1
X 0.4307 -0.4060 -0.8060
Y -0.1274 -0.9115 0.3911
Z -0.8935 -0.0658 -0.4443

PART 33
OFFSET 17.8464 0.7155 1.8277
SCALE 1 1 1
X 0.1849 -0.5339 -0.8251
Y -0.0292 0.8362 -0.5477
Z 0.9823 0.1253 0.1390

PART 34
OFFSET 18.2076 -0.3275 0.2159
SCALE 1 1 1
X 0.0192 0.6497 -0.7600
Y -0.2272 0.7430 0.6295
Z 0.9736 0.1606 0.1619

PART 35
OFFSET 18.2357 0.6214 -0.8941
SCALE 1 1 1
X -0.2608 0.8622 0.4343
Y -0.1062 -0.4727 0.8748
Z 0.9595 0.1820 0.2148

PART 36
OFFSET 17.9472 1.5995 -0.4014
SCALE 1 1 1
X 0.2064 -0.3708 -0.9055
Y 0.1579 -0.9006 0.4049
Z -0.9656 -0.2265 -0.1274

PART 37
OFFSET -44.0183 0.0592 -20.6909
SCALE 1 1 1
X 1.0000 0.0000 0.0000
Y 0.0000 1.0000 0.0000
Z 0.0000 0.0000 1.0000

PART 38
OFFSET -29.5855 -7.9373 -3.1869
SCALE 1 1 1
X 0.8886 0.0240 0.4581
Y -0.1333 -0.9421 0.3078
Z 0.4390 -0.3345 -0.8339

PART 39
OFFSET -40.3316 -8.2271 -8.7277
SCALE 1 1 1
X -0.2774 -0.1849 0.9428
Y -0.9545 -0.0584 -0.2923
Z 0.1091 -0.9810 -0.1603

PART 40
OFFSET -37.9719 -6.6545 -16.7465
SCALE 1 1 1
X -0.2774 -0.1849 0.9428
Y -0.9545 -0.0584 -0.2923
Z 0.1091 -0.9810 -0.1603

PART 41
OFFSET -36.9918 -5.2224 -17.7026
SCALE 1 1 1
X -0.2720 -0.1818 0.9450
Y -0.0946 0.9823 0.1618
Z -0.9576 -0.0454 -0.2844

PART 42
OFFSET -35.9033 -5.6902 -17.8814
SCALE 1 1 1
X -0.2720 -0.1818 0.9450
Y -0.0946 0.9823 0.1618
Z -0.9576 -0.0454 -0.2844

PART 43
OFFSET -35.9372 -6.9840 -18.2507
SCALE 1 1 1
X -0.2720 -0.1818 0.9450
Y -0.0946 0.9823 0.1618
Z -0.9576 -0.0454 -0.2844

PART 44
OFFSET -37.1214 -6.0877 -19.6368
SCALE 1 1 1
X 0.9201 0.0156 0.3914
Y -0.3818 -0.1878 0.9050
Z 0.0876 -0.9821 -0.1668

PART 45
OFFSET -37.2028 -5.5103 -20.6176
SCALE 1 1 1
X 0.4390 -0.5544 0.7071
Y -0.7555 0.1982 0.6245
Z -0.4863 -0.8083 -0.3318

PART 46
OFFSET -38.0477 -4.2887 -22.1873
SCALE 1 1 1
X 0.8985 -0.3526 0.2614
Y -0.3700 -0.2883 0.8831
Z -0.2360 -0.8903 -0.3895

PART 47
OFFSET -39.4938 -3.6370 -22.5129
SCALE 1 1 1
X 0.9235 -0.3036 -0.2344
Y 0.0896 -0.4235 0.9015
Z -0.3729 -0.8535 -0.3639

PART 48
OFFSET -40.4770 -3.2625 -22.2581
SCALE 1 1 1
X 0.9397 0.2369 0.2465
Y -0.2768 0.9504 0.1420
Z -0.2006 -0.2016 0.9587

PART 49
OFFSET -38.3265 -6.1035 -18.9652
SCALE 1 1 1
X 0.9761 0.0778 -0.2029
Y 0.0330 -0.9759 -0.2156
Z -0.2147 0.2038 -0.9552

PART 50
OFFSET -40.5550 -6.1290 -18.6221
SCALE 1 1 1
X 0.9429 -0.3290 -0.0521
Y -0.3330 -0.9295 -0.1584
Z 0.0037 0.1667 -0.9860

PART 51
OFFSET -41.8899 -5.6632 -18.5485
SCALE 1 1 1
X 0.2438 -0.9576 -0.1534
Y -0.9680 -0.2306 -0.0989
Z 0.0593 0.1726 -0.9832

PART 52
OFFSET -42.1060 -4.8141 -18.4125
SCALE 1 1 1
X -0.4385 -0.8869 -0.1454
Y -0.8987 0.4313 0.0792
Z -0.0076 0.1654 -0.9862

PART 53
OFFSET -41.6895 -3.9716 -18.2743
SCALE 1 1 1
X 0.9006 0.3837 0.2041
Y -0.3973 0.9172 0.0288
Z -0.1762 -0.1070 0.9785

PART 54
OFFSET -38.2629 -6.1193 -19.6761
SCALE 1 1 1
X 0.9934 0.0666 0.0936
Y 0.0854 -0.9730 -0.2144
Z 0.0768 0.2209 -0.9723

PART 55
OFFSET -40.8506 -6.3464 -19.7792
SCALE 1 1 1
X 0.9111 -0.4115 -0.0216
Y -0.4085 -0.8950 -0.1792
Z 0.0544 0.1721 -0.9836

PART 56
OFFSET -42.4018 -5.6458 -19.7424
SCALE 1 1 1
X 0.1290 -0.9791 -0.1573
Y -0.9882 -0.1138 -0.1021
Z 0.0821 0.1686 -0.9823

PART 57
OFFSET -42.5806 -4.2888 -19.5244
SCALE 1 1 1
X -0.4795 -0.8562 -0.1924
Y -0.8737 0.4862 0.0139
Z 0.0817 0.1748 -0.9812

PART 58
OFFSET -42.0606 -3.3603 -19.3157
SCALE 1 1 1
X 0.8960 0.4323 0.1015
Y -0.4437 0.8811 0.1638
Z -0.0186 -0.1918 0.9813

PART 59
OFFSET -32.9222 -6.3904 -18.8624
SCALE 1 1 1
X 0.9639 -0.2221 0.1469
Y 0.1687 0.9361 0.3086
Z -0.2060 -0.2727 0.9398

PART 60
OFFSET -40.3860 -6.3718 -21.9065
SCALE 1 1 1
X 0.7539 -0.5953 0.2778
Y -0.4557 -0.7785 -0.4316
Z 0.4732 0.1988 -0.8582

PART 61
OFFSET -41.7134 -5.3236 -22.3955
SCALE 1 1 1
X 0.4884 -0.8719 0.0347
Y -0.7196 -0.4249 -0.5493
Z 0.4937 0.2433 -0.8349

PART 62
OFFSET -42.2771 -4.2488 -22.4884
SCALE 1 1 1
X 0.2247 -0.9724 -0.0634
Y -0.8292 -0.1566 -0.5366
Z 0.5119 0.1732 -0.8414

PART 63
OFFSET -42.5309 -3.1505 -22.4168
SCALE 1 1 1
X 0.8193 0.5066 0.2684
Y -0.5287 0.8487 0.0120
Z -0.2217 -0.1518 0.9632

PART 64
OFFSET -40.7178 -6.3977 -20.8530
SCALE 1 1 1
X 0.8042 -0.5675 0.1765
Y -0.4882 -0.8002 -0.3483
Z 0.3389 0.1940 -0.9206

PART 65
OFFSET -42.2889 -5.2891 -21.1978
SCALE 1 1 1
X 0.1419 -0.9758 -0.1662
Y -0.9438 -0.0827 -0.3201
Z 0.2986 0.2023 -0.9327

PART 66
OFFSET -42.4962 -3.8638 -20.9550
SCALE 1 1 1
X -0.4068 -0.8596 -0.3093
Y -0.8801 0.4595 -0.1195
Z 0.2448 0.2236 -0.9434

PART 67
OFFSET -42.0378 -2.8915 -20.5981
SCALE 1 1 1
X 0.8584 0.3514 0.3738
Y -0.3923 0.9191 0.0370
Z -0.3306 -0.1784 0.9268

PART 68
OFFSET 0.0000 0.0000 0.0000
SCALE 1 1 1
X 1.0000 0.0000 0.0000
Y 0.0000 1.0000 0.0000
Z 0.0000 0.0000 1.0000

PART 69
OFFSET 0.0000 0.0000 0.0000
SCALE 1 1 1
X 0.9972 0.0706 0.0263
Y -0.0701 0.9974 -0.0187
Z -0.0275 0.0168 0.9995

PART 70
OFFSET 0.0000 0.0000 0.0000
SCALE 1 1 1
X 0.9972 0.0706 0.0263
Y -0.0701 0.9974 -0.0187
Z -0.0275 0.0168 0.9995

PART 71
OFFSET -44.0183 0.0592 -20.6909
SCALE 1 1 1
X 1.0000 0.0000 0.0000
Y 0.0000 1.0000 0.0000
Z 0.0000 0.0000 1.0000

PART 72
OFFSET -43.0580 -0.2826 -19.5688
SCALE 1 1 1
X -0.0019 -0.7600 0.6499
Y 1.0000 -0.0025 0.0000
Z 0.0016 0.6499 0.7600

PART 73
OFFSET -45.9705 0.1269 -19.1187
SCALE 1 1 1
X 0.9998 0.0000 0.0204
Y -0.0000 1.0000 0.0000
Z -0.0204 -0.0000 0.9998

PART 74
OFFSET -38.5848 0.1361 -19.5156
SCALE 1 1 1
X 1.0000 0.0000 0.0000
Y 0.0000 1.0000 0.0000
Z 0.0000 0.0000 1.0000

PART 75
OFFSET -45.3585 0.1308 -21.9282
SCALE 1 1 1
X 1.0000 0.0000 0.0000
Y 0.0000 1.0000 0.0000
Z 0.0000 0.0000 1.0000

PART 76
OFFSET -46.1423 0.1110 -20.4216
SCALE 1 1 1
X 1.0000 0.0000 0.0000
Y 0.0000 1.0000 0.0000
Z 0.0000 0.0000 1.0000

PART 77
OFFSET -43.1195 0.5040 -20.3050
SCALE 1 1 1
X 1.0000 0.0000 0.0000
Y 0.0000 1.0000 0.0000
Z 0.0000 0.0000 1.0000

PART 78
OFFSET 18.3674 0.8375 -0.0248
SCALE 1 1 1
X 0.9694 0.2296 -0.0873
Y 0.0149 -0.4097 -0.9121
Z -0.2452 0.8829 -0.4005

PART 79
OFFSET 0.0000 0.0000 0.0000
SCALE 1 1 1
X 1.0000 0.0000 0.0000
Y 0.0000 1.0000 0.0000
Z 0.0000 0.0000 1.0000


FRAME 30
PART 0
OFFSET 18.0768 3.3567 0.5633
SCALE 1 1 1
X 0.0957 -0.8357 0.5407
Y 0.3328 -0.4851 -0.8087
Z 0.9381 0.2574 0.2317

PART 1
OFFSET 18.0768 3.3567 0.5633
SCALE 1 1 1
X 0.0957 -0.8357 0.5407
Y 0.3328 -0.4851 -0.8087
Z 0.9381 0.2574 0.2317

PART 2
OFFSET -12.5735 -7.9715 -14.8788
SCALE 1 1 1
X 0.1939 -0.0134 0.9809
Y 0.0489 -0.9985 -0.0233
Z 0.9798 0.0524 -0.1930

PART 3
OFFSET -12.5735 -7.9715 -14.8788
SCALE 1 1 1
X 0.1939 -0.0134 0.9809
Y 0.0489 -0.9985 -0.0233
Z 0.9798 0.0524 -0.1930

PART 4
OFFSET 3.7921 0.0000 -1.3770
SCALE 1 1 1
X 1.0000 0.0000 0.0000
Y 0.0000 1.0000 0.0000
Z 0.0000 0.0000 1.0000

PART 5
OFFSET 4.3944 17.8001 -4.7408
SCALE 1 1 1
X 0.9640 -0.2653 -0.0165
Y -0.2327 -0.8124 -0.5347
Z 0.1284 0.5193 -0.8449

PART 6
OFFSET 16.0533 14.5919 -4.9403
SCALE 1 1 1
X 0.1649 -0.8962 0.4120
Y -0.9771 -0.0914 0.1923
Z -0.1347 -0.4342 -0.8907

PART 7
OFFSET 17.4557 6.9697 -1.4364
SCALE 1 1 1
X 0.1649 -0.8962 0.4120
Y -0.9384 -0.2711 -0.2141
Z 0.3036 -0.3513 -0.8857

PART 8
OFFSET 18.7544 6.2413 -0.1263
SCALE 1 1 1
X 0.1711 -0.8944 0.4133
Y 0.1483 0.4380 0.8866
Z -0.9740 -0.0904 0.2076

PART 9
OFFSET 18.8652 5.8791 -1.9134
SCALE 1 1 1
X 0.1711 -0.8944 0.4133
Y 0.1483 0.4380 0.8866
Z -0.9740 -0.0904 0.2076

PART 10
OFFSET 16.5530 5.5742 0.2607
SCALE 1 1 1
X 0.1711 -0.8944 0.4133
Y 0.1483 0.4380 0.8866
Z -0.9740 -0.0904 0.2076

PART 11
OFFSET 16.0963 4.8648 -1.0489
SCALE 1 1 1
X 0.1711 -0.8944 0.4133
Y 0.1483 0.4380 0.8866
Z -0.9740 -0.0904 0.2076

PART 12
OFFSET 16.4764 5.0065 -1.8221
SCALE 1 1 1
X 0.1711 -0.8944 0.4133
Y 0.1483 0.4380 0.8866
Z -0.9740 -0.0904 0.2076

PART 13
OFFSET 17.9612 4.2224 -0.1734
SCALE 1 1 1
X -0.2590 -0.7708 0.5820
Y -0.9184 0.0100 -0.3954
Z 0.2990 -0.6370 -0.7105

PART 14
OFFSET 17.0811 3.6237 -0.5850
SCALE 1 1 1
X -0.2775 -0.9145 -0.2944
Y -0.7368 0.3992 -0.5457
Z 0.6166 0.0655 -0.7845

PART 15
OFFSET 16.4431 1.6938 -1.3185
SCALE 1 1 1
X 0.2068 -0.8845 0.4181
Y -0.6397 -0.4456 -0.6262
Z 0.7402 -0.1379 -0.6580

PART 16
OFFSET 16.8981 0.2770 -0.6798
SCALE 1 1 1
X 0.6668 -0.4081 0.6236
Y -0.3351 -0.9116 -0.2382
Z 0.6657 -0.0501 -0.7445

PART 17
OFFSET 17.6439 -0.1821 -0.0436
SCALE 1 1 1
X -0.0045 -0.4569 0.8895
Y -0.7904 0.5465 0.2767
Z -0.6126 -0.7019 -0.3635

PART 18
OFFSET 18.7859 3.4306 0.5989
SCALE 1 1 1
X 0.3662 -0.7353 0.5702
Y 0.2933 -0.4903 -0.8207
Z 0.8831 0.4678 0.0361

PART 19
OFFSET 19.5161 1.6502 1.7742
SCALE 1 1 1
X 0.2074 -0.7842 -0.5848
Y -0.0895 0.5801 -0.8096
Z 0.9742 0.2202 0.0501

PART 20
OFFSET 19.8097 0.5399 0.9463
SCALE 1 1 1
X -0.0484 0.4973 -0.8662
Y -0.1641 0.8515 0.4980
Z 0.9853 0.1662 0.0404

PART 21
OFFSET 19.7668 0.9808 0.1782
SCALE 1 1 1
X -0.2099 0.9727 -0.0995
Y -0.1008 0.0797 0.9917
Z 0.9725 0.2182 0.0813

PART 22
OFFSET 19.5674 1.9049 0.0837
SCALE 1 1 1
X 0.0831 -0.8255 -0.5582
Y 0.1818 -0.5382 0.8230
Z -0.9798 -0.1699 0.1054

PART 23
OFFSET 18.0768 3.3567 0.5633
SCALE 1 1 1
X 0.0957 -0.8357 0.5407
Y 0.3328 -0.4851 -0.8087
Z 0.9381 0.2574 0.2317

PART 24
OFFSET 18.4573 1.2366 2.0189
SCALE 1 1 1
X 0.2898 -0.5146 -0.8070
Y -0.1148 0.8184 -0.5631
Z 0.9502 0.2558 0.1781

PART 25
OFFSET 18.9507 0.3605 0.6451
SCALE 1 1 1
X -0.1362 0.8745 -0.4655
Y -0.2506 0.4242 0.8702
Z 0.9585 0.2351 0.1614

PART 26
OFFSET 18.7620 1.5725 -0.0001
SCALE 1 1 1
X -0.2754 0.8874 0.3697
Y -0.0606 -0.3998 0.9146
Z 0.9594 0.2295 0.1639

PART 27
OFFSET 18.4633 2.5349 0.4008
SCALE 1 1 1
X 0.3075 -0.4874 -0.8173
Y 0.0670 -0.8457 0.5295
Z -0.9492 -0.2176 -0.2274

PART 28
OFFSET 15.8648 1.5206 0.6121
SCALE 1 1 1
X 0.0171 -0.9043 0.4265
Y -0.3970 0.3854 0.8330
Z -0.9177 -0.1836 -0.3524

PART 29
OFFSET 16.1483 1.4631 2.0603
SCALE 1 1 1
X 0.2344 -0.7881 -0.5692
Y 0.2376 0.6142 -0.7525
Z 0.9427 0.0412 0.3312

PART 30
OFFSET 16.5609 0.0756 1.0581
SCALE 1 1 1
X 0.3532 0.3025 -0.8853
Y -0.1233 0.9531 0.2764
Z 0.9274 0.0115 0.3739

PART 31
OFFSET 16.9340 0.4426 -0.0409
SCALE 1 1 1
X 0.0203 0.9752 -0.2206
Y -0.3204 0.2153 0.9225
Z 0.9471 0.0519 0.3168

PART 32
OFFSET 16.9570 1.5441 -0.2900
SCALE 1 1 1
X 0.5490 -0.4972 -0.6718
Y -0.2417 -0.8639 0.4419
Z -0.8001 -0.0802 -0.5944

PART 33
OFFSET 17.2259 1.4202 2.2998
SCALE 1 1 1
X 0.3046 -0.6184 -0.7244
Y 0.1126 0.7786 -0.6173
Z 0.9458 0.1065 0.3068

PART 34
OFFSET 17.8210 0.2121 0.8846
SCALE 1 1 1
X 0.1893 0.5706 -0.7991
Y -0.3002 0.8085 0.5062
Z 0.9349 0.1441 0.3244

PART 35
OFFSET 18.0974 1.0456 -0.2826
SCALE 1 1 1
X -0.2918 0.9088 0.2982
Y -0.2867 -0.3805 0.8792
Z 0.9125 0.1711 0.3716

PART 36
OFFSET 17.7736 2.0764 0.0571
SCALE 1 1 1
X 0.3485 -0.4648 -0.8139
Y 0.0366 -0.8610 0.5073
Z -0.9366 -0.2066 -0.2831

PART 37
OFFSET -44.0183 0.0592 -20.6909
SCALE 1 1 1
X 1.0000 0.0000 0.0000
Y 0.0000 1.0000 0.0000
Z 0.0000 0.0000 1.0000

PART 38
OFFSET -29.5855 -7.9373 -3.1869
SCALE 1 1 1
X 0.8886 0.0240 0.4581
Y -0.1333 -0.9421 0.3078
Z 0.4390 -0.3345 -0.8339

PART 39
OFFSET -40.3316 -8.2271 -8.7277
SCALE 1 1 1
X -0.2774 -0.1849 0.9428
Y -0.9545 -0.0584 -0.2923
Z 0.1091 -0.9810 -0.1603

PART 40
OFFSET -37.9719 -6.6545 -16.7465
SCALE 1 1 1
X -0.2774 -0.1849 0.9428
Y -0.9545 -0.0584 -0.2923
Z 0.1091 -0.9810 -0.1603

PART 41
OFFSET -36.9918 -5.2224 -17.7026
SCALE 1 1 1
X -0.2720 -0.1818 0.9450
Y -0.0946 0.9823 0.1618
Z -0.9576 -0.0454 -0.2844

PART 42
OFFSET -35.9033 -5.6902 -17.8814
SCALE 1 1 1
X -0.2720 -0.1818 0.9450
Y -0.0946 0.9823 0.1618
Z -0.9576 -0.0454 -0.2844

PART 43
OFFSET -35.9372 -6.9840 -18.2507
SCALE 1 1 1
X -0.2720 -0.1818 0.9450
Y -0.0946 0.9823 0.1618
Z -0.9576 -0.0454 -0.2844

PART 44
OFFSET -37.1214 -6.0877 -19.6368
SCALE 1 1 1
X 0.9201 0.0156 0.3914
Y -0.3818 -0.1878 0.9050
Z 0.0876 -0.9821 -0.1668

PART 45
OFFSET -37.2028 -5.5103 -20.6176
SCALE 1 1 1
X 0.4390 -0.5544 0.7071
Y -0.7555 0.1982 0.6245
Z -0.4863 -0.8083 -0.3318

PART 46
OFFSET -38.0477 -4.2887 -22.1873
SCALE 1 1 1
X 0.8985 -0.3526 0.2614
Y -0.3700 -0.2883 0.8831
Z -0.2360 -0.8903 -0.3895

PART 47
OFFSET -39.4938 -3.6370 -22.5129
SCALE 1 1 1
X 0.9235 -0.3036 -0.2344
Y 0.0896 -0.4235 0.9015
Z -0.3729 -0.8535 -0.3639

PART 48
OFFSET -40.4770 -3.2625 -22.2581
SCALE 1 1 1
X 0.9397 0.2369 0.2465
Y -0.2768 0.9504 0.1420
Z -0.2006 -0.2016 0.9587

PART 49
OFFSET -38.3265 -6.1035 -18.9652
SCALE 1 1 1
X 0.9761 0.0778 -0.2029
Y 0.0330 -0.9759 -0.2156
Z -0.2147 0.2038 -0.9552

PART 50
OFFSET -40.5550 -6.1290 -18.6221
SCALE 1 1 1
X 0.9429 -0.3290 -0.0521
Y -0.3330 -0.9295 -0.1584
Z 0.0037 0.1667 -0.9860

PART 51
OFFSET -41.8899 -5.6632 -18.5485
SCALE 1 1 1
X 0.2438 -0.9576 -0.1534
Y -0.9680 -0.2306 -0.0989
Z 0.0593 0.1726 -0.9832

PART 52
OFFSET -42.1060 -4.8141 -18.4125
SCALE 1 1 1
X -0.4385 -0.8869 -0.1454
Y -0.8987 0.4313 0.0792
Z -0.0076 0.1654 -0.9862

PART 53
OFFSET -41.6895 -3.9716 -18.2743
SCALE 1 1 1
X 0.9006 0.3837 0.2041
Y -0.3973 0.9172 0.0288
Z -0.1762 -0.1070 0.9785

PART 54
OFFSET -38.2629 -6.1193 -19.6761
SCALE 1 1 1
X 0.9934 0.0666 0.0936
Y 0.0854 -0.9730 -0.2144
Z 0.0768 0.2209 -0.9723

PART 55
OFFSET -40.8506 -6.3464 -19.7792
SCALE 1 1 1
X 0.9111 -0.4115 -0.0216
Y -0.4085 -0.8950 -0.1792
Z 0.0544 0.1721 -0.9836

PART 56
OFFSET -42.4018 -5.6458 -19.7424
SCALE 1 1 1
X 0.1290 -0.9791 -0.1573
Y -0.9882 -0.1138 -0.1021
Z 0.0821 0.1686 -0.9823

PART 57
OFFSET -42.5806 -4.2888 -19.5244
SCALE 1 1 1
X -0.4795 -0.8562 -0.1924
Y -0.8737 0.4862 0.0139
Z 0.0817 0.1748 -0.9812

PART 58
OFFSET -42.0606 -3.3603 -19.3157
SCALE 1 1 1
X 0.8960 0.4323 0.1015
Y -0.4437 0.8811 0.1638
Z -0.0186 -0.1918 0.9813

PART 59
OFFSET -32.9222 -6.3904 -18.8624
SCALE 1 1 1
X 0.9639 -0.2221 0.1469
Y 0.1687 0.9361 0.3086
Z -0.2060 -0.2727 0.9398

PART 60
OFFSET -40.3860 -6.3718 -21.9065
SCALE 1 1 1
X 0.7539 -0.5953 0.2778
Y -0.4557 -0.7785 -0.4316
Z 0.4732 0.1988 -0.8582

PART 61
OFFSET -41.7134 -5.3236 -22.3955
SCALE 1 1 1
X 0.4884 -0.8719 0.0347
