// Export filename: `C:/cod5/cod/cod5/xanim_export/viewmodel/american/knife/viewmodel_knife_slash.XANIM_EXPORT`
// Source filename: `C:/cod5/cod/cod5/animation_assets/viewmodel/US/knife/viewmodelanimation_kbar.mb`
// Export time: Wed Jul 23 16:24:03 2008

ANIMATION
VERSION 3

NUMPARTS 80
PART 0 "RingPalm_FK_LE"
PART 1 "RingPalm_SDK_LE"
PART 2 "RingPalm_FK_RI"
PART 3 "RingPalm_SDK_RI"
PART 4 "tag_torso"
PART 5 "J_Shoulder_LE"
PART 6 "J_Elbow_LE"
PART 7 "J_WristTwist_LE"
PART 8 "J_Sleave_Reshape_Bottom_LE_1"
PART 9 "J_Sleave_Reshape_Bottom_LE_2"
PART 10 "J_Sleave_Reshape_Top_LE_1"
PART 11 "J_Sleave_Reshape_Top_LE_2"
PART 12 "J_Sleave_Reshape_Top_LE_3"
PART 13 "J_Wrist_LE"
PART 14 "J_Thumb_LE_0"
PART 15 "J_Thumb_LE_1"
PART 16 "J_Thumb_LE_2"
PART 17 "J_Thumb_LE_3"
PART 18 "J_PinkyPalm_LE"
PART 19 "J_Pinky_LE_0"
PART 20 "J_Pinky_LE_1"
PART 21 "J_Pinky_LE_2"
PART 22 "J_Pinky_LE_3"
PART 23 "J_RingPalm_LE"
PART 24 "J_Ring_LE_0"
PART 25 "J_Ring_LE_1"
PART 26 "J_Ring_LE_2"
PART 27 "J_Ring_LE_3"
PART 28 "J_Webbing_LE"
PART 29 "J_Index_LE_0"
PART 30 "J_Index_LE_1"
PART 31 "J_Index_LE_2"
PART 32 "J_Index_LE_3"
PART 33 "J_Mid_LE_0"
PART 34 "J_Mid_LE_1"
PART 35 "J_Mid_LE_2"
PART 36 "J_Mid_LE_3"
PART 37 "tag_weapon"
PART 38 "J_Shoulder_RI"
PART 39 "J_Elbow_RI"
PART 40 "J_WristTwist_RI"
PART 41 "J_Sleave_Reshape_Top_RI_3"
PART 42 "J_Sleave_Reshape_Top_RI_2"
PART 43 "J_Sleave_Reshape_Top_RI_1"
PART 44 "J_Wrist_RI"
PART 45 "J_Thumb_RI_0"
PART 46 "J_Thumb_RI_1"
PART 47 "J_Thumb_RI_2"
PART 48 "J_Thumb_RI_3"
PART 49 "J_PinkyPalm_RI"
PART 50 "J_Pinky_RI_0"
PART 51 "J_Pinky_RI_1"
PART 52 "J_Pinky_RI_2"
PART 53 "J_Pinky_RI_3"
PART 54 "J_RingPalm_RI"
PART 55 "J_Ring_RI_0"
PART 56 "J_Ring_RI_1"
PART 57 "J_Ring_RI_2"
PART 58 "J_Ring_RI_3"
PART 59 "J_Webbing_RI"
PART 60 "J_Index_RI_0"
PART 61 "J_Index_RI_1"
PART 62 "J_Index_RI_2"
PART 63 "J_Index_RI_3"
PART 64 "J_Mid_RI_0"
PART 65 "J_Mid_RI_1"
PART 66 "J_Mid_RI_2"
PART 67 "J_Mid_RI_3"
PART 68 "tag_cambone"
PART 69 "tag_camera"
PART 70 "tag_gasmask"
PART 71 "J_Gun"
PART 72 "tag_brass"
PART 73 "J_Bolt"
PART 74 "tag_flash"
PART 75 "J_Clip"
PART 76 "joint1"
PART 77 "joint2"
PART 78 "tag_knife_attach"
PART 79 "tag_view"

FRAMERATE 30
NUMFRAMES 20

FRAME 1
PART 0
OFFSET 3.3396 15.7815 -16.4004
SCALE 1 1 1
X 0.9874 0.1424 0.0696
Y 0.1261 -0.4396 -0.8893
Z -0.0960 0.8869 -0.4520

PART 1
OFFSET 3.3396 15.7815 -16.4004
SCALE 1 1 1
X 0.9874 0.1424 0.0696
Y 0.1261 -0.4396 -0.8893
Z -0.0960 0.8869 -0.4520

PART 2
OFFSET -12.5735 -7.9715 -14.8788
SCALE 1 1 1
X 0.1939 -0.0134 0.9809
Y 0.0489 -0.9985 -0.0233
Z 0.9798 0.0524 -0.1930

PART 3
OFFSET -12.5735 -7.9715 -14.8788
SCALE 1 1 1
X 0.1939 -0.0134 0.9809
Y 0.0489 -0.9985 -0.0233
Z 0.9798 0.0524 -0.1930

PART 4
OFFSET 3.7921 0.0000 -1.3770
SCALE 1 1 1
X 1.0000 0.0000 0.0000
Y 0.0000 1.0000 0.0000
Z 0.0000 0.0000 1.0000

PART 5
OFFSET -1.6813 7.9373 -3.1869
SCALE 1 1 1
X -0.4839 0.1801 -0.8564
Y 0.7124 -0.4873 -0.5050
Z -0.5082 -0.8545 0.1075

PART 6
OFFSET -7.5337 10.1154 -13.5439
SCALE 1 1 1
X 0.8450 0.4662 -0.2620
Y 0.4010 -0.2281 0.8872
Z 0.3538 -0.8548 -0.3797

PART 7
OFFSET -0.3467 14.0806 -15.7727
SCALE 1 1 1
X 0.8450 0.4662 -0.2620
Y 0.5315 -0.6778 0.5080
Z 0.0592 -0.5685 -0.8205

PART 8
OFFSET 0.0892 15.9080 -16.5061
SCALE 1 1 1
X 0.8416 0.4699 -0.2663
Y -0.3620 0.8566 0.3677
Z 0.4009 -0.2130 0.8910

PART 9
OFFSET 0.1761 14.2875 -17.5834
SCALE 1 1 1
X 0.8416 0.4699 -0.2663
Y -0.3620 0.8566 0.3677
Z 0.4009 -0.2130 0.8910

PART 10
OFFSET 1.3271 15.2697 -14.8289
SCALE 1 1 1
X 0.8416 0.4699 -0.2663
Y -0.3620 0.8566 0.3677
Z 0.4009 -0.2130 0.8910

PART 11
OFFSET 2.0966 13.8793 -15.2034
SCALE 1 1 1
X 0.8416 0.4699 -0.2663
Y -0.3620 0.8566 0.3677
Z 0.4009 -0.2130 0.8910

PART 12
OFFSET 1.8917 13.2208 -15.5774
SCALE 1 1 1
X 0.8416 0.4699 -0.2663
Y -0.3620 0.8566 0.3677
Z 0.4009 -0.2130 0.8910

PART 13
OFFSET 2.2437 15.5098 -16.5760
SCALE 1 1 1
X 0.9287 -0.0584 0.3663
Y -0.2137 -0.8913 0.3998
Z 0.3031 -0.4496 -0.8402

PART 14
OFFSET 2.5797 14.4388 -16.3704
SCALE 1 1 1
X 0.6997 -0.6768 -0.2290
Y -0.6215 -0.7346 0.2722
Z -0.3525 -0.0481 -0.9346

PART 15
OFFSET 4.0079 12.9024 -16.8894
SCALE 1 1 1
X 0.9867 0.1261 -0.1021
Y 0.1197 -0.9906 -0.0665
Z -0.1095 0.0534 -0.9925

PART 16
OFFSET 5.5815 13.1711 -17.1614
SCALE 1 1 1
X 0.6582 0.7325 -0.1737
Y 0.7174 -0.6802 -0.1505
Z -0.2284 -0.0256 -0.9732

PART 17
OFFSET 6.2950 13.9505 -17.3964
SCALE 1 1 1
X 0.7804 0.4170 0.4659
Y -0.4212 -0.2000 0.8846
Z 0.4621 -0.8866 0.0196

PART 18
OFFSET 3.3197 16.3239 -16.8640
SCALE 1 1 1
X 0.9205 0.3828 -0.0782
Y 0.1242 -0.4765 -0.8703
Z -0.3704 0.7915 -0.4862

PART 19
OFFSET 5.4572 17.0102 -17.0757
SCALE 1 1 1
X 0.4845 -0.4809 -0.7307
Y -0.8643 -0.3920 -0.3151
Z -0.1349 0.7843 -0.6056

PART 20
OFFSET 6.1432 16.3294 -18.1102
SCALE 1 1 1
X -0.8102 -0.4261 -0.4026
Y -0.5794 0.4775 0.6605
Z -0.0892 0.7684 -0.6337

PART 21
OFFSET 5.4248 15.9516 -18.4672
SCALE 1 1 1
X -0.9367 0.1034 0.3346
Y 0.3289 0.5878 0.7391
Z -0.1203 0.8023 -0.5846

PART 22
OFFSET 4.5350 16.0498 -18.1493
SCALE 1 1 1
X 0.5273 -0.5641 -0.6354
Y 0.8359 0.4786 0.2687
Z 0.1525 -0.6728 0.7239

PART 23
OFFSET 3.3396 15.7815 -16.4004
SCALE 1 1 1
X 0.9874 0.1424 0.0696
Y 0.1261 -0.4396 -0.8893
Z -0.0960 0.8869 -0.4520

PART 24
OFFSET 5.8851 16.2925 -16.2671
SCALE 1 1 1
X 0.1517 -0.4780 -0.8652
Y -0.9816 -0.1756 -0.0751
Z -0.1160 0.8606 -0.4959

PART 25
OFFSET 6.1434 15.4787 -17.7401
SCALE 1 1 1
X -0.9937 -0.1102 0.0182
Y -0.0417 0.5167 0.8552
Z -0.1036 0.8491 -0.5180

PART 26
OFFSET 4.7661 15.3259 -17.7149
SCALE 1 1 1
X -0.6698 0.3294 0.6655
Y 0.7361 0.4121 0.5370
Z -0.0974 0.8495 -0.5185

PART 27
OFFSET 4.0397 15.6832 -16.9932
SCALE 1 1 1
X 0.1235 -0.4635 -0.8775
Y 0.9905 0.1120 0.0803
Z 0.0610 -0.8790 0.4729

PART 28
OFFSET 4.9297 13.6736 -15.2624
SCALE 1 1 1
X 0.9994 -0.0075 0.0337
Y -0.0283 0.3780 0.9254
Z -0.0197 -0.9258 0.3776

PART 29
OFFSET 5.5885 14.7772 -14.5350
SCALE 1 1 1
X 0.4957 -0.4533 -0.7408
Y -0.8568 -0.1158 -0.5024
Z 0.1419 0.8838 -0.4458

PART 30
OFFSET 6.4612 13.9790 -15.8393
SCALE 1 1 1
X -0.6218 -0.2202 -0.7516
Y -0.7608 0.3974 0.5130
Z 0.1857 0.8908 -0.4147

PART 31
OFFSET 5.6940 13.6572 -16.7278
SCALE 1 1 1
X -0.9778 0.1880 0.0922
Y 0.1668 0.4339 0.8854
Z 0.1264 0.8812 -0.4556

PART 32
OFFSET 4.5895 13.8695 -16.6237
SCALE 1 1 1
X 0.2033 -0.2050 -0.9574
Y 0.9569 -0.1657 0.2386
Z -0.2076 -0.9646 0.1625

PART 33
OFFSET 5.7757 15.6697 -15.1585
SCALE 1 1 1
X 0.2808 -0.4485 -0.8485
Y -0.9570 -0.0640 -0.2828
Z 0.0726 0.8915 -0.4472

PART 34
OFFSET 6.3242 14.7935 -16.8162
SCALE 1 1 1
X -0.8384 -0.1934 -0.5095
Y -0.5431 0.3736 0.7519
Z 0.0450 0.9072 -0.4183

PART 35
OFFSET 5.0996 14.5111 -17.5604
SCALE 1 1 1
X -0.7194 0.2792 0.6360
Y 0.6935 0.2377 0.6801
Z 0.0387 0.9303 -0.3646

PART 36
OFFSET 4.2846 14.8337 -16.8431
SCALE 1 1 1
X 0.1062 -0.4254 -0.8988
Y 0.9939 0.0716 0.0836
Z 0.0288 -0.9022 0.4304

PART 37
OFFSET -44.0183 0.0592 -20.6909
SCALE 1 1 1
X 1.0000 0.0000 0.0000
Y 0.0000 1.0000 0.0000
Z 0.0000 0.0000 1.0000

PART 38
OFFSET -29.5855 -7.9373 -3.1869
SCALE 1 1 1
X 0.8886 0.0240 0.4581
Y -0.1333 -0.9421 0.3078
Z 0.4390 -0.3345 -0.8339

PART 39
OFFSET -40.3316 -8.2271 -8.7277
SCALE 1 1 1
X -0.2774 -0.1849 0.9428
Y -0.9545 -0.0584 -0.2923
Z 0.1091 -0.9810 -0.1603

PART 40
OFFSET -37.9719 -6.6545 -16.7465
SCALE 1 1 1
X -0.2774 -0.1849 0.9428
Y -0.9545 -0.0584 -0.2923
Z 0.1091 -0.9810 -0.1603

PART 41
OFFSET -36.9918 -5.2224 -17.7026
SCALE 1 1 1
X -0.2720 -0.1818 0.9450
Y -0.0946 0.9823 0.1618
Z -0.9576 -0.0454 -0.2844

PART 42
OFFSET -35.9033 -5.6902 -17.8814
SCALE 1 1 1
X -0.2720 -0.1818 0.9450
Y -0.0946 0.9823 0.1618
Z -0.9576 -0.0454 -0.2844

PART 43
OFFSET -35.9372 -6.9840 -18.2507
SCALE 1 1 1
X -0.2720 -0.1818 0.9450
Y -0.0946 0.9823 0.1618
Z -0.9576 -0.0454 -0.2844

PART 44
OFFSET -37.1214 -6.0877 -19.6368
SCALE 1 1 1
X 0.9201 0.0156 0.3914
Y -0.3818 -0.1878 0.9050
Z 0.0876 -0.9821 -0.1668

PART 45
OFFSET -37.2028 -5.5103 -20.6176
SCALE 1 1 1
X 0.4390 -0.5544 0.7071
Y -0.7555 0.1982 0.6245
Z -0.4863 -0.8083 -0.3318

PART 46
OFFSET -38.0477 -4.2887 -22.1873
SCALE 1 1 1
X 0.8985 -0.3526 0.2614
Y -0.3700 -0.2883 0.8831
Z -0.2360 -0.8903 -0.3895

PART 47
OFFSET -39.4938 -3.6370 -22.5129
SCALE 1 1 1
X 0.9235 -0.3036 -0.2344
Y 0.0896 -0.4235 0.9015
Z -0.3729 -0.8535 -0.3639

PART 48
OFFSET -40.4770 -3.2625 -22.2581
SCALE 1 1 1
X 0.9397 0.2369 0.2465
Y -0.2768 0.9504 0.1420
Z -0.2006 -0.2016 0.9587

PART 49
OFFSET -38.3265 -6.1035 -18.9652
SCALE 1 1 1
X 0.9761 0.0778 -0.2029
Y 0.0330 -0.9759 -0.2156
Z -0.2147 0.2038 -0.9552

PART 50
OFFSET -40.5550 -6.1290 -18.6221
SCALE 1 1 1
X 0.9429 -0.3290 -0.0521
Y -0.3330 -0.9295 -0.1584
Z 0.0037 0.1667 -0.9860

PART 51
OFFSET -41.8899 -5.6632 -18.5485
SCALE 1 1 1
X 0.2438 -0.9576 -0.1534
Y -0.9680 -0.2306 -0.0989
Z 0.0593 0.1726 -0.9832

PART 52
OFFSET -42.1060 -4.8141 -18.4125
SCALE 1 1 1
X -0.4385 -0.8869 -0.1454
Y -0.8987 0.4313 0.0792
Z -0.0076 0.1654 -0.9862

PART 53
OFFSET -41.6895 -3.9716 -18.2743
SCALE 1 1 1
X 0.9006 0.3837 0.2041
Y -0.3973 0.9172 0.0288
Z -0.1762 -0.1070 0.9785

PART 54
OFFSET -38.2629 -6.1193 -19.6761
SCALE 1 1 1
X 0.9934 0.0666 0.0936
Y 0.0854 -0.9730 -0.2144
Z 0.0768 0.2209 -0.9723

PART 55
OFFSET -40.8506 -6.3464 -19.7792
SCALE 1 1 1
X 0.9111 -0.4115 -0.0216
Y -0.4085 -0.8950 -0.1792
Z 0.0544 0.1721 -0.9836

PART 56
OFFSET -42.4018 -5.6458 -19.7424
SCALE 1 1 1
X 0.1290 -0.9791 -0.1573
Y -0.9882 -0.1138 -0.1021
Z 0.0821 0.1686 -0.9823

PART 57
OFFSET -42.5806 -4.2888 -19.5244
SCALE 1 1 1
X -0.4795 -0.8562 -0.1924
Y -0.8737 0.4862 0.0139
Z 0.0817 0.1748 -0.9812

PART 58
OFFSET -42.0606 -3.3603 -19.3157
SCALE 1 1 1
X 0.8960 0.4323 0.1015
Y -0.4437 0.8811 0.1638
Z -0.0186 -0.1918 0.9813

PART 59
OFFSET -32.9222 -6.3904 -18.8624
SCALE 1 1 1
X 0.9639 -0.2221 0.1469
Y 0.1687 0.9361 0.3086
Z -0.2060 -0.2727 0.9398

PART 60
OFFSET -40.3860 -6.3718 -21.9065
SCALE 1 1 1
X 0.7539 -0.5953 0.2778
Y -0.4557 -0.7785 -0.4316
Z 0.4732 0.1988 -0.8582

PART 61
OFFSET -41.7134 -5.3236 -22.3955
SCALE 1 1 1
X 0.4884 -0.8719 0.0347
Y -0.7196 -0.4249 -0.5493
Z 0.4937 0.2433 -0.8349

PART 62
OFFSET -42.2771 -4.2488 -22.4884
SCALE 1 1 1
X 0.2247 -0.9724 -0.0634
Y -0.8292 -0.1566 -0.5366
Z 0.5119 0.1732 -0.8414

PART 63
OFFSET -42.5309 -3.1505 -22.4168
SCALE 1 1 1
X 0.8193 0.5066 0.2684
Y -0.5287 0.8487 0.0120
Z -0.2217 -0.1518 0.9632

PART 64
OFFSET -40.7178 -6.3977 -20.8530
SCALE 1 1 1
X 0.8042 -0.5675 0.1765
Y -0.4882 -0.8002 -0.3483
Z 0.3389 0.1940 -0.9206

PART 65
OFFSET -42.2889 -5.2891 -21.1978
SCALE 1 1 1
X 0.1419 -0.9758 -0.1662
Y -0.9438 -0.0827 -0.3201
Z 0.2986 0.2023 -0.9327

PART 66
OFFSET -42.4962 -3.8638 -20.9550
SCALE 1 1 1
X -0.4068 -0.8596 -0.3093
Y -0.8801 0.4595 -0.1195
Z 0.2448 0.2236 -0.9434

PART 67
OFFSET -42.0378 -2.8915 -20.5981
SCALE 1 1 1
X 0.8584 0.3514 0.3738
Y -0.3923 0.9191 0.0370
Z -0.3306 -0.1784 0.9268

PART 68
OFFSET 0.0000 0.0000 0.0000
SCALE 1 1 1
X 1.0000 0.0000 0.0000
Y 0.0000 1.0000 0.0000
Z 0.0000 0.0000 1.0000

PART 69
OFFSET 0.0000 0.0000 0.0000
SCALE 1 1 1
X 1.0000 0.0000 0.0000
Y 0.0000 1.0000 0.0000
Z 0.0000 0.0000 1.0000

PART 70
OFFSET 0.0000 0.0000 0.0000
SCALE 1 1 1
X 1.0000 0.0000 0.0000
Y 0.0000 1.0000 0.0000
Z 0.0000 0.0000 1.0000

PART 71
OFFSET -44.0183 0.0592 -20.6909
SCALE 1 1 1
X 1.0000 0.0000 0.0000
Y 0.0000 1.0000 0.0000
Z 0.0000 0.0000 1.0000

PART 72
OFFSET -43.0580 -0.2826 -19.5688
SCALE 1 1 1
X -0.0019 -0.7600 0.6499
Y 1.0000 -0.0025 0.0000
Z 0.0016 0.6499 0.7600

PART 73
OFFSET -45.9705 0.1269 -19.1187
SCALE 1 1 1
X 0.9998 0.0000 0.0204
Y -0.0000 1.0000 0.0000
Z -0.0204 -0.0000 0.9998

PART 74
OFFSET -38.5848 0.1361 -19.5156
SCALE 1 1 1
X 1.0000 0.0000 0.0000
Y 0.0000 1.0000 0.0000
Z 0.0000 0.0000 1.0000

PART 75
OFFSET -45.3585 0.1308 -21.9282
SCALE 1 1 1
X 1.0000 0.0000 0.0000
Y 0.0000 1.0000 0.0000
Z 0.0000 0.0000 1.0000

PART 76
OFFSET -46.1423 0.1110 -20.4216
SCALE 1 1 1
X 1.0000 0.0000 0.0000
Y 0.0000 1.0000 0.0000
Z 0.0000 0.0000 1.0000

PART 77
OFFSET -43.1195 0.5040 -20.3050
SCALE 1 1 1
X 1.0000 0.0000 0.0000
Y 0.0000 1.0000 0.0000
Z 0.0000 0.0000 1.0000

PART 78
OFFSET 5.1791 15.1400 -16.9140
SCALE 1 1 1
X -0.0960 0.7925 -0.6023
Y 0.1118 -0.5927 -0.7976
Z -0.9891 -0.1439 -0.0317

PART 79
OFFSET 0.0000 0.0000 0.0000
SCALE 1 1 1
X 1.0000 0.0000 0.0000
Y 0.0000 1.0000 0.0000
Z 0.0000 0.0000 1.0000


FRAME 2
PART 0
OFFSET 5.0020 16.4438 -14.5322
SCALE 1 1 1
X 0.9749 0.2065 0.0829
Y 0.1564 -0.3712 -0.9153
Z -0.1582 0.9053 -0.3942

PART 1
OFFSET 5.0020 16.4438 -14.5322
SCALE 1 1 1
X 0.9749 0.2065 0.0829
Y 0.1564 -0.3712 -0.9153
Z -0.1582 0.9053 -0.3942

PART 2
OFFSET -12.5735 -7.9715 -14.8788
SCALE 1 1 1
X 0.1939 -0.0134 0.9809
Y 0.0489 -0.9985 -0.0233
Z 0.9798 0.0524 -0.1930

PART 3
OFFSET -12.5735 -7.9715 -14.8788
SCALE 1 1 1
X 0.1939 -0.0134 0.9809
Y 0.0489 -0.9985 -0.0233
Z 0.9798 0.0524 -0.1930

PART 4
OFFSET 3.7921 0.0000 -1.3770
SCALE 1 1 1
X 1.0000 0.0000 0.0000
Y 0.0000 1.0000 0.0000
Z 0.0000 0.0000 1.0000

PART 5
OFFSET -2.7015 7.9373 -4.1653
SCALE 1 1 1
X -0.3793 0.4495 -0.8087
Y 0.6054 -0.5404 -0.5843
Z -0.6997 -0.7112 -0.0672

PART 6
OFFSET -7.2883 13.3740 -13.9462
SCALE 1 1 1
X 0.9693 0.2363 -0.0677
Y 0.1829 -0.5094 0.8409
Z 0.1642 -0.8275 -0.5370

PART 7
OFFSET 0.9562 15.3835 -14.5221
SCALE 1 1 1
X 0.9693 0.2363 -0.0677
Y 0.2424 -0.8740 0.4212
Z 0.0403 -0.4247 -0.9045

PART 8
OFFSET 1.9771 17.0894 -14.7921
SCALE 1 1 1
X 0.9678 0.2416 -0.0713
Y -0.1695 0.8340 0.5250
Z 0.1863 -0.4960 0.8481

PART 9
OFFSET 1.7927 15.7687 -16.1622
SCALE 1 1 1
X 0.9678 0.2416 -0.0713
Y -0.1695 0.8340 0.5250
Z 0.1863 -0.4960 0.8481

PART 10
OFFSET 2.7501 15.7986 -13.1552
SCALE 1 1 1
X 0.9678 0.2416 -0.0713
Y -0.1695 0.8340 0.5250
Z 0.1863 -0.4960 0.8481

PART 11
OFFSET 3.1370 14.3609 -13.7732
SCALE 1 1 1
X 0.9678 0.2416 -0.0713
Y -0.1695 0.8340 0.5250
Z 0.1863 -0.4960 0.8481

PART 12
OFFSET 2.8049 13.9361 -14.3639
SCALE 1 1 1
X 0.9678 0.2416 -0.0713
Y -0.1695 0.8340 0.5250
Z 0.1863 -0.4960 0.8481

PART 13
OFFSET 3.9279 16.1078 -14.7297
SCALE 1 1 1
X 0.9306 -0.0167 0.3657
Y -0.1505 -0.9281 0.3406
Z 0.3337 -0.3720 -0.8662

PART 14
OFFSET 4.3383 15.0519 -14.5922
SCALE 1 1 1
X 0.7454 -0.6098 -0.2692
Y -0.5683 -0.7924 0.2216
Z -0.3485 -0.0122 -0.9372

PART 15
OFFSET 5.8707 13.6562 -15.2031
SCALE 1 1 1
X 0.9754 0.2013 -0.0896
Y 0.1890 -0.9734 -0.1298
Z -0.1133 0.1097 -0.9875

PART 16
OFFSET 7.4214 14.0516 -15.4505
SCALE 1 1 1
X 0.6050 0.7866 -0.1233
Y 0.7633 -0.6171 -0.1910
Z -0.2263 0.0214 -0.9738

PART 17
OFFSET 8.0784 14.8927 -15.6317
SCALE 1 1 1
X 0.7493 0.4397 0.4951
Y -0.4059 -0.2858 0.8681
Z 0.5232 -0.8515 -0.0357

PART 18
OFFSET 4.9439 17.0123 -14.9600
SCALE 1 1 1
X 0.8913 0.4506 -0.0495
Y 0.1571 -0.4094 -0.8987
Z -0.4252 0.7933 -0.4357

PART 19
OFFSET 7.0278 17.8590 -15.1179
SCALE 1 1 1
X 0.5169 -0.3975 -0.7582
Y -0.8347 -0.4304 -0.3434
Z -0.1898 0.8104 -0.5543

PART 20
OFFSET 7.7596 17.2962 -16.1913
SCALE 1 1 1
X -0.7784 -0.4549 -0.4327
Y -0.6113 0.3920 0.6875
Z -0.1431 0.7996 -0.5832

PART 21
OFFSET 7.0695 16.8929 -16.5749
SCALE 1 1 1
X -0.9415 0.0156 0.3366
Y 0.2871 0.5604 0.7768
Z -0.1765 0.8280 -0.5321

PART 22
OFFSET 6.1751 16.9077 -16.2551
SCALE 1 1 1
X 0.5654 -0.4835 -0.6682
Y 0.8003 0.5177 0.3026
Z 0.1996 -0.7058 0.6797

PART 23
OFFSET 5.0020 16.4438 -14.5322
SCALE 1 1 1
X 0.9749 0.2065 0.0829
Y 0.1564 -0.3712 -0.9153
Z -0.1582 0.9053 -0.3942

PART 24
OFFSET 7.5053 17.1223 -14.3555
SCALE 1 1 1
X 0.1846 -0.4093 -0.8935
Y -0.9669 -0.2387 -0.0904
Z -0.1763 0.8806 -0.4398

PART 25
OFFSET 7.8197 16.4255 -15.8768
SCALE 1 1 1
X -0.9835 -0.1806 0.0068
Y -0.0776 0.4561 0.8865
Z -0.1632 0.8714 -0.4626

PART 26
OFFSET 6.4566 16.1753 -15.8673
SCALE 1 1 1
X -0.6911 0.2379 0.6825
Y 0.7055 0.4271 0.5655
Z -0.1570 0.8723 -0.4630

PART 27
OFFSET 5.7070 16.4332 -15.1272
SCALE 1 1 1
X 0.1555 -0.3960 -0.9050
Y 0.9802 0.1757 0.0915
Z 0.1228 -0.9013 0.4154

PART 28
OFFSET 6.7366 14.3834 -13.5259
SCALE 1 1 1
X 0.9975 0.0604 0.0373
Y -0.0545 0.3145 0.9477
Z 0.0455 -0.9473 0.3170

PART 29
OFFSET 7.3165 15.4811 -12.7260
SCALE 1 1 1
X 0.5261 -0.3686 -0.7664
Y -0.8467 -0.1429 -0.5125
Z 0.0794 0.9185 -0.3873

PART 30
OFFSET 8.2427 14.8321 -14.0754
SCALE 1 1 1
X -0.6050 -0.2142 -0.7668
Y -0.7867 0.3091 0.5344
Z 0.1226 0.9266 -0.3555

PART 31
OFFSET 7.4997 14.5154 -14.9860
SCALE 1 1 1
X -0.9886 0.1126 0.0999
Y 0.1362 0.3863 0.9122
Z 0.0641 0.9155 -0.3973

PART 32
OFFSET 6.3830 14.6425 -14.8731
SCALE 1 1 1
X 0.2169 -0.1279 -0.9678
Y 0.9662 -0.1133 0.2315
Z -0.1392 -0.9853 0.0990

PART 33
OFFSET 7.4403 16.4230 -13.2898
SCALE 1 1 1
X 0.3113 -0.3719 -0.8745
Y -0.9503 -0.1125 -0.2904
Z 0.0096 0.9214 -0.3884

PART 34
OFFSET 8.0485 15.6964 -14.9982
SCALE 1 1 1
X -0.8229 -0.2183 -0.5245
Y -0.5678 0.2852 0.7722
Z -0.0190 0.9333 -0.3587

PART 35
OFFSET 6.8465 15.3775 -15.7643
SCALE 1 1 1
X -0.7370 0.1864 0.6496
Y 0.6753 0.2413 0.6970
Z -0.0268 0.9524 -0.3037

PART 36
OFFSET 6.0110 15.5951 -15.0312
SCALE 1 1 1
X 0.1355 -0.3579 -0.9239
Y 0.9865 0.1355 0.0922
Z 0.0922 -0.9239 0.3714

PART 37
OFFSET -44.0183 0.0592 -20.6909
SCALE 1 1 1
X 1.0000 0.0000 0.0000
Y 0.0000 1.0000 0.0000
Z 0.0000 0.0000 1.0000

PART 38
OFFSET -29.5855 -7.9373 -3.1869
SCALE 1 1 1
X 0.8886 0.0240 0.4581
Y -0.1333 -0.9421 0.3078
Z 0.4390 -0.3345 -0.8339

PART 39
OFFSET -40.3316 -8.2271 -8.7277
SCALE 1 1 1
X -0.2774 -0.1849 0.9428
Y -0.9545 -0.0584 -0.2923
Z 0.1091 -0.9810 -0.1603

PART 40
OFFSET -37.9719 -6.6545 -16.7465
SCALE 1 1 1
X -0.2774 -0.1849 0.9428
Y -0.9545 -0.0584 -0.2923
Z 0.1091 -0.9810 -0.1603

PART 41
OFFSET -36.9918 -5.2224 -17.7026
SCALE 1 1 1
X -0.2720 -0.1818 0.9450
Y -0.0946 0.9823 0.1618
Z -0.9576 -0.0454 -0.2844

PART 42
OFFSET -35.9033 -5.6902 -17.8814
SCALE 1 1 1
X -0.2720 -0.1818 0.9450
Y -0.0946 0.9823 0.1618
Z -0.9576 -0.0454 -0.2844

PART 43
OFFSET -35.9372 -6.9840 -18.2507
SCALE 1 1 1
X -0.2720 -0.1818 0.9450
Y -0.0946 0.9823 0.1618
Z -0.9576 -0.0454 -0.2844

PART 44
OFFSET -37.1214 -6.0877 -19.6368
SCALE 1 1 1
X 0.9201 0.0156 0.3914
Y -0.3818 -0.1878 0.9050
Z 0.0876 -0.9821 -0.1668

PART 45
OFFSET -37.2028 -5.5103 -20.6176
SCALE 1 1 1
X 0.4390 -0.5544 0.7071
Y -0.7555 0.1982 0.6245
Z -0.4863 -0.8083 -0.3318

PART 46
OFFSET -38.0477 -4.2887 -22.1873
SCALE 1 1 1
X 0.8985 -0.3526 0.2614
Y -0.3700 -0.2883 0.8831
Z -0.2360 -0.8903 -0.3895

PART 47
OFFSET -39.4938 -3.6370 -22.5129
SCALE 1 1 1
X 0.9235 -0.3036 -0.2344
Y 0.0896 -0.4235 0.9015
Z -0.3729 -0.8535 -0.3639

PART 48
OFFSET -40.4770 -3.2625 -22.2581
SCALE 1 1 1
X 0.9397 0.2369 0.2465
Y -0.2768 0.9504 0.1420
Z -0.2006 -0.2016 0.9587

PART 49
OFFSET -38.3265 -6.1035 -18.9652
SCALE 1 1 1
X 0.9761 0.0778 -0.2029
Y 0.0330 -0.9759 -0.2156
Z -0.2147 0.2038 -0.9552

PART 50
OFFSET -40.5550 -6.1290 -18.6221
SCALE 1 1 1
X 0.9429 -0.3290 -0.0521
Y -0.3330 -0.9295 -0.1584
Z 0.0037 0.1667 -0.9860

PART 51
OFFSET -41.8899 -5.6632 -18.5485
SCALE 1 1 1
X 0.2438 -0.9576 -0.1534
Y -0.9680 -0.2306 -0.0989
Z 0.0593 0.1726 -0.9832

PART 52
OFFSET -42.1060 -4.8141 -18.4125
SCALE 1 1 1
X -0.4385 -0.8869 -0.1454
Y -0.8987 0.4313 0.0792
Z -0.0076 0.1654 -0.9862

PART 53
OFFSET -41.6895 -3.9716 -18.2743
SCALE 1 1 1
X 0.9006 0.3837 0.2041
Y -0.3973 0.9172 0.0288
Z -0.1762 -0.1070 0.9785

PART 54
OFFSET -38.2629 -6.1193 -19.6761
SCALE 1 1 1
X 0.9934 0.0666 0.0936
Y 0.0854 -0.9730 -0.2144
Z 0.0768 0.2209 -0.9723

PART 55
OFFSET -40.8506 -6.3464 -19.7792
SCALE 1 1 1
X 0.9111 -0.4115 -0.0216
Y -0.4085 -0.8950 -0.1792
Z 0.0544 0.1721 -0.9836

PART 56
OFFSET -42.4018 -5.6458 -19.7424
SCALE 1 1 1
X 0.1290 -0.9791 -0.1573
Y -0.9882 -0.1138 -0.1021
Z 0.0821 0.1686 -0.9823

PART 57
OFFSET -42.5806 -4.2888 -19.5244
SCALE 1 1 1
X -0.4795 -0.8562 -0.1924
Y -0.8737 0.4862 0.0139
Z 0.0817 0.1748 -0.9812

PART 58
OFFSET -42.0606 -3.3603 -19.3157
SCALE 1 1 1
X 0.8960 0.4323 0.1015
Y -0.4437 0.8811 0.1638
Z -0.0186 -0.1918 0.9813

PART 59
OFFSET -32.9222 -6.3904 -18.8624
SCALE 1 1 1
X 0.9639 -0.2221 0.1469
Y 0.1687 0.9361 0.3086
Z -0.2060 -0.2727 0.9398

PART 60
OFFSET -40.3860 -6.3718 -21.9065
SCALE 1 1 1
X 0.7539 -0.5953 0.2778
Y -0.4557 -0.7785 -0.4316
Z 0.4732 0.1988 -0.8582

PART 61
OFFSET -41.7134 -5.3236 -22.3955
SCALE 1 1 1
X 0.4884 -0.8719 0.0347
Y -0.7196 -0.4249 -0.5493
Z 0.4937 0.2433 -0.8349

PART 62
OFFSET -42.2771 -4.2488 -22.4884
SCALE 1 1 1
X 0.2247 -0.9724 -0.0634
Y -0.8292 -0.1566 -0.5366
Z 0.5119 0.1732 -0.8414

PART 63
OFFSET -42.5309 -3.1505 -22.4168
SCALE 1 1 1
X 0.8193 0.5066 0.2684
Y -0.5287 0.8487 0.0120
Z -0.2217 -0.1518 0.9632

PART 64
OFFSET -40.7178 -6.3977 -20.8530
SCALE 1 1 1
X 0.8042 -0.5675 0.1765
Y -0.4882 -0.8002 -0.3483
Z 0.3389 0.1940 -0.9206

PART 65
OFFSET -42.2889 -5.2891 -21.1978
SCALE 1 1 1
X 0.1419 -0.9758 -0.1662
Y -0.9438 -0.0827 -0.3201
Z 0.2986 0.2023 -0.9327

PART 66
OFFSET -42.4962 -3.8638 -20.9550
SCALE 1 1 1
X -0.4068 -0.8596 -0.3093
Y -0.8801 0.4595 -0.1195
Z 0.2448 0.2236 -0.9434

PART 67
OFFSET -42.0378 -2.8915 -20.5981
SCALE 1 1 1
X 0.8584 0.3514 0.3738
Y -0.3923 0.9191 0.0370
Z -0.3306 -0.1784 0.9268

PART 68
OFFSET 0.0000 0.0000 0.0000
SCALE 1 1 1
X 1.0000 0.0000 0.0000
Y 0.0000 1.0000 0.0000
Z 0.0000 0.0000 1.0000

PART 69
OFFSET 0.0000 0.0000 0.0000
SCALE 1 1 1
X 1.0000 -0.0026 0.0002
Y 0.0026 1.0000 -0.0006
Z -0.0002 0.0006 1.0000

PART 70
OFFSET 0.0000 0.0000 0.0000
SCALE 1 1 1
X 1.0000 -0.0026 0.0002
Y 0.0026 1.0000 -0.0006
Z -0.0002 0.0006 1.0000

PART 71
OFFSET -44.0183 0.0592 -20.6909
SCALE 1 1 1
X 1.0000 0.0000 0.0000
Y 0.0000 1.0000 0.0000
Z 0.0000 0.0000 1.0000

PART 72
OFFSET -43.0580 -0.2826 -19.5688
SCALE 1 1 1
X -0.0019 -0.7600 0.6499
Y 1.0000 -0.0025 0.0000
Z 0.0016 0.6499 0.7600

PART 73
OFFSET -45.9705 0.1269 -19.1187
SCALE 1 1 1
X 0.9998 0.0000 0.0204
Y -0.0000 1.0000 0.0000
Z -0.0204 -0.0000 0.9998

PART 74
OFFSET -38.5848 0.1361 -19.5156
SCALE 1 1 1
X 1.0000 0.0000 0.0000
Y 0.0000 1.0000 0.0000
Z 0.0000 0.0000 1.0000

PART 75
OFFSET -45.3585 0.1308 -21.9282
SCALE 1 1 1
X 1.0000 0.0000 0.0000
Y 0.0000 1.0000 0.0000
Z 0.0000 0.0000 1.0000

PART 76
OFFSET -46.1423 0.1110 -20.4216
SCALE 1 1 1
X 1.0000 0.0000 0.0000
Y 0.0000 1.0000 0.0000
Z 0.0000 0.0000 1.0000

PART 77
OFFSET -43.1195 0.5040 -20.3050
SCALE 1 1 1
X 1.0000 0.0000 0.0000
Y 0.0000 1.0000 0.0000
Z 0.0000 0.0000 1.0000

PART 78
OFFSET 6.8819 15.9673 -15.0783
SCALE 1 1 1
X -0.1516 0.8211 -0.5503
Y 0.1529 -0.5306 -0.8337
Z -0.9765 -0.2106 -0.0451

PART 79
OFFSET 0.0000 0.0000 0.0000
SCALE 1 1 1
X 1.0000 0.0000 0.0000
Y 0.0000 1.0000 0.0000
Z 0.0000 0.0000 1.0000


FRAME 3
PART 0
OFFSET 6.6111 17.3483 -12.6832
SCALE 1 1 1
X 0.9521 0.2903 0.0961
Y 0.1835 -0.2910 -0.9390
Z -0.2446 0.9116 -0.3303

PART 1
OFFSET 6.6111 17.3483 -12.6832
SCALE 1 1 1
X 0.9521 0.2903 0.0961
Y 0.1835 -0.2910 -0.9390
Z -0.2446 0.9116 -0.3303

PART 2
OFFSET -12.5735 -7.9715 -14.8788
SCALE 1 1 1
X 0.1939 -0.0134 0.9809
Y 0.0489 -0.9985 -0.0233
Z 0.9798 0.0524 -0.1930

PART 3
OFFSET -12.5735 -7.9715 -14.8788
SCALE 1 1 1
X 0.1939 -0.0134 0.9809
Y 0.0489 -0.9985 -0.0233
Z 0.9798 0.0524 -0.1930

PART 4
OFFSET 3.7921 0.0000 -1.3770
SCALE 1 1 1
X 1.0000 0.0000 0.0000
Y 0.0000 1.0000 0.0000
Z 0.0000 0.0000 1.0000

PART 5
OFFSET -3.8779 7.9373 -5.1892
SCALE 1 1 1
X -0.1753 0.7351 -0.6549
Y 0.5183 -0.4967 -0.6962
Z -0.8371 -0.4615 -0.2939

PART 6
OFFSET -5.9974 16.8272 -13.1101
SCALE 1 1 1
X 0.9998 0.0087 0.0180
Y -0.0054 -0.7490 0.6626
Z 0.0192 -0.6626 -0.7488

PART 7
OFFSET 2.5063 16.9013 -12.9574
SCALE 1 1 1
X 0.9998 0.0087 0.0180
Y 0.0039 -0.9673 0.2536
Z 0.0196 -0.2535 -0.9671

PART 8
OFFSET 3.8985 18.3074 -12.7818
SCALE 1 1 1
X 0.9998 0.0150 0.0161
Y -0.0220 0.6732 0.7391
Z 0.0003 -0.7393 0.6734

PART 9
OFFSET 3.5403 17.4731 -14.3812
SCALE 1 1 1
X 0.9998 0.0150 0.0161
Y -0.0220 0.6732 0.7391
Z 0.0003 -0.7393 0.6734

PART 10
OFFSET 4.2763 16.4435 -11.4600
SCALE 1 1 1
X 0.9998 0.0150 0.0161
Y -0.0220 0.6732 0.7391
Z 0.0003 -0.7393 0.6734

PART 11
OFFSET 4.3338 15.2241 -12.4414
SCALE 1 1 1
X 0.9998 0.0150 0.0161
Y -0.0220 0.6732 0.7391
Z 0.0003 -0.7393 0.6734

PART 12
OFFSET 3.9650 15.2137 -13.2174
SCALE 1 1 1
X 0.9998 0.0150 0.0161
Y -0.0220 0.6732 0.7391
Z 0.0003 -0.7393 0.6734

PART 13
OFFSET 5.5714 16.9281 -12.9024
SCALE 1 1 1
X 0.9308 0.0450 0.3628
Y -0.0610 -0.9594 0.2755
Z 0.3604 -0.2786 -0.8902

PART 14
OFFSET 6.0792 15.9081 -12.8388
SCALE 1 1 1
X 0.7969 -0.5176 -0.3116
Y -0.4905 -0.8554 0.1667
Z -0.3528 0.0200 -0.9355

PART 15
OFFSET 7.7302 14.7068 -13.5466
SCALE 1 1 1
X 0.9518 0.2971 -0.0763
Y 0.2777 -0.9402 -0.1972
Z -0.1303 0.1665 -0.9774

PART 16
OFFSET 9.2355 15.2612 -13.7674
SCALE 1 1 1
X 0.5284 0.8462 -0.0690
Y 0.8160 -0.5286 -0.2341
Z -0.2346 0.0673 -0.9698

PART 17
OFFSET 9.8101 16.1703 -13.8904
SCALE 1 1 1
X 0.7089 0.4725 0.5237
Y -0.3711 -0.3816 0.8465
Z 0.5998 -0.7945 -0.0951

PART 18
OFFSET 6.4972 17.9370 -13.0704
SCALE 1 1 1
X 0.8452 0.5341 -0.0189
Y 0.1878 -0.3300 -0.9251
Z -0.5003 0.7784 -0.3792

PART 19
OFFSET 8.4922 18.9832 -13.1711
SCALE 1 1 1
X 0.5460 -0.2944 -0.7844
Y -0.7936 -0.4817 -0.3717
Z -0.2684 0.8254 -0.4966

PART 20
OFFSET 9.2652 18.5665 -14.2817
SCALE 1 1 1
X -0.7359 -0.4946 -0.4625
Y -0.6400 0.2850 0.7136
Z -0.2211 0.8211 -0.5262

PART 21
OFFSET 8.6127 18.1280 -14.6917
SCALE 1 1 1
X -0.9364 -0.0955 0.3378
Y 0.2395 0.5299 0.8136
Z -0.2567 0.8427 -0.4733

PART 22
OFFSET 7.7232 18.0373 -14.3708
SCALE 1 1 1
X 0.6030 -0.3815 -0.7006
Y 0.7509 0.5679 0.3370
Z 0.2694 -0.7293 0.6289

PART 23
OFFSET 6.6111 17.3483 -12.6832
SCALE 1 1 1
X 0.9521 0.2903 0.0961
Y 0.1835 -0.2910 -0.9390
Z -0.2446 0.9116 -0.3303

PART 24
OFFSET 9.0417 18.2434 -12.4621
SCALE 1 1 1
X 0.2153 -0.3277 -0.9199
Y -0.9411 -0.3210 -0.1059
Z -0.2606 0.8886 -0.3775

PART 25
OFFSET 9.4082 17.6856 -14.0283
SCALE 1 1 1
X -0.9624 -0.2715 -0.0048
Y -0.1131 0.3846 0.9161
Z -0.2469 0.8822 -0.4009

PART 26
OFFSET 8.0744 17.3093 -14.0350
SCALE 1 1 1
X -0.7052 0.1248 0.6980
Y 0.6669 0.4510 0.5931
Z -0.2408 0.8838 -0.4013

PART 27
OFFSET 7.3096 17.4446 -13.2780
SCALE 1 1 1
X 0.1849 -0.3164 -0.9304
Y 0.9603 0.2596 0.1026
Z 0.2091 -0.9124 0.3518

PART 28
OFFSET 8.5370 15.3942 -11.8237
SCALE 1 1 1
X 0.9878 0.1504 0.0405
Y -0.0765 0.2419 0.9673
Z 0.1357 -0.9586 0.2505

PART 29
OFFSET 9.0183 16.4833 -10.9502
SCALE 1 1 1
X 0.5524 -0.2642 -0.7906
Y -0.8336 -0.1856 -0.5203
Z -0.0092 0.9464 -0.3227

PART 30
OFFSET 9.9908 16.0181 -12.3422
SCALE 1 1 1
X -0.5882 -0.2163 -0.7793
Y -0.8081 0.1968 0.5553
Z 0.0333 0.9563 -0.2905

PART 31
OFFSET 9.2737 15.6971 -13.2719
SCALE 1 1 1
X -0.9940 0.0128 0.1084
Y 0.1065 0.3335 0.9367
Z -0.0242 0.9427 -0.3329

PART 32
OFFSET 8.1510 15.7115 -13.1494
SCALE 1 1 1
X 0.2207 -0.0401 -0.9745
Y 0.9742 -0.0384 0.2222
Z -0.0463 -0.9985 0.0306

PART 33
OFFSET 9.0499 17.4693 -11.4474
SCALE 1 1 1
X 0.3381 -0.2801 -0.8985
Y -0.9378 -0.1803 -0.2967
Z -0.0789 0.9429 -0.3236

PART 34
OFFSET 9.7103 16.9222 -13.2027
SCALE 1 1 1
X -0.8029 -0.2574 -0.5376
Y -0.5861 0.1771 0.7906
Z -0.1083 0.9499 -0.2931

PART 35
OFFSET 8.5375 16.5461 -13.9879
SCALE 1 1 1
X -0.7464 0.0716 0.6617
Y 0.6551 0.2546 0.7114
Z -0.1175 0.9644 -0.2369

PART 36
OFFSET 7.6909 16.6339 -13.2407
SCALE 1 1 1
X 0.1614 -0.2791 -0.9466
Y 0.9703 0.2202 0.1005
Z 0.1804 -0.9347 0.3064

PART 37
OFFSET -44.0183 0.0592 -20.6909
SCALE 1 1 1
X 1.0000 0.0000 0.0000
Y 0.0000 1.0000 0.0000
Z 0.0000 0.0000 1.0000

PART 38
OFFSET -29.5855 -7.9373 -3.1869
SCALE 1 1 1
X 0.8886 0.0240 0.4581
Y -0.1333 -0.9421 0.3078
Z 0.4390 -0.3345 -0.8339

PART 39
OFFSET -40.3316 -8.2271 -8.7277
SCALE 1 1 1
X -0.2774 -0.1849 0.9428
Y -0.9545 -0.0584 -0.2923
Z 0.1091 -0.9810 -0.1603

PART 40
OFFSET -37.9719 -6.6545 -16.7465
SCALE 1 1 1
X -0.2774 -0.1849 0.9428
Y -0.9545 -0.0584 -0.2923
Z 0.1091 -0.9810 -0.1603

PART 41
OFFSET -36.9918 -5.2224 -17.7026
SCALE 1 1 1
X -0.2720 -0.1818 0.9450
Y -0.0946 0.9823 0.1618
Z -0.9576 -0.0454 -0.2844

PART 42
OFFSET -35.9033 -5.6902 -17.8814
SCALE 1 1 1
X -0.2720 -0.1818 0.9450
Y -0.0946 0.9823 0.1618
Z -0.9576 -0.0454 -0.2844

PART 43
OFFSET -35.9372 -6.9840 -18.2507
SCALE 1 1 1
X -0.2720 -0.1818 0.9450
Y -0.0946 0.9823 0.1618
Z -0.9576 -0.0454 -0.2844

PART 44
OFFSET -37.1214 -6.0877 -19.6368
SCALE 1 1 1
X 0.9201 0.0156 0.3914
Y -0.3818 -0.1878 0.9050
Z 0.0876 -0.9821 -0.1668

PART 45
OFFSET -37.2028 -5.5103 -20.6176
SCALE 1 1 1
X 0.4390 -0.5544 0.7071
Y -0.7555 0.1982 0.6245
Z -0.4863 -0.8083 -0.3318

PART 46
OFFSET -38.0477 -4.2887 -22.1873
SCALE 1 1 1
X 0.8985 -0.3526 0.2614
Y -0.3700 -0.2883 0.8831
Z -0.2360 -0.8903 -0.3895

PART 47
OFFSET -39.4938 -3.6370 -22.5129
SCALE 1 1 1
X 0.9235 -0.3036 -0.2344
Y 0.0896 -0.4235 0.9015
Z -0.3729 -0.8535 -0.3639

PART 48
OFFSET -40.4770 -3.2625 -22.2581
SCALE 1 1 1
X 0.9397 0.2369 0.2465
Y -0.2768 0.9504 0.1420
Z -0.2006 -0.2016 0.9587

PART 49
OFFSET -38.3265 -6.1035 -18.9652
SCALE 1 1 1
X 0.9761 0.0778 -0.2029
Y 0.0330 -0.9759 -0.2156
Z -0.2147 0.2038 -0.9552

PART 50
OFFSET -40.5550 -6.1290 -18.6221
SCALE 1 1 1
X 0.9429 -0.3290 -0.0521
Y -0.3330 -0.9295 -0.1584
Z 0.0037 0.1667 -0.9860

PART 51
OFFSET -41.8899 -5.6632 -18.5485
SCALE 1 1 1
X 0.2438 -0.9576 -0.1534
Y -0.9680 -0.2306 -0.0989
Z 0.0593 0.1726 -0.9832

PART 52
OFFSET -42.1060 -4.8141 -18.4125
SCALE 1 1 1
X -0.4385 -0.8869 -0.1454
Y -0.8987 0.4313 0.0792
Z -0.0076 0.1654 -0.9862

PART 53
OFFSET -41.6895 -3.9716 -18.2743
SCALE 1 1 1
X 0.9006 0.3837 0.2041
Y -0.3973 0.9172 0.0288
Z -0.1762 -0.1070 0.9785

PART 54
OFFSET -38.2629 -6.1193 -19.6761
SCALE 1 1 1
X 0.9934 0.0666 0.0936
Y 0.0854 -0.9730 -0.2144
Z 0.0768 0.2209 -0.9723

PART 55
OFFSET -40.8506 -6.3464 -19.7792
SCALE 1 1 1
X 0.9111 -0.4115 -0.0216
Y -0.4085 -0.8950 -0.1792
Z 0.0544 0.1721 -0.9836

PART 56
OFFSET -42.4018 -5.6458 -19.7424
SCALE 1 1 1
X 0.1290 -0.9791 -0.1573
Y -0.9882 -0.1138 -0.1021
Z 0.0821 0.1686 -0.9823

PART 57
OFFSET -42.5806 -4.2888 -19.5244
SCALE 1 1 1
X -0.4795 -0.8562 -0.1924
Y -0.8737 0.4862 0.0139
Z 0.0817 0.1748 -0.9812

PART 58
OFFSET -42.0606 -3.3603 -19.3157
SCALE 1 1 1
X 0.8960 0.4323 0.1015
Y -0.4437 0.8811 0.1638
Z -0.0186 -0.1918 0.9813

PART 59
OFFSET -32.9222 -6.3904 -18.8624
SCALE 1 1 1
X 0.9639 -0.2221 0.1469
Y 0.1687 0.9361 0.3086
Z -0.2060 -0.2727 0.9398

PART 60
OFFSET -40.3860 -6.3718 -21.9065
SCALE 1 1 1
X 0.7539 -0.5953 0.2778
Y -0.4557 -0.7785 -0.4316
Z 0.4732 0.1988 -0.8582

PART 61
OFFSET -41.7134 -5.3236 -22.3955
SCALE 1 1 1
X 0.4884 -0.8719 0.0347
Y -0.7196 -0.4249 -0.5493
Z 0.4937 0.2433 -0.8349

PART 62
OFFSET -42.2771 -4.2488 -22.4884
SCALE 1 1 1
X 0.2247 -0.9724 -0.0634
Y -0.8292 -0.1566 -0.5366
Z 0.5119 0.1732 -0.8414

PART 63
OFFSET -42.5309 -3.1505 -22.4168
SCALE 1 1 1
X 0.8193 0.5066 0.2684
Y -0.5287 0.8487 0.0120
Z -0.2217 -0.1518 0.9632

PART 64
OFFSET -40.7178 -6.3977 -20.8530
SCALE 1 1 1
X 0.8042 -0.5675 0.1765
Y -0.4882 -0.8002 -0.3483
Z 0.3389 0.1940 -0.9206

PART 65
OFFSET -42.2889 -5.2891 -21.1978
SCALE 1 1 1
X 0.1419 -0.9758 -0.1662
Y -0.9438 -0.0827 -0.3201
Z 0.2986 0.2023 -0.9327

PART 66
OFFSET -42.4962 -3.8638 -20.9550
SCALE 1 1 1
X -0.4068 -0.8596 -0.3093
Y -0.8801 0.4595 -0.1195
Z 0.2448 0.2236 -0.9434

PART 67
OFFSET -42.0378 -2.8915 -20.5981
SCALE 1 1 1
X 0.8584 0.3514 0.3738
Y -0.3923 0.9191 0.0370
Z -0.3306 -0.1784 0.9268

PART 68
OFFSET 0.0000 0.0000 0.0000
SCALE 1 1 1
X 1.0000 0.0000 0.0000
Y 0.0000 1.0000 0.0000
Z 0.0000 0.0000 1.0000

PART 69
OFFSET 0.0000 0.0000 0.0000
SCALE 1 1 1
X 1.0000 -0.0094 0.0008
Y 0.0094 1.0000 -0.0023
Z -0.0008 0.0023 1.0000

PART 70
OFFSET 0.0000 0.0000 0.0000
SCALE 1 1 1
X 1.0000 -0.0094 0.0008
Y 0.0094 1.0000 -0.0023
Z -0.0008 0.0023 1.0000

PART 71
OFFSET -44.0183 0.0592 -20.6909
SCALE 1 1 1
X 1.0000 0.0000 0.0000
Y 0.0000 1.0000 0.0000
Z 0.0000 0.0000 1.0000

PART 72
OFFSET -43.0580 -0.2826 -19.5688
SCALE 1 1 1
X -0.0019 -0.7600 0.6499
Y 1.0000 -0.0025 0.0000
Z 0.0016 0.6499 0.7600

PART 73
OFFSET -45.9705 0.1269 -19.1187
SCALE 1 1 1
X 0.9998 0.0000 0.0204
Y -0.0000 1.0000 0.0000
Z -0.0204 -0.0000 0.9998

PART 74
OFFSET -38.5848 0.1361 -19.5156
SCALE 1 1 1
X 1.0000 0.0000 0.0000
Y 0.0000 1.0000 0.0000
Z 0.0000 0.0000 1.0000

PART 75
OFFSET -45.3585 0.1308 -21.9282
SCALE 1 1 1
X 1.0000 0.0000 0.0000
Y 0.0000 1.0000 0.0000
Z 0.0000 0.0000 1.0000

PART 76
OFFSET -46.1423 0.1110 -20.4216
SCALE 1 1 1
X 1.0000 0.0000 0.0000
Y 0.0000 1.0000 0.0000
Z 0.0000 0.0000 1.0000

PART 77
OFFSET -43.1195 0.5040 -20.3050
SCALE 1 1 1
X 1.0000 0.0000 0.0000
Y 0.0000 1.0000 0.0000
Z 0.0000 0.0000 1.0000

PART 78
OFFSET 8.5230 17.0880 -13.2627
SCALE 1 1 1
X -0.2313 0.8393 -0.4919
Y 0.1954 -0.4553 -0.8687
Z -0.9530 -0.2971 -0.0587

PART 79
OFFSET 0.0000 0.0000 0.0000
SCALE 1 1 1
X 1.0000 0.0000 0.0000
Y 0.0000 1.0000 0.0000
Z 0.0000 0.0000 1.0000


FRAME 4
PART 0
OFFSET 8.2143 18.2475 -10.8351
SCALE 1 1 1
X 0.9225 0.3704 0.1088
Y 0.1963 -0.2075 -0.9583
Z -0.3324 0.9054 -0.2641

PART 1
OFFSET 8.2143 18.2475 -10.8351
SCALE 1 1 1
X 0.9225 0.3704 0.1088
Y 0.1963 -0.2075 -0.9583
Z -0.3324 0.9054 -0.2641

PART 2
OFFSET -12.5735 -7.9715 -14.8788
SCALE 1 1 1
X 0.1939 -0.0134 0.9809
Y 0.0489 -0.9985 -0.0233
Z 0.9798 0.0524 -0.1930

PART 3
OFFSET -12.5735 -7.9715 -14.8788
SCALE 1 1 1
X 0.1939 -0.0134 0.9809
Y 0.0489 -0.9985 -0.0233
Z 0.9798 0.0524 -0.1930

PART 4
OFFSET 3.7921 0.0000 -1.3770
SCALE 1 1 1
X 1.0000 0.0000 0.0000
Y 0.0000 1.0000 0.0000
Z 0.0000 0.0000 1.0000

PART 5
OFFSET -4.7419 7.9373 -6.1221
SCALE 1 1 1
X 0.0362 0.8930 -0.4487
Y 0.5078 -0.4031 -0.7613
Z -0.8607 -0.2003 -0.4681

PART 6
OFFSET -4.3042 18.7367 -11.5483
SCALE 1 1 1
X 0.9955 -0.0854 0.0409
Y -0.0947 -0.8895 0.4470
Z -0.0018 -0.4489 -0.8936

PART 7
OFFSET 4.1630 18.0102 -11.2005
SCALE 1 1 1
X 0.9955 -0.0854 0.0409
Y -0.0895 -0.9898 0.1106
Z 0.0310 -0.1138 -0.9930

PART 8
OFFSET 5.6548 19.2003 -10.7128
SCALE 1 1 1
X 0.9961 -0.0789 0.0407
Y 0.0004 0.4619 0.8869
Z -0.0887 -0.8834 0.4601

PART 9
OFFSET 5.2966 18.7852 -12.3932
SCALE 1 1 1
X 0.9961 -0.0789 0.0407
Y 0.0004 0.4619 0.8869
Z -0.0887 -0.8834 0.4601

PART 10
OFFSET 5.8675 16.9711 -9.8038
SCALE 1 1 1
X 0.9961 -0.0789 0.0407
Y 0.0004 0.4619 0.8869
Z -0.0887 -0.8834 0.4601

PART 11
OFFSET 5.8212 16.0880 -11.0307
SCALE 1 1 1
X 0.9961 -0.0789 0.0407
Y 0.0004 0.4619 0.8869
Z -0.0887 -0.8834 0.4601

PART 12
OFFSET 5.5027 16.4734 -11.8454
SCALE 1 1 1
X 0.9961 -0.0789 0.0407
Y 0.0004 0.4619 0.8869
Z -0.0887 -0.8834 0.4601

PART 13
OFFSET 7.2149 17.7483 -11.0751
SCALE 1 1 1
X 0.9277 0.1065 0.3579
Y 0.0318 -0.9775 0.2085
Z 0.3720 -0.1820 -0.9102

PART 14
OFFSET 7.8156 16.7781 -11.0867
SCALE 1 1 1
X 0.8368 -0.4186 -0.3530
Y -0.4070 -0.9067 0.1104
Z -0.3663 0.0512 -0.9291

PART 15
OFFSET 9.5603 15.7872 -11.8891
SCALE 1 1 1
X 0.9191 0.3890 -0.0627
Y 0.3606 -0.8945 -0.2643
Z -0.1589 0.2203 -0.9624

PART 16
OFFSET 11.0048 16.4932 -12.0823
SCALE 1 1 1
X 0.4469 0.8945 -0.0140
Y 0.8579 -0.4330 -0.2766
Z -0.2534 0.1116 -0.9609

PART 17
OFFSET 11.4911 17.4583 -12.1461
SCALE 1 1 1
X 0.6695 0.4994 0.5499
Y -0.3223 -0.4717 0.8207
Z 0.6692 -0.7267 -0.1549

PART 18
OFFSET 8.0411 18.8483 -11.1795
SCALE 1 1 1
X 0.7919 0.6105 0.0118
Y 0.2044 -0.2468 -0.9473
Z -0.5754 0.7526 -0.3202

PART 19
OFFSET 9.9292 20.0802 -11.2225
SCALE 1 1 1
X 0.5597 -0.1877 -0.8072
Y -0.7509 -0.5268 -0.3982
Z -0.3505 0.8290 -0.4358

PART 20
OFFSET 10.7217 19.8145 -12.3652
SCALE 1 1 1
X -0.6935 -0.5280 -0.4901
Y -0.6534 0.1745 0.7366
Z -0.3034 0.8311 -0.4660

PART 21
OFFSET 10.1068 19.3463 -12.7998
SCALE 1 1 1
X -0.9187 -0.2052 0.3375
Y 0.2010 0.4927 0.8467
Z -0.3401 0.8456 -0.4114

PART 22
OFFSET 9.2340 19.1513 -12.4792
SCALE 1 1 1
X 0.6257 -0.2746 -0.7301
Y 0.6999 0.6109 0.3700
Z 0.3444 -0.7425 0.5745

PART 23
OFFSET 8.2143 18.2475 -10.8351
SCALE 1 1 1
X 0.9225 0.3704 0.1088
Y 0.1963 -0.2075 -0.9583
Z -0.3324 0.9054 -0.2641

PART 24
OFFSET 10.5547 19.3479 -10.5710
SCALE 1 1 1
X 0.2316 -0.2423 -0.9422
Y -0.9089 -0.3992 -0.1208
Z -0.3469 0.8843 -0.3127

PART 25
OFFSET 10.9490 18.9354 -12.1750
SCALE 1 1 1
X -0.9332 -0.3590 -0.0163
Y -0.1352 0.3086 0.9415
Z -0.3330 0.8808 -0.3366

PART 26
OFFSET 9.6557 18.4378 -12.1976
SCALE 1 1 1
X -0.7037 0.0103 0.7104
Y 0.6307 0.4694 0.6180
Z -0.3270 0.8829 -0.3368

PART 27
OFFSET 8.8925 18.4491 -11.4272
SCALE 1 1 1
X 0.2002 -0.2332 -0.9516
Y 0.9335 0.3402 0.1130
Z 0.2974 -0.9110 0.2858

PART 28
OFFSET 10.3245 16.4269 -10.1288
SCALE 1 1 1
X 0.9702 0.2386 0.0433
Y -0.0849 0.1668 0.9823
Z 0.2272 -0.9567 0.1821

PART 29
OFFSET 10.7153 17.4935 -9.1852
SCALE 1 1 1
X 0.5632 -0.1567 -0.8113
Y -0.8201 -0.2262 -0.5256
Z -0.1012 0.9614 -0.2559

PART 30
OFFSET 11.7069 17.2176 -10.6136
SCALE 1 1 1
X -0.5766 -0.2161 -0.7879
Y -0.8149 0.0821 0.5738
Z -0.0593 0.9729 -0.2235

PART 31
OFFSET 11.0095 16.8958 -11.5579
SCALE 1 1 1
X -0.9893 -0.0874 0.1167
Y 0.0884 0.2769 0.9568
Z -0.1159 0.9569 -0.2662

PART 32
OFFSET 9.8920 16.7971 -11.4261
SCALE 1 1 1
X 0.2097 0.0476 -0.9766
Y 0.9767 0.0374 0.2115
Z 0.0466 -0.9982 -0.0387

PART 33
OFFSET 10.6487 18.5100 -9.6128
SCALE 1 1 1
X 0.3498 -0.1850 -0.9184
Y -0.9212 -0.2461 -0.3013
Z -0.1703 0.9514 -0.2565

PART 34
OFFSET 11.3320 18.1485 -11.4069
SCALE 1 1 1
X -0.7832 -0.2936 -0.5481
Y -0.5888 0.0671 0.8055
Z -0.1997 0.9536 -0.2254

PART 35
OFFSET 10.1880 17.7197 -12.2074
SCALE 1 1 1
X -0.7404 -0.0438 0.6708
Y 0.6388 0.2650 0.7223
Z -0.2094 0.9632 -0.1682

PART 36
OFFSET 9.3475 17.6767 -11.4494
SCALE 1 1 1
X 0.1731 -0.1972 -0.9649
Y 0.9471 0.3022 0.1081
Z 0.2703 -0.9326 0.2391

PART 37
OFFSET -44.0183 0.0592 -20.6909
SCALE 1 1 1
X 1.0000 0.0000 0.0000
Y 0.0000 1.0000 0.0000
Z 0.0000 0.0000 1.0000

PART 38
OFFSET -29.5855 -7.9373 -3.1869
SCALE 1 1 1
X 0.8886 0.0240 0.4581
Y -0.1333 -0.9421 0.3078
Z 0.4390 -0.3345 -0.8339

PART 39
OFFSET -40.3316 -8.2271 -8.7277
SCALE 1 1 1
X -0.2774 -0.1849 0.9428
Y -0.9545 -0.0584 -0.2923
Z 0.1091 -0.9810 -0.1603

PART 40
OFFSET -37.9719 -6.6545 -16.7465
SCALE 1 1 1
X -0.2774 -0.1849 0.9428
Y -0.9545 -0.0584 -0.2923
Z 0.1091 -0.9810 -0.1603

PART 41
OFFSET -36.9918 -5.2224 -17.7026
SCALE 1 1 1
X -0.2720 -0.1818 0.9450
Y -0.0946 0.9823 0.1618
Z -0.9576 -0.0454 -0.2844

PART 42
OFFSET -35.9033 -5.6902 -17.8814
SCALE 1 1 1
X -0.2720 -0.1818 0.9450
Y -0.0946 0.9823 0.1618
Z -0.9576 -0.0454 -0.2844

PART 43
OFFSET -35.9372 -6.9840 -18.2507
SCALE 1 1 1
X -0.2720 -0.1818 0.9450
Y -0.0946 0.9823 0.1618
Z -0.9576 -0.0454 -0.2844

PART 44
OFFSET -37.1214 -6.0877 -19.6368
SCALE 1 1 1
X 0.9201 0.0156 0.3914
Y -0.3818 -0.1878 0.9050
Z 0.0876 -0.9821 -0.1668

PART 45
OFFSET -37.2028 -5.5103 -20.6176
SCALE 1 1 1
X 0.4390 -0.5544 0.7071
Y -0.7555 0.1982 0.6245
Z -0.4863 -0.8083 -0.3318

PART 46
OFFSET -38.0477 -4.2887 -22.1873
SCALE 1 1 1
X 0.8985 -0.3526 0.2614
Y -0.3700 -0.2883 0.8831
Z -0.2360 -0.8903 -0.3895

PART 47
OFFSET -39.4938 -3.6370 -22.5129
SCALE 1 1 1
X 0.9235 -0.3036 -0.2344
Y 0.0896 -0.4235 0.9015
Z -0.3729 -0.8535 -0.3639

PART 48
OFFSET -40.4770 -3.2625 -22.2581
SCALE 1 1 1
X 0.9397 0.2369 0.2465
Y -0.2768 0.9504 0.1420
Z -0.2006 -0.2016 0.9587

PART 49
OFFSET -38.3265 -6.1035 -18.9652
SCALE 1 1 1
X 0.9761 0.0778 -0.2029
Y 0.0330 -0.9759 -0.2156
Z -0.2147 0.2038 -0.9552

PART 50
OFFSET -40.5550 -6.1290 -18.6221
SCALE 1 1 1
X 0.9429 -0.3290 -0.0521
Y -0.3330 -0.9295 -0.1584
Z 0.0037 0.1667 -0.9860

PART 51
OFFSET -41.8899 -5.6632 -18.5485
SCALE 1 1 1
X 0.2438 -0.9576 -0.1534
Y -0.9680 -0.2306 -0.0989
Z 0.0593 0.1726 -0.9832

PART 52
OFFSET -42.1060 -4.8141 -18.4125
SCALE 1 1 1
X -0.4385 -0.8869 -0.1454
Y -0.8987 0.4313 0.0792
Z -0.0076 0.1654 -0.9862

PART 53
OFFSET -41.6895 -3.9716 -18.2743
SCALE 1 1 1
X 0.9006 0.3837 0.2041
Y -0.3973 0.9172 0.0288
Z -0.1762 -0.1070 0.9785

PART 54
OFFSET -38.2629 -6.1193 -19.6761
SCALE 1 1 1
X 0.9934 0.0666 0.0936
Y 0.0854 -0.9730 -0.2144
Z 0.0768 0.2209 -0.9723

PART 55
OFFSET -40.8506 -6.3464 -19.7792
SCALE 1 1 1
X 0.9111 -0.4115 -0.0216
Y -0.4085 -0.8950 -0.1792
Z 0.0544 0.1721 -0.9836

PART 56
OFFSET -42.4018 -5.6458 -19.7424
SCALE 1 1 1
X 0.1290 -0.9791 -0.1573
Y -0.9882 -0.1138 -0.1021
Z 0.0821 0.1686 -0.9823

PART 57
OFFSET -42.5806 -4.2888 -19.5244
SCALE 1 1 1
X -0.4795 -0.8562 -0.1924
Y -0.8737 0.4862 0.0139
Z 0.0817 0.1748 -0.9812

PART 58
OFFSET -42.0606 -3.3603 -19.3157
SCALE 1 1 1
X 0.8960 0.4323 0.1015
Y -0.4437 0.8811 0.1638
Z -0.0186 -0.1918 0.9813

PART 59
OFFSET -32.9222 -6.3904 -18.8624
SCALE 1 1 1
X 0.9639 -0.2221 0.1469
Y 0.1687 0.9361 0.3086
Z -0.2060 -0.2727 0.9398

PART 60
