// Export filename: 'C:/cod5/cod/cod5/model_export/american/characters/Roebuck/char_usa_marine_roebuck_LOD3.XMODEL_EXPORT'
// Source filename: 'C:/cod5/cod/cod5/model_export/american/characters/Roebuck/newroebuck.ma'
// Export time: Sat Sep 27 18:51:16 2008
MODEL
VERSION 6

NUMBONES 98
BONE 0 -1 "TAG_ORIGIN"
BONE 1 0 "J_MainRoot"
BONE 2 0 "TAG_SYNC"
BONE 3 1 "J_Hip_LE"
BONE 4 1 "J_Hip_RI"
BONE 5 1 "J_SpineLower"
BONE 6 1 "TAG_STOWED_HIP_REAR"
BONE 7 3 "J_HipTwist_LE"
BONE 8 4 "J_HipTwist_RI"
BONE 9 3 "J_Knee_LE"
BONE 10 4 "J_Knee_RI"
BONE 11 5 "J_SpineUpper"
BONE 12 9 "J_Ankle_LE"
BONE 13 10 "J_Ankle_RI"
BONE 14 9 "J_Knee_Bulge_LE"
BONE 15 10 "J_Knee_Bulge_RI"
BONE 16 11 "J_Spine4"
BONE 17 12 "J_Ball_LE"
BONE 18 13 "J_Ball_RI"
BONE 19 16 "J_Clavicle_LE"
BONE 20 16 "J_Clavicle_RI"
BONE 21 16 "J_FrontPack"
BONE 22 16 "J_Neck"
BONE 23 16 "J_ShoulderRaise_LE"
BONE 24 16 "J_ShoulderRaise_RI"
BONE 25 16 "TAG_INHAND"
BONE 26 16 "TAG_STOWED_BACK"
BONE 27 16 "TAG_WEAPON_CHEST"
BONE 28 22 "J_Head"
BONE 29 19 "J_Shoulder_LE"
BONE 30 20 "J_Shoulder_RI"
BONE 31 28 "J_Brow_LE"
BONE 32 28 "J_Brow_RI"
BONE 33 28 "J_Cheek_LE"
BONE 34 28 "J_Cheek_RI"
BONE 35 28 "J_CheekPuff_LE"
BONE 36 28 "J_CheekPuff_RI"
BONE 37 29 "J_Elbow_Bulge_LE"
BONE 38 30 "J_Elbow_Bulge_RI"
BONE 39 29 "J_Elbow_LE"
BONE 40 30 "J_Elbow_RI"
BONE 41 28 "J_Eye_Lid_Bot_LE"
BONE 42 28 "J_Eye_Lid_Bot_RI"
BONE 43 28 "J_Eye_Lid_Top_LE"
BONE 44 28 "J_Eye_Lid_Top_RI"
BONE 45 28 "J_EyeBall_LE"
BONE 46 28 "J_EyeBall_RI"
BONE 47 28 "J_Head_END"
BONE 48 28 "J_Jaw"
BONE 49 28 "J_Levator_LE"
BONE 50 28 "J_Levator_RI"
BONE 51 28 "J_Lip_Top_LE"
BONE 52 28 "J_Lip_Top_RI"
BONE 53 28 "J_Mouth_LE"
BONE 54 28 "J_Mouth_RI"
BONE 55 29 "J_ShoulderTwist_LE"
BONE 56 30 "J_ShoulderTwist_RI"
BONE 57 28 "TAG_EYE"
BONE 58 48 "J_Chin_SkinRoll"
BONE 59 47 "J_Helmet"
BONE 60 48 "J_Lip_Bot_LE"
BONE 61 48 "J_Lip_Bot_RI"
BONE 62 39 "J_Wrist_LE"
BONE 63 40 "J_Wrist_RI"
BONE 64 39 "J_WristTwist_LE"
BONE 65 40 "J_WristTwist_RI"
BONE 66 62 "J_Index_LE_1"
BONE 67 63 "J_Index_RI_1"
BONE 68 62 "J_Mid_LE_1"
BONE 69 63 "J_Mid_RI_1"
BONE 70 62 "J_Pinky_LE_1"
BONE 71 63 "J_Pinky_RI_1"
BONE 72 62 "J_Ring_LE_1"
BONE 73 63 "J_Ring_RI_1"
BONE 74 62 "J_Thumb_LE_1"
BONE 75 63 "J_Thumb_RI_1"
BONE 76 62 "TAG_WEAPON_LEFT"
BONE 77 63 "TAG_WEAPON_RIGHT"
BONE 78 66 "J_Index_LE_2"
BONE 79 67 "J_Index_RI_2"
BONE 80 68 "J_Mid_LE_2"
BONE 81 69 "J_Mid_RI_2"
BONE 82 70 "J_Pinky_LE_2"
BONE 83 71 "J_Pinky_RI_2"
BONE 84 72 "J_Ring_LE_2"
BONE 85 73 "J_Ring_RI_2"
BONE 86 74 "J_Thumb_LE_2"
BONE 87 75 "J_Thumb_RI_2"
BONE 88 78 "J_Index_LE_3"
BONE 89 79 "J_Index_RI_3"
BONE 90 80 "J_Mid_LE_3"
BONE 91 81 "J_Mid_RI_3"
BONE 92 82 "J_Pinky_LE_3"
BONE 93 83 "J_Pinky_RI_3"
BONE 94 84 "J_Ring_LE_3"
BONE 95 85 "J_Ring_RI_3"
BONE 96 86 "J_Thumb_LE_3"
BONE 97 87 "J_Thumb_RI_3"

BONE 0
OFFSET 0.000002, -2.222000, 0.000042
SCALE 1.000000, 1.000000, 1.000000
X -0.000000, -1.000000, -0.000001
Y 1.000000, -0.000000, 0.000000
Z -0.000000, -0.000001, 1.000000

BONE 1
OFFSET 0.000082, 1.218927, 37.228020
SCALE 1.000000, 1.000000, 1.000000
X 0.000005, 0.024825, 0.999692
Y 0.000006, -0.999692, 0.024825
Z 1.000000, 0.000006, -0.000005

BONE 2
OFFSET 0.000002, -2.219720, 0.000042
SCALE 1.000000, 1.000000, 1.000000
X 0.000000, 1.000000, -0.000001
Y -1.000000, 0.000000, 0.000000
Z 0.000000, 0.000001, 1.000000

BONE 3
OFFSET 4.865472, 1.218951, 37.228016
SCALE 1.000000, 1.000000, 1.000000
X -0.008941, 0.033879, -0.999386
Y -0.004877, -0.999415, -0.033837
Z -0.999948, 0.004571, 0.009101

BONE 4
OFFSET -4.865293, 1.218927, 37.227978
SCALE 1.000000, 1.000000, 1.000000
X -0.008909, -0.033842, 0.999388
Y -0.004870, 0.999417, 0.033800
Z -0.999948, -0.004566, -0.009069

BONE 5
OFFSET 0.000089, 1.148792, 42.432632
SCALE 1.000000, 1.000000, 1.000000
X 0.000001, 0.029870, 0.999554
Y -0.000002, -0.999554, 0.029870
Z 1.000000, -0.000002, -0.000001

BONE 6
OFFSET -4.400561, 6.159410, 39.124432
SCALE 1.000000, 1.000000, 1.000000
X 0.906308, 0.422488, -0.010500
Y -0.000001, -0.024844, -0.999691
Z -0.422618, 0.906028, -0.022516

BONE 7
OFFSET 4.837310, 1.325658, 34.080341
SCALE 1.000000, 1.000000, 1.000000
X -0.008941, 0.033879, -0.999386
Y -0.004864, -0.999416, -0.033837
Z -0.999948, 0.004558, 0.009101

BONE 8
OFFSET -4.837236, 1.325506, 34.080624
SCALE 1.000000, 1.000000, 1.000000
X -0.008909, -0.033842, 0.999388
Y -0.004874, 0.999417, 0.033800
Z -0.999948, -0.004570, -0.009069

BONE 9
OFFSET 4.708874, 1.812570, 19.727123
SCALE 1.000000, 1.000000, 1.000000
X -0.008203, 0.166937, -0.985933
Y -0.006021, -0.985957, -0.166891
Z -0.999948, 0.004567, 0.009093

BONE 10
OFFSET -4.708568, 1.812141, 19.727461
SCALE 1.000000, 1.000000, 1.000000
X -0.008167, -0.166975, 0.985927
Y -0.006022, 0.985950, 0.166929
Z -0.999949, -0.004574, -0.009057

BONE 11
OFFSET 0.000094, 1.131313, 47.652164
SCALE 1.000000, 1.000000, 1.000000
X 0.000003, -0.020406, 0.999792
Y 0.000005, -0.999792, -0.020406
Z 1.000000, 0.000006, -0.000003

BONE 12
OFFSET 4.584381, 4.343949, 4.776942
SCALE 1.000000, 1.000000, 1.000000
X -0.000000, -0.008729, -0.999962
Y 0.016577, -0.999824, 0.008728
Z -0.999863, -0.016577, 0.000145

BONE 13
OFFSET -4.584069, 4.344151, 4.777238
SCALE 1.000000, 1.000000, 1.000000
X 0.000009, 0.008730, 0.999962
Y 0.016581, 0.999824, -0.008729
Z -0.999862, 0.016581, -0.000136

BONE 14
OFFSET 4.700434, -0.061645, 19.740444
SCALE 1.000000, 1.000000, 1.000000
X -0.000006, 0.029936, 0.999552
Y -0.000002, -0.999552, 0.029936
Z 1.000000, -0.000002, 0.000006

BONE 15
OFFSET -4.688320, -0.066627, 19.765453
SCALE 1.000000, 1.000000, 1.000000
X -0.000042, -0.029921, -0.999552
Y -0.000010, 0.999552, -0.029921
Z 1.000000, 0.000009, -0.000042

BONE 16
OFFSET 0.000090, 1.067745, 51.758411
SCALE 1.000000, 1.000000, 1.000000
X 0.000002, -0.047080, 0.998891
Y 0.000010, -0.998891, -0.047080
Z 1.000000, 0.000011, -0.000001

BONE 17
OFFSET 4.746620, -1.234840, 0.330913
SCALE 1.000000, 1.000000, 1.000000
X 0.016342, -0.983115, 0.182258
Y -0.002855, 0.182235, 0.983251
Z -0.999862, -0.016588, 0.000171

BONE 18
OFFSET -4.746290, -1.234591, 0.331138
SCALE 1.000000, 1.000000, 1.000000
X 0.016296, 0.983125, -0.182210
Y -0.002898, -0.182187, -0.983260
Z -0.999863, 0.016551, -0.000120

BONE 19
OFFSET 1.356609, 1.015539, 56.400341
SCALE 1.000000, 1.000000, 1.000000
X 0.997183, -0.019399, 0.072449
Y 0.018071, 0.999657, 0.018947
Z -0.072792, -0.017584, 0.997192

BONE 20
OFFSET -1.356719, 1.015542, 56.400444
SCALE 1.000000, 1.000000, 1.000000
X 0.997186, 0.019411, -0.072414
Y 0.018084, -0.999657, -0.018932
Z -0.072757, 0.017569, -0.997195

BONE 21
OFFSET -0.029703, -5.320381, 54.342735
SCALE 1.000000, 1.000000, 1.000000
X -0.999963, -0.000087, 0.008615
Y 0.002320, 0.960293, 0.278986
Z -0.008297, 0.278995, -0.960257

BONE 22
OFFSET 0.000058, 0.503915, 60.542107
SCALE 1.000000, 1.000000, 1.000000
X 0.000005, -0.309757, 0.950816
Y 0.000009, -0.950816, -0.309757
Z 1.000000, 0.000010, -0.000002

BONE 23
OFFSET 4.025334, 0.920922, 58.859638
SCALE 1.000000, 1.000000, 1.000000
X -0.997186, 0.019392, -0.072414
Y -0.018067, -0.999658, -0.018910
Z -0.072756, -0.017549, 0.997195

BONE 24
OFFSET -4.025115, 0.920835, 58.859825
SCALE 1.000000, 1.000000, 1.000000
X -0.997185, -0.019413, 0.072417
Y -0.018088, 0.999658, 0.018910
Z -0.072759, 0.017547, -0.997195

BONE 25
OFFSET -28.519920, -12.713210, 38.935009
SCALE 1.000000, 1.000000, 1.000000
X 1.000000, 0.000011, -0.000001
Y 0.000007, -0.764281, -0.644884
Z -0.000008, 0.644884, -0.764281

BONE 26
OFFSET -3.446791, 8.288239, 51.019424
SCALE 1.000000, 1.000000, 1.000000
X -0.083352, 0.038091, -0.995792
Y 0.176876, -0.982837, -0.052401
Z -0.980697, -0.180500, 0.075184

BONE 27
OFFSET -28.519920, -12.713210, 38.935009
SCALE 1.000000, 1.000000, 1.000000
X 0.000011, -1.000000, 0.000001
Y 1.000000, 0.000011, -0.000001
Z 0.000001, 0.000001, 1.000000

BONE 28
OFFSET 0.000057, -0.306903, 63.520969
SCALE 1.000000, 1.000000, 1.000000
X -0.000007, -0.216434, 0.976297
Y 0.000005, -0.976297, -0.216434
Z 1.000000, 0.000004, 0.000008

BONE 29
OFFSET 7.725458, 0.891629, 56.863182
SCALE 1.000000, 1.000000, 1.000000
X 0.662981, -0.260696, -0.701779
Y 0.273873, 0.956889, -0.096732
Z 0.696743, -0.128067, 0.705796

BONE 30
OFFSET -7.725506, 0.891564, 56.862965
SCALE 1.000000, 1.000000, 1.000000
X 0.662960, 0.260726, 0.701788
Y 0.273916, -0.956876, 0.096734
Z 0.696745, 0.128101, -0.705788

BONE 31
OFFSET 1.398807, -5.597917, 66.951309
SCALE 1.000000, 1.000000, 1.000000
X 1.000000, 0.000000, 0.000000
Y 0.000000, 1.000000, 0.000000
Z 0.000000, 0.000000, 1.000000

BONE 32
OFFSET -1.378059, -5.611380, 66.968872
SCALE 1.000000, 1.000000, 1.000000
X 1.000000, 0.000000, 0.000000
Y 0.000000, -1.000000, 0.000000
Z 0.000000, -0.000000, -1.000000

BONE 33
OFFSET 1.735914, -4.672611, 65.419479
SCALE 1.000000, 1.000000, 1.000000
X 1.000000, 0.000000, 0.000000
Y 0.000000, 1.000000, 0.000000
Z 0.000000, 0.000000, 1.000000

BONE 34
OFFSET -1.735881, -4.672617, 65.419388
SCALE 1.000000, 1.000000, 1.000000
X 1.000000, 0.000000, 0.000000
Y 0.000000, -1.000000, 0.000000
Z 0.000000, -0.000000, -1.000000

BONE 35
OFFSET 1.998089, -3.801665, 63.251984
SCALE 1.000000, 1.000000, 1.000000
X 1.000000, 0.000000, 0.000000
Y 0.000000, 1.000000, 0.000000
Z 0.000000, 0.000000, 1.000000

BONE 36
OFFSET -2.017981, -3.801665, 63.251972
SCALE 1.000000, 1.000000, 1.000000
X 1.000000, 0.000000, 0.000000
Y 0.000000, -1.000000, -0.000000
Z 0.000000, 0.000000, -1.000000

BONE 37
OFFSET 15.846285, -1.632342, 48.642529
SCALE 1.000000, 1.000000, 1.000000
X 0.294563, -0.846066, -0.444303
Y 0.654051, 0.517466, -0.551767
Z 0.696743, -0.128067, 0.705796

BONE 38
OFFSET -15.846131, -1.632841, 48.642246
SCALE 1.000000, 1.000000, 1.000000
X 0.294518, 0.846079, 0.444308
Y 0.654068, -0.517437, 0.551773
Z 0.696745, 0.128101, -0.705788

BONE 39
OFFSET 15.742274, -1.805675, 48.713013
SCALE 1.000000, 1.000000, 1.000000
X 0.294845, -0.845858, -0.444512
Y 0.653923, 0.517813, -0.551593
Z 0.696743, -0.128042, 0.705801

BONE 40
OFFSET -15.742270, -1.806072, 48.712933
SCALE 1.000000, 1.000000, 1.000000
X 0.294819, 0.845861, 0.444523
Y 0.653933, -0.517800, 0.551592
Z 0.696745, 0.128069, -0.705794

BONE 41
OFFSET 1.361146, -4.307770, 66.229576
SCALE 1.000000, 1.000000, 1.000000
X 0.997040, 0.064689, 0.041560
Y -0.064874, 0.997889, 0.003132
Z -0.041269, -0.005819, 0.999131

BONE 42
OFFSET -1.291026, -4.307769, 66.229691
SCALE 1.000000, 1.000000, 1.000000
X 0.997040, -0.064689, -0.041560
Y -0.064874, -0.997889, -0.003132
Z -0.041269, 0.005819, -0.999131

BONE 43
OFFSET 1.360009, -4.310390, 66.357697
SCALE 1.000000, 1.000000, 1.000000
X 0.997040, 0.064689, 0.041560
Y -0.064874, 0.997889, 0.003132
Z -0.041269, -0.005819, 0.999131

BONE 44
OFFSET -1.289888, -4.310387, 66.357841
SCALE 1.000000, 1.000000, 1.000000
X 0.997040, -0.064689, -0.041560
Y -0.064874, -0.997889, -0.003132
Z -0.041269, 0.005819, -0.999131

BONE 45
OFFSET 1.318041, -4.358185, 66.293449
SCALE 1.000000, 1.000000, 1.000000
X 0.978148, 0.207912, 0.000000
Y -0.207912, 0.978148, 0.000000
Z 0.000000, 0.000000, 1.000000

BONE 46
OFFSET -1.314910, -4.358297, 66.273796
SCALE 1.000000, 1.000000, 1.000000
X 0.978148, -0.207912, 0.000000
Y -0.207912, -0.978148, -0.000000
Z 0.000000, 0.000000, -1.000000

BONE 47
OFFSET -0.000527, -1.399727, 69.807846
SCALE 1.000000, 1.000000, 1.000000
X -0.000007, -0.216434, 0.976297
Y 0.000005, -0.976297, -0.216434
Z 1.000000, 0.000004, 0.000008

BONE 48
OFFSET 0.000054, -1.232941, 63.565289
SCALE 1.000000, 1.000000, 1.000000
X 1.000000, 0.000000, 0.000000
Y 0.000000, 1.000000, 0.000000
Z 0.000000, 0.000000, 1.000000

BONE 49
OFFSET 0.610825, -5.694855, 64.734421
SCALE 1.000000, 1.000000, 1.000000
X 1.000000, 0.000000, 0.000000
Y 0.000000, 1.000000, 0.000000
Z 0.000000, 0.000000, 1.000000

BONE 50
OFFSET -0.660708, -5.727400, 64.696350
SCALE 1.000000, 1.000000, 1.000000
X 1.000000, 0.000000, 0.000000
Y 0.000000, -1.000000, -0.000000
Z 0.000000, 0.000000, -1.000000

BONE 51
OFFSET 0.407180, -5.672125, 63.419296
SCALE 1.000000, 1.000000, 1.000000
X 1.000000, 0.000000, 0.000000
Y 0.000000, 1.000000, 0.000000
Z 0.000000, 0.000000, 1.000000

BONE 52
OFFSET -0.407062, -5.672130, 63.419102
SCALE 1.000000, 1.000000, 1.000000
X 1.000000, 0.000000, 0.000000
Y 0.000000, -1.000000, 0.000000
Z 0.000000, -0.000000, -1.000000

BONE 53
OFFSET 1.113125, -5.098900, 63.192440
SCALE 1.000000, 1.000000, 1.000000
X 1.000000, 0.000000, 0.000000
Y 0.000000, 1.000000, 0.000000
Z 0.000000, 0.000000, 1.000000

BONE 54
OFFSET -1.113000, -5.096747, 63.182503
SCALE 1.000000, 1.000000, 1.000000
X 1.000000, 0.000000, 0.000000
Y 0.000000, -1.000000, 0.000000
Z 0.000000, -0.000000, -1.000000

BONE 55
OFFSET 8.032188, 0.771017, 56.538502
SCALE 1.000000, 1.000000, 1.000000
X 0.662981, -0.260696, -0.701779
Y 0.273875, 0.956889, -0.096730
Z 0.696742, -0.128070, 0.705797

BONE 56
OFFSET -8.001591, 0.782987, 56.570709
SCALE 1.000000, 1.000000, 1.000000
X 0.662960, 0.260726, 0.701788
Y 0.273908, -0.956878, 0.096742
Z 0.696748, 0.128089, -0.705787

BONE 57
OFFSET 0.000049, -4.334190, 66.322540
SCALE 1.000000, 1.000000, 1.000000
X 0.000001, -0.939691, 0.342026
Y 1.000000, 0.000004, 0.000007
Z -0.000008, 0.342026, 0.939691

BONE 58
OFFSET 0.000054, -5.587001, 61.373325
SCALE 1.000000, 1.000000, 1.000000
X 1.000000, 0.000000, 0.000000
Y 0.000000, 1.000000, 0.000000
Z 0.000000, 0.000000, 1.000000

BONE 59
OFFSET -0.000540, -0.362329, 71.243195
SCALE 1.000000, 1.000000, 1.000000
X 0.000005, -0.999048, 0.043625
Y 1.000000, 0.000005, 0.000005
Z -0.000005, 0.043625, 0.999048

BONE 60
OFFSET 0.388755, -5.644283, 63.233143
SCALE 1.000000, 1.000000, 1.000000
X 1.000000, 0.000000, 0.000000
Y 0.000000, 1.000000, 0.000000
Z 0.000000, 0.000000, 1.000000

BONE 61
OFFSET -0.388639, -5.644279, 63.233040
SCALE 1.000000, 1.000000, 1.000000
X 1.000000, 0.000000, 0.000000
Y 0.000000, -1.000000, 0.000000
Z 0.000000, -0.000000, -1.000000

BONE 62
OFFSET 18.585669, -10.419226, 44.089733
SCALE 1.000000, 1.000000, 1.000000
X 0.299004, -0.782064, -0.546784
Y -0.792522, 0.115636, -0.598779
Z 0.531512, 0.612376, -0.585227

BONE 63
OFFSET -18.585567, -10.419399, 44.089657
SCALE 1.000000, 1.000000, 1.000000
X 0.299011, 0.782058, 0.546788
Y -0.792524, -0.115633, 0.598778
Z 0.531506, -0.612384, 0.585224

BONE 64
OFFSET 17.753496, -7.897926, 45.442410
SCALE 1.000000, 1.000000, 1.000000
X 0.294846, -0.845857, -0.444513
Y 0.653930, 0.517812, -0.551585
Z 0.696736, -0.128048, 0.705806

BONE 65
OFFSET -17.753546, -7.898361, 45.442448
SCALE 1.000000, 1.000000, 1.000000
X 0.294819, 0.845861, 0.444523
Y 0.653933, -0.517800, 0.551592
Z 0.696745, 0.128069, -0.705794

BONE 66
OFFSET 18.943596, -14.118733, 43.296165
SCALE 1.000000, 1.000000, 1.000000
X 0.252533, -0.921880, -0.293878
Y -0.670074, 0.052482, -0.740436
Z 0.698017, 0.383905, -0.604475

BONE 67
OFFSET -18.943485, -14.118932, 43.296089
SCALE 1.000000, 1.000000, 1.000000
X 0.252692, 0.921873, 0.293763
Y -0.670040, -0.052297, 0.740480
Z 0.697992, -0.383946, 0.604477

BONE 68
OFFSET 19.641989, -13.608097, 42.701954
SCALE 1.000000, 1.000000, 1.000000
X 0.066843, -0.793765, -0.604540
Y -0.837155, 0.285040, -0.466823
Z 0.542866, 0.537298, -0.645452

BONE 69
OFFSET -19.641909, -13.608223, 42.701809
SCALE 1.000000, 1.000000, 1.000000
X 0.066887, 0.793771, 0.604528
Y -0.837171, -0.284987, 0.466827
Z 0.542836, -0.537317, 0.645460

BONE 70
OFFSET 20.410118, -12.159682, 41.480377
SCALE 1.000000, 1.000000, 1.000000
X -0.099274, -0.722106, -0.684623
Y -0.848031, 0.421335, -0.321434
Z 0.520565, 0.548671, -0.654195

BONE 71
OFFSET -20.410091, -12.159837, 41.480251
SCALE 1.000000, 1.000000, 1.000000
X -0.099304, 0.722089, 0.684635
Y -0.848020, -0.421369, 0.321418
Z 0.520577, -0.548666, 0.654190

BONE 72
OFFSET 20.114302, -12.876246, 42.061901
SCALE 1.000000, 1.000000, 1.000000
X -0.006006, -0.738898, -0.673791
Y -0.878970, 0.325202, -0.348791
Z 0.476839, 0.590147, -0.651422

BONE 73
OFFSET -20.114208, -12.876396, 42.061890
SCALE 1.000000, 1.000000, 1.000000
X -0.005979, 0.738908, 0.673780
Y -0.878978, -0.325169, 0.348801
Z 0.476825, -0.590152, 0.651428

BONE 74
OFFSET 18.473015, -11.541899, 44.177650
SCALE 1.000000, 1.000000, 1.000000
X -0.766327, -0.594301, -0.244027
Y 0.525231, -0.360813, -0.770679
Z 0.369968, -0.718763, 0.588646

BONE 75
OFFSET -18.472874, -11.542074, 44.177635
SCALE 1.000000, 1.000000, 1.000000
X -0.766329, 0.594294, 0.244036
Y 0.525229, 0.360803, 0.770685
Z 0.369965, 0.718773, -0.588635

BONE 76
OFFSET -28.519896, -12.719981, 38.932270
SCALE 1.000000, 1.000000, 1.000000
X 0.000190, -1.000000, -0.000189
Y 1.000000, 0.000190, 0.000053
Z -0.000053, -0.000189, 1.000000

BONE 77
OFFSET -28.520119, -12.709172, 38.935143
SCALE 1.000000, 1.000000, 1.000000
X -0.000199, -1.000000, -0.000195
Y 0.998877, -0.000190, -0.047381
Z 0.047381, -0.000205, 0.998877

BONE 78
OFFSET 19.335176, -15.548034, 42.840546
SCALE 1.000000, 1.000000, 1.000000
X -0.305493, -0.603804, -0.736271
Y -0.647669, 0.698577, -0.304162
Z 0.697997, 0.383940, -0.604476

BONE 79
OFFSET -19.335234, -15.548249, 42.840523
SCALE 1.000000, 1.000000, 1.000000
X -0.305842, 0.603512, 0.736365
Y -0.647460, -0.698892, 0.303884
Z 0.698038, -0.383827, 0.604500

BONE 80
OFFSET 19.766018, -15.080857, 41.580357
SCALE 1.000000, 1.000000, 1.000000
X -0.742584, -0.051931, -0.667737
Y -0.392291, 0.841795, 0.370795
Z 0.542841, 0.537294, -0.645475

BONE 81
OFFSET -19.765930, -15.081016, 41.579948
SCALE 1.000000, 1.000000, 1.000000
X -0.742558, 0.051921, 0.667766
Y -0.392315, -0.841780, -0.370804
Z 0.542860, -0.537318, 0.645439

BONE 82
OFFSET 20.291075, -13.025280, 40.659801
SCALE 1.000000, 1.000000, 1.000000
X -0.734217, -0.103408, -0.670993
Y -0.435791, 0.829631, 0.348997
Z 0.520587, 0.548653, -0.654194

BONE 83
OFFSET -20.291012, -13.025424, 40.659672
SCALE 1.000100, 1.000101, 1.000094
X -0.734208, 0.103424, 0.671001
Y -0.435814, -0.829619, -0.348996
Z 0.520581, -0.548667, 0.654187

BONE 84
OFFSET 20.104219, -14.119193, 40.928596
SCALE 1.000000, 1.000000, 1.000000
X -0.750598, -0.112264, -0.651152
Y -0.457408, 0.799450, 0.389433
Z 0.476844, 0.590150, -0.651416

BONE 85
OFFSET -20.104130, -14.119358, 40.928261
SCALE 1.000000, 1.000000, 1.000000
X -0.750602, 0.112272, 0.651146
Y -0.457410, -0.799450, -0.389431
Z 0.476836, -0.590148, 0.651423

BONE 86
OFFSET 16.629330, -12.971684, 43.590553
SCALE 1.000000, 1.000000, 1.000000
X -0.513767, -0.686190, -0.514963
Y 0.774059, -0.111908, -0.623144
Z 0.369966, -0.718763, 0.588646

BONE 87
OFFSET -16.629194, -12.971821, 43.590179
SCALE 1.000000, 1.000000, 1.000000
X -0.513765, 0.686181, 0.514977
Y 0.774059, 0.111890, 0.623148
Z 0.369972, 0.718774, -0.588629

BONE 88
OFFSET 19.038221, -16.134914, 42.125023
SCALE 1.000000, 1.000000, 1.000000
X -0.554097, -0.245160, -0.795533
Y -0.453622, 0.890222, 0.041612
Z 0.698000, 0.383929, -0.604479

BONE 89
OFFSET -19.037983, -16.134798, 42.125008
SCALE 1.000000, 1.000000, 1.000000
X -0.553871, 0.245483, 0.795591
Y -0.453788, -0.890154, -0.041256
Z 0.698071, -0.383880, 0.604428

BONE 90
OFFSET 18.948034, -15.138112, 40.844826
SCALE 1.000000, 1.000000, 1.000000
X -0.836744, 0.280258, -0.470441
Y -0.071875, 0.795463, 0.601724
Z 0.542857, 0.537302, -0.645456

BONE 91
OFFSET -18.947971, -15.138271, 40.844528
SCALE 0.999896, 0.999903, 0.999904
X -0.836742, -0.280254, 0.470448
Y -0.071886, -0.795461, -0.601726
Z 0.542859, -0.537308, 0.645449

BONE 92
OFFSET 19.784019, -13.096679, 40.196491
SCALE 1.000000, 1.000000, 1.000000
X -0.853803, 0.339164, -0.394953
Y 0.005198, 0.764171, 0.644992
Z 0.520570, 0.548643, -0.654215

BONE 93
OFFSET -19.783998, -13.096812, 40.196270
SCALE 0.999787, 0.999785, 0.999800
X -0.853799, -0.339167, 0.394959
Y 0.005186, -0.764161, -0.645004
Z 0.520576, -0.548656, 0.654199

BONE 94
OFFSET 19.396437, -14.225060, 40.314682
SCALE 1.000000, 1.000000, 1.000000
X -0.861545, 0.166924, -0.479454
Y -0.174209, 0.789854, 0.588033
Z 0.476856, 0.590142, -0.651415

BONE 95
OFFSET -19.396343, -14.225204, 40.314499
SCALE 1.000000, 1.000000, 1.000000
X -0.861557, -0.166916, 0.479436
Y -0.174209, -0.789846, -0.588043
Z 0.476834, -0.590155, 0.651419

BONE 96
OFFSET 16.015608, -13.791351, 42.975456
SCALE 1.000000, 1.000000, 1.000000
X -0.178188, -0.676734, -0.714339
Y 0.911796, 0.159395, -0.378446
Z 0.369969, -0.718766, 0.588641

BONE 97
OFFSET -16.015455, -13.791477, 42.975048
SCALE 1.000000, 1.000000, 1.000000
X -0.178183, 0.676724, 0.714350
Y 0.911791, -0.159415, 0.378450
Z 0.369984, 0.718771, -0.588626

NUMVERTS 643
VERT 0
OFFSET 0.000000, -5.911219, 63.203281
BONES 1
BONE 28 1.000000

VERT 1
OFFSET 1.641286, -5.052353, 63.281647
BONES 1
BONE 28 1.000000

VERT 2
OFFSET 1.959062, -5.168572, 66.904564
BONES 1
BONE 28 1.000000

VERT 3
OFFSET 3.045723, -2.224713, 67.852341
BONES 1
BONE 28 1.000000

VERT 4
OFFSET 2.228107, -4.236867, 65.075752
BONES 1
BONE 28 1.000000

VERT 5
OFFSET 0.000000, -5.951667, 66.933395
BONES 1
BONE 28 1.000000

VERT 6
OFFSET 2.135283, 0.900743, 63.193188
BONES 3
BONE 16 0.167788
BONE 22 0.059391
BONE 28 0.772821

VERT 7
OFFSET 1.485224, -4.769693, 61.766598
BONES 1
BONE 28 1.000000

VERT 8
OFFSET 2.589922, -1.429544, 62.529816
BONES 3
BONE 16 0.174740
BONE 22 0.040880
BONE 28 0.784380

VERT 9
OFFSET 2.959378, 1.059128, 68.352264
BONES 1
BONE 28 1.000000

VERT 10
OFFSET 2.300780, 0.803063, 69.817764
BONES 1
BONE 28 1.000000

VERT 11
OFFSET 3.069685, -1.170704, 65.282455
BONES 1
BONE 28 1.000000

VERT 12
OFFSET 0.000000, -5.872285, 64.144669
BONES 1
BONE 28 1.000000

VERT 13
OFFSET 0.759291, -5.315147, 64.459793
BONES 1
BONE 28 1.000000

VERT 14
OFFSET 0.000000, -5.665630, 61.342945
BONES 1
BONE 28 1.000000

VERT 15
OFFSET 0.000000, -5.587907, 62.430237
BONES 1
BONE 28 1.000000

VERT 16
OFFSET 3.147564, -1.701866, 66.271622
BONES 1
BONE 28 1.000000

VERT 17
OFFSET 0.000000, -3.590609, 60.717911
BONES 3
BONE 16 0.501590
BONE 22 0.161226
BONE 28 0.337184

VERT 18
OFFSET 1.016748, -3.280874, 70.586830
BONES 1
BONE 28 1.000000

VERT 19
OFFSET 0.000000, 1.995970, 63.374462
BONES 3
BONE 16 0.179347
BONE 22 0.030451
BONE 28 0.790202

VERT 20
OFFSET 0.000000, 2.560347, 68.866417
BONES 1
BONE 28 1.000000

VERT 21
OFFSET 0.000000, -5.759959, 66.390160
BONES 1
BONE 28 1.000000

VERT 22
OFFSET 0.000000, -2.159719, 58.047989
BONES 1
BONE 16 1.000000

VERT 23
OFFSET 2.954976, 1.451081, 60.476791
BONES 1
BONE 16 1.000000

VERT 24
OFFSET 0.000000, 2.906841, 60.018867
BONES 1
BONE 16 1.000000

VERT 25
OFFSET 2.915004, -1.287253, 64.192970
BONES 2
BONE 16 0.002370
BONE 28 0.997630

VERT 26
OFFSET 3.320219, -0.447137, 64.320099
BONES 1
BONE 28 1.000000

VERT 27
OFFSET 3.689536, -0.084836, 66.625595
BONES 1
BONE 28 1.000000

VERT 28
OFFSET 3.742784, 0.397329, 65.649452
BONES 1
BONE 28 1.000000

VERT 29
OFFSET 1.752584, -3.322806, 69.603661
BONES 1
BONE 28 1.000000

VERT 30
OFFSET 0.000000, -4.248029, 70.551552
BONES 1
BONE 28 1.000000

VERT 31
OFFSET 0.000000, -6.560162, 64.591667
BONES 1
BONE 28 1.000000

VERT 32
OFFSET 2.909489, -1.142871, 59.166302
BONES 1
BONE 16 1.000000

VERT 33
OFFSET 0.000000, -4.473246, 69.867531
BONES 1
BONE 28 1.000000

VERT 34
OFFSET 5.764785, -2.903267, 55.230961
BONES 1
BONE 16 1.000000

VERT 35
OFFSET 0.000000, -4.750181, 51.652874
BONES 1
BONE 16 1.000000

VERT 36
OFFSET 1.444605, 0.218940, 70.721367
BONES 1
BONE 28 1.000000

VERT 37
OFFSET 0.000000, 0.320152, 70.830330
BONES 1
BONE 28 1.000000

VERT 38
OFFSET 0.000000, 1.553038, 70.238701
BONES 1
BONE 28 1.000000

VERT 39
OFFSET 2.728650, 1.650058, 66.022957
BONES 3
BONE 16 0.006400
BONE 22 0.000058
BONE 28 0.993542

VERT 40
OFFSET 0.000000, 3.032360, 66.361031
BONES 2
BONE 16 0.007443
BONE 28 0.992557

VERT 41
OFFSET 4.839220, 1.659237, 58.974720
BONES 1
BONE 16 1.000000

VERT 42
OFFSET -1.641286, -5.052353, 63.281647
BONES 1
BONE 28 1.000000

VERT 43
OFFSET -1.959062, -5.168572, 66.904564
BONES 1
BONE 28 1.000000

VERT 44
OFFSET -3.045723, -2.224713, 67.852341
BONES 1
BONE 28 1.000000

VERT 45
OFFSET -2.228107, -4.236867, 65.075752
BONES 1
BONE 28 1.000000

VERT 46
OFFSET -2.135283, 0.900743, 63.193188
BONES 3
BONE 16 0.134363
BONE 22 0.047221
BONE 28 0.818416

VERT 47
OFFSET -1.485224, -4.769693, 61.766598
BONES 1
BONE 28 1.000000

VERT 48
OFFSET -2.589922, -1.429544, 62.529816
BONES 3
BONE 16 0.138030
BONE 22 0.083426
BONE 28 0.778544

VERT 49
OFFSET -2.959378, 1.059128, 68.352264
BONES 1
BONE 28 1.000000

VERT 50
OFFSET -2.300780, 0.803063, 69.817764
BONES 1
BONE 28 1.000000

VERT 51
OFFSET -3.069685, -1.170704, 65.282455
BONES 1
BONE 28 1.000000

VERT 52
OFFSET -0.759291, -5.315147, 64.459793
BONES 1
BONE 28 1.000000

VERT 53
OFFSET 0.000000, -5.665630, 61.342945
BONES 1
BONE 28 1.000000

VERT 54
OFFSET 0.000000, -5.587907, 62.430237
BONES 1
BONE 28 1.000000

VERT 55
OFFSET -3.147564, -1.701866, 66.271622
BONES 1
BONE 28 1.000000

VERT 56
OFFSET -1.016748, -3.280874, 70.586830
BONES 1
BONE 28 1.000000

VERT 57
OFFSET -2.954976, 1.451081, 60.476791
BONES 1
BONE 16 1.000000

VERT 58
OFFSET -2.915004, -1.287253, 64.192970
BONES 3
BONE 16 0.001877
BONE 22 0.001826
BONE 28 0.996297

VERT 59
OFFSET -3.320219, -0.447137, 64.320099
BONES 1
BONE 28 1.000000

VERT 60
OFFSET -3.689536, -0.084836, 66.625595
BONES 1
BONE 28 1.000000

VERT 61
OFFSET -3.742784, 0.397329, 65.649452
BONES 1
BONE 28 1.000000

VERT 62
OFFSET -1.752584, -3.322806, 69.603661
BONES 1
BONE 28 1.000000

VERT 63
OFFSET -2.909489, -1.142871, 59.166302
BONES 1
BONE 16 1.000000

VERT 64
OFFSET -5.764785, -2.903267, 55.230961
BONES 1
BONE 16 1.000000

VERT 65
OFFSET -1.444605, 0.218940, 70.721367
BONES 1
BONE 28 1.000000

VERT 66
OFFSET -2.728650, 1.650058, 66.022957
BONES 3
BONE 16 0.000619
BONE 22 0.000001
BONE 28 0.999380

VERT 67
OFFSET -4.839220, 1.659237, 58.974720
BONES 1
BONE 16 1.000000

VERT 68
OFFSET 2.420158, -1.038403, 69.722198
BONES 1
BONE 28 1.000000

VERT 69
OFFSET -2.414611, -1.080136, 69.720039
BONES 1
BONE 28 1.000000

VERT 70
OFFSET -19.332443, -14.220828, 44.095852
BONES 2
BONE 63 0.465634
BONE 67 0.534366

VERT 71
OFFSET -20.504200, -12.976043, 42.828030
BONES 3
BONE 63 0.490962
BONE 69 0.178977
BONE 73 0.330061

VERT 72
OFFSET -19.545963, -14.257298, 43.148117
BONES 3
BONE 63 0.117595
BONE 67 0.457909
BONE 69 0.424497

VERT 73
OFFSET -18.296597, -14.234652, 43.799862
BONES 2
BONE 63 0.553814
BONE 67 0.446186

VERT 74
OFFSET -17.333361, -13.481385, 43.590240
BONES 5
BONE 63 0.294882
BONE 67 0.021579
BONE 75 0.374203
BONE 87 0.277876
BONE 97 0.031460

VERT 75
OFFSET -19.232506, -8.494747, 43.729435
BONES 3
BONE 40 0.058007
BONE 63 0.077120
BONE 65 0.864874

VERT 76
OFFSET -17.646744, -9.840862, 43.678524
BONES 3
BONE 40 0.007308
BONE 63 0.278649
BONE 65 0.714043

VERT 77
OFFSET -16.691656, -12.372680, 43.128399
BONES 3
BONE 75 0.546436
BONE 87 0.404839
BONE 97 0.048725

VERT 78
OFFSET -20.428787, -11.554795, 41.314899
BONES 2
BONE 63 0.637351
BONE 71 0.362649

VERT 79
OFFSET -19.213497, -10.278662, 45.677048
BONES 3
BONE 40 0.056449
BONE 63 0.246984
BONE 65 0.696567

VERT 80
OFFSET -17.023462, -10.237938, 45.439522
BONES 3
BONE 40 0.087108
BONE 63 0.054967
BONE 65 0.857925

VERT 81
OFFSET -15.478015, -14.472612, 42.564816
BONES 2
BONE 87 0.003876
BONE 97 0.996123

VERT 82
OFFSET -15.958530, -14.866335, 41.825249
BONES 1
BONE 97 1.000000

VERT 83
OFFSET -15.345819, -14.445727, 41.543362
BONES 1
BONE 97 1.000000

VERT 84
OFFSET -16.243380, -12.728176, 44.148563
BONES 3
BONE 75 0.437785
BONE 87 0.493663
BONE 97 0.068552

VERT 85
OFFSET -20.468534, -14.422542, 40.960667
BONES 3
BONE 73 0.478434
BONE 85 0.501877
BONE 95 0.019689

VERT 86
OFFSET -19.795094, -15.511866, 41.718037
BONES 3
BONE 69 0.464064
BONE 81 0.511748
BONE 91 0.024188

VERT 87
OFFSET -18.047150, -15.276006, 40.259750
BONES 1
BONE 91 1.000000

VERT 88
OFFSET -19.504816, -14.430991, 39.823910
BONES 2
BONE 85 0.405762
BONE 95 0.594238

VERT 89
OFFSET -19.091995, -12.955874, 39.771877
BONES 1
BONE 93 1.000000

VERT 90
OFFSET -19.367216, -15.396900, 42.186352
BONES 3
BONE 67 0.308635
BONE 79 0.447894
BONE 89 0.243471

VERT 91
OFFSET -19.569227, -16.325832, 42.806934
BONES 3
BONE 67 0.253288
BONE 79 0.525175
BONE 89 0.221537

VERT 92
OFFSET -18.574684, -15.720362, 42.705193
BONES 3
BONE 67 0.273937
BONE 79 0.458177
BONE 89 0.267886

VERT 93
OFFSET -18.256104, -15.962276, 40.757065
BONES 1
BONE 89 1.000000

VERT 94
OFFSET -19.184568, -16.559889, 41.837872
BONES 2
BONE 79 0.289957
BONE 89 0.710043

VERT 95
OFFSET -17.934641, -16.359436, 41.193886
BONES 1
BONE 89 1.000000

VERT 96
OFFSET -17.439816, -8.918757, 44.283691
BONES 3
BONE 40 0.224453
BONE 63 0.002333
BONE 65 0.773214

VERT 97
OFFSET -18.976377, -9.069959, 46.255665
BONES 2
BONE 40 0.282382
BONE 65 0.717618

VERT 98
OFFSET -15.896818, -5.948050, 45.478806
BONES 2
BONE 40 0.838334
BONE 65 0.161666

VERT 99
OFFSET -15.840854, -6.716502, 47.537613
BONES 2
BONE 40 0.834812
BONE 65 0.165188

VERT 100
OFFSET -18.160572, -6.168819, 48.369759
BONES 2
BONE 40 0.813693
BONE 65 0.186307

VERT 101
OFFSET -18.556835, -4.796332, 45.171211
BONES 2
BONE 40 0.773666
BONE 65 0.226334

VERT 102
OFFSET -14.311076, -1.589873, 46.796131
BONES 3
BONE 30 0.550448
BONE 38 0.051109
BONE 40 0.398444

VERT 103
OFFSET -14.146617, -3.390779, 49.036522
BONES 2
BONE 30 0.448756
BONE 40 0.551244

VERT 104
OFFSET -16.780170, -1.729927, 50.427090
BONES 3
BONE 30 0.536057
BONE 38 0.067640
BONE 40 0.396303

VERT 105
OFFSET -17.105698, -0.442034, 47.255417
BONES 3
BONE 30 0.178201
BONE 38 0.586443
BONE 40 0.235356

VERT 106
OFFSET -13.830338, -3.117295, 49.303246
BONES 3
BONE 30 0.742093
BONE 40 0.229646
BONE 56 0.028261

VERT 107
OFFSET -16.405439, 0.410014, 47.792484
BONES 3
BONE 30 0.179274
BONE 38 0.657323
BONE 40 0.163403

VERT 108
OFFSET -10.830483, -0.040621, 49.268806
BONES 2
BONE 30 0.400000
BONE 56 0.600000

VERT 109
OFFSET -11.274437, -2.698395, 51.425735
BONES 2
BONE 30 0.399743
BONE 56 0.600257

VERT 110
OFFSET -13.796683, -0.220191, 52.746338
BONES 2
BONE 30 0.400000
BONE 56 0.600000

VERT 111
OFFSET -12.565644, 2.368090, 50.683254
BONES 2
BONE 30 0.400000
BONE 56 0.600000

VERT 112
OFFSET 19.332443, -14.220828, 44.095852
BONES 3
BONE 62 0.430981
BONE 66 0.542451
BONE 68 0.026569

VERT 113
OFFSET 20.504200, -12.976045, 42.828030
BONES 3
BONE 62 0.493067
BONE 68 0.127083
BONE 72 0.379850

VERT 114
OFFSET 19.545963, -14.257298, 43.148117
BONES 4
BONE 62 0.139378
BONE 66 0.444637
BONE 68 0.404478
BONE 80 0.011507

VERT 115
OFFSET 18.296597, -14.234653, 43.799858
BONES 2
BONE 62 0.494478
BONE 66 0.505522

VERT 116
OFFSET 17.333361, -13.481385, 43.590237
BONES 4
BONE 62 0.429099
BONE 66 0.025729
BONE 74 0.338124
BONE 86 0.207048

VERT 117
OFFSET 19.232504, -8.494745, 43.729435
BONES 3
BONE 39 0.051616
BONE 62 0.106509
BONE 64 0.841876

VERT 118
OFFSET 17.646740, -9.840855, 43.678520
BONES 3
BONE 39 0.006701
BONE 62 0.313157
BONE 64 0.680142

VERT 119
OFFSET 16.691656, -12.372680, 43.128399
BONES 2
BONE 74 0.670642
BONE 86 0.329358

VERT 120
OFFSET 20.428787, -11.554797, 41.314899
BONES 2
BONE 62 0.571095
BONE 70 0.428906

VERT 121
OFFSET 19.213497, -10.278662, 45.677052
BONES 3
BONE 39 0.054472
BONE 62 0.276709
BONE 64 0.668819

VERT 122
OFFSET 17.023462, -10.237939, 45.439522
BONES 3
BONE 39 0.081066
BONE 62 0.071240
BONE 64 0.847694

VERT 123
OFFSET 15.478015, -14.472612, 42.564812
BONES 2
BONE 86 0.004533
BONE 96 0.995467

VERT 124
OFFSET 15.958530, -14.866335, 41.825245
BONES 1
BONE 96 1.000000

VERT 125
OFFSET 15.345819, -14.445727, 41.543362
BONES 1
BONE 96 1.000000

VERT 126
OFFSET 16.243380, -12.728176, 44.148563
BONES 3
BONE 74 0.484135
BONE 86 0.498416
BONE 96 0.017449

VERT 127
OFFSET 19.795094, -15.511868, 41.718040
BONES 2
BONE 68 0.497812
BONE 80 0.502188

VERT 128
OFFSET 20.468534, -14.422542, 40.960667
BONES 2
BONE 72 0.499378
BONE 84 0.500622

VERT 129
OFFSET 18.047150, -15.276006, 40.259750
BONES 2
BONE 80 0.065728
BONE 90 0.934272

VERT 130
OFFSET 19.504816, -14.430991, 39.823910
BONES 2
BONE 84 0.468921
BONE 94 0.531079

VERT 131
OFFSET 19.091993, -12.955874, 39.771873
BONES 1
BONE 92 1.000000

VERT 132
OFFSET 19.367216, -15.396900, 42.186352
BONES 3
BONE 66 0.345849
BONE 78 0.461405
BONE 88 0.192746

VERT 133
OFFSET 19.569227, -16.325832, 42.806934
BONES 3
BONE 66 0.266397
BONE 78 0.560084
BONE 88 0.173520

VERT 134
OFFSET 18.574684, -15.720363, 42.705193
BONES 3
BONE 66 0.314139
BONE 78 0.467133
BONE 88 0.218728

VERT 135
OFFSET 19.184568, -16.559889, 41.837872
BONES 2
BONE 78 0.329660
BONE 88 0.670340

VERT 136
OFFSET 18.256104, -15.962276, 40.757065
BONES 1
BONE 88 1.000000

VERT 137
OFFSET 17.934643, -16.359438, 41.193886
BONES 1
BONE 88 1.000000

VERT 138
OFFSET 17.439810, -8.918750, 44.283691
BONES 3
BONE 39 0.195186
BONE 62 0.003132
BONE 64 0.801682

VERT 139
OFFSET 18.976376, -9.069963, 46.255665
BONES 3
BONE 39 0.272622
BONE 62 0.005036
BONE 64 0.722342

VERT 140
OFFSET 15.896818, -5.948047, 45.478802
BONES 2
BONE 39 0.824979
BONE 64 0.175021

VERT 141
OFFSET 15.840854, -6.716502, 47.537613
BONES 2
BONE 39 0.835637
BONE 64 0.164363

VERT 142
OFFSET 18.160570, -6.168820, 48.369759
BONES 2
BONE 39 0.813334
BONE 64 0.186666

VERT 143
OFFSET 18.556835, -4.796330, 45.171211
BONES 2
BONE 39 0.764755
BONE 64 0.235245

VERT 144
OFFSET 14.311076, -1.589873, 46.796131
BONES 3
BONE 29 0.507139
BONE 37 0.052915
BONE 39 0.439945

VERT 145
OFFSET 14.146615, -3.390780, 49.036522
BONES 2
BONE 29 0.409485
BONE 39 0.590515

VERT 146
OFFSET 16.780170, -1.729928, 50.427090
BONES 3
BONE 29 0.514367
BONE 37 0.072576
BONE 39 0.413057

VERT 147
OFFSET 17.105698, -0.442034, 47.255417
BONES 3
BONE 29 0.167671
BONE 37 0.595588
BONE 39 0.236742

VERT 148
OFFSET 13.830338, -3.117296, 49.303246
BONES 3
BONE 29 0.802092
BONE 39 0.178617
BONE 55 0.019291

VERT 149
OFFSET 16.405439, 0.410014, 47.792484
BONES 3
BONE 29 0.152078
BONE 37 0.680025
BONE 39 0.167897

VERT 150
OFFSET 10.830483, -0.040622, 49.268806
BONES 2
BONE 29 0.834807
BONE 55 0.165193

VERT 151
OFFSET 11.274439, -2.698395, 51.425735
BONES 3
BONE 29 0.760973
BONE 39 0.091565
BONE 55 0.147462

VERT 152
OFFSET 13.796683, -0.220191, 52.746338
BONES 2
BONE 29 0.834901
BONE 55 0.165099

VERT 153
OFFSET 12.565644, 2.368089, 50.683254
BONES 2
BONE 29 0.831284
BONE 55 0.168716

VERT 154
OFFSET -5.273362, 5.191666, 59.291901
BONES 2
BONE 16 0.700000
BONE 11 0.300000

VERT 155
OFFSET -4.597002, 5.621862, 59.598267
BONES 2
BONE 16 0.700000
BONE 11 0.300000

VERT 156
OFFSET -7.195186, 4.127709, 65.411255
BONES 2
BONE 16 0.700000
BONE 11 0.300000

VERT 157
OFFSET -6.415290, 4.526303, 65.260223
BONES 2
BONE 16 0.700000
BONE 11 0.300000

VERT 158
OFFSET -5.814531, 4.400819, 65.866219
BONES 2
BONE 16 0.700000
BONE 11 0.300000

VERT 159
OFFSET -5.165688, 4.171823, 65.028023
BONES 2
BONE 16 0.700000
BONE 11 0.300000

VERT 160
OFFSET -3.141830, 5.049619, 59.945751
BONES 2
BONE 16 0.700000
BONE 11 0.300000

VERT 161
OFFSET -4.871330, 3.864069, 65.918724
BONES 2
BONE 16 0.700000
BONE 11 0.300000

VERT 162
OFFSET -5.457580, 4.046423, 66.367943
BONES 2
BONE 16 0.700000
BONE 11 0.300000

VERT 163
OFFSET -4.666728, 4.329018, 59.384319
BONES 2
BONE 16 0.700000
BONE 11 0.300000

VERT 164
OFFSET -6.425033, 3.655355, 65.103203
BONES 2
BONE 16 0.700000
BONE 11 0.300000

VERT 165
OFFSET -5.822617, 3.678009, 65.735909
BONES 2
BONE 16 0.700000
BONE 11 0.300000

VERT 166
OFFSET 0.728308, 8.104591, 40.595577
BONES 2
BONE 16 0.700000
BONE 11 0.300000

VERT 167
OFFSET 2.640030, 8.263555, 41.105156
BONES 2
BONE 16 0.700000
BONE 11 0.300000

VERT 168
OFFSET 4.517288, 7.656728, 43.666576
BONES 2
BONE 16 0.700000
BONE 11 0.300000

VERT 169
OFFSET -4.711946, 5.110131, 57.938751
BONES 2
BONE 16 0.700000
BONE 11 0.300000

VERT 170
OFFSET -4.656357, 5.791234, 58.077030
BONES 2
BONE 16 0.700000
BONE 11 0.300000

VERT 171
OFFSET -5.442569, 5.858501, 59.231621
BONES 2
BONE 16 0.700000
BONE 11 0.300000

VERT 172
OFFSET -0.447944, 4.581783, 59.250774
BONES 2
BONE 16 0.700000
BONE 11 0.300000

VERT 173
OFFSET -1.883385, 4.631204, 59.003017
BONES 2
BONE 16 0.700000
BONE 11 0.300000

VERT 174
OFFSET -0.506654, 4.924755, 59.251633
BONES 2
BONE 16 0.700000
BONE 11 0.300000

VERT 175
OFFSET -5.064953, 4.910310, 57.816460
BONES 2
BONE 16 0.700000
BONE 11 0.300000

VERT 176
OFFSET -5.057300, 6.071933, 58.024117
BONES 2
BONE 16 0.700000
BONE 11 0.300000

VERT 177
OFFSET -0.825554, 5.529978, 60.665943
BONES 2
BONE 16 0.700000
BONE 11 0.300000

VERT 178
OFFSET -0.833210, 4.368354, 60.458279
BONES 2
BONE 16 0.700000
BONE 11 0.300000

VERT 179
OFFSET -5.450219, 4.696879, 59.023964
BONES 2
BONE 16 0.700000
BONE 11 0.300000

VERT 180
OFFSET -3.889908, 3.628240, 59.399040
BONES 2
BONE 16 0.700000
BONE 11 0.300000

VERT 181
OFFSET -2.259129, 3.512199, 59.905659
BONES 2
BONE 16 0.700000
BONE 11 0.300000

VERT 182
OFFSET -0.440291, 5.743409, 59.458435
BONES 2
BONE 16 0.700000
BONE 11 0.300000

VERT 183
OFFSET -3.538675, 4.737416, 58.542946
BONES 2
BONE 16 0.700000
BONE 11 0.300000

VERT 184
OFFSET -2.406858, 3.965331, 60.623219
BONES 2
BONE 16 0.700000
BONE 11 0.300000

VERT 185
OFFSET -4.037641, 4.081370, 60.116596
BONES 2
BONE 16 0.700000
BONE 11 0.300000

VERT 186
OFFSET -0.769828, -5.446146, 53.853432
BONES 3
BONE 5 0.168563
BONE 11 0.317124
BONE 16 0.514314

VERT 187
OFFSET -1.109559, -5.708109, 52.344093
BONES 3
BONE 5 0.259869
BONE 11 0.380563
BONE 16 0.359568

VERT 188
OFFSET 3.530750, -6.243684, 52.624020
BONES 3
BONE 5 0.251396
BONE 11 0.355725
BONE 16 0.392879

VERT 189
OFFSET 2.653790, -5.862039, 53.799149
BONES 3
BONE 5 0.178418
BONE 11 0.322559
BONE 16 0.499024

VERT 190
OFFSET 4.815921, -6.007978, 53.380356
BONES 3
BONE 5 0.184289
BONE 11 0.342212
BONE 16 0.473498

VERT 191
OFFSET 4.104372, -6.304721, 52.265697
BONES 3
BONE 5 0.271852
BONE 11 0.351405
BONE 16 0.376742

VERT 192
OFFSET 4.958177, -6.037043, 52.098782
BONES 3
BONE 5 0.278262
BONE 11 0.335676
BONE 16 0.386062

VERT 193
OFFSET 1.411570, -6.400337, 48.721989
BONES 4
BONE 5 0.563151
BONE 11 0.342660
BONE 16 0.074560
BONE 1 0.019629

VERT 194
OFFSET 0.456112, -6.756741, 50.372108
BONES 3
BONE 5 0.460427
BONE 11 0.391581
BONE 16 0.147992

VERT 195
OFFSET 5.091198, -6.720676, 49.210720
BONES 4
BONE 5 0.488980
BONE 11 0.330689
BONE 16 0.150421
BONE 1 0.029909

VERT 196
OFFSET 2.741640, -6.922502, 50.889942
BONES 3
BONE 5 0.399503
BONE 11 0.383833
BONE 16 0.216665

VERT 197
OFFSET 5.069355, -6.641562, 51.915573
BONES 3
BONE 5 0.290445
BONE 11 0.337937
BONE 16 0.371618

VERT 198
OFFSET 5.328104, -6.081749, 50.954899
BONES 3
BONE 5 0.372120
BONE 11 0.346614
BONE 16 0.281266

VERT 199
OFFSET 3.907951, -6.263210, 45.252396
BONES 3
BONE 5 0.579191
BONE 11 0.134535
BONE 1 0.286274

VERT 200
OFFSET 4.853144, -6.548164, 45.260056
BONES 3
BONE 5 0.567698
BONE 11 0.116183
BONE 1 0.316119

VERT 201
OFFSET 4.419869, -6.485259, 46.163155
BONES 3
BONE 5 0.618736
BONE 11 0.196115
BONE 1 0.185149

VERT 202
OFFSET 6.173188, -5.463479, 45.375942
BONES 3
BONE 5 0.634355
BONE 11 0.191831
BONE 1 0.173814

VERT 203
OFFSET 5.771204, -6.346395, 45.927719
BONES 3
BONE 5 0.630939
BONE 11 0.212945
BONE 1 0.156116

VERT 204
OFFSET 5.672578, -5.771148, 48.491566
BONES 3
BONE 5 0.560156
BONE 11 0.334055
BONE 16 0.105789

VERT 205
OFFSET 0.351994, -6.308399, 50.061981
BONES 3
BONE 5 0.474002
BONE 11 0.387340
BONE 16 0.138658

VERT 206
OFFSET 2.980992, -6.275268, 51.062599
BONES 3
BONE 5 0.381106
BONE 11 0.378960
BONE 16 0.239934

VERT 207
OFFSET 4.473226, -6.814126, 43.702465
BONES 3
BONE 5 0.472557
BONE 11 0.059619
BONE 1 0.467824

VERT 208
OFFSET 3.795095, -6.842053, 43.808994
BONES 3
BONE 5 0.473626
BONE 11 0.063845
BONE 1 0.462529

VERT 209
OFFSET 3.426803, -6.991645, 46.857311
BONES 3
BONE 5 0.624156
BONE 11 0.259214
BONE 1 0.116630

VERT 210
OFFSET 3.648116, -6.560975, 52.790749
BONES 3
BONE 5 0.245378
BONE 11 0.352656
BONE 16 0.401966

VERT 211
OFFSET 3.522437, -6.882032, 52.594254
BONES 3
BONE 5 0.261224
BONE 11 0.359432
BONE 16 0.379344

VERT 212
OFFSET 4.129952, -6.549334, 52.335537
BONES 3
BONE 5 0.264480
BONE 11 0.350829
BONE 16 0.384691

VERT 213
OFFSET 4.027210, -6.934589, 52.158733
BONES 3
BONE 5 0.280707
BONE 11 0.355832
BONE 16 0.363460

VERT 214
OFFSET 3.599707, -7.225748, 51.223976
BONES 3
