// Export filename: 'C:/cod5/cod/cod5/model_export/american/characters/Roebuck/char_usa_marine_roebuck_LOD2.XMODEL_EXPORT'
// Source filename: 'C:/cod5/cod/cod5/model_export/american/characters/Roebuck/newroebuck.ma'
// Export time: Sat Sep 27 18:51:13 2008
MODEL
VERSION 6

NUMBONES 98
BONE 0 -1 "TAG_ORIGIN"
BONE 1 0 "J_MainRoot"
BONE 2 0 "TAG_SYNC"
BONE 3 1 "J_Hip_LE"
BONE 4 1 "J_Hip_RI"
BONE 5 1 "J_SpineLower"
BONE 6 1 "TAG_STOWED_HIP_REAR"
BONE 7 3 "J_HipTwist_LE"
BONE 8 4 "J_HipTwist_RI"
BONE 9 3 "J_Knee_LE"
BONE 10 4 "J_Knee_RI"
BONE 11 5 "J_SpineUpper"
BONE 12 9 "J_Ankle_LE"
BONE 13 10 "J_Ankle_RI"
BONE 14 9 "J_Knee_Bulge_LE"
BONE 15 10 "J_Knee_Bulge_RI"
BONE 16 11 "J_Spine4"
BONE 17 12 "J_Ball_LE"
BONE 18 13 "J_Ball_RI"
BONE 19 16 "J_Clavicle_LE"
BONE 20 16 "J_Clavicle_RI"
BONE 21 16 "J_FrontPack"
BONE 22 16 "J_Neck"
BONE 23 16 "J_ShoulderRaise_LE"
BONE 24 16 "J_ShoulderRaise_RI"
BONE 25 16 "TAG_INHAND"
BONE 26 16 "TAG_STOWED_BACK"
BONE 27 16 "TAG_WEAPON_CHEST"
BONE 28 22 "J_Head"
BONE 29 19 "J_Shoulder_LE"
BONE 30 20 "J_Shoulder_RI"
BONE 31 28 "J_Brow_LE"
BONE 32 28 "J_Brow_RI"
BONE 33 28 "J_Cheek_LE"
BONE 34 28 "J_Cheek_RI"
BONE 35 28 "J_CheekPuff_LE"
BONE 36 28 "J_CheekPuff_RI"
BONE 37 29 "J_Elbow_Bulge_LE"
BONE 38 30 "J_Elbow_Bulge_RI"
BONE 39 29 "J_Elbow_LE"
BONE 40 30 "J_Elbow_RI"
BONE 41 28 "J_Eye_Lid_Bot_LE"
BONE 42 28 "J_Eye_Lid_Bot_RI"
BONE 43 28 "J_Eye_Lid_Top_LE"
BONE 44 28 "J_Eye_Lid_Top_RI"
BONE 45 28 "J_EyeBall_LE"
BONE 46 28 "J_EyeBall_RI"
BONE 47 28 "J_Head_END"
BONE 48 28 "J_Jaw"
BONE 49 28 "J_Levator_LE"
BONE 50 28 "J_Levator_RI"
BONE 51 28 "J_Lip_Top_LE"
BONE 52 28 "J_Lip_Top_RI"
BONE 53 28 "J_Mouth_LE"
BONE 54 28 "J_Mouth_RI"
BONE 55 29 "J_ShoulderTwist_LE"
BONE 56 30 "J_ShoulderTwist_RI"
BONE 57 28 "TAG_EYE"
BONE 58 48 "J_Chin_SkinRoll"
BONE 59 47 "J_Helmet"
BONE 60 48 "J_Lip_Bot_LE"
BONE 61 48 "J_Lip_Bot_RI"
BONE 62 39 "J_Wrist_LE"
BONE 63 40 "J_Wrist_RI"
BONE 64 39 "J_WristTwist_LE"
BONE 65 40 "J_WristTwist_RI"
BONE 66 62 "J_Index_LE_1"
BONE 67 63 "J_Index_RI_1"
BONE 68 62 "J_Mid_LE_1"
BONE 69 63 "J_Mid_RI_1"
BONE 70 62 "J_Pinky_LE_1"
BONE 71 63 "J_Pinky_RI_1"
BONE 72 62 "J_Ring_LE_1"
BONE 73 63 "J_Ring_RI_1"
BONE 74 62 "J_Thumb_LE_1"
BONE 75 63 "J_Thumb_RI_1"
BONE 76 62 "TAG_WEAPON_LEFT"
BONE 77 63 "TAG_WEAPON_RIGHT"
BONE 78 66 "J_Index_LE_2"
BONE 79 67 "J_Index_RI_2"
BONE 80 68 "J_Mid_LE_2"
BONE 81 69 "J_Mid_RI_2"
BONE 82 70 "J_Pinky_LE_2"
BONE 83 71 "J_Pinky_RI_2"
BONE 84 72 "J_Ring_LE_2"
BONE 85 73 "J_Ring_RI_2"
BONE 86 74 "J_Thumb_LE_2"
BONE 87 75 "J_Thumb_RI_2"
BONE 88 78 "J_Index_LE_3"
BONE 89 79 "J_Index_RI_3"
BONE 90 80 "J_Mid_LE_3"
BONE 91 81 "J_Mid_RI_3"
BONE 92 82 "J_Pinky_LE_3"
BONE 93 83 "J_Pinky_RI_3"
BONE 94 84 "J_Ring_LE_3"
BONE 95 85 "J_Ring_RI_3"
BONE 96 86 "J_Thumb_LE_3"
BONE 97 87 "J_Thumb_RI_3"

BONE 0
OFFSET 0.000002, -2.222000, 0.000042
SCALE 1.000000, 1.000000, 1.000000
X -0.000000, -1.000000, -0.000001
Y 1.000000, -0.000000, 0.000000
Z -0.000000, -0.000001, 1.000000

BONE 1
OFFSET 0.000082, 1.218927, 37.228020
SCALE 1.000000, 1.000000, 1.000000
X 0.000005, 0.024825, 0.999692
Y 0.000006, -0.999692, 0.024825
Z 1.000000, 0.000006, -0.000005

BONE 2
OFFSET 0.000002, -2.219720, 0.000042
SCALE 1.000000, 1.000000, 1.000000
X 0.000000, 1.000000, -0.000001
Y -1.000000, 0.000000, 0.000000
Z 0.000000, 0.000001, 1.000000

BONE 3
OFFSET 4.865472, 1.218951, 37.228016
SCALE 1.000000, 1.000000, 1.000000
X -0.008941, 0.033879, -0.999386
Y -0.004877, -0.999415, -0.033837
Z -0.999948, 0.004571, 0.009101

BONE 4
OFFSET -4.865293, 1.218927, 37.227978
SCALE 1.000000, 1.000000, 1.000000
X -0.008909, -0.033842, 0.999388
Y -0.004870, 0.999417, 0.033800
Z -0.999948, -0.004566, -0.009069

BONE 5
OFFSET 0.000089, 1.148792, 42.432632
SCALE 1.000000, 1.000000, 1.000000
X 0.000001, 0.029870, 0.999554
Y -0.000002, -0.999554, 0.029870
Z 1.000000, -0.000002, -0.000001

BONE 6
OFFSET -4.400561, 6.159410, 39.124432
SCALE 1.000000, 1.000000, 1.000000
X 0.906308, 0.422488, -0.010500
Y -0.000001, -0.024844, -0.999691
Z -0.422618, 0.906028, -0.022516

BONE 7
OFFSET 4.837310, 1.325658, 34.080341
SCALE 1.000000, 1.000000, 1.000000
X -0.008941, 0.033879, -0.999386
Y -0.004864, -0.999416, -0.033837
Z -0.999948, 0.004558, 0.009101

BONE 8
OFFSET -4.837236, 1.325506, 34.080624
SCALE 1.000000, 1.000000, 1.000000
X -0.008909, -0.033842, 0.999388
Y -0.004874, 0.999417, 0.033800
Z -0.999948, -0.004570, -0.009069

BONE 9
OFFSET 4.708874, 1.812570, 19.727123
SCALE 1.000000, 1.000000, 1.000000
X -0.008203, 0.166937, -0.985933
Y -0.006021, -0.985957, -0.166891
Z -0.999948, 0.004567, 0.009093

BONE 10
OFFSET -4.708568, 1.812141, 19.727461
SCALE 1.000000, 1.000000, 1.000000
X -0.008167, -0.166975, 0.985927
Y -0.006022, 0.985950, 0.166929
Z -0.999949, -0.004574, -0.009057

BONE 11
OFFSET 0.000094, 1.131313, 47.652164
SCALE 1.000000, 1.000000, 1.000000
X 0.000003, -0.020406, 0.999792
Y 0.000005, -0.999792, -0.020406
Z 1.000000, 0.000006, -0.000003

BONE 12
OFFSET 4.584381, 4.343949, 4.776942
SCALE 1.000000, 1.000000, 1.000000
X -0.000000, -0.008729, -0.999962
Y 0.016577, -0.999824, 0.008728
Z -0.999863, -0.016577, 0.000145

BONE 13
OFFSET -4.584069, 4.344151, 4.777238
SCALE 1.000000, 1.000000, 1.000000
X 0.000009, 0.008730, 0.999962
Y 0.016581, 0.999824, -0.008729
Z -0.999862, 0.016581, -0.000136

BONE 14
OFFSET 4.700434, -0.061645, 19.740444
SCALE 1.000000, 1.000000, 1.000000
X -0.000006, 0.029936, 0.999552
Y -0.000002, -0.999552, 0.029936
Z 1.000000, -0.000002, 0.000006

BONE 15
OFFSET -4.688320, -0.066627, 19.765453
SCALE 1.000000, 1.000000, 1.000000
X -0.000042, -0.029921, -0.999552
Y -0.000010, 0.999552, -0.029921
Z 1.000000, 0.000009, -0.000042

BONE 16
OFFSET 0.000090, 1.067745, 51.758411
SCALE 1.000000, 1.000000, 1.000000
X 0.000002, -0.047080, 0.998891
Y 0.000010, -0.998891, -0.047080
Z 1.000000, 0.000011, -0.000001

BONE 17
OFFSET 4.746620, -1.234840, 0.330913
SCALE 1.000000, 1.000000, 1.000000
X 0.016342, -0.983115, 0.182258
Y -0.002855, 0.182235, 0.983251
Z -0.999862, -0.016588, 0.000171

BONE 18
OFFSET -4.746290, -1.234591, 0.331138
SCALE 1.000000, 1.000000, 1.000000
X 0.016296, 0.983125, -0.182210
Y -0.002898, -0.182187, -0.983260
Z -0.999863, 0.016551, -0.000120

BONE 19
OFFSET 1.356609, 1.015539, 56.400341
SCALE 1.000000, 1.000000, 1.000000
X 0.997183, -0.019399, 0.072449
Y 0.018071, 0.999657, 0.018947
Z -0.072792, -0.017584, 0.997192

BONE 20
OFFSET -1.356719, 1.015542, 56.400444
SCALE 1.000000, 1.000000, 1.000000
X 0.997186, 0.019411, -0.072414
Y 0.018084, -0.999657, -0.018932
Z -0.072757, 0.017569, -0.997195

BONE 21
OFFSET -0.029703, -5.320381, 54.342735
SCALE 1.000000, 1.000000, 1.000000
X -0.999963, -0.000087, 0.008615
Y 0.002320, 0.960293, 0.278986
Z -0.008297, 0.278995, -0.960257

BONE 22
OFFSET 0.000058, 0.503915, 60.542107
SCALE 1.000000, 1.000000, 1.000000
X 0.000005, -0.309757, 0.950816
Y 0.000009, -0.950816, -0.309757
Z 1.000000, 0.000010, -0.000002

BONE 23
OFFSET 4.025334, 0.920922, 58.859638
SCALE 1.000000, 1.000000, 1.000000
X -0.997186, 0.019392, -0.072414
Y -0.018067, -0.999658, -0.018910
Z -0.072756, -0.017549, 0.997195

BONE 24
OFFSET -4.025115, 0.920835, 58.859825
SCALE 1.000000, 1.000000, 1.000000
X -0.997185, -0.019413, 0.072417
Y -0.018088, 0.999658, 0.018910
Z -0.072759, 0.017547, -0.997195

BONE 25
OFFSET -28.519920, -12.713210, 38.935009
SCALE 1.000000, 1.000000, 1.000000
X 1.000000, 0.000011, -0.000001
Y 0.000007, -0.764281, -0.644884
Z -0.000008, 0.644884, -0.764281

BONE 26
OFFSET -3.446791, 8.288239, 51.019424
SCALE 1.000000, 1.000000, 1.000000
X -0.083352, 0.038091, -0.995792
Y 0.176876, -0.982837, -0.052401
Z -0.980697, -0.180500, 0.075184

BONE 27
OFFSET -28.519920, -12.713210, 38.935009
SCALE 1.000000, 1.000000, 1.000000
X 0.000011, -1.000000, 0.000001
Y 1.000000, 0.000011, -0.000001
Z 0.000001, 0.000001, 1.000000

BONE 28
OFFSET 0.000057, -0.306903, 63.520969
SCALE 1.000000, 1.000000, 1.000000
X -0.000007, -0.216434, 0.976297
Y 0.000005, -0.976297, -0.216434
Z 1.000000, 0.000004, 0.000008

BONE 29
OFFSET 7.725458, 0.891629, 56.863182
SCALE 1.000000, 1.000000, 1.000000
X 0.662981, -0.260696, -0.701779
Y 0.273873, 0.956889, -0.096732
Z 0.696743, -0.128067, 0.705796

BONE 30
OFFSET -7.725506, 0.891564, 56.862965
SCALE 1.000000, 1.000000, 1.000000
X 0.662960, 0.260726, 0.701788
Y 0.273916, -0.956876, 0.096734
Z 0.696745, 0.128101, -0.705788

BONE 31
OFFSET 1.398807, -5.597917, 66.951309
SCALE 1.000000, 1.000000, 1.000000
X 1.000000, 0.000000, 0.000000
Y 0.000000, 1.000000, 0.000000
Z 0.000000, 0.000000, 1.000000

BONE 32
OFFSET -1.378059, -5.611380, 66.968872
SCALE 1.000000, 1.000000, 1.000000
X 1.000000, 0.000000, 0.000000
Y 0.000000, -1.000000, 0.000000
Z 0.000000, -0.000000, -1.000000

BONE 33
OFFSET 1.735914, -4.672611, 65.419479
SCALE 1.000000, 1.000000, 1.000000
X 1.000000, 0.000000, 0.000000
Y 0.000000, 1.000000, 0.000000
Z 0.000000, 0.000000, 1.000000

BONE 34
OFFSET -1.735881, -4.672617, 65.419388
SCALE 1.000000, 1.000000, 1.000000
X 1.000000, 0.000000, 0.000000
Y 0.000000, -1.000000, 0.000000
Z 0.000000, -0.000000, -1.000000

BONE 35
OFFSET 1.998089, -3.801665, 63.251984
SCALE 1.000000, 1.000000, 1.000000
X 1.000000, 0.000000, 0.000000
Y 0.000000, 1.000000, 0.000000
Z 0.000000, 0.000000, 1.000000

BONE 36
OFFSET -2.017981, -3.801665, 63.251972
SCALE 1.000000, 1.000000, 1.000000
X 1.000000, 0.000000, 0.000000
Y 0.000000, -1.000000, -0.000000
Z 0.000000, 0.000000, -1.000000

BONE 37
OFFSET 15.846285, -1.632342, 48.642529
SCALE 1.000000, 1.000000, 1.000000
X 0.294563, -0.846066, -0.444303
Y 0.654051, 0.517466, -0.551767
Z 0.696743, -0.128067, 0.705796

BONE 38
OFFSET -15.846131, -1.632841, 48.642246
SCALE 1.000000, 1.000000, 1.000000
X 0.294518, 0.846079, 0.444308
Y 0.654068, -0.517437, 0.551773
Z 0.696745, 0.128101, -0.705788

BONE 39
OFFSET 15.742274, -1.805675, 48.713013
SCALE 1.000000, 1.000000, 1.000000
X 0.294845, -0.845858, -0.444512
Y 0.653923, 0.517813, -0.551593
Z 0.696743, -0.128042, 0.705801

BONE 40
OFFSET -15.742270, -1.806072, 48.712933
SCALE 1.000000, 1.000000, 1.000000
X 0.294819, 0.845861, 0.444523
Y 0.653933, -0.517800, 0.551592
Z 0.696745, 0.128069, -0.705794

BONE 41
OFFSET 1.361146, -4.307770, 66.229576
SCALE 1.000000, 1.000000, 1.000000
X 0.997040, 0.064689, 0.041560
Y -0.064874, 0.997889, 0.003132
Z -0.041269, -0.005819, 0.999131

BONE 42
OFFSET -1.291026, -4.307769, 66.229691
SCALE 1.000000, 1.000000, 1.000000
X 0.997040, -0.064689, -0.041560
Y -0.064874, -0.997889, -0.003132
Z -0.041269, 0.005819, -0.999131

BONE 43
OFFSET 1.360009, -4.310390, 66.357697
SCALE 1.000000, 1.000000, 1.000000
X 0.997040, 0.064689, 0.041560
Y -0.064874, 0.997889, 0.003132
Z -0.041269, -0.005819, 0.999131

BONE 44
OFFSET -1.289888, -4.310387, 66.357841
SCALE 1.000000, 1.000000, 1.000000
X 0.997040, -0.064689, -0.041560
Y -0.064874, -0.997889, -0.003132
Z -0.041269, 0.005819, -0.999131

BONE 45
OFFSET 1.318041, -4.358185, 66.293449
SCALE 1.000000, 1.000000, 1.000000
X 0.978148, 0.207912, 0.000000
Y -0.207912, 0.978148, 0.000000
Z 0.000000, 0.000000, 1.000000

BONE 46
OFFSET -1.314910, -4.358297, 66.273796
SCALE 1.000000, 1.000000, 1.000000
X 0.978148, -0.207912, 0.000000
Y -0.207912, -0.978148, -0.000000
Z 0.000000, 0.000000, -1.000000

BONE 47
OFFSET -0.000527, -1.399727, 69.807846
SCALE 1.000000, 1.000000, 1.000000
X -0.000007, -0.216434, 0.976297
Y 0.000005, -0.976297, -0.216434
Z 1.000000, 0.000004, 0.000008

BONE 48
OFFSET 0.000054, -1.232941, 63.565289
SCALE 1.000000, 1.000000, 1.000000
X 1.000000, 0.000000, 0.000000
Y 0.000000, 1.000000, 0.000000
Z 0.000000, 0.000000, 1.000000

BONE 49
OFFSET 0.610825, -5.694855, 64.734421
SCALE 1.000000, 1.000000, 1.000000
X 1.000000, 0.000000, 0.000000
Y 0.000000, 1.000000, 0.000000
Z 0.000000, 0.000000, 1.000000

BONE 50
OFFSET -0.660708, -5.727400, 64.696350
SCALE 1.000000, 1.000000, 1.000000
X 1.000000, 0.000000, 0.000000
Y 0.000000, -1.000000, -0.000000
Z 0.000000, 0.000000, -1.000000

BONE 51
OFFSET 0.407180, -5.672125, 63.419296
SCALE 1.000000, 1.000000, 1.000000
X 1.000000, 0.000000, 0.000000
Y 0.000000, 1.000000, 0.000000
Z 0.000000, 0.000000, 1.000000

BONE 52
OFFSET -0.407062, -5.672130, 63.419102
SCALE 1.000000, 1.000000, 1.000000
X 1.000000, 0.000000, 0.000000
Y 0.000000, -1.000000, 0.000000
Z 0.000000, -0.000000, -1.000000

BONE 53
OFFSET 1.113125, -5.098900, 63.192440
SCALE 1.000000, 1.000000, 1.000000
X 1.000000, 0.000000, 0.000000
Y 0.000000, 1.000000, 0.000000
Z 0.000000, 0.000000, 1.000000

BONE 54
OFFSET -1.113000, -5.096747, 63.182503
SCALE 1.000000, 1.000000, 1.000000
X 1.000000, 0.000000, 0.000000
Y 0.000000, -1.000000, 0.000000
Z 0.000000, -0.000000, -1.000000

BONE 55
OFFSET 8.032188, 0.771017, 56.538502
SCALE 1.000000, 1.000000, 1.000000
X 0.662981, -0.260696, -0.701779
Y 0.273875, 0.956889, -0.096730
Z 0.696742, -0.128070, 0.705797

BONE 56
OFFSET -8.001591, 0.782987, 56.570709
SCALE 1.000000, 1.000000, 1.000000
X 0.662960, 0.260726, 0.701788
Y 0.273908, -0.956878, 0.096742
Z 0.696748, 0.128089, -0.705787

BONE 57
OFFSET 0.000049, -4.334190, 66.322540
SCALE 1.000000, 1.000000, 1.000000
X 0.000001, -0.939691, 0.342026
Y 1.000000, 0.000004, 0.000007
Z -0.000008, 0.342026, 0.939691

BONE 58
OFFSET 0.000054, -5.587001, 61.373325
SCALE 1.000000, 1.000000, 1.000000
X 1.000000, 0.000000, 0.000000
Y 0.000000, 1.000000, 0.000000
Z 0.000000, 0.000000, 1.000000

BONE 59
OFFSET -0.000540, -0.362329, 71.243195
SCALE 1.000000, 1.000000, 1.000000
X 0.000005, -0.999048, 0.043625
Y 1.000000, 0.000005, 0.000005
Z -0.000005, 0.043625, 0.999048

BONE 60
OFFSET 0.388755, -5.644283, 63.233143
SCALE 1.000000, 1.000000, 1.000000
X 1.000000, 0.000000, 0.000000
Y 0.000000, 1.000000, 0.000000
Z 0.000000, 0.000000, 1.000000

BONE 61
OFFSET -0.388639, -5.644279, 63.233040
SCALE 1.000000, 1.000000, 1.000000
X 1.000000, 0.000000, 0.000000
Y 0.000000, -1.000000, 0.000000
Z 0.000000, -0.000000, -1.000000

BONE 62
OFFSET 18.585669, -10.419226, 44.089733
SCALE 1.000000, 1.000000, 1.000000
X 0.299004, -0.782064, -0.546784
Y -0.792522, 0.115636, -0.598779
Z 0.531512, 0.612376, -0.585227

BONE 63
OFFSET -18.585567, -10.419399, 44.089657
SCALE 1.000000, 1.000000, 1.000000
X 0.299011, 0.782058, 0.546788
Y -0.792524, -0.115633, 0.598778
Z 0.531506, -0.612384, 0.585224

BONE 64
OFFSET 17.753496, -7.897926, 45.442410
SCALE 1.000000, 1.000000, 1.000000
X 0.294846, -0.845857, -0.444513
Y 0.653930, 0.517812, -0.551585
Z 0.696736, -0.128048, 0.705806

BONE 65
OFFSET -17.753546, -7.898361, 45.442448
SCALE 1.000000, 1.000000, 1.000000
X 0.294819, 0.845861, 0.444523
Y 0.653933, -0.517800, 0.551592
Z 0.696745, 0.128069, -0.705794

BONE 66
OFFSET 18.943596, -14.118733, 43.296165
SCALE 1.000000, 1.000000, 1.000000
X 0.252533, -0.921880, -0.293878
Y -0.670074, 0.052482, -0.740436
Z 0.698017, 0.383905, -0.604475

BONE 67
OFFSET -18.943485, -14.118932, 43.296089
SCALE 1.000000, 1.000000, 1.000000
X 0.252692, 0.921873, 0.293763
Y -0.670040, -0.052297, 0.740480
Z 0.697992, -0.383946, 0.604477

BONE 68
OFFSET 19.641989, -13.608097, 42.701954
SCALE 1.000000, 1.000000, 1.000000
X 0.066843, -0.793765, -0.604540
Y -0.837155, 0.285040, -0.466823
Z 0.542866, 0.537298, -0.645452

BONE 69
OFFSET -19.641909, -13.608223, 42.701809
SCALE 1.000000, 1.000000, 1.000000
X 0.066887, 0.793771, 0.604528
Y -0.837171, -0.284987, 0.466827
Z 0.542836, -0.537317, 0.645460

BONE 70
OFFSET 20.410118, -12.159682, 41.480377
SCALE 1.000000, 1.000000, 1.000000
X -0.099274, -0.722106, -0.684623
Y -0.848031, 0.421335, -0.321434
Z 0.520565, 0.548671, -0.654195

BONE 71
OFFSET -20.410091, -12.159837, 41.480251
SCALE 1.000000, 1.000000, 1.000000
X -0.099304, 0.722089, 0.684635
Y -0.848020, -0.421369, 0.321418
Z 0.520577, -0.548666, 0.654190

BONE 72
OFFSET 20.114302, -12.876246, 42.061901
SCALE 1.000000, 1.000000, 1.000000
X -0.006006, -0.738898, -0.673791
Y -0.878970, 0.325202, -0.348791
Z 0.476839, 0.590147, -0.651422

BONE 73
OFFSET -20.114208, -12.876396, 42.061890
SCALE 1.000000, 1.000000, 1.000000
X -0.005979, 0.738908, 0.673780
Y -0.878978, -0.325169, 0.348801
Z 0.476825, -0.590152, 0.651428

BONE 74
OFFSET 18.473015, -11.541899, 44.177650
SCALE 1.000000, 1.000000, 1.000000
X -0.766327, -0.594301, -0.244027
Y 0.525231, -0.360813, -0.770679
Z 0.369968, -0.718763, 0.588646

BONE 75
OFFSET -18.472874, -11.542074, 44.177635
SCALE 1.000000, 1.000000, 1.000000
X -0.766329, 0.594294, 0.244036
Y 0.525229, 0.360803, 0.770685
Z 0.369965, 0.718773, -0.588635

BONE 76
OFFSET -28.519896, -12.719981, 38.932270
SCALE 1.000000, 1.000000, 1.000000
X 0.000190, -1.000000, -0.000189
Y 1.000000, 0.000190, 0.000053
Z -0.000053, -0.000189, 1.000000

BONE 77
OFFSET -28.520119, -12.709172, 38.935143
SCALE 1.000000, 1.000000, 1.000000
X -0.000199, -1.000000, -0.000195
Y 0.998877, -0.000190, -0.047381
Z 0.047381, -0.000205, 0.998877

BONE 78
OFFSET 19.335176, -15.548034, 42.840546
SCALE 1.000000, 1.000000, 1.000000
X -0.305493, -0.603804, -0.736271
Y -0.647669, 0.698577, -0.304162
Z 0.697997, 0.383940, -0.604476

BONE 79
OFFSET -19.335234, -15.548249, 42.840523
SCALE 1.000000, 1.000000, 1.000000
X -0.305842, 0.603512, 0.736365
Y -0.647460, -0.698892, 0.303884
Z 0.698038, -0.383827, 0.604500

BONE 80
OFFSET 19.766018, -15.080857, 41.580357
SCALE 1.000000, 1.000000, 1.000000
X -0.742584, -0.051931, -0.667737
Y -0.392291, 0.841795, 0.370795
Z 0.542841, 0.537294, -0.645475

BONE 81
OFFSET -19.765930, -15.081016, 41.579948
SCALE 1.000000, 1.000000, 1.000000
X -0.742558, 0.051921, 0.667766
Y -0.392315, -0.841780, -0.370804
Z 0.542860, -0.537318, 0.645439

BONE 82
OFFSET 20.291075, -13.025280, 40.659801
SCALE 1.000000, 1.000000, 1.000000
X -0.734217, -0.103408, -0.670993
Y -0.435791, 0.829631, 0.348997
Z 0.520587, 0.548653, -0.654194

BONE 83
OFFSET -20.291012, -13.025424, 40.659672
SCALE 1.000100, 1.000101, 1.000094
X -0.734208, 0.103424, 0.671001
Y -0.435814, -0.829619, -0.348996
Z 0.520581, -0.548667, 0.654187

BONE 84
OFFSET 20.104219, -14.119193, 40.928596
SCALE 1.000000, 1.000000, 1.000000
X -0.750598, -0.112264, -0.651152
Y -0.457408, 0.799450, 0.389433
Z 0.476844, 0.590150, -0.651416

BONE 85
OFFSET -20.104130, -14.119358, 40.928261
SCALE 1.000000, 1.000000, 1.000000
X -0.750602, 0.112272, 0.651146
Y -0.457410, -0.799450, -0.389431
Z 0.476836, -0.590148, 0.651423

BONE 86
OFFSET 16.629330, -12.971684, 43.590553
SCALE 1.000000, 1.000000, 1.000000
X -0.513767, -0.686190, -0.514963
Y 0.774059, -0.111908, -0.623144
Z 0.369966, -0.718763, 0.588646

BONE 87
OFFSET -16.629194, -12.971821, 43.590179
SCALE 1.000000, 1.000000, 1.000000
X -0.513765, 0.686181, 0.514977
Y 0.774059, 0.111890, 0.623148
Z 0.369972, 0.718774, -0.588629

BONE 88
OFFSET 19.038221, -16.134914, 42.125023
SCALE 1.000000, 1.000000, 1.000000
X -0.554097, -0.245160, -0.795533
Y -0.453622, 0.890222, 0.041612
Z 0.698000, 0.383929, -0.604479

BONE 89
OFFSET -19.037983, -16.134798, 42.125008
SCALE 1.000000, 1.000000, 1.000000
X -0.553871, 0.245483, 0.795591
Y -0.453788, -0.890154, -0.041256
Z 0.698071, -0.383880, 0.604428

BONE 90
OFFSET 18.948034, -15.138112, 40.844826
SCALE 1.000000, 1.000000, 1.000000
X -0.836744, 0.280258, -0.470441
Y -0.071875, 0.795463, 0.601724
Z 0.542857, 0.537302, -0.645456

BONE 91
OFFSET -18.947971, -15.138271, 40.844528
SCALE 0.999896, 0.999903, 0.999904
X -0.836742, -0.280254, 0.470448
Y -0.071886, -0.795461, -0.601726
Z 0.542859, -0.537308, 0.645449

BONE 92
OFFSET 19.784019, -13.096679, 40.196491
SCALE 1.000000, 1.000000, 1.000000
X -0.853803, 0.339164, -0.394953
Y 0.005198, 0.764171, 0.644992
Z 0.520570, 0.548643, -0.654215

BONE 93
OFFSET -19.783998, -13.096812, 40.196270
SCALE 0.999787, 0.999785, 0.999800
X -0.853799, -0.339167, 0.394959
Y 0.005186, -0.764161, -0.645004
Z 0.520576, -0.548656, 0.654199

BONE 94
OFFSET 19.396437, -14.225060, 40.314682
SCALE 1.000000, 1.000000, 1.000000
X -0.861545, 0.166924, -0.479454
Y -0.174209, 0.789854, 0.588033
Z 0.476856, 0.590142, -0.651415

BONE 95
OFFSET -19.396343, -14.225204, 40.314499
SCALE 1.000000, 1.000000, 1.000000
X -0.861557, -0.166916, 0.479436
Y -0.174209, -0.789846, -0.588043
Z 0.476834, -0.590155, 0.651419

BONE 96
OFFSET 16.015608, -13.791351, 42.975456
SCALE 1.000000, 1.000000, 1.000000
X -0.178188, -0.676734, -0.714339
Y 0.911796, 0.159395, -0.378446
Z 0.369969, -0.718766, 0.588641

BONE 97
OFFSET -16.015455, -13.791477, 42.975048
SCALE 1.000000, 1.000000, 1.000000
X -0.178183, 0.676724, 0.714350
Y 0.911791, -0.159415, 0.378450
Z 0.369984, 0.718771, -0.588626

NUMVERTS 1255
VERT 0
OFFSET 0.502024, -5.783832, 63.558826
BONES 1
BONE 28 1.000000

VERT 1
OFFSET 0.000000, -5.906635, 63.516457
BONES 1
BONE 28 1.000000

VERT 2
OFFSET 0.000000, -5.782847, 63.294102
BONES 1
BONE 28 1.000000

VERT 3
OFFSET 1.220007, -5.294890, 63.202175
BONES 1
BONE 28 1.000000

VERT 4
OFFSET 0.552738, -5.748406, 62.973370
BONES 1
BONE 28 1.000000

VERT 5
OFFSET 0.000000, -5.922741, 62.951469
BONES 1
BONE 28 1.000000

VERT 6
OFFSET 1.142547, -5.046412, 68.323868
BONES 1
BONE 28 1.000000

VERT 7
OFFSET 1.959062, -5.168572, 66.904564
BONES 1
BONE 28 1.000000

VERT 8
OFFSET 2.667208, -3.252339, 67.580696
BONES 1
BONE 28 1.000000

VERT 9
OFFSET 2.458296, -4.034730, 66.308792
BONES 1
BONE 28 1.000000

VERT 10
OFFSET 2.228107, -4.236867, 65.075752
BONES 1
BONE 28 1.000000

VERT 11
OFFSET 0.770803, -5.946488, 66.976166
BONES 1
BONE 28 1.000000

VERT 12
OFFSET 2.135283, 0.992050, 63.634483
BONES 3
BONE 16 0.110868
BONE 22 0.026694
BONE 28 0.862438

VERT 13
OFFSET 2.139212, -3.719714, 63.340782
BONES 1
BONE 28 1.000000

VERT 14
OFFSET 1.569156, -3.926921, 61.786861
BONES 3
BONE 16 0.000001
BONE 22 0.000000
BONE 28 0.999998

VERT 15
OFFSET 2.786104, -1.939783, 63.055294
BONES 1
BONE 28 1.000000

VERT 16
OFFSET 2.866021, -2.452742, 63.783474
BONES 1
BONE 28 1.000000

VERT 17
OFFSET 2.651088, 1.516555, 68.419243
BONES 1
BONE 28 1.000000

VERT 18
OFFSET 2.146296, 0.803063, 69.817764
BONES 1
BONE 28 1.000000

VERT 19
OFFSET 3.008369, -0.048113, 65.177780
BONES 1
BONE 28 1.000000

VERT 20
OFFSET 0.000000, -5.872285, 64.144669
BONES 1
BONE 28 1.000000

VERT 21
OFFSET 0.195424, -5.868518, 64.200577
BONES 1
BONE 28 1.000000

VERT 22
OFFSET 1.403069, -4.988050, 64.104164
BONES 1
BONE 28 1.000000

VERT 23
OFFSET 1.782206, -4.588762, 63.193134
BONES 1
BONE 28 1.000000

VERT 24
OFFSET 0.599189, -5.475965, 62.259830
BONES 1
BONE 28 1.000000

VERT 25
OFFSET 0.000000, -5.749566, 61.799107
BONES 1
BONE 28 1.000000

VERT 26
OFFSET 0.436255, -5.814932, 61.871784
BONES 1
BONE 28 1.000000

VERT 27
OFFSET 0.000000, -5.678228, 62.304646
BONES 1
BONE 28 1.000000

VERT 28
OFFSET 1.345258, -4.984830, 61.984825
BONES 1
BONE 28 1.000000

VERT 29
OFFSET 0.486098, -5.560909, 61.215839
BONES 1
BONE 28 1.000000

VERT 30
OFFSET 0.000000, -5.555286, 61.251686
BONES 1
BONE 28 1.000000

VERT 31
OFFSET 0.000000, -4.741621, 60.999569
BONES 1
BONE 28 1.000000

VERT 32
OFFSET 0.614352, -4.635104, 61.041626
BONES 1
BONE 28 1.000000

VERT 33
OFFSET 2.872702, -2.671279, 65.756241
BONES 1
BONE 28 1.000000

VERT 34
OFFSET 0.000000, -3.600666, 60.617382
BONES 3
BONE 16 0.510250
BONE 22 0.164580
BONE 28 0.325171

VERT 35
OFFSET 1.016748, -3.280874, 70.586830
BONES 1
BONE 28 1.000000

VERT 36
OFFSET 0.000000, -5.871288, 66.946793
BONES 1
BONE 28 1.000000

VERT 37
OFFSET 0.000000, 2.087276, 63.815754
BONES 3
BONE 16 0.097021
BONE 22 0.000008
BONE 28 0.902971

VERT 38
OFFSET 0.000000, 2.560347, 68.866417
BONES 1
BONE 28 1.000000

VERT 39
OFFSET 3.163372, -1.159818, 68.079445
BONES 1
BONE 28 1.000000

VERT 40
OFFSET 0.816704, -5.165545, 66.202644
BONES 1
BONE 28 1.000000

VERT 41
OFFSET 1.736612, -4.843236, 66.201721
BONES 1
BONE 28 1.000000

VERT 42
OFFSET 0.000000, -2.159719, 58.047989
BONES 1
BONE 16 1.000000

VERT 43
OFFSET 1.043873, -2.279831, 58.305805
BONES 1
BONE 16 1.000000

VERT 44
OFFSET 1.288983, -2.821272, 61.127369
BONES 3
BONE 16 0.479278
BONE 22 0.111291
BONE 28 0.409431

VERT 45
OFFSET 2.954976, 1.451081, 60.476791
BONES 1
BONE 16 1.000000

VERT 46
OFFSET 0.000000, 2.670925, 60.018867
BONES 3
BONE 16 0.995227
BONE 22 0.000327
BONE 28 0.004446

VERT 47
OFFSET 0.798817, -5.300741, 64.752625
BONES 1
BONE 28 1.000000

VERT 48
OFFSET 3.147564, -0.992284, 66.371933
BONES 1
BONE 28 1.000000

VERT 49
OFFSET 2.918745, -1.349123, 64.192978
BONES 1
BONE 28 1.000000

VERT 50
OFFSET 3.516662, 0.033671, 64.691292
BONES 1
BONE 28 1.000000

VERT 51
OFFSET 3.629468, -0.395533, 66.677124
BONES 1
BONE 28 1.000000

VERT 52
OFFSET 3.739438, 0.430124, 65.537445
BONES 1
BONE 28 1.000000

VERT 53
OFFSET 3.166904, 0.047488, 66.165688
BONES 1
BONE 28 1.000000

VERT 54
OFFSET 1.977144, -3.167586, 69.363815
BONES 1
BONE 28 1.000000

VERT 55
OFFSET 0.000000, -4.248029, 70.551552
BONES 1
BONE 28 1.000000

VERT 56
OFFSET 2.405164, -1.714830, 69.516190
BONES 1
BONE 28 1.000000

VERT 57
OFFSET 0.901579, -4.204409, 69.767319
BONES 1
BONE 28 1.000000

VERT 58
OFFSET 2.119351, -1.720807, 62.048389
BONES 3
BONE 16 0.319186
BONE 22 0.087797
BONE 28 0.593016

VERT 59
OFFSET 0.000000, -6.418628, 65.056824
BONES 1
BONE 28 1.000000

VERT 60
OFFSET 0.000000, -6.545041, 64.623009
BONES 1
BONE 28 1.000000

VERT 61
OFFSET 0.000000, -5.793456, 66.450439
BONES 1
BONE 28 1.000000

VERT 62
OFFSET 0.719764, -5.311140, 64.360374
BONES 1
BONE 28 1.000000

VERT 63
OFFSET 2.921837, -1.083758, 59.271469
BONES 1
BONE 16 1.000000

VERT 64
OFFSET 0.000000, -4.473246, 69.867531
BONES 1
BONE 28 1.000000

VERT 65
OFFSET 0.000000, -5.306154, 68.306702
BONES 1
BONE 28 1.000000

VERT 66
OFFSET 5.764785, -2.903267, 55.230961
BONES 1
BONE 16 1.000000

VERT 67
OFFSET 2.518036, -5.451172, 52.396145
BONES 1
BONE 16 1.000000

VERT 68
OFFSET 0.000000, -4.750181, 51.652874
BONES 1
BONE 16 1.000000

VERT 69
OFFSET 2.690428, -0.919306, 63.155582
BONES 2
BONE 16 0.069259
BONE 28 0.930740

VERT 70
OFFSET 3.749604, 0.176906, 66.469681
BONES 1
BONE 28 1.000000

VERT 71
OFFSET 3.115311, -0.806938, 64.150902
BONES 1
BONE 28 1.000000

VERT 72
OFFSET 3.069685, -1.170704, 65.282455
BONES 1
BONE 28 1.000000

VERT 73
OFFSET 1.444605, 0.218934, 70.632034
BONES 1
BONE 28 1.000000

VERT 74
OFFSET 0.000000, 0.320152, 70.830330
BONES 1
BONE 28 1.000000

VERT 75
OFFSET 0.000000, 1.553038, 70.238701
BONES 1
BONE 28 1.000000

VERT 76
OFFSET 2.413280, 1.818884, 66.200310
BONES 2
BONE 16 0.008448
BONE 28 0.991552

VERT 77
OFFSET 0.000000, 3.032360, 66.189262
BONES 2
BONE 16 0.008117
BONE 28 0.991884

VERT 78
OFFSET 3.892070, 2.504033, 59.313801
BONES 1
BONE 16 1.000000

VERT 79
OFFSET 0.000000, -6.468099, 64.352638
BONES 1
BONE 28 1.000000

VERT 80
OFFSET 0.247874, -6.373326, 64.382996
BONES 1
BONE 28 1.000000

VERT 81
OFFSET 0.289422, -5.721908, 66.369560
BONES 1
BONE 28 1.000000

VERT 82
OFFSET 0.324023, -6.302721, 64.992111
BONES 1
BONE 28 1.000000

VERT 83
OFFSET 0.313573, -6.427747, 64.590599
BONES 1
BONE 28 1.000000

VERT 84
OFFSET 5.786369, 0.814453, 58.635647
BONES 1
BONE 16 1.000000

VERT 85
OFFSET -0.502024, -5.783832, 63.558826
BONES 1
BONE 28 1.000000

VERT 86
OFFSET -1.220007, -5.294890, 63.202175
BONES 1
BONE 28 1.000000

VERT 87
OFFSET -0.552738, -5.748406, 62.973370
BONES 1
BONE 28 1.000000

VERT 88
OFFSET -1.142547, -5.046412, 68.323868
BONES 1
BONE 28 1.000000

VERT 89
OFFSET -1.959062, -5.168572, 66.904564
BONES 1
BONE 28 1.000000

VERT 90
OFFSET -2.667208, -3.252339, 67.580696
BONES 1
BONE 28 1.000000

VERT 91
OFFSET -2.458296, -4.034730, 66.308792
BONES 1
BONE 28 1.000000

VERT 92
OFFSET -2.228107, -4.236867, 65.075752
BONES 1
BONE 28 1.000000

VERT 93
OFFSET -0.770803, -5.946488, 66.976166
BONES 1
BONE 28 1.000000

VERT 94
OFFSET -2.135283, 0.992050, 63.634483
BONES 3
BONE 16 0.074230
BONE 22 0.003954
BONE 28 0.921816

VERT 95
OFFSET -2.139212, -3.719714, 63.340782
BONES 1
BONE 28 1.000000

VERT 96
OFFSET -1.569156, -3.926921, 61.786861
BONES 3
BONE 16 0.000002
BONE 22 0.000000
BONE 28 0.999998

VERT 97
OFFSET -2.786104, -1.939783, 63.055294
BONES 1
BONE 28 1.000000

VERT 98
OFFSET -2.866021, -2.452742, 63.783474
BONES 1
BONE 28 1.000000

VERT 99
OFFSET -2.651088, 1.516555, 68.419243
BONES 1
BONE 28 1.000000

VERT 100
OFFSET -2.146296, 0.803063, 69.817764
BONES 1
BONE 28 1.000000

VERT 101
OFFSET -3.008369, -0.048113, 65.177780
BONES 1
BONE 28 1.000000

VERT 102
OFFSET -0.195424, -5.868518, 64.200577
BONES 1
BONE 28 1.000000

VERT 103
OFFSET -1.403069, -4.988050, 64.104164
BONES 1
BONE 28 1.000000

VERT 104
OFFSET -1.782206, -4.588762, 63.193134
BONES 1
BONE 28 1.000000

VERT 105
OFFSET -0.599189, -5.475965, 62.259830
BONES 1
BONE 28 1.000000

VERT 106
OFFSET -0.436255, -5.814932, 61.871784
BONES 1
BONE 28 1.000000

VERT 107
OFFSET -1.345258, -4.984830, 61.984825
BONES 1
BONE 28 1.000000

VERT 108
OFFSET -0.486098, -5.560909, 61.215839
BONES 1
BONE 28 1.000000

VERT 109
OFFSET -0.614352, -4.635104, 61.041626
BONES 1
BONE 28 1.000000

VERT 110
OFFSET -2.872702, -2.671279, 65.756241
BONES 1
BONE 28 1.000000

VERT 111
OFFSET -1.016748, -3.280874, 70.586830
BONES 1
BONE 28 1.000000

VERT 112
OFFSET -3.163372, -1.159818, 68.079445
BONES 1
BONE 28 1.000000

VERT 113
OFFSET -0.816704, -5.165545, 66.202644
BONES 1
BONE 28 1.000000

VERT 114
OFFSET -1.736612, -4.843236, 66.201721
BONES 1
BONE 28 1.000000

VERT 115
OFFSET -1.043873, -2.279831, 58.305805
BONES 1
BONE 16 1.000000

VERT 116
OFFSET -1.288983, -2.821272, 61.127369
BONES 3
BONE 16 0.490575
BONE 22 0.106233
BONE 28 0.403192

VERT 117
OFFSET -2.954976, 1.451081, 60.476791
BONES 1
BONE 16 1.000000

VERT 118
OFFSET -0.798817, -5.300741, 64.752625
BONES 1
BONE 28 1.000000

VERT 119
OFFSET -3.147564, -0.992284, 66.371933
BONES 1
BONE 28 1.000000

VERT 120
OFFSET -2.918745, -1.349123, 64.192978
BONES 1
BONE 28 1.000000

VERT 121
OFFSET -3.516662, 0.033671, 64.691292
BONES 1
BONE 28 1.000000

VERT 122
OFFSET -3.629468, -0.395533, 66.677124
BONES 1
BONE 28 1.000000

VERT 123
OFFSET -3.739438, 0.430124, 65.537445
BONES 1
BONE 28 1.000000

VERT 124
OFFSET -3.166904, 0.047488, 66.165688
BONES 1
BONE 28 1.000000

VERT 125
OFFSET -1.977144, -3.167586, 69.363815
BONES 1
BONE 28 1.000000

VERT 126
OFFSET -2.405164, -1.714830, 69.516190
BONES 1
BONE 28 1.000000

VERT 127
OFFSET -0.901579, -4.204409, 69.767319
BONES 1
BONE 28 1.000000

VERT 128
OFFSET -2.119351, -1.720807, 62.048389
BONES 3
BONE 16 0.252011
BONE 22 0.135957
BONE 28 0.612031

VERT 129
OFFSET -0.719764, -5.311140, 64.360374
BONES 1
BONE 28 1.000000

VERT 130
OFFSET -2.921837, -1.083758, 59.271469
BONES 1
BONE 16 1.000000

VERT 131
OFFSET -5.764785, -2.903267, 55.230961
BONES 1
BONE 16 1.000000

VERT 132
OFFSET -2.518036, -5.451172, 52.396145
BONES 1
BONE 16 1.000000

VERT 133
OFFSET -2.690428, -0.919306, 63.155582
BONES 3
BONE 16 0.054857
BONE 22 0.053351
BONE 28 0.891792

VERT 134
OFFSET -3.749604, 0.176906, 66.469681
BONES 1
BONE 28 1.000000

VERT 135
OFFSET -3.115311, -0.806938, 64.150902
BONES 1
BONE 28 1.000000

VERT 136
OFFSET -3.069685, -1.170704, 65.282455
BONES 1
BONE 28 1.000000

VERT 137
OFFSET -1.444605, 0.218934, 70.632034
BONES 1
BONE 28 1.000000

VERT 138
OFFSET -2.413280, 1.818884, 66.200310
BONES 2
BONE 16 0.000765
BONE 28 0.999235

VERT 139
OFFSET -3.892070, 2.504033, 59.313801
BONES 1
BONE 16 1.000000

VERT 140
OFFSET -0.247874, -6.373326, 64.382996
BONES 1
BONE 28 1.000000

VERT 141
OFFSET -0.289422, -5.721908, 66.369560
BONES 1
BONE 28 1.000000

VERT 142
OFFSET -0.324023, -6.302721, 64.992111
BONES 1
BONE 28 1.000000

VERT 143
OFFSET -0.313573, -6.427747, 64.590599
BONES 1
BONE 28 1.000000

VERT 144
OFFSET -5.786369, 0.814453, 58.635647
BONES 1
BONE 16 1.000000

VERT 145
OFFSET 0.000000, 2.065421, 61.988590
BONES 3
BONE 16 0.616387
BONE 22 0.036243
BONE 28 0.347370

VERT 146
OFFSET 2.352483, 1.110708, 61.919090
BONES 3
BONE 16 0.605645
BONE 22 0.058647
BONE 28 0.335708

VERT 147
OFFSET -2.374896, 1.048856, 61.984692
BONES 3
BONE 16 0.547346
BONE 22 0.065735
BONE 28 0.386919

VERT 148
OFFSET -19.266985, -9.235861, 43.330956
BONES 2
BONE 63 0.418319
BONE 65 0.581681

VERT 149
OFFSET -19.996002, -10.394451, 42.304123
BONES 3
BONE 63 0.838844
BONE 71 0.016741
BONE 65 0.144415

VERT 150
OFFSET -20.292545, -10.739373, 43.356720
BONES 4
BONE 63 0.877863
BONE 71 0.018027
BONE 73 0.040347
BONE 65 0.063763

VERT 151
OFFSET -20.243382, -12.011456, 40.947701
BONES 4
BONE 63 0.294899
BONE 71 0.684913
BONE 83 0.015028
BONE 93 0.005159

VERT 152
OFFSET -20.176128, -14.018479, 43.166485
BONES 4
BONE 63 0.254475
BONE 67 0.158518
BONE 79 0.002134
BONE 69 0.584874

VERT 153
OFFSET -19.354990, -14.401544, 42.911957
BONES 5
BONE 63 0.022772
BONE 67 0.340079
BONE 79 0.027217
BONE 89 0.003191
BONE 69 0.606742

VERT 154
OFFSET -19.406769, -14.712268, 43.875370
BONES 3
BONE 63 0.215320
BONE 67 0.779055
BONE 79 0.005625

VERT 155
OFFSET -18.653803, -14.794141, 43.482929
BONES 4
BONE 63 0.226841
BONE 67 0.709932
BONE 79 0.055133
BONE 89 0.008094

VERT 156
OFFSET -17.693333, -13.412432, 44.071133
BONES 4
BONE 63 0.271483
BONE 75 0.507371
BONE 87 0.213376
BONE 97 0.007770

VERT 157
OFFSET -18.813257, -12.999519, 44.792759
BONES 3
BONE 63 0.738481
BONE 67 0.197728
BONE 75 0.063791

VERT 158
OFFSET -17.553934, -10.021652, 43.698208
BONES 3
BONE 40 0.002143
BONE 63 0.398779
BONE 65 0.599078

VERT 159
OFFSET -17.908524, -12.963428, 43.352802
BONES 4
BONE 63 0.781409
BONE 67 0.023405
BONE 75 0.168891
BONE 87 0.026295

VERT 160
OFFSET -17.158554, -10.951595, 45.258186
BONES 2
BONE 63 0.436549
BONE 65 0.563451

VERT 161
OFFSET -19.112957, -10.424568, 45.519753
BONES 3
BONE 40 0.028044
BONE 63 0.299806
BONE 65 0.672151

VERT 162
OFFSET -20.793814, -12.124449, 41.773132
BONES 3
BONE 63 0.343140
BONE 71 0.645009
BONE 73 0.011851

VERT 163
OFFSET -19.912189, -11.880136, 44.401978
BONES 5
BONE 63 0.829188
BONE 67 0.003214
BONE 69 0.059995
BONE 73 0.030314
BONE 65 0.077288

VERT 164
OFFSET -15.594044, -14.964535, 41.943470
BONES 1
BONE 97 1.000000

VERT 165
OFFSET -15.658601, -14.222286, 41.677074
BONES 2
BONE 87 0.004841
BONE 97 0.995159

VERT 166
OFFSET -15.558234, -14.654795, 42.426659
BONES 1
BONE 97 1.000000

VERT 167
OFFSET -16.389267, -12.185659, 43.590523
BONES 4
BONE 63 0.019659
BONE 75 0.548226
BONE 87 0.393520
BONE 97 0.038594

VERT 168
OFFSET -16.616817, -12.566957, 44.495300
BONES 4
BONE 63 0.129021
BONE 75 0.504556
BONE 87 0.362138
BONE 97 0.004285

VERT 169
OFFSET -15.736140, -13.675925, 43.390038
BONES 3
BONE 75 0.061410
BONE 87 0.416231
BONE 97 0.522359

VERT 170
OFFSET -15.813972, -13.424283, 42.555325
BONES 2
BONE 87 0.404395
BONE 97 0.595605

VERT 171
OFFSET -16.609394, -14.096145, 43.055202
BONES 2
BONE 87 0.436924
BONE 97 0.563076

VERT 172
OFFSET -16.234440, -14.857857, 42.206642
BONES 2
BONE 87 0.020357
BONE 97 0.979643

VERT 173
OFFSET -19.598818, -15.919352, 43.101978
BONES 3
BONE 67 0.429225
BONE 79 0.539978
BONE 89 0.030797

VERT 174
OFFSET -19.405546, -15.268921, 42.288116
BONES 5
BONE 67 0.076405
BONE 79 0.009702
BONE 69 0.498413
BONE 81 0.389611
BONE 91 0.025868

VERT 175
OFFSET -18.688980, -15.493382, 42.956741
BONES 4
BONE 63 0.026040
BONE 67 0.530795
BONE 79 0.384773
BONE 89 0.058392

VERT 176
OFFSET -19.042555, -15.818507, 41.657612
BONES 2
BONE 79 0.330877
BONE 89 0.669123

VERT 177
OFFSET -19.196497, -16.551558, 42.019810
BONES 2
BONE 79 0.340937
BONE 89 0.659063

VERT 178
OFFSET -18.448193, -16.220890, 42.099777
BONES 2
BONE 79 0.302069
BONE 89 0.697931

VERT 179
OFFSET -18.479837, -16.338217, 40.809441
BONES 1
BONE 89 1.000000

VERT 180
OFFSET -18.065775, -16.607771, 41.192886
BONES 1
BONE 89 1.000000

VERT 181
OFFSET -16.519722, -13.711629, 42.603310
BONES 2
BONE 87 0.487451
BONE 97 0.512549

VERT 182
OFFSET -16.954931, -9.722279, 45.614784
BONES 3
BONE 40 0.203629
BONE 63 0.009360
BONE 65 0.787010

VERT 183
OFFSET -17.388771, -8.891715, 44.258316
BONES 2
BONE 40 0.235727
BONE 65 0.764273

VERT 184
OFFSET -18.522213, -9.398864, 46.348202
BONES 2
BONE 40 0.254200
BONE 65 0.745800

VERT 185
OFFSET -18.855867, -8.130113, 43.697727
BONES 3
BONE 40 0.150800
BONE 63 0.006231
BONE 65 0.842969

VERT 186
OFFSET -20.607084, -13.152068, 42.535149
BONES 3
BONE 63 0.351886
BONE 69 0.052224
BONE 73 0.595890

VERT 187
OFFSET -19.788813, -12.763549, 41.540184
BONES 3
BONE 63 0.200734
BONE 71 0.272800
BONE 73 0.526465

VERT 188
OFFSET -19.719448, -13.664546, 42.245956
BONES 3
BONE 63 0.120267
BONE 69 0.571798
BONE 73 0.307935

VERT 189
OFFSET -20.138870, -15.512532, 41.537643
BONES 3
BONE 69 0.478187
BONE 81 0.500281
BONE 91 0.021532

VERT 190
OFFSET -19.266212, -14.583073, 40.832935
BONES 3
BONE 73 0.112676
BONE 85 0.438935
BONE 95 0.448389

VERT 191
OFFSET -18.931416, -15.293668, 41.410812
BONES 3
BONE 69 0.164733
BONE 81 0.448158
BONE 91 0.387109

VERT 192
OFFSET -19.134537, -15.629088, 40.622677
BONES 2
BONE 81 0.463324
BONE 91 0.536676

VERT 193
OFFSET -18.135494, -14.757730, 39.915863
BONES 1
BONE 91 1.000000

VERT 194
OFFSET -17.740383, -15.115273, 40.319592
BONES 1
BONE 91 1.000000

VERT 195
OFFSET -20.484589, -14.436798, 40.933098
BONES 3
BONE 73 0.473674
BONE 85 0.502121
BONE 95 0.024204

VERT 196
OFFSET -19.760332, -13.798350, 40.419662
BONES 3
BONE 73 0.222495
BONE 85 0.417814
BONE 95 0.359691

VERT 197
OFFSET -19.513277, -14.323945, 40.941761
BONES 3
BONE 73 0.259555
BONE 85 0.438958
BONE 95 0.301487

VERT 198
OFFSET -19.609045, -14.608296, 40.137939
BONES 2
BONE 85 0.496594
BONE 95 0.503406

VERT 199
OFFSET -18.598234, -13.756033, 39.635960
BONES 1
BONE 95 1.000000

VERT 200
OFFSET -18.246576, -14.224734, 40.020844
BONES 1
BONE 95 1.000000

VERT 201
OFFSET -20.733828, -13.077752, 40.646301
BONES 3
BONE 71 0.521639
BONE 83 0.453556
BONE 93 0.024804

VERT 202
OFFSET -19.963593, -12.580978, 40.251221
BONES 3
BONE 71 0.083838
BONE 83 0.448544
BONE 93 0.467618

VERT 203
OFFSET -19.812311, -13.155568, 40.637699
BONES 3
BONE 71 0.145358
BONE 83 0.440586
BONE 93 0.414056

VERT 204
OFFSET -19.932400, -13.259775, 39.887894
BONES 2
BONE 83 0.509517
BONE 93 0.490483

VERT 205
OFFSET -19.106155, -12.730343, 39.670937
BONES 1
BONE 93 1.000000

VERT 206
OFFSET -18.910122, -13.091293, 39.912277
BONES 1
BONE 93 1.000000

VERT 207
OFFSET -19.862938, -9.536858, 44.697422
BONES 3
BONE 40 0.046044
BONE 63 0.308747
BONE 65 0.645209

VERT 208
OFFSET -19.600845, -8.591660, 45.234589
BONES 3
BONE 40 0.211186
BONE 63 0.013766
BONE 65 0.775048

VERT 209
OFFSET -16.282835, -6.400487, 45.085224
BONES 2
BONE 40 0.778021
BONE 65 0.221979

VERT 210
OFFSET -16.027632, -7.319677, 46.913960
BONES 2
BONE 40 0.739006
BONE 65 0.260994

VERT 211
OFFSET -17.994843, -6.872531, 47.811245
BONES 2
BONE 40 0.752543
BONE 65 0.247457

VERT 212
OFFSET -18.156605, -5.319599, 44.504158
BONES 2
BONE 40 0.705599
BONE 65 0.294401

VERT 213
OFFSET -19.105541, -5.930152, 46.503994
BONES 2
BONE 40 0.724263
BONE 65 0.275737

VERT 214
OFFSET -14.786602, -3.327403, 46.210232
BONES 2
BONE 30 0.048967
BONE 40 0.951033

VERT 215
OFFSET -14.683478, -4.612766, 48.490616
BONES 2
BONE 30 0.052776
BONE 40 0.947224

VERT 216
OFFSET -17.133865, -4.149088, 49.723301
BONES 3
BONE 30 0.059325
BONE 40 0.932562
BONE 65 0.008113

VERT 217
OFFSET -17.097937, -2.108543, 45.709118
BONES 4
BONE 30 0.067668
BONE 38 0.067666
BONE 40 0.853823
BONE 65 0.010843

VERT 218
OFFSET -18.386019, -2.790183, 47.977726
BONES 4
BONE 30 0.058557
BONE 38 0.058546
BONE 40 0.860023
BONE 65 0.022874

VERT 219
OFFSET -14.011171, -1.588034, 47.227074
BONES 2
BONE 30 0.854863
BONE 40 0.145137

VERT 220
OFFSET -14.240277, -3.330135, 49.128216
BONES 2
BONE 30 0.476804
BONE 40 0.523196

VERT 221
OFFSET -15.708985, -2.451334, 50.825706
BONES 2
BONE 30 0.673485
BONE 40 0.326515

VERT 222
OFFSET -15.564594, -0.251371, 46.925884
BONES 3
BONE 30 0.286747
BONE 38 0.506102
BONE 40 0.207151

VERT 223
OFFSET -17.083229, -0.984960, 49.342239
BONES 3
BONE 30 0.392563
BONE 38 0.351659
BONE 40 0.255778

VERT 224
OFFSET -13.870870, -3.047662, 49.272564
BONES 2
BONE 30 0.746984
BONE 40 0.253016

VERT 225
OFFSET -15.149417, 0.275723, 47.395370
BONES 3
BONE 30 0.513177
BONE 38 0.390151
BONE 40 0.096673

VERT 226
OFFSET -16.626833, -0.640300, 49.871578
BONES 3
BONE 30 0.491392
BONE 38 0.300600
BONE 40 0.208008

VERT 227
OFFSET -16.912676, -0.063768, 47.860195
BONES 3
BONE 30 0.160063
BONE 38 0.653293
