// Export filename: `C:/cod5/cod/cod5/xanim_export/viewmodel/US/sw357/sw357_ADS_up.XANIM_EXPORT`
// Source filename: `C:/cod5/cod/cod5/animation_assets/viewmodel/US/sw357/viewmodelanimation_sw357.mb`
// Export time: Fri Aug 15 15:51:18 2008

ANIMATION
VERSION 3

NUMPARTS 2
PART 0 "tag_view"
PART 1 "tag_torso"

FRAMERATE 30
NUMFRAMES 14

FRAME 75
PART 0
OFFSET 0.0000 0.0000 0.0000
SCALE 1 1 1
X 1.0000 0.0000 0.0000
Y 0.0000 1.0000 0.0000
Z 0.0000 0.0000 1.0000

PART 1
OFFSET -1.9111 -0.4487 -1.8207
SCALE 1 1 1
X 1.0000 0.0000 0.0000
Y 0.0000 1.0000 0.0000
Z 0.0000 0.0000 1.0000


FRAME 76
PART 0
OFFSET 0.0000 0.0000 0.0000
SCALE 1 1 1
X 1.0000 0.0000 0.0000
Y 0.0000 1.0000 0.0000
Z 0.0000 0.0000 1.0000

PART 1
OFFSET -1.9425 -0.3988 -2.0485
SCALE 1 1 1
X 0.9999 -0.0018 0.0156
Y 0.0017 1.0000 0.0087
Z -0.0156 -0.0086 0.9998


FRAME 77
PART 0
OFFSET 0.0000 0.0000 0.0000
SCALE 1 1 1
X 1.0000 0.0000 0.0000
Y 0.0000 1.0000 0.0000
Z 0.0000 0.0000 1.0000

PART 1
OFFSET -2.0285 -0.2631 -2.5519
SCALE 1 1 1
X 0.9987 -0.0056 0.0499
Y 0.0042 0.9996 0.0278
Z -0.0500 -0.0276 0.9984


FRAME 78
PART 0
OFFSET 0.0000 0.0000 0.0000
SCALE 1 1 1
X 1.0000 0.0000 0.0000
Y 0.0000 1.0000 0.0000
Z 0.0000 0.0000 1.0000

PART 1
OFFSET -2.1574 -0.0623 -3.0614
SCALE 1 1 1
X 0.9964 -0.0089 0.0841
Y 0.0049 0.9989 0.0470
Z -0.0844 -0.0464 0.9953


FRAME 79
PART 0
OFFSET 0.0000 0.0000 0.0000
SCALE 1 1 1
X 1.0000 0.0000 0.0000
Y 0.0000 1.0000 0.0000
Z 0.0000 0.0000 1.0000

PART 1
OFFSET -2.3169 0.1824 -3.3071
SCALE 1 1 1
X 0.9950 -0.0094 0.0996
Y 0.0039 0.9984 0.0561
Z -0.1000 -0.0555 0.9934


FRAME 80
PART 0
OFFSET 0.0000 0.0000 0.0000
SCALE 1 1 1
X 1.0000 0.0000 0.0000
Y 0.0000 1.0000 0.0000
Z 0.0000 0.0000 1.0000

PART 1
OFFSET -2.5132 0.4808 -3.1981
SCALE 1 1 1
X 0.9953 -0.0052 0.0963
Y 0.0004 0.9987 0.0500
Z -0.0964 -0.0497 0.9941


FRAME 81
PART 0
OFFSET 0.0000 0.0000 0.0000
SCALE 1 1 1
X 1.0000 0.0000 0.0000
Y 0.0000 1.0000 0.0000
Z 0.0000 0.0000 1.0000

PART 1
OFFSET -2.7495 0.8388 -2.8846
SCALE 1 1 1
X 0.9961 0.0021 0.0879
Y -0.0051 0.9994 0.0348
Z -0.0878 -0.0351 0.9955


FRAME 82
PART 0
OFFSET 0.0000 0.0000 0.0000
SCALE 1 1 1
X 1.0000 0.0000 0.0000
Y 0.0000 1.0000 0.0000
Z 0.0000 0.0000 1.0000

PART 1
OFFSET -3.0100 1.2306 -2.4585
SCALE 1 1 1
X 0.9970 0.0092 0.0769
Y -0.0106 0.9998 0.0178
Z -0.0767 -0.0185 0.9969


FRAME 83
PART 0
OFFSET 0.0000 0.0000 0.0000
SCALE 1 1 1
X 1.0000 0.0000 0.0000
Y 0.0000 1.0000 0.0000
Z 0.0000 0.0000 1.0000

PART 1
OFFSET -3.2790 1.6300 -2.0117
SCALE 1 1 1
X 0.9978 0.0130 0.0658
Y -0.0135 0.9999 0.0063
Z -0.0657 -0.0072 0.9978


FRAME 84
PART 0
OFFSET 0.0000 0.0000 0.0000
SCALE 1 1 1
X 1.0000 0.0000 0.0000
Y 0.0000 1.0000 0.0000
Z 0.0000 0.0000 1.0000

PART 1
OFFSET -3.5550 2.0340 -1.5555
SCALE 1 1 1
X 0.9984 0.0128 0.0547
Y -0.0129 0.9999 0.0016
Z -0.0547 -0.0023 0.9985


FRAME 85
PART 0
OFFSET 0.0000 0.0000 0.0000
SCALE 1 1 1
X 1.0000 0.0000 0.0000
Y 0.0000 1.0000 0.0000
Z 0.0000 0.0000 1.0000

PART 1
OFFSET -3.8432 2.4527 -1.0533
SCALE 1 1 1
X 0.9990 0.0105 0.0428
Y -0.0104 0.9999 -0.0004
Z -0.0428 -0.0000 0.9991


FRAME 86
PART 0
OFFSET 0.0000 0.0000 0.0000
SCALE 1 1 1
X 1.0000 0.0000 0.0000
Y 0.0000 1.0000 0.0000
Z 0.0000 0.0000 1.0000

PART 1
OFFSET -4.1386 2.8797 -0.5248
SCALE 1 1 1
X 0.9995 0.0070 0.0304
Y -0.0070 1.0000 -0.0008
Z -0.0304 0.0006 0.9995


FRAME 87
PART 0
OFFSET 0.0000 0.0000 0.0000
SCALE 1 1 1
X 1.0000 0.0000 0.0000
Y 0.0000 1.0000 0.0000
Z 0.0000 0.0000 1.0000

PART 1
OFFSET -4.4356 3.3089 0.0103
SCALE 1 1 1
X 0.9998 0.0032 0.0179
Y -0.0032 1.0000 -0.0003
Z -0.0179 0.0003 0.9998


FRAME 88
PART 0
OFFSET 0.0000 0.0000 0.0000
SCALE 1 1 1
X 1.0000 0.0000 0.0000
Y 0.0000 1.0000 0.0000
Z 0.0000 0.0000 1.0000

PART 1
OFFSET -4.7292 3.7338 0.5322
SCALE 1 1 1
X 1.0000 0.0000 0.0056
Y -0.0000 1.0000 0.0000
Z -0.0056 -0.0000 1.0000


NOTETRACKS

PART 0
NUMTRACKS 0

PART 1
NUMTRACKS 0

