// Export filename: `C:/cod5/cod/cod5/xanim_export/viewmodel/US/sw357/sw357_ADS_fire.XANIM_EXPORT`
// Source filename: `C:/cod5/cod/cod5/animation_assets/viewmodel/US/sw357/viewmodelanimation_sw357.mb`
// Export time: Mon Aug 18 21:22:13 2008

ANIMATION
VERSION 3

NUMPARTS 84
PART 0 "J_Sleave_Reshape_Top_LE_1"
PART 1 "J_Sleave_Reshape_Top_LE_2"
PART 2 "J_Sleave_Reshape_Top_LE_3"
PART 3 "J_Wrist_LE"
PART 4 "J_WristTwist_LE"
PART 5 "J_Elbow_LE"
PART 6 "tag_torso"
PART 7 "J_Shoulder_LE"
PART 8 "RingPalm_FK_RI"
PART 9 "J_Sleave_Reshape_Bottom_LE_1"
PART 10 "RingPalm_SDK_RI"
PART 11 "J_Sleave_Reshape_Bottom_LE_2"
PART 12 "J_Thumb_LE_0"
PART 13 "J_Thumb_LE_1"
PART 14 "J_Thumb_LE_2"
PART 15 "J_Thumb_LE_3"
PART 16 "J_PinkyPalm_LE"
PART 17 "J_Pinky_LE_0"
PART 18 "J_Pinky_LE_1"
PART 19 "J_Pinky_LE_2"
PART 20 "J_Pinky_LE_3"
PART 21 "J_RingPalm_LE"
PART 22 "J_Ring_LE_0"
PART 23 "J_Ring_LE_1"
PART 24 "J_Ring_LE_2"
PART 25 "J_Ring_LE_3"
PART 26 "J_Webbing_LE"
PART 27 "J_Index_LE_0"
PART 28 "J_Index_LE_1"
PART 29 "J_Index_LE_2"
PART 30 "J_Index_LE_3"
PART 31 "J_Mid_LE_0"
PART 32 "J_Mid_LE_1"
PART 33 "J_Mid_LE_2"
PART 34 "J_Mid_LE_3"
PART 35 "tag_weapon"
PART 36 "J_Shoulder_RI"
PART 37 "J_Elbow_RI"
PART 38 "J_WristTwist_RI"
PART 39 "J_Sleave_Reshape_Top_RI_3"
PART 40 "J_Sleave_Reshape_Top_RI_2"
PART 41 "J_Sleave_Reshape_Top_RI_1"
PART 42 "J_Wrist_RI"
PART 43 "J_Thumb_RI_0"
PART 44 "J_Thumb_RI_1"
PART 45 "J_Thumb_RI_2"
PART 46 "J_Thumb_RI_3"
PART 47 "J_PinkyPalm_RI"
PART 48 "J_Pinky_RI_0"
PART 49 "J_Pinky_RI_1"
PART 50 "J_Pinky_RI_2"
PART 51 "J_Pinky_RI_3"
PART 52 "J_RingPalm_RI"
PART 53 "J_Ring_RI_0"
PART 54 "J_Ring_RI_1"
PART 55 "J_Ring_RI_2"
PART 56 "J_Ring_RI_3"
PART 57 "J_Webbing_RI"
PART 58 "J_Index_RI_0"
PART 59 "J_Index_RI_1"
PART 60 "J_Index_RI_2"
PART 61 "J_Index_RI_3"
PART 62 "J_Mid_RI_0"
PART 63 "J_Mid_RI_1"
PART 64 "J_Mid_RI_2"
PART 65 "J_Mid_RI_3"
PART 66 "tag_cambone"
PART 67 "tag_camera"
PART 68 "tag_gasmask"
PART 69 "RingPalm_SDK_LE"
PART 70 "RingPalm_FK_LE"
PART 71 "J_Gun"
PART 72 "J_Clip"
PART 73 "joint2"
PART 74 "J_Bolt"
PART 75 "tag_speedloader"
PART 76 "tag_spent0"
PART 77 "tag_spent1"
PART 78 "tag_spent2"
PART 79 "tag_spent3"
PART 80 "tag_spent4"
PART 81 "tag_spent5"
PART 82 "tag_bullets"
PART 83 "joint1"

FRAMERATE 30
NUMFRAMES 8

FRAME 110
PART 0
OFFSET -2.9433 12.6125 -18.6878
SCALE 1 1 1
X 0.4090 -0.1132 -0.9055
Y 0.5341 0.8342 0.1370
Z 0.7399 -0.5397 0.4016

PART 1
OFFSET -3.6118 11.4839 -18.7335
SCALE 1 1 1
X 0.4090 -0.1132 -0.9055
Y 0.5341 0.8342 0.1370
Z 0.7399 -0.5397 0.4016

PART 2
OFFSET -4.8226 11.3534 -18.8442
SCALE 1 1 1
X 0.4090 -0.1132 -0.9055
Y 0.5341 0.8342 0.1370
Z 0.7399 -0.5397 0.4016

PART 3
OFFSET -4.0671 12.5132 -20.4537
SCALE 1 1 1
X 0.7678 0.0611 -0.6378
Y 0.6145 -0.3519 0.7060
Z -0.1813 -0.9340 -0.3077

PART 4
OFFSET -5.3297 12.8773 -17.6839
SCALE 1 1 1
X 0.4118 -0.1187 -0.9035
Y 0.8350 -0.3478 0.4263
Z -0.3649 -0.9300 -0.0441

PART 5
OFFSET -8.8326 13.8873 -9.9994
SCALE 1 1 1
X 0.4118 -0.1187 -0.9035
Y 0.7297 -0.5509 0.4050
Z -0.5458 -0.8261 -0.1402

PART 6
OFFSET -1.9111 -0.4487 -1.8207
SCALE 1 1 1
X 1.0000 0.0000 0.0000
Y 0.0000 1.0000 0.0000
Z 0.0000 0.0000 1.0000

PART 7
OFFSET -0.7853 7.4886 -3.6306
SCALE 1 1 1
X -0.6654 0.5291 -0.5266
Y -0.2100 -0.8096 -0.5480
Z -0.7163 -0.2541 0.6499

PART 8
OFFSET 9.2787 -5.7134 -7.0969
SCALE 1 1 1
X -0.9535 0.0213 0.3006
Y 0.0225 -0.9897 0.1413
Z 0.3005 0.1414 0.9432

PART 9
OFFSET -4.8660 14.2170 -19.1943
SCALE 1 1 1
X 0.4090 -0.1132 -0.9055
Y 0.5341 0.8342 0.1370
Z 0.7399 -0.5397 0.4016

PART 10
OFFSET 9.2787 -5.7134 -7.0969
SCALE 1 1 1
X -0.9535 0.0213 0.3006
Y 0.0225 -0.9897 0.1413
Z 0.3005 0.1414 0.9432

PART 11
OFFSET -6.2268 12.8453 -19.2112
SCALE 1 1 1
X 0.4090 -0.1132 -0.9055
Y 0.5341 0.8342 0.1370
Z 0.7399 -0.5397 0.4016

PART 12
OFFSET -3.2031 11.8176 -20.1856
SCALE 1 1 1
X 0.7858 -0.5961 -0.1648
Y 0.2242 0.0263 0.9742
Z -0.5764 -0.8025 0.1543

PART 13
OFFSET -1.5171 10.4892 -20.4354
SCALE 1 1 1
X 0.6151 -0.2857 -0.7349
Y 0.5930 -0.4466 0.6700
Z -0.5195 -0.8479 -0.1053

PART 14
OFFSET -0.6176 9.9598 -21.6735
SCALE 1 1 1
X 0.1905 -0.1659 -0.9676
Y 0.8088 -0.5322 0.2505
Z -0.5565 -0.8302 0.0328

PART 15
OFFSET -0.4233 9.7333 -22.7140
SCALE 1 1 1
X 0.6647 0.3012 -0.6837
Y 0.0707 0.8857 0.4588
Z 0.7438 -0.3533 0.5674

PART 16
OFFSET -4.1121 12.7529 -21.8117
SCALE 1 1 1
X 0.2709 0.2109 -0.9392
Y -0.2491 -0.9271 -0.2800
Z -0.9298 0.3098 -0.1986

PART 17
OFFSET -3.3986 13.0679 -23.9274
SCALE 1 1 1
X 0.3591 -0.2141 -0.9084
Y -0.3617 -0.9292 0.0760
Z -0.8603 0.3013 -0.4111

PART 18
OFFSET -2.8901 12.7648 -25.2135
SCALE 1 1 1
X -0.0964 -0.8949 -0.4358
Y -0.5462 -0.3185 0.7747
Z -0.8321 0.3127 -0.4581

PART 19
OFFSET -2.9756 11.9714 -25.5999
SCALE 1 1 1
X -0.3951 -0.9005 0.1816
Y -0.3072 0.3159 0.8977
Z -0.8658 0.2989 -0.4014

PART 20
OFFSET -3.3509 11.1159 -25.4273
SCALE 1 1 1
X 0.6202 0.4473 -0.6444
Y -0.0871 0.8557 0.5101
Z 0.7796 -0.2602 0.5697

PART 21
OFFSET -3.5095 12.6629 -21.4398
SCALE 1 1 1
X 0.5408 0.1606 -0.8257
Y -0.2238 -0.9188 -0.3253
Z -0.8108 0.3607 -0.4609

PART 22
OFFSET -2.2214 13.1535 -23.6440
SCALE 1 1 1
X 0.3655 -0.3030 -0.8801
Y -0.4120 -0.9005 0.1390
Z -0.8347 0.3118 -0.4540

PART 23
OFFSET -1.5991 12.6376 -25.1423
SCALE 1 1 1
X -0.1538 -0.9279 -0.3396
Y -0.5496 -0.2053 0.8098
Z -0.8212 0.3112 -0.4784

PART 24
OFFSET -1.8123 11.3516 -25.6130
SCALE 1 1 1
X -0.4532 -0.8682 0.2021
Y -0.3497 0.3817 0.8556
Z -0.8200 0.3171 -0.4766

PART 25
OFFSET -2.3038 10.4100 -25.3938
SCALE 1 1 1
X 0.5307 0.5089 -0.6778
Y 0.0088 0.7963 0.6048
Z 0.8475 -0.3270 0.4182

PART 26
OFFSET -0.8218 11.6421 -21.4638
SCALE 1 1 1
X 0.5531 -0.1342 -0.8222
Y 0.4205 0.8970 0.1364
Z 0.7192 -0.4212 0.5526

PART 27
OFFSET -0.5446 12.8329 -22.2922
SCALE 1 1 1
X 0.5456 -0.5426 -0.6386
Y -0.6487 -0.7560 0.0881
Z -0.5306 0.3662 -0.7644

PART 28
OFFSET 0.4161 11.8776 -23.4166
SCALE 1 1 1
X 0.1883 -0.8100 -0.5554
Y -0.8469 -0.4203 0.3258
Z -0.4973 0.4090 -0.7651

PART 29
OFFSET 0.6752 10.8680 -24.0453
SCALE 1 1 1
X -0.0264 -0.9239 -0.3817
Y -0.8656 -0.1698 0.4710
Z -0.5000 0.3429 -0.7953

PART 30
OFFSET 0.6454 9.8245 -24.4764
SCALE 1 1 1
X 0.6494 0.5505 -0.5246
Y -0.1670 0.7763 0.6079
Z 0.7419 -0.3071 0.5961

PART 31
OFFSET -1.3257 13.0406 -23.0453
SCALE 1 1 1
X 0.4808 -0.4957 -0.7233
Y -0.5912 -0.7924 0.1500
Z -0.6475 0.3555 -0.6741

PART 32
OFFSET -0.3864 12.0723 -24.4583
SCALE 1 1 1
X -0.1556 -0.9220 -0.3544
Y -0.7203 -0.1396 0.6795
Z -0.6760 0.3610 -0.6424

PART 33
OFFSET -0.6137 10.7255 -24.9760
SCALE 1 1 1
X -0.5239 -0.8474 0.0858
Y -0.4729 0.3732 0.7982
Z -0.7084 0.3776 -0.5963

PART 34
OFFSET -1.2117 9.7682 -24.8836
SCALE 1 1 1
X 0.7491 0.3873 -0.5375
Y -0.0774 0.8569 0.5096
Z 0.6580 -0.3401 0.6719

PART 35
OFFSET 12.6976 -4.1841 -5.7962
SCALE 1 1 1
X 1.0000 0.0000 0.0000
Y 0.0000 1.0000 0.0000
Z 0.0000 0.0000 1.0000

PART 36
OFFSET -14.7030 -3.1330 -3.1208
SCALE 1 1 1
X -0.9456 0.2673 0.1855
Y -0.0464 -0.6751 0.7362
Z 0.3221 0.6876 0.6508

PART 37
OFFSET -3.2673 -6.3659 -5.3648
SCALE 1 1 1
X -0.9919 -0.0542 0.1148
Y 0.0259 -0.9716 -0.2352
Z 0.1243 -0.2303 0.9651

PART 38
OFFSET 5.1693 -5.9050 -6.3410
SCALE 1 1 1
X -0.9919 -0.0542 0.1148
Y -0.1077 -0.1193 -0.9870
Z 0.0672 -0.9914 0.1125

PART 39
OFFSET 6.3766 -5.0379 -8.0236
SCALE 1 1 1
X -0.9924 -0.0478 0.1135
Y -0.1218 0.2444 -0.9620
Z 0.0182 -0.9685 -0.2484

PART 40
OFFSET 6.8511 -4.4679 -6.9814
SCALE 1 1 1
X -0.9924 -0.0478 0.1135
Y -0.1218 0.2444 -0.9620
Z 0.0182 -0.9685 -0.2484

PART 41
OFFSET 7.2202 -5.1755 -4.9692
SCALE 1 1 1
X -0.9924 -0.0478 0.1135
Y -0.1218 0.2444 -0.9620
Z 0.0182 -0.9685 -0.2484

PART 42
OFFSET 8.2102 -5.7389 -6.6929
SCALE 1 1 1
X -1.0000 -0.0028 -0.0059
Y 0.0062 -0.0976 -0.9952
Z 0.0022 -0.9952 0.0976

PART 43
OFFSET 8.6532 -5.2349 -5.7699
SCALE 1 1 1
X -0.5972 -0.7701 -0.2243
Y 0.6229 -0.2691 -0.7346
Z 0.5054 -0.5784 0.6404

PART 44
OFFSET 9.8515 -3.5139 -5.2483
SCALE 1 1 1
X -0.9480 -0.3010 0.1035
Y 0.1714 -0.7565 -0.6311
Z 0.2683 -0.5806 0.7687

PART 45
OFFSET 11.3621 -3.0081 -5.5390
SCALE 1 1 1
X -0.6108 0.4068 0.6793
Y -0.6841 -0.7032 -0.1939
Z 0.3988 -0.5831 0.7078

PART 46
OFFSET 12.0160 -3.4094 -6.3027
SCALE 1 1 1
X -0.8480 0.5300 0.0068
Y 0.2545 0.4184 -0.8719
Z -0.4649 -0.7376 -0.4897

PART 47
OFFSET 9.0626 -5.6399 -7.7733
SCALE 1 1 1
X -0.8233 0.0106 0.5675
Y 0.0714 -0.9900 0.1221
Z 0.5631 0.1410 0.8143

PART 48
OFFSET 10.9857 -5.5218 -8.9447
SCALE 1 1 1
X -0.5930 -0.8049 0.0235
Y 0.7873 -0.5856 -0.1927
Z 0.1688 -0.0958 0.9810

PART 49
OFFSET 11.8253 -4.3823 -8.9778
SCALE 1 1 1
X 0.3269 -0.9323 -0.1550
Y 0.9375 0.3407 -0.0715
Z 0.1195 -0.1219 0.9853

PART 50
OFFSET 11.5354 -3.5557 -8.8405
SCALE 1 1 1
X 0.9434 -0.2669 -0.1968
Y 0.2793 0.9595 0.0376
Z 0.1788 -0.0905 0.9797

PART 51
OFFSET 10.6391 -3.3022 -8.6535
SCALE 1 1 1
X -0.9228 -0.3851 -0.0148
Y -0.3737 0.8847 0.2789
Z -0.0943 0.2628 -0.9602

PART 52
OFFSET 9.2787 -5.7134 -7.0969
SCALE 1 1 1
X -0.9535 0.0213 0.3006
Y 0.0225 -0.9897 0.1413
Z 0.3005 0.1414 0.9432

PART 53
OFFSET 11.7093 -5.8114 -8.0141
SCALE 1 1 1
X -0.2128 -0.9745 0.0711
Y 0.9508 -0.2233 -0.2149
Z 0.2253 0.0219 0.9740

PART 54
OFFSET 12.0716 -4.1523 -8.1352
SCALE 1 1 1
X 0.6969 -0.7008 -0.1524
Y 0.6853 0.7133 -0.1468
Z 0.2116 -0.0021 0.9774

PART 55
OFFSET 11.1058 -3.1810 -7.9240
SCALE 1 1 1
X 0.9678 0.1461 -0.2050
Y -0.1434 0.9893 0.0283
Z 0.2069 0.0020 0.9784

PART 56
OFFSET 10.0562 -3.3395 -7.7017
SCALE 1 1 1
X -0.7009 -0.6847 0.1999
Y -0.6809 0.7257 0.0986
Z -0.2126 -0.0670 -0.9748

PART 57
OFFSET 4.0444 -6.2016 -5.8237
SCALE 1 1 1
X -0.9414 -0.2605 0.2140
Y -0.2925 0.9469 -0.1339
Z -0.1678 -0.1887 -0.9676

PART 58
OFFSET 12.1029 -6.0242 -5.8830
SCALE 1 1 1
X -0.8979 -0.4139 0.1502
Y 0.4297 -0.8981 0.0941
Z 0.0959 0.1490 0.9842

PART 59
OFFSET 13.6837 -5.2955 -6.1474
SCALE 1 1 1
X -0.2910 -0.9327 0.2130
Y 0.9537 -0.3006 -0.0136
Z 0.0767 0.1992 0.9769

PART 60
OFFSET 14.0421 -4.1495 -6.3471
SCALE 1 1 1
X 0.2054 -0.9725 0.1097
Y 0.9758 0.1949 -0.0996
Z 0.0755 0.1275 0.9890

PART 61
OFFSET 13.8101 -3.0510 -6.4710
SCALE 1 1 1
X -0.9265 0.1766 0.3324
Y 0.0876 0.9601 -0.2657
Z -0.3660 -0.2170 -0.9049

PART 62
OFFSET 12.0025 -5.9518 -6.9808
SCALE 1 1 1
X -0.1229 -0.9917 0.0388
Y 0.9882 -0.1259 -0.0868
Z 0.0909 0.0277 0.9955

PART 63
OFFSET 12.2426 -4.0145 -7.0565
SCALE 1 1 1
X 0.7638 -0.6438 -0.0450
Y 0.6355 0.7624 -0.1218
Z 0.1127 0.0644 0.9915

PART 64
OFFSET 11.1270 -3.0741 -6.9909
SCALE 1 1 1
X 0.9646 0.2170 -0.1497
Y -0.2318 0.9686 -0.0899
Z 0.1255 0.1214 0.9846

PART 65
OFFSET 10.0334 -3.3200 -6.8283
SCALE 1 1 1
X -0.5996 -0.7928 0.1093
Y -0.7868 0.6090 0.1009
Z -0.1465 -0.0254 -0.9889

PART 66
OFFSET 0.0000 0.0000 0.0000
SCALE 1 1 1
X 1.0000 0.0000 0.0000
Y 0.0000 1.0000 0.0000
Z 0.0000 0.0000 1.0000

PART 67
OFFSET 0.0000 0.0000 0.0000
SCALE 1 1 1
X 1.0000 0.0000 0.0000
Y 0.0000 1.0000 0.0000
Z 0.0000 0.0000 1.0000

PART 68
OFFSET 0.0000 0.0000 0.0000
SCALE 1 1 1
X 1.0000 0.0000 0.0000
Y 0.0000 1.0000 0.0000
Z 0.0000 0.0000 1.0000

PART 69
OFFSET -3.5095 12.6629 -21.4398
SCALE 1 1 1
X 0.5408 0.1606 -0.8257
Y -0.2238 -0.9188 -0.3253
Z -0.8108 0.3607 -0.4609

PART 70
OFFSET -3.5095 12.6629 -21.4398
SCALE 1 1 1
X 0.5408 0.1606 -0.8257
Y -0.2238 -0.9188 -0.3253
Z -0.8108 0.3607 -0.4609

PART 71
OFFSET 12.6976 -4.1841 -5.7962
SCALE 1 1 1
X 1.0000 0.0000 0.0000
Y 0.0000 1.0000 0.0000
Z 0.0000 0.0000 1.0000

PART 72
OFFSET 11.3575 -4.1125 -7.0335
SCALE 1 1 1
X 1.0000 0.0000 0.0000
Y 0.0000 1.0000 0.0000
Z 0.0000 0.0000 1.0000

PART 73
OFFSET 15.9704 -4.0279 -5.5611
SCALE 1 1 1
X 1.0000 0.0000 0.0000
Y 0.0000 1.0000 0.0000
Z 0.0000 0.0000 1.0000

PART 74
OFFSET 14.1430 -4.1851 -4.2014
SCALE 1 1 1
X 0.9998 0.0000 0.0204
Y -0.0000 1.0000 0.0000
Z -0.0204 -0.0000 0.9998

PART 75
OFFSET -10.9396 -2.3030 -2.0591
SCALE 1 1 1
X 1.0000 0.0000 0.0000
Y 0.0000 1.0000 0.0000
Z 0.0000 0.0000 1.0000

PART 76
OFFSET 14.1268 -4.1911 -5.0074
SCALE 1 1 1
X 1.0000 0.0000 0.0000
Y 0.0000 1.0000 0.0000
Z 0.0000 0.0000 1.0000

PART 77
OFFSET 14.1268 -3.5140 -4.6133
SCALE 1 1 1
X 1.0000 0.0000 0.0000
Y 0.0000 1.0000 0.0000
Z 0.0000 0.0000 1.0000

PART 78
OFFSET 14.1268 -3.5084 -3.8251
SCALE 1 1 1
X 1.0000 0.0000 0.0000
Y 0.0000 1.0000 0.0000
Z 0.0000 0.0000 1.0000

PART 79
OFFSET 14.1268 -4.1856 -3.4421
SCALE 1 1 1
X 1.0000 0.0000 0.0000
Y 0.0000 1.0000 0.0000
Z 0.0000 0.0000 1.0000

PART 80
OFFSET 14.1268 -4.8683 -3.8306
SCALE 1 1 1
X 1.0000 0.0000 0.0000
Y 0.0000 1.0000 0.0000
Z 0.0000 0.0000 1.0000

PART 81
OFFSET 14.1268 -4.8628 -4.6077
SCALE 1 1 1
X 1.0000 0.0000 0.0000
Y 0.0000 1.0000 0.0000
Z 0.0000 0.0000 1.0000

PART 82
OFFSET -8.4665 -2.3181 -2.0641
SCALE 1 1 1
X 1.0000 0.0000 0.0000
Y 0.0000 1.0000 0.0000
Z 0.0000 0.0000 1.0000

PART 83
OFFSET 12.0752 -4.1764 -5.1979
SCALE 1 1 1
X 0.7580 0.0000 -0.6522
Y 0.0000 1.0000 0.0000
Z 0.6522 0.0000 0.7580


FRAME 111
PART 0
OFFSET -3.0882 12.6141 -18.6675
SCALE 1 1 1
X 0.3993 -0.1142 -0.9097
Y 0.5371 0.8333 0.1311
Z 0.7431 -0.5409 0.3941

PART 1
OFFSET -3.7613 11.4874 -18.7068
SCALE 1 1 1
X 0.3993 -0.1142 -0.9097
Y 0.5371 0.8333 0.1311
Z 0.7431 -0.5409 0.3941

PART 2
OFFSET -4.9732 11.3553 -18.8044
SCALE 1 1 1
X 0.3993 -0.1142 -0.9097
Y 0.5371 0.8333 0.1311
Z 0.7431 -0.5409 0.3941

PART 3
OFFSET -4.2325 12.5132 -20.4221
SCALE 1 1 1
X 0.7678 0.0611 -0.6378
Y 0.6145 -0.3519 0.7060
Z -0.1813 -0.9340 -0.3077

PART 4
OFFSET -5.4654 12.8805 -17.6394
SCALE 1 1 1
X 0.4022 -0.1198 -0.9077
Y 0.8400 -0.3462 0.4178
Z -0.3643 -0.9305 -0.0386

PART 5
OFFSET -8.8860 13.8994 -9.9190
SCALE 1 1 1
X 0.4022 -0.1198 -0.9077
Y 0.7329 -0.5521 0.3976
Z -0.5488 -0.8251 -0.1342

PART 6
OFFSET -1.9111 -0.4487 -1.8207
SCALE 1 1 1
X 1.0000 0.0000 0.0000
Y 0.0000 1.0000 0.0000
Z 0.0000 0.0000 1.0000

PART 7
OFFSET -0.7853 7.4886 -3.6306
SCALE 1 1 1
X -0.6698 0.5301 -0.5200
Y -0.2172 -0.8095 -0.5455
Z -0.7101 -0.2525 0.6573

PART 8
OFFSET 9.1134 -5.7134 -7.0653
SCALE 1 1 1
X -0.9535 0.0213 0.3006
Y 0.0225 -0.9897 0.1413
Z 0.3005 0.1414 0.9432

PART 9
OFFSET -5.0111 14.2228 -19.1537
SCALE 1 1 1
X 0.3993 -0.1142 -0.9097
Y 0.5371 0.8333 0.1311
Z 0.7431 -0.5409 0.3941

PART 10
OFFSET 9.1134 -5.7134 -7.0653
SCALE 1 1 1
X -0.9535 0.0213 0.3006
Y 0.0225 -0.9897 0.1413
Z 0.3005 0.1414 0.9432

PART 11
OFFSET -6.3785 12.8496 -19.1571
SCALE 1 1 1
X 0.3993 -0.1142 -0.9097
Y 0.5371 0.8333 0.1311
Z 0.7431 -0.5409 0.3941

PART 12
OFFSET -3.3685 11.8176 -20.1540
SCALE 1 1 1
X 0.7858 -0.5961 -0.1648
Y 0.2242 0.0263 0.9742
Z -0.5764 -0.8025 0.1543

PART 13
OFFSET -1.6825 10.4892 -20.4037
SCALE 1 1 1
X 0.6151 -0.2857 -0.7349
Y 0.5930 -0.4466 0.6700
Z -0.5195 -0.8479 -0.1053

PART 14
OFFSET -0.7830 9.9598 -21.6418
SCALE 1 1 1
X 0.1905 -0.1659 -0.9676
Y 0.8088 -0.5322 0.2505
Z -0.5565 -0.8302 0.0328

PART 15
OFFSET -0.5887 9.7333 -22.6824
SCALE 1 1 1
X 0.6647 0.3012 -0.6837
Y 0.0707 0.8857 0.4588
Z 0.7438 -0.3533 0.5674

PART 16
OFFSET -4.2775 12.7529 -21.7800
SCALE 1 1 1
X 0.2709 0.2109 -0.9392
Y -0.2491 -0.9271 -0.2800
Z -0.9298 0.3098 -0.1986

PART 17
OFFSET -3.5640 13.0679 -23.8957
SCALE 1 1 1
X 0.3591 -0.2141 -0.9084
Y -0.3617 -0.9292 0.0760
Z -0.8603 0.3013 -0.4111

PART 18
OFFSET -3.0555 12.7648 -25.1818
SCALE 1 1 1
X -0.0964 -0.8949 -0.4358
Y -0.5462 -0.3185 0.7747
Z -0.8321 0.3127 -0.4581

PART 19
OFFSET -3.1410 11.9714 -25.5682
SCALE 1 1 1
X -0.3951 -0.9005 0.1816
Y -0.3072 0.3159 0.8977
Z -0.8658 0.2989 -0.4014

PART 20
OFFSET -3.5163 11.1159 -25.3956
SCALE 1 1 1
X 0.6202 0.4473 -0.6444
Y -0.0871 0.8557 0.5101
Z 0.7796 -0.2602 0.5697

PART 21
OFFSET -3.6749 12.6629 -21.4081
SCALE 1 1 1
X 0.5408 0.1606 -0.8257
Y -0.2238 -0.9188 -0.3253
Z -0.8108 0.3607 -0.4609

PART 22
OFFSET -2.3868 13.1535 -23.6123
SCALE 1 1 1
X 0.3655 -0.3030 -0.8801
Y -0.4120 -0.9005 0.1390
Z -0.8347 0.3118 -0.4540

PART 23
OFFSET -1.7645 12.6376 -25.1107
SCALE 1 1 1
X -0.1538 -0.9279 -0.3396
Y -0.5496 -0.2053 0.8098
Z -0.8212 0.3112 -0.4784

PART 24
OFFSET -1.9776 11.3516 -25.5813
SCALE 1 1 1
X -0.4532 -0.8682 0.2021
Y -0.3497 0.3817 0.8556
Z -0.8200 0.3171 -0.4766

PART 25
OFFSET -2.4691 10.4100 -25.3622
SCALE 1 1 1
X 0.5307 0.5089 -0.6778
Y 0.0088 0.7963 0.6048
Z 0.8475 -0.3270 0.4182

PART 26
OFFSET -0.9871 11.6421 -21.4321
SCALE 1 1 1
X 0.5531 -0.1342 -0.8222
Y 0.4205 0.8970 0.1364
Z 0.7192 -0.4212 0.5526

PART 27
OFFSET -0.7100 12.8329 -22.2605
SCALE 1 1 1
X 0.5456 -0.5426 -0.6386
Y -0.6487 -0.7560 0.0881
Z -0.5306 0.3662 -0.7644

PART 28
OFFSET 0.2507 11.8776 -23.3849
SCALE 1 1 1
X 0.1883 -0.8100 -0.5554
Y -0.8469 -0.4203 0.3258
Z -0.4973 0.4090 -0.7651

PART 29
OFFSET 0.5098 10.8680 -24.0136
SCALE 1 1 1
X -0.0264 -0.9239 -0.3817
Y -0.8656 -0.1698 0.4710
Z -0.5000 0.3429 -0.7953

PART 30
OFFSET 0.4800 9.8245 -24.4448
SCALE 1 1 1
X 0.6494 0.5505 -0.5246
Y -0.1670 0.7763 0.6079
Z 0.7419 -0.3071 0.5961

PART 31
OFFSET -1.4911 13.0406 -23.0136
SCALE 1 1 1
X 0.4808 -0.4957 -0.7233
Y -0.5912 -0.7924 0.1500
Z -0.6475 0.3555 -0.6741

PART 32
OFFSET -0.5518 12.0723 -24.4266
SCALE 1 1 1
X -0.1556 -0.9220 -0.3544
Y -0.7203 -0.1396 0.6795
Z -0.6760 0.3610 -0.6424

PART 33
OFFSET -0.7791 10.7255 -24.9443
SCALE 1 1 1
X -0.5239 -0.8474 0.0858
Y -0.4729 0.3732 0.7982
Z -0.7084 0.3776 -0.5963

PART 34
OFFSET -1.3771 9.7682 -24.8519
SCALE 1 1 1
X 0.7491 0.3873 -0.5375
Y -0.0774 0.8569 0.5096
Z 0.6580 -0.3401 0.6719

PART 35
OFFSET 12.5323 -4.1841 -5.7645
SCALE 1 1 1
X 1.0000 0.0000 0.0000
Y 0.0000 1.0000 0.0000
Z 0.0000 0.0000 1.0000

PART 36
OFFSET -14.7030 -3.1330 -3.1208
SCALE 1 1 1
X -0.9335 0.3028 0.1920
Y -0.0650 -0.6695 0.7400
Z 0.3526 0.6783 0.6447

PART 37
OFFSET -3.4133 -6.7954 -5.4431
SCALE 1 1 1
X -0.9902 -0.0913 0.1053
Y 0.0639 -0.9688 -0.2393
Z 0.1238 -0.2303 0.9652

PART 38
OFFSET 5.0091 -6.0188 -6.3385
SCALE 1 1 1
X -0.9902 -0.0913 0.1053
Y -0.0940 -0.1196 -0.9884
Z 0.1028 -0.9886 0.1098

PART 39
OFFSET 6.1989 -5.0994 -8.0051
SCALE 1 1 1
X -0.9909 -0.0849 0.1040
Y -0.1219 0.2444 -0.9620
Z 0.0562 -0.9659 -0.2526

PART 40
OFFSET 6.6424 -4.5171 -6.9563
SCALE 1 1 1
X -0.9909 -0.0849 0.1040
Y -0.1219 0.2444 -0.9620
Z 0.0562 -0.9659 -0.2526

PART 41
OFFSET 7.0188 -5.2199 -4.9448
SCALE 1 1 1
X -0.9909 -0.0849 0.1040
Y -0.1219 0.2444 -0.9620
Z 0.0562 -0.9659 -0.2526

PART 42
OFFSET 8.0449 -5.7389 -6.6613
SCALE 1 1 1
X -1.0000 -0.0028 -0.0059
Y 0.0062 -0.0976 -0.9952
Z 0.0022 -0.9952 0.0976

PART 43
OFFSET 8.4878 -5.2349 -5.7383
SCALE 1 1 1
X -0.5972 -0.7701 -0.2243
Y 0.6229 -0.2691 -0.7346
Z 0.5054 -0.5784 0.6404

PART 44
OFFSET 9.6862 -3.5139 -5.2166
SCALE 1 1 1
X -0.9480 -0.3010 0.1035
Y 0.1714 -0.7565 -0.6311
Z 0.2683 -0.5806 0.7687

PART 45
OFFSET 11.1967 -3.0081 -5.5074
SCALE 1 1 1
X -0.6108 0.4068 0.6793
Y -0.6841 -0.7032 -0.1939
Z 0.3988 -0.5831 0.7078

PART 46
OFFSET 11.8506 -3.4094 -6.2710
SCALE 1 1 1
X -0.8480 0.5300 0.0068
Y 0.2545 0.4184 -0.8719
Z -0.4649 -0.7376 -0.4897

PART 47
OFFSET 8.8972 -5.6399 -7.7416
SCALE 1 1 1
X -0.8233 0.0106 0.5675
Y 0.0714 -0.9900 0.1221
Z 0.5631 0.1410 0.8143

PART 48
OFFSET 10.8204 -5.5218 -8.9130
SCALE 1 1 1
X -0.5930 -0.8049 0.0235
Y 0.7873 -0.5856 -0.1927
Z 0.1688 -0.0958 0.9810

PART 49
OFFSET 11.6599 -4.3823 -8.9462
SCALE 1 1 1
X 0.3269 -0.9323 -0.1550
Y 0.9375 0.3407 -0.0715
Z 0.1195 -0.1219 0.9853

PART 50
OFFSET 11.3700 -3.5557 -8.8088
SCALE 1 1 1
X 0.9434 -0.2669 -0.1968
Y 0.2793 0.9595 0.0376
Z 0.1788 -0.0905 0.9797

PART 51
OFFSET 10.4737 -3.3022 -8.6218
SCALE 1 1 1
X -0.9228 -0.3851 -0.0148
Y -0.3737 0.8847 0.2789
Z -0.0943 0.2628 -0.9602

PART 52
OFFSET 9.1134 -5.7134 -7.0653
SCALE 1 1 1
X -0.9535 0.0213 0.3006
Y 0.0225 -0.9897 0.1413
Z 0.3005 0.1414 0.9432

PART 53
OFFSET 11.5439 -5.8114 -7.9824
SCALE 1 1 1
X -0.2128 -0.9745 0.0711
Y 0.9508 -0.2233 -0.2149
Z 0.2253 0.0219 0.9740

PART 54
OFFSET 11.9062 -4.1523 -8.1035
SCALE 1 1 1
X 0.6969 -0.7008 -0.1524
Y 0.6853 0.7133 -0.1468
Z 0.2116 -0.0021 0.9774

PART 55
OFFSET 10.9404 -3.1810 -7.8924
SCALE 1 1 1
X 0.9678 0.1461 -0.2050
Y -0.1434 0.9893 0.0283
Z 0.2069 0.0020 0.9784

PART 56
OFFSET 9.8908 -3.3395 -7.6700
SCALE 1 1 1
X -0.7009 -0.6847 0.1999
Y -0.6809 0.7257 0.0986
Z -0.2126 -0.0670 -0.9748

PART 57
OFFSET 3.8790 -6.2016 -5.7921
SCALE 1 1 1
X -0.9414 -0.2605 0.2140
Y -0.2925 0.9469 -0.1339
Z -0.1678 -0.1887 -0.9676

PART 58
OFFSET 11.9375 -6.0242 -5.8513
SCALE 1 1 1
X -0.8979 -0.4139 0.1502
Y 0.4297 -0.8981 0.0941
Z 0.0959 0.1490 0.9842

PART 59
OFFSET 13.5183 -5.2955 -6.1157
SCALE 1 1 1
X -0.2910 -0.9327 0.2130
Y 0.9537 -0.3006 -0.0136
Z 0.0767 0.1992 0.9769

PART 60
OFFSET 13.8767 -4.1495 -6.3154
SCALE 1 1 1
X 0.3078 -0.9463 0.0985
Y 0.9484 0.2970 -0.1107
Z 0.0755 0.1275 0.9890

PART 61
OFFSET 13.5290 -3.0806 -6.4266
SCALE 1 1 1
X -0.9351 0.0758 0.3461
Y -0.0173 0.9659 -0.2584
Z -0.3538 -0.2477 -0.9019

PART 62
OFFSET 11.8371 -5.9518 -6.9491
SCALE 1 1 1
X -0.1229 -0.9917 0.0388
Y 0.9882 -0.1259 -0.0868
Z 0.0909 0.0277 0.9955

PART 63
OFFSET 12.0772 -4.0145 -7.0248
SCALE 1 1 1
X 0.7638 -0.6438 -0.0450
Y 0.6355 0.7624 -0.1218
Z 0.1127 0.0644 0.9915

PART 64
OFFSET 10.9616 -3.0741 -6.9592
SCALE 1 1 1
X 0.9646 0.2170 -0.1497
Y -0.2318 0.9686 -0.0899
Z 0.1255 0.1214 0.9846

PART 65
OFFSET 9.8680 -3.3200 -6.7967
SCALE 1 1 1
X -0.5996 -0.7928 0.1093
Y -0.7868 0.6090 0.1009
Z -0.1465 -0.0254 -0.9889

PART 66
OFFSET 0.0000 0.0000 0.0000
SCALE 1 1 1
X 1.0000 0.0000 0.0000
Y 0.0000 1.0000 0.0000
Z 0.0000 0.0000 1.0000

PART 67
OFFSET -0.1483 0.0000 0.0102
SCALE 1 1 1
X 1.0000 0.0004 -0.0064
Y -0.0004 1.0000 -0.0027
Z 0.0064 0.0027 1.0000

PART 68
OFFSET -0.0000 0.0000 0.0000
SCALE 1 1 1
X 1.0000 0.0004 -0.0064
Y -0.0004 1.0000 -0.0027
Z 0.0064 0.0027 1.0000

PART 69
OFFSET -3.6749 12.6629 -21.4081
SCALE 1 1 1
X 0.5408 0.1606 -0.8257
Y -0.2238 -0.9188 -0.3253
Z -0.8108 0.3607 -0.4609

PART 70
OFFSET -3.6749 12.6629 -21.4081
SCALE 1 1 1
X 0.5408 0.1606 -0.8257
Y -0.2238 -0.9188 -0.3253
Z -0.8108 0.3607 -0.4609

PART 71
OFFSET 12.5323 -4.1841 -5.7645
SCALE 1 1 1
X 1.0000 0.0000 0.0000
Y 0.0000 1.0000 0.0000
Z 0.0000 0.0000 1.0000

PART 72
OFFSET 11.1921 -4.1125 -7.0018
SCALE 1 1 1
X 1.0000 0.0000 0.0000
Y 0.0000 1.0000 0.0000
Z 0.0000 0.0000 1.0000

PART 73
OFFSET 15.8050 -4.0279 -5.5294
SCALE 1 1 1
X 1.0000 0.0000 0.0000
Y 0.0000 1.0000 0.0000
Z 0.0000 0.0000 1.0000

PART 74
OFFSET 13.9776 -4.1851 -4.1698
SCALE 1 1 1
X 0.9998 0.0000 0.0204
Y -0.0059 0.9569 0.2904
Z -0.0196 -0.2905 0.9567

PART 75
OFFSET -11.1138 -3.1553 -1.5952
SCALE 1 1 1
X 1.0000 0.0059 0.0009
Y -0.0059 0.9569 0.2904
Z 0.0009 -0.2904 0.9569

PART 76
OFFSET 13.9607 -3.9569 -4.9427
SCALE 1 1 1
X 1.0000 0.0059 0.0009
Y -0.0059 0.9569 0.2904
Z 0.0009 -0.2904 0.9569

PART 77
OFFSET 13.9571 -3.4234 -4.3690
SCALE 1 1 1
X 1.0000 0.0059 0.0009
Y -0.0059 0.9569 0.2904
Z 0.0009 -0.2904 0.9569

PART 78
OFFSET 13.9577 -3.6470 -3.6131
SCALE 1 1 1
X 1.0000 0.0059 0.0009
Y -0.0059 0.9569 0.2904
Z 0.0009 -0.2904 0.9569

PART 79
OFFSET 13.9621 -4.4062 -3.4433
SCALE 1 1 1
X 1.0000 0.0059 0.0009
Y -0.0059 0.9569 0.2904
Z 0.0009 -0.2904 0.9569

PART 80
OFFSET 13.9658 -4.9467 -4.0134
SCALE 1 1 1
X 1.0000 0.0059 0.0009
Y -0.0059 0.9569 0.2904
Z 0.0009 -0.2904 0.9569

PART 81
OFFSET 13.9651 -4.7157 -4.7554
SCALE 1 1 1
X 1.0000 0.0059 0.0009
Y -0.0059 0.9569 0.2904
Z 0.0009 -0.2904 0.9569

PART 82
OFFSET -8.6407 -3.1536 -1.6023
SCALE 1 1 1
X 1.0000 0.0059 0.0009
Y -0.0059 0.9569 0.2904
Z 0.0009 -0.2904 0.9569

PART 83
OFFSET 11.9098 -4.1764 -5.1662
SCALE 1 1 1
X 0.9209 0.0000 -0.3898
Y 0.0000 1.0000 0.0000
Z 0.3898 0.0000 0.9209


FRAME 112
PART 0
OFFSET 3.5816 12.5419 -23.3152
SCALE 1 1 1
X 0.4275 0.0476 -0.9027
Y 0.4648 0.8449 0.2647
Z 0.7754 -0.5327 0.3391

PART 1
OFFSET 2.9347 11.3967 -23.5664
SCALE 1 1 1
X 0.4275 0.0476 -0.9027
Y 0.4648 0.8449 0.2647
Z 0.7754 -0.5327 0.3391

PART 2
OFFSET 1.7565 11.0801 -23.7201
SCALE 1 1 1
X 0.4275 0.0476 -0.9027
Y 0.4648 0.8449 0.2647
Z 0.7754 -0.5327 0.3391

PART 3
OFFSET 2.4372 12.5101 -25.1335
SCALE 1 1 1
X 0.9474 0.0613 -0.3141
Y 0.3151 -0.3518 0.8814
Z -0.0565 -0.9340 -0.3527

PART 4
OFFSET 1.1165 12.3813 -22.3699
SCALE 1 1 1
X 0.4308 0.0420 -0.9015
Y 0.8786 -0.2478 0.4083
Z -0.2063 -0.9679 -0.1437

PART 5
OFFSET -2.5477 12.0238 -14.7026
SCALE 1 1 1
X 0.4308 0.0420 -0.9015
Y 0.7660 -0.5451 0.3407
Z -0.4771 -0.8373 -0.2670

PART 6
OFFSET -1.9111 -0.4487 -1.8207
SCALE 1 1 1
X 1.0000 0.0000 0.0000
Y 0.0000 1.0000 0.0000
Z 0.0000 0.0000 1.0000

PART 7
OFFSET -0.7853 7.4886 -3.6306
SCALE 1 1 1
X -0.1457 0.3750 -0.9155
Y 0.0313 -0.9232 -0.3831
Z -0.9888 -0.0845 0.1228

PART 8
OFFSET 9.5070 -5.6602 -7.7327
SCALE 1 1 1
X -0.9975 0.0210 -0.0676
Y -0.0303 -0.9897 0.1397
Z -0.0640 0.1414 0.9879

PART 9
OFFSET 1.6047 14.0738 -23.6066
SCALE 1 1 1
X 0.4275 0.0476 -0.9027
Y 0.4648 0.8449 0.2647
Z 0.7754 -0.5327 0.3391

PART 10
OFFSET 9.5070 -5.6602 -7.7327
SCALE 1 1 1
X -0.9975 0.0210 -0.0676
Y -0.0303 -0.9897 0.1397
Z -0.0640 0.1414 0.9879

PART 11
OFFSET 0.2432 12.4968 -23.9069
SCALE 1 1 1
X 0.4275 0.0476 -0.9027
Y 0.4648 0.8449 0.2647
Z 0.7754 -0.5327 0.3391

PART 12
OFFSET 3.1443 11.8147 -24.5690
SCALE 1 1 1
X 0.7920 -0.5959 0.1329
Y -0.1462 0.0262 0.9889
Z -0.5928 -0.8026 -0.0664

PART 13
OFFSET 4.8057 10.4868 -24.1871
SCALE 1 1 1
X 0.8407 -0.2854 -0.4601
Y 0.3082 -0.4465 0.8400
Z -0.4452 -0.8480 -0.2874

PART 14
OFFSET 6.0947 9.9577 -25.0123
SCALE 1 1 1
X 0.5300 -0.1658 -0.8316
Y 0.6620 -0.5320 0.5280
Z -0.5299 -0.8304 -0.1722

PART 15
OFFSET 6.6549 9.7313 -25.9105
SCALE 1 1 1
X 0.8681 0.3014 -0.3944
Y -0.1016 0.8857 0.4531
Z 0.4859 -0.3532 0.7995

PART 16
OFFSET 2.8902 12.7500 -26.4145
SCALE 1 1 1
X 0.5945 0.2110 -0.7759
Y -0.1297 -0.9272 -0.3515
Z -0.7936 0.3096 -0.5238

PART 17
OFFSET 4.3256 13.0654 -28.1246
SCALE 1 1 1
X 0.6655 -0.2139 -0.7150
Y -0.3643 -0.9293 -0.0611
Z -0.6514 0.3011 -0.6964

PART 18
OFFSET 5.2679 12.7625 -29.1370
SCALE 1 1 1
X 0.0693 -0.8948 -0.4410
Y -0.7909 -0.3187 0.5224
Z -0.6080 0.3126 -0.7298

PART 19
OFFSET 5.3293 11.9692 -29.5280
SCALE 1 1 1
X -0.4339 -0.9006 0.0251
Y -0.6133 0.3157 0.7240
Z -0.6600 0.2987 -0.6894

PART 20
OFFSET 4.9171 11.1135 -29.5041
SCALE 1 1 1
X 0.8123 0.4475 -0.3740
Y -0.2672 0.8556 0.4433
Z 0.5184 -0.2601 0.8146

PART 21
OFFSET 3.3158 12.6601 -25.8485
SCALE 1 1 1
X 0.8045 0.1608 -0.5718
Y -0.0896 -0.9188 -0.3845
Z -0.5872 0.3606 -0.7247

PART 22
OFFSET 5.3185 13.1512 -27.4317
SCALE 1 1 1
X 0.6612 -0.3028 -0.6864
Y -0.4340 -0.9007 -0.0208
Z -0.6119 0.3116 -0.7270

PART 23
OFFSET 6.4442 12.6357 -28.6002
SCALE 1 1 1
X -0.0192 -0.9279 -0.3723
Y -0.8069 -0.2055 0.5538
Z -0.5904 0.3111 -0.7447

PART 24
OFFSET 6.4176 11.3496 -29.1162
SCALE 1 1 1
X -0.4954 -0.8683 0.0230
Y -0.6376 0.3815 0.6693
Z -0.5900 0.3169 -0.7426

PART 25
OFFSET 5.8803 10.4079 -29.0913
SCALE 1 1 1
X 0.7411 0.5091 -0.4377
Y -0.2124 0.7962 0.5664
Z 0.6369 -0.3268 0.6983

PART 26
OFFSET 5.8277 11.6399 -24.8914
SCALE 1 1 1
X 0.8148 -0.1340 -0.5641
Y 0.3416 0.8971 0.2803
Z 0.4685 -0.4211 0.7767

PART 27
OFFSET 6.3874 12.8309 -25.5617
SCALE 1 1 1
X 0.7410 -0.5424 -0.3959
Y -0.6360 -0.7561 -0.1544
Z -0.2156 0.3662 -0.9052

PART 28
OFFSET 7.6921 11.8759 -26.2588
SCALE 1 1 1
X 0.3780 -0.8099 -0.4485
Y -0.9073 -0.4205 -0.0053
Z -0.1843 0.4090 -0.8937

PART 29
OFFSET 8.1627 10.8665 -26.7498
SCALE 1 1 1
X 0.1148 -0.9239 -0.3651
Y -0.9777 -0.1701 0.1231
Z -0.1758 0.3429 -0.9228

PART 30
OFFSET 8.2924 9.8229 -27.1622
SCALE 1 1 1
X 0.7958 0.5507 -0.2518
Y -0.3773 0.7762 0.5052
Z 0.4737 -0.3070 0.8254

PART 31
OFFSET 5.9345 13.0385 -26.5477
SCALE 1 1 1
X 0.7115 -0.4955 -0.4983
Y -0.6050 -0.7926 -0.0758
Z -0.3574 0.3554 -0.8637

PART 32
OFFSET 7.3244 12.0706 -27.5212
SCALE 1 1 1
X -0.0155 -0.9220 -0.3868
Y -0.9184 -0.1399 0.3702
Z -0.3954 0.3609 -0.8446

PART 33
OFFSET 7.3017 10.7238 -28.0862
SCALE 1 1 1
X -0.5189 -0.8476 -0.1110
Y -0.7314 0.3730 0.5709
Z -0.4425 0.3775 -0.8135

PART 34
OFFSET 6.7114 9.7663 -28.2181
SCALE 1 1 1
X 0.8933 0.3875 -0.2275
Y -0.2581 0.8569 0.4463
Z 0.3679 -0.3400 0.8655

PART 35
OFFSET 12.7113 -4.1851 -5.3746
SCALE 1 1 1
X 0.9312 0.0002 0.3645
Y -0.0003 1.0000 0.0000
Z -0.3645 -0.0001 0.9312

PART 36
OFFSET -14.7030 -3.1330 -3.1208
SCALE 1 1 1
X -0.9748 0.1079 0.1954
Y 0.0660 -0.6970 0.7141
Z 0.2132 0.7089 0.6723

PART 37
OFFSET -2.9143 -4.4377 -5.4844
SCALE 1 1 1
X -0.9748 0.1079 0.1954
Y -0.1498 -0.9652 -0.2144
Z 0.1655 -0.2383 0.9570

PART 38
OFFSET 5.3765 -5.3553 -7.1467
SCALE 1 1 1
X -0.9748 0.1079 0.1954
Y -0.2066 -0.1044 -0.9728
Z -0.0845 -0.9887 0.1241

PART 39
OFFSET 6.5623 -4.7114 -8.9436
SCALE 1 1 1
X -0.9743 0.1143 0.1941
Y -0.1606 0.2518 -0.9544
Z -0.1580 -0.9610 -0.2270

PART 40
OFFSET 7.2071 -4.2169 -7.9550
SCALE 1 1 1
X -0.9743 0.1143 0.1941
Y -0.1606 0.2518 -0.9544
Z -0.1580 -0.9610 -0.2270

PART 41
OFFSET 7.6247 -4.9576 -5.9586
SCALE 1 1 1
X -0.9743 0.1143 0.1941
Y -0.1606 0.2518 -0.9544
Z -0.1580 -0.9610 -0.2270

PART 42
OFFSET 8.3648 -5.6860 -7.7459
SCALE 1 1 1
X -0.9290 -0.0031 -0.3700
Y 0.3685 -0.0974 -0.9245
Z -0.0332 -0.9952 0.0917

PART 43
OFFSET 8.4408 -5.1820 -6.7250
SCALE 1 1 1
X -0.4742 -0.7702 -0.4265
Y 0.8478 -0.2688 -0.4570
Z 0.2374 -0.5783 0.7805

PART 44
OFFSET 9.3662 -3.4608 -5.8024
SCALE 1 1 1
X -0.9204 -0.3013 -0.2492
Y 0.3898 -0.7564 -0.5253
Z -0.0302 -0.5806 0.8136

PART 45
OFFSET 10.8786 -2.9546 -5.5226
SCALE 1 1 1
X -0.8164 0.4066 0.4100
Y -0.5661 -0.7033 -0.4299
Z 0.1135 -0.5831 0.8044

PART 46
OFFSET 11.7660 -3.3556 -5.9955
SCALE 1 1 1
X -0.7923 0.5298 -0.3027
Y 0.5546 0.4186 -0.7191
Z -0.2543 -0.7376 -0.6255

PART 47
OFFSET 9.5522 -5.5866 -8.4413
SCALE 1 1 1
X -0.9735 0.0104 0.2284
Y 0.0222 -0.9900 0.1397
Z 0.2275 0.1410 0.9635

PART 48
OFFSET 11.7700 -5.4680 -8.8312
SCALE 1 1 1
X -0.5605 -0.8050 -0.1943
Y 0.8036 -0.5854 0.1075
Z -0.2003 -0.0959 0.9750

PART 49
OFFSET 12.5636 -4.3283 -8.5561
SCALE 1 1 1
X 0.3612 -0.9322 -0.0252
Y 0.8990 0.3409 0.2750
Z -0.2478 -0.1220 0.9611

PART 50
OFFSET 12.2433 -3.5018 -8.5338
SCALE 1 1 1
X 0.9503 -0.2666 0.1605
Y 0.2461 0.9595 0.1369
Z -0.1905 -0.0905 0.9775

PART 51
OFFSET 11.3405 -3.2485 -8.6864
SCALE 1 1 1
X -0.8538 -0.3853 -0.3501
Y -0.4498 0.8845 0.1235
Z 0.2620 0.2629 -0.9285

PART 52
OFFSET 9.5070 -5.6602 -7.7327
SCALE 1 1 1
X -0.9975 0.0210 -0.0676
Y -0.0303 -0.9897 0.1397
Z -0.0640 0.1414 0.9879

PART 53
OFFSET 12.1047 -5.7575 -7.7010
SCALE 1 1 1
X -0.2238 -0.9746 -0.0113
Y 0.9638 -0.2230 0.1464
Z -0.1452 0.0218 0.9892

PART 54
OFFSET 12.4858 -4.0983 -7.6817
SCALE 1 1 1
X 0.7046 -0.7007 0.1121
Y 0.6915 0.7135 0.1131
Z -0.1592 -0.0022 0.9872

PART 55
OFFSET 11.5092 -3.1273 -7.8370
SCALE 1 1 1
X 0.9759 0.1464 0.1618
Y -0.1441 0.9892 -0.0258
Z -0.1639 0.0019 0.9865

PART 56
OFFSET 10.4508 -3.2860 -8.0125
SCALE 1 1 1
X -0.7253 -0.6849 -0.0693
Y -0.6702 0.7256 -0.1563
Z 0.1573 -0.0669 -0.9853

PART 57
OFFSET 4.1688 -6.1498 -8.4548
SCALE 1 1 1
X -0.9546 -0.2608 -0.1438
Y -0.2238 0.9468 -0.2313
Z 0.1965 -0.1886 -0.9622

PART 58
OFFSET 11.6946 -5.9704 -5.5730
SCALE 1 1 1
X -0.8907 -0.4141 -0.1874
Y 0.3661 -0.8980 0.2442
Z -0.2694 0.1489 0.9514

PART 59
OFFSET 13.2629 -5.2414 -5.2431
SCALE 1 1 1
X -0.3484 -0.9328 0.0923
Y 0.8931 -0.3004 0.3349
Z -0.2847 0.1991 0.9377

PART 60
OFFSET 13.6691 -4.0953 -5.2984
SCALE 1 1 1
X 0.3476 -0.9094 0.2285
Y 0.8916 0.3960 0.2195
Z -0.2901 0.1274 0.9485

PART 61
OFFSET 13.2764 -3.0681 -5.5565
SCALE 1 1 1
X -0.9997 -0.0256 -0.0058
Y -0.0230 0.9606 -0.2771
Z 0.0127 -0.2769 -0.9608

PART 62
OFFSET 12.0012 -5.8980 -6.6319
SCALE 1 1 1
X -0.1283 -0.9917 -0.0087
Y 0.9519 -0.1256 0.2794
Z -0.2781 0.0276 0.9601

PART 63
OFFSET 12.2519 -3.9606 -6.6149
SCALE 1 1 1
X 0.7278 -0.6437 0.2365
Y 0.6360 0.7626 0.1182
Z -0.2564 0.0644 0.9644

PART 64
OFFSET 11.1888 -3.0204 -6.9603
SCALE 1 1 1
X 0.9528 0.2172 0.2122
Y -0.1834 0.9686 -0.1682
Z -0.2420 0.1213 0.9627

PART 65
OFFSET 10.1113 -3.2667 -7.2075
SCALE 1 1 1
X -0.5980 -0.7929 -0.1168
Y -0.7696 0.6088 -0.1927
Z 0.2239 -0.0254 -0.9743

PART 66
OFFSET 0.0000 0.0000 0.0000
SCALE 1 1 1
X 1.0000 0.0000 0.0000
Y 0.0000 1.0000 0.0000
Z 0.0000 0.0000 1.0000

PART 67
OFFSET -0.3280 0.0000 0.0000
SCALE 1 1 1
X 0.9999 0.0007 -0.0117
Y -0.0008 1.0000 -0.0047
Z 0.0117 0.0047 0.9999

PART 68
OFFSET 0.0000 -0.0000 -0.0000
SCALE 1 1 1
X 0.9999 0.0007 -0.0117
Y -0.0008 1.0000 -0.0047
Z 0.0117 0.0047 0.9999

PART 69
OFFSET 3.3158 12.6601 -25.8485
SCALE 1 1 1
X 0.8045 0.1608 -0.5718
Y -0.0896 -0.9188 -0.3845
Z -0.5872 0.3606 -0.7247

PART 70
OFFSET 3.3158 12.6601 -25.8485
SCALE 1 1 1
X 0.8045 0.1608 -0.5718
Y -0.0896 -0.9188 -0.3845
Z -0.5872 0.3606 -0.7247

PART 71
OFFSET 12.7113 -4.1851 -5.3746
SCALE 1 1 1
X 0.9312 0.0002 0.3645
Y -0.0003 1.0000 0.0000
Z -0.3645 -0.0001 0.9312

PART 72
OFFSET 11.9143 -4.1136 -7.0152
SCALE 1 1 1
X 0.9312 0.0002 0.3645
Y -0.0003 1.0000 0.0000
Z -0.3645 -0.0001 0.9312

PART 73
OFFSET 15.6732 -4.0281 -3.9629
SCALE 1 1 1
X 0.9312 0.0002 0.3645
Y -0.0003 1.0000 0.0000
Z -0.3645 -0.0001 0.9312

PART 74
OFFSET 13.4760 -4.1859 -3.3628
SCALE 1 1 1
X 0.9236 0.0002 0.3834
Y -0.2134 0.8312 0.5135
Z -0.3186 -0.5560 0.7677

PART 75
OFFSET -10.8916 -4.1034 -9.9566
SCALE 1 1 1
X 0.9299 0.0116 0.3676
Y -0.2134 0.8312 0.5135
Z -0.2996 -0.5559 0.7754

PART 76
OFFSET 13.7038 -3.7431 -3.9968
SCALE 1 1 1
X 0.9299 0.0116 0.3676
Y -0.2134 0.8312 0.5135
Z -0.2996 -0.5559 0.7754

PART 77
OFFSET 13.4412 -3.3993 -3.3435
SCALE 1 1 1
X 0.9299 0.0116 0.3676
Y -0.2134 0.8312 0.5135
Z -0.2996 -0.5559 0.7754

PART 78
OFFSET 13.2039 -3.8329 -2.7295
SCALE 1 1 1
X 0.9299 0.0116 0.3676
Y -0.2134 0.8312 0.5135
Z -0.2996 -0.5559 0.7754

PART 79
OFFSET 13.2336 -4.6086 -2.7802
SCALE 1 1 1
X 0.9299 0.0116 0.3676
Y -0.2134 0.8312 0.5135
Z -0.2996 -0.5559 0.7754

PART 80
OFFSET 13.4957 -4.9601 -3.4321
SCALE 1 1 1
X 0.9299 0.0116 0.3676
Y -0.2134 0.8312 0.5135
Z -0.2996 -0.5559 0.7754

PART 81
OFFSET 13.7273 -4.5235 -4.0318
SCALE 1 1 1
X 0.9299 0.0116 0.3676
Y -0.2134 0.8312 0.5135
Z -0.2996 -0.5559 0.7754

PART 82
OFFSET -8.5871 -4.0844 -9.0590
SCALE 1 1 1
X 0.9299 0.0116 0.3676
Y -0.2134 0.8312 0.5135
Z -0.2996 -0.5559 0.7754

PART 83
OFFSET 11.9136 -4.1775 -5.0443
SCALE 1 1 1
X 0.9639 0.0002 0.2662
Y -0.0003 1.0000 0.0000
Z -0.2662 -0.0001 0.9639


FRAME 113
PART 0
OFFSET 3.5885 12.5427 -23.3571
SCALE 1 1 1
X 0.4235 0.0497 -0.9045
Y 0.4651 0.8449 0.2642
Z 0.7774 -0.5326 0.3347

PART 1
OFFSET 2.9381 11.3976 -23.6092
SCALE 1 1 1
X 0.4235 0.0497 -0.9045
Y 0.4651 0.8449 0.2642
Z 0.7774 -0.5326 0.3347

PART 2
OFFSET 1.7604 11.0749 -23.7581
SCALE 1 1 1
X 0.4235 0.0497 -0.9045
Y 0.4651 0.8449 0.2642
Z 0.7774 -0.5326 0.3347

PART 3
OFFSET 2.4334 12.5083 -25.1719
SCALE 1 1 1
X 0.9508 0.0615 -0.3038
Y 0.3055 -0.3518 0.8848
Z -0.0525 -0.9341 -0.3533

PART 4
OFFSET 1.1251 12.3730 -22.4027
SCALE 1 1 1
X 0.4268 0.0441 -0.9033
Y 0.8816 -0.2432 0.4046
Z -0.2018 -0.9690 -0.1427

PART 5
OFFSET -2.5048 11.9979 -14.7199
SCALE 1 1 1
X 0.4268 0.0441 -0.9033
Y 0.7681 -0.5450 0.3363
Z -0.4774 -0.8373 -0.2665

PART 6
OFFSET -1.9111 -0.4487 -1.8207
SCALE 1 1 1
X 1.0000 0.0000 0.0000
Y 0.0000 1.0000 0.0000
Z 0.0000 0.0000 1.0000

PART 7
OFFSET -0.7853 7.4886 -3.6306
SCALE 1 1 1
X -0.1422 0.3729 -0.9169
Y 0.0312 -0.9242 -0.3807
Z -0.9893 -0.0828 0.1197

PART 8
OFFSET 9.5031 -5.6814 -7.7270
SCALE 1 1 1
X -0.9967 0.0209 -0.0785
Y -0.0317 -0.9897 0.1394
Z -0.0748 0.1414 0.9871

PART 9
OFFSET 1.6118 14.0742 -23.6354
SCALE 1 1 1
X 0.4235 0.0497 -0.9045
Y 0.4651 0.8449 0.2642
Z 0.7774 -0.5326 0.3347

PART 10
OFFSET 9.5031 -5.6814 -7.7270
SCALE 1 1 1
X -0.9967 0.0209 -0.0785
Y -0.0317 -0.9897 0.1394
Z -0.0748 0.1414 0.9871

PART 11
OFFSET 0.2449 12.4905 -23.9356
SCALE 1 1 1
X 0.4235 0.0497 -0.9045
Y 0.4651 0.8449 0.2642
Z 0.7774 -0.5326 0.3347

PART 12
OFFSET 3.1344 11.8129 -24.5997
SCALE 1 1 1
X 0.7906 -0.5958 0.1416
Y -0.1570 0.0262 0.9872
Z -0.5919 -0.8027 -0.0728

PART 13
OFFSET 4.7918 10.4852 -24.1997
SCALE 1 1 1
X 0.8457 -0.2853 -0.4509
Y 0.2991 -0.4465 0.8433
Z -0.4419 -0.8481 -0.2923

PART 14
OFFSET 6.0898 9.9563 -25.0108
SCALE 1 1 1
X 0.5391 -0.1657 -0.8258
Y 0.6563 -0.5319 0.5352
Z -0.5279 -0.8304 -0.1780

PART 15
OFFSET 6.6598 9.7301 -25.9028
SCALE 1 1 1
X 0.8723 0.3015 -0.3849
Y -0.1067 0.8856 0.4519
Z 0.4772 -0.3531 0.8047

PART 16
OFFSET 2.9003 12.7482 -26.4478
SCALE 1 1 1
X 0.6029 0.2111 -0.7694
Y -0.1257 -0.9272 -0.3529
Z -0.7879 0.3095 -0.5325

PART 17
OFFSET 4.3543 13.0638 -28.1422
SCALE 1 1 1
X 0.6733 -0.2138 -0.7077
Y -0.3635 -0.9293 -0.0651
Z -0.6438 0.3011 -0.7035

PART 18
OFFSET 5.3076 12.7611 -29.1442
SCALE 1 1 1
X 0.0742 -0.8948 -0.4402
Y -0.7965 -0.3188 0.5137
Z -0.6000 0.3125 -0.7364

PART 19
OFFSET 5.3734 11.9678 -29.5345
SCALE 1 1 1
X -0.4340 -0.9007 0.0204
Y -0.6212 0.3156 0.7173
Z -0.6525 0.2986 -0.6965

PART 20
OFFSET 4.9611 11.1121 -29.5151
SCALE 1 1 1
X 0.8163 0.4476 -0.3651
Y -0.2722 0.8556 0.4403
Z 0.5095 -0.2601 0.8202

PART 21
OFFSET 3.3197 12.6583 -25.8773
SCALE 1 1 1
X 0.8107 0.1609 -0.5630
Y -0.0853 -0.9188 -0.3855
Z -0.5793 0.3605 -0.7311

PART 22
OFFSET 5.3395 13.1498 -27.4384
SCALE 1 1 1
X 0.6687 -0.3027 -0.6791
Y -0.4337 -0.9007 -0.0255
Z -0.6040 0.3116 -0.7336

PART 23
OFFSET 6.4780 12.6344 -28.5946
SCALE 1 1 1
X -0.0150 -0.9279 -0.3725
Y -0.8128 -0.2057 0.5450
Z -0.5823 0.3110 -0.7511

PART 24
OFFSET 6.4572 11.3484 -29.1109
SCALE 1 1 1
X -0.4955 -0.8684 0.0176
Y -0.6449 0.3814 0.6623
Z -0.5819 0.3169 -0.7490

PART 25
OFFSET 5.9198 10.4066 -29.0919
SCALE 1 1 1
X 0.7458 0.5092 -0.4296
Y -0.2187 0.7962 0.5641
Z 0.6293 -0.3267 0.7052

PART 26
OFFSET 5.8212 11.6385 -24.8928
SCALE 1 1 1
X 0.8209 -0.1338 -0.5552
Y 0.3384 0.8971 0.2840
Z 0.4601 -0.4210 0.7817

PART 27
OFFSET 6.3880 12.8296 -25.5570
SCALE 1 1 1
X 0.7454 -0.5423 -0.3878
Y -0.6341 -0.7562 -0.1613
Z -0.2058 0.3662 -0.9075

PART 28
OFFSET 7.7003 11.8748 -26.2397
SCALE 1 1 1
X 0.3830 -0.8098 -0.4444
Y -0.9071 -0.4206 -0.0152
Z -0.1746 0.4089 -0.8957

PART 29
OFFSET 8.1765 10.8655 -26.7256
SCALE 1 1 1
X 0.1189 -0.9238 -0.3639
Y -0.9790 -0.1702 0.1124
Z -0.1658 0.3428 -0.9246

PART 30
OFFSET 8.3108 9.8220 -27.1366
SCALE 1 1 1
X 0.7984 0.5509 -0.2431
Y -0.3829 0.7761 0.5011
Z 0.4647 -0.3070 0.8306

PART 31
OFFSET 5.9458 13.0371 -26.5479
SCALE 1 1 1
X 0.7169 -0.4953 -0.4905
Y -0.6041 -0.7927 -0.0824
Z -0.3480 0.3554 -0.8675

PART 32
OFFSET 7.3464 12.0695 -27.5061
SCALE 1 1 1
X -0.0111 -0.9220 -0.3869
Y -0.9223 -0.1400 0.3602
Z -0.3863 0.3609 -0.8489

PART 33
OFFSET 7.3302 10.7227 -28.0713
SCALE 1 1 1
X -0.5176 -0.8477 -0.1167
Y -0.7376 0.3729 0.5629
Z -0.4336 0.3774 -0.8182

PART 34
OFFSET 6.7414 9.7651 -28.2097
SCALE 1 1 1
X 0.8957 0.3877 -0.2177
Y -0.2630 0.8568 0.4435
Z 0.3585 -0.3400 0.8694

PART 35
OFFSET 12.4939 -4.1856 -5.3022
SCALE 1 1 1
X 0.9272 0.0004 0.3746
Y -0.0004 1.0000 0.0000
Z -0.3746 -0.0002 0.9272

PART 36
OFFSET -14.7030 -3.1330 -3.1208
SCALE 1 1 1
X -0.9746 0.1088 0.1957
Y 0.0656 -0.6969 0.7141
Z 0.2141 0.7088 0.6721

PART 37
OFFSET -2.9162 -4.4486 -5.4879
SCALE 1 1 1
X -0.9746 0.1088 0.1957
Y -0.1507 -0.9651 -0.2142
Z 0.1656 -0.2383 0.9570

PART 38
OFFSET 5.3732 -5.3739 -7.1526
SCALE 1 1 1
X -0.9746 0.1088 0.1957
Y -0.2070 -0.1038 -0.9728
Z -0.0855 -0.9886 0.1237

PART 39
OFFSET 6.5590 -4.7315 -8.9502
SCALE 1 1 1
X -0.9741 0.1152 0.1944
Y -0.1606 0.2518 -0.9544
Z -0.1589 -0.9609 -0.2268

PART 40
OFFSET 7.2045 -4.2375 -7.9618
SCALE 1 1 1
X -0.9741 0.1152 0.1944
Y -0.1606 0.2518 -0.9544
Z -0.1589 -0.9609 -0.2268

PART 41
OFFSET 7.6222 -4.9785 -5.9650
SCALE 1 1 1
X -0.9741 0.1152 0.1944
Y -0.1606 0.2518 -0.9544
Z -0.1589 -0.9609 -0.2268

PART 42
OFFSET 8.3611 -5.7074 -7.7527
SCALE 1 1 1
X -0.9249 -0.0032 -0.3801
Y 0.3786 -0.0974 -0.9204
Z -0.0341 -0.9952 0.0913

PART 43
OFFSET 8.4258 -5.2034 -6.7309
SCALE 1 1 1
X -0.4694 -0.7703 -0.4317
Y 0.8528 -0.2687 -0.4478
Z 0.2289 -0.5783 0.7830

PART 44
OFFSET 9.3408 -3.4821 -5.7983
SCALE 1 1 1
X -0.9176 -0.3014 -0.2592
Y 0.3956 -0.7563 -0.5210
Z -0.0390 -0.5806 0.8132

PART 45
OFFSET 10.8501 -2.9757 -5.5020
SCALE 1 1 1
X -0.8209 0.4065 0.4011
Y -0.5613 -0.7034 -0.4361
Z 0.1048 -0.5831 0.8056

PART 46
OFFSET 11.7426 -3.3766 -5.9652
SCALE 1 1 1
X -0.7890 0.5297 -0.3113
Y 0.5624 0.4187 -0.7130
Z -0.2473 -0.7377 -0.6282

PART 47
OFFSET 9.5560 -5.6079 -8.4351
SCALE 1 1 1
X -0.9760 0.0102 0.2177
Y 0.0208 -0.9899 0.1399
Z 0.2170 0.1411 0.9659

PART 48
OFFSET 11.7779 -5.4889 -8.8008
SCALE 1 1 1
X -0.5582 -0.8051 -0.2004
Y 0.8024 -0.5853 0.1162
Z -0.2109 -0.0959 0.9728

PART 49
OFFSET 12.5682 -4.3491 -8.5170
SCALE 1 1 1
