// Export filename: `C:/cod5/cod/cod5/xanim_export/viewmodel/US/sw357/sw357_sprint_out.XANIM_EXPORT`
// Source filename: `C:/cod5/cod/cod5/animation_assets/viewmodel/US/sw357/viewmodelanimation_sw357.mb`
// Export time: Wed Jul 30 22:44:24 2008

ANIMATION
VERSION 3

NUMPARTS 84
PART 0 "J_Sleave_Reshape_Top_LE_1"
PART 1 "J_Sleave_Reshape_Top_LE_2"
PART 2 "J_Sleave_Reshape_Top_LE_3"
PART 3 "J_Wrist_LE"
PART 4 "J_WristTwist_LE"
PART 5 "J_Elbow_LE"
PART 6 "tag_torso"
PART 7 "J_Shoulder_LE"
PART 8 "RingPalm_FK_RI"
PART 9 "J_Sleave_Reshape_Bottom_LE_1"
PART 10 "RingPalm_SDK_RI"
PART 11 "J_Sleave_Reshape_Bottom_LE_2"
PART 12 "J_Thumb_LE_0"
PART 13 "J_Thumb_LE_1"
PART 14 "J_Thumb_LE_2"
PART 15 "J_Thumb_LE_3"
PART 16 "J_PinkyPalm_LE"
PART 17 "J_Pinky_LE_0"
PART 18 "J_Pinky_LE_1"
PART 19 "J_Pinky_LE_2"
PART 20 "J_Pinky_LE_3"
PART 21 "J_RingPalm_LE"
PART 22 "J_Ring_LE_0"
PART 23 "J_Ring_LE_1"
PART 24 "J_Ring_LE_2"
PART 25 "J_Ring_LE_3"
PART 26 "J_Webbing_LE"
PART 27 "J_Index_LE_0"
PART 28 "J_Index_LE_1"
PART 29 "J_Index_LE_2"
PART 30 "J_Index_LE_3"
PART 31 "J_Mid_LE_0"
PART 32 "J_Mid_LE_1"
PART 33 "J_Mid_LE_2"
PART 34 "J_Mid_LE_3"
PART 35 "tag_weapon"
PART 36 "J_Shoulder_RI"
PART 37 "J_Elbow_RI"
PART 38 "J_WristTwist_RI"
PART 39 "J_Sleave_Reshape_Top_RI_3"
PART 40 "J_Sleave_Reshape_Top_RI_2"
PART 41 "J_Sleave_Reshape_Top_RI_1"
PART 42 "J_Wrist_RI"
PART 43 "J_Thumb_RI_0"
PART 44 "J_Thumb_RI_1"
PART 45 "J_Thumb_RI_2"
PART 46 "J_Thumb_RI_3"
PART 47 "J_PinkyPalm_RI"
PART 48 "J_Pinky_RI_0"
PART 49 "J_Pinky_RI_1"
PART 50 "J_Pinky_RI_2"
PART 51 "J_Pinky_RI_3"
PART 52 "J_RingPalm_RI"
PART 53 "J_Ring_RI_0"
PART 54 "J_Ring_RI_1"
PART 55 "J_Ring_RI_2"
PART 56 "J_Ring_RI_3"
PART 57 "J_Webbing_RI"
PART 58 "J_Index_RI_0"
PART 59 "J_Index_RI_1"
PART 60 "J_Index_RI_2"
PART 61 "J_Index_RI_3"
PART 62 "J_Mid_RI_0"
PART 63 "J_Mid_RI_1"
PART 64 "J_Mid_RI_2"
PART 65 "J_Mid_RI_3"
PART 66 "tag_cambone"
PART 67 "tag_camera"
PART 68 "tag_gasmask"
PART 69 "RingPalm_SDK_LE"
PART 70 "RingPalm_FK_LE"
PART 71 "J_Gun"
PART 72 "J_Clip"
PART 73 "joint2"
PART 74 "J_Bolt"
PART 75 "tag_speedloader"
PART 76 "tag_spent0"
PART 77 "tag_spent1"
PART 78 "tag_spent2"
PART 79 "tag_spent3"
PART 80 "tag_spent4"
PART 81 "tag_spent5"
PART 82 "tag_bullets"
PART 83 "joint1"

FRAMERATE 30
NUMFRAMES 11

FRAME 440
PART 0
OFFSET 11.3809 12.3185 -9.1630
SCALE 1 1 1
X 0.9908 -0.1233 0.0553
Y 0.0532 0.7319 0.6793
Z -0.1242 -0.6702 0.7317

PART 1
OFFSET 11.1851 11.2005 -9.9546
SCALE 1 1 1
X 0.9908 -0.1233 0.0553
Y 0.0532 0.7319 0.6793
Z -0.1242 -0.6702 0.7317

PART 2
OFFSET 10.8969 11.4744 -11.0508
SCALE 1 1 1
X 0.9908 -0.1233 0.0553
Y 0.0532 0.7319 0.6793
Z -0.1242 -0.6702 0.7317

PART 3
OFFSET 12.6688 12.6070 -10.7052
SCALE 1 1 1
X 0.8759 -0.2633 0.4044
Y -0.4689 -0.6620 0.5847
Z 0.1138 -0.7017 -0.7033

PART 4
OFFSET 9.6340 13.0035 -10.8822
SCALE 1 1 1
X 0.9899 -0.1293 0.0577
Y -0.1348 -0.7356 0.6639
Z -0.0434 -0.6650 -0.7456

PART 5
OFFSET 1.2144 14.1036 -11.3731
SCALE 1 1 1
X 0.9899 -0.1293 0.0577
Y -0.1309 -0.6799 0.7216
Z -0.0541 -0.7218 -0.6899

PART 6
OFFSET -1.9111 -0.4487 -1.8207
SCALE 1 1 1
X 1.0000 0.0000 0.0000
Y 0.0000 1.0000 0.0000
Z 0.0000 0.0000 1.0000

PART 7
OFFSET -5.2270 7.2875 -3.7369
SCALE 1 1 1
X 0.5326 0.5636 -0.6314
Y 0.3840 -0.8257 -0.4132
Z -0.7542 -0.0224 -0.6562

PART 8
OFFSET 8.3787 -8.2747 -10.9047
SCALE 1 1 1
X -0.9991 -0.0188 0.0393
Y 0.0245 -0.9884 0.1500
Z 0.0360 0.1508 0.9879

PART 9
OFFSET 11.2025 14.1791 -10.9404
SCALE 1 1 1
X 0.9908 -0.1233 0.0553
Y 0.0532 0.7319 0.6793
Z -0.1242 -0.6702 0.7317

PART 10
OFFSET 8.3787 -8.2747 -10.9047
SCALE 1 1 1
X -0.9991 -0.0188 0.0393
Y 0.0245 -0.9884 0.1500
Z 0.0360 0.1508 0.9879

PART 11
OFFSET 10.7634 13.2025 -12.2361
SCALE 1 1 1
X 0.9908 -0.1233 0.0553
Y 0.0532 0.7319 0.6793
Z -0.1242 -0.6702 0.7317

PART 12
OFFSET 12.6570 11.5615 -10.2478
SCALE 1 1 1
X 0.4619 -0.8869 0.0117
Y -0.7634 -0.3908 0.5143
Z -0.4515 -0.2465 -0.8576

PART 13
OFFSET 13.5524 9.5950 -10.2189
SCALE 1 1 1
X 0.9721 -0.1737 -0.1579
Y -0.1262 -0.9539 0.2723
Z -0.1979 -0.2447 -0.9492

PART 14
OFFSET 15.1070 9.3441 -10.5964
SCALE 1 1 1
X 0.4754 0.7761 -0.4143
Y 0.8158 -0.5652 -0.1228
Z -0.3294 -0.2796 -0.9018

PART 15
OFFSET 15.6199 10.1610 -11.0878
SCALE 1 1 1
X 0.7306 0.6361 0.2482
Y -0.2684 -0.0666 0.9610
Z 0.6278 -0.7688 0.1220

PART 16
OFFSET 13.9351 12.9512 -11.1312
SCALE 1 1 1
X 0.9907 0.1319 -0.0324
Y 0.0643 -0.6654 -0.7437
Z -0.1197 0.7347 -0.6677

PART 17
OFFSET 16.1864 13.0590 -11.1980
SCALE 1 1 1
X 0.5245 -0.7790 -0.3435
Y -0.8146 -0.3419 -0.4685
Z 0.2475 0.5256 -0.8140

PART 18
OFFSET 16.9290 11.9561 -11.6844
SCALE 1 1 1
X -0.8375 -0.2801 -0.4692
Y -0.4610 0.8232 0.3314
Z 0.2934 0.4939 -0.8185

PART 19
OFFSET 16.1865 11.7078 -12.1004
SCALE 1 1 1
X -0.6531 0.7076 0.2698
Y 0.7077 0.4435 0.5500
Z 0.2695 0.5502 -0.7903

PART 20
OFFSET 15.5660 12.3800 -11.8441
SCALE 1 1 1
X 0.0163 -0.8991 -0.4374
Y 0.9886 -0.0510 0.1417
Z -0.1498 -0.4347 0.8880

PART 21
OFFSET 13.8002 12.5513 -10.5555
SCALE 1 1 1
X 0.9782 -0.0514 0.2010
Y 0.1163 -0.6665 -0.7364
Z 0.1719 0.7438 -0.6460

PART 22
OFFSET 16.3620 12.5430 -10.1135
SCALE 1 1 1
X 0.4999 -0.6535 -0.5683
Y -0.8528 -0.2568 -0.4548
Z 0.1513 0.7120 -0.6857

PART 23
OFFSET 17.2131 11.4303 -11.0810
SCALE 1 1 1
X -0.8946 -0.1859 -0.4063
Y -0.4125 0.6931 0.5912
Z 0.1717 0.6965 -0.6967

PART 24
OFFSET 15.9732 11.1727 -11.6441
SCALE 1 1 1
X -0.6521 0.6118 0.4477
Y 0.7371 0.3734 0.5633
Z 0.1775 0.6974 -0.6944

PART 25
OFFSET 15.2660 11.8362 -11.1585
SCALE 1 1 1
X 0.1220 -0.6802 -0.7228
Y 0.9693 -0.0750 0.2342
Z -0.2136 -0.7291 0.6502

PART 26
OFFSET 14.6853 10.3682 -8.9072
SCALE 1 1 1
X 0.9464 -0.3148 0.0718
Y 0.1274 0.5685 0.8127
Z -0.2967 -0.7600 0.5782

PART 27
OFFSET 15.6858 11.3427 -8.4272
SCALE 1 1 1
X 0.2115 -0.7277 -0.6525
Y -0.8045 0.2495 -0.5390
Z 0.5551 0.6389 -0.5326

PART 28
OFFSET 16.0582 10.0615 -9.5760
SCALE 1 1 1
X -0.6738 0.0539 -0.7369
Y -0.4357 0.7765 0.4552
Z 0.5967 0.6278 -0.4997

PART 29
OFFSET 15.2027 10.0888 -10.4415
SCALE 1 1 1
X -0.7222 0.6848 0.0975
Y 0.4332 0.3379 0.8356
Z 0.5393 0.6457 -0.5406

PART 30
OFFSET 14.3870 10.8624 -10.3314
SCALE 1 1 1
X -0.0042 -0.3463 -0.9381
Y 0.7397 -0.6323 0.2301
Z -0.6729 -0.6930 0.2589

PART 31
OFFSET 16.1215 11.9630 -9.2307
SCALE 1 1 1
X 0.2740 -0.7271 -0.6295
Y -0.8614 0.1056 -0.4969
Z 0.4278 0.6784 -0.5974

PART 32
OFFSET 16.6568 10.5426 -10.4604
SCALE 1 1 1
X -0.8839 0.1341 -0.4481
Y -0.2395 0.6932 0.6798
Z 0.4018 0.7081 -0.5806

PART 33
OFFSET 15.3658 10.7384 -11.1149
SCALE 1 1 1
X -0.4549 0.6730 0.5833
Y 0.7895 0.0017 0.6137
Z 0.4120 0.7397 -0.5321

PART 34
OFFSET 14.8530 11.5058 -10.4585
SCALE 1 1 1
X -0.1818 -0.5644 -0.8052
Y 0.9252 -0.3755 0.0543
Z -0.3330 -0.7351 0.5905

PART 35
OFFSET 11.2707 -6.6103 -8.7633
SCALE 1 1 1
X 0.9640 0.0411 0.2628
Y -0.0404 0.9992 -0.0079
Z -0.2629 -0.0030 0.9648

PART 36
OFFSET -8.1812 -1.0470 1.2077
SCALE 1 1 1
X -0.3453 0.5053 0.7908
Y -0.4519 -0.8281 0.3318
Z 0.8225 -0.2428 0.5143

PART 37
OFFSET -4.0052 -7.1581 -8.3567
SCALE 1 1 1
X -0.9721 0.1026 0.2108
Y -0.2324 -0.5388 -0.8098
Z 0.0305 -0.8362 0.5476

PART 38
OFFSET 4.2632 -8.0308 -10.1493
SCALE 1 1 1
X -0.9721 0.1026 0.2108
Y -0.2225 -0.1213 -0.9674
Z -0.0737 -0.9873 0.1407

PART 39
OFFSET 5.7751 -6.7912 -10.6023
SCALE 1 1 1
X -0.9708 0.1081 0.2141
Y -0.0244 0.8436 -0.5365
Z -0.2386 -0.5261 -0.8163

PART 40
OFFSET 6.3810 -6.9523 -9.5488
SCALE 1 1 1
X -0.9708 0.1081 0.2141
Y -0.0244 0.8436 -0.5365
Z -0.2386 -0.5261 -0.8163

PART 41
OFFSET 6.4884 -8.2232 -8.9041
SCALE 1 1 1
X -0.9708 0.1081 0.2141
Y -0.0244 0.8436 -0.5365
Z -0.2386 -0.5261 -0.8163

PART 42
OFFSET 7.2435 -8.3453 -10.7954
SCALE 1 1 1
X -0.9623 -0.0439 -0.2685
Y 0.2715 -0.0942 -0.9578
Z 0.0167 -0.9946 0.1026

PART 43
OFFSET 7.4075 -7.8263 -9.7925
SCALE 1 1 1
X -0.4856 -0.7933 -0.3672
Y 0.8044 -0.2411 -0.5429
Z 0.3422 -0.5591 0.7552

PART 44
OFFSET 8.3560 -6.0592 -8.9879
SCALE 1 1 1
X -0.9289 -0.3400 -0.1469
Y 0.3617 -0.7469 -0.5579
Z 0.0800 -0.5714 0.8168

PART 45
OFFSET 9.8682 -5.4908 -8.8754
SCALE 1 1 1
X -0.7838 0.3794 0.4917
Y -0.5800 -0.7301 -0.3613
Z 0.2219 -0.5684 0.7923

PART 46
OFFSET 10.7155 -5.8627 -9.4372
SCALE 1 1 1
X -0.8406 0.4947 -0.2204
Y 0.4576 0.4312 -0.7776
Z -0.2896 -0.7546 -0.5888

PART 47
OFFSET 8.3452 -8.2081 -11.6146
SCALE 1 1 1
X -0.9433 -0.0249 0.3311
Y 0.0767 -0.9866 0.1443
Z 0.3230 0.1615 0.9325

PART 48
OFFSET 10.5022 -8.0077 -12.2403
SCALE 1 1 1
X -0.5452 -0.8286 -0.1268
Y 0.8333 -0.5522 0.0256
Z -0.0912 -0.0917 0.9916

PART 49
OFFSET 11.2742 -6.8345 -12.0607
SCALE 1 1 1
X 0.3936 -0.9176 -0.0562
Y 0.9087 0.3791 0.1746
Z -0.1389 -0.1198 0.9830

PART 50
OFFSET 10.9252 -6.0210 -12.0109
SCALE 1 1 1
X 0.9720 -0.2273 0.0601
Y 0.2206 0.9700 0.1021
Z -0.0815 -0.0860 0.9930

PART 51
OFFSET 10.0018 -5.8050 -12.0680
SCALE 1 1 1
X -0.8701 -0.4226 -0.2537
Y -0.4692 0.8677 0.1639
Z 0.1509 0.2616 -0.9533

PART 52
OFFSET 8.3787 -8.2747 -10.9047
SCALE 1 1 1
X -0.9991 -0.0188 0.0393
Y 0.0245 -0.9884 0.1500
Z 0.0360 0.1508 0.9879

PART 53
OFFSET 10.9668 -8.2701 -11.1500
SCALE 1 1 1
X -0.1844 -0.9826 0.0204
Y 0.9820 -0.1834 0.0442
Z -0.0397 0.0282 0.9988

PART 54
OFFSET 11.2808 -6.5972 -11.1848
SCALE 1 1 1
X 0.7401 -0.6712 0.0416
Y 0.6704 0.7413 0.0328
Z -0.0529 0.0036 0.9986

PART 55
OFFSET 10.2550 -5.6670 -11.2425
SCALE 1 1 1
X 0.9809 0.1863 0.0554
Y -0.1856 0.9825 -0.0182
Z -0.0578 0.0075 0.9983

PART 56
OFFSET 9.1912 -5.8691 -11.3026
SCALE 1 1 1
X -0.7005 -0.7135 0.0141
Y -0.7116 0.6969 -0.0895
Z 0.0540 -0.0727 -0.9959

PART 57
OFFSET 3.0179 -8.9813 -11.0479
SCALE 1 1 1
X -0.9533 -0.2996 -0.0388
Y -0.2850 0.9344 -0.2135
Z 0.1003 -0.1925 -0.9762

PART 58
OFFSET 10.7945 -8.4729 -8.9888
SCALE 1 1 1
X -0.8883 -0.4508 -0.0878
Y 0.4258 -0.8799 0.2108
Z -0.1723 0.1499 0.9736

PART 59
OFFSET 12.3585 -7.6792 -8.8343
SCALE 1 1 1
X -0.2988 -0.9445 0.1364
Y 0.9350 -0.2612 0.2399
Z -0.1909 0.1992 0.9612

PART 60
OFFSET 12.7101 -6.5188 -8.9418
SCALE 1 1 1
X 0.2085 -0.9636 0.1675
Y 0.9589 0.2350 0.1587
Z -0.1923 0.1275 0.9730

PART 61
OFFSET 12.4747 -5.4304 -9.1310
SCALE 1 1 1
X -0.9876 0.1374 0.0759
Y 0.1155 0.9636 -0.2409
Z -0.1062 -0.2292 -0.9676

PART 62
OFFSET 10.9835 -8.4014 -10.0749
SCALE 1 1 1
X -0.0886 -0.9960 0.0130
Y 0.9805 -0.0849 0.1770
Z -0.1752 0.0284 0.9841

PART 63
OFFSET 11.1565 -6.4557 -10.1002
SCALE 1 1 1
X 0.7741 -0.6118 0.1624
Y 0.6138 0.7882 0.0435
Z -0.1546 0.0660 0.9858

PART 64
OFFSET 10.0258 -5.5621 -10.3375
SCALE 1 1 1
X 0.9605 0.2569 0.1073
Y -0.2390 0.9585 -0.1553
Z -0.1428 0.1235 0.9820

PART 65
OFFSET 8.9388 -5.8532 -10.4661
SCALE 1 1 1
X -0.5747 -0.8171 -0.0459
Y -0.8096 0.5758 -0.1142
Z 0.1197 -0.0285 -0.9924

PART 66
OFFSET 0.0000 0.0000 0.0000
SCALE 1 1 1
X 1.0000 0.0000 0.0000
Y 0.0000 1.0000 0.0000
Z 0.0000 0.0000 1.0000

PART 67
OFFSET 0.0000 0.0000 0.0000
SCALE 1 1 1
X 1.0000 0.0000 0.0000
Y 0.0000 1.0000 0.0000
Z 0.0000 0.0000 1.0000

PART 68
OFFSET 0.0000 0.0000 0.0000
SCALE 1 1 1
X 1.0000 0.0000 0.0000
Y 0.0000 1.0000 0.0000
Z 0.0000 0.0000 1.0000

PART 69
OFFSET 13.8002 12.5513 -10.5555
SCALE 1 1 1
X 0.9782 -0.0514 0.2010
Y 0.1163 -0.6665 -0.7364
Z 0.1719 0.7438 -0.6460

PART 70
OFFSET 13.8002 12.5513 -10.5555
SCALE 1 1 1
X 0.9782 -0.0514 0.2010
Y 0.1163 -0.6665 -0.7364
Z 0.1719 0.7438 -0.6460

PART 71
OFFSET 11.2707 -6.6103 -8.7633
SCALE 1 1 1
X 0.9640 0.0411 0.2628
Y -0.0404 0.9992 -0.0079
Z -0.2629 -0.0030 0.9648

PART 72
OFFSET 10.3012 -6.5900 -10.3098
SCALE 1 1 1
X 0.9640 0.0411 0.2628
Y -0.0404 0.9992 -0.0079
Z -0.2629 -0.0030 0.9648

PART 73
OFFSET 14.3574 -6.3206 -7.6777
SCALE 1 1 1
X 0.9640 0.0411 0.2628
Y -0.0404 0.9992 -0.0079
Z -0.2629 -0.0030 0.9648

PART 74
OFFSET 12.2448 -6.5567 -6.8449
SCALE 1 1 1
X 0.9584 0.0410 0.2824
Y -0.0404 0.9992 -0.0079
Z -0.2825 -0.0038 0.9593

PART 75
OFFSET -12.5736 -5.7124 -11.3840
SCALE 1 1 1
X 0.9640 0.0411 0.2628
Y -0.0404 0.9992 -0.0079
Z -0.2629 -0.0030 0.9648

PART 76
OFFSET -3.4600 -6.7431 50.7329
SCALE 1 1 1
X 0.9640 0.0411 0.2628
Y -0.0404 0.9992 -0.0079
Z -0.2629 -0.0030 0.9648

PART 77
OFFSET -3.5909 -6.0676 51.1078
SCALE 1 1 1
X 0.9640 0.0411 0.2628
Y -0.0404 0.9992 -0.0079
Z -0.2629 -0.0030 0.9648

PART 78
OFFSET -3.7984 -6.0645 51.8682
SCALE 1 1 1
X 0.9640 0.0411 0.2628
Y -0.0404 0.9992 -0.0079
Z -0.2629 -0.0030 0.9648

PART 79
OFFSET -3.8717 -6.7422 52.2431
SCALE 1 1 1
X 0.9640 0.0411 0.2628
Y -0.0404 0.9992 -0.0079
Z -0.2629 -0.0030 0.9648

PART 80
OFFSET -3.7420 -7.4232 51.8736
SCALE 1 1 1
X 0.9640 0.0411 0.2628
Y -0.0404 0.9992 -0.0079
Z -0.2629 -0.0030 0.9648

PART 81
OFFSET -3.5379 -7.4153 51.1238
SCALE 1 1 1
X 0.9640 0.0411 0.2628
Y -0.0404 0.9992 -0.0079
Z -0.2629 -0.0030 0.9648

PART 82
OFFSET 12.6321 -6.5695 -6.7214
SCALE 1 1 1
X 0.9640 0.0411 0.2628
Y -0.0404 0.9992 -0.0079
Z -0.2629 -0.0030 0.9648

PART 83
OFFSET 10.5130 -6.6299 -8.3497
SCALE 1 1 1
X 0.9022 0.0331 -0.4301
Y -0.0404 0.9992 -0.0079
Z 0.4295 0.0245 0.9028


FRAME 441
PART 0
OFFSET 11.3809 12.3185 -9.1630
SCALE 1 1 1
X 0.9908 -0.1233 0.0553
Y 0.0532 0.7319 0.6793
Z -0.1242 -0.6702 0.7317

PART 1
OFFSET 11.1851 11.2005 -9.9546
SCALE 1 1 1
X 0.9908 -0.1233 0.0553
Y 0.0532 0.7319 0.6793
Z -0.1242 -0.6702 0.7317

PART 2
OFFSET 10.8969 11.4744 -11.0508
SCALE 1 1 1
X 0.9908 -0.1233 0.0553
Y 0.0532 0.7319 0.6793
Z -0.1242 -0.6702 0.7317

PART 3
OFFSET 12.6688 12.6070 -10.7052
SCALE 1 1 1
X 0.8759 -0.2633 0.4044
Y -0.4689 -0.6620 0.5847
Z 0.1138 -0.7017 -0.7033

PART 4
OFFSET 9.6340 13.0035 -10.8822
SCALE 1 1 1
X 0.9899 -0.1293 0.0577
Y -0.1348 -0.7356 0.6639
Z -0.0434 -0.6650 -0.7456

PART 5
OFFSET 1.2144 14.1036 -11.3731
SCALE 1 1 1
X 0.9899 -0.1293 0.0577
Y -0.1309 -0.6799 0.7216
Z -0.0541 -0.7218 -0.6899

PART 6
OFFSET -1.9111 -0.4487 -1.8207
SCALE 1 1 1
X 1.0000 0.0000 0.0000
Y 0.0000 1.0000 0.0000
Z 0.0000 0.0000 1.0000

PART 7
OFFSET -5.2270 7.2875 -3.7369
SCALE 1 1 1
X 0.5326 0.5636 -0.6314
Y 0.3840 -0.8257 -0.4132
Z -0.7542 -0.0224 -0.6562

PART 8
OFFSET 8.3968 -8.2041 -10.8010
SCALE 1 1 1
X -0.9988 -0.0177 0.0467
Y 0.0245 -0.9884 0.1499
Z 0.0435 0.1509 0.9876

PART 9
OFFSET 11.2025 14.1791 -10.9404
SCALE 1 1 1
X 0.9908 -0.1233 0.0553
Y 0.0532 0.7319 0.6793
Z -0.1242 -0.6702 0.7317

PART 10
OFFSET 8.3968 -8.2041 -10.8010
SCALE 1 1 1
X -0.9988 -0.0177 0.0467
Y 0.0245 -0.9884 0.1499
Z 0.0435 0.1509 0.9876

PART 11
OFFSET 10.7634 13.2025 -12.2361
SCALE 1 1 1
X 0.9908 -0.1233 0.0553
Y 0.0532 0.7319 0.6793
Z -0.1242 -0.6702 0.7317

PART 12
OFFSET 12.6570 11.5615 -10.2478
SCALE 1 1 1
X 0.4619 -0.8869 0.0117
Y -0.7634 -0.3908 0.5143
Z -0.4515 -0.2465 -0.8576

PART 13
OFFSET 13.5524 9.5950 -10.2189
SCALE 1 1 1
X 0.9721 -0.1737 -0.1579
Y -0.1262 -0.9539 0.2723
Z -0.1979 -0.2447 -0.9492

PART 14
OFFSET 15.1070 9.3441 -10.5964
SCALE 1 1 1
X 0.4754 0.7761 -0.4143
Y 0.8158 -0.5652 -0.1228
Z -0.3294 -0.2796 -0.9018

PART 15
OFFSET 15.6199 10.1610 -11.0878
SCALE 1 1 1
X 0.7306 0.6361 0.2482
Y -0.2684 -0.0666 0.9610
Z 0.6278 -0.7688 0.1220

PART 16
OFFSET 13.9351 12.9512 -11.1312
SCALE 1 1 1
X 0.9907 0.1319 -0.0324
Y 0.0643 -0.6654 -0.7437
Z -0.1197 0.7347 -0.6677

PART 17
OFFSET 16.1864 13.0590 -11.1980
SCALE 1 1 1
X 0.5245 -0.7790 -0.3435
Y -0.8146 -0.3419 -0.4685
Z 0.2475 0.5256 -0.8140

PART 18
OFFSET 16.9290 11.9561 -11.6844
SCALE 1 1 1
X -0.8375 -0.2801 -0.4692
Y -0.4610 0.8232 0.3314
Z 0.2934 0.4939 -0.8185

PART 19
OFFSET 16.1865 11.7078 -12.1004
SCALE 1 1 1
X -0.6531 0.7076 0.2698
Y 0.7077 0.4435 0.5500
Z 0.2695 0.5502 -0.7903

PART 20
OFFSET 15.5660 12.3800 -11.8441
SCALE 1 1 1
X 0.0163 -0.8991 -0.4374
Y 0.9886 -0.0510 0.1417
Z -0.1498 -0.4347 0.8880

PART 21
OFFSET 13.8002 12.5513 -10.5555
SCALE 1 1 1
X 0.9782 -0.0514 0.2010
Y 0.1163 -0.6665 -0.7364
Z 0.1719 0.7438 -0.6460

PART 22
OFFSET 16.3620 12.5430 -10.1135
SCALE 1 1 1
X 0.4999 -0.6535 -0.5683
Y -0.8528 -0.2568 -0.4548
Z 0.1513 0.7120 -0.6857

PART 23
OFFSET 17.2131 11.4303 -11.0810
SCALE 1 1 1
X -0.8946 -0.1859 -0.4063
Y -0.4125 0.6931 0.5912
Z 0.1717 0.6965 -0.6967

PART 24
OFFSET 15.9732 11.1727 -11.6441
SCALE 1 1 1
X -0.6521 0.6118 0.4477
Y 0.7371 0.3734 0.5633
Z 0.1775 0.6974 -0.6944

PART 25
OFFSET 15.2660 11.8362 -11.1585
SCALE 1 1 1
X 0.1220 -0.6802 -0.7228
Y 0.9693 -0.0750 0.2342
Z -0.2136 -0.7291 0.6502

PART 26
OFFSET 14.6853 10.3682 -8.9072
SCALE 1 1 1
X 0.9464 -0.3148 0.0718
Y 0.1274 0.5685 0.8127
Z -0.2967 -0.7600 0.5782

PART 27
OFFSET 15.6858 11.3427 -8.4272
SCALE 1 1 1
X 0.2115 -0.7277 -0.6525
Y -0.8045 0.2495 -0.5390
Z 0.5551 0.6389 -0.5326

PART 28
OFFSET 16.0582 10.0615 -9.5760
SCALE 1 1 1
X -0.6738 0.0539 -0.7369
Y -0.4357 0.7765 0.4552
Z 0.5967 0.6278 -0.4997

PART 29
OFFSET 15.2027 10.0888 -10.4415
SCALE 1 1 1
X -0.7222 0.6848 0.0975
Y 0.4332 0.3379 0.8356
Z 0.5393 0.6457 -0.5406

PART 30
OFFSET 14.3870 10.8624 -10.3314
SCALE 1 1 1
X -0.0042 -0.3463 -0.9381
Y 0.7397 -0.6323 0.2301
Z -0.6729 -0.6930 0.2589

PART 31
OFFSET 16.1215 11.9630 -9.2307
SCALE 1 1 1
X 0.2740 -0.7271 -0.6295
Y -0.8614 0.1056 -0.4969
Z 0.4278 0.6784 -0.5974

PART 32
OFFSET 16.6568 10.5426 -10.4604
SCALE 1 1 1
X -0.8839 0.1341 -0.4481
Y -0.2395 0.6932 0.6798
Z 0.4018 0.7081 -0.5806

PART 33
OFFSET 15.3658 10.7384 -11.1149
SCALE 1 1 1
X -0.4549 0.6730 0.5833
Y 0.7895 0.0017 0.6137
Z 0.4120 0.7397 -0.5321

PART 34
OFFSET 14.8530 11.5058 -10.4585
SCALE 1 1 1
X -0.1818 -0.5644 -0.8052
Y 0.9252 -0.3755 0.0543
Z -0.3330 -0.7351 0.5905

PART 35
OFFSET 11.3066 -6.5429 -8.6814
SCALE 1 1 1
X 0.9660 0.0400 0.2556
Y -0.0393 0.9992 -0.0077
Z -0.2557 -0.0026 0.9668

PART 36
OFFSET -8.1812 -1.0470 1.2077
SCALE 1 1 1
X -0.3442 0.5056 0.7911
Y -0.4522 -0.8277 0.3323
Z 0.8228 -0.2434 0.5135

PART 37
OFFSET -4.0185 -7.1620 -8.3600
SCALE 1 1 1
X -0.9749 0.0961 0.2008
Y -0.2205 -0.5400 -0.8123
Z 0.0304 -0.8362 0.5476

PART 38
OFFSET 4.2736 -7.9790 -10.0678
SCALE 1 1 1
X -0.9749 0.0961 0.2008
Y -0.2117 -0.1215 -0.9697
Z -0.0687 -0.9879 0.1388

PART 39
OFFSET 5.7817 -6.7290 -10.5053
SCALE 1 1 1
X -0.9737 0.1016 0.2041
Y -0.0245 0.8436 -0.5365
Z -0.2267 -0.5273 -0.8189

PART 40
OFFSET 6.3778 -6.8867 -9.4456
SCALE 1 1 1
X -0.9737 0.1016 0.2041
Y -0.0245 0.8436 -0.5365
Z -0.2267 -0.5273 -0.8189

PART 41
OFFSET 6.4870 -8.1575 -8.7999
SCALE 1 1 1
X -0.9737 0.1016 0.2041
Y -0.0245 0.8436 -0.5365
Z -0.2267 -0.5273 -0.8189

PART 42
OFFSET 7.2624 -8.2734 -10.6833
SCALE 1 1 1
X -0.9643 -0.0428 -0.2613
Y 0.2643 -0.0946 -0.9598
Z 0.0163 -0.9946 0.1026

PART 43
OFFSET 7.4344 -7.7545 -9.6817
SCALE 1 1 1
X -0.4892 -0.7928 -0.3635
Y 0.8001 -0.2420 -0.5489
Z 0.3472 -0.5594 0.7527

PART 44
OFFSET 8.3909 -5.9884 -8.8843
SCALE 1 1 1
X -0.9303 -0.3390 -0.1400
Y 0.3567 -0.7474 -0.5605
Z 0.0854 -0.5714 0.8162

PART 45
OFFSET 9.9045 -5.4218 -8.7832
SCALE 1 1 1
X -0.7797 0.3803 0.4975
Y -0.5835 -0.7295 -0.3569
Z 0.2271 -0.5686 0.7907

PART 46
OFFSET 10.7472 -5.7946 -9.3513
SCALE 1 1 1
X -0.8417 0.4956 -0.2142
Y 0.4523 0.4306 -0.7810
Z -0.2949 -0.7543 -0.5866

PART 47
OFFSET 8.3581 -8.1375 -11.5107
SCALE 1 1 1
X -0.9408 -0.0238 0.3381
Y 0.0766 -0.9866 0.1439
Z 0.3301 0.1613 0.9301

PART 48
OFFSET 10.5106 -7.9396 -12.1525
SCALE 1 1 1
X -0.5471 -0.8280 -0.1227
Y 0.8328 -0.5532 0.0194
Z -0.0840 -0.0915 0.9923

PART 49
OFFSET 11.2852 -6.7674 -11.9787
SCALE 1 1 1
X 0.3921 -0.9180 -0.0591
Y 0.9104 0.3781 0.1678
Z -0.1317 -0.1196 0.9840

PART 50
OFFSET 10.9376 -5.9534 -11.9264
SCALE 1 1 1
X 0.9721 -0.2284 0.0529
Y 0.2224 0.9698 0.1004
Z -0.0742 -0.0858 0.9935

PART 51
OFFSET 10.0140 -5.7364 -11.9767
SCALE 1 1 1
X -0.8724 -0.4216 -0.2472
Y -0.4670 0.8683 0.1673
Z 0.1441 0.2614 -0.9544

PART 52
OFFSET 8.3968 -8.2041 -10.8010
SCALE 1 1 1
X -0.9988 -0.0177 0.0467
Y 0.0245 -0.9884 0.1499
Z 0.0435 0.1509 0.9876

PART 53
OFFSET 10.9830 -8.2025 -11.0657
SCALE 1 1 1
X -0.1854 -0.9824 0.0219
Y 0.9821 -0.1845 0.0369
Z -0.0323 0.0283 0.9991

PART 54
OFFSET 11.2986 -6.5299 -11.1029
SCALE 1 1 1
X 0.7397 -0.6720 0.0362
Y 0.6715 0.7405 0.0277
Z -0.0454 0.0038 0.9990

PART 55
OFFSET 10.2735 -5.5986 -11.1531
SCALE 1 1 1
X 0.9815 0.1852 0.0481
Y -0.1846 0.9827 -0.0169
Z -0.0504 0.0077 0.9987

PART 56
OFFSET 9.2090 -5.7994 -11.2052
SCALE 1 1 1
X -0.7012 -0.7127 0.0194
Y -0.7115 0.6977 -0.0843
Z 0.0465 -0.0729 -0.9963

PART 57
OFFSET 3.0343 -8.9046 -10.9043
SCALE 1 1 1
X -0.9539 -0.2985 -0.0317
Y -0.2855 0.9348 -0.2115
Z 0.0928 -0.1927 -0.9769

PART 58
OFFSET 10.8266 -8.4049 -8.9032
SCALE 1 1 1
X -0.8894 -0.4498 -0.0811
Y 0.4263 -0.8804 0.2077
Z -0.1648 0.1502 0.9748

PART 59
OFFSET 12.3926 -7.6129 -8.7604
SCALE 1 1 1
X -0.2989 -0.9442 0.1388
Y 0.9365 -0.2622 0.2329
Z -0.1835 0.1996 0.9625

PART 60
OFFSET 12.7447 -6.4530 -8.8706
SCALE 1 1 1
X 0.2086 -0.9638 0.1660
Y 0.9604 0.2340 0.1516
Z -0.1849 0.1278 0.9744

PART 61
OFFSET 12.5091 -5.3644 -9.0582
SCALE 1 1 1
X -0.9869 0.1385 0.0832
Y 0.1148 0.9635 -0.2419
Z -0.1137 -0.2291 -0.9667

PART 62
OFFSET 11.0075 -8.3337 -9.9907
SCALE 1 1 1
X -0.0896 -0.9959 0.0137
Y 0.9817 -0.0860 0.1697
Z -0.1678 0.0287 0.9854

PART 63
OFFSET 11.1826 -6.3882 -10.0175
SCALE 1 1 1
X 0.7746 -0.6127 0.1567
Y 0.6150 0.7875 0.0388
Z -0.1472 0.0663 0.9869

PART 64
OFFSET 10.0512 -5.4933 -10.2464
SCALE 1 1 1
X 0.9615 0.2558 0.1002
Y -0.2390 0.9588 -0.1536
Z -0.1353 0.1237 0.9830

PART 65
OFFSET 8.9630 -5.7832 -10.3669
SCALE 1 1 1
X -0.5760 -0.8164 -0.0415
Y -0.8097 0.5767 -0.1082
Z 0.1123 -0.0287 -0.9933

PART 66
OFFSET 0.0000 0.0000 0.0000
SCALE 1 1 1
X 1.0000 0.0000 0.0000
Y 0.0000 1.0000 0.0000
Z 0.0000 0.0000 1.0000

PART 67
OFFSET 0.0000 0.0000 0.0000
SCALE 1 1 1
X 1.0000 0.0000 0.0000
Y 0.0000 1.0000 0.0000
Z 0.0000 0.0000 1.0000

PART 68
OFFSET 0.0000 0.0000 0.0000
SCALE 1 1 1
X 1.0000 0.0000 0.0000
Y 0.0000 1.0000 0.0000
Z 0.0000 0.0000 1.0000

PART 69
OFFSET 13.8002 12.5513 -10.5555
SCALE 1 1 1
X 0.9782 -0.0514 0.2010
Y 0.1163 -0.6665 -0.7364
Z 0.1719 0.7438 -0.6460

PART 70
OFFSET 13.8002 12.5513 -10.5555
SCALE 1 1 1
X 0.9782 -0.0514 0.2010
Y 0.1163 -0.6665 -0.7364
Z 0.1719 0.7438 -0.6460

PART 71
OFFSET 11.3066 -6.5429 -8.6814
SCALE 1 1 1
X 0.9660 0.0400 0.2556
Y -0.0393 0.9992 -0.0077
Z -0.2557 -0.0026 0.9668

PART 72
OFFSET 10.3256 -6.5216 -10.2206
SCALE 1 1 1
X 0.9660 0.0400 0.2556
Y -0.0393 0.9992 -0.0077
Z -0.2557 -0.0026 0.9668

PART 73
OFFSET 14.4016 -6.2565 -7.6188
SCALE 1 1 1
X 0.9660 0.0400 0.2556
Y -0.0393 0.9992 -0.0077
Z -0.2557 -0.0026 0.9668

PART 74
OFFSET 12.2950 -6.4902 -6.7703
SCALE 1 1 1
X 0.9605 0.0399 0.2753
Y -0.0393 0.9992 -0.0077
Z -0.2754 -0.0034 0.9613

PART 75
OFFSET -12.5556 -5.6180 -11.1245
SCALE 1 1 1
X 0.9660 0.0400 0.2556
Y -0.0393 0.9992 -0.0077
Z -0.2557 -0.0026 0.9668

PART 76
OFFSET -2.9807 -6.6536 50.9229
SCALE 1 1 1
X 0.9660 0.0400 0.2556
Y -0.0393 0.9992 -0.0077
Z -0.2557 -0.0026 0.9668

PART 77
OFFSET -3.1081 -5.9780 51.2986
SCALE 1 1 1
X 0.9660 0.0400 0.2556
Y -0.0393 0.9992 -0.0077
Z -0.2557 -0.0026 0.9668

PART 78
OFFSET -3.3099 -5.9745 52.0606
SCALE 1 1 1
X 0.9660 0.0400 0.2556
Y -0.0393 0.9992 -0.0077
Z -0.2557 -0.0026 0.9668

PART 79
OFFSET -3.3812 -6.6522 52.4361
SCALE 1 1 1
X 0.9660 0.0400 0.2556
Y -0.0393 0.9992 -0.0077
Z -0.2557 -0.0026 0.9668

PART 80
OFFSET -3.2550 -7.3334 52.0657
SCALE 1 1 1
X 0.9660 0.0400 0.2556
Y -0.0393 0.9992 -0.0077
Z -0.2557 -0.0026 0.9668

PART 81
OFFSET -3.0565 -7.3258 51.3144
SCALE 1 1 1
X 0.9660 0.0400 0.2556
Y -0.0393 0.9992 -0.0077
Z -0.2557 -0.0026 0.9668

PART 82
OFFSET 12.6832 -6.5034 -6.6498
SCALE 1 1 1
X 0.9660 0.0400 0.2556
Y -0.0393 0.9992 -0.0077
Z -0.2557 -0.0026 0.9668

PART 83
OFFSET 10.5520 -6.5615 -8.2622
SCALE 1 1 1
X 0.8990 0.0320 -0.4368
Y -0.0393 0.9992 -0.0077
Z 0.4362 0.0241 0.8995


FRAME 442
PART 0
OFFSET 11.3809 12.3185 -9.1630
SCALE 1 1 1
X 0.9908 -0.1233 0.0553
Y 0.0532 0.7319 0.6793
Z -0.1242 -0.6702 0.7317

PART 1
OFFSET 11.1851 11.2005 -9.9546
SCALE 1 1 1
X 0.9908 -0.1233 0.0553
Y 0.0532 0.7319 0.6793
Z -0.1242 -0.6702 0.7317

PART 2
OFFSET 10.8969 11.4744 -11.0508
SCALE 1 1 1
X 0.9908 -0.1233 0.0553
Y 0.0532 0.7319 0.6793
Z -0.1242 -0.6702 0.7317

PART 3
OFFSET 12.6688 12.6070 -10.7052
SCALE 1 1 1
X 0.8759 -0.2633 0.4044
Y -0.4689 -0.6620 0.5847
Z 0.1138 -0.7017 -0.7033

PART 4
OFFSET 9.6340 13.0035 -10.8822
SCALE 1 1 1
X 0.9899 -0.1293 0.0577
Y -0.1348 -0.7356 0.6639
Z -0.0434 -0.6650 -0.7456

PART 5
OFFSET 1.2144 14.1036 -11.3731
SCALE 1 1 1
X 0.9899 -0.1293 0.0577
Y -0.1309 -0.6799 0.7216
Z -0.0541 -0.7218 -0.6899

PART 6
OFFSET -1.9111 -0.4487 -1.8207
SCALE 1 1 1
X 1.0000 0.0000 0.0000
Y 0.0000 1.0000 0.0000
Z 0.0000 0.0000 1.0000

PART 7
OFFSET -5.2270 7.2875 -3.7369
SCALE 1 1 1
X 0.5326 0.5636 -0.6314
Y 0.3840 -0.8257 -0.4132
Z -0.7542 -0.0224 -0.6562

PART 8
OFFSET 8.4479 -8.0121 -10.5187
SCALE 1 1 1
X -0.9977 -0.0145 0.0669
Y 0.0244 -0.9884 0.1496
Z 0.0640 0.1509 0.9865

PART 9
OFFSET 11.2025 14.1791 -10.9404
SCALE 1 1 1
X 0.9908 -0.1233 0.0553
Y 0.0532 0.7319 0.6793
Z -0.1242 -0.6702 0.7317

PART 10
OFFSET 8.4479 -8.0121 -10.5187
SCALE 1 1 1
X -0.9977 -0.0145 0.0669
Y 0.0244 -0.9884 0.1496
Z 0.0640 0.1509 0.9865

PART 11
OFFSET 10.7634 13.2025 -12.2361
SCALE 1 1 1
X 0.9908 -0.1233 0.0553
Y 0.0532 0.7319 0.6793
Z -0.1242 -0.6702 0.7317

PART 12
OFFSET 12.6570 11.5615 -10.2478
SCALE 1 1 1
X 0.4619 -0.8869 0.0117
Y -0.7634 -0.3908 0.5143
Z -0.4515 -0.2465 -0.8576

PART 13
OFFSET 13.5524 9.5950 -10.2189
SCALE 1 1 1
X 0.9721 -0.1737 -0.1579
Y -0.1262 -0.9539 0.2723
Z -0.1979 -0.2447 -0.9492

PART 14
OFFSET 15.1070 9.3441 -10.5964
SCALE 1 1 1
X 0.4754 0.7761 -0.4143
Y 0.8158 -0.5652 -0.1228
Z -0.3294 -0.2796 -0.9018

PART 15
OFFSET 15.6199 10.1610 -11.0878
SCALE 1 1 1
X 0.7306 0.6361 0.2482
Y -0.2684 -0.0666 0.9610
Z 0.6278 -0.7688 0.1220

PART 16
OFFSET 13.9351 12.9512 -11.1312
SCALE 1 1 1
X 0.9907 0.1319 -0.0324
Y 0.0643 -0.6654 -0.7437
Z -0.1197 0.7347 -0.6677

PART 17
OFFSET 16.1864 13.0590 -11.1980
SCALE 1 1 1
X 0.5245 -0.7790 -0.3435
Y -0.8146 -0.3419 -0.4685
Z 0.2475 0.5256 -0.8140

PART 18
OFFSET 16.9290 11.9561 -11.6844
SCALE 1 1 1
X -0.8375 -0.2801 -0.4692
Y -0.4610 0.8232 0.3314
Z 0.2934 0.4939 -0.8185

PART 19
OFFSET 16.1865 11.7078 -12.1004
SCALE 1 1 1
X -0.6531 0.7076 0.2698
Y 0.7077 0.4435 0.5500
Z 0.2695 0.5502 -0.7903

PART 20
OFFSET 15.5660 12.3800 -11.8441
SCALE 1 1 1
X 0.0163 -0.8991 -0.4374
Y 0.9886 -0.0510 0.1417
Z -0.1498 -0.4347 0.8880

PART 21
OFFSET 13.8002 12.5513 -10.5555
SCALE 1 1 1
X 0.9782 -0.0514 0.2010
Y 0.1163 -0.6665 -0.7364
Z 0.1719 0.7438 -0.6460

PART 22
OFFSET 16.3620 12.5430 -10.1135
SCALE 1 1 1
X 0.4999 -0.6535 -0.5683
Y -0.8528 -0.2568 -0.4548
Z 0.1513 0.7120 -0.6857

PART 23
OFFSET 17.2131 11.4303 -11.0810
SCALE 1 1 1
X -0.8946 -0.1859 -0.4063
Y -0.4125 0.6931 0.5912
Z 0.1717 0.6965 -0.6967

PART 24
OFFSET 15.9732 11.1727 -11.6441
SCALE 1 1 1
X -0.6521 0.6118 0.4477
Y 0.7371 0.3734 0.5633
Z 0.1775 0.6974 -0.6944

PART 25
OFFSET 15.2660 11.8362 -11.1585
SCALE 1 1 1
X 0.1220 -0.6802 -0.7228
Y 0.9693 -0.0750 0.2342
Z -0.2136 -0.7291 0.6502

PART 26
OFFSET 14.6853 10.3682 -8.9072
SCALE 1 1 1
X 0.9464 -0.3148 0.0718
Y 0.1274 0.5685 0.8127
Z -0.2967 -0.7600 0.5782

PART 27
OFFSET 15.6858 11.3427 -8.4272
SCALE 1 1 1
X 0.2115 -0.7277 -0.6525
Y -0.8045 0.2495 -0.5390
Z 0.5551 0.6389 -0.5326

PART 28
OFFSET 16.0582 10.0615 -9.5760
SCALE 1 1 1
X -0.6738 0.0539 -0.7369
Y -0.4357 0.7765 0.4552
Z 0.5967 0.6278 -0.4997

PART 29
OFFSET 15.2027 10.0888 -10.4415
SCALE 1 1 1
X -0.7222 0.6848 0.0975
Y 0.4332 0.3379 0.8356
Z 0.5393 0.6457 -0.5406

PART 30
OFFSET 14.3870 10.8624 -10.3314
SCALE 1 1 1
X -0.0042 -0.3463 -0.9381
Y 0.7397 -0.6323 0.2301
Z -0.6729 -0.6930 0.2589

PART 31
OFFSET 16.1215 11.9630 -9.2307
SCALE 1 1 1
X 0.2740 -0.7271 -0.6295
Y -0.8614 0.1056 -0.4969
Z 0.4278 0.6784 -0.5974

PART 32
OFFSET 16.6568 10.5426 -10.4604
SCALE 1 1 1
X -0.8839 0.1341 -0.4481
Y -0.2395 0.6932 0.6798
Z 0.4018 0.7081 -0.5806

PART 33
OFFSET 15.3658 10.7384 -11.1149
SCALE 1 1 1
X -0.4549 0.6730 0.5833
Y 0.7895 0.0017 0.6137
Z 0.4120 0.7397 -0.5321

PART 34
OFFSET 14.8530 11.5058 -10.4585
SCALE 1 1 1
X -0.1818 -0.5644 -0.8052
Y 0.9252 -0.3755 0.0543
Z -0.3330 -0.7351 0.5905

PART 35
OFFSET 11.4051 -6.3595 -8.4587
SCALE 1 1 1
X 0.9710 0.0370 0.2360
Y -0.0364 0.9993 -0.0071
Z -0.2361 -0.0017 0.9717

PART 36
OFFSET -8.1812 -1.0470 1.2077
SCALE 1 1 1
X -0.3422 0.5063 0.7916
Y -0.4527 -0.8270 0.3333
Z 0.8234 -0.2443 0.5122

PART 37
OFFSET -4.0426 -7.1699 -8.3654
SCALE 1 1 1
X -0.9816 0.0785 0.1739
Y -0.1884 -0.5430 -0.8183
Z 0.0302 -0.8361 0.5478

PART 38
OFFSET 4.3065 -7.8373 -9.8448
SCALE 1 1 1
X -0.9816 0.0785 0.1739
Y -0.1826 -0.1223 -0.9755
Z -0.0553 -0.9894 0.1344

PART 39
OFFSET 5.8034 -6.5598 -10.2408
SCALE 1 1 1
X -0.9806 0.0840 0.1773
Y -0.0247 0.8436 -0.5365
Z -0.1946 -0.5304 -0.8251

PART 40
OFFSET 6.3729 -6.7086 -9.1652
SCALE 1 1 1
X -0.9806 0.0840 0.1773
Y -0.0247 0.8436 -0.5365
Z -0.1946 -0.5304 -0.8251

PART 41
OFFSET 6.4869 -7.9791 -8.5167
SCALE 1 1 1
X -0.9806 0.0840 0.1773
Y -0.0247 0.8436 -0.5365
Z -0.1946 -0.5304 -0.8251

PART 42
OFFSET 7.3159 -8.0779 -10.3781
SCALE 1 1 1
X -0.9695 -0.0398 -0.2417
Y 0.2445 -0.0956 -0.9649
Z 0.0153 -0.9946 0.1024

PART 43
OFFSET 7.5098 -7.5593 -9.3802
SCALE 1 1 1
X -0.4989 -0.7913 -0.3534
Y 0.7881 -0.2446 -0.5649
Z 0.3606 -0.5603 0.7457

PART 44
OFFSET 8.4877 -5.7961 -8.6028
SCALE 1 1 1
X -0.9340 -0.3361 -0.1211
Y 0.3429 -0.7486 -0.5675
Z 0.1001 -0.5715 0.8144

PART 45
OFFSET 10.0047 -5.2342 -8.5324
SCALE 1 1 1
X -0.7683 0.3828 0.5130
Y -0.5929 -0.7277 -0.3449
Z 0.2413 -0.5691 0.7860

PART 46
OFFSET 10.8346 -5.6097 -9.1173
SCALE 1 1 1
X -0.8443 0.4982 -0.1973
Y 0.4378 0.4290 -0.7901
Z -0.3090 -0.7535 -0.5803

PART 47
OFFSET 8.3950 -7.9456 -11.2274
SCALE 1 1 1
X -0.9339 -0.0208 0.3570
Y 0.0765 -0.9868 0.1425
Z 0.3494 0.1604 0.9232

PART 48
OFFSET 10.5348 -7.7544 -11.9126
SCALE 1 1 1
X -0.5521 -0.8263 -0.1114
Y 0.8313 -0.5558 0.0027
Z -0.0642 -0.0911 0.9938

PART 49
OFFSET 11.3164 -6.5845 -11.7549
SCALE 1 1 1
X 0.3880 -0.9192 -0.0668
Y 0.9148 0.3753 0.1493
Z -0.1122 -0.1190 0.9865

PART 50
OFFSET 10.9724 -5.7695 -11.6957
SCALE 1 1 1
X 0.9723 -0.2314 0.0333
Y 0.2274 0.9691 0.0956
Z -0.0544 -0.0854 0.9949

PART 51
OFFSET 10.0487 -5.5496 -11.7273
SCALE 1 1 1
X -0.8785 -0.4190 -0.2294
Y -0.4609 0.8697 0.1765
Z 0.1256 0.2608 -0.9572

PART 52
OFFSET 8.4479 -8.0121 -10.5187
SCALE 1 1 1
X -0.9977 -0.0145 0.0669
Y 0.0244 -0.9884 0.1496
Z 0.0640 0.1509 0.9865

PART 53
OFFSET 11.0282 -8.0186 -10.8355
SCALE 1 1 1
X -0.1880 -0.9818 0.0259
Y 0.9821 -0.1876 0.0171
Z -0.0120 0.0286 0.9995

PART 54
OFFSET 11.3482 -6.3470 -10.8796
SCALE 1 1 1
X 0.7382 -0.6743 0.0214
Y 0.6742 0.7384 0.0140
Z -0.0252 0.0041 0.9997

PART 55
OFFSET 10.3252 -5.4125 -10.9092
SCALE 1 1 1
X 0.9829 0.1822 0.0282
Y -0.1819 0.9832 -0.0134
Z -0.0301 0.0080 0.9995

PART 56
OFFSET 9.2593 -5.6101 -10.9398
SCALE 1 1 1
X -0.7029 -0.7105 0.0337
Y -0.7108 0.6999 -0.0700
Z 0.0262 -0.0732 -0.9970

PART 57
OFFSET 3.0823 -8.6960 -10.5133
SCALE 1 1 1
X -0.9552 -0.2956 -0.0124
Y -0.2868 0.9356 -0.2059
Z 0.0724 -0.1931 -0.9785

PART 58
OFFSET 10.9150 -8.2202 -8.6703
SCALE 1 1 1
X -0.8923 -0.4471 -0.0630
Y 0.4277 -0.8817 0.1992
Z -0.1446 0.1508 0.9779

PART 59
OFFSET 12.4859 -7.4330 -8.5594
SCALE 1 1 1
X -0.2989 -0.9432 0.1450
Y 0.9402 -0.2651 0.2140
Z -0.1634 0.2003 0.9660

PART 60
OFFSET 12.8394 -6.2742 -8.6770
SCALE 1 1 1
X 0.2089 -0.9644 0.1620
Y 0.9639 0.2310 0.1321
Z -0.1648 0.1286 0.9779

PART 61
OFFSET 12.6034 -5.1849 -8.8600
SCALE 1 1 1
X -0.9845 0.1416 0.1031
Y 0.1129 0.9631 -0.2444
Z -0.1339 -0.2289 -0.9642

PART 62
OFFSET 11.0741 -8.1497 -9.7613
SCALE 1 1 1
X -0.0924 -0.9956 0.0157
Y 0.9847 -0.0890 0.1498
Z -0.1478 0.0294 0.9886

PART 63
OFFSET 11.2546 -6.2048 -9.7920
SCALE 1 1 1
X 0.7757 -0.6150 0.1412
Y 0.6181 0.7856 0.0262
Z -0.1270 0.0669 0.9896

PART 64
OFFSET 10.1216 -5.3064 -9.9982
SCALE 1 1 1
X 0.9642 0.2528 0.0806
Y -0.2391 0.9595 -0.1489
Z -0.1150 0.1243 0.9856

PART 65
OFFSET 9.0302 -5.5930 -10.0966
SCALE 1 1 1
X -0.5792 -0.8146 -0.0297
Y -0.8100 0.5792 -0.0919
Z 0.0921 -0.0292 -0.9953

PART 66
OFFSET 0.0000 0.0000 0.0000
SCALE 1 1 1
X 1.0000 0.0000 0.0000
Y 0.0000 1.0000 0.0000
Z 0.0000 0.0000 1.0000

PART 67
OFFSET 0.0000 0.0000 0.0000
SCALE 1 1 1
X 1.0000 0.0000 0.0000
Y 0.0000 1.0000 0.0000
Z 0.0000 0.0000 1.0000

PART 68
OFFSET 0.0000 0.0000 0.0000
SCALE 1 1 1
X 1.0000 0.0000 0.0000
Y 0.0000 1.0000 0.0000
Z 0.0000 0.0000 1.0000

PART 69
OFFSET 13.8002 12.5513 -10.5555
SCALE 1 1 1
X 0.9782 -0.0514 0.2010
Y 0.1163 -0.6665 -0.7364
Z 0.1719 0.7438 -0.6460

PART 70
OFFSET 13.8002 12.5513 -10.5555
SCALE 1 1 1
X 0.9782 -0.0514 0.2010
Y 0.1163 -0.6665 -0.7364
Z 0.1719 0.7438 -0.6460

PART 71
OFFSET 11.4051 -6.3595 -8.4587
SCALE 1 1 1
X 0.9710 0.0370 0.2360
Y -0.0364 0.9993 -0.0071
Z -0.2361 -0.0017 0.9717

PART 72
OFFSET 10.3933 -6.3355 -9.9778
SCALE 1 1 1
X 0.9710 0.0370 0.2360
Y -0.0364 0.9993 -0.0071
Z -0.2361 -0.0017 0.9717

PART 73
OFFSET 14.5218 -6.0827 -7.4590
SCALE 1 1 1
X 0.9710 0.0370 0.2360
Y -0.0364 0.9993 -0.0071
Z -0.2361 -0.0017 0.9717

PART 74
OFFSET 12.4321 -6.3096 -6.5680
SCALE 1 1 1
X 0.9660 0.0370 0.2558
Y -0.0364 0.9993 -0.0071
Z -0.2559 -0.0024 0.9667

PART 75
OFFSET -12.4986 -5.3612 -10.4192
SCALE 1 1 1
X 0.9710 0.0370 0.2360
Y -0.0364 0.9993 -0.0071
Z -0.2361 -0.0017 0.9717

PART 76
OFFSET -1.6746 -6.4159 51.4222
SCALE 1 1 1
X 0.9710 0.0370 0.2360
Y -0.0364 0.9993 -0.0071
Z -0.2361 -0.0017 0.9717

PART 77
OFFSET -1.7923 -5.7398 51.8004
SCALE 1 1 1
X 0.9710 0.0370 0.2360
Y -0.0364 0.9993 -0.0071
Z -0.2361 -0.0017 0.9717

PART 78
OFFSET -1.9786 -5.7356 52.5662
SCALE 1 1 1
X 0.9710 0.0370 0.2360
Y -0.0364 0.9993 -0.0071
Z -0.2361 -0.0017 0.9717

PART 79
OFFSET -2.0444 -6.4130 52.9432
SCALE 1 1 1
X 0.9710 0.0370 0.2360
Y -0.0364 0.9993 -0.0071
Z -0.2361 -0.0017 0.9717

PART 80
OFFSET -1.9278 -7.0946 52.5705
SCALE 1 1 1
X 0.9710 0.0370 0.2360
Y -0.0364 0.9993 -0.0071
Z -0.2361 -0.0017 0.9717

PART 81
OFFSET -1.7445 -7.0877 51.8154
SCALE 1 1 1
X 0.9710 0.0370 0.2360
Y -0.0364 0.9993 -0.0071
Z -0.2361 -0.0017 0.9717

PART 82
OFFSET 12.8226 -6.3240 -6.4553
SCALE 1 1 1
X 0.9710 0.0370 0.2360
Y -0.0364 0.9993 -0.0071
Z -0.2361 -0.0017 0.9717

PART 83
OFFSET 10.6591 -6.3758 -8.0243
SCALE 1 1 1
X 0.8901 0.0292 -0.4549
Y -0.0364 0.9993 -0.0071
Z 0.4544 0.0229 0.8905


FRAME 443
PART 0
OFFSET 11.3809 12.3185 -9.1630
SCALE 1 1 1
X 0.9908 -0.1233 0.0553
Y 0.0532 0.7319 0.6793
Z -0.1242 -0.6702 0.7317

PART 1
OFFSET 11.1851 11.2005 -9.9546
SCALE 1 1 1
X 0.9908 -0.1233 0.0553
Y 0.0532 0.7319 0.6793
Z -0.1242 -0.6702 0.7317

PART 2
OFFSET 10.8969 11.4744 -11.0508
SCALE 1 1 1
X 0.9908 -0.1233 0.0553
Y 0.0532 0.7319 0.6793
Z -0.1242 -0.6702 0.7317

PART 3
OFFSET 12.6688 12.6070 -10.7052
SCALE 1 1 1
X 0.8759 -0.2633 0.4044
Y -0.4689 -0.6620 0.5847
Z 0.1138 -0.7017 -0.7033

PART 4
OFFSET 9.6340 13.0035 -10.8822
SCALE 1 1 1
X 0.9899 -0.1293 0.0577
Y -0.1348 -0.7356 0.6639
Z -0.0434 -0.6650 -0.7456

PART 5
OFFSET 1.2144 14.1036 -11.3731
SCALE 1 1 1
X 0.9899 -0.1293 0.0577
Y -0.1309 -0.6799 0.7216
Z -0.0541 -0.7218 -0.6899

PART 6
OFFSET -1.9111 -0.4487 -1.8207
SCALE 1 1 1
X 1.0000 0.0000 0.0000
Y 0.0000 1.0000 0.0000
Z 0.0000 0.0000 1.0000

PART 7
OFFSET -5.2270 7.2875 -3.7369
SCALE 1 1 1
X 0.5326 0.5636 -0.6314
Y 0.3840 -0.8257 -0.4132
Z -0.7542 -0.0224 -0.6562

PART 8
OFFSET 8.5286 -7.7281 -10.1000
SCALE 1 1 1
X -0.9953 -0.0100 0.0966
Y 0.0244 -0.9885 0.1491
Z 0.0940 0.1507 0.9841

PART 9
OFFSET 11.2025 14.1791 -10.9404
SCALE 1 1 1
X 0.9908 -0.1233 0.0553
Y 0.0532 0.7319 0.6793
Z -0.1242 -0.6702 0.7317

PART 10
OFFSET 8.5286 -7.7281 -10.1000
SCALE 1 1 1
X -0.9953 -0.0100 0.0966
Y 0.0244 -0.9885 0.1491
Z 0.0940 0.1507 0.9841

PART 11
OFFSET 10.7634 13.2025 -12.2361
SCALE 1 1 1
X 0.9908 -0.1233 0.0553
Y 0.0532 0.7319 0.6793
Z -0.1242 -0.6702 0.7317

PART 12
OFFSET 12.6570 11.5615 -10.2478
SCALE 1 1 1
X 0.4619 -0.8869 0.0117
Y -0.7634 -0.3908 0.5143
Z -0.4515 -0.2465 -0.8576

PART 13
OFFSET 13.5524 9.5950 -10.2189
SCALE 1 1 1
X 0.9721 -0.1737 -0.1579
Y -0.1262 -0.9539 0.2723
Z -0.1979 -0.2447 -0.9492

PART 14
OFFSET 15.1070 9.3441 -10.5964
SCALE 1 1 1
X 0.4754 0.7761 -0.4143
Y 0.8158 -0.5652 -0.1228
Z -0.3294 -0.2796 -0.9018

PART 15
OFFSET 15.6199 10.1610 -11.0878
SCALE 1 1 1
X 0.7306 0.6361 0.2482
Y -0.2684 -0.0666 0.9610
Z 0.6278 -0.7688 0.1220

PART 16
OFFSET 13.9351 12.9512 -11.1312
SCALE 1 1 1
X 0.9907 0.1319 -0.0324
Y 0.0643 -0.6654 -0.7437
Z -0.1197 0.7347 -0.6677

PART 17
OFFSET 16.1864 13.0590 -11.1980
SCALE 1 1 1
X 0.5245 -0.7790 -0.3435
Y -0.8146 -0.3419 -0.4685
Z 0.2475 0.5256 -0.8140

PART 18
OFFSET 16.9290 11.9561 -11.6844
SCALE 1 1 1
X -0.8375 -0.2801 -0.4692
Y -0.4610 0.8232 0.3314
Z 0.2934 0.4939 -0.8185

PART 19
OFFSET 16.1865 11.7078 -12.1004
SCALE 1 1 1
X -0.6531 0.7076 0.2698
Y 0.7077 0.4435 0.5500
Z 0.2695 0.5502 -0.7903

PART 20
OFFSET 15.5660 12.3800 -11.8441
SCALE 1 1 1
X 0.0163 -0.8991 -0.4374
Y 0.9886 -0.0510 0.1417
Z -0.1498 -0.4347 0.8880

PART 21
OFFSET 13.8002 12.5513 -10.5555
SCALE 1 1 1
X 0.9782 -0.0514 0.2010
Y 0.1163 -0.6665 -0.7364
Z 0.1719 0.7438 -0.6460

PART 22
OFFSET 16.3620 12.5430 -10.1135
SCALE 1 1 1
X 0.4999 -0.6535 -0.5683
Y -0.8528 -0.2568 -0.4548
Z 0.1513 0.7120 -0.6857

PART 23
OFFSET 17.2131 11.4303 -11.0810
SCALE 1 1 1
X -0.8946 -0.1859 -0.4063
Y -0.4125 0.6931 0.5912
Z 0.1717 0.6965 -0.6967

PART 24
OFFSET 15.9732 11.1727 -11.6441
SCALE 1 1 1
X -0.6521 0.6118 0.4477
Y 0.7371 0.3734 0.5633
Z 0.1775 0.6974 -0.6944

PART 25
OFFSET 15.2660 11.8362 -11.1585
SCALE 1 1 1
X 0.1220 -0.6802 -0.7228
Y 0.9693 -0.0750 0.2342
Z -0.2136 -0.7291 0.6502

PART 26
OFFSET 14.6853 10.3682 -8.9072
SCALE 1 1 1
X 0.9464 -0.3148 0.0718
Y 0.1274 0.5685 0.8127
Z -0.2967 -0.7600 0.5782

PART 27
OFFSET 15.6858 11.3427 -8.4272
SCALE 1 1 1
X 0.2115 -0.7277 -0.6525
Y -0.8045 0.2495 -0.5390
Z 0.5551 0.6389 -0.5326

PART 28
OFFSET 16.0582 10.0615 -9.5760
SCALE 1 1 1
X -0.6738 0.0539 -0.7369
Y -0.4357 0.7765 0.4552
Z 0.5967 0.6278 -0.4997

PART 29
OFFSET 15.2027 10.0888 -10.4415
SCALE 1 1 1
X -0.7222 0.6848 0.0975
Y 0.4332 0.3379 0.8356
Z 0.5393 0.6457 -0.5406

PART 30
OFFSET 14.3870 10.8624 -10.3314
SCALE 1 1 1
X -0.0042 -0.3463 -0.9381
Y 0.7397 -0.6323 0.2301
Z -0.6729 -0.6930 0.2589

PART 31
OFFSET 16.1215 11.9630 -9.2307
SCALE 1 1 1
X 0.2740 -0.7271 -0.6295
Y -0.8614 0.1056 -0.4969
Z 0.4278 0.6784 -0.5974

PART 32
OFFSET 16.6568 10.5426 -10.4604
SCALE 1 1 1
X -0.8839 0.1341 -0.4481
Y -0.2395 0.6932 0.6798
Z 0.4018 0.7081 -0.5806

PART 33
OFFSET 15.3658 10.7384 -11.1149
SCALE 1 1 1
X -0.4549 0.6730 0.5833
Y 0.7895 0.0017 0.6137
Z 0.4120 0.7397 -0.5321

PART 34
OFFSET 14.8530 11.5058 -10.4585
SCALE 1 1 1
X -0.1818 -0.5644 -0.8052
Y 0.9252 -0.3755 0.0543
Z -0.3330 -0.7351 0.5905

PART 35
OFFSET 11.5533 -6.0889 -8.1294
SCALE 1 1 1
X 0.9778 0.0326 0.2070
Y -0.0320 0.9995 -0.0063
Z -0.2071 -0.0005 0.9783

PART 36
OFFSET -8.1812 -1.0470 1.2077
SCALE 1 1 1
X -0.3418 0.5067 0.7915
Y -0.4530 -0.8267 0.3336
Z 0.8234 -0.2446 0.5121

PART 37
OFFSET -4.0479 -7.1750 -8.3644
SCALE 1 1 1
X -0.9894 0.0530 0.1349
Y -0.1419 -0.5463 -0.8255
Z 0.0299 -0.8359 0.5481

PART 38
OFFSET 4.3677 -7.6261 -9.5120
SCALE 1 1 1
X -0.9894 0.0530 0.1349
Y -0.1406 -0.1231 -0.9824
Z -0.0355 -0.9910 0.1293

PART 39
OFFSET 5.8457 -6.3096 -9.8486
SCALE 1 1 1
X -0.9886 0.0586 0.1383
Y -0.0251 0.8435 -0.5365
Z -0.1481 -0.5339 -0.8325

PART 40
OFFSET 6.3756 -6.4462 -8.7513
SCALE 1 1 1
X -0.9886 0.0586 0.1383
Y -0.0251 0.8435 -0.5365
Z -0.1481 -0.5339 -0.8325

PART 41
OFFSET 6.4965 -7.7156 -8.0987
SCALE 1 1 1
X -0.9886 0.0586 0.1383
Y -0.0251 0.8435 -0.5365
Z -0.1481 -0.5339 -0.8325

PART 42
OFFSET 7.4010 -7.7887 -9.9257
SCALE 1 1 1
X -0.9765 -0.0354 -0.2127
Y 0.2152 -0.0968 -0.9718
Z 0.0138 -0.9947 0.1022

PART 43
OFFSET 7.6268 -7.2709 -8.9342
SCALE 1 1 1
X -0.5128 -0.7891 -0.3382
Y 0.7698 -0.2483 -0.5881
Z 0.3801 -0.5619 0.7347

PART 44
OFFSET 8.6355 -5.5121 -8.1866
SCALE 1 1 1
X -0.9387 -0.3318 -0.0931
Y 0.3224 -0.7502 -0.5773
Z 0.1217 -0.5719 0.8112

PART 45
OFFSET 10.1566 -4.9571 -8.1616
SCALE 1 1 1
X -0.7509 0.3864 0.5356
Y -0.6062 -0.7250 -0.3269
Z 0.2620 -0.5702 0.7786

PART 46
OFFSET 10.9669 -5.3365 -8.7709
SCALE 1 1 1
X -0.8475 0.5021 -0.1721
Y 0.4160 0.4269 -0.8029
Z -0.3296 -0.7521 -0.5707

PART 47
OFFSET 8.4549 -7.6614 -10.8068
SCALE 1 1 1
X -0.9229 -0.0165 0.3847
Y 0.0762 -0.9872 0.1404
Z 0.3774 0.1589 0.9123

PART 48
OFFSET 10.5742 -7.4802 -11.5555
SCALE 1 1 1
X -0.5589 -0.8238 -0.0947
