// Export filename: `C:/cod5/cod/cod5/xanim_export/viewmodel/US/sw357/sw357_sprint_in.XANIM_EXPORT`
// Source filename: `C:/cod5/cod/cod5/animation_assets/viewmodel/US/sw357/viewmodelanimation_sw357.mb`
// Export time: Wed Jul 30 22:44:22 2008

ANIMATION
VERSION 3

NUMPARTS 84
PART 0 "J_Sleave_Reshape_Top_LE_1"
PART 1 "J_Sleave_Reshape_Top_LE_2"
PART 2 "J_Sleave_Reshape_Top_LE_3"
PART 3 "J_Wrist_LE"
PART 4 "J_WristTwist_LE"
PART 5 "J_Elbow_LE"
PART 6 "tag_torso"
PART 7 "J_Shoulder_LE"
PART 8 "RingPalm_FK_RI"
PART 9 "J_Sleave_Reshape_Bottom_LE_1"
PART 10 "RingPalm_SDK_RI"
PART 11 "J_Sleave_Reshape_Bottom_LE_2"
PART 12 "J_Thumb_LE_0"
PART 13 "J_Thumb_LE_1"
PART 14 "J_Thumb_LE_2"
PART 15 "J_Thumb_LE_3"
PART 16 "J_PinkyPalm_LE"
PART 17 "J_Pinky_LE_0"
PART 18 "J_Pinky_LE_1"
PART 19 "J_Pinky_LE_2"
PART 20 "J_Pinky_LE_3"
PART 21 "J_RingPalm_LE"
PART 22 "J_Ring_LE_0"
PART 23 "J_Ring_LE_1"
PART 24 "J_Ring_LE_2"
PART 25 "J_Ring_LE_3"
PART 26 "J_Webbing_LE"
PART 27 "J_Index_LE_0"
PART 28 "J_Index_LE_1"
PART 29 "J_Index_LE_2"
PART 30 "J_Index_LE_3"
PART 31 "J_Mid_LE_0"
PART 32 "J_Mid_LE_1"
PART 33 "J_Mid_LE_2"
PART 34 "J_Mid_LE_3"
PART 35 "tag_weapon"
PART 36 "J_Shoulder_RI"
PART 37 "J_Elbow_RI"
PART 38 "J_WristTwist_RI"
PART 39 "J_Sleave_Reshape_Top_RI_3"
PART 40 "J_Sleave_Reshape_Top_RI_2"
PART 41 "J_Sleave_Reshape_Top_RI_1"
PART 42 "J_Wrist_RI"
PART 43 "J_Thumb_RI_0"
PART 44 "J_Thumb_RI_1"
PART 45 "J_Thumb_RI_2"
PART 46 "J_Thumb_RI_3"
PART 47 "J_PinkyPalm_RI"
PART 48 "J_Pinky_RI_0"
PART 49 "J_Pinky_RI_1"
PART 50 "J_Pinky_RI_2"
PART 51 "J_Pinky_RI_3"
PART 52 "J_RingPalm_RI"
PART 53 "J_Ring_RI_0"
PART 54 "J_Ring_RI_1"
PART 55 "J_Ring_RI_2"
PART 56 "J_Ring_RI_3"
PART 57 "J_Webbing_RI"
PART 58 "J_Index_RI_0"
PART 59 "J_Index_RI_1"
PART 60 "J_Index_RI_2"
PART 61 "J_Index_RI_3"
PART 62 "J_Mid_RI_0"
PART 63 "J_Mid_RI_1"
PART 64 "J_Mid_RI_2"
PART 65 "J_Mid_RI_3"
PART 66 "tag_cambone"
PART 67 "tag_camera"
PART 68 "tag_gasmask"
PART 69 "RingPalm_SDK_LE"
PART 70 "RingPalm_FK_LE"
PART 71 "J_Gun"
PART 72 "J_Clip"
PART 73 "joint2"
PART 74 "J_Bolt"
PART 75 "tag_speedloader"
PART 76 "tag_spent0"
PART 77 "tag_spent1"
PART 78 "tag_spent2"
PART 79 "tag_spent3"
PART 80 "tag_spent4"
PART 81 "tag_spent5"
PART 82 "tag_bullets"
PART 83 "joint1"

FRAMERATE 30
NUMFRAMES 11

FRAME 400
PART 0
OFFSET 15.6735 8.2156 -12.2154
SCALE 1 1 1
X 0.9491 -0.3028 -0.0861
Y 0.3045 0.8135 0.4955
Z -0.0800 -0.4965 0.8643

PART 1
OFFSET 15.1447 7.1214 -12.9839
SCALE 1 1 1
X 0.9491 -0.3028 -0.0861
Y 0.3045 0.8135 0.4955
Z -0.0800 -0.4965 0.8643

PART 2
OFFSET 14.5464 6.7983 -14.0295
SCALE 1 1 1
X 0.9491 -0.3028 -0.0861
Y 0.3045 0.8135 0.4955
Z -0.0800 -0.4965 0.8643

PART 3
OFFSET 16.5058 7.5933 -14.2167
SCALE 1 1 1
X 1.0000 -0.0028 0.0059
Y -0.0059 0.0081 0.9999
Z -0.0029 -1.0000 0.0081

PART 4
OFFSET 13.6002 8.5378 -13.9643
SCALE 1 1 1
X 0.9478 -0.3081 -0.0823
Y 0.0769 -0.0299 0.9966
Z -0.3095 -0.9509 -0.0046

PART 5
OFFSET 5.5388 11.1582 -13.2640
SCALE 1 1 1
X 0.9478 -0.3081 -0.0823
Y -0.0901 -0.5063 0.8576
Z -0.3059 -0.8054 -0.5076

PART 6
OFFSET -1.9111 -0.4487 -1.8207
SCALE 1 1 1
X 1.0000 0.0000 0.0000
Y 0.0000 1.0000 0.0000
Z 0.0000 0.0000 1.0000

PART 7
OFFSET -0.7853 7.4886 -3.6306
SCALE 1 1 1
X 0.5229 0.3034 -0.7965
Y 0.1424 -0.9525 -0.2694
Z -0.8404 0.0275 -0.5413

PART 8
OFFSET 9.2784 -5.7116 -7.0969
SCALE 1 1 1
X -0.9535 0.0215 0.3006
Y 0.0222 -0.9897 0.1413
Z 0.3005 0.1414 0.9432

PART 9
OFFSET 15.4971 9.8573 -14.0186
SCALE 1 1 1
X 0.9491 -0.3028 -0.0861
Y 0.3045 0.8135 0.4955
Z -0.0800 -0.4965 0.8643

PART 10
OFFSET 9.2784 -5.7116 -7.0969
SCALE 1 1 1
X -0.9535 0.0215 0.3006
Y 0.0222 -0.9897 0.1413
Z 0.3005 0.1414 0.9432

PART 11
OFFSET 14.4510 8.2729 -15.4954
SCALE 1 1 1
X 0.9491 -0.3028 -0.0861
Y 0.3045 0.8135 0.4955
Z -0.0800 -0.4965 0.8643

PART 12
OFFSET 16.9487 7.1893 -13.2457
SCALE 1 1 1
X 0.6673 -0.4622 0.5841
Y -0.4514 0.3729 0.8107
Z -0.5925 -0.8046 0.0402

PART 13
OFFSET 18.3106 6.1844 -11.9022
SCALE 1 1 1
X 0.9227 -0.3843 -0.0317
Y -0.0055 -0.0953 0.9954
Z -0.3856 -0.9183 -0.0901

PART 14
OFFSET 19.7572 5.4668 -12.0229
SCALE 1 1 1
X 0.7550 -0.4244 -0.4998
Y 0.4228 -0.2676 0.8658
Z -0.5012 -0.8650 -0.0226

PART 15
OFFSET 20.5580 4.9637 -12.5497
SCALE 1 1 1
X 0.9664 0.1872 -0.1761
Y -0.1818 0.9822 0.0467
Z 0.1817 -0.0131 0.9833

PART 16
OFFSET 17.3577 7.3802 -15.2807
SCALE 1 1 1
X 0.8231 -0.0499 -0.5656
Y -0.0720 -0.9973 -0.0168
Z -0.5632 0.0546 -0.8245

PART 17
OFFSET 19.2804 7.1378 -16.4336
SCALE 1 1 1
X 0.8429 -0.4195 -0.3370
Y -0.3865 -0.9077 0.1634
Z -0.3744 -0.0075 -0.9272

PART 18
OFFSET 20.4737 6.5438 -16.9107
SCALE 1 1 1
X 0.1468 -0.9882 -0.0432
Y -0.9353 -0.1529 0.3191
Z -0.3220 -0.0065 -0.9467

PART 19
OFFSET 20.6039 5.6676 -16.9490
SCALE 1 1 1
X -0.4778 -0.8538 0.2065
Y -0.7896 0.5205 0.3250
Z -0.3849 -0.0077 -0.9229

PART 20
OFFSET 20.1499 4.8565 -16.7528
SCALE 1 1 1
X 0.9168 0.3275 -0.2285
Y -0.3373 0.9414 -0.0041
Z 0.2137 0.0808 0.9735

PART 21
OFFSET 17.5741 7.5246 -14.6160
SCALE 1 1 1
X 0.9534 -0.0112 -0.3014
Y -0.0231 -0.9991 -0.0359
Z -0.3007 0.0412 -0.9528

PART 22
OFFSET 20.0045 7.5236 -15.5390
SCALE 1 1 1
X 0.8238 -0.4922 -0.2813
Y -0.4634 -0.8704 0.1662
Z -0.3266 -0.0065 -0.9451

PART 23
OFFSET 21.4069 6.6856 -16.0179
SCALE 1 1 1
X 0.0390 -0.9992 0.0006
Y -0.9529 -0.0370 0.3010
Z -0.3007 -0.0123 -0.9536

PART 24
OFFSET 21.4610 5.3007 -16.0171
SCALE 1 1 1
X -0.5332 -0.8280 0.1733
Y -0.7908 0.5607 0.2457
Z -0.3006 -0.0060 -0.9537

PART 25
OFFSET 20.8827 4.4027 -15.8292
SCALE 1 1 1
X 0.8738 0.3579 -0.3292
Y -0.3286 0.9336 0.1427
Z 0.3584 -0.0165 0.9334

PART 26
OFFSET 19.5775 7.0615 -12.6064
SCALE 1 1 1
X 0.9412 -0.2823 -0.1856
Y 0.2931 0.9555 0.0331
Z 0.1680 -0.0855 0.9821

PART 27
OFFSET 20.3989 7.9601 -13.4424
SCALE 1 1 1
X 0.7909 -0.6060 0.0849
Y -0.6022 -0.7955 -0.0675
Z 0.1085 0.0023 -0.9941

PART 28
OFFSET 21.7914 6.8931 -13.2929
SCALE 1 1 1
X 0.4467 -0.8945 0.0186
Y -0.8841 -0.4445 -0.1442
Z 0.1372 0.0480 -0.9894

PART 29
OFFSET 22.3261 5.8028 -13.2102
SCALE 1 1 1
X 0.1637 -0.9853 0.0483
Y -0.9750 -0.1690 -0.1441
Z 0.1501 -0.0236 -0.9884

PART 30
OFFSET 22.5110 4.6898 -13.1556
SCALE 1 1 1
X 0.8691 0.4667 -0.1637
Y -0.4663 0.8836 0.0434
Z 0.1649 0.0386 0.9856

PART 31
OFFSET 20.2981 7.7722 -14.5264
SCALE 1 1 1
X 0.7987 -0.6009 -0.0312
Y -0.6004 -0.7993 0.0244
Z -0.0396 -0.0007 -0.9992

PART 32
OFFSET 21.8584 6.5983 -14.5873
SCALE 1 1 1
X 0.0475 -0.9988 -0.0130
Y -0.9956 -0.0484 0.0807
Z -0.0813 0.0091 -0.9967

PART 33
OFFSET 21.9279 5.1394 -14.6063
SCALE 1 1 1
X -0.5114 -0.8584 0.0408
Y -0.8487 0.5120 0.1324
Z -0.1346 0.0331 -0.9904

PART 34
OFFSET 21.3483 4.1671 -14.5672
SCALE 1 1 1
X 0.9428 0.3291 -0.0526
Y -0.3295 0.9442 0.0010
Z 0.0500 0.0163 0.9986

PART 35
OFFSET 12.6976 -4.1831 -5.7962
SCALE 1 1 1
X 1.0000 -0.0002 -0.0000
Y 0.0002 1.0000 0.0000
Z 0.0000 -0.0000 1.0000

PART 36
OFFSET -14.7030 -3.1330 -3.1208
SCALE 1 1 1
X -0.9456 0.2674 0.1856
Y -0.0464 -0.6751 0.7363
Z 0.3221 0.6876 0.6508

PART 37
OFFSET -3.2675 -6.3665 -5.3652
SCALE 1 1 1
X -0.9919 -0.0544 0.1147
Y 0.0261 -0.9716 -0.2353
Z 0.1243 -0.2304 0.9651

PART 38
OFFSET 5.1690 -5.9037 -6.3411
SCALE 1 1 1
X -0.9919 -0.0544 0.1147
Y -0.1076 -0.1193 -0.9870
Z 0.0674 -0.9914 0.1125

PART 39
OFFSET 6.3761 -5.0362 -8.0237
SCALE 1 1 1
X -0.9924 -0.0480 0.1135
Y -0.1218 0.2444 -0.9620
Z 0.0184 -0.9685 -0.2484

PART 40
OFFSET 6.8505 -4.4662 -6.9814
SCALE 1 1 1
X -0.9924 -0.0480 0.1135
Y -0.1218 0.2444 -0.9620
Z 0.0184 -0.9685 -0.2484

PART 41
OFFSET 7.2197 -5.1737 -4.9692
SCALE 1 1 1
X -0.9924 -0.0480 0.1135
Y -0.1218 0.2444 -0.9620
Z 0.0184 -0.9685 -0.2484

PART 42
OFFSET 8.2099 -5.7369 -6.6929
SCALE 1 1 1
X -1.0000 -0.0026 -0.0059
Y 0.0062 -0.0976 -0.9952
Z 0.0020 -0.9952 0.0976

PART 43
OFFSET 8.6529 -5.2329 -5.7699
SCALE 1 1 1
X -0.5973 -0.7700 -0.2243
Y 0.6228 -0.2692 -0.7346
Z 0.5052 -0.5785 0.6404

PART 44
OFFSET 9.8517 -3.5123 -5.2483
SCALE 1 1 1
X -0.9481 -0.3008 0.1035
Y 0.1712 -0.7565 -0.6311
Z 0.2681 -0.5806 0.7687

PART 45
OFFSET 11.3624 -3.0067 -5.5390
SCALE 1 1 1
X -0.6107 0.4070 0.6793
Y -0.6842 -0.7030 -0.1939
Z 0.3986 -0.5832 0.7078

PART 46
OFFSET 12.0162 -3.4082 -6.3027
SCALE 1 1 1
X -0.8479 0.5302 0.0068
Y 0.2546 0.4184 -0.8719
Z -0.4651 -0.7375 -0.4897

PART 47
OFFSET 9.0622 -5.6380 -7.7733
SCALE 1 1 1
X -0.8233 0.0108 0.5675
Y 0.0711 -0.9900 0.1221
Z 0.5631 0.1409 0.8143

PART 48
OFFSET 10.9854 -5.5204 -8.9447
SCALE 1 1 1
X -0.5931 -0.8048 0.0235
Y 0.7872 -0.5858 -0.1927
Z 0.1688 -0.0958 0.9810

PART 49
OFFSET 11.8252 -4.3811 -8.9778
SCALE 1 1 1
X 0.3267 -0.9323 -0.1550
Y 0.9375 0.3404 -0.0715
Z 0.1195 -0.1219 0.9853

PART 50
OFFSET 11.5355 -3.5544 -8.8405
SCALE 1 1 1
X 0.9434 -0.2671 -0.1968
Y 0.2795 0.9594 0.0376
Z 0.1788 -0.0905 0.9797

PART 51
OFFSET 10.6393 -3.3007 -8.6535
SCALE 1 1 1
X -0.9228 -0.3849 -0.0148
Y -0.3734 0.8847 0.2789
Z -0.0943 0.2629 -0.9602

PART 52
OFFSET 9.2784 -5.7116 -7.0969
SCALE 1 1 1
X -0.9535 0.0215 0.3006
Y 0.0222 -0.9897 0.1413
Z 0.3005 0.1414 0.9432

PART 53
OFFSET 11.7089 -5.8102 -8.0141
SCALE 1 1 1
X -0.2130 -0.9745 0.0711
Y 0.9507 -0.2235 -0.2149
Z 0.2253 0.0219 0.9740

PART 54
OFFSET 12.0716 -4.1512 -8.1352
SCALE 1 1 1
X 0.6967 -0.7010 -0.1524
Y 0.6855 0.7132 -0.1468
Z 0.2116 -0.0022 0.9774

PART 55
OFFSET 11.1060 -3.1796 -7.9240
SCALE 1 1 1
X 0.9678 0.1459 -0.2050
Y -0.1431 0.9893 0.0283
Z 0.2069 0.0019 0.9784

PART 56
OFFSET 10.0564 -3.3378 -7.7017
SCALE 1 1 1
X -0.7010 -0.6845 0.1999
Y -0.6807 0.7259 0.0986
Z -0.2126 -0.0669 -0.9748

PART 57
OFFSET 4.0439 -6.1986 -5.8237
SCALE 1 1 1
X -0.9415 -0.2603 0.2140
Y -0.2922 0.9469 -0.1339
Z -0.1678 -0.1886 -0.9676

PART 58
OFFSET 12.1024 -6.0230 -5.8830
SCALE 1 1 1
X -0.8980 -0.4137 0.1502
Y 0.4295 -0.8982 0.0941
Z 0.0960 0.1490 0.9842

PART 59
OFFSET 13.6834 -5.2947 -6.1474
SCALE 1 1 1
X -0.2912 -0.9326 0.2130
Y 0.9536 -0.3008 -0.0136
Z 0.0768 0.1992 0.9769

PART 60
OFFSET 14.0421 -4.1488 -6.3471
SCALE 1 1 1
X 0.2052 -0.9726 0.1097
Y 0.9758 0.1946 -0.0996
Z 0.0756 0.1275 0.9890

PART 61
OFFSET 13.8103 -3.0503 -6.4710
SCALE 1 1 1
X -0.9264 0.1768 0.3324
Y 0.0878 0.9600 -0.2657
Z -0.3661 -0.2170 -0.9049

PART 62
OFFSET 12.0021 -5.9506 -6.9808
SCALE 1 1 1
X -0.1231 -0.9916 0.0388
Y 0.9882 -0.1261 -0.0868
Z 0.0909 0.0276 0.9955

PART 63
OFFSET 12.2426 -4.0134 -7.0565
SCALE 1 1 1
X 0.7637 -0.6440 -0.0450
Y 0.6357 0.7623 -0.1218
Z 0.1127 0.0644 0.9915

PART 64
OFFSET 11.1272 -3.0727 -6.9909
SCALE 1 1 1
X 0.9647 0.2168 -0.1497
Y -0.2316 0.9687 -0.0899
Z 0.1255 0.1214 0.9846

PART 65
OFFSET 10.0336 -3.3184 -6.8283
SCALE 1 1 1
X -0.5998 -0.7927 0.1093
Y -0.7866 0.6091 0.1009
Z -0.1466 -0.0254 -0.9889

PART 66
OFFSET 0.0000 0.0000 0.0000
SCALE 1 1 1
X 1.0000 0.0000 0.0000
Y 0.0000 1.0000 0.0000
Z 0.0000 0.0000 1.0000

PART 67
OFFSET 0.0000 0.0000 0.0000
SCALE 1 1 1
X 1.0000 0.0000 0.0000
Y 0.0000 1.0000 0.0000
Z 0.0000 0.0000 1.0000

PART 68
OFFSET 0.0000 0.0000 0.0000
SCALE 1 1 1
X 1.0000 0.0000 0.0000
Y 0.0000 1.0000 0.0000
Z 0.0000 0.0000 1.0000

PART 69
OFFSET 17.5741 7.5246 -14.6160
SCALE 1 1 1
X 0.9534 -0.0112 -0.3014
Y -0.0231 -0.9991 -0.0359
Z -0.3007 0.0412 -0.9528

PART 70
OFFSET 17.5741 7.5246 -14.6160
SCALE 1 1 1
X 0.9534 -0.0112 -0.3014
Y -0.0231 -0.9991 -0.0359
Z -0.3007 0.0412 -0.9528

PART 71
OFFSET 12.6976 -4.1831 -5.7962
SCALE 1 1 1
X 1.0000 -0.0002 -0.0000
Y 0.0002 1.0000 0.0000
Z 0.0000 -0.0000 1.0000

PART 72
OFFSET 11.3575 -4.1112 -7.0335
SCALE 1 1 1
X 1.0000 -0.0002 -0.0000
Y 0.0002 1.0000 0.0000
Z 0.0000 -0.0000 1.0000

PART 73
OFFSET 15.9704 -4.0277 -5.5611
SCALE 1 1 1
X 1.0000 -0.0002 -0.0000
Y 0.0002 1.0000 0.0000
Z 0.0000 -0.0000 1.0000

PART 74
OFFSET 14.1430 -4.1844 -4.2014
SCALE 1 1 1
X 0.9998 -0.0002 0.0204
Y 0.0002 1.0000 -0.0000
Z -0.0204 0.0000 0.9998

PART 75
OFFSET -10.9392 -2.2965 -2.0591
SCALE 1 1 1
X 1.0000 -0.0002 -0.0000
Y 0.0002 1.0000 0.0000
Z 0.0000 -0.0000 1.0000

PART 76
OFFSET 14.1268 -4.1905 55.4800
SCALE 1 1 1
X 1.0000 -0.0002 -0.0000
Y 0.0002 1.0000 0.0000
Z 0.0000 -0.0000 1.0000

PART 77
OFFSET 14.1270 -3.5133 55.8741
SCALE 1 1 1
X 1.0000 -0.0002 -0.0000
Y 0.0002 1.0000 0.0000
Z 0.0000 -0.0000 1.0000

PART 78
OFFSET 14.1270 -3.5077 56.6623
SCALE 1 1 1
X 1.0000 -0.0002 -0.0000
Y 0.0002 1.0000 0.0000
Z 0.0000 -0.0000 1.0000

PART 79
OFFSET 14.1268 -4.1849 57.0453
SCALE 1 1 1
X 1.0000 -0.0002 -0.0000
Y 0.0002 1.0000 0.0000
Z 0.0000 -0.0000 1.0000

PART 80
OFFSET 14.1266 -4.8677 56.6567
SCALE 1 1 1
X 1.0000 -0.0002 -0.0000
Y 0.0002 1.0000 0.0000
Z 0.0000 -0.0000 1.0000

PART 81
OFFSET 14.1266 -4.8621 55.8796
SCALE 1 1 1
X 1.0000 -0.0002 -0.0000
Y 0.0002 1.0000 0.0000
Z 0.0000 -0.0000 1.0000

PART 82
OFFSET 14.5483 -4.2139 -4.1842
SCALE 1 1 1
X 1.0000 -0.0002 -0.0000
Y 0.0002 1.0000 0.0000
Z 0.0000 -0.0000 1.0000

PART 83
OFFSET 12.0752 -4.1752 -5.1979
SCALE 1 1 1
X 0.7580 -0.0002 -0.6522
Y 0.0002 1.0000 0.0000
Z 0.6522 -0.0002 0.7580


FRAME 401
PART 0
OFFSET 15.6735 8.2156 -12.2154
SCALE 1 1 1
X 0.9491 -0.3028 -0.0861
Y 0.3045 0.8135 0.4955
Z -0.0800 -0.4965 0.8643

PART 1
OFFSET 15.1447 7.1214 -12.9839
SCALE 1 1 1
X 0.9491 -0.3028 -0.0861
Y 0.3045 0.8135 0.4955
Z -0.0800 -0.4965 0.8643

PART 2
OFFSET 14.5464 6.7983 -14.0295
SCALE 1 1 1
X 0.9491 -0.3028 -0.0861
Y 0.3045 0.8135 0.4955
Z -0.0800 -0.4965 0.8643

PART 3
OFFSET 16.5058 7.5933 -14.2167
SCALE 1 1 1
X 1.0000 -0.0028 0.0059
Y -0.0059 0.0081 0.9999
Z -0.0029 -1.0000 0.0081

PART 4
OFFSET 13.6002 8.5378 -13.9643
SCALE 1 1 1
X 0.9478 -0.3081 -0.0823
Y 0.0769 -0.0299 0.9966
Z -0.3095 -0.9509 -0.0046

PART 5
OFFSET 5.5388 11.1582 -13.2640
SCALE 1 1 1
X 0.9478 -0.3081 -0.0823
Y -0.0901 -0.5063 0.8576
Z -0.3059 -0.8054 -0.5076

PART 6
OFFSET -1.9111 -0.4487 -1.8207
SCALE 1 1 1
X 1.0000 0.0000 0.0000
Y 0.0000 1.0000 0.0000
Z 0.0000 0.0000 1.0000

PART 7
OFFSET -0.7853 7.4886 -3.6306
SCALE 1 1 1
X 0.5229 0.3034 -0.7965
Y 0.1424 -0.9525 -0.2694
Z -0.8404 0.0275 -0.5413

PART 8
OFFSET 9.2458 -5.7842 -7.2059
SCALE 1 1 1
X -0.9557 0.0204 0.2935
Y 0.0224 -0.9897 0.1417
Z 0.2933 0.1419 0.9454

PART 9
OFFSET 15.4971 9.8573 -14.0186
SCALE 1 1 1
X 0.9491 -0.3028 -0.0861
Y 0.3045 0.8135 0.4955
Z -0.0800 -0.4965 0.8643

PART 10
OFFSET 9.2458 -5.7842 -7.2059
SCALE 1 1 1
X -0.9557 0.0204 0.2935
Y 0.0224 -0.9897 0.1417
Z 0.2933 0.1419 0.9454

PART 11
OFFSET 14.4510 8.2729 -15.4954
SCALE 1 1 1
X 0.9491 -0.3028 -0.0861
Y 0.3045 0.8135 0.4955
Z -0.0800 -0.4965 0.8643

PART 12
OFFSET 16.9487 7.1893 -13.2457
SCALE 1 1 1
X 0.6673 -0.4622 0.5841
Y -0.4514 0.3729 0.8107
Z -0.5925 -0.8046 0.0402

PART 13
OFFSET 18.3106 6.1844 -11.9022
SCALE 1 1 1
X 0.9227 -0.3843 -0.0317
Y -0.0055 -0.0953 0.9954
Z -0.3856 -0.9183 -0.0901

PART 14
OFFSET 19.7572 5.4668 -12.0229
SCALE 1 1 1
X 0.7550 -0.4244 -0.4998
Y 0.4228 -0.2676 0.8658
Z -0.5012 -0.8650 -0.0226

PART 15
OFFSET 20.5580 4.9637 -12.5497
SCALE 1 1 1
X 0.9664 0.1872 -0.1761
Y -0.1818 0.9822 0.0467
Z 0.1817 -0.0131 0.9833

PART 16
OFFSET 17.3577 7.3802 -15.2807
SCALE 1 1 1
X 0.8231 -0.0499 -0.5656
Y -0.0720 -0.9973 -0.0168
Z -0.5632 0.0546 -0.8245

PART 17
OFFSET 19.2804 7.1378 -16.4336
SCALE 1 1 1
X 0.8429 -0.4195 -0.3370
Y -0.3865 -0.9077 0.1634
Z -0.3744 -0.0075 -0.9272

PART 18
OFFSET 20.4737 6.5438 -16.9107
SCALE 1 1 1
X 0.1468 -0.9882 -0.0432
Y -0.9353 -0.1529 0.3191
Z -0.3220 -0.0065 -0.9467

PART 19
OFFSET 20.6039 5.6676 -16.9490
SCALE 1 1 1
X -0.4778 -0.8538 0.2065
Y -0.7896 0.5205 0.3250
Z -0.3849 -0.0077 -0.9229

PART 20
OFFSET 20.1499 4.8565 -16.7528
SCALE 1 1 1
X 0.9168 0.3275 -0.2285
Y -0.3373 0.9414 -0.0041
Z 0.2137 0.0808 0.9735

PART 21
OFFSET 17.5741 7.5246 -14.6160
SCALE 1 1 1
X 0.9534 -0.0112 -0.3014
Y -0.0231 -0.9991 -0.0359
Z -0.3007 0.0412 -0.9528

PART 22
OFFSET 20.0045 7.5236 -15.5390
SCALE 1 1 1
X 0.8238 -0.4922 -0.2813
Y -0.4634 -0.8704 0.1662
Z -0.3266 -0.0065 -0.9451

PART 23
OFFSET 21.4069 6.6856 -16.0179
SCALE 1 1 1
X 0.0390 -0.9992 0.0006
Y -0.9529 -0.0370 0.3010
Z -0.3007 -0.0123 -0.9536

PART 24
OFFSET 21.4610 5.3007 -16.0171
SCALE 1 1 1
X -0.5332 -0.8280 0.1733
Y -0.7908 0.5607 0.2457
Z -0.3006 -0.0060 -0.9537

PART 25
OFFSET 20.8827 4.4027 -15.8292
SCALE 1 1 1
X 0.8738 0.3579 -0.3292
Y -0.3286 0.9336 0.1427
Z 0.3584 -0.0165 0.9334

PART 26
OFFSET 19.5775 7.0615 -12.6064
SCALE 1 1 1
X 0.9412 -0.2823 -0.1856
Y 0.2931 0.9555 0.0331
Z 0.1680 -0.0855 0.9821

PART 27
OFFSET 20.3989 7.9601 -13.4424
SCALE 1 1 1
X 0.7909 -0.6060 0.0849
Y -0.6022 -0.7955 -0.0675
Z 0.1085 0.0023 -0.9941

PART 28
OFFSET 21.7914 6.8931 -13.2929
SCALE 1 1 1
X 0.4467 -0.8945 0.0186
Y -0.8841 -0.4445 -0.1442
Z 0.1372 0.0480 -0.9894

PART 29
OFFSET 22.3261 5.8028 -13.2102
SCALE 1 1 1
X 0.1637 -0.9853 0.0483
Y -0.9750 -0.1690 -0.1441
Z 0.1501 -0.0236 -0.9884

PART 30
OFFSET 22.5110 4.6898 -13.1556
SCALE 1 1 1
X 0.8691 0.4667 -0.1637
Y -0.4663 0.8836 0.0434
Z 0.1649 0.0386 0.9856

PART 31
OFFSET 20.2981 7.7722 -14.5264
SCALE 1 1 1
X 0.7987 -0.6009 -0.0312
Y -0.6004 -0.7993 0.0244
Z -0.0396 -0.0007 -0.9992

PART 32
OFFSET 21.8584 6.5983 -14.5873
SCALE 1 1 1
X 0.0475 -0.9988 -0.0130
Y -0.9956 -0.0484 0.0807
Z -0.0813 0.0091 -0.9967

PART 33
OFFSET 21.9279 5.1394 -14.6063
SCALE 1 1 1
X -0.5114 -0.8584 0.0408
Y -0.8487 0.5120 0.1324
Z -0.1346 0.0331 -0.9904

PART 34
OFFSET 21.3483 4.1671 -14.5672
SCALE 1 1 1
X 0.9428 0.3291 -0.0526
Y -0.3295 0.9442 0.0010
Z 0.0500 0.0163 0.9986

PART 35
OFFSET 12.6535 -4.2514 -5.8801
SCALE 1 1 1
X 1.0000 0.0010 0.0074
Y -0.0010 1.0000 -0.0002
Z -0.0074 0.0002 1.0000

PART 36
OFFSET -14.7030 -3.1330 -3.1208
SCALE 1 1 1
X -0.9427 0.2716 0.1939
Y -0.0495 -0.6883 0.7237
Z 0.3300 0.6727 0.6623

PART 37
OFFSET -3.3023 -6.4177 -5.4655
SCALE 1 1 1
X -0.9918 -0.0525 0.1162
Y 0.0214 -0.9670 -0.2538
Z 0.1257 -0.2493 0.9602

PART 38
OFFSET 5.1337 -5.9715 -6.4537
SCALE 1 1 1
X -0.9918 -0.0525 0.1162
Y -0.1093 -0.1197 -0.9868
Z 0.0657 -0.9914 0.1130

PART 39
OFFSET 6.3417 -5.0740 -8.1099
SCALE 1 1 1
X -0.9923 -0.0460 0.1151
Y -0.1231 0.2633 -0.9568
Z 0.0137 -0.9636 -0.2669

PART 40
OFFSET 6.8203 -4.5216 -7.0624
SCALE 1 1 1
X -0.9923 -0.0460 0.1151
Y -0.1231 0.2633 -0.9568
Z 0.0137 -0.9636 -0.2669

PART 41
OFFSET 7.1890 -5.2620 -5.0828
SCALE 1 1 1
X -0.9923 -0.0460 0.1151
Y -0.1231 0.2633 -0.9568
Z 0.0137 -0.9636 -0.2669

PART 42
OFFSET 8.1744 -5.8107 -6.8099
SCALE 1 1 1
X -0.9999 -0.0038 -0.0134
Y 0.0137 -0.0978 -0.9951
Z 0.0025 -0.9952 0.0978

PART 43
OFFSET 8.6100 -5.3060 -5.8837
SCALE 1 1 1
X -0.5947 -0.7707 -0.2285
Y 0.6286 -0.2686 -0.7299
Z 0.5011 -0.5777 0.6443

PART 44
OFFSET 9.8028 -3.5839 -5.3536
SCALE 1 1 1
X -0.9484 -0.3019 0.0965
Y 0.1768 -0.7565 -0.6297
Z 0.2631 -0.5802 0.7708

PART 45
OFFSET 11.3150 -3.0766 -5.6332
SCALE 1 1 1
X -0.6162 0.4064 0.6746
Y -0.6819 -0.7039 -0.1989
Z 0.3940 -0.5826 0.7109

PART 46
OFFSET 11.9749 -3.4774 -6.3919
SCALE 1 1 1
X -0.8485 0.5292 0.0004
Y 0.2606 0.4185 -0.8700
Z -0.4606 -0.7381 -0.4930

PART 47
OFFSET 9.0347 -5.7111 -7.8839
SCALE 1 1 1
X -0.8275 0.0100 0.5613
Y 0.0714 -0.9899 0.1228
Z 0.5568 0.1417 0.8184

PART 48
OFFSET 10.9664 -5.5915 -9.0409
SCALE 1 1 1
X -0.5923 -0.8055 0.0192
Y 0.7893 -0.5849 -0.1867
Z 0.1616 -0.0954 0.9822

PART 49
OFFSET 11.8050 -4.4511 -9.0681
SCALE 1 1 1
X 0.3290 -0.9320 -0.1523
Y 0.9376 0.3416 -0.0646
Z 0.1123 -0.1215 0.9862

PART 50
OFFSET 11.5133 -3.6248 -8.9331
SCALE 1 1 1
X 0.9451 -0.2660 -0.1897
Y 0.2781 0.9597 0.0395
Z 0.1716 -0.0901 0.9810

PART 51
OFFSET 10.6154 -3.3721 -8.7529
SCALE 1 1 1
X -0.9223 -0.3860 -0.0215
Y -0.3766 0.8844 0.2759
Z -0.0874 0.2625 -0.9610

PART 52
OFFSET 9.2458 -5.7842 -7.2059
SCALE 1 1 1
X -0.9557 0.0204 0.2935
Y 0.0224 -0.9897 0.1417
Z 0.2933 0.1419 0.9454

PART 53
OFFSET 11.6833 -5.8802 -8.1049
SCALE 1 1 1
X -0.2124 -0.9747 0.0698
Y 0.9526 -0.2224 -0.2078
Z 0.2180 0.0223 0.9757

PART 54
OFFSET 12.0448 -4.2207 -8.2237
SCALE 1 1 1
X 0.6987 -0.7002 -0.1470
Y 0.6857 0.7139 -0.1419
Z 0.2043 -0.0017 0.9789

PART 55
OFFSET 11.0766 -3.2503 -8.0200
SCALE 1 1 1
X 0.9692 0.1470 -0.1978
Y -0.1445 0.9891 0.0270
Z 0.1996 0.0024 0.9799

PART 56
OFFSET 10.0255 -3.4097 -7.8054
SCALE 1 1 1
X -0.7017 -0.6853 0.1948
Y -0.6823 0.7251 0.0934
Z -0.2053 -0.0674 -0.9764

PART 57
OFFSET 4.0026 -6.2773 -5.9716
SCALE 1 1 1
X -0.9428 -0.2614 0.2071
Y -0.2924 0.9465 -0.1363
Z -0.1604 -0.1890 -0.9688

PART 58
OFFSET 12.0612 -6.0920 -5.9709
SCALE 1 1 1
X -0.8986 -0.4147 0.1436
Y 0.4299 -0.8976 0.0975
Z 0.0885 0.1493 0.9848

PART 59
OFFSET 13.6432 -5.3619 -6.2237
SCALE 1 1 1
X -0.2916 -0.9329 0.2111
Y 0.9540 -0.2997 -0.0064
Z 0.0692 0.1995 0.9774

PART 60
OFFSET 14.0020 -4.2156 -6.4210
SCALE 1 1 1
X 0.2055 -0.9723 0.1115
Y 0.9763 0.1958 -0.0924
Z 0.0680 0.1278 0.9895

PART 61
OFFSET 13.7698 -3.1174 -6.5469
SCALE 1 1 1
X -0.9291 0.1757 0.3255
Y 0.0887 0.9601 -0.2653
Z -0.3591 -0.2176 -0.9076

PART 62
OFFSET 11.9689 -6.0200 -7.0694
SCALE 1 1 1
X -0.1222 -0.9918 0.0381
Y 0.9890 -0.1249 -0.0794
Z 0.0835 0.0280 0.9961

PART 63
OFFSET 12.2077 -4.0825 -7.1438
SCALE 1 1 1
X 0.7648 -0.6431 -0.0391
Y 0.6357 0.7630 -0.1172
Z 0.1052 0.0648 0.9923

PART 64
OFFSET 11.0907 -3.1431 -7.0867
SCALE 1 1 1
X 0.9655 0.2179 -0.1426
Y -0.2321 0.9684 -0.0918
Z 0.1181 0.1217 0.9855

PART 65
OFFSET 9.9962 -3.3901 -6.9323
SCALE 1 1 1
X -0.5996 -0.7933 0.1050
Y -0.7881 0.6082 0.0949
Z -0.1392 -0.0258 -0.9899

PART 66
OFFSET 0.0000 0.0000 0.0000
SCALE 1 1 1
X 1.0000 0.0000 0.0000
Y 0.0000 1.0000 0.0000
Z 0.0000 0.0000 1.0000

PART 67
OFFSET 0.0000 0.0000 0.0000
SCALE 1 1 1
X 1.0000 0.0000 0.0000
Y 0.0000 1.0000 0.0000
Z 0.0000 0.0000 1.0000

PART 68
OFFSET 0.0000 0.0000 0.0000
SCALE 1 1 1
X 1.0000 0.0000 0.0000
Y 0.0000 1.0000 0.0000
Z 0.0000 0.0000 1.0000

PART 69
OFFSET 17.5741 7.5246 -14.6160
SCALE 1 1 1
X 0.9534 -0.0112 -0.3014
Y -0.0231 -0.9991 -0.0359
Z -0.3007 0.0412 -0.9528

PART 70
OFFSET 17.5741 7.5246 -14.6160
SCALE 1 1 1
X 0.9534 -0.0112 -0.3014
Y -0.0231 -0.9991 -0.0359
Z -0.3007 0.0412 -0.9528

PART 71
OFFSET 12.6535 -4.2514 -5.8801
SCALE 1 1 1
X 1.0000 0.0010 0.0074
Y -0.0010 1.0000 -0.0002
Z -0.0074 0.0002 1.0000

PART 72
OFFSET 11.3225 -4.1814 -7.1274
SCALE 1 1 1
X 1.0000 0.0010 0.0074
Y -0.0010 1.0000 -0.0002
Z -0.0074 0.0002 1.0000

PART 73
OFFSET 15.9242 -4.0920 -5.6207
SCALE 1 1 1
X 1.0000 0.0010 0.0074
Y -0.0010 1.0000 -0.0002
Z -0.0074 0.0002 1.0000

PART 74
OFFSET 14.0869 -4.2506 -4.2747
SCALE 1 1 1
X 0.9996 0.0010 0.0279
Y -0.0010 1.0000 -0.0002
Z -0.0279 0.0002 0.9996

PART 75
OFFSET -11.0127 -2.3923 -2.3195
SCALE 1 1 1
X 1.0000 0.0010 0.0074
Y -0.0010 1.0000 -0.0002
Z -0.0074 0.0002 1.0000

PART 76
OFFSET 13.6264 -4.2435 55.4050
SCALE 1 1 1
X 1.0000 0.0010 0.0074
Y -0.0010 1.0000 -0.0002
Z -0.0074 0.0002 1.0000

PART 77
OFFSET 13.6228 -3.5662 55.7989
SCALE 1 1 1
X 1.0000 0.0010 0.0074
Y -0.0010 1.0000 -0.0002
Z -0.0074 0.0002 1.0000

PART 78
OFFSET 13.6169 -3.5605 56.5871
SCALE 1 1 1
X 1.0000 0.0010 0.0074
Y -0.0010 1.0000 -0.0002
Z -0.0074 0.0002 1.0000

PART 79
OFFSET 13.6147 -4.2376 56.9702
SCALE 1 1 1
X 1.0000 0.0010 0.0074
Y -0.0010 1.0000 -0.0002
Z -0.0074 0.0002 1.0000

PART 80
OFFSET 13.6183 -4.9204 56.5818
SCALE 1 1 1
X 1.0000 0.0010 0.0074
Y -0.0010 1.0000 -0.0002
Z -0.0074 0.0002 1.0000

PART 81
OFFSET 13.6241 -4.9150 55.8048
SCALE 1 1 1
X 1.0000 0.0010 0.0074
Y -0.0010 1.0000 -0.0002
Z -0.0074 0.0002 1.0000

PART 82
OFFSET 14.4921 -4.2796 -4.2544
SCALE 1 1 1
X 1.0000 0.0010 0.0074
Y -0.0010 1.0000 -0.0002
Z -0.0074 0.0002 1.0000

PART 83
OFFSET 12.0266 -4.2441 -5.2865
SCALE 1 1 1
X 0.7629 0.0006 -0.6466
Y -0.0010 1.0000 -0.0002
Z 0.6466 0.0008 0.7629


FRAME 402
PART 0
OFFSET 15.6735 8.2156 -12.2154
SCALE 1 1 1
X 0.9491 -0.3028 -0.0861
Y 0.3045 0.8135 0.4955
Z -0.0800 -0.4965 0.8643

PART 1
OFFSET 15.1447 7.1214 -12.9839
SCALE 1 1 1
X 0.9491 -0.3028 -0.0861
Y 0.3045 0.8135 0.4955
Z -0.0800 -0.4965 0.8643

PART 2
OFFSET 14.5464 6.7983 -14.0295
SCALE 1 1 1
X 0.9491 -0.3028 -0.0861
Y 0.3045 0.8135 0.4955
Z -0.0800 -0.4965 0.8643

PART 3
OFFSET 16.5058 7.5933 -14.2167
SCALE 1 1 1
X 1.0000 -0.0028 0.0059
Y -0.0059 0.0081 0.9999
Z -0.0029 -1.0000 0.0081

PART 4
OFFSET 13.6002 8.5378 -13.9643
SCALE 1 1 1
X 0.9478 -0.3081 -0.0823
Y 0.0769 -0.0299 0.9966
Z -0.3095 -0.9509 -0.0046

PART 5
OFFSET 5.5388 11.1582 -13.2640
SCALE 1 1 1
X 0.9478 -0.3081 -0.0823
Y -0.0901 -0.5063 0.8576
Z -0.3059 -0.8054 -0.5076

PART 6
OFFSET -1.9111 -0.4487 -1.8207
SCALE 1 1 1
X 1.0000 0.0000 0.0000
Y 0.0000 1.0000 0.0000
Z 0.0000 0.0000 1.0000

PART 7
OFFSET -0.7853 7.4886 -3.6306
SCALE 1 1 1
X 0.5229 0.3034 -0.7965
Y 0.1424 -0.9525 -0.2694
Z -0.8404 0.0275 -0.5413

PART 8
OFFSET 9.1598 -5.9813 -7.5013
SCALE 1 1 1
X -0.9615 0.0175 0.2741
Y 0.0227 -0.9895 0.1427
Z 0.2737 0.1434 0.9511

PART 9
OFFSET 15.4971 9.8573 -14.0186
SCALE 1 1 1
X 0.9491 -0.3028 -0.0861
Y 0.3045 0.8135 0.4955
Z -0.0800 -0.4965 0.8643

PART 10
OFFSET 9.1598 -5.9813 -7.5013
SCALE 1 1 1
X -0.9615 0.0175 0.2741
Y 0.0227 -0.9895 0.1427
Z 0.2737 0.1434 0.9511

PART 11
OFFSET 14.4510 8.2729 -15.4954
SCALE 1 1 1
X 0.9491 -0.3028 -0.0861
Y 0.3045 0.8135 0.4955
Z -0.0800 -0.4965 0.8643

PART 12
OFFSET 16.9487 7.1893 -13.2457
SCALE 1 1 1
X 0.6673 -0.4622 0.5841
Y -0.4514 0.3729 0.8107
Z -0.5925 -0.8046 0.0402

PART 13
OFFSET 18.3106 6.1844 -11.9022
SCALE 1 1 1
X 0.9227 -0.3843 -0.0317
Y -0.0055 -0.0953 0.9954
Z -0.3856 -0.9183 -0.0901

PART 14
OFFSET 19.7572 5.4668 -12.0229
SCALE 1 1 1
X 0.7550 -0.4244 -0.4998
Y 0.4228 -0.2676 0.8658
Z -0.5012 -0.8650 -0.0226

PART 15
OFFSET 20.5580 4.9637 -12.5497
SCALE 1 1 1
X 0.9664 0.1872 -0.1761
Y -0.1818 0.9822 0.0467
Z 0.1817 -0.0131 0.9833

PART 16
OFFSET 17.3577 7.3802 -15.2807
SCALE 1 1 1
X 0.8231 -0.0499 -0.5656
Y -0.0720 -0.9973 -0.0168
Z -0.5632 0.0546 -0.8245

PART 17
OFFSET 19.2804 7.1378 -16.4336
SCALE 1 1 1
X 0.8429 -0.4195 -0.3370
Y -0.3865 -0.9077 0.1634
Z -0.3744 -0.0075 -0.9272

PART 18
OFFSET 20.4737 6.5438 -16.9107
SCALE 1 1 1
X 0.1468 -0.9882 -0.0432
Y -0.9353 -0.1529 0.3191
Z -0.3220 -0.0065 -0.9467

PART 19
OFFSET 20.6039 5.6676 -16.9490
SCALE 1 1 1
X -0.4778 -0.8538 0.2065
Y -0.7896 0.5205 0.3250
Z -0.3849 -0.0077 -0.9229

PART 20
OFFSET 20.1499 4.8565 -16.7528
SCALE 1 1 1
X 0.9168 0.3275 -0.2285
Y -0.3373 0.9414 -0.0041
Z 0.2137 0.0808 0.9735

PART 21
OFFSET 17.5741 7.5246 -14.6160
SCALE 1 1 1
X 0.9534 -0.0112 -0.3014
Y -0.0231 -0.9991 -0.0359
Z -0.3007 0.0412 -0.9528

PART 22
OFFSET 20.0045 7.5236 -15.5390
SCALE 1 1 1
X 0.8238 -0.4922 -0.2813
Y -0.4634 -0.8704 0.1662
Z -0.3266 -0.0065 -0.9451

PART 23
OFFSET 21.4069 6.6856 -16.0179
SCALE 1 1 1
X 0.0390 -0.9992 0.0006
Y -0.9529 -0.0370 0.3010
Z -0.3007 -0.0123 -0.9536

PART 24
OFFSET 21.4610 5.3007 -16.0171
SCALE 1 1 1
X -0.5332 -0.8280 0.1733
Y -0.7908 0.5607 0.2457
Z -0.3006 -0.0060 -0.9537

PART 25
OFFSET 20.8827 4.4027 -15.8292
SCALE 1 1 1
X 0.8738 0.3579 -0.3292
Y -0.3286 0.9336 0.1427
Z 0.3584 -0.0165 0.9334

PART 26
OFFSET 19.5775 7.0615 -12.6064
SCALE 1 1 1
X 0.9412 -0.2823 -0.1856
Y 0.2931 0.9555 0.0331
Z 0.1680 -0.0855 0.9821

PART 27
OFFSET 20.3989 7.9601 -13.4424
SCALE 1 1 1
X 0.7909 -0.6060 0.0849
Y -0.6022 -0.7955 -0.0675
Z 0.1085 0.0023 -0.9941

PART 28
OFFSET 21.7914 6.8931 -13.2929
SCALE 1 1 1
X 0.4467 -0.8945 0.0186
Y -0.8841 -0.4445 -0.1442
Z 0.1372 0.0480 -0.9894

PART 29
OFFSET 22.3261 5.8028 -13.2102
SCALE 1 1 1
X 0.1637 -0.9853 0.0483
Y -0.9750 -0.1690 -0.1441
Z 0.1501 -0.0236 -0.9884

PART 30
OFFSET 22.5110 4.6898 -13.1556
SCALE 1 1 1
X 0.8691 0.4667 -0.1637
Y -0.4663 0.8836 0.0434
Z 0.1649 0.0386 0.9856

PART 31
OFFSET 20.2981 7.7722 -14.5264
SCALE 1 1 1
X 0.7987 -0.6009 -0.0312
Y -0.6004 -0.7993 0.0244
Z -0.0396 -0.0007 -0.9992

PART 32
OFFSET 21.8584 6.5983 -14.5873
SCALE 1 1 1
X 0.0475 -0.9988 -0.0130
Y -0.9956 -0.0484 0.0807
Z -0.0813 0.0091 -0.9967

PART 33
OFFSET 21.9279 5.1394 -14.6063
SCALE 1 1 1
X -0.5114 -0.8584 0.0408
Y -0.8487 0.5120 0.1324
Z -0.1346 0.0331 -0.9904

PART 34
OFFSET 21.3483 4.1671 -14.5672
SCALE 1 1 1
X 0.9428 0.3291 -0.0526
Y -0.3295 0.9442 0.0010
Z 0.0500 0.0163 0.9986

PART 35
OFFSET 12.5349 -4.4368 -6.1078
SCALE 1 1 1
X 0.9996 0.0042 0.0277
Y -0.0042 1.0000 -0.0009
Z -0.0277 0.0007 0.9996

PART 36
OFFSET -14.7030 -3.1330 -3.1208
SCALE 1 1 1
X -0.9350 0.2809 0.2164
Y -0.0584 -0.7238 0.6875
Z 0.3498 0.6302 0.6932

PART 37
OFFSET -3.3950 -6.5308 -5.7375
SCALE 1 1 1
X -0.9917 -0.0449 0.1201
Y 0.0062 -0.9524 -0.3047
Z 0.1280 -0.3015 0.9448

PART 38
OFFSET 5.0402 -6.1488 -6.7588
SCALE 1 1 1
X -0.9917 -0.0449 0.1201
Y -0.1139 -0.1208 -0.9861
Z 0.0588 -0.9917 0.1147

PART 39
OFFSET 6.2546 -5.1746 -8.3377
SCALE 1 1 1
X -0.9921 -0.0384 0.1193
Y -0.1253 0.3153 -0.9407
Z -0.0015 -0.9482 -0.3176

PART 40
OFFSET 6.7455 -4.6724 -7.2769
SCALE 1 1 1
X -0.9921 -0.0384 0.1193
Y -0.1253 0.3153 -0.9407
Z -0.0015 -0.9482 -0.3176

PART 41
OFFSET 7.1089 -5.4984 -5.3915
SCALE 1 1 1
X -0.9921 -0.0384 0.1193
Y -0.1253 0.3153 -0.9407
Z -0.0015 -0.9482 -0.3176

PART 42
OFFSET 8.0806 -6.0111 -7.1269
SCALE 1 1 1
X -0.9994 -0.0071 -0.0336
Y 0.0341 -0.0983 -0.9946
Z 0.0037 -0.9951 0.0984

PART 43
OFFSET 8.4958 -5.5045 -6.1925
SCALE 1 1 1
X -0.5875 -0.7728 -0.2400
Y 0.6441 -0.2670 -0.7168
Z 0.4899 -0.5758 0.6546

PART 44
OFFSET 9.6720 -3.7782 -5.6393
SCALE 1 1 1
X -0.9492 -0.3050 0.0775
Y 0.1919 -0.7562 -0.6255
Z 0.2493 -0.5789 0.7764

PART 45
OFFSET 11.1879 -3.2661 -5.8887
SCALE 1 1 1
X -0.6310 0.4047 0.6618
Y -0.6755 -0.7062 -0.2122
Z 0.3815 -0.5809 0.7190

PART 46
OFFSET 11.8643 -3.6652 -6.6336
SCALE 1 1 1
X -0.8501 0.5264 -0.0171
Y 0.2768 0.4189 -0.8648
Z -0.4481 -0.7399 -0.5018

PART 47
OFFSET 8.9621 -5.9092 -8.1834
SCALE 1 1 1
X -0.8387 0.0076 0.5445
Y 0.0721 -0.9896 0.1248
Z 0.5397 0.1440 0.8294

PART 48
OFFSET 10.9164 -5.7839 -9.3012
SCALE 1 1 1
X -0.5900 -0.8074 0.0077
Y 0.7948 -0.5825 -0.1704
Z 0.1421 -0.0944 0.9854

PART 49
OFFSET 11.7517 -4.6409 -9.3122
SCALE 1 1 1
X 0.3350 -0.9310 -0.1451
Y 0.9376 0.3446 -0.0459
Z 0.0927 -0.1206 0.9884

PART 50
OFFSET 11.4547 -3.8155 -9.1835
SCALE 1 1 1
X 0.9496 -0.2631 -0.1704
Y 0.2741 0.9607 0.0445
Z 0.1520 -0.0890 0.9844

PART 51
OFFSET 10.5525 -3.5656 -9.0216
SCALE 1 1 1
X -0.9204 -0.3890 -0.0399
Y -0.3849 0.8833 0.2677
Z -0.0688 0.2617 -0.9627

PART 52
OFFSET 9.1598 -5.9813 -7.5013
SCALE 1 1 1
X -0.9615 0.0175 0.2741
Y 0.0227 -0.9895 0.1427
Z 0.2737 0.1434 0.9511

PART 53
OFFSET 11.6152 -6.0698 -8.3508
SCALE 1 1 1
X -0.2106 -0.9753 0.0661
Y 0.9573 -0.2194 -0.1884
Z 0.1982 0.0236 0.9799

PART 54
OFFSET 11.9737 -4.4093 -8.4632
SCALE 1 1 1
X 0.7037 -0.6980 -0.1324
Y 0.6861 0.7161 -0.1284
Z 0.1845 -0.0005 0.9828

PART 55
OFFSET 10.9983 -3.4419 -8.2797
SCALE 1 1 1
X 0.9725 0.1500 -0.1783
Y -0.1482 0.9887 0.0235
Z 0.1798 0.0036 0.9837

PART 56
OFFSET 9.9436 -3.6046 -8.0863
SCALE 1 1 1
X -0.7032 -0.6875 0.1810
Y -0.6864 0.7229 0.0791
Z -0.1853 -0.0686 -0.9803

PART 57
OFFSET 3.8943 -6.4907 -6.3729
SCALE 1 1 1
X -0.9459 -0.2643 0.1881
Y -0.2926 0.9455 -0.1427
Z -0.1402 -0.1901 -0.9717

PART 58
OFFSET 11.9505 -6.2793 -6.2094
SCALE 1 1 1
X -0.8999 -0.4175 0.1257
Y 0.4307 -0.8962 0.1067
Z 0.0681 0.1502 0.9863

PART 59
OFFSET 13.5350 -5.5442 -6.4307
SCALE 1 1 1
X -0.2928 -0.9338 0.2057
Y 0.9549 -0.2966 0.0130
Z 0.0488 0.2002 0.9785

PART 60
OFFSET 13.8939 -4.3968 -6.6213
SCALE 1 1 1
X 0.2064 -0.9716 0.1162
Y 0.9773 0.1989 -0.0728
Z 0.0476 0.1286 0.9906

PART 61
OFFSET 13.6608 -3.2994 -6.7525
SCALE 1 1 1
X -0.9360 0.1729 0.3065
Y 0.0909 0.9602 -0.2640
Z -0.3400 -0.2193 -0.9145

PART 62
OFFSET 11.8803 -6.2082 -7.3096
SCALE 1 1 1
X -0.1198 -0.9921 0.0362
Y 0.9908 -0.1218 -0.0593
Z 0.0632 0.0288 0.9976

PART 63
OFFSET 12.1142 -4.2700 -7.3804
SCALE 1 1 1
X 0.7675 -0.6407 -0.0233
Y 0.6354 0.7650 -0.1048
Z 0.0850 0.0656 0.9942

PART 64
OFFSET 10.9933 -3.3342 -7.3464
SCALE 1 1 1
X 0.9675 0.2209 -0.1232
Y -0.2333 0.9675 -0.0971
Z 0.0977 0.1226 0.9876

PART 65
OFFSET 9.8967 -3.5846 -7.2139
SCALE 1 1 1
X -0.5991 -0.7952 0.0933
Y -0.7918 0.6057 0.0786
Z -0.1190 -0.0268 -0.9925

PART 66
OFFSET 0.0000 0.0000 0.0000
SCALE 1 1 1
X 1.0000 0.0000 0.0000
Y 0.0000 1.0000 0.0000
Z 0.0000 0.0000 1.0000

PART 67
OFFSET 0.0000 0.0000 0.0000
SCALE 1 1 1
X 1.0000 0.0000 0.0000
Y 0.0000 1.0000 0.0000
Z 0.0000 0.0000 1.0000

PART 68
OFFSET 0.0000 0.0000 0.0000
SCALE 1 1 1
X 1.0000 0.0000 0.0000
Y 0.0000 1.0000 0.0000
Z 0.0000 0.0000 1.0000

PART 69
OFFSET 17.5741 7.5246 -14.6160
SCALE 1 1 1
X 0.9534 -0.0112 -0.3014
Y -0.0231 -0.9991 -0.0359
Z -0.3007 0.0412 -0.9528

PART 70
OFFSET 17.5741 7.5246 -14.6160
SCALE 1 1 1
X 0.9534 -0.0112 -0.3014
Y -0.0231 -0.9991 -0.0359
Z -0.3007 0.0412 -0.9528

PART 71
OFFSET 12.5349 -4.4368 -6.1078
SCALE 1 1 1
X 0.9996 0.0042 0.0277
Y -0.0042 1.0000 -0.0009
Z -0.0277 0.0007 0.9996

PART 72
OFFSET 11.2292 -4.3717 -7.3817
SCALE 1 1 1
X 0.9996 0.0042 0.0277
Y -0.0042 1.0000 -0.0009
Z -0.0277 0.0007 0.9996

PART 73
OFFSET 15.7992 -4.2666 -5.7824
SCALE 1 1 1
X 0.9996 0.0042 0.0277
Y -0.0042 1.0000 -0.0009
Z -0.0277 0.0007 0.9996

PART 74
OFFSET 13.9356 -4.4304 -4.4737
SCALE 1 1 1
X 0.9988 0.0042 0.0481
Y -0.0042 1.0000 -0.0009
Z -0.0481 0.0006 0.9988

PART 75
OFFSET -11.2043 -2.6526 -3.0273
SCALE 1 1 1
X 0.9996 0.0042 0.0277
Y -0.0042 1.0000 -0.0009
Z -0.0277 0.0007 0.9996

PART 76
OFFSET 12.2690 -4.3928 55.1844
SCALE 1 1 1
X 0.9996 0.0042 0.0277
Y -0.0042 1.0000 -0.0009
Z -0.0277 0.0007 0.9996

PART 77
OFFSET 12.2553 -3.7153 55.5778
SCALE 1 1 1
X 0.9996 0.0042 0.0277
Y -0.0042 1.0000 -0.0009
Z -0.0277 0.0007 0.9996

PART 78
OFFSET 12.2335 -3.7092 56.3657
SCALE 1 1 1
X 0.9996 0.0042 0.0277
Y -0.0042 1.0000 -0.0009
Z -0.0277 0.0007 0.9996

PART 79
OFFSET 12.2257 -4.3861 56.7491
SCALE 1 1 1
X 0.9996 0.0042 0.0277
Y -0.0042 1.0000 -0.0009
Z -0.0277 0.0007 0.9996

PART 80
OFFSET 12.2393 -5.0691 56.3613
SCALE 1 1 1
X 0.9996 0.0042 0.0277
Y -0.0042 1.0000 -0.0009
Z -0.0277 0.0007 0.9996

PART 81
OFFSET 12.2608 -5.0641 55.5845
SCALE 1 1 1
X 0.9996 0.0042 0.0277
Y -0.0042 1.0000 -0.0009
Z -0.0277 0.0007 0.9996

PART 82
OFFSET 14.3404 -4.4581 -4.4452
SCALE 1 1 1
X 0.9996 0.0042 0.0277
Y -0.0042 1.0000 -0.0009
Z -0.0277 0.0007 0.9996

PART 83
OFFSET 11.8961 -4.4312 -5.5269
SCALE 1 1 1
X 0.7758 0.0027 -0.6310
Y -0.0042 1.0000 -0.0009
Z 0.6310 0.0033 0.7758


FRAME 403
PART 0
OFFSET 15.6735 8.2156 -12.2154
SCALE 1 1 1
X 0.9491 -0.3028 -0.0861
Y 0.3045 0.8135 0.4955
Z -0.0800 -0.4965 0.8643

PART 1
OFFSET 15.1447 7.1214 -12.9839
SCALE 1 1 1
X 0.9491 -0.3028 -0.0861
Y 0.3045 0.8135 0.4955
Z -0.0800 -0.4965 0.8643

PART 2
OFFSET 14.5464 6.7983 -14.0295
SCALE 1 1 1
X 0.9491 -0.3028 -0.0861
Y 0.3045 0.8135 0.4955
Z -0.0800 -0.4965 0.8643

PART 3
OFFSET 16.5058 7.5933 -14.2167
SCALE 1 1 1
X 1.0000 -0.0028 0.0059
Y -0.0059 0.0081 0.9999
Z -0.0029 -1.0000 0.0081

PART 4
OFFSET 13.6002 8.5378 -13.9643
SCALE 1 1 1
X 0.9478 -0.3081 -0.0823
Y 0.0769 -0.0299 0.9966
Z -0.3095 -0.9509 -0.0046

PART 5
OFFSET 5.5388 11.1582 -13.2640
SCALE 1 1 1
X 0.9478 -0.3081 -0.0823
Y -0.0901 -0.5063 0.8576
Z -0.3059 -0.8054 -0.5076

PART 6
OFFSET -1.9111 -0.4487 -1.8207
SCALE 1 1 1
X 1.0000 0.0000 0.0000
Y 0.0000 1.0000 0.0000
Z 0.0000 0.0000 1.0000

PART 7
OFFSET -0.7853 7.4886 -3.6306
SCALE 1 1 1
X 0.5229 0.3034 -0.7965
Y 0.1424 -0.9525 -0.2694
Z -0.8404 0.0275 -0.5413

PART 8
OFFSET 9.0387 -6.2712 -7.9350
SCALE 1 1 1
X -0.9694 0.0131 0.2453
Y 0.0231 -0.9893 0.1441
Z 0.2446 0.1453 0.9587

PART 9
OFFSET 15.4971 9.8573 -14.0186
SCALE 1 1 1
X 0.9491 -0.3028 -0.0861
Y 0.3045 0.8135 0.4955
Z -0.0800 -0.4965 0.8643

PART 10
OFFSET 9.0387 -6.2712 -7.9350
SCALE 1 1 1
X -0.9694 0.0131 0.2453
Y 0.0231 -0.9893 0.1441
Z 0.2446 0.1453 0.9587

PART 11
OFFSET 14.4510 8.2729 -15.4954
SCALE 1 1 1
X 0.9491 -0.3028 -0.0861
Y 0.3045 0.8135 0.4955
Z -0.0800 -0.4965 0.8643

PART 12
OFFSET 16.9487 7.1893 -13.2457
SCALE 1 1 1
X 0.6673 -0.4622 0.5841
Y -0.4514 0.3729 0.8107
Z -0.5925 -0.8046 0.0402

PART 13
OFFSET 18.3106 6.1844 -11.9022
SCALE 1 1 1
X 0.9227 -0.3843 -0.0317
Y -0.0055 -0.0953 0.9954
Z -0.3856 -0.9183 -0.0901

PART 14
OFFSET 19.7572 5.4668 -12.0229
SCALE 1 1 1
X 0.7550 -0.4244 -0.4998
Y 0.4228 -0.2676 0.8658
Z -0.5012 -0.8650 -0.0226

PART 15
OFFSET 20.5580 4.9637 -12.5497
SCALE 1 1 1
X 0.9664 0.1872 -0.1761
Y -0.1818 0.9822 0.0467
Z 0.1817 -0.0131 0.9833

PART 16
OFFSET 17.3577 7.3802 -15.2807
SCALE 1 1 1
X 0.8231 -0.0499 -0.5656
Y -0.0720 -0.9973 -0.0168
Z -0.5632 0.0546 -0.8245

PART 17
OFFSET 19.2804 7.1378 -16.4336
SCALE 1 1 1
X 0.8429 -0.4195 -0.3370
Y -0.3865 -0.9077 0.1634
Z -0.3744 -0.0075 -0.9272

PART 18
OFFSET 20.4737 6.5438 -16.9107
SCALE 1 1 1
X 0.1468 -0.9882 -0.0432
Y -0.9353 -0.1529 0.3191
Z -0.3220 -0.0065 -0.9467

PART 19
OFFSET 20.6039 5.6676 -16.9490
SCALE 1 1 1
X -0.4778 -0.8538 0.2065
Y -0.7896 0.5205 0.3250
Z -0.3849 -0.0077 -0.9229

PART 20
OFFSET 20.1499 4.8565 -16.7528
SCALE 1 1 1
X 0.9168 0.3275 -0.2285
Y -0.3373 0.9414 -0.0041
Z 0.2137 0.0808 0.9735

PART 21
OFFSET 17.5741 7.5246 -14.6160
SCALE 1 1 1
X 0.9534 -0.0112 -0.3014
Y -0.0231 -0.9991 -0.0359
Z -0.3007 0.0412 -0.9528

PART 22
OFFSET 20.0045 7.5236 -15.5390
SCALE 1 1 1
X 0.8238 -0.4922 -0.2813
Y -0.4634 -0.8704 0.1662
Z -0.3266 -0.0065 -0.9451

PART 23
OFFSET 21.4069 6.6856 -16.0179
SCALE 1 1 1
X 0.0390 -0.9992 0.0006
Y -0.9529 -0.0370 0.3010
Z -0.3007 -0.0123 -0.9536

PART 24
OFFSET 21.4610 5.3007 -16.0171
SCALE 1 1 1
X -0.5332 -0.8280 0.1733
Y -0.7908 0.5607 0.2457
Z -0.3006 -0.0060 -0.9537

PART 25
OFFSET 20.8827 4.4027 -15.8292
SCALE 1 1 1
X 0.8738 0.3579 -0.3292
Y -0.3286 0.9336 0.1427
Z 0.3584 -0.0165 0.9334

PART 26
OFFSET 19.5775 7.0615 -12.6064
SCALE 1 1 1
X 0.9412 -0.2823 -0.1856
Y 0.2931 0.9555 0.0331
Z 0.1680 -0.0855 0.9821

PART 27
OFFSET 20.3989 7.9601 -13.4424
SCALE 1 1 1
X 0.7909 -0.6060 0.0849
Y -0.6022 -0.7955 -0.0675
Z 0.1085 0.0023 -0.9941

PART 28
OFFSET 21.7914 6.8931 -13.2929
SCALE 1 1 1
X 0.4467 -0.8945 0.0186
Y -0.8841 -0.4445 -0.1442
Z 0.1372 0.0480 -0.9894

PART 29
OFFSET 22.3261 5.8028 -13.2102
SCALE 1 1 1
X 0.1637 -0.9853 0.0483
Y -0.9750 -0.1690 -0.1441
Z 0.1501 -0.0236 -0.9884

PART 30
OFFSET 22.5110 4.6898 -13.1556
SCALE 1 1 1
X 0.8691 0.4667 -0.1637
Y -0.4663 0.8836 0.0434
Z 0.1649 0.0386 0.9856

PART 31
OFFSET 20.2981 7.7722 -14.5264
SCALE 1 1 1
X 0.7987 -0.6009 -0.0312
Y -0.6004 -0.7993 0.0244
Z -0.0396 -0.0007 -0.9992

PART 32
OFFSET 21.8584 6.5983 -14.5873
SCALE 1 1 1
X 0.0475 -0.9988 -0.0130
Y -0.9956 -0.0484 0.0807
Z -0.0813 0.0091 -0.9967

PART 33
OFFSET 21.9279 5.1394 -14.6063
SCALE 1 1 1
X -0.5114 -0.8584 0.0408
Y -0.8487 0.5120 0.1324
Z -0.1346 0.0331 -0.9904

PART 34
OFFSET 21.3483 4.1671 -14.5672
SCALE 1 1 1
X 0.9428 0.3291 -0.0526
Y -0.3295 0.9442 0.0010
Z 0.0500 0.0163 0.9986

PART 35
OFFSET 12.3635 -4.7097 -6.4428
SCALE 1 1 1
X 0.9983 0.0090 0.0574
Y -0.0089 1.0000 -0.0018
Z -0.0574 0.0012 0.9983

PART 36
OFFSET -14.7030 -3.1330 -3.1208
SCALE 1 1 1
X -0.9243 0.2894 0.2487
Y -0.0734 -0.7744 0.6284
Z 0.3745 0.5626 0.7370

PART 37
OFFSET -3.5244 -6.6335 -6.1289
SCALE 1 1 1
X -0.9916 -0.0283 0.1265
Y -0.0221 -0.9248 -0.3799
Z 0.1278 -0.3794 0.9164

PART 38
OFFSET 4.9092 -6.3927 -7.2050
SCALE 1 1 1
X -0.9916 -0.0283 0.1265
Y -0.1222 -0.1220 -0.9850
Z 0.0433 -0.9921 0.1175

PART 39
OFFSET 6.1432 -5.3218 -8.6573
SCALE 1 1 1
X -0.9918 -0.0217 0.1263
Y -0.1246 0.3928 -0.9112
Z -0.0298 -0.9194 -0.3922

PART 40
OFFSET 6.6540 -4.8983 -7.5803
SCALE 1 1 1
X -0.9918 -0.0217 0.1263
Y -0.1246 0.3928 -0.9112
Z -0.0298 -0.9194 -0.3922

PART 41
OFFSET 7.0002 -5.8384 -5.8451
SCALE 1 1 1
X -0.9918 -0.0217 0.1263
Y -0.1246 0.3928 -0.9112
Z -0.0298 -0.9194 -0.3922

PART 42
OFFSET 7.9490 -6.3059 -7.5929
SCALE 1 1 1
X -0.9979 -0.0118 -0.0633
Y 0.0642 -0.0987 -0.9930
Z 0.0055 -0.9950 0.0993

PART 43
OFFSET 8.3337 -5.7967 -6.6469
SCALE 1 1 1
X -0.5764 -0.7757 -0.2568
Y 0.6664 -0.2644 -0.6971
Z 0.4729 -0.5730 0.6694

PART 44
OFFSET 9.4848 -4.0644 -6.0604
SCALE 1 1 1
X -0.9496 -0.3094 0.0494
Y 0.2140 -0.7557 -0.6189
Z 0.2288 -0.5772 0.7839

PART 45
OFFSET 11.0050 -3.5454 -6.2648
SCALE 1 1 1
X -0.6524 0.4022 0.6424
Y -0.6655 -0.7095 -0.2316
Z 0.3626 -0.5786 0.7305

PART 46
OFFSET 11.7052 -3.9417 -6.9890
SCALE 1 1 1
X -0.8517 0.5223 -0.0428
Y 0.3004 0.4196 -0.8565
Z -0.4294 -0.7423 -0.5143

PART 47
OFFSET 8.8611 -6.2005 -8.6228
SCALE 1 1 1
X -0.8546 0.0039 0.5192
Y 0.0730 -0.9891 0.1277
Z 0.5141 0.1471 0.8450

PART 48
OFFSET 10.8472 -6.0666 -9.6820
SCALE 1 1 1
X -0.5861 -0.8102 -0.0092
Y 0.8023 -0.5788 -0.1462
Z 0.1131 -0.0930 0.9892

PART 49
OFFSET 11.6770 -4.9196 -9.6689
SCALE 1 1 1
