// Export filename: `C:/cod5/cod/cod5/xanim_export/viewmodel/US/sw357/sw357_sprint_loop.XANIM_EXPORT`
// Source filename: `C:/cod5/cod/cod5/animation_assets/viewmodel/US/sw357/viewmodelanimation_sw357.mb`
// Export time: Wed Jul 30 22:52:51 2008

ANIMATION
VERSION 3

NUMPARTS 84
PART 0 "J_Sleave_Reshape_Top_LE_1"
PART 1 "J_Sleave_Reshape_Top_LE_2"
PART 2 "J_Sleave_Reshape_Top_LE_3"
PART 3 "J_Wrist_LE"
PART 4 "J_WristTwist_LE"
PART 5 "J_Elbow_LE"
PART 6 "tag_torso"
PART 7 "J_Shoulder_LE"
PART 8 "RingPalm_FK_RI"
PART 9 "J_Sleave_Reshape_Bottom_LE_1"
PART 10 "RingPalm_SDK_RI"
PART 11 "J_Sleave_Reshape_Bottom_LE_2"
PART 12 "J_Thumb_LE_0"
PART 13 "J_Thumb_LE_1"
PART 14 "J_Thumb_LE_2"
PART 15 "J_Thumb_LE_3"
PART 16 "J_PinkyPalm_LE"
PART 17 "J_Pinky_LE_0"
PART 18 "J_Pinky_LE_1"
PART 19 "J_Pinky_LE_2"
PART 20 "J_Pinky_LE_3"
PART 21 "J_RingPalm_LE"
PART 22 "J_Ring_LE_0"
PART 23 "J_Ring_LE_1"
PART 24 "J_Ring_LE_2"
PART 25 "J_Ring_LE_3"
PART 26 "J_Webbing_LE"
PART 27 "J_Index_LE_0"
PART 28 "J_Index_LE_1"
PART 29 "J_Index_LE_2"
PART 30 "J_Index_LE_3"
PART 31 "J_Mid_LE_0"
PART 32 "J_Mid_LE_1"
PART 33 "J_Mid_LE_2"
PART 34 "J_Mid_LE_3"
PART 35 "tag_weapon"
PART 36 "J_Shoulder_RI"
PART 37 "J_Elbow_RI"
PART 38 "J_WristTwist_RI"
PART 39 "J_Sleave_Reshape_Top_RI_3"
PART 40 "J_Sleave_Reshape_Top_RI_2"
PART 41 "J_Sleave_Reshape_Top_RI_1"
PART 42 "J_Wrist_RI"
PART 43 "J_Thumb_RI_0"
PART 44 "J_Thumb_RI_1"
PART 45 "J_Thumb_RI_2"
PART 46 "J_Thumb_RI_3"
PART 47 "J_PinkyPalm_RI"
PART 48 "J_Pinky_RI_0"
PART 49 "J_Pinky_RI_1"
PART 50 "J_Pinky_RI_2"
PART 51 "J_Pinky_RI_3"
PART 52 "J_RingPalm_RI"
PART 53 "J_Ring_RI_0"
PART 54 "J_Ring_RI_1"
PART 55 "J_Ring_RI_2"
PART 56 "J_Ring_RI_3"
PART 57 "J_Webbing_RI"
PART 58 "J_Index_RI_0"
PART 59 "J_Index_RI_1"
PART 60 "J_Index_RI_2"
PART 61 "J_Index_RI_3"
PART 62 "J_Mid_RI_0"
PART 63 "J_Mid_RI_1"
PART 64 "J_Mid_RI_2"
PART 65 "J_Mid_RI_3"
PART 66 "tag_cambone"
PART 67 "tag_camera"
PART 68 "tag_gasmask"
PART 69 "RingPalm_SDK_LE"
PART 70 "RingPalm_FK_LE"
PART 71 "J_Gun"
PART 72 "J_Clip"
PART 73 "joint2"
PART 74 "J_Bolt"
PART 75 "tag_speedloader"
PART 76 "tag_spent0"
PART 77 "tag_spent1"
PART 78 "tag_spent2"
PART 79 "tag_spent3"
PART 80 "tag_spent4"
PART 81 "tag_spent5"
PART 82 "tag_bullets"
PART 83 "joint1"

FRAMERATE 30
NUMFRAMES 21

FRAME 415
PART 0
OFFSET 11.3809 12.3185 -9.1630
SCALE 1 1 1
X 0.9908 -0.1233 0.0553
Y 0.0532 0.7319 0.6793
Z -0.1242 -0.6702 0.7317

PART 1
OFFSET 11.1851 11.2005 -9.9546
SCALE 1 1 1
X 0.9908 -0.1233 0.0553
Y 0.0532 0.7319 0.6793
Z -0.1242 -0.6702 0.7317

PART 2
OFFSET 10.8969 11.4744 -11.0508
SCALE 1 1 1
X 0.9908 -0.1233 0.0553
Y 0.0532 0.7319 0.6793
Z -0.1242 -0.6702 0.7317

PART 3
OFFSET 12.6688 12.6070 -10.7052
SCALE 1 1 1
X 0.8759 -0.2633 0.4044
Y -0.4689 -0.6620 0.5847
Z 0.1138 -0.7017 -0.7033

PART 4
OFFSET 9.6340 13.0035 -10.8822
SCALE 1 1 1
X 0.9899 -0.1293 0.0577
Y -0.1348 -0.7356 0.6639
Z -0.0434 -0.6650 -0.7456

PART 5
OFFSET 1.2144 14.1036 -11.3731
SCALE 1 1 1
X 0.9899 -0.1293 0.0577
Y -0.1309 -0.6799 0.7216
Z -0.0541 -0.7218 -0.6899

PART 6
OFFSET -1.9111 -0.4487 -1.8207
SCALE 1 1 1
X 1.0000 0.0000 0.0000
Y 0.0000 1.0000 0.0000
Z 0.0000 0.0000 1.0000

PART 7
OFFSET -5.2270 7.2875 -3.7369
SCALE 1 1 1
X 0.5326 0.5636 -0.6314
Y 0.3840 -0.8257 -0.4132
Z -0.7542 -0.0224 -0.6562

PART 8
OFFSET 8.3787 -8.2747 -10.9047
SCALE 1 1 1
X -0.9991 -0.0188 0.0393
Y 0.0245 -0.9884 0.1500
Z 0.0360 0.1508 0.9879

PART 9
OFFSET 11.2025 14.1791 -10.9404
SCALE 1 1 1
X 0.9908 -0.1233 0.0553
Y 0.0532 0.7319 0.6793
Z -0.1242 -0.6702 0.7317

PART 10
OFFSET 8.3787 -8.2747 -10.9047
SCALE 1 1 1
X -0.9991 -0.0188 0.0393
Y 0.0245 -0.9884 0.1500
Z 0.0360 0.1508 0.9879

PART 11
OFFSET 10.7634 13.2025 -12.2361
SCALE 1 1 1
X 0.9908 -0.1233 0.0553
Y 0.0532 0.7319 0.6793
Z -0.1242 -0.6702 0.7317

PART 12
OFFSET 12.6570 11.5615 -10.2478
SCALE 1 1 1
X 0.3448 -0.9378 -0.0402
Y -0.6940 -0.2835 0.6618
Z -0.6320 -0.2003 -0.7486

PART 13
OFFSET 13.2967 9.4984 -10.3101
SCALE 1 1 1
X 0.8783 -0.3711 -0.3015
Y -0.2587 -0.8992 0.3529
Z -0.4020 -0.2320 -0.8857

PART 14
OFFSET 14.6850 8.9270 -10.9171
SCALE 1 1 1
X 0.5795 0.6009 -0.5504
Y 0.6211 -0.7630 -0.1791
Z -0.5276 -0.2381 -0.8154

PART 15
OFFSET 15.2981 9.5530 -11.5527
SCALE 1 1 1
X 0.8947 0.4393 0.0806
Y -0.1197 0.0621 0.9909
Z 0.4303 -0.8962 0.1082

PART 16
OFFSET 13.9351 12.9512 -11.1312
SCALE 1 1 1
X 0.9907 0.1319 -0.0324
Y 0.0643 -0.6654 -0.7437
Z -0.1197 0.7347 -0.6677

PART 17
OFFSET 16.1864 13.0590 -11.1980
SCALE 1 1 1
X 0.5245 -0.7790 -0.3435
Y -0.8146 -0.3419 -0.4685
Z 0.2475 0.5256 -0.8140

PART 18
OFFSET 16.9290 11.9561 -11.6844
SCALE 1 1 1
X -0.8375 -0.2801 -0.4692
Y -0.4610 0.8232 0.3314
Z 0.2934 0.4939 -0.8185

PART 19
OFFSET 16.1865 11.7078 -12.1004
SCALE 1 1 1
X -0.6531 0.7076 0.2698
Y 0.7077 0.4435 0.5500
Z 0.2695 0.5502 -0.7903

PART 20
OFFSET 15.5660 12.3800 -11.8441
SCALE 1 1 1
X 0.0163 -0.8991 -0.4374
Y 0.9886 -0.0510 0.1417
Z -0.1498 -0.4347 0.8880

PART 21
OFFSET 13.8002 12.5513 -10.5555
SCALE 1 1 1
X 0.9782 -0.0514 0.2010
Y 0.1163 -0.6665 -0.7364
Z 0.1719 0.7438 -0.6460

PART 22
OFFSET 16.3620 12.5430 -10.1135
SCALE 1 1 1
X 0.4999 -0.6535 -0.5683
Y -0.8528 -0.2568 -0.4548
Z 0.1513 0.7120 -0.6857

PART 23
OFFSET 17.2131 11.4303 -11.0810
SCALE 1 1 1
X -0.8946 -0.1859 -0.4063
Y -0.4125 0.6931 0.5912
Z 0.1717 0.6965 -0.6967

PART 24
OFFSET 15.9732 11.1727 -11.6441
SCALE 1 1 1
X -0.6521 0.6118 0.4477
Y 0.7371 0.3734 0.5633
Z 0.1775 0.6974 -0.6944

PART 25
OFFSET 15.2660 11.8362 -11.1585
SCALE 1 1 1
X 0.1220 -0.6802 -0.7228
Y 0.9693 -0.0750 0.2342
Z -0.2136 -0.7291 0.6502

PART 26
OFFSET 14.6853 10.3682 -8.9072
SCALE 1 1 1
X 0.9464 -0.3148 0.0718
Y 0.1274 0.5685 0.8127
Z -0.2967 -0.7600 0.5782

PART 27
OFFSET 15.6858 11.3427 -8.4272
SCALE 1 1 1
X 0.3388 -0.7584 -0.5567
Y -0.7597 0.1286 -0.6375
Z 0.5551 0.6389 -0.5326

PART 28
OFFSET 16.2823 10.0073 -9.4074
SCALE 1 1 1
X -0.4973 -0.1941 -0.8456
Y -0.6326 0.7481 0.2003
Z 0.5937 0.6345 -0.4949

PART 29
OFFSET 15.6416 9.7328 -10.4053
SCALE 1 1 1
X -0.8371 0.4517 -0.3086
Y 0.0520 0.6272 0.7771
Z 0.5446 0.6345 -0.5485

PART 30
OFFSET 14.6961 10.2431 -10.7539
SCALE 1 1 1
X 0.3788 -0.5348 -0.7553
Y 0.7336 -0.3241 0.5973
Z -0.5643 -0.7803 0.2696

PART 31
OFFSET 16.1215 11.9630 -9.2307
SCALE 1 1 1
X 0.3623 -0.7342 -0.5743
Y -0.8281 0.0292 -0.5598
Z 0.4278 0.6784 -0.5974

PART 32
OFFSET 16.8292 10.5288 -10.3526
SCALE 1 1 1
X -0.8168 -0.0154 -0.5767
Y -0.4168 0.7070 0.5714
Z 0.3989 0.7071 -0.5839

PART 33
OFFSET 15.6361 10.5063 -11.1949
SCALE 1 1 1
X -0.6795 0.6326 0.3716
Y 0.6163 0.2174 0.7569
Z 0.3980 0.7433 -0.5376

PART 34
OFFSET 14.8689 11.2279 -10.7784
SCALE 1 1 1
X 0.1019 -0.6715 -0.7340
Y 0.9362 -0.1847 0.2990
Z -0.3364 -0.7176 0.6098

PART 35
OFFSET 11.2707 -6.6103 -8.7633
SCALE 1 1 1
X 0.9640 0.0411 0.2628
Y -0.0404 0.9992 -0.0079
Z -0.2629 -0.0030 0.9648

PART 36
OFFSET -8.1812 -1.0470 2.8268
SCALE 1 1 1
X -0.3877 0.4533 0.8026
Y -0.4363 -0.8572 0.2734
Z 0.8120 -0.2442 0.5301

PART 37
OFFSET -3.4925 -6.5291 -6.8802
SCALE 1 1 1
X -0.9278 0.1570 0.3384
Y -0.3710 -0.4820 -0.7938
Z 0.0385 -0.8620 0.5054

PART 38
OFFSET 4.3991 -7.8641 -9.7581
SCALE 1 1 1
X -0.9278 0.1570 0.3384
Y -0.3576 -0.1165 -0.9266
Z -0.1060 -0.9807 0.1643

PART 39
OFFSET 5.9342 -6.7208 -10.3291
SCALE 1 1 1
X -0.9257 0.1622 0.3417
Y -0.0305 0.8684 -0.4949
Z -0.3770 -0.4686 -0.7989

PART 40
OFFSET 6.6572 -6.9556 -9.3714
SCALE 1 1 1
X -0.9257 0.1622 0.3417
Y -0.0305 0.8684 -0.4949
Z -0.3770 -0.4686 -0.7989

PART 41
OFFSET 6.7507 -8.2306 -8.8161
SCALE 1 1 1
X -0.9257 0.1622 0.3417
Y -0.0305 0.8684 -0.4949
Z -0.3770 -0.4686 -0.7989

PART 42
OFFSET 7.2435 -8.3453 -10.7955
SCALE 1 1 1
X -0.9623 -0.0439 -0.2685
Y 0.2715 -0.0942 -0.9578
Z 0.0167 -0.9946 0.1026

PART 43
OFFSET 7.4075 -7.8263 -9.7925
SCALE 1 1 1
X -0.4856 -0.7933 -0.3672
Y 0.8044 -0.2411 -0.5429
Z 0.3422 -0.5591 0.7552

PART 44
OFFSET 8.3560 -6.0592 -8.9879
SCALE 1 1 1
X -0.9289 -0.3400 -0.1469
Y 0.3617 -0.7469 -0.5579
Z 0.0800 -0.5714 0.8168

PART 45
OFFSET 9.8682 -5.4908 -8.8755
SCALE 1 1 1
X -0.7838 0.3794 0.4917
Y -0.5800 -0.7301 -0.3613
Z 0.2219 -0.5684 0.7923

PART 46
OFFSET 10.7155 -5.8627 -9.4373
SCALE 1 1 1
X -0.8406 0.4947 -0.2204
Y 0.4576 0.4312 -0.7776
Z -0.2896 -0.7546 -0.5888

PART 47
OFFSET 8.3452 -8.2081 -11.6146
SCALE 1 1 1
X -0.9433 -0.0249 0.3311
Y 0.0767 -0.9866 0.1443
Z 0.3230 0.1615 0.9325

PART 48
OFFSET 10.5022 -8.0077 -12.2403
SCALE 1 1 1
X -0.5452 -0.8286 -0.1268
Y 0.8333 -0.5522 0.0256
Z -0.0912 -0.0917 0.9916

PART 49
OFFSET 11.2742 -6.8345 -12.0607
SCALE 1 1 1
X 0.3936 -0.9176 -0.0562
Y 0.9087 0.3791 0.1746
Z -0.1389 -0.1198 0.9830

PART 50
OFFSET 10.9252 -6.0210 -12.0109
SCALE 1 1 1
X 0.9720 -0.2273 0.0601
Y 0.2206 0.9700 0.1021
Z -0.0815 -0.0860 0.9930

PART 51
OFFSET 10.0018 -5.8050 -12.0680
SCALE 1 1 1
X -0.8701 -0.4226 -0.2537
Y -0.4692 0.8677 0.1639
Z 0.1509 0.2616 -0.9533

PART 52
OFFSET 8.3787 -8.2747 -10.9047
SCALE 1 1 1
X -0.9991 -0.0188 0.0393
Y 0.0245 -0.9884 0.1500
Z 0.0360 0.1508 0.9879

PART 53
OFFSET 10.9668 -8.2701 -11.1500
SCALE 1 1 1
X -0.1844 -0.9826 0.0204
Y 0.9820 -0.1834 0.0442
Z -0.0397 0.0282 0.9988

PART 54
OFFSET 11.2808 -6.5972 -11.1848
SCALE 1 1 1
X 0.7401 -0.6712 0.0416
Y 0.6704 0.7413 0.0328
Z -0.0529 0.0036 0.9986

PART 55
OFFSET 10.2550 -5.6670 -11.2425
SCALE 1 1 1
X 0.9809 0.1863 0.0554
Y -0.1856 0.9825 -0.0182
Z -0.0578 0.0075 0.9983

PART 56
OFFSET 9.1912 -5.8691 -11.3026
SCALE 1 1 1
X -0.7005 -0.7135 0.0141
Y -0.7116 0.6969 -0.0895
Z 0.0540 -0.0727 -0.9959

PART 57
OFFSET 3.0179 -8.9813 -11.0479
SCALE 1 1 1
X -0.9533 -0.2996 -0.0388
Y -0.2850 0.9344 -0.2135
Z 0.1003 -0.1925 -0.9762

PART 58
OFFSET 10.7945 -8.4729 -8.9888
SCALE 1 1 1
X -0.8883 -0.4508 -0.0878
Y 0.4258 -0.8799 0.2108
Z -0.1723 0.1499 0.9736

PART 59
OFFSET 12.3585 -7.6792 -8.8343
SCALE 1 1 1
X -0.2988 -0.9445 0.1364
Y 0.9350 -0.2612 0.2399
Z -0.1909 0.1992 0.9612

PART 60
OFFSET 12.7101 -6.5188 -8.9418
SCALE 1 1 1
X 0.2085 -0.9636 0.1675
Y 0.9589 0.2350 0.1587
Z -0.1923 0.1275 0.9730

PART 61
OFFSET 12.4747 -5.4304 -9.1310
SCALE 1 1 1
X -0.9876 0.1374 0.0759
Y 0.1155 0.9636 -0.2409
Z -0.1062 -0.2292 -0.9676

PART 62
OFFSET 10.9835 -8.4014 -10.0749
SCALE 1 1 1
X -0.0886 -0.9960 0.0130
Y 0.9805 -0.0849 0.1770
Z -0.1752 0.0284 0.9841

PART 63
OFFSET 11.1565 -6.4557 -10.1002
SCALE 1 1 1
X 0.7741 -0.6118 0.1624
Y 0.6138 0.7882 0.0435
Z -0.1546 0.0660 0.9858

PART 64
OFFSET 10.0258 -5.5621 -10.3375
SCALE 1 1 1
X 0.9605 0.2569 0.1073
Y -0.2390 0.9585 -0.1553
Z -0.1428 0.1235 0.9820

PART 65
OFFSET 8.9389 -5.8532 -10.4661
SCALE 1 1 1
X -0.5747 -0.8171 -0.0459
Y -0.8096 0.5758 -0.1142
Z 0.1197 -0.0285 -0.9924

PART 66
OFFSET 0.0000 0.0000 0.0000
SCALE 1 1 1
X 1.0000 0.0000 0.0000
Y 0.0000 1.0000 0.0000
Z 0.0000 0.0000 1.0000

PART 67
OFFSET 0.0000 0.0000 0.0000
SCALE 1 1 1
X 1.0000 0.0000 0.0000
Y 0.0000 1.0000 0.0000
Z 0.0000 0.0000 1.0000

PART 68
OFFSET 0.0000 0.0000 0.0000
SCALE 1 1 1
X 1.0000 0.0000 0.0000
Y 0.0000 1.0000 0.0000
Z 0.0000 0.0000 1.0000

PART 69
OFFSET 13.8002 12.5513 -10.5555
SCALE 1 1 1
X 0.9782 -0.0514 0.2010
Y 0.1163 -0.6665 -0.7364
Z 0.1719 0.7438 -0.6460

PART 70
OFFSET 13.8002 12.5513 -10.5555
SCALE 1 1 1
X 0.9782 -0.0514 0.2010
Y 0.1163 -0.6665 -0.7364
Z 0.1719 0.7438 -0.6460

PART 71
OFFSET 11.2707 -6.6103 -8.7633
SCALE 1 1 1
X 0.9640 0.0411 0.2628
Y -0.0404 0.9992 -0.0079
Z -0.2629 -0.0030 0.9648

PART 72
OFFSET 10.3012 -6.5900 -10.3098
SCALE 1 1 1
X 0.9640 0.0411 0.2628
Y -0.0404 0.9992 -0.0079
Z -0.2629 -0.0030 0.9648

PART 73
OFFSET 14.3574 -6.3206 -7.6777
SCALE 1 1 1
X 0.9640 0.0411 0.2628
Y -0.0404 0.9992 -0.0079
Z -0.2629 -0.0030 0.9648

PART 74
OFFSET 12.2448 -6.5567 -6.8449
SCALE 1 1 1
X 0.9584 0.0410 0.2824
Y -0.0404 0.9992 -0.0079
Z -0.2825 -0.0038 0.9593

PART 75
OFFSET -12.5736 -5.7124 -11.3840
SCALE 1 1 1
X 0.9640 0.0411 0.2628
Y -0.0404 0.9992 -0.0079
Z -0.2629 -0.0030 0.9648

PART 76
OFFSET -3.4600 -6.7431 50.7329
SCALE 1 1 1
X 0.9640 0.0411 0.2628
Y -0.0404 0.9992 -0.0079
Z -0.2629 -0.0030 0.9648

PART 77
OFFSET -3.5909 -6.0676 51.1078
SCALE 1 1 1
X 0.9640 0.0411 0.2628
Y -0.0404 0.9992 -0.0079
Z -0.2629 -0.0030 0.9648

PART 78
OFFSET -3.7984 -6.0645 51.8682
SCALE 1 1 1
X 0.9640 0.0411 0.2628
Y -0.0404 0.9992 -0.0079
Z -0.2629 -0.0030 0.9648

PART 79
OFFSET -3.8717 -6.7422 52.2431
SCALE 1 1 1
X 0.9640 0.0411 0.2628
Y -0.0404 0.9992 -0.0079
Z -0.2629 -0.0030 0.9648

PART 80
OFFSET -3.7420 -7.4232 51.8736
SCALE 1 1 1
X 0.9640 0.0411 0.2628
Y -0.0404 0.9992 -0.0079
Z -0.2629 -0.0030 0.9648

PART 81
OFFSET -3.5379 -7.4153 51.1238
SCALE 1 1 1
X 0.9640 0.0411 0.2628
Y -0.0404 0.9992 -0.0079
Z -0.2629 -0.0030 0.9648

PART 82
OFFSET 12.6321 -6.5695 -6.7214
SCALE 1 1 1
X 0.9640 0.0411 0.2628
Y -0.0404 0.9992 -0.0079
Z -0.2629 -0.0030 0.9648

PART 83
OFFSET 10.5130 -6.6299 -8.3497
SCALE 1 1 1
X 0.9022 0.0331 -0.4301
Y -0.0404 0.9992 -0.0079
Z 0.4295 0.0245 0.9028


FRAME 416
PART 0
OFFSET 11.3725 13.4184 -9.3061
SCALE 1 1 1
X 0.9957 -0.0505 0.0779
Y -0.0146 0.7434 0.6687
Z -0.0916 -0.6669 0.7394

PART 1
OFFSET 11.2751 12.2787 -10.0834
SCALE 1 1 1
X 0.9957 -0.0505 0.0779
Y -0.0146 0.7434 0.6687
Z -0.0916 -0.6669 0.7394

PART 2
OFFSET 10.9921 12.5155 -11.1905
SCALE 1 1 1
X 0.9957 -0.0505 0.0779
Y -0.0146 0.7434 0.6687
Z -0.0916 -0.6669 0.7394

PART 3
OFFSET 12.6697 13.7775 -10.8257
SCALE 1 1 1
X 0.8759 -0.2633 0.4044
Y -0.4689 -0.6620 0.5847
Z 0.1138 -0.7017 -0.7033

PART 4
OFFSET 9.6189 13.9508 -11.0721
SCALE 1 1 1
X 0.9952 -0.0565 0.0804
Y -0.0960 -0.7326 0.6739
Z 0.0208 -0.6783 -0.7345

PART 5
OFFSET 1.1546 14.4315 -11.7558
SCALE 1 1 1
X 0.9952 -0.0565 0.0804
Y -0.0974 -0.6772 0.7293
Z 0.0132 -0.7336 -0.6795

PART 6
OFFSET -1.9111 -0.4487 -1.8207
SCALE 1 1 1
X 1.0000 0.0000 0.0000
Y 0.0000 1.0000 0.0000
Z 0.0000 0.0000 1.0000

PART 7
OFFSET -4.9739 7.2875 -4.1619
SCALE 1 1 1
X 0.5067 0.5907 -0.6279
Y 0.4508 -0.8024 -0.3911
Z -0.7349 -0.0848 -0.6729

PART 8
OFFSET 7.0052 -8.5058 -11.7774
SCALE 1 1 1
X -0.9995 -0.0174 0.0278
Y 0.0214 -0.9882 0.1516
Z 0.0248 0.1521 0.9881

PART 9
OFFSET 11.0995 15.2360 -11.1164
SCALE 1 1 1
X 0.9957 -0.0505 0.0779
Y -0.0146 0.7434 0.6687
Z -0.0916 -0.6669 0.7394

PART 10
OFFSET 7.0052 -8.5058 -11.7774
SCALE 1 1 1
X -0.9995 -0.0174 0.0278
Y 0.0214 -0.9882 0.1516
Z 0.0248 0.1521 0.9881

PART 11
OFFSET 10.7604 14.2116 -12.4050
SCALE 1 1 1
X 0.9957 -0.0505 0.0779
Y -0.0146 0.7434 0.6687
Z -0.0916 -0.6669 0.7394

PART 12
OFFSET 12.6579 12.7321 -10.3683
SCALE 1 1 1
X 0.3225 -0.9459 0.0344
Y -0.7171 -0.2205 0.6612
Z -0.6179 -0.2379 -0.7494

PART 13
OFFSET 13.2479 10.6556 -10.2699
SCALE 1 1 1
X 0.8576 -0.4615 -0.2270
Y -0.3406 -0.8403 0.4217
Z -0.3854 -0.2844 -0.8778

PART 14
OFFSET 14.6095 9.9289 -10.7599
SCALE 1 1 1
X 0.6801 0.4473 -0.5808
Y 0.5231 -0.8512 -0.0431
Z -0.5137 -0.2745 -0.8129

PART 15
OFFSET 15.3304 10.3856 -11.4259
SCALE 1 1 1
X 0.9398 0.3311 0.0846
Y -0.1591 0.2049 0.9658
Z 0.3025 -0.9211 0.2453

PART 16
OFFSET 13.9360 14.1218 -11.2517
SCALE 1 1 1
X 0.9907 0.1319 -0.0324
Y 0.0643 -0.6654 -0.7437
Z -0.1197 0.7347 -0.6677

PART 17
OFFSET 16.1873 14.2296 -11.3185
SCALE 1 1 1
X 0.6004 -0.7404 -0.3021
Y -0.7612 -0.4134 -0.4997
Z 0.2451 0.5300 -0.8118

PART 18
OFFSET 17.0374 13.1814 -11.7463
SCALE 1 1 1
X -0.7389 -0.4208 -0.5263
Y -0.6065 0.7556 0.2474
Z 0.2936 0.5020 -0.8135

PART 19
OFFSET 16.3822 12.8083 -12.2129
SCALE 1 1 1
X -0.7728 0.6100 0.1751
Y 0.5794 0.5654 0.5870
Z 0.2591 0.5551 -0.7904

PART 20
OFFSET 15.6481 13.3879 -12.0466
SCALE 1 1 1
X 0.1899 -0.9018 -0.3881
Y 0.9674 0.1045 0.2306
Z -0.1674 -0.4193 0.8923

PART 21
OFFSET 13.8011 13.7219 -10.6760
SCALE 1 1 1
X 0.9782 -0.0514 0.2010
Y 0.1163 -0.6665 -0.7364
Z 0.1719 0.7438 -0.6460

PART 22
OFFSET 16.3629 13.7136 -10.2340
SCALE 1 1 1
X 0.5786 -0.6262 -0.5226
Y -0.8015 -0.3177 -0.5067
Z 0.1513 0.7120 -0.6857

PART 23
OFFSET 17.3480 12.6474 -11.1236
SCALE 1 1 1
X -0.8048 -0.3064 -0.5083
Y -0.5676 0.6475 0.5084
Z 0.1733 0.6977 -0.6951

PART 24
OFFSET 16.2325 12.2228 -11.8281
SCALE 1 1 1
X -0.7749 0.5335 0.3391
Y 0.6064 0.4757 0.6372
Z 0.1786 0.6994 -0.6921

PART 25
OFFSET 15.3922 12.8013 -11.4603
SCALE 1 1 1
X 0.2972 -0.6744 -0.6759
Y 0.9326 0.0535 0.3568
Z -0.2045 -0.7364 0.6449

PART 26
OFFSET 14.6862 11.5387 -9.0277
SCALE 1 1 1
X 0.9464 -0.3148 0.0718
Y 0.1274 0.5685 0.8127
Z -0.2967 -0.7600 0.5782

PART 27
OFFSET 15.6867 12.5133 -8.5477
SCALE 1 1 1
X 0.4111 -0.7674 -0.4921
Y -0.7231 0.0542 -0.6886
Z 0.5551 0.6389 -0.5326

PART 28
OFFSET 16.4105 11.1622 -9.4140
SCALE 1 1 1
X -0.4140 -0.2836 -0.8650
Y -0.6920 0.7154 0.0966
Z 0.5914 0.6386 -0.4924

PART 29
OFFSET 15.8713 10.7786 -10.4357
SCALE 1 1 1
X -0.8361 0.3788 -0.3968
Y -0.0425 0.6765 0.7352
Z 0.5469 0.6316 -0.5495

PART 30
OFFSET 14.9269 11.2065 -10.8839
SCALE 1 1 1
X 0.4644 -0.5563 -0.6891
Y 0.7041 -0.2400 0.6683
Z -0.5372 -0.7955 0.2802

PART 31
OFFSET 16.1224 13.1336 -9.3512
SCALE 1 1 1
X 0.4414 -0.7335 -0.5168
Y -0.7888 -0.0426 -0.6132
Z 0.4278 0.6784 -0.5974

PART 32
OFFSET 16.9848 11.7007 -10.3609
SCALE 1 1 1
X -0.7542 -0.1143 -0.6467
Y -0.5235 0.6991 0.4870
Z 0.3964 0.7058 -0.5871

PART 33
OFFSET 15.8832 11.5338 -11.3054
SCALE 1 1 1
X -0.7332 0.6068 0.3071
Y 0.5583 0.2791 0.7813
Z 0.3883 0.7443 -0.5434

PART 34
OFFSET 15.0552 12.2260 -10.9620
SCALE 1 1 1
X 0.1808 -0.6911 -0.6998
Y 0.9256 -0.1210 0.3586
Z -0.3325 -0.7126 0.6178

PART 35
OFFSET 9.8746 -6.8425 -9.6051
SCALE 1 1 1
X 0.9609 0.0401 0.2738
Y -0.0389 0.9992 -0.0097
Z -0.2740 -0.0014 0.9617

PART 36
OFFSET -8.1812 -1.0470 1.9771
SCALE 1 1 1
X -0.2622 0.4896 0.8316
Y -0.4526 -0.8235 0.3421
Z 0.8523 -0.2866 0.4375

PART 37
OFFSET -5.0097 -6.9684 -8.0798
SCALE 1 1 1
X -0.9401 0.1388 0.3112
Y -0.3378 -0.5004 -0.7971
Z 0.0451 -0.8546 0.5174

PART 38
OFFSET 2.9865 -8.1491 -10.7271
SCALE 1 1 1
X -0.9401 0.1388 0.3112
Y -0.3278 -0.1189 -0.9372
Z -0.0931 -0.9832 0.1573

PART 39
OFFSET 4.5073 -6.9728 -11.2784
SCALE 1 1 1
X -0.9382 0.1442 0.3146
Y -0.0376 0.8613 -0.5068
Z -0.3440 -0.4873 -0.8026

PART 40
OFFSET 5.2087 -7.1838 -10.2981
SCALE 1 1 1
X -0.9382 0.1442 0.3146
Y -0.0376 0.8613 -0.5068
Z -0.3440 -0.4873 -0.8026

PART 41
OFFSET 5.3179 -8.4576 -9.7182
SCALE 1 1 1
X -0.9382 0.1442 0.3146
Y -0.0376 0.8613 -0.5068
Z -0.3440 -0.4873 -0.8026

PART 42
OFFSET 5.8687 -8.5747 -11.6812
SCALE 1 1 1
X -0.9592 -0.0429 -0.2795
Y 0.2824 -0.0959 -0.9545
Z 0.0142 -0.9945 0.1041

PART 43
OFFSET 6.0218 -8.0546 -10.6771
SCALE 1 1 1
X -0.4824 -0.7931 -0.3718
Y 0.8103 -0.2429 -0.5333
Z 0.3327 -0.5585 0.7599

PART 44
OFFSET 6.9634 -6.2877 -9.8639
SCALE 1 1 1
X -0.9276 -0.3390 -0.1572
Y 0.3671 -0.7482 -0.5528
Z 0.0698 -0.5704 0.8184

PART 45
OFFSET 8.4750 -5.7212 -9.7348
SCALE 1 1 1
X -0.7889 0.3811 0.4821
Y -0.5768 -0.7298 -0.3670
Z 0.2120 -0.5676 0.7955

PART 46
OFFSET 9.3282 -6.0950 -10.2863
SCALE 1 1 1
X -0.8374 0.4955 -0.2308
Y 0.4672 0.4295 -0.7728
Z -0.2839 -0.7550 -0.5912

PART 47
OFFSET 6.9799 -8.4401 -12.4878
SCALE 1 1 1
X -0.9471 -0.0232 0.3202
Y 0.0737 -0.9865 0.1465
Z 0.3125 0.1623 0.9360

PART 48
OFFSET 9.1443 -8.2434 -13.0889
SCALE 1 1 1
X -0.5449 -0.8281 -0.1320
Y 0.8322 -0.5533 0.0359
Z -0.1028 -0.0903 0.9906

PART 49
OFFSET 9.9158 -7.0711 -12.9019
SCALE 1 1 1
X 0.3929 -0.9182 -0.0505
Y 0.9072 0.3781 0.1846
Z -0.1504 -0.1183 0.9815

PART 50
OFFSET 9.5674 -6.2570 -12.8572
SCALE 1 1 1
X 0.9709 -0.2286 0.0716
Y 0.2207 0.9698 0.1034
Z -0.0931 -0.0846 0.9921

PART 51
OFFSET 8.6450 -6.0398 -12.9252
SCALE 1 1 1
X -0.8677 -0.4218 -0.2632
Y -0.4699 0.8686 0.1573
Z 0.1622 0.2602 -0.9518

PART 52
OFFSET 7.0052 -8.5058 -11.7774
SCALE 1 1 1
X -0.9995 -0.0174 0.0278
Y 0.0214 -0.9882 0.1516
Z 0.0248 0.1521 0.9881

PART 53
OFFSET 9.5959 -8.5050 -11.9930
SCALE 1 1 1
X -0.1860 -0.9824 0.0196
Y 0.9812 -0.1847 0.0558
Z -0.0512 0.0296 0.9982

PART 54
OFFSET 9.9126 -6.8326 -12.0263
SCALE 1 1 1
X 0.7387 -0.6721 0.0511
Y 0.6710 0.7404 0.0396
Z -0.0644 0.0050 0.9979

PART 55
OFFSET 8.8889 -5.9011 -12.0971
SCALE 1 1 1
X 0.9805 0.1851 0.0665
Y -0.1840 0.9827 -0.0216
Z -0.0693 0.0089 0.9976

PART 56
OFFSET 7.8255 -6.1018 -12.1691
SCALE 1 1 1
X -0.7016 -0.7125 0.0069
Y -0.7096 0.6977 -0.0986
Z 0.0654 -0.0741 -0.9951

PART 57
OFFSET 1.6454 -9.2053 -11.9816
SCALE 1 1 1
X -0.9532 -0.2984 -0.0494
Y -0.2812 0.9345 -0.2180
Z 0.1113 -0.1939 -0.9747

PART 58
OFFSET 9.3985 -8.7047 -9.8336
SCALE 1 1 1
X -0.8878 -0.4497 -0.0974
Y 0.4221 -0.8802 0.2168
Z -0.1833 0.1514 0.9713

PART 59
OFFSET 10.9616 -7.9129 -9.6621
SCALE 1 1 1
X -0.3017 -0.9439 0.1342
Y 0.9318 -0.2621 0.2510
Z -0.2017 0.2008 0.9586

PART 60
OFFSET 11.3161 -6.7532 -9.7670
SCALE 1 1 1
X 0.2052 -0.9636 0.1712
Y 0.9574 0.2340 0.1695
Z -0.2034 0.1291 0.9706

PART 61
OFFSET 11.0843 -5.6647 -9.9604
SCALE 1 1 1
X -0.9882 0.1388 0.0643
Y 0.1196 0.9632 -0.2408
Z -0.0953 -0.2303 -0.9684

PART 62
OFFSET 9.6000 -8.6349 -10.9176
SCALE 1 1 1
X -0.0901 -0.9958 0.0132
Y 0.9783 -0.0860 0.1884
Z -0.1865 0.0299 0.9820

PART 63
OFFSET 9.7761 -6.6895 -10.9434
SCALE 1 1 1
X 0.7714 -0.6126 0.1721
Y 0.6144 0.7875 0.0495
Z -0.1659 0.0675 0.9838

PART 64
OFFSET 8.6494 -5.7946 -11.1948
SCALE 1 1 1
X 0.9595 0.2557 0.1181
Y -0.2359 0.9586 -0.1593
Z -0.1539 0.1250 0.9801

PART 65
OFFSET 7.5636 -6.0845 -11.3356
SCALE 1 1 1
X -0.5753 -0.8164 -0.0515
Y -0.8074 0.5768 -0.1243
Z 0.1311 -0.0299 -0.9909

PART 66
OFFSET 0.0000 0.0000 0.0000
SCALE 1 1 1
X 1.0000 0.0000 0.0000
Y 0.0000 1.0000 0.0000
Z 0.0000 0.0000 1.0000

PART 67
OFFSET 0.0000 0.0000 0.0000
SCALE 1 1 1
X 1.0000 0.0000 0.0000
Y 0.0000 1.0000 0.0000
Z 0.0000 0.0000 1.0000

PART 68
OFFSET 0.0000 0.0000 0.0000
SCALE 1 1 1
X 1.0000 0.0000 0.0000
Y 0.0000 1.0000 0.0000
Z 0.0000 0.0000 1.0000

PART 69
OFFSET 13.8011 13.7219 -10.6760
SCALE 1 1 1
X 0.9782 -0.0514 0.2010
Y 0.1163 -0.6665 -0.7364
Z 0.1719 0.7438 -0.6460

PART 70
OFFSET 13.8011 13.7219 -10.6760
SCALE 1 1 1
X 0.9782 -0.0514 0.2010
Y 0.1163 -0.6665 -0.7364
Z 0.1719 0.7438 -0.6460

PART 71
OFFSET 9.8746 -6.8425 -9.6051
SCALE 1 1 1
X 0.9609 0.0401 0.2738
Y -0.0389 0.9992 -0.0097
Z -0.2740 -0.0014 0.9617

PART 72
OFFSET 8.9230 -6.8229 -11.1627
SCALE 1 1 1
X 0.9609 0.0401 0.2738
Y -0.0389 0.9992 -0.0097
Z -0.2740 -0.0014 0.9617

PART 73
OFFSET 12.9490 -6.5555 -8.4843
SCALE 1 1 1
X 0.9609 0.0401 0.2738
Y -0.0389 0.9992 -0.0097
Z -0.2740 -0.0014 0.9617

PART 74
OFFSET 10.8266 -6.7877 -7.6756
SCALE 1 1 1
X 0.9551 0.0401 0.2934
Y -0.0389 0.9992 -0.0097
Z -0.2936 -0.0022 0.9559

PART 75
OFFSET -13.9367 -5.9158 -12.5017
SCALE 1 1 1
X 0.9609 0.0401 0.2738
Y -0.0389 0.9992 -0.0097
Z -0.2740 -0.0014 0.9617

PART 76
OFFSET -5.5413 -6.8764 49.7174
SCALE 1 1 1
X 0.9609 0.0401 0.2738
Y -0.0389 0.9992 -0.0097
Z -0.2740 -0.0014 0.9617

PART 77
OFFSET -5.6756 -6.2003 50.0899
SCALE 1 1 1
X 0.9609 0.0401 0.2738
Y -0.0389 0.9992 -0.0097
Z -0.2740 -0.0014 0.9617

PART 78
OFFSET -5.8918 -6.1958 50.8479
SCALE 1 1 1
X 0.9609 0.0401 0.2738
Y -0.0389 0.9992 -0.0097
Z -0.2740 -0.0014 0.9617

PART 79
OFFSET -5.9704 -6.8730 51.2228
SCALE 1 1 1
X 0.9609 0.0401 0.2738
Y -0.0389 0.9992 -0.0097
Z -0.2740 -0.0014 0.9617

PART 80
OFFSET -5.8373 -7.5547 50.8557
SCALE 1 1 1
X 0.9609 0.0401 0.2738
Y -0.0389 0.9992 -0.0097
Z -0.2740 -0.0014 0.9617

PART 81
OFFSET -5.6246 -7.5480 50.1083
SCALE 1 1 1
X 0.9609 0.0401 0.2738
Y -0.0389 0.9992 -0.0097
Z -0.2740 -0.0014 0.9617

PART 82
OFFSET 11.2124 -6.8008 -7.5477
SCALE 1 1 1
X 0.9609 0.0401 0.2738
Y -0.0389 0.9992 -0.0097
Z -0.2740 -0.0014 0.9617

PART 83
OFFSET 9.1122 -6.8605 -9.2002
SCALE 1 1 1
X 0.9071 0.0313 -0.4197
Y -0.0389 0.9992 -0.0097
Z 0.4191 0.0251 0.9076


FRAME 417
PART 0
OFFSET 11.3654 14.5160 -9.4527
SCALE 1 1 1
X 0.9944 0.0249 0.1028
Y -0.0865 0.7501 0.6557
Z -0.0607 -0.6609 0.7480

PART 1
OFFSET 11.3724 13.3605 -10.2133
SCALE 1 1 1
X 0.9944 0.0249 0.1028
Y -0.0865 0.7501 0.6557
Z -0.0607 -0.6609 0.7480

PART 2
OFFSET 11.1007 13.5593 -11.3303
SCALE 1 1 1
X 0.9944 0.0249 0.1028
Y -0.0865 0.7501 0.6557
Z -0.0607 -0.6609 0.7480

PART 3
OFFSET 12.6706 14.9481 -10.9462
SCALE 1 1 1
X 0.8759 -0.2633 0.4044
Y -0.4689 -0.6620 0.5847
Z 0.1138 -0.7017 -0.7033

PART 4
OFFSET 9.6225 14.8903 -11.2691
SCALE 1 1 1
X 0.9943 0.0189 0.1053
Y -0.0585 -0.7282 0.6828
Z 0.0896 -0.6851 -0.7230

PART 5
OFFSET 1.1659 14.7298 -12.1650
SCALE 1 1 1
X 0.9943 0.0189 0.1053
Y -0.0654 -0.6718 0.7379
Z 0.0847 -0.7405 -0.6667

PART 6
OFFSET -1.9111 -0.4487 -1.8207
SCALE 1 1 1
X 1.0000 0.0000 0.0000
Y 0.0000 1.0000 0.0000
Z 0.0000 0.0000 1.0000

PART 7
OFFSET -4.6882 7.2875 -4.6415
SCALE 1 1 1
X 0.4841 0.6154 -0.6221
Y 0.5168 -0.7747 -0.3643
Z -0.7061 -0.1452 -0.6930

PART 8
OFFSET 5.4317 -8.7707 -12.7773
SCALE 1 1 1
X -0.9998 -0.0158 0.0146
Y 0.0178 -0.9880 0.1533
Z 0.0120 0.1536 0.9881

PART 9
OFFSET 11.0046 16.2812 -11.2988
SCALE 1 1 1
X 0.9944 0.0249 0.1028
Y -0.0865 0.7501 0.6557
Z -0.0607 -0.6609 0.7480

PART 10
OFFSET 5.4317 -8.7707 -12.7773
SCALE 1 1 1
X -0.9998 -0.0158 0.0146
Y 0.0178 -0.9880 0.1533
Z 0.0120 0.1536 0.9881

PART 11
OFFSET 10.7750 15.2156 -12.5783
SCALE 1 1 1
X 0.9944 0.0249 0.1028
Y -0.0865 0.7501 0.6557
Z -0.0607 -0.6609 0.7480

PART 12
OFFSET 12.6588 13.9027 -10.4888
SCALE 1 1 1
X 0.2907 -0.9494 0.1187
Y -0.7384 -0.1437 0.6589
Z -0.6085 -0.2792 -0.7428

PART 13
OFFSET 13.1786 11.8240 -10.2082
SCALE 1 1 1
X 0.8191 -0.5578 -0.1343
Y -0.4343 -0.7558 0.4901
Z -0.3749 -0.3431 -0.8612

PART 14
OFFSET 14.4848 10.9303 -10.5507
SCALE 1 1 1
X 0.7731 0.2505 -0.5827
Y 0.3850 -0.9155 0.1171
Z -0.5041 -0.3149 -0.8042

PART 15
OFFSET 15.3043 11.1712 -11.2157
SCALE 1 1 1
X 0.9738 0.1986 0.1105
Y -0.1787 0.3685 0.9123
Z 0.1404 -0.9082 0.3943

PART 16
OFFSET 13.9369 15.2923 -11.3722
SCALE 1 1 1
X 0.9907 0.1319 -0.0324
Y 0.0643 -0.6654 -0.7437
Z -0.1197 0.7347 -0.6677

PART 17
OFFSET 16.1882 15.4002 -11.4390
SCALE 1 1 1
X 0.6803 -0.6894 -0.2489
Y -0.6914 -0.4911 -0.5299
Z 0.2431 0.5326 -0.8107

PART 18
OFFSET 17.1514 14.4242 -11.7914
SCALE 1 1 1
X -0.5957 -0.5644 -0.5715
Y -0.7475 0.6499 0.1374
Z 0.2939 0.5090 -0.8090

PART 19
OFFSET 16.6232 13.9238 -12.2981
SCALE 1 1 1
X -0.8782 0.4748 0.0577
Y 0.4086 0.6820 0.6066
Z 0.2487 0.5563 -0.7929

PART 20
OFFSET 15.7889 14.3749 -12.2432
SCALE 1 1 1
X 0.3792 -0.8717 -0.3103
Y 0.9050 0.2796 0.3207
Z -0.1928 -0.4024 0.8949

PART 21
OFFSET 13.8020 14.8925 -10.7965
SCALE 1 1 1
X 0.9782 -0.0514 0.2010
Y 0.1163 -0.6665 -0.7364
Z 0.1719 0.7438 -0.6460

PART 22
OFFSET 16.3638 14.8841 -10.3544
SCALE 1 1 1
X 0.6623 -0.5880 -0.4644
Y -0.7338 -0.3839 -0.5605
Z 0.1513 0.7120 -0.6857

PART 23
OFFSET 17.4914 13.8831 -11.1451
SCALE 1 1 1
X -0.6694 -0.4317 -0.6046
Y -0.7220 0.5697 0.3925
Z 0.1750 0.6993 -0.6931

PART 24
OFFSET 16.5637 13.2848 -11.9830
SCALE 1 1 1
X -0.8837 0.4229 0.2004
Y 0.4322 0.5733 0.6961
Z 0.1795 0.7018 -0.6894

PART 25
OFFSET 15.6052 13.7434 -11.7657
SCALE 1 1 1
X 0.4860 -0.6395 -0.5957
Y 0.8525 0.1966 0.4844
Z -0.1926 -0.7432 0.6407

PART 26
OFFSET 14.6871 12.7093 -9.1482
SCALE 1 1 1
X 0.9464 -0.3148 0.0718
Y 0.1274 0.5685 0.8127
Z -0.2967 -0.7600 0.5782

PART 27
OFFSET 15.6876 13.6838 -8.6681
SCALE 1 1 1
X 0.4894 -0.7686 -0.4120
Y -0.6726 -0.0319 -0.7393
Z 0.5551 0.6389 -0.5326

PART 28
OFFSET 16.5492 12.3306 -9.3936
SCALE 1 1 1
X -0.3081 -0.3820 -0.8713
Y -0.7476 0.6636 -0.0265
Z 0.5883 0.6432 -0.4900

PART 29
OFFSET 16.1388 11.8271 -10.4231
SCALE 1 1 1
X -0.8202 0.2825 -0.4975
Y -0.1572 0.7248 0.6708
Z 0.5501 0.6283 -0.5501

PART 30
OFFSET 15.2124 12.1463 -10.9850
SCALE 1 1 1
X 0.5636 -0.5696 -0.5983
Y 0.6543 -0.1342 0.7442
Z -0.5042 -0.8109 0.2970

PART 31
OFFSET 16.1233 14.3042 -9.4717
SCALE 1 1 1
X 0.5281 -0.7239 -0.4439
Y -0.7336 -0.1256 -0.6679
Z 0.4278 0.6784 -0.5974

PART 32
OFFSET 17.1549 12.8900 -10.3389
SCALE 1 1 1
X -0.6633 -0.2272 -0.7130
Y -0.6362 0.6729 0.3775
Z 0.3940 0.7040 -0.5909

PART 33
OFFSET 16.1860 12.5581 -11.3804
SCALE 1 1 1
X -0.7902 0.5692 0.2272
Y 0.4828 0.3497 0.8029
Z 0.3776 0.7441 -0.5511

PART 34
OFFSET 15.2934 13.2078 -11.1275
SCALE 1 1 1
X 0.2734 -0.7074 -0.6518
Y 0.9038 -0.0430 0.4258
Z -0.3293 -0.7055 0.6276

PART 35
OFFSET 8.2749 -7.1086 -10.5697
SCALE 1 1 1
X 0.9573 0.0390 0.2864
Y -0.0372 0.9992 -0.0117
Z -0.2867 0.0005 0.9580

PART 36
OFFSET -8.1812 -1.0470 1.0350
SCALE 1 1 1
X -0.1286 0.5201 0.8444
Y -0.4579 -0.7864 0.4147
Z 0.8796 -0.3334 0.3393

PART 37
OFFSET -6.6263 -7.3372 -9.1767
SCALE 1 1 1
X -0.9438 0.1297 0.3041
Y -0.3261 -0.5164 -0.7918
Z 0.0544 -0.8465 0.5297

PART 38
OFFSET 1.4007 -8.4401 -11.7636
SCALE 1 1 1
X -0.9438 0.1297 0.3041
Y -0.3195 -0.1205 -0.9399
Z -0.0852 -0.9842 0.1552

PART 39
OFFSET 2.9059 -7.2466 -12.3301
SCALE 1 1 1
X -0.9419 0.1351 0.3074
Y -0.0470 0.8534 -0.5191
Z -0.3325 -0.5034 -0.7975

PART 40
OFFSET 3.6042 -7.4386 -11.3426
SCALE 1 1 1
X -0.9419 0.1351 0.3074
Y -0.0470 0.8534 -0.5191
Z -0.3325 -0.5034 -0.7975

PART 41
OFFSET 3.7289 -8.7107 -10.7385
SCALE 1 1 1
X -0.9419 0.1351 0.3074
Y -0.0470 0.8534 -0.5191
Z -0.3325 -0.5034 -0.7975

PART 42
OFFSET 4.2940 -8.8377 -12.6960
SCALE 1 1 1
X -0.9555 -0.0418 -0.2921
Y 0.2949 -0.0978 -0.9505
Z 0.0112 -0.9943 0.1058

PART 43
OFFSET 4.4347 -8.3162 -11.6908
SCALE 1 1 1
X -0.4787 -0.7929 -0.3769
Y 0.8169 -0.2450 -0.5222
Z 0.3217 -0.5579 0.7650

PART 44
OFFSET 5.3683 -6.5496 -10.8678
SCALE 1 1 1
X -0.9260 -0.3377 -0.1689
Y 0.3731 -0.7496 -0.5467
Z 0.0580 -0.5693 0.8201

PART 45
OFFSET 6.8789 -5.9854 -10.7196
SCALE 1 1 1
X -0.7946 0.3831 0.4711
Y -0.5731 -0.7294 -0.3735
Z 0.2005 -0.5668 0.7991

PART 46
OFFSET 7.7387 -6.3613 -11.2592
SCALE 1 1 1
X -0.8335 0.4965 -0.2426
Y 0.4780 0.4276 -0.7672
Z -0.2772 -0.7554 -0.5937

PART 47
OFFSET 5.4160 -8.7060 -13.4880
SCALE 1 1 1
X -0.9513 -0.0212 0.3077
Y 0.0701 -0.9864 0.1490
Z 0.3003 0.1633 0.9398

PART 48
OFFSET 7.5885 -8.5137 -14.0607
SCALE 1 1 1
X -0.5444 -0.8274 -0.1380
Y 0.8308 -0.5546 0.0478
Z -0.1160 -0.0886 0.9893

PART 49
OFFSET 8.3592 -7.3423 -13.8653
SCALE 1 1 1
X 0.3921 -0.9189 -0.0439
Y 0.9053 0.3769 0.1960
Z -0.1636 -0.1166 0.9796

PART 50
OFFSET 8.0116 -6.5276 -13.8264
SCALE 1 1 1
X 0.9695 -0.2300 0.0848
Y 0.2209 0.9697 0.1048
Z -0.1063 -0.0829 0.9909

PART 51
OFFSET 7.0905 -6.3091 -13.9070
SCALE 1 1 1
X -0.8648 -0.4208 -0.2740
Y -0.4706 0.8696 0.1498
Z 0.1752 0.2585 -0.9500

PART 52
OFFSET 5.4317 -8.7707 -12.7773
SCALE 1 1 1
X -0.9998 -0.0158 0.0146
Y 0.0178 -0.9880 0.1533
Z 0.0120 0.1536 0.9881

PART 53
OFFSET 8.0251 -8.7744 -12.9585
SCALE 1 1 1
X -0.1878 -0.9820 0.0186
Y 0.9801 -0.1861 0.0691
Z -0.0643 0.0312 0.9974

PART 54
OFFSET 8.3449 -7.1024 -12.9902
SCALE 1 1 1
X 0.7369 -0.6732 0.0618
Y 0.6716 0.7394 0.0473
Z -0.0776 0.0067 0.9970

PART 55
OFFSET 7.3236 -6.1694 -13.0759
SCALE 1 1 1
X 0.9798 0.1836 0.0791
Y -0.1822 0.9829 -0.0255
Z -0.0825 0.0106 0.9965

PART 56
OFFSET 6.2610 -6.3686 -13.1617
SCALE 1 1 1
X -0.7028 -0.7114 -0.0013
Y -0.7071 0.6987 -0.1090
Z 0.0784 -0.0757 -0.9940

PART 57
OFFSET 0.0741 -9.4621 -13.0512
SCALE 1 1 1
X -0.9529 -0.2969 -0.0616
Y -0.2768 0.9347 -0.2231
Z 0.1238 -0.1956 -0.9728

PART 58
OFFSET 7.7988 -8.9705 -10.8017
SCALE 1 1 1
X -0.8872 -0.4485 -0.1085
Y 0.4178 -0.8806 0.2237
Z -0.1958 0.1532 0.9686

PART 59
OFFSET 9.3609 -8.1808 -10.6107
SCALE 1 1 1
X -0.3049 -0.9432 0.1316
Y 0.9280 -0.2632 0.2637
Z -0.2140 0.2026 0.9556

PART 60
OFFSET 9.7185 -7.0218 -10.7127
SCALE 1 1 1
X 0.2014 -0.9637 0.1753
Y 0.9554 0.2327 0.1818
Z -0.2160 0.1309 0.9676

PART 61
OFFSET 9.4910 -5.9333 -10.9107
SCALE 1 1 1
X -0.9888 0.1405 0.0510
Y 0.1243 0.9626 -0.2407
Z -0.0829 -0.2316 -0.9693

PART 62
OFFSET 8.0148 -8.9026 -11.8830
SCALE 1 1 1
X -0.0919 -0.9957 0.0135
Y 0.9756 -0.0873 0.2014
Z -0.1994 0.0317 0.9794

PART 63
OFFSET 8.1943 -6.9575 -11.9094
SCALE 1 1 1
X 0.7681 -0.6136 0.1832
Y 0.6149 0.7866 0.0565
Z -0.1788 0.0693 0.9814

PART 64
OFFSET 7.0724 -6.0613 -12.1771
SCALE 1 1 1
X 0.9583 0.2544 0.1304
Y -0.2322 0.9588 -0.1638
Z -0.1667 0.1267 0.9778

PART 65
OFFSET 5.9881 -6.3496 -12.3317
SCALE 1 1 1
X -0.5758 -0.8155 -0.0578
Y -0.8048 0.5779 -0.1358
Z 0.1442 -0.0317 -0.9890

PART 66
OFFSET 0.0000 0.0000 0.0000
SCALE 1 1 1
X 1.0000 0.0000 0.0000
Y 0.0000 1.0000 0.0000
Z 0.0000 0.0000 1.0000

PART 67
OFFSET 0.0000 0.0000 0.0000
SCALE 1 1 1
X 1.0000 0.0000 0.0000
Y 0.0000 1.0000 0.0000
Z 0.0000 0.0000 1.0000

PART 68
OFFSET 0.0000 0.0000 0.0000
SCALE 1 1 1
X 1.0000 0.0000 0.0000
Y 0.0000 1.0000 0.0000
Z 0.0000 0.0000 1.0000

PART 69
OFFSET 13.8020 14.8925 -10.7965
SCALE 1 1 1
X 0.9782 -0.0514 0.2010
Y 0.1163 -0.6665 -0.7364
Z 0.1719 0.7438 -0.6460

PART 70
OFFSET 13.8020 14.8925 -10.7965
SCALE 1 1 1
X 0.9782 -0.0514 0.2010
Y 0.1163 -0.6665 -0.7364
Z 0.1719 0.7438 -0.6460

PART 71
OFFSET 8.2749 -7.1086 -10.5697
SCALE 1 1 1
X 0.9573 0.0390 0.2864
Y -0.0372 0.9992 -0.0117
Z -0.2867 0.0005 0.9580

PART 72
OFFSET 7.3440 -7.0900 -12.1398
SCALE 1 1 1
X 0.9573 0.0390 0.2864
Y -0.0372 0.9992 -0.0117
Z -0.2867 0.0005 0.9580

PART 73
OFFSET 11.3346 -6.8248 -9.4088
SCALE 1 1 1
X 0.9573 0.0390 0.2864
Y -0.0372 0.9992 -0.0117
Z -0.2867 0.0005 0.9580

PART 74
OFFSET 9.2013 -7.0523 -8.6279
SCALE 1 1 1
X 0.9512 0.0390 0.3060
Y -0.0372 0.9992 -0.0117
Z -0.3062 -0.0003 0.9520

PART 75
OFFSET -15.4945 -6.1489 -13.7822
SCALE 1 1 1
X 0.9573 0.0390 0.2864
Y -0.0372 0.9992 -0.0117
Z -0.2867 0.0005 0.9580

PART 76
OFFSET -7.9236 -7.0277 48.5438
SCALE 1 1 1
X 0.9573 0.0390 0.2864
Y -0.0372 0.9992 -0.0117
Z -0.2867 0.0005 0.9580

PART 77
OFFSET -8.0618 -6.3508 48.9135
SCALE 1 1 1
X 0.9573 0.0390 0.2864
Y -0.0372 0.9992 -0.0117
Z -0.2867 0.0005 0.9580

PART 78
OFFSET -8.2880 -6.3449 49.6685
SCALE 1 1 1
X 0.9573 0.0390 0.2864
Y -0.0372 0.9992 -0.0117
Z -0.2867 0.0005 0.9580

PART 79
OFFSET -8.3726 -7.0214 50.0434
SCALE 1 1 1
X 0.9573 0.0390 0.2864
Y -0.0372 0.9992 -0.0117
Z -0.2867 0.0005 0.9580

PART 80
OFFSET -8.2358 -7.7038 49.6791
SCALE 1 1 1
X 0.9573 0.0390 0.2864
Y -0.0372 0.9992 -0.0117
Z -0.2867 0.0005 0.9580

PART 81
OFFSET -8.0132 -7.6986 48.9346
SCALE 1 1 1
X 0.9573 0.0390 0.2864
Y -0.0372 0.9992 -0.0117
Z -0.2867 0.0005 0.9580

PART 82
OFFSET 9.5855 -7.0659 -8.4949
SCALE 1 1 1
X 0.9573 0.0390 0.2864
Y -0.0372 0.9992 -0.0117
Z -0.2867 0.0005 0.9580

PART 83
OFFSET 7.5072 -7.1248 -10.1749
SCALE 1 1 1
X 0.9126 0.0292 -0.4077
Y -0.0372 0.9992 -0.0117
Z 0.4071 0.0258 0.9130


FRAME 418
PART 0
OFFSET 11.2856 14.8751 -9.2899
SCALE 1 1 1
X 0.9865 0.0361 0.1600
Y -0.1330 0.7466 0.6518
Z -0.0959 -0.6643 0.7413

PART 1
OFFSET 11.3489 13.7251 -10.0502
SCALE 1 1 1
X 0.9865 0.0361 0.1600
Y -0.1330 0.7466 0.6518
Z -0.0959 -0.6643 0.7413

PART 2
OFFSET 11.1403 13.9250 -11.1841
SCALE 1 1 1
X 0.9865 0.0361 0.1600
Y -0.1330 0.7466 0.6518
Z -0.0959 -0.6643 0.7413

PART 3
OFFSET 12.6688 15.3284 -10.7052
SCALE 1 1 1
X 0.8759 -0.2633 0.4044
Y -0.4689 -0.6620 0.5847
Z 0.1138 -0.7017 -0.7033

PART 4
OFFSET 9.6453 15.2363 -11.2035
SCALE 1 1 1
X 0.9862 0.0300 0.1625
Y -0.0901 -0.7266 0.6811
Z 0.1386 -0.6864 -0.7139

PART 5
OFFSET 1.2569 14.9807 -12.5860
SCALE 1 1 1
X 0.9862 0.0300 0.1625
Y -0.0999 -0.6752 0.7309
Z 0.1317 -0.7371 -0.6629

PART 6
OFFSET -1.9111 -0.4487 -1.8207
SCALE 1 1 1
X 1.0000 0.0000 0.0000
Y 0.0000 1.0000 0.0000
Z 0.0000 0.0000 1.0000

PART 7
OFFSET -4.3839 7.2875 -5.1524
SCALE 1 1 1
X 0.4664 0.6361 -0.6147
Y 0.5592 -0.7504 -0.3523
Z -0.6854 -0.1794 -0.7057

PART 8
OFFSET 3.8594 -9.0357 -13.7766
SCALE 1 1 1
X -0.9999 -0.0142 0.0014
Y 0.0142 -0.9878 0.1550
Z -0.0008 0.1550 0.9879

PART 9
OFFSET 11.0103 16.6438 -11.1503
SCALE 1 1 1
X 0.9865 0.0361 0.1600
Y -0.1330 0.7466 0.6518
Z -0.0959 -0.6643 0.7413

PART 10
OFFSET 3.8594 -9.0357 -13.7766
SCALE 1 1 1
X -0.9999 -0.0142 0.0014
Y 0.0142 -0.9878 0.1550
Z -0.0008 0.1550 0.9879

PART 11
OFFSET 10.8673 15.5792 -12.4426
SCALE 1 1 1
X 0.9865 0.0361 0.1600
Y -0.1330 0.7466 0.6518
Z -0.0959 -0.6643 0.7413

PART 12
OFFSET 12.6570 14.2830 -10.2478
SCALE 1 1 1
X 0.2548 -0.9456 0.2021
Y -0.7551 -0.0640 0.6525
Z -0.6041 -0.3188 -0.7304

PART 13
OFFSET 13.0979 12.2182 -9.7873
SCALE 1 1 1
X 0.7671 -0.6407 -0.0334
Y -0.5236 -0.6554 0.5444
Z -0.3707 -0.4001 -0.8382

PART 14
OFFSET 14.3260 11.1783 -9.9676
SCALE 1 1 1
X 0.8361 0.0439 -0.5469
Y 0.2284 -0.9341 0.2743
Z -0.4988 -0.3542 -0.7910

PART 15
OFFSET 15.2111 11.1936 -10.5906
SCALE 1 1 1
X 0.9847 0.0674 0.1609
Y -0.1722 0.5233 0.8346
Z -0.0279 -0.8495 0.5269

PART 16
OFFSET 13.9351 15.6726 -11.1312
SCALE 1 1 1
X 0.9907 0.1319 -0.0324
Y 0.0643 -0.6654 -0.7437
Z -0.1197 0.7347 -0.6677

PART 17
OFFSET 16.1864 15.7805 -11.1980
SCALE 1 1 1
X 0.7516 -0.6316 -0.1900
Y -0.6134 -0.5634 -0.5534
Z 0.2425 0.5325 -0.8110

PART 18
OFFSET 17.2505 14.8862 -11.4671
SCALE 1 1 1
X -0.4264 -0.6839 -0.5920
Y -0.8551 0.5182 0.0173
Z 0.2949 0.5136 -0.8057

PART 19
OFFSET 16.8724 14.2799 -11.9920
SCALE 1 1 1
X -0.9453 0.3199 -0.0639
Y 0.2197 0.7692 0.6000
Z 0.2411 0.5532 -0.7974

PART 20
OFFSET 15.9744 14.5837 -12.0526
SCALE 1 1 1
X 0.5502 -0.8075 -0.2125
Y 0.8047 0.4448 0.3933
Z -0.2231 -0.3874 0.8945

PART 21
OFFSET 13.8002 15.2728 -10.5555
SCALE 1 1 1
X 0.9782 -0.0514 0.2010
Y 0.1163 -0.6665 -0.7364
Z 0.1719 0.7438 -0.6460

PART 22
OFFSET 16.3620 15.2644 -10.1135
SCALE 1 1 1
X 0.7381 -0.5428 -0.4007
Y -0.6575 -0.4455 -0.6076
Z 0.1513 0.7120 -0.6857

PART 23
OFFSET 17.6187 14.3404 -10.7957
SCALE 1 1 1
X -0.5049 -0.5382 -0.6749
Y -0.8450 0.4679 0.2590
Z 0.1764 0.7010 -0.6910

PART 24
OFFSET 16.9190 13.5945 -11.7310
SCALE 1 1 1
X -0.9541 0.2947 0.0523
Y 0.2393 0.6459 0.7249
Z 0.1799 0.7042 -0.6868

PART 25
OFFSET 15.8842 13.9142 -11.6743
SCALE 1 1 1
X 0.6539 -0.5758 -0.4907
Y 0.7349 0.3294 0.5928
Z -0.1797 -0.7483 0.6386

PART 26
OFFSET 14.6853 13.0896 -8.9072
SCALE 1 1 1
X 0.9464 -0.3148 0.0718
Y 0.1274 0.5685 0.8127
Z -0.2967 -0.7600 0.5782

PART 27
OFFSET 15.6858 14.0641 -8.4272
SCALE 1 1 1
X 0.5615 -0.7602 -0.3268
Y -0.6137 -0.1177 -0.7807
Z 0.5551 0.6389 -0.5326

PART 28
OFFSET 16.6743 12.7256 -9.0026
SCALE 1 1 1
X -0.1953 -0.4717 -0.8599
Y -0.7873 0.5982 -0.1494
Z 0.5848 0.6478 -0.4882

PART 29
OFFSET 16.4014 12.1128 -10.0183
SCALE 1 1 1
X -0.7882 0.1806 -0.5883
Y -0.2685 0.7592 0.5929
Z 0.5537 0.6253 -0.5499

PART 30
OFFSET 15.5111 12.3168 -10.6827
SCALE 1 1 1
X 0.6548 -0.5682 -0.4984
Y 0.5904 -0.0272 0.8067
Z -0.4720 -0.8224 0.3176

PART 31
OFFSET 16.1215 14.6845 -9.2307
SCALE 1 1 1
X 0.6079 -0.7050 -0.3653
Y -0.6689 -0.2069 -0.7139
Z 0.4278 0.6784 -0.5974

PART 32
OFFSET 17.3091 13.3072 -9.9443
SCALE 1 1 1
X -0.5558 -0.3345 -0.7610
Y -0.7331 0.6289 0.2590
Z 0.3920 0.7019 -0.5948

PART 33
OFFSET 16.4973 12.8186 -11.0559
SCALE 1 1 1
X -0.8387 0.5248 0.1452
Y 0.4017 0.4163 0.8157
Z 0.3676 0.7425 -0.5599

PART 34
OFFSET 15.5496 13.4179 -10.8960
SCALE 1 1 1
X 0.3631 -0.7157 -0.5966
Y 0.8724 0.0362 0.4875
Z -0.3274 -0.6974 0.6375

PART 35
OFFSET 6.6758 -7.3748 -11.5341
SCALE 1 1 1
X 0.9535 0.0379 0.2990
Y -0.0354 0.9993 -0.0137
Z -0.2993 0.0025 0.9542

PART 36
OFFSET -8.1812 -1.0470 0.1391
SCALE 1 1 1
X -0.0029 0.5408 0.8412
Y -0.4521 -0.7510 0.4812
Z 0.8920 -0.3789 0.2467

PART 37
OFFSET -8.1460 -7.5871 -10.0338
SCALE 1 1 1
X -0.9391 0.1308 0.3177
Y -0.3373 -0.5278 -0.7796
Z 0.0657 -0.8392 0.5398

PART 38
OFFSET -0.1584 -8.6997 -12.7362
SCALE 1 1 1
X -0.9391 0.1308 0.3177
Y -0.3332 -0.1210 -0.9351
Z -0.0839 -0.9840 0.1572

PART 39
OFFSET 1.3320 -7.5065 -13.3482
SCALE 1 1 1
X -0.9373 0.1363 0.3209
Y -0.0582 0.8464 -0.5294
Z -0.3437 -0.5149 -0.7853

PART 40
OFFSET 2.0464 -7.6872 -12.3693
SCALE 1 1 1
X -0.9373 0.1363 0.3209
Y -0.0582 0.8464 -0.5294
Z -0.3437 -0.5149 -0.7853

PART 41
OFFSET 2.1856 -8.9577 -11.7461
SCALE 1 1 1
X -0.9373 0.1363 0.3209
Y -0.0582 0.8464 -0.5294
Z -0.3437 -0.5149 -0.7853

PART 42
OFFSET 2.7206 -9.1007 -13.7102
SCALE 1 1 1
X -0.9516 -0.0408 -0.3046
Y 0.3072 -0.0997 -0.9464
Z 0.0082 -0.9942 0.1074

PART 43
OFFSET 2.8488 -8.5780 -12.7040
SCALE 1 1 1
X -0.4750 -0.7928 -0.3820
Y 0.8233 -0.2471 -0.5110
Z 0.3107 -0.5572 0.7701

PART 44
OFFSET 3.7743 -6.8116 -11.8715
SCALE 1 1 1
X -0.9242 -0.3365 -0.1806
Y 0.3791 -0.7510 -0.5406
Z 0.0463 -0.5681 0.8217

PART 45
OFFSET 5.2837 -6.2496 -11.7042
SCALE 1 1 1
X -0.8001 0.3850 0.4599
Y -0.5693 -0.7291 -0.3800
Z 0.1890 -0.5658 0.8025

PART 46
OFFSET 6.1500 -6.6277 -12.2318
SCALE 1 1 1
X -0.8294 0.4975 -0.2543
Y 0.4888 0.4257 -0.7615
Z -0.2706 -0.7559 -0.5962

PART 47
OFFSET 3.8532 -8.9721 -14.4875
SCALE 1 1 1
X -0.9553 -0.0192 0.2951
Y 0.0666 -0.9862 0.1514
Z 0.2881 0.1642 0.9434

PART 48
OFFSET 6.0333 -8.7841 -15.0318
SCALE 1 1 1
X -0.5439 -0.8267 -0.1439
