// Export filename: `C:/cod5/cod/cod5/xanim_export/viewmodel/US/sw357/sw357_reload.XANIM_EXPORT`
// Source filename: `C:/cod5/cod/cod5/animation_assets/viewmodel/US/sw357/viewmodelanimation_sw357.mb`
// Export time: Thu Aug 28 12:46:16 2008

ANIMATION
VERSION 3

NUMPARTS 84
PART 0 "J_Sleave_Reshape_Top_LE_1"
PART 1 "J_Sleave_Reshape_Top_LE_2"
PART 2 "J_Sleave_Reshape_Top_LE_3"
PART 3 "J_Wrist_LE"
PART 4 "J_WristTwist_LE"
PART 5 "J_Elbow_LE"
PART 6 "tag_torso"
PART 7 "J_Shoulder_LE"
PART 8 "RingPalm_FK_RI"
PART 9 "J_Sleave_Reshape_Bottom_LE_1"
PART 10 "RingPalm_SDK_RI"
PART 11 "J_Sleave_Reshape_Bottom_LE_2"
PART 12 "J_Thumb_LE_0"
PART 13 "J_Thumb_LE_1"
PART 14 "J_Thumb_LE_2"
PART 15 "J_Thumb_LE_3"
PART 16 "J_PinkyPalm_LE"
PART 17 "J_Pinky_LE_0"
PART 18 "J_Pinky_LE_1"
PART 19 "J_Pinky_LE_2"
PART 20 "J_Pinky_LE_3"
PART 21 "J_RingPalm_LE"
PART 22 "J_Ring_LE_0"
PART 23 "J_Ring_LE_1"
PART 24 "J_Ring_LE_2"
PART 25 "J_Ring_LE_3"
PART 26 "J_Webbing_LE"
PART 27 "J_Index_LE_0"
PART 28 "J_Index_LE_1"
PART 29 "J_Index_LE_2"
PART 30 "J_Index_LE_3"
PART 31 "J_Mid_LE_0"
PART 32 "J_Mid_LE_1"
PART 33 "J_Mid_LE_2"
PART 34 "J_Mid_LE_3"
PART 35 "tag_weapon"
PART 36 "J_Shoulder_RI"
PART 37 "J_Elbow_RI"
PART 38 "J_WristTwist_RI"
PART 39 "J_Sleave_Reshape_Top_RI_3"
PART 40 "J_Sleave_Reshape_Top_RI_2"
PART 41 "J_Sleave_Reshape_Top_RI_1"
PART 42 "J_Wrist_RI"
PART 43 "J_Thumb_RI_0"
PART 44 "J_Thumb_RI_1"
PART 45 "J_Thumb_RI_2"
PART 46 "J_Thumb_RI_3"
PART 47 "J_PinkyPalm_RI"
PART 48 "J_Pinky_RI_0"
PART 49 "J_Pinky_RI_1"
PART 50 "J_Pinky_RI_2"
PART 51 "J_Pinky_RI_3"
PART 52 "J_RingPalm_RI"
PART 53 "J_Ring_RI_0"
PART 54 "J_Ring_RI_1"
PART 55 "J_Ring_RI_2"
PART 56 "J_Ring_RI_3"
PART 57 "J_Webbing_RI"
PART 58 "J_Index_RI_0"
PART 59 "J_Index_RI_1"
PART 60 "J_Index_RI_2"
PART 61 "J_Index_RI_3"
PART 62 "J_Mid_RI_0"
PART 63 "J_Mid_RI_1"
PART 64 "J_Mid_RI_2"
PART 65 "J_Mid_RI_3"
PART 66 "tag_cambone"
PART 67 "tag_camera"
PART 68 "tag_gasmask"
PART 69 "RingPalm_SDK_LE"
PART 70 "RingPalm_FK_LE"
PART 71 "J_Gun"
PART 72 "J_Clip"
PART 73 "joint2"
PART 74 "J_Bolt"
PART 75 "tag_speedloader"
PART 76 "tag_spent0"
PART 77 "tag_spent1"
PART 78 "tag_spent2"
PART 79 "tag_spent3"
PART 80 "tag_spent4"
PART 81 "tag_spent5"
PART 82 "tag_bullets"
PART 83 "joint1"

FRAMERATE 30
NUMFRAMES 90

FRAME 127
PART 0
OFFSET -2.9433 12.6125 -18.6878
SCALE 1 1 1
X 0.4090 -0.1132 -0.9055
Y 0.5341 0.8342 0.1370
Z 0.7399 -0.5397 0.4016

PART 1
OFFSET -3.6118 11.4839 -18.7335
SCALE 1 1 1
X 0.4090 -0.1132 -0.9055
Y 0.5341 0.8342 0.1370
Z 0.7399 -0.5397 0.4016

PART 2
OFFSET -4.8226 11.3534 -18.8442
SCALE 1 1 1
X 0.4090 -0.1132 -0.9055
Y 0.5341 0.8342 0.1370
Z 0.7399 -0.5397 0.4016

PART 3
OFFSET -4.0671 12.5132 -20.4537
SCALE 1 1 1
X 0.7678 0.0611 -0.6378
Y 0.6145 -0.3519 0.7060
Z -0.1813 -0.9340 -0.3077

PART 4
OFFSET -5.3297 12.8773 -17.6839
SCALE 1 1 1
X 0.4118 -0.1187 -0.9035
Y 0.8350 -0.3478 0.4263
Z -0.3649 -0.9300 -0.0441

PART 5
OFFSET -8.8326 13.8873 -9.9994
SCALE 1 1 1
X 0.4118 -0.1187 -0.9035
Y 0.7297 -0.5509 0.4050
Z -0.5458 -0.8261 -0.1402

PART 6
OFFSET -1.9111 -0.4487 -1.8207
SCALE 1 1 1
X 1.0000 0.0000 0.0000
Y 0.0000 1.0000 0.0000
Z 0.0000 0.0000 1.0000

PART 7
OFFSET -0.7853 7.4886 -3.6306
SCALE 1 1 1
X -0.6654 0.5291 -0.5266
Y -0.2100 -0.8096 -0.5480
Z -0.7163 -0.2541 0.6499

PART 8
OFFSET 9.2787 -5.7134 -7.0969
SCALE 1 1 1
X -0.9535 0.0213 0.3006
Y 0.0225 -0.9897 0.1413
Z 0.3005 0.1414 0.9432

PART 9
OFFSET -4.8660 14.2170 -19.1943
SCALE 1 1 1
X 0.4090 -0.1132 -0.9055
Y 0.5341 0.8342 0.1370
Z 0.7399 -0.5397 0.4016

PART 10
OFFSET 9.2787 -5.7134 -7.0969
SCALE 1 1 1
X -0.9535 0.0213 0.3006
Y 0.0225 -0.9897 0.1413
Z 0.3005 0.1414 0.9432

PART 11
OFFSET -6.2268 12.8453 -19.2112
SCALE 1 1 1
X 0.4090 -0.1132 -0.9055
Y 0.5341 0.8342 0.1370
Z 0.7399 -0.5397 0.4016

PART 12
OFFSET -3.2031 11.8176 -20.1856
SCALE 1 1 1
X 0.7858 -0.5961 -0.1648
Y 0.2242 0.0263 0.9742
Z -0.5764 -0.8025 0.1543

PART 13
OFFSET -1.5171 10.4892 -20.4354
SCALE 1 1 1
X 0.6151 -0.2857 -0.7349
Y 0.5930 -0.4466 0.6700
Z -0.5195 -0.8479 -0.1053

PART 14
OFFSET -0.6176 9.9598 -21.6735
SCALE 1 1 1
X 0.1905 -0.1659 -0.9676
Y 0.8088 -0.5322 0.2505
Z -0.5565 -0.8302 0.0328

PART 15
OFFSET -0.4233 9.7333 -22.7140
SCALE 1 1 1
X 0.6647 0.3012 -0.6837
Y 0.0707 0.8857 0.4588
Z 0.7438 -0.3533 0.5674

PART 16
OFFSET -4.1121 12.7529 -21.8117
SCALE 1 1 1
X 0.2709 0.2109 -0.9392
Y -0.2491 -0.9271 -0.2800
Z -0.9298 0.3098 -0.1986

PART 17
OFFSET -3.3986 13.0679 -23.9274
SCALE 1 1 1
X 0.3591 -0.2141 -0.9084
Y -0.3617 -0.9292 0.0760
Z -0.8603 0.3013 -0.4111

PART 18
OFFSET -2.8901 12.7648 -25.2135
SCALE 1 1 1
X -0.0964 -0.8949 -0.4358
Y -0.5462 -0.3185 0.7747
Z -0.8321 0.3127 -0.4581

PART 19
OFFSET -2.9756 11.9714 -25.5999
SCALE 1 1 1
X -0.3951 -0.9005 0.1816
Y -0.3072 0.3159 0.8977
Z -0.8658 0.2989 -0.4014

PART 20
OFFSET -3.3509 11.1159 -25.4273
SCALE 1 1 1
X 0.6202 0.4473 -0.6444
Y -0.0871 0.8557 0.5101
Z 0.7796 -0.2602 0.5697

PART 21
OFFSET -3.5095 12.6629 -21.4398
SCALE 1 1 1
X 0.5408 0.1606 -0.8257
Y -0.2238 -0.9188 -0.3253
Z -0.8108 0.3607 -0.4609

PART 22
OFFSET -2.2214 13.1535 -23.6440
SCALE 1 1 1
X 0.3655 -0.3030 -0.8801
Y -0.4120 -0.9005 0.1390
Z -0.8347 0.3118 -0.4540

PART 23
OFFSET -1.5991 12.6376 -25.1423
SCALE 1 1 1
X -0.1538 -0.9279 -0.3396
Y -0.5496 -0.2053 0.8098
Z -0.8212 0.3112 -0.4784

PART 24
OFFSET -1.8123 11.3516 -25.6130
SCALE 1 1 1
X -0.4532 -0.8682 0.2021
Y -0.3497 0.3817 0.8556
Z -0.8200 0.3171 -0.4766

PART 25
OFFSET -2.3038 10.4100 -25.3938
SCALE 1 1 1
X 0.5307 0.5089 -0.6778
Y 0.0088 0.7963 0.6048
Z 0.8475 -0.3270 0.4182

PART 26
OFFSET -0.8218 11.6421 -21.4638
SCALE 1 1 1
X 0.5531 -0.1342 -0.8222
Y 0.4205 0.8970 0.1364
Z 0.7192 -0.4212 0.5526

PART 27
OFFSET -0.5446 12.8329 -22.2922
SCALE 1 1 1
X 0.5456 -0.5426 -0.6386
Y -0.6487 -0.7560 0.0881
Z -0.5306 0.3662 -0.7644

PART 28
OFFSET 0.4161 11.8776 -23.4166
SCALE 1 1 1
X 0.1883 -0.8100 -0.5554
Y -0.8469 -0.4203 0.3258
Z -0.4973 0.4090 -0.7651

PART 29
OFFSET 0.6752 10.8680 -24.0453
SCALE 1 1 1
X -0.0264 -0.9239 -0.3817
Y -0.8656 -0.1698 0.4710
Z -0.5000 0.3429 -0.7953

PART 30
OFFSET 0.6454 9.8245 -24.4764
SCALE 1 1 1
X 0.6494 0.5505 -0.5246
Y -0.1670 0.7763 0.6079
Z 0.7419 -0.3071 0.5961

PART 31
OFFSET -1.3257 13.0406 -23.0453
SCALE 1 1 1
X 0.4808 -0.4957 -0.7233
Y -0.5912 -0.7924 0.1500
Z -0.6475 0.3555 -0.6741

PART 32
OFFSET -0.3864 12.0723 -24.4583
SCALE 1 1 1
X -0.1556 -0.9220 -0.3544
Y -0.7203 -0.1396 0.6795
Z -0.6760 0.3610 -0.6424

PART 33
OFFSET -0.6137 10.7255 -24.9760
SCALE 1 1 1
X -0.5239 -0.8474 0.0858
Y -0.4729 0.3732 0.7982
Z -0.7084 0.3776 -0.5963

PART 34
OFFSET -1.2117 9.7682 -24.8836
SCALE 1 1 1
X 0.7491 0.3873 -0.5375
Y -0.0774 0.8569 0.5096
Z 0.6580 -0.3401 0.6719

PART 35
OFFSET 12.6976 -4.1841 -5.7962
SCALE 1 1 1
X 1.0000 0.0000 0.0000
Y 0.0000 1.0000 0.0000
Z 0.0000 0.0000 1.0000

PART 36
OFFSET -14.7030 -3.1330 -3.1208
SCALE 1 1 1
X -0.9456 0.2673 0.1855
Y -0.0464 -0.6751 0.7362
Z 0.3221 0.6876 0.6508

PART 37
OFFSET -3.2673 -6.3659 -5.3648
SCALE 1 1 1
X -0.9919 -0.0542 0.1148
Y 0.0259 -0.9716 -0.2352
Z 0.1243 -0.2303 0.9651

PART 38
OFFSET 5.1693 -5.9050 -6.3410
SCALE 1 1 1
X -0.9919 -0.0542 0.1148
Y -0.1077 -0.1193 -0.9870
Z 0.0672 -0.9914 0.1125

PART 39
OFFSET 6.3766 -5.0379 -8.0236
SCALE 1 1 1
X -0.9924 -0.0478 0.1135
Y -0.1218 0.2444 -0.9620
Z 0.0182 -0.9685 -0.2484

PART 40
OFFSET 6.8511 -4.4679 -6.9814
SCALE 1 1 1
X -0.9924 -0.0478 0.1135
Y -0.1218 0.2444 -0.9620
Z 0.0182 -0.9685 -0.2484

PART 41
OFFSET 7.2202 -5.1755 -4.9692
SCALE 1 1 1
X -0.9924 -0.0478 0.1135
Y -0.1218 0.2444 -0.9620
Z 0.0182 -0.9685 -0.2484

PART 42
OFFSET 8.2102 -5.7389 -6.6929
SCALE 1 1 1
X -1.0000 -0.0028 -0.0059
Y 0.0062 -0.0976 -0.9952
Z 0.0022 -0.9952 0.0976

PART 43
OFFSET 8.6532 -5.2349 -5.7699
SCALE 1 1 1
X -0.5972 -0.7701 -0.2243
Y 0.6229 -0.2691 -0.7346
Z 0.5054 -0.5784 0.6404

PART 44
OFFSET 9.8515 -3.5139 -5.2483
SCALE 1 1 1
X -0.9480 -0.3010 0.1035
Y 0.1714 -0.7565 -0.6311
Z 0.2683 -0.5806 0.7687

PART 45
OFFSET 11.3621 -3.0081 -5.5390
SCALE 1 1 1
X -0.6108 0.4068 0.6793
Y -0.6841 -0.7032 -0.1939
Z 0.3988 -0.5831 0.7078

PART 46
OFFSET 12.0160 -3.4094 -6.3027
SCALE 1 1 1
X -0.8480 0.5300 0.0068
Y 0.2545 0.4184 -0.8719
Z -0.4649 -0.7376 -0.4897

PART 47
OFFSET 9.0626 -5.6399 -7.7733
SCALE 1 1 1
X -0.8233 0.0106 0.5675
Y 0.0714 -0.9900 0.1221
Z 0.5631 0.1410 0.8143

PART 48
OFFSET 10.9857 -5.5218 -8.9447
SCALE 1 1 1
X -0.5930 -0.8049 0.0235
Y 0.7873 -0.5856 -0.1927
Z 0.1688 -0.0958 0.9810

PART 49
OFFSET 11.8253 -4.3823 -8.9778
SCALE 1 1 1
X 0.3269 -0.9323 -0.1550
Y 0.9375 0.3407 -0.0715
Z 0.1195 -0.1219 0.9853

PART 50
OFFSET 11.5354 -3.5557 -8.8405
SCALE 1 1 1
X 0.9434 -0.2669 -0.1968
Y 0.2793 0.9595 0.0376
Z 0.1788 -0.0905 0.9797

PART 51
OFFSET 10.6391 -3.3022 -8.6535
SCALE 1 1 1
X -0.9228 -0.3851 -0.0148
Y -0.3737 0.8847 0.2789
Z -0.0943 0.2628 -0.9602

PART 52
OFFSET 9.2787 -5.7134 -7.0969
SCALE 1 1 1
X -0.9535 0.0213 0.3006
Y 0.0225 -0.9897 0.1413
Z 0.3005 0.1414 0.9432

PART 53
OFFSET 11.7093 -5.8114 -8.0141
SCALE 1 1 1
X -0.2128 -0.9745 0.0711
Y 0.9508 -0.2233 -0.2149
Z 0.2253 0.0219 0.9740

PART 54
OFFSET 12.0716 -4.1523 -8.1352
SCALE 1 1 1
X 0.6969 -0.7008 -0.1524
Y 0.6853 0.7133 -0.1468
Z 0.2116 -0.0021 0.9774

PART 55
OFFSET 11.1058 -3.1810 -7.9240
SCALE 1 1 1
X 0.9678 0.1461 -0.2050
Y -0.1434 0.9893 0.0283
Z 0.2069 0.0020 0.9784

PART 56
OFFSET 10.0562 -3.3395 -7.7017
SCALE 1 1 1
X -0.7009 -0.6847 0.1999
Y -0.6809 0.7257 0.0986
Z -0.2126 -0.0670 -0.9748

PART 57
OFFSET 4.0444 -6.2016 -5.8237
SCALE 1 1 1
X -0.9414 -0.2605 0.2140
Y -0.2925 0.9469 -0.1339
Z -0.1678 -0.1887 -0.9676

PART 58
OFFSET 12.1029 -6.0242 -5.8830
SCALE 1 1 1
X -0.8979 -0.4139 0.1502
Y 0.4297 -0.8981 0.0941
Z 0.0959 0.1490 0.9842

PART 59
OFFSET 13.6837 -5.2955 -6.1474
SCALE 1 1 1
X -0.2910 -0.9327 0.2130
Y 0.9537 -0.3006 -0.0136
Z 0.0767 0.1992 0.9769

PART 60
OFFSET 14.0421 -4.1495 -6.3471
SCALE 1 1 1
X 0.2054 -0.9725 0.1097
Y 0.9758 0.1949 -0.0996
Z 0.0755 0.1275 0.9890

PART 61
OFFSET 13.8101 -3.0510 -6.4710
SCALE 1 1 1
X -0.9265 0.1766 0.3324
Y 0.0876 0.9601 -0.2657
Z -0.3660 -0.2170 -0.9049

PART 62
OFFSET 12.0025 -5.9518 -6.9808
SCALE 1 1 1
X -0.1229 -0.9917 0.0388
Y 0.9882 -0.1259 -0.0868
Z 0.0909 0.0277 0.9955

PART 63
OFFSET 12.2426 -4.0145 -7.0565
SCALE 1 1 1
X 0.7638 -0.6438 -0.0450
Y 0.6355 0.7624 -0.1218
Z 0.1127 0.0644 0.9915

PART 64
OFFSET 11.1270 -3.0741 -6.9909
SCALE 1 1 1
X 0.9646 0.2170 -0.1497
Y -0.2318 0.9686 -0.0899
Z 0.1255 0.1214 0.9846

PART 65
OFFSET 10.0334 -3.3200 -6.8283
SCALE 1 1 1
X -0.5996 -0.7928 0.1093
Y -0.7868 0.6090 0.1009
Z -0.1465 -0.0254 -0.9889

PART 66
OFFSET 0.0000 0.0000 0.0000
SCALE 1 1 1
X 1.0000 0.0000 0.0000
Y 0.0000 1.0000 0.0000
Z 0.0000 0.0000 1.0000

PART 67
OFFSET 0.0000 0.0000 0.0000
SCALE 1 1 1
X 1.0000 0.0000 0.0000
Y 0.0000 1.0000 0.0000
Z 0.0000 0.0000 1.0000

PART 68
OFFSET 0.0000 0.0000 0.0000
SCALE 1 1 1
X 1.0000 0.0000 0.0000
Y 0.0000 1.0000 0.0000
Z 0.0000 0.0000 1.0000

PART 69
OFFSET -3.5095 12.6629 -21.4398
SCALE 1 1 1
X 0.5408 0.1606 -0.8257
Y -0.2238 -0.9188 -0.3253
Z -0.8108 0.3607 -0.4609

PART 70
OFFSET -3.5095 12.6629 -21.4398
SCALE 1 1 1
X 0.5408 0.1606 -0.8257
Y -0.2238 -0.9188 -0.3253
Z -0.8108 0.3607 -0.4609

PART 71
OFFSET 12.6976 -4.1841 -5.7962
SCALE 1 1 1
X 1.0000 0.0000 0.0000
Y 0.0000 1.0000 0.0000
Z 0.0000 0.0000 1.0000

PART 72
OFFSET 11.3575 -4.1125 -7.0335
SCALE 1 1 1
X 1.0000 0.0000 0.0000
Y 0.0000 1.0000 0.0000
Z 0.0000 0.0000 1.0000

PART 73
OFFSET 15.9704 -4.0279 -5.5611
SCALE 1 1 1
X 1.0000 0.0000 0.0000
Y 0.0000 1.0000 0.0000
Z 0.0000 0.0000 1.0000

PART 74
OFFSET 14.1430 -4.1851 -4.2014
SCALE 1 1 1
X 1.0000 0.0000 0.0000
Y 0.0000 -0.9740 -0.2264
Z 0.0000 0.2264 -0.9740

PART 75
OFFSET -10.8906 -5.4173 -7.2132
SCALE 1 1 1
X 0.9998 -0.0046 0.0199
Y -0.0000 -0.9740 -0.2264
Z 0.0204 0.2263 -0.9738

PART 76
OFFSET 14.1103 -4.3615 -3.4156
SCALE 1 1 1
X 0.9998 -0.0046 0.0199
Y -0.0000 -0.9740 -0.2264
Z 0.0204 0.2263 -0.9738

PART 77
OFFSET 14.1184 -4.9319 -3.9527
SCALE 1 1 1
X 0.9998 -0.0046 0.0199
Y -0.0000 -0.9740 -0.2264
Z 0.0204 0.2263 -0.9738

PART 78
OFFSET 14.1345 -4.7589 -4.7215
SCALE 1 1 1
X 0.9998 -0.0046 0.0199
Y -0.0000 -0.9740 -0.2264
Z 0.0204 0.2263 -0.9738

PART 79
OFFSET 14.1423 -4.0126 -4.9412
SCALE 1 1 1
X 0.9998 -0.0046 0.0199
Y -0.0000 -0.9740 -0.2264
Z 0.0204 0.2263 -0.9738

PART 80
OFFSET 14.1344 -3.4356 -4.4082
SCALE 1 1 1
X 0.9998 -0.0046 0.0199
Y -0.0000 -0.9740 -0.2264
Z 0.0204 0.2263 -0.9738

PART 81
OFFSET 14.1185 -3.6169 -3.6527
SCALE 1 1 1
X 0.9998 -0.0046 0.0199
Y -0.0000 -0.9740 -0.2264
Z 0.0204 0.2263 -0.9738

PART 82
OFFSET -8.4181 -5.4152 -7.1556
SCALE 1 1 1
X 0.9998 -0.0046 0.0199
Y -0.0000 -0.9740 -0.2264
Z 0.0204 0.2263 -0.9738

PART 83
OFFSET 12.0752 -4.1764 -5.1979
SCALE 1 1 1
X 0.7580 0.0000 -0.6522
Y 0.0000 1.0000 0.0000
Z 0.6522 0.0000 0.7580


FRAME 128
PART 0
OFFSET -3.2375 11.3731 -19.3594
SCALE 1 1 1
X 0.3529 -0.2085 -0.9121
Y 0.5793 0.8143 0.0379
Z 0.7348 -0.5418 0.4081

PART 1
OFFSET -4.0140 10.2932 -19.2985
SCALE 1 1 1
X 0.3529 -0.2085 -0.9121
Y 0.5793 0.8143 0.0379
Z 0.7348 -0.5418 0.4081

PART 2
OFFSET -5.2308 10.1306 -19.3154
SCALE 1 1 1
X 0.3529 -0.2085 -0.9121
Y 0.5793 0.8143 0.0379
Z 0.7348 -0.5418 0.4081

PART 3
OFFSET -4.5116 11.1131 -21.0544
SCALE 1 1 1
X 0.7814 0.0916 -0.6172
Y 0.6124 -0.3022 0.7305
Z -0.1196 -0.9488 -0.2922

PART 4
OFFSET -5.6017 11.7693 -18.2652
SCALE 1 1 1
X 0.3556 -0.2141 -0.9098
Y 0.8683 -0.2845 0.4063
Z -0.3459 -0.9345 0.0847

PART 5
OFFSET -8.6260 13.5900 -10.5269
SCALE 1 1 1
X 0.3556 -0.2141 -0.9098
Y 0.7243 -0.5521 0.4130
Z -0.5907 -0.8058 -0.0413

PART 6
OFFSET -1.9111 -0.4487 -1.8207
SCALE 1 1 1
X 1.0000 0.0000 0.0000
Y 0.0000 1.0000 0.0000
Z 0.0000 0.0000 1.0000

PART 7
OFFSET -0.7853 7.4886 -3.6306
SCALE 1 1 1
X -0.6483 0.5045 -0.5702
Y -0.2634 -0.8513 -0.4537
Z -0.7144 -0.1440 0.6848

PART 8
OFFSET 9.4394 -6.0548 -6.9348
SCALE 1 1 1
X -0.9616 -0.0267 0.2732
Y 0.0738 -0.9838 0.1634
Z 0.2644 0.1772 0.9480

PART 9
OFFSET -5.0577 13.0438 -19.8872
SCALE 1 1 1
X 0.3529 -0.2085 -0.9121
Y 0.5793 0.8143 0.0379
Z 0.7348 -0.5418 0.4081

PART 10
OFFSET 9.4394 -6.0548 -6.9348
SCALE 1 1 1
X -0.9616 -0.0267 0.2732
Y 0.0738 -0.9838 0.1634
Z 0.2644 0.1772 0.9480

PART 11
OFFSET -6.5819 11.6570 -19.7365
SCALE 1 1 1
X 0.3529 -0.2085 -0.9121
Y 0.5793 0.8143 0.0379
Z 0.7348 -0.5418 0.4081

PART 12
OFFSET -3.6182 10.4730 -20.7471
SCALE 1 1 1
X 0.8225 -0.5538 -0.1297
Y 0.1938 0.0586 0.9793
Z -0.5347 -0.8306 0.1556

PART 13
OFFSET -1.8537 9.2376 -20.9204
SCALE 1 1 1
X 0.6514 -0.2651 -0.7109
Y 0.5973 -0.3986 0.6959
Z -0.4679 -0.8780 -0.1013

PART 14
OFFSET -0.8902 8.7351 -22.1210
SCALE 1 1 1
X 0.2276 -0.1743 -0.9580
Y 0.8297 -0.4803 0.2846
Z -0.5097 -0.8596 0.0353

PART 15
OFFSET -0.6532 8.4991 -23.1505
SCALE 1 1 1
X 0.6665 0.3245 -0.6712
Y 0.0075 0.8974 0.4412
Z 0.7455 -0.2991 0.5956

PART 16
OFFSET -4.5303 11.3224 -22.4179
SCALE 1 1 1
X 0.2860 0.2069 -0.9356
Y -0.1884 -0.9452 -0.2666
Z -0.9395 0.2525 -0.2313

PART 17
OFFSET -3.7740 11.6345 -24.5191
SCALE 1 1 1
X 0.3969 -0.2117 -0.8931
Y -0.3111 -0.9465 0.0861
Z -0.8635 0.2437 -0.4415

PART 18
OFFSET -3.2120 11.3348 -25.7836
SCALE 1 1 1
X -0.0333 -0.9075 -0.4188
Y -0.5499 -0.3332 0.7659
Z -0.8346 0.2558 -0.4879

PART 19
OFFSET -3.2416 10.5302 -26.1549
SCALE 1 1 1
X -0.3491 -0.9176 0.1901
Y -0.3505 0.3160 0.8816
Z -0.8691 0.2412 -0.4320

PART 20
OFFSET -3.5732 9.6585 -25.9743
SCALE 1 1 1
X 0.6127 0.4686 -0.6364
Y -0.1498 0.8595 0.4887
Z 0.7760 -0.2041 0.5969

PART 21
OFFSET -3.9347 11.2742 -22.0274
SCALE 1 1 1
X 0.5548 0.1743 -0.8135
Y -0.1624 -0.9363 -0.3113
Z -0.8160 0.3048 -0.4912

PART 22
OFFSET -2.6123 11.7924 -24.2048
SCALE 1 1 1
X 0.4075 -0.2995 -0.8627
Y -0.3647 -0.9194 0.1470
Z -0.8372 0.2548 -0.4839

PART 23
OFFSET -1.9185 11.2825 -25.6735
SCALE 1 1 1
X -0.0915 -0.9418 -0.3235
Y -0.5606 -0.2197 0.7984
Z -0.8230 0.2544 -0.5079

PART 24
OFFSET -2.0454 9.9772 -26.1219
SCALE 1 1 1
X -0.4095 -0.8882 0.2082
Y -0.3954 0.3784 0.8369
Z -0.8222 0.2604 -0.5062

PART 25
OFFSET -2.4896 9.0139 -25.8961
SCALE 1 1 1
X 0.5209 0.5244 -0.6735
Y -0.0535 0.8076 0.5873
Z 0.8519 -0.2699 0.4488

PART 26
OFFSET -1.1944 10.4071 -21.9539
SCALE 1 1 1
X 0.5835 -0.1192 -0.8033
Y 0.3653 0.9219 0.1286
Z 0.7253 -0.3685 0.5815

PART 27
OFFSET -0.9604 11.5947 -22.7999
SCALE 1 1 1
X 0.5936 -0.5236 -0.6111
Y -0.6076 -0.7896 0.0863
Z -0.5277 0.3201 -0.7868

PART 28
OFFSET 0.0848 10.6729 -23.8759
SCALE 1 1 1
X 0.2496 -0.8091 -0.5321
Y -0.8312 -0.4609 0.3110
Z -0.4969 0.3646 -0.7875

PART 29
OFFSET 0.4184 9.6671 -24.4749
SCALE 1 1 1
X 0.0366 -0.9314 -0.3621
Y -0.8681 -0.2091 0.4501
Z -0.4950 0.2979 -0.8163

PART 30
OFFSET 0.4597 8.6150 -24.8839
SCALE 1 1 1
X 0.6326 0.5757 -0.5181
Y -0.2280 0.7777 0.5859
Z 0.7402 -0.2525 0.6232

PART 31
OFFSET -1.7295 11.7426 -23.5790
SCALE 1 1 1
X 0.5288 -0.4821 -0.6986
Y -0.5500 -0.8215 0.1506
Z -0.6465 0.3046 -0.6995

PART 32
OFFSET -0.6966 10.8007 -24.9436
SCALE 1 1 1
X -0.0932 -0.9363 -0.3385
Y -0.7309 -0.1665 0.6619
Z -0.6761 0.3091 -0.6688

PART 33
OFFSET -0.8327 9.4331 -25.4380
SCALE 1 1 1
X -0.4778 -0.8739 0.0896
Y -0.5162 0.3618 0.7763
Z -0.7108 0.3247 -0.6240

PART 34
OFFSET -1.3786 8.4454 -25.3415
SCALE 1 1 1
X 0.7416 0.4182 -0.5246
Y -0.1402 0.8613 0.4884
Z 0.6561 -0.2886 0.6973

PART 35
OFFSET 12.7277 -4.3083 -5.5724
SCALE 1 1 1
X 0.9980 0.0567 0.0280
Y -0.0561 0.9982 -0.0218
Z -0.0292 0.0202 0.9994

PART 36
OFFSET -14.0696 -3.1330 -3.1208
SCALE 1 1 1
X -0.9074 0.3615 0.2142
Y -0.1162 -0.7058 0.6988
Z 0.4038 0.6092 0.6825

PART 37
OFFSET -3.0954 -7.5052 -5.7118
SCALE 1 1 1
X -0.9902 -0.1186 0.0733
Y 0.0908 -0.9476 -0.3064
Z 0.1058 -0.2968 0.9491

PART 38
OFFSET 5.3269 -6.4963 -6.3356
SCALE 1 1 1
X -0.9902 -0.1186 0.0733
Y -0.0558 -0.1452 -0.9878
Z 0.1278 -0.9823 0.1372

PART 39
OFFSET 6.5389 -5.4233 -7.8386
SCALE 1 1 1
X -0.9910 -0.1121 0.0726
Y -0.1043 0.3107 -0.9448
Z 0.0834 -0.9439 -0.3196

PART 40
OFFSET 6.9405 -4.8872 -6.7593
SCALE 1 1 1
X -0.9910 -0.1121 0.0726
Y -0.1043 0.3107 -0.9448
Z 0.0834 -0.9439 -0.3196

PART 41
OFFSET 7.2731 -5.6856 -4.8815
SCALE 1 1 1
X -0.9910 -0.1121 0.0726
Y -0.1043 0.3107 -0.9448
Z 0.0834 -0.9439 -0.3196

PART 42
OFFSET 8.3626 -6.1327 -6.5604
SCALE 1 1 1
X -0.9976 -0.0596 -0.0339
Y 0.0407 -0.1171 -0.9923
Z 0.0552 -0.9913 0.1193

PART 43
OFFSET 8.7495 -5.5858 -5.6366
SCALE 1 1 1
X -0.5462 -0.8071 -0.2241
Y 0.6582 -0.2481 -0.7108
Z 0.5181 -0.5358 0.6667

PART 44
OFFSET 9.8337 -3.7896 -5.1192
SCALE 1 1 1
X -0.9322 -0.3521 0.0834
Y 0.2319 -0.7582 -0.6095
Z 0.2778 -0.5488 0.7884

PART 45
OFFSET 11.3214 -3.2049 -5.3785
SCALE 1 1 1
X -0.6522 0.3852 0.6529
Y -0.6376 -0.7446 -0.1977
Z 0.4100 -0.5452 0.7312

PART 46
OFFSET 12.0188 -3.5838 -6.1146
SCALE 1 1 1
X -0.8762 0.4811 -0.0285
Y 0.2560 0.4145 -0.8733
Z -0.4083 -0.7725 -0.4864

PART 47
OFFSET 9.2393 -6.0073 -7.6184
SCALE 1 1 1
X -0.8389 -0.0246 0.5438
Y 0.1231 -0.9817 0.1456
Z 0.5302 0.1891 0.8265

PART 48
OFFSET 11.1862 -5.8041 -8.7377
SCALE 1 1 1
X -0.5473 -0.8366 0.0244
Y 0.8242 -0.5438 -0.1578
Z 0.1452 -0.0663 0.9872

PART 49
OFFSET 11.9611 -4.6197 -8.7722
SCALE 1 1 1
X 0.3831 -0.9152 -0.1254
Y 0.9186 0.3917 -0.0526
Z 0.0973 -0.0950 0.9907

PART 50
OFFSET 11.6214 -3.8083 -8.6610
SCALE 1 1 1
X 0.9622 -0.2169 -0.1644
Y 0.2238 0.9743 0.0245
Z 0.1549 -0.0604 0.9861

PART 51
OFFSET 10.7073 -3.6022 -8.5048
SCALE 1 1 1
X -0.8989 -0.4370 -0.0322
Y -0.4307 0.8675 0.2489
Z -0.0808 0.2376 -0.9680

PART 52
OFFSET 9.4394 -6.0548 -6.9348
SCALE 1 1 1
X -0.9616 -0.0267 0.2732
Y 0.0738 -0.9838 0.1634
Z 0.2644 0.1772 0.9480

PART 53
OFFSET 11.8974 -6.0334 -7.7811
SCALE 1 1 1
X -0.1598 -0.9834 0.0864
Y 0.9677 -0.1733 -0.1833
Z 0.1952 0.0543 0.9793

PART 54
OFFSET 12.1694 -4.3592 -7.9282
SCALE 1 1 1
X 0.7392 -0.6632 -0.1175
Y 0.6482 0.7479 -0.1431
Z 0.1827 0.0296 0.9827

PART 55
OFFSET 11.1449 -3.4402 -7.7654
SCALE 1 1 1
X 0.9637 0.1966 -0.1809
Y -0.1994 0.9799 0.0027
Z 0.1778 0.0334 0.9835

PART 56
OFFSET 10.0998 -3.6533 -7.5691
SCALE 1 1 1
X -0.6669 -0.7192 0.1950
Y -0.7231 0.6878 0.0637
Z -0.1799 -0.0986 -0.9787

PART 57
OFFSET 4.2057 -6.8131 -5.7985
SCALE 1 1 1
X -0.9312 -0.3091 0.1932
Y -0.3411 0.9259 -0.1626
Z -0.1286 -0.2173 -0.9676

PART 58
OFFSET 12.2398 -6.1805 -5.6357
SCALE 1 1 1
X -0.8772 -0.4610 0.1340
Y 0.4764 -0.8702 0.1257
Z 0.0587 0.1741 0.9830

PART 59
OFFSET 13.7843 -5.3689 -5.8716
SCALE 1 1 1
X -0.2443 -0.9432 0.2251
Y 0.9690 -0.2463 0.0197
Z 0.0369 0.2229 0.9741

PART 60
OFFSET 14.0836 -4.2087 -6.0860
SCALE 1 1 1
X 0.2563 -0.9569 0.1366
Y 0.9658 0.2478 -0.0765
Z 0.0393 0.1515 0.9877

PART 61
OFFSET 13.7941 -3.1278 -6.2403
SCALE 1 1 1
X -0.9442 0.1304 0.3024
Y 0.0414 0.9579 -0.2840
Z -0.3267 -0.2557 -0.9099

PART 62
OFFSET 12.1677 -6.1361 -6.7372
SCALE 1 1 1
X -0.0682 -0.9960 0.0569
Y 0.9959 -0.0714 -0.0563
Z 0.0601 0.0529 0.9968

PART 63
OFFSET 12.3009 -4.1902 -6.8484
SCALE 1 1 1
X 0.7997 -0.6003 -0.0095
Y 0.5950 0.7946 -0.1205
Z 0.0799 0.0907 0.9927

PART 64
OFFSET 11.1328 -3.3134 -6.8345
SCALE 1 1 1
X 0.9549 0.2682 -0.1273
Y -0.2830 0.9519 -0.1174
Z 0.0897 0.1482 0.9849

PART 65
OFFSET 10.0505 -3.6176 -6.6974
SCALE 1 1 1
X -0.5572 -0.8231 0.1097
Y -0.8223 0.5653 0.0655
Z -0.1159 -0.0537 -0.9918

PART 66
OFFSET 0.0000 0.0000 0.0000
SCALE 1 1 1
X 1.0000 0.0000 0.0000
Y 0.0000 1.0000 0.0000
Z 0.0000 0.0000 1.0000

PART 67
OFFSET -0.0185 -0.0092 -0.0004
SCALE 1 1 1
X 1.0000 0.0008 0.0016
Y -0.0008 1.0000 0.0004
Z -0.0016 -0.0004 1.0000

PART 68
OFFSET 0.0000 0.0000 0.0000
SCALE 1 1 1
X 1.0000 0.0008 0.0016
Y -0.0008 1.0000 0.0004
Z -0.0016 -0.0004 1.0000

PART 69
OFFSET -3.9347 11.2742 -22.0274
SCALE 1 1 1
X 0.5548 0.1743 -0.8135
Y -0.1624 -0.9363 -0.3113
Z -0.8160 0.3048 -0.4912

PART 70
OFFSET -3.9347 11.2742 -22.0274
SCALE 1 1 1
X 0.5548 0.1743 -0.8135
Y -0.1624 -0.9363 -0.3113
Z -0.8160 0.3048 -0.4912

PART 71
OFFSET 12.7277 -4.3083 -5.5724
SCALE 1 1 1
X 0.9980 0.0567 0.0280
Y -0.0561 0.9982 -0.0218
Z -0.0292 0.0202 0.9994

PART 72
OFFSET 11.4223 -4.3377 -6.8480
SCALE 1 1 1
X 0.9980 0.0567 0.0280
Y -0.0561 0.9982 -0.0218
Z -0.0292 0.0202 0.9994

PART 73
OFFSET 15.9782 -3.9622 -5.2491
SCALE 1 1 1
X 0.9980 0.0567 0.0280
Y -0.0561 0.9982 -0.0218
Z -0.0292 0.0202 0.9994

PART 74
OFFSET 14.1236 -4.1952 -3.9381
SCALE 1 1 1
X 0.9980 0.0567 0.0280
Y 0.0612 -0.9768 -0.2050
Z 0.0158 0.2063 -0.9784

PART 75
OFFSET -10.7028 -6.9045 -7.6226
SCALE 1 1 1
X 0.9975 0.0524 0.0480
Y 0.0612 -0.9768 -0.2050
Z 0.0361 0.2074 -0.9776

PART 76
OFFSET 14.0780 -4.3573 -3.1498
SCALE 1 1 1
X 0.9975 0.0524 0.0480
Y 0.0612 -0.9768 -0.2050
Z 0.0361 0.2074 -0.9776

PART 77
OFFSET 14.1337 -4.9371 -3.6739
SCALE 1 1 1
X 0.9975 0.0524 0.0480
Y 0.0612 -0.9768 -0.2050
Z 0.0361 0.2074 -0.9776

PART 78
OFFSET 14.1625 -4.7790 -4.4456
SCALE 1 1 1
X 0.9975 0.0524 0.0480
Y 0.0612 -0.9768 -0.2050
Z 0.0361 0.2074 -0.9776

PART 79
OFFSET 14.1349 -4.0380 -4.6811
SCALE 1 1 1
X 0.9975 0.0524 0.0480
Y 0.0612 -0.9768 -0.2050
Z 0.0361 0.2074 -0.9776

PART 80
OFFSET 14.0790 -3.4517 -4.1613
SCALE 1 1 1
X 0.9975 0.0524 0.0480
Y 0.0612 -0.9768 -0.2050
Z 0.0361 0.2074 -0.9776

PART 81
OFFSET 14.0513 -3.6183 -3.4028
SCALE 1 1 1
X 0.9975 0.0524 0.0480
Y 0.0612 -0.9768 -0.2050
Z 0.0361 0.2074 -0.9776

PART 82
OFFSET -8.2371 -6.7611 -7.4959
SCALE 1 1 1
X 0.9975 0.0524 0.0480
Y 0.0612 -0.9768 -0.2050
Z 0.0361 0.2074 -0.9776

PART 83
OFFSET 12.0885 -4.3238 -4.9921
SCALE 1 1 1
X 0.7756 0.0298 -0.6306
Y -0.0561 0.9982 -0.0218
Z 0.6288 0.0523 0.7758


FRAME 129
PART 0
OFFSET -3.3616 8.5985 -20.8865
SCALE 1 1 1
X 0.2600 -0.3636 -0.8945
Y 0.6371 0.7607 -0.1240
Z 0.7256 -0.5376 0.4294

PART 1
OFFSET -4.3436 7.5983 -20.6486
SCALE 1 1 1
X 0.2600 -0.3636 -0.8945
Y 0.6371 0.7607 -0.1240
Z 0.7256 -0.5376 0.4294

PART 2
OFFSET -5.5611 7.3852 -20.4911
SCALE 1 1 1
X 0.2600 -0.3636 -0.8945
Y 0.6371 0.7607 -0.1240
Z 0.7256 -0.5376 0.4294

PART 3
OFFSET -4.9206 8.0496 -22.4028
SCALE 1 1 1
X 0.8085 0.1664 -0.5645
Y 0.5882 -0.1974 0.7842
Z 0.0191 -0.9661 -0.2575

PART 4
OFFSET -5.7253 9.1806 -19.6694
SCALE 1 1 1
X 0.2625 -0.3689 -0.8916
Y 0.9378 -0.1201 0.3258
Z -0.2273 -0.9217 0.3145

PART 5
OFFSET -7.9579 12.3185 -12.0857
SCALE 1 1 1
X 0.2625 -0.3689 -0.8916
Y 0.7148 -0.5463 0.4365
Z -0.6482 -0.7519 0.1203

PART 6
OFFSET -1.9111 -0.4487 -1.8207
SCALE 1 1 1
X 1.0000 0.0000 0.0000
Y 0.0000 1.0000 0.0000
Z 0.0000 0.0000 1.0000

PART 7
OFFSET -0.7853 7.4886 -3.6306
SCALE 1 1 1
X -0.5931 0.3994 -0.6991
Y -0.3142 -0.9143 -0.2558
Z -0.7413 0.0680 0.6677

PART 8
OFFSET 9.9207 -6.7328 -6.5933
SCALE 1 1 1
X -0.9689 -0.1368 0.2062
Y 0.1806 -0.9605 0.2117
Z 0.1691 0.2423 0.9553

PART 9
OFFSET -4.9719 10.3470 -21.4958
SCALE 1 1 1
X 0.2600 -0.3636 -0.8945
Y 0.6371 0.7607 -0.1240
Z 0.7256 -0.5376 0.4294

PART 10
OFFSET 9.9207 -6.7328 -6.5933
SCALE 1 1 1
X -0.9689 -0.1368 0.2062
Y 0.1806 -0.9605 0.2117
Z 0.1691 0.2423 0.9553

PART 11
OFFSET -6.8300 8.9433 -21.0338
SCALE 1 1 1
X 0.2600 -0.3636 -0.8945
Y 0.6371 0.7607 -0.1240
Z 0.7256 -0.5376 0.4294

PART 12
OFFSET -3.9814 7.5373 -22.0056
SCALE 1 1 1
X 0.8912 -0.4511 -0.0471
Y 0.1114 0.1170 0.9869
Z -0.4397 -0.8848 0.1545

PART 13
OFFSET -2.0716 6.5262 -22.0001
SCALE 1 1 1
X 0.7302 -0.2068 -0.6512
Y 0.5876 -0.2961 0.7530
Z -0.3485 -0.9325 -0.0947

PART 14
OFFSET -0.9669 6.1056 -23.1068
SCALE 1 1 1
X 0.3183 -0.1784 -0.9310
Y 0.8583 -0.3627 0.3629
Z -0.4024 -0.9147 0.0377

PART 15
OFFSET -0.6265 5.8646 -24.1058
SCALE 1 1 1
X 0.6704 0.3811 -0.6367
Y -0.1350 0.9064 0.4004
Z 0.7297 -0.1825 0.6590

PART 16
OFFSET -4.8625 8.2065 -23.7723
SCALE 1 1 1
X 0.3279 0.2076 -0.9216
Y -0.0514 -0.9702 -0.2368
Z -0.9433 0.1250 -0.3075

PART 17
OFFSET -3.9946 8.5358 -25.8273
SCALE 1 1 1
X 0.4855 -0.1920 -0.8529
Y -0.1991 -0.9742 0.1060
Z -0.8512 0.1183 -0.5113

PART 18
OFFSET -3.3072 8.2639 -27.0347
SCALE 1 1 1
X 0.1089 -0.9188 -0.3793
Y -0.5610 -0.3718 0.7396
Z -0.8206 0.1322 -0.5560

PART 19
OFFSET -3.2106 7.4493 -27.3710
SCALE 1 1 1
X -0.2480 -0.9467 0.2058
Y -0.4515 0.3009 0.8400
Z -0.8571 0.1154 -0.5020

PART 20
OFFSET -3.4462 6.5499 -27.1756
SCALE 1 1 1
X 0.5970 0.5185 -0.6121
Y -0.2896 0.8509 0.4383
Z 0.7481 -0.0844 0.6581

PART 21
OFFSET -4.2964 8.2468 -23.3393
SCALE 1 1 1
X 0.5888 0.2132 -0.7796
Y -0.0233 -0.9597 -0.2800
Z -0.8079 0.1831 -0.5602

PART 22
OFFSET -2.8876 8.8484 -25.4397
SCALE 1 1 1
X 0.5044 -0.2768 -0.8179
Y -0.2600 -0.9520 0.1618
Z -0.8234 0.1310 -0.5521

PART 23
OFFSET -2.0289 8.3773 -26.8323
SCALE 1 1 1
X 0.0483 -0.9567 -0.2869
Y -0.5879 -0.2595 0.7662
Z -0.8075 0.1316 -0.5750

PART 24
OFFSET -1.9619 7.0513 -27.2299
SCALE 1 1 1
X -0.3127 -0.9244 0.2183
Y -0.5001 0.3556 0.7896
Z -0.8075 0.1377 -0.5735

PART 25
OFFSET -2.3010 6.0487 -26.9932
SCALE 1 1 1
X 0.5021 0.5611 -0.6581
Y -0.1953 0.8149 0.5457
Z 0.8424 -0.1455 0.5188

PART 26
OFFSET -1.4841 7.7314 -23.0358
SCALE 1 1 1
X 0.6522 -0.0739 -0.7544
Y 0.2397 0.9643 0.1127
Z 0.7191 -0.2543 0.6466

PART 27
OFFSET -1.3338 8.9082 -23.9153
SCALE 1 1 1
X 0.6971 -0.4668 -0.5442
Y -0.5116 -0.8556 0.0786
Z -0.5024 0.2236 -0.8352

PART 28
OFFSET -0.1065 8.0864 -24.8736
SCALE 1 1 1
X 0.3854 -0.7900 -0.4768
Y -0.7898 -0.5497 0.2723
Z -0.4772 0.2717 -0.8358

PART 29
OFFSET 0.3910 7.1095 -25.4025
SCALE 1 1 1
X 0.1768 -0.9318 -0.3169
Y -0.8675 -0.2996 0.3972
Z -0.4650 0.2047 -0.8613

PART 30
OFFSET 0.5907 6.0569 -25.7604
SCALE 1 1 1
X 0.5947 0.6314 -0.4976
Y -0.3642 0.7634 0.5334
Z 0.7167 -0.1360 0.6840

PART 31
OFFSET -2.0547 8.9313 -24.7521
SCALE 1 1 1
X 0.6344 -0.4369 -0.6378
Y -0.4556 -0.8778 0.1481
Z -0.6245 0.1966 -0.7559

PART 32
OFFSET -0.8154 8.0779 -25.9980
SCALE 1 1 1
X 0.0471 -0.9521 -0.3022
Y -0.7527 -0.2328 0.6159
Z -0.6567 0.1985 -0.7276

PART 33
OFFSET -0.7466 6.6872 -26.4394
SCALE 1 1 1
X -0.3732 -0.9229 0.0946
Y -0.6131 0.3219 0.7214
Z -0.6963 0.2112 -0.6860

PART 34
OFFSET -1.1738 5.6432 -26.3376
SCALE 1 1 1
X 0.7223 0.4886 -0.4895
Y -0.2803 0.8538 0.4387
Z 0.6323 -0.1796 0.7536

PART 35
OFFSET 12.8605 -4.5427 -5.0831
SCALE 1 1 1
X 0.9787 0.1817 0.0952
Y -0.1755 0.9820 -0.0700
Z -0.1062 0.0518 0.9930

PART 36
OFFSET -12.7760 -3.1330 -6.4436
SCALE 1 1 1
X -0.8554 0.5122 0.0773
Y -0.3028 -0.6154 0.7278
Z 0.4204 0.5991 0.6815

PART 37
OFFSET -2.4314 -9.3279 -7.3785
SCALE 1 1 1
X -0.9738 -0.2071 -0.0939
Y 0.2227 -0.9523 -0.2086
Z -0.0462 -0.2240 0.9735

PART 38
OFFSET 5.8512 -7.5661 -6.5799
SCALE 1 1 1
X -0.9738 -0.2071 -0.0939
Y 0.1300 -0.1683 -0.9771
Z 0.1866 -0.9637 0.1908

PART 39
OFFSET 7.2310 -6.4890 -7.9553
SCALE 1 1 1
X -0.9750 -0.2008 -0.0953
Y 0.0458 0.2383 -0.9701
Z 0.2175 -0.9502 -0.2231

PART 40
OFFSET 7.3835 -5.8591 -6.8581
SCALE 1 1 1
X -0.9750 -0.2008 -0.0953
Y 0.0458 0.2383 -0.9701
Z 0.2175 -0.9502 -0.2231

PART 41
OFFSET 7.4292 -6.5169 -4.8493
SCALE 1 1 1
X -0.9750 -0.2008 -0.0953
Y 0.0458 0.2383 -0.9701
Z 0.2175 -0.9502 -0.2231

PART 42
OFFSET 8.8365 -6.9311 -6.2921
SCALE 1 1 1
X -0.9776 -0.1847 -0.1009
Y 0.1289 -0.1462 -0.9808
Z 0.1664 -0.9718 0.1668

PART 43
OFFSET 9.0836 -6.3079 -5.3687
SCALE 1 1 1
X -0.4255 -0.8764 -0.2257
Y 0.7349 -0.1891 -0.6513
Z 0.5281 -0.4430 0.7245

PART 44
OFFSET 9.8991 -4.3732 -4.8570
SCALE 1 1 1
X -0.8860 -0.4625 0.0335
Y 0.3675 -0.7444 -0.5575
Z 0.2828 -0.4816 0.8295

PART 45
OFFSET 11.3197 -3.6171 -5.0373
SCALE 1 1 1
X -0.7413 0.3237 0.5879
Y -0.5255 -0.8248 -0.2085
Z 0.4174 -0.4635 0.7816

PART 46
OFFSET 12.1112 -3.9320 -5.7053
SCALE 1 1 1
X -0.9237 0.3667 -0.1110
Y 0.2683 0.4120 -0.8708
Z -0.2736 -0.8341 -0.4789

PART 47
OFFSET 9.7681 -6.7349 -7.2907
SCALE 1 1 1
X -0.8680 -0.1097 0.4843
Y 0.2306 -0.9528 0.1973
Z 0.4399 0.2829 0.8523

PART 48
OFFSET 11.7541 -6.3303 -8.2790
SCALE 1 1 1
X -0.4416 -0.8969 0.0232
Y 0.8938 -0.4421 -0.0754
Z 0.0779 -0.0126 0.9969

PART 49
OFFSET 12.3794 -5.0605 -8.3117
SCALE 1 1 1
X 0.5000 -0.8641 -0.0575
Y 0.8654 0.5011 -0.0056
Z 0.0337 -0.0469 0.9983

PART 50
OFFSET 11.9360 -4.2944 -8.2607
SCALE 1 1 1
X 0.9911 -0.1009 -0.0869
Y 0.1010 0.9949 -0.0032
Z 0.0868 -0.0056 0.9962

PART 51
OFFSET 10.9944 -4.1985 -8.1782
SCALE 1 1 1
X -0.8340 -0.5466 -0.0756
Y -0.5505 0.8153 0.1794
Z -0.0364 0.1913 -0.9809

PART 52
OFFSET 9.9207 -6.7328 -6.5933
SCALE 1 1 1
X -0.9689 -0.1368 0.2062
Y 0.1806 -0.9605 0.2117
Z 0.1691 0.2423 0.9553

PART 53
OFFSET 12.4143 -6.4351 -7.2657
SCALE 1 1 1
X -0.0448 -0.9919 0.1186
Y 0.9926 -0.0577 -0.1073
Z 0.1132 0.1129 0.9871

PART 54
OFFSET 12.4906 -4.7463 -7.4676
SCALE 1 1 1
X 0.8212 -0.5695 -0.0359
Y 0.5612 0.8174 -0.1305
Z 0.1036 0.0870 0.9908

PART 55
OFFSET 11.3525 -3.9570 -7.4179
SCALE 1 1 1
X 0.9434 0.3087 -0.1216
Y -0.3169 0.9469 -0.0548
Z 0.0983 0.0902 0.9911

PART 56
OFFSET 10.3294 -4.2918 -7.2859
SCALE 1 1 1
X -0.5871 -0.7894 0.1797
Y -0.8042 0.5941 -0.0177
Z -0.0928 -0.1549 -0.9836

PART 57
OFFSET 4.7481 -8.0972 -5.7933
SCALE 1 1 1
X -0.8985 -0.4158 0.1411
Y -0.4382 0.8697 -0.2271
Z -0.0283 -0.2658 -0.9636

PART 58
OFFSET 12.6104 -6.4621 -5.0972
SCALE 1 1 1
X -0.8221 -0.5617 0.0926
Y 0.5681 -0.7990 0.1972
Z -0.0368 0.2147 0.9760

PART 59
OFFSET 14.0579 -5.4731 -5.2603
SCALE 1 1 1
X -0.1438 -0.9577 0.2491
Y 0.9876 -0.1227 0.0983
Z -0.0636 0.2602 0.9635

PART 60
OFFSET 14.2288 -4.2930 -5.5046
SCALE 1 1 1
X 0.3600 -0.9120 0.1966
Y 0.9314 0.3634 -0.0197
Z -0.0535 0.1902 0.9803

PART 61
OFFSET 13.8221 -3.2628 -5.7266
SCALE 1 1 1
X -0.9731 0.0223 0.2295
Y -0.0545 0.9449 -0.3227
Z -0.2241 -0.3265 -0.9183

PART 62
OFFSET 12.6161 -6.4661 -6.2019
SCALE 1 1 1
X 0.0496 -0.9941 0.0962
Y 0.9985 0.0514 0.0167
Z -0.0216 0.0952 0.9952

PART 63
OFFSET 12.5192 -4.5241 -6.3899
SCALE 1 1 1
X 0.8653 -0.4958 0.0731
Y 0.5012 0.8578 -0.1138
Z -0.0063 0.1351 0.9908

PART 64
OFFSET 11.2553 -3.7998 -6.4967
SCALE 1 1 1
X 0.9220 0.3806 -0.0720
Y -0.3873 0.9044 -0.1791
Z -0.0030 0.1930 0.9812

PART 65
OFFSET 10.2109 -4.2316 -6.4222
SCALE 1 1 1
X -0.4594 -0.8818 0.1069
Y -0.8876 0.4603 -0.0173
Z -0.0339 -0.1028 -0.9941

PART 66
OFFSET 0.0000 0.0000 0.0000
SCALE 1 1 1
X 1.0000 0.0000 0.0000
Y 0.0000 1.0000 0.0000
Z 0.0000 0.0000 1.0000

PART 67
OFFSET -0.0657 -0.0328 -0.0012
SCALE 1 1 1
X 1.0000 0.0028 0.0056
Y -0.0028 1.0000 0.0013
Z -0.0056 -0.0013 1.0000

PART 68
OFFSET 0.0000 0.0000 -0.0000
SCALE 1 1 1
X 1.0000 0.0028 0.0056
Y -0.0028 1.0000 0.0013
Z -0.0056 -0.0013 1.0000

PART 69
OFFSET -4.2964 8.2468 -23.3393
SCALE 1 1 1
X 0.5888 0.2132 -0.7796
Y -0.0233 -0.9597 -0.2800
Z -0.8079 0.1831 -0.5602

PART 70
OFFSET -4.2964 8.2468 -23.3393
SCALE 1 1 1
X 0.5888 0.2132 -0.7796
Y -0.0233 -0.9597 -0.2800
Z -0.8079 0.1831 -0.5602

PART 71
OFFSET 12.8605 -4.5427 -5.0831
SCALE 1 1 1
X 0.9787 0.1817 0.0952
Y -0.1755 0.9820 -0.0700
Z -0.1062 0.0518 0.9930

PART 72
OFFSET 11.6677 -4.7799 -6.4444
SCALE 1 1 1
X 0.9787 0.1817 0.0952
Y -0.1755 0.9820 -0.0700
Z -0.1062 0.0518 0.9930

PART 73
OFFSET 16.0112 -3.7826 -4.5490
SCALE 1 1 1
X 0.9787 0.1817 0.0952
Y -0.1755 0.9820 -0.0700
Z -0.1062 0.0518 0.9930

PART 74
OFFSET 14.1058 -4.1985 -3.3619
SCALE 1 1 1
X 0.9787 0.1817 0.0952
Y 0.1949 -0.9682 -0.1566
Z 0.0637 0.1719 -0.9831

PART 75
OFFSET -9.8594 -10.1120 -8.6500
SCALE 1 1 1
X 0.9772 0.1781 0.1153
Y 0.1949 -0.9682 -0.1566
Z 0.0837 0.1756 -0.9809

PART 76
OFFSET 14.0214 -4.3370 -2.5723
SCALE 1 1 1
X 0.9772 0.1781 0.1153
Y 0.1949 -0.9682 -0.1566
Z 0.0837 0.1756 -0.9809

PART 77
OFFSET 14.1864 -4.9235 -3.0649
SCALE 1 1 1
X 0.9772 0.1781 0.1153
Y 0.1949 -0.9682 -0.1566
Z 0.0837 0.1756 -0.9809

PART 78
OFFSET 14.2535 -4.7905 -3.8390
SCALE 1 1 1
X 0.9772 0.1781 0.1153
Y 0.1949 -0.9682 -0.1566
Z 0.0837 0.1756 -0.9809

PART 79
OFFSET 14.1535 -4.0676 -4.1086
SCALE 1 1 1
X 0.9772 0.1781 0.1153
Y 0.1949 -0.9682 -0.1566
Z 0.0837 0.1756 -0.9809

PART 80
OFFSET 13.9879 -3.4747 -3.6205
SCALE 1 1 1
X 0.9772 0.1781 0.1153
Y 0.1949 -0.9682 -0.1566
Z 0.0837 0.1756 -0.9809

PART 81
OFFSET 13.9239 -3.6165 -2.8591
SCALE 1 1 1
X 0.9772 0.1781 0.1153
Y 0.1949 -0.9682 -0.1566
Z 0.0837 0.1756 -0.9809

PART 82
OFFSET -7.4460 -9.6578 -8.3575
SCALE 1 1 1
X 0.9772 0.1781 0.1153
Y 0.1949 -0.9682 -0.1566
Z 0.0837 0.1756 -0.9809

PART 83
OFFSET 12.1863 -4.6172 -4.5489
SCALE 1 1 1
X 0.8112 0.1039 -0.5755
Y -0.1755 0.9820 -0.0700
Z 0.5578 0.1577 0.8148


FRAME 130
PART 0
OFFSET -2.7049 5.8666 -22.4722
SCALE 1 1 1
X 0.2043 -0.4345 -0.8772
Y 0.6585 0.7240 -0.2052
Z 0.7243 -0.5357 0.4341

PART 1
OFFSET -3.7782 4.8520 -22.1005
SCALE 1 1 1
X 0.2043 -0.4345 -0.8772
Y 0.6585 0.7240 -0.2052
Z 0.7243 -0.5357 0.4341

PART 2
OFFSET -4.9975 4.6343 -21.8430
SCALE 1 1 1
X 0.2043 -0.4345 -0.8772
Y 0.6585 0.7240 -0.2052
Z 0.7243 -0.5357 0.4341

PART 3
OFFSET -4.4186 5.1958 -23.8507
SCALE 1 1 1
X 0.8306 0.2542 -0.4954
Y 0.5328 -0.1044 0.8397
Z 0.1617 -0.9615 -0.2222

PART 4
OFFSET -5.0525 6.5437 -21.1712
SCALE 1 1 1
X 0.2067 -0.4397 -0.8740
Y 0.9782 0.0749 0.1937
Z -0.0197 -0.8950 0.4456

PART 5
OFFSET -6.8109 10.2836 -13.7372
SCALE 1 1 1
X 0.2067 -0.4397 -0.8740
Y 0.7135 -0.5435 0.4422
Z -0.6694 -0.7151 0.2014

PART 6
OFFSET -1.9111 -0.4487 -1.8207
SCALE 1 1 1
X 1.0000 0.0000 0.0000
Y 0.0000 1.0000 0.0000
Z 0.0000 0.0000 1.0000

PART 7
OFFSET -0.7853 7.4886 -3.6306
SCALE 1 1 1
X -0.4982 0.2311 -0.8357
Y -0.2951 -0.9515 -0.0872
Z -0.8153 0.2031 0.5423

PART 8
OFFSET 10.6008 -7.2502 -6.2939
SCALE 1 1 1
X -0.9596 -0.2529 0.1234
Y 0.2771 -0.9253 0.2590
Z 0.0487 0.2828 0.9579

PART 9
OFFSET -4.2007 7.6154 -23.1060
SCALE 1 1 1
X 0.2043 -0.4345 -0.8772
Y 0.6585 0.7240 -0.2052
Z 0.7243 -0.5357 0.4341

PART 10
OFFSET 10.6008 -7.2502 -6.2939
SCALE 1 1 1
X -0.9596 -0.2529 0.1234
Y 0.2771 -0.9253 0.2590
Z 0.0487 0.2828 0.9579

PART 11
OFFSET -6.2276 6.2580 -22.4657
SCALE 1 1 1
X 0.2043 -0.4345 -0.8772
Y 0.6585 0.7240 -0.2052
Z 0.7243 -0.5357 0.4341

PART 12
OFFSET -3.4644 4.8145 -23.3544
SCALE 1 1 1
X 0.9405 -0.3365 0.0477
Y 0.0042 0.1519 0.9884
Z -0.3398 -0.9294 0.1443

PART 13
OFFSET -1.4534 4.0519 -23.1447
SCALE 1 1 1
X 0.8073 -0.1278 -0.5761
Y 0.5473 -0.2031 0.8119
Z -0.2208 -0.9708 -0.0941

PART 14
OFFSET -0.2075 3.7490 -24.1337
SCALE 1 1 1
X 0.4227 -0.1576 -0.8924
Y 0.8591 -0.2438 0.4500
Z -0.2885 -0.9569 0.0323

PART 15
OFFSET 0.2511 3.5306 -25.0897
SCALE 1 1 1
X 0.6744 0.4481 -0.5868
Y -0.2821 0.8909 0.3561
Z 0.6824 -0.0746 0.7272

PART 16
OFFSET -4.2536 5.3283 -25.2140
SCALE 1 1 1
X 0.3838 0.2267 -0.8951
Y 0.0907 -0.9740 -0.2078
Z -0.9189 -0.0014 -0.3944

PART 17
OFFSET -3.2463 5.7185 -27.1933
SCALE 1 1 1
X 0.5824 -0.1483 -0.7992
Y -0.0865 -0.9889 0.1205
Z -0.8083 -0.0010 -0.5888

PART 18
OFFSET -2.4217 5.5085 -28.3248
SCALE 1 1 1
X 0.2559 -0.9060 -0.3371
Y -0.5771 -0.4229 0.6987
Z -0.7756 0.0157 -0.6311

PART 19
OFFSET -2.1948 4.7052 -28.6237
SCALE 1 1 1
X -0.1475 -0.9655 0.2145
Y -0.5609 0.2603 0.7859
Z -0.8146 -0.0044 -0.5800

PART 20
OFFSET -2.3349 3.7879 -28.4199
SCALE 1 1 1
X 0.5828 0.5757 -0.5735
Y -0.4315 0.8173 0.3820
Z 0.6886 0.0249 0.7247

PART 21
OFFSET -3.7394 5.4491 -24.7338
SCALE 1 1 1
X 0.6278 0.2682 -0.7307
Y 0.1211 -0.9610 -0.2486
Z -0.7689 0.0676 -0.6358

PART 22
OFFSET -2.2269 6.1763 -26.7193
SCALE 1 1 1
X 0.6082 -0.2292 -0.7599
Y -0.1546 -0.9733 0.1698
Z -0.7786 0.0142 -0.6274

PART 23
OFFSET -1.1914 5.7861 -28.0131
SCALE 1 1 1
X 0.1922 -0.9492 -0.2492
Y -0.6199 -0.3143 0.7190
Z -0.7608 0.0163 -0.6488

PART 24
OFFSET -0.9251 4.4706 -28.3585
SCALE 1 1 1
X -0.2153 -0.9513 0.2204
Y -0.6111 0.3073 0.7295
Z -0.7617 0.0224 -0.6475

PART 25
OFFSET -1.1586 3.4388 -28.1195
SCALE 1 1 1
X 0.4880 0.6050 -0.6291
Y -0.3439 0.7958 0.4985
Z 0.8022 -0.0269 0.5964

PART 26
OFFSET -0.9254 5.2981 -24.1637
SCALE 1 1 1
X 0.7234 -0.0080 -0.6903
Y 0.1076 0.9890 0.1013
Z 0.6820 -0.1475 0.7164

PART 27
OFFSET -0.8403 6.4647 -25.0652
SCALE 1 1 1
X 0.7967 -0.3874 -0.4640
Y -0.4074 -0.9112 0.0613
Z -0.4465 0.1402 -0.8837

PART 28
OFFSET 0.5623 5.7826 -25.8821
SCALE 1 1 1
X 0.5223 -0.7456 -0.4138
Y -0.7379 -0.6384 0.2190
Z -0.4275 0.1909 -0.8836

PART 29
OFFSET 1.2232 4.8645 -26.3315
SCALE 1 1 1
X 0.3188 -0.9090 -0.2684
Y -0.8570 -0.3974 0.3280
Z -0.4049 0.1255 -0.9057

PART 30
OFFSET 1.5833 3.8377 -26.6347
SCALE 1 1 1
X 0.5560 0.6900 -0.4635
Y -0.5033 0.7232 0.4729
Z 0.6615 -0.0296 0.7494

PART 31
OFFSET -1.4779 6.3784 -25.9633
SCALE 1 1 1
X 0.7397 -0.3677 -0.5636
Y -0.3558 -0.9246 0.1363
Z -0.5712 0.0997 -0.8147

PART 32
OFFSET -0.0329 5.6601 -27.0643
SCALE 1 1 1
X 0.1918 -0.9451 -0.2647
Y -0.7721 -0.3118 0.5538
Z -0.6059 0.0982 -0.7895

PART 33
OFFSET 0.2473 4.2798 -27.4510
SCALE 1 1 1
X -0.2639 -0.9602 0.0919
Y -0.7123 0.2582 0.6527
Z -0.6504 0.1068 -0.7520

PART 34
OFFSET -0.0557 3.1928 -27.3527
SCALE 1 1 1
X 0.6988 0.5645 -0.4392
Y -0.4227 0.8213 0.3830
Z 0.5770 -0.0820 0.8126

PART 35
OFFSET 13.0958 -4.6750 -4.6019
SCALE 1 1 1
X 0.9359 0.3053 0.1760
Y -0.2878 0.9504 -0.1182
Z -0.2033 0.0600 0.9773

PART 36
OFFSET -11.8116 -3.1330 -9.7915
SCALE 1 1 1
X -0.8447 0.5266 -0.0959
Y -0.4237 -0.5484 0.7209
Z 0.3270 0.6496 0.6864

PART 37
OFFSET -1.5958 -9.5012 -8.6315
SCALE 1 1 1
X -0.9612 -0.1663 -0.2202
Y 0.1923 -0.9760 -0.1023
Z -0.1978 -0.1407 0.9701

PART 38
OFFSET 6.5794 -8.0864 -6.7590
SCALE 1 1 1
X -0.9612 -0.1663 -0.2202
Y 0.2477 -0.1685 -0.9541
Z 0.1216 -0.9716 0.2032

PART 39
OFFSET 8.2188 -7.2145 -8.0453
SCALE 1 1 1
X -0.9618 -0.1601 -0.2222
Y 0.1978 0.1552 -0.9679
Z 0.1895 -0.9748 -0.1176

PART 40
OFFSET 8.2490 -6.5217 -6.9661
SCALE 1 1 1
X -0.9618 -0.1601 -0.2222
Y 0.1978 0.1552 -0.9679
Z 0.1895 -0.9748 -0.1176

PART 41
OFFSET 7.9532 -7.0355 -4.8470
SCALE 1 1 1
X -0.9618 -0.1601 -0.2222
Y 0.1978 0.1552 -0.9679
Z 0.1895 -0.9748 -0.1176

PART 42
OFFSET 9.5261 -7.5764 -6.0841
SCALE 1 1 1
X -0.9338 -0.3083 -0.1814
Y 0.2362 -0.1506 -0.9600
Z 0.2687 -0.9393 0.2134

PART 43
OFFSET 9.6079 -6.9067 -5.1637
SCALE 1 1 1
X -0.2916 -0.9277 -0.2332
Y 0.8097 -0.1096 -0.5765
Z 0.5092 -0.3569 0.7831

PART 44
OFFSET 10.1280 -4.8741 -4.6465
SCALE 1 1 1
X -0.8216 -0.5693 -0.0301
Y 0.5064 -0.7045 -0.4972
Z 0.2618 -0.4237 0.8671

PART 45
OFFSET 11.4552 -3.9496 -4.7247
SCALE 1 1 1
X -0.8268 0.2409 0.5083
Y -0.3984 -0.8888 -0.2268
Z 0.3971 -0.3900 0.8308

PART 46
OFFSET 12.3379 -4.1772 -5.3085
SCALE 1 1 1
X -0.9475 0.2452 -0.2052
Y 0.2950 0.4231 -0.8567
Z -0.1232 -0.8723 -0.4732

PART 47
OFFSET 10.5149 -7.2869 -7.0016
SCALE 1 1 1
X -0.8890 -0.2072 0.4084
Y 0.3269 -0.9117 0.2489
Z 0.3208 0.3548 0.8782

PART 48
OFFSET 12.5189 -6.6579 -7.8219
SCALE 1 1 1
X -0.3280 -0.9446 0.0138
Y 0.9446 -0.3278 0.0195
Z -0.0139 0.0194 0.9997

PART 49
