// Export filename: `C:/cod5/cod/cod5/xanim_export/viewmodel/US/sw357/sw357_putaway_fast.XANIM_EXPORT`
// Source filename: `C:/cod5/cod/cod5/animation_assets/viewmodel/US/sw357/viewmodelanimation_sw357.mb`
// Export time: Fri Aug 15 15:51:22 2008

ANIMATION
VERSION 3

NUMPARTS 84
PART 0 "J_Sleave_Reshape_Top_LE_1"
PART 1 "J_Sleave_Reshape_Top_LE_2"
PART 2 "J_Sleave_Reshape_Top_LE_3"
PART 3 "J_Wrist_LE"
PART 4 "J_WristTwist_LE"
PART 5 "J_Elbow_LE"
PART 6 "tag_torso"
PART 7 "J_Shoulder_LE"
PART 8 "RingPalm_FK_RI"
PART 9 "J_Sleave_Reshape_Bottom_LE_1"
PART 10 "RingPalm_SDK_RI"
PART 11 "J_Sleave_Reshape_Bottom_LE_2"
PART 12 "J_Thumb_LE_0"
PART 13 "J_Thumb_LE_1"
PART 14 "J_Thumb_LE_2"
PART 15 "J_Thumb_LE_3"
PART 16 "J_PinkyPalm_LE"
PART 17 "J_Pinky_LE_0"
PART 18 "J_Pinky_LE_1"
PART 19 "J_Pinky_LE_2"
PART 20 "J_Pinky_LE_3"
PART 21 "J_RingPalm_LE"
PART 22 "J_Ring_LE_0"
PART 23 "J_Ring_LE_1"
PART 24 "J_Ring_LE_2"
PART 25 "J_Ring_LE_3"
PART 26 "J_Webbing_LE"
PART 27 "J_Index_LE_0"
PART 28 "J_Index_LE_1"
PART 29 "J_Index_LE_2"
PART 30 "J_Index_LE_3"
PART 31 "J_Mid_LE_0"
PART 32 "J_Mid_LE_1"
PART 33 "J_Mid_LE_2"
PART 34 "J_Mid_LE_3"
PART 35 "tag_weapon"
PART 36 "J_Shoulder_RI"
PART 37 "J_Elbow_RI"
PART 38 "J_WristTwist_RI"
PART 39 "J_Sleave_Reshape_Top_RI_3"
PART 40 "J_Sleave_Reshape_Top_RI_2"
PART 41 "J_Sleave_Reshape_Top_RI_1"
PART 42 "J_Wrist_RI"
PART 43 "J_Thumb_RI_0"
PART 44 "J_Thumb_RI_1"
PART 45 "J_Thumb_RI_2"
PART 46 "J_Thumb_RI_3"
PART 47 "J_PinkyPalm_RI"
PART 48 "J_Pinky_RI_0"
PART 49 "J_Pinky_RI_1"
PART 50 "J_Pinky_RI_2"
PART 51 "J_Pinky_RI_3"
PART 52 "J_RingPalm_RI"
PART 53 "J_Ring_RI_0"
PART 54 "J_Ring_RI_1"
PART 55 "J_Ring_RI_2"
PART 56 "J_Ring_RI_3"
PART 57 "J_Webbing_RI"
PART 58 "J_Index_RI_0"
PART 59 "J_Index_RI_1"
PART 60 "J_Index_RI_2"
PART 61 "J_Index_RI_3"
PART 62 "J_Mid_RI_0"
PART 63 "J_Mid_RI_1"
PART 64 "J_Mid_RI_2"
PART 65 "J_Mid_RI_3"
PART 66 "tag_cambone"
PART 67 "tag_camera"
PART 68 "tag_gasmask"
PART 69 "RingPalm_SDK_LE"
PART 70 "RingPalm_FK_LE"
PART 71 "J_Gun"
PART 72 "J_Clip"
PART 73 "joint2"
PART 74 "J_Bolt"
PART 75 "tag_speedloader"
PART 76 "tag_spent0"
PART 77 "tag_spent1"
PART 78 "tag_spent2"
PART 79 "tag_spent3"
PART 80 "tag_spent4"
PART 81 "tag_spent5"
PART 82 "tag_bullets"
PART 83 "joint1"

FRAMERATE 30
NUMFRAMES 12

FRAME 290
PART 0
OFFSET -2.9433 12.6125 -18.6878
SCALE 1 1 1
X 0.4090 -0.1132 -0.9055
Y 0.5341 0.8342 0.1370
Z 0.7399 -0.5397 0.4016

PART 1
OFFSET -3.6118 11.4839 -18.7335
SCALE 1 1 1
X 0.4090 -0.1132 -0.9055
Y 0.5341 0.8342 0.1370
Z 0.7399 -0.5397 0.4016

PART 2
OFFSET -4.8226 11.3534 -18.8442
SCALE 1 1 1
X 0.4090 -0.1132 -0.9055
Y 0.5341 0.8342 0.1370
Z 0.7399 -0.5397 0.4016

PART 3
OFFSET -4.0671 12.5132 -20.4537
SCALE 1 1 1
X 0.7678 0.0611 -0.6378
Y 0.6145 -0.3519 0.7060
Z -0.1813 -0.9340 -0.3077

PART 4
OFFSET -5.3297 12.8773 -17.6839
SCALE 1 1 1
X 0.4118 -0.1187 -0.9035
Y 0.8350 -0.3478 0.4263
Z -0.3649 -0.9300 -0.0441

PART 5
OFFSET -8.8326 13.8873 -9.9994
SCALE 1 1 1
X 0.4118 -0.1187 -0.9035
Y 0.7297 -0.5509 0.4050
Z -0.5458 -0.8261 -0.1402

PART 6
OFFSET -1.9111 -0.4487 -1.8207
SCALE 1 1 1
X 1.0000 0.0000 0.0000
Y 0.0000 1.0000 0.0000
Z 0.0000 0.0000 1.0000

PART 7
OFFSET -0.7853 7.4886 -3.6306
SCALE 1 1 1
X -0.6654 0.5291 -0.5266
Y -0.2100 -0.8096 -0.5480
Z -0.7163 -0.2541 0.6499

PART 8
OFFSET 9.2787 -5.7134 -7.0969
SCALE 1 1 1
X -0.9535 0.0213 0.3006
Y 0.0225 -0.9897 0.1413
Z 0.3005 0.1414 0.9432

PART 9
OFFSET -4.8660 14.2170 -19.1943
SCALE 1 1 1
X 0.4090 -0.1132 -0.9055
Y 0.5341 0.8342 0.1370
Z 0.7399 -0.5397 0.4016

PART 10
OFFSET 9.2787 -5.7134 -7.0969
SCALE 1 1 1
X -0.9535 0.0213 0.3006
Y 0.0225 -0.9897 0.1413
Z 0.3005 0.1414 0.9432

PART 11
OFFSET -6.2268 12.8453 -19.2112
SCALE 1 1 1
X 0.4090 -0.1132 -0.9055
Y 0.5341 0.8342 0.1370
Z 0.7399 -0.5397 0.4016

PART 12
OFFSET -3.2031 11.8176 -20.1856
SCALE 1 1 1
X 0.7858 -0.5961 -0.1648
Y 0.2242 0.0263 0.9742
Z -0.5764 -0.8025 0.1543

PART 13
OFFSET -1.5171 10.4892 -20.4354
SCALE 1 1 1
X 0.6151 -0.2857 -0.7349
Y 0.5930 -0.4466 0.6700
Z -0.5195 -0.8479 -0.1053

PART 14
OFFSET -0.6176 9.9598 -21.6735
SCALE 1 1 1
X 0.1905 -0.1659 -0.9676
Y 0.8088 -0.5322 0.2505
Z -0.5565 -0.8302 0.0328

PART 15
OFFSET -0.4233 9.7333 -22.7140
SCALE 1 1 1
X 0.6647 0.3012 -0.6837
Y 0.0707 0.8857 0.4588
Z 0.7438 -0.3533 0.5674

PART 16
OFFSET -4.1121 12.7529 -21.8117
SCALE 1 1 1
X 0.2709 0.2109 -0.9392
Y -0.2491 -0.9271 -0.2800
Z -0.9298 0.3098 -0.1986

PART 17
OFFSET -3.3986 13.0679 -23.9274
SCALE 1 1 1
X 0.3591 -0.2141 -0.9084
Y -0.3617 -0.9292 0.0760
Z -0.8603 0.3013 -0.4111

PART 18
OFFSET -2.8901 12.7648 -25.2135
SCALE 1 1 1
X -0.0964 -0.8949 -0.4358
Y -0.5462 -0.3185 0.7747
Z -0.8321 0.3127 -0.4581

PART 19
OFFSET -2.9756 11.9714 -25.5999
SCALE 1 1 1
X -0.3951 -0.9005 0.1816
Y -0.3072 0.3159 0.8977
Z -0.8658 0.2989 -0.4014

PART 20
OFFSET -3.3509 11.1159 -25.4273
SCALE 1 1 1
X 0.6202 0.4473 -0.6444
Y -0.0871 0.8557 0.5101
Z 0.7796 -0.2602 0.5697

PART 21
OFFSET -3.5095 12.6629 -21.4398
SCALE 1 1 1
X 0.5408 0.1606 -0.8257
Y -0.2238 -0.9188 -0.3253
Z -0.8108 0.3607 -0.4609

PART 22
OFFSET -2.2214 13.1535 -23.6440
SCALE 1 1 1
X 0.3655 -0.3030 -0.8801
Y -0.4120 -0.9005 0.1390
Z -0.8347 0.3118 -0.4540

PART 23
OFFSET -1.5991 12.6376 -25.1423
SCALE 1 1 1
X -0.1538 -0.9279 -0.3396
Y -0.5496 -0.2053 0.8098
Z -0.8212 0.3112 -0.4784

PART 24
OFFSET -1.8123 11.3516 -25.6130
SCALE 1 1 1
X -0.4532 -0.8682 0.2021
Y -0.3497 0.3817 0.8556
Z -0.8200 0.3171 -0.4766

PART 25
OFFSET -2.3038 10.4100 -25.3938
SCALE 1 1 1
X 0.5307 0.5089 -0.6778
Y 0.0088 0.7963 0.6048
Z 0.8475 -0.3270 0.4182

PART 26
OFFSET -0.8218 11.6421 -21.4638
SCALE 1 1 1
X 0.5531 -0.1342 -0.8222
Y 0.4205 0.8970 0.1364
Z 0.7192 -0.4212 0.5526

PART 27
OFFSET -0.5446 12.8329 -22.2922
SCALE 1 1 1
X 0.5456 -0.5426 -0.6386
Y -0.6487 -0.7560 0.0881
Z -0.5306 0.3662 -0.7644

PART 28
OFFSET 0.4161 11.8776 -23.4166
SCALE 1 1 1
X 0.1883 -0.8100 -0.5554
Y -0.8469 -0.4203 0.3258
Z -0.4973 0.4090 -0.7651

PART 29
OFFSET 0.6752 10.8680 -24.0453
SCALE 1 1 1
X -0.0264 -0.9239 -0.3817
Y -0.8656 -0.1698 0.4710
Z -0.5000 0.3429 -0.7953

PART 30
OFFSET 0.6454 9.8245 -24.4764
SCALE 1 1 1
X 0.6494 0.5505 -0.5246
Y -0.1670 0.7763 0.6079
Z 0.7419 -0.3071 0.5961

PART 31
OFFSET -1.3257 13.0406 -23.0453
SCALE 1 1 1
X 0.4808 -0.4957 -0.7233
Y -0.5912 -0.7924 0.1500
Z -0.6475 0.3555 -0.6741

PART 32
OFFSET -0.3864 12.0723 -24.4583
SCALE 1 1 1
X -0.1556 -0.9220 -0.3544
Y -0.7203 -0.1396 0.6795
Z -0.6760 0.3610 -0.6424

PART 33
OFFSET -0.6137 10.7255 -24.9760
SCALE 1 1 1
X -0.5239 -0.8474 0.0858
Y -0.4729 0.3732 0.7982
Z -0.7084 0.3776 -0.5963

PART 34
OFFSET -1.2117 9.7682 -24.8836
SCALE 1 1 1
X 0.7491 0.3873 -0.5375
Y -0.0774 0.8569 0.5096
Z 0.6580 -0.3401 0.6719

PART 35
OFFSET 12.6976 -4.1841 -5.7962
SCALE 1 1 1
X 1.0000 0.0000 0.0000
Y 0.0000 1.0000 0.0000
Z 0.0000 0.0000 1.0000

PART 36
OFFSET -14.7030 -3.1330 -3.1208
SCALE 1 1 1
X -0.9456 0.2673 0.1855
Y -0.0464 -0.6751 0.7362
Z 0.3221 0.6876 0.6508

PART 37
OFFSET -3.2673 -6.3659 -5.3648
SCALE 1 1 1
X -0.9919 -0.0542 0.1148
Y 0.0259 -0.9716 -0.2352
Z 0.1243 -0.2303 0.9651

PART 38
OFFSET 5.1693 -5.9050 -6.3410
SCALE 1 1 1
X -0.9919 -0.0542 0.1148
Y -0.1077 -0.1193 -0.9870
Z 0.0672 -0.9914 0.1125

PART 39
OFFSET 6.3766 -5.0379 -8.0236
SCALE 1 1 1
X -0.9924 -0.0478 0.1135
Y -0.1218 0.2444 -0.9620
Z 0.0182 -0.9685 -0.2484

PART 40
OFFSET 6.8511 -4.4679 -6.9814
SCALE 1 1 1
X -0.9924 -0.0478 0.1135
Y -0.1218 0.2444 -0.9620
Z 0.0182 -0.9685 -0.2484

PART 41
OFFSET 7.2202 -5.1755 -4.9692
SCALE 1 1 1
X -0.9924 -0.0478 0.1135
Y -0.1218 0.2444 -0.9620
Z 0.0182 -0.9685 -0.2484

PART 42
OFFSET 8.2102 -5.7389 -6.6929
SCALE 1 1 1
X -1.0000 -0.0028 -0.0059
Y 0.0062 -0.0976 -0.9952
Z 0.0022 -0.9952 0.0976

PART 43
OFFSET 8.6532 -5.2349 -5.7699
SCALE 1 1 1
X -0.5972 -0.7701 -0.2243
Y 0.6229 -0.2691 -0.7346
Z 0.5054 -0.5784 0.6404

PART 44
OFFSET 9.8515 -3.5139 -5.2483
SCALE 1 1 1
X -0.9480 -0.3010 0.1035
Y 0.1714 -0.7565 -0.6311
Z 0.2683 -0.5806 0.7687

PART 45
OFFSET 11.3621 -3.0081 -5.5390
SCALE 1 1 1
X -0.6108 0.4068 0.6793
Y -0.6841 -0.7032 -0.1939
Z 0.3988 -0.5831 0.7078

PART 46
OFFSET 12.0160 -3.4094 -6.3027
SCALE 1 1 1
X -0.8480 0.5300 0.0068
Y 0.2545 0.4184 -0.8719
Z -0.4649 -0.7376 -0.4897

PART 47
OFFSET 9.0626 -5.6399 -7.7733
SCALE 1 1 1
X -0.8233 0.0106 0.5675
Y 0.0714 -0.9900 0.1221
Z 0.5631 0.1410 0.8143

PART 48
OFFSET 10.9857 -5.5218 -8.9447
SCALE 1 1 1
X -0.5930 -0.8049 0.0235
Y 0.7873 -0.5856 -0.1927
Z 0.1688 -0.0958 0.9810

PART 49
OFFSET 11.8253 -4.3823 -8.9778
SCALE 1 1 1
X 0.3269 -0.9323 -0.1550
Y 0.9375 0.3407 -0.0715
Z 0.1195 -0.1219 0.9853

PART 50
OFFSET 11.5354 -3.5557 -8.8405
SCALE 1 1 1
X 0.9434 -0.2669 -0.1968
Y 0.2793 0.9595 0.0376
Z 0.1788 -0.0905 0.9797

PART 51
OFFSET 10.6391 -3.3022 -8.6535
SCALE 1 1 1
X -0.9228 -0.3851 -0.0148
Y -0.3737 0.8847 0.2789
Z -0.0943 0.2628 -0.9602

PART 52
OFFSET 9.2787 -5.7134 -7.0969
SCALE 1 1 1
X -0.9535 0.0213 0.3006
Y 0.0225 -0.9897 0.1413
Z 0.3005 0.1414 0.9432

PART 53
OFFSET 11.7093 -5.8114 -8.0141
SCALE 1 1 1
X -0.2128 -0.9745 0.0711
Y 0.9508 -0.2233 -0.2149
Z 0.2253 0.0219 0.9740

PART 54
OFFSET 12.0716 -4.1523 -8.1352
SCALE 1 1 1
X 0.6969 -0.7008 -0.1524
Y 0.6853 0.7133 -0.1468
Z 0.2116 -0.0021 0.9774

PART 55
OFFSET 11.1058 -3.1810 -7.9240
SCALE 1 1 1
X 0.9678 0.1461 -0.2050
Y -0.1434 0.9893 0.0283
Z 0.2069 0.0020 0.9784

PART 56
OFFSET 10.0562 -3.3395 -7.7017
SCALE 1 1 1
X -0.7009 -0.6847 0.1999
Y -0.6809 0.7257 0.0986
Z -0.2126 -0.0670 -0.9748

PART 57
OFFSET 4.0444 -6.2016 -5.8237
SCALE 1 1 1
X -0.9414 -0.2605 0.2140
Y -0.2925 0.9469 -0.1339
Z -0.1678 -0.1887 -0.9676

PART 58
OFFSET 12.1029 -6.0242 -5.8830
SCALE 1 1 1
X -0.8979 -0.4139 0.1502
Y 0.4297 -0.8981 0.0941
Z 0.0959 0.1490 0.9842

PART 59
OFFSET 13.6837 -5.2955 -6.1474
SCALE 1 1 1
X -0.2910 -0.9327 0.2130
Y 0.9537 -0.3006 -0.0136
Z 0.0767 0.1992 0.9769

PART 60
OFFSET 14.0421 -4.1495 -6.3471
SCALE 1 1 1
X 0.2054 -0.9725 0.1097
Y 0.9758 0.1949 -0.0996
Z 0.0755 0.1275 0.9890

PART 61
OFFSET 13.8101 -3.0510 -6.4710
SCALE 1 1 1
X -0.9265 0.1766 0.3324
Y 0.0876 0.9601 -0.2657
Z -0.3660 -0.2170 -0.9049

PART 62
OFFSET 12.0025 -5.9518 -6.9808
SCALE 1 1 1
X -0.1229 -0.9917 0.0388
Y 0.9882 -0.1259 -0.0868
Z 0.0909 0.0277 0.9955

PART 63
OFFSET 12.2426 -4.0145 -7.0565
SCALE 1 1 1
X 0.7638 -0.6438 -0.0450
Y 0.6355 0.7624 -0.1218
Z 0.1127 0.0644 0.9915

PART 64
OFFSET 11.1270 -3.0741 -6.9909
SCALE 1 1 1
X 0.9646 0.2170 -0.1497
Y -0.2318 0.9686 -0.0899
Z 0.1255 0.1214 0.9846

PART 65
OFFSET 10.0334 -3.3200 -6.8283
SCALE 1 1 1
X -0.5996 -0.7928 0.1093
Y -0.7868 0.6090 0.1009
Z -0.1465 -0.0254 -0.9889

PART 66
OFFSET 0.0000 0.0000 0.0000
SCALE 1 1 1
X 1.0000 0.0000 0.0000
Y 0.0000 1.0000 0.0000
Z 0.0000 0.0000 1.0000

PART 67
OFFSET 0.0000 0.0000 0.0000
SCALE 1 1 1
X 1.0000 0.0000 0.0000
Y 0.0000 1.0000 0.0000
Z 0.0000 0.0000 1.0000

PART 68
OFFSET 0.0000 0.0000 0.0000
SCALE 1 1 1
X 1.0000 0.0000 0.0000
Y 0.0000 1.0000 0.0000
Z 0.0000 0.0000 1.0000

PART 69
OFFSET -3.5095 12.6629 -21.4398
SCALE 1 1 1
X 0.5408 0.1606 -0.8257
Y -0.2238 -0.9188 -0.3253
Z -0.8108 0.3607 -0.4609

PART 70
OFFSET -3.5095 12.6629 -21.4398
SCALE 1 1 1
X 0.5408 0.1606 -0.8257
Y -0.2238 -0.9188 -0.3253
Z -0.8108 0.3607 -0.4609

PART 71
OFFSET 12.6976 -4.1841 -5.7962
SCALE 1 1 1
X 1.0000 0.0000 0.0000
Y 0.0000 1.0000 0.0000
Z 0.0000 0.0000 1.0000

PART 72
OFFSET 11.3575 -4.1125 -7.0335
SCALE 1 1 1
X 1.0000 0.0000 0.0000
Y 0.0000 1.0000 0.0000
Z 0.0000 0.0000 1.0000

PART 73
OFFSET 15.9704 -4.0279 -5.5611
SCALE 1 1 1
X 1.0000 0.0000 0.0000
Y 0.0000 1.0000 0.0000
Z 0.0000 0.0000 1.0000

PART 74
OFFSET 14.1430 -4.1851 -4.2014
SCALE 1 1 1
X 0.9998 0.0000 0.0204
Y -0.0000 1.0000 0.0000
Z -0.0204 -0.0000 0.9998

PART 75
OFFSET -10.9396 -2.3030 -2.0591
SCALE 1 1 1
X 1.0000 0.0000 0.0000
Y 0.0000 1.0000 0.0000
Z 0.0000 0.0000 1.0000

PART 76
OFFSET 14.1268 -4.1911 55.4800
SCALE 1 1 1
X 1.0000 0.0000 0.0000
Y 0.0000 1.0000 0.0000
Z 0.0000 0.0000 1.0000

PART 77
OFFSET 14.1268 -3.5140 55.8741
SCALE 1 1 1
X 1.0000 0.0000 0.0000
Y 0.0000 1.0000 0.0000
Z 0.0000 0.0000 1.0000

PART 78
OFFSET 14.1268 -3.5084 56.6623
SCALE 1 1 1
X 1.0000 0.0000 0.0000
Y 0.0000 1.0000 0.0000
Z 0.0000 0.0000 1.0000

PART 79
OFFSET 14.1268 -4.1856 57.0453
SCALE 1 1 1
X 1.0000 0.0000 0.0000
Y 0.0000 1.0000 0.0000
Z 0.0000 0.0000 1.0000

PART 80
OFFSET 14.1268 -4.8683 56.6567
SCALE 1 1 1
X 1.0000 0.0000 0.0000
Y 0.0000 1.0000 0.0000
Z 0.0000 0.0000 1.0000

PART 81
OFFSET 14.1268 -4.8628 55.8796
SCALE 1 1 1
X 1.0000 0.0000 0.0000
Y 0.0000 1.0000 0.0000
Z 0.0000 0.0000 1.0000

PART 82
OFFSET 14.5483 -4.1836 -4.1842
SCALE 1 1 1
X 1.0000 0.0000 0.0000
Y 0.0000 1.0000 0.0000
Z 0.0000 0.0000 1.0000

PART 83
OFFSET 12.0752 -4.1764 -5.1979
SCALE 1 1 1
X 0.7580 0.0000 -0.6522
Y 0.0000 1.0000 0.0000
Z 0.6522 0.0000 0.7580


FRAME 291
PART 0
OFFSET -2.4653 12.3916 -19.9295
SCALE 1 1 1
X 0.3829 -0.1067 -0.9176
Y 0.5386 0.8328 0.1280
Z 0.7505 -0.5433 0.3763

PART 1
OFFSET -3.1615 11.2710 -19.9760
SCALE 1 1 1
X 0.3829 -0.1067 -0.9176
Y 0.5386 0.8328 0.1280
Z 0.7505 -0.5433 0.3763

PART 2
OFFSET -4.3723 11.0997 -20.0472
SCALE 1 1 1
X 0.3829 -0.1067 -0.9176
Y 0.5386 0.8328 0.1280
Z 0.7505 -0.5433 0.3763

PART 3
OFFSET -3.6619 12.2711 -21.6688
SCALE 1 1 1
X 0.8045 0.0729 -0.5895
Y 0.5753 -0.3425 0.7428
Z -0.1478 -0.9367 -0.3175

PART 4
OFFSET -4.8447 12.6152 -18.8615
SCALE 1 1 1
X 0.3858 -0.1123 -0.9157
Y 0.8593 -0.3176 0.4010
Z -0.3359 -0.9415 -0.0261

PART 5
OFFSET -8.1264 13.5700 -11.0729
SCALE 1 1 1
X 0.3858 -0.1123 -0.9157
Y 0.7404 -0.5545 0.3799
Z -0.5504 -0.8246 -0.1308

PART 6
OFFSET -1.9111 -0.4487 -1.8207
SCALE 1 1 1
X 1.0000 0.0000 0.0000
Y 0.0000 1.0000 0.0000
Z 0.0000 0.0000 1.0000

PART 7
OFFSET -0.7853 7.4886 -3.6306
SCALE 1 1 1
X -0.6070 0.5029 -0.6154
Y -0.1814 -0.8416 -0.5088
Z -0.7737 -0.1972 0.6020

PART 8
OFFSET 9.1146 -5.7505 -7.5016
SCALE 1 1 1
X -0.9704 0.0066 0.2414
Y 0.0288 -0.9893 0.1432
Z 0.2398 0.1459 0.9598

PART 9
OFFSET -4.3766 14.0104 -20.3602
SCALE 1 1 1
X 0.3829 -0.1067 -0.9176
Y 0.5386 0.8328 0.1280
Z 0.7505 -0.5433 0.3763

PART 10
OFFSET 9.1146 -5.7505 -7.5016
SCALE 1 1 1
X -0.9704 0.0066 0.2414
Y 0.0288 -0.9893 0.1432
Z 0.2398 0.1459 0.9598

PART 11
OFFSET -5.7850 12.5954 -20.3627
SCALE 1 1 1
X 0.3829 -0.1067 -0.9176
Y 0.5386 0.8328 0.1280
Z 0.7505 -0.5433 0.3763

PART 12
OFFSET -2.8055 11.5887 -21.3475
SCALE 1 1 1
X 0.8035 -0.5840 -0.1157
Y 0.1635 0.0296 0.9861
Z -0.5724 -0.8112 0.1193

PART 13
OFFSET -1.0872 10.2864 -21.4920
SCALE 1 1 1
X 0.6634 -0.2761 -0.6954
Y 0.5575 -0.4375 0.7056
Z -0.4991 -0.8558 -0.1363

PART 14
OFFSET -0.1053 9.7709 -22.6720
SCALE 1 1 1
X 0.2521 -0.1629 -0.9539
Y 0.7999 -0.5197 0.3001
Z -0.5447 -0.8387 -0.0007

PART 15
OFFSET 0.1560 9.5475 -23.6985
SCALE 1 1 1
X 0.7008 0.3114 -0.6418
Y 0.0288 0.8866 0.4616
Z 0.7128 -0.3419 0.6124

PART 16
OFFSET -3.6270 12.5102 -23.0271
SCALE 1 1 1
X 0.3249 0.2151 -0.9210
Y -0.2172 -0.9308 -0.2940
Z -0.9205 0.2955 -0.2557

PART 17
OFFSET -2.7896 12.8363 -25.0952
SCALE 1 1 1
X 0.4175 -0.2085 -0.8844
Y -0.3515 -0.9346 0.0544
Z -0.8379 0.2881 -0.4635

PART 18
OFFSET -2.1985 12.5411 -26.3474
SCALE 1 1 1
X -0.0557 -0.8962 -0.4402
Y -0.5879 -0.3269 0.7400
Z -0.8070 0.3000 -0.5086

PART 19
OFFSET -2.2479 11.7465 -26.7376
SCALE 1 1 1
X -0.3917 -0.9065 0.1578
Y -0.3666 0.3110 0.8768
Z -0.8439 0.2856 -0.4542

PART 20
OFFSET -2.6200 10.8853 -26.5877
SCALE 1 1 1
X 0.6518 0.4568 -0.6054
Y -0.1314 0.8542 0.5030
Z 0.7470 -0.2483 0.6168

PART 21
OFFSET -3.0471 12.4294 -22.6188
SCALE 1 1 1
X 0.5880 0.1689 -0.7910
Y -0.1893 -0.9220 -0.3376
Z -0.7864 0.3483 -0.5102

PART 22
OFFSET -1.6335 12.9399 -24.7400
SCALE 1 1 1
X 0.4235 -0.2973 -0.8557
Y -0.4059 -0.9068 0.1141
Z -0.8099 0.2990 -0.5047

PART 23
OFFSET -0.9125 12.4337 -26.1969
SCALE 1 1 1
X -0.1184 -0.9301 -0.3476
Y -0.5951 -0.2138 0.7747
Z -0.7949 0.2986 -0.5282

PART 24
OFFSET -1.0766 11.1446 -26.6787
SCALE 1 1 1
X -0.4514 -0.8751 0.1746
Y -0.4074 0.3762 0.8322
Z -0.7939 0.3045 -0.5263

PART 25
OFFSET -1.5662 10.1956 -26.4894
SCALE 1 1 1
X 0.5636 0.5170 -0.6443
Y -0.0406 0.7963 0.6035
Z 0.8251 -0.3140 0.4697

PART 26
OFFSET -0.3476 11.4499 -22.4767
SCALE 1 1 1
X 0.6046 -0.1256 -0.7866
Y 0.3975 0.9033 0.1613
Z 0.6902 -0.4102 0.5961

PART 27
OFFSET -0.0383 12.6448 -23.2875
SCALE 1 1 1
X 0.5921 -0.5341 -0.6034
Y -0.6412 -0.7658 0.0487
Z -0.4881 0.3581 -0.7959

PART 28
OFFSET 1.0041 11.7044 -24.3499
SCALE 1 1 1
X 0.2345 -0.8070 -0.5420
Y -0.8588 -0.4332 0.2735
Z -0.4555 0.4014 -0.7946

PART 29
OFFSET 1.3168 10.6990 -24.9606
SCALE 1 1 1
X 0.0112 -0.9242 -0.3818
Y -0.8903 -0.1831 0.4170
Z -0.4553 0.3353 -0.8248

PART 30
OFFSET 1.3295 9.6551 -25.3919
SCALE 1 1 1
X 0.6719 0.5604 -0.4842
Y -0.2159 0.7736 0.5958
Z 0.7084 -0.2958 0.6408

PART 31
OFFSET -0.7747 12.8406 -24.0874
SCALE 1 1 1
X 0.5319 -0.4882 -0.6919
Y -0.5872 -0.8014 0.1140
Z -0.6102 0.3456 -0.7129

PART 32
OFFSET 0.2643 11.8870 -25.4391
SCALE 1 1 1
X -0.1194 -0.9243 -0.3625
Y -0.7585 -0.1507 0.6340
Z -0.6406 0.3507 -0.6831

PART 33
OFFSET 0.0899 10.5369 -25.9687
SCALE 1 1 1
X -0.5152 -0.8554 0.0542
Y -0.5267 0.3658 0.7673
Z -0.6761 0.3667 -0.6390

PART 34
OFFSET -0.4980 9.5705 -25.9124
SCALE 1 1 1
X 0.7747 0.3988 -0.4908
Y -0.1217 0.8556 0.5031
Z 0.6205 -0.3300 0.7114

PART 35
OFFSET 12.4233 -4.1692 -5.9944
SCALE 1 1 1
X 0.9980 0.0153 0.0615
Y -0.0153 0.9999 -0.0008
Z -0.0615 -0.0001 0.9981

PART 36
OFFSET -14.3339 -3.1330 -3.1208
SCALE 1 1 1
X -0.9077 0.3542 0.2251
Y -0.0755 -0.6655 0.7426
Z 0.4128 0.6570 0.6308

PART 37
OFFSET -3.3563 -7.4164 -5.8427
SCALE 1 1 1
X -0.9835 -0.1404 0.1142
Y 0.1077 -0.9612 -0.2541
Z 0.1454 -0.2376 0.9604

PART 38
OFFSET 5.0087 -6.2227 -6.8139
SCALE 1 1 1
X -0.9835 -0.1404 0.1142
Y -0.0974 -0.1215 -0.9878
Z 0.1525 -0.9826 0.1058

PART 39
OFFSET 6.1351 -5.2218 -8.4719
SCALE 1 1 1
X -0.9845 -0.1340 0.1131
Y -0.1442 0.2518 -0.9570
Z 0.0997 -0.9585 -0.2672

PART 40
OFFSET 6.5611 -4.6311 -7.4217
SCALE 1 1 1
X -0.9845 -0.1340 0.1131
Y -0.1442 0.2518 -0.9570
Z 0.0997 -0.9585 -0.2672

PART 41
OFFSET 6.9913 -5.3393 -5.4353
SCALE 1 1 1
X -0.9845 -0.1340 0.1131
Y -0.1442 0.2518 -0.9570
Z 0.0997 -0.9585 -0.2672

PART 42
OFFSET 8.0238 -5.7924 -7.1640
SCALE 1 1 1
X -0.9976 -0.0181 -0.0674
Y 0.0688 -0.0974 -0.9929
Z 0.0114 -0.9951 0.0984

PART 43
OFFSET 8.4014 -5.2817 -6.2159
SCALE 1 1 1
X -0.5704 -0.7791 -0.2599
Y 0.6709 -0.2594 -0.6947
Z 0.4738 -0.5706 0.6707

PART 44
OFFSET 9.5390 -3.5427 -5.6230
SCALE 1 1 1
X -0.9478 -0.3155 0.0452
Y 0.2214 -0.7537 -0.6188
Z 0.2293 -0.5765 0.7843

PART 45
OFFSET 11.0567 -3.0138 -5.8208
SCALE 1 1 1
X -0.6575 0.3974 0.6401
Y -0.6600 -0.7135 -0.2350
Z 0.3634 -0.5770 0.7314

PART 46
OFFSET 11.7623 -3.4049 -6.5425
SCALE 1 1 1
X -0.8548 0.5169 -0.0458
Y 0.3012 0.4224 -0.8549
Z -0.4226 -0.7446 -0.5167

PART 47
OFFSET 8.9393 -5.6802 -8.1900
SCALE 1 1 1
X -0.8567 -0.0020 0.5158
Y 0.0788 -0.9888 0.1271
Z 0.5097 0.1495 0.8473

PART 48
OFFSET 10.9288 -5.5326 -9.2410
SCALE 1 1 1
X -0.5809 -0.8139 -0.0124
Y 0.8065 -0.5735 -0.1435
Z 0.1097 -0.0933 0.9896

PART 49
OFFSET 11.7513 -4.3804 -9.2235
SCALE 1 1 1
X 0.3501 -0.9271 -0.1338
Y 0.9348 0.3550 -0.0141
Z 0.0605 -0.1201 0.9909

PART 50
OFFSET 11.4409 -3.5584 -9.1049
SCALE 1 1 1
X 0.9577 -0.2524 -0.1382
Y 0.2618 0.9636 0.0539
Z 0.1196 -0.0878 0.9889

PART 51
OFFSET 10.5310 -3.3186 -8.9736
SCALE 1 1 1
X -0.9141 -0.3992 -0.0711
Y -0.4036 0.8788 0.2546
Z -0.0391 0.2615 -0.9644

PART 52
OFFSET 9.1146 -5.7505 -7.5016
SCALE 1 1 1
X -0.9704 0.0066 0.2414
Y 0.0288 -0.9893 0.1432
Z 0.2398 0.1459 0.9598

PART 53
OFFSET 11.5982 -5.8112 -8.2675
SCALE 1 1 1
X -0.2018 -0.9777 0.0588
Y 0.9655 -0.2087 -0.1559
Z 0.1647 0.0253 0.9860

PART 54
OFFSET 11.9418 -4.1468 -8.3675
SCALE 1 1 1
X 0.7155 -0.6901 -0.1087
Y 0.6820 0.7237 -0.1050
Z 0.1511 0.0010 0.9885

PART 55
OFFSET 10.9501 -3.1904 -8.2169
SCALE 1 1 1
X 0.9762 0.1609 -0.1452
Y -0.1599 0.9870 0.0186
Z 0.1463 0.0050 0.9892

PART 56
OFFSET 9.8914 -3.3649 -8.0594
SCALE 1 1 1
X -0.7013 -0.6954 0.1570
Y -0.6967 0.7152 0.0560
Z -0.1512 -0.0701 -0.9860

PART 57
OFFSET 3.8199 -6.3189 -6.5521
SCALE 1 1 1
X -0.9487 -0.2749 0.1560
Y -0.2981 0.9423 -0.1524
Z -0.1051 -0.1911 -0.9759

PART 58
OFFSET 11.8632 -6.0181 -6.1160
SCALE 1 1 1
X -0.8990 -0.4276 0.0951
Y 0.4368 -0.8914 0.1211
Z 0.0330 0.1504 0.9881

PART 59
OFFSET 13.4459 -5.2653 -6.2834
SCALE 1 1 1
X -0.2892 -0.9371 0.1955
Y 0.9572 -0.2860 0.0453
Z 0.0135 0.2003 0.9796

PART 60
OFFSET 13.7984 -4.1139 -6.4616
SCALE 1 1 1
X 0.2131 -0.9693 0.1229
Y 0.9769 0.2098 -0.0396
Z 0.0126 0.1286 0.9916

PART 61
OFFSET 13.5576 -3.0191 -6.6005
SCALE 1 1 1
X -0.9477 0.1623 0.2747
Y 0.0891 0.9613 -0.2606
Z -0.3064 -0.2225 -0.9255

PART 62
OFFSET 11.8294 -5.9472 -7.2180
SCALE 1 1 1
X -0.1099 -0.9934 0.0320
Y 0.9935 -0.1107 -0.0258
Z 0.0291 0.0290 0.9992

PART 63
OFFSET 12.0441 -4.0065 -7.2805
SCALE 1 1 1
X 0.7749 -0.6321 0.0026
Y 0.6301 0.7721 -0.0831
Z 0.0505 0.0661 0.9965

PART 64
OFFSET 10.9123 -3.0832 -7.2843
SCALE 1 1 1
X 0.9686 0.2317 -0.0903
Y -0.2406 0.9649 -0.1048
Z 0.0629 0.1232 0.9904

PART 65
OFFSET 9.8146 -3.3459 -7.1891
SCALE 1 1 1
X -0.5930 -0.8019 0.0729
Y -0.8007 0.5968 0.0519
Z -0.0851 -0.0276 -0.9960

PART 66
OFFSET 0.0000 0.0000 0.0000
SCALE 1 1 1
X 1.0000 0.0000 0.0000
Y 0.0000 1.0000 0.0000
Z 0.0000 0.0000 1.0000

PART 67
OFFSET -0.0040 -0.0574 0.0253
SCALE 1 1 1
X 1.0000 0.0010 0.0079
Y -0.0009 1.0000 -0.0044
Z -0.0079 0.0044 1.0000

PART 68
OFFSET 0.0000 0.0000 -0.0000
SCALE 1 1 1
X 1.0000 0.0010 0.0079
Y -0.0009 1.0000 -0.0044
Z -0.0079 0.0044 1.0000

PART 69
OFFSET -3.0471 12.4294 -22.6188
SCALE 1 1 1
X 0.5880 0.1689 -0.7910
Y -0.1893 -0.9220 -0.3376
Z -0.7864 0.3483 -0.5102

PART 70
OFFSET -3.0471 12.4294 -22.6188
SCALE 1 1 1
X 0.5880 0.1689 -0.7910
Y -0.1893 -0.9220 -0.3376
Z -0.7864 0.3483 -0.5102

PART 71
OFFSET 12.4233 -4.1692 -5.9944
SCALE 1 1 1
X 0.9980 0.0153 0.0615
Y -0.0153 0.9999 -0.0008
Z -0.0615 -0.0001 0.9981

PART 72
OFFSET 11.1608 -4.1180 -7.3118
SCALE 1 1 1
X 0.9980 0.0153 0.0615
Y -0.0153 0.9999 -0.0008
Z -0.0615 -0.0001 0.9981

PART 73
OFFSET 15.6726 -3.9630 -5.5587
SCALE 1 1 1
X 0.9980 0.0153 0.0615
Y -0.0153 0.9999 -0.0008
Z -0.0615 -0.0001 0.9981

PART 74
OFFSET 13.7677 -4.1482 -4.3138
SCALE 1 1 1
X 0.9965 0.0153 0.0819
Y -0.0153 0.9999 -0.0008
Z -0.0819 -0.0004 0.9966

PART 75
OFFSET -11.4250 -2.6504 -3.7188
SCALE 1 1 1
X 0.9980 0.0153 0.0615
Y -0.0153 0.9999 -0.0008
Z -0.0615 -0.0001 0.9981

PART 76
OFFSET 10.0828 -4.1604 55.2537
SCALE 1 1 1
X 0.9980 0.0153 0.0615
Y -0.0153 0.9999 -0.0008
Z -0.0615 -0.0001 0.9981

PART 77
OFFSET 10.0483 -3.4834 55.6465
SCALE 1 1 1
X 0.9980 0.0153 0.0615
Y -0.0153 0.9999 -0.0008
Z -0.0615 -0.0001 0.9981

PART 78
OFFSET 9.9997 -3.4779 56.4332
SCALE 1 1 1
X 0.9980 0.0153 0.0615
Y -0.0153 0.9999 -0.0008
Z -0.0615 -0.0001 0.9981

PART 79
OFFSET 9.9865 -4.1550 56.8160
SCALE 1 1 1
X 0.9980 0.0153 0.0615
Y -0.0153 0.9999 -0.0008
Z -0.0615 -0.0001 0.9981

PART 80
OFFSET 10.0208 -4.8377 56.4288
SCALE 1 1 1
X 0.9980 0.0153 0.0615
Y -0.0153 0.9999 -0.0008
Z -0.0615 -0.0001 0.9981

PART 81
OFFSET 10.0685 -4.8320 55.6532
SCALE 1 1 1
X 0.9980 0.0153 0.0615
Y -0.0153 0.9999 -0.0008
Z -0.0615 -0.0001 0.9981

PART 82
OFFSET 14.1711 -4.1406 -4.2717
SCALE 1 1 1
X 0.9980 0.0153 0.0615
Y -0.0153 0.9999 -0.0008
Z -0.0615 -0.0001 0.9981

PART 83
OFFSET 11.7652 -4.1710 -5.4355
SCALE 1 1 1
X 0.7966 0.0117 -0.6044
Y -0.0153 0.9999 -0.0008
Z 0.6043 0.0099 0.7967


FRAME 292
PART 0
OFFSET -0.8598 11.8788 -22.8685
SCALE 1 1 1
X 0.2994 -0.0500 -0.9528
Y 0.5400 0.8322 0.1261
Z 0.7866 -0.5523 0.2762

PART 1
OFFSET -1.6376 10.7623 -22.9448
SCALE 1 1 1
X 0.2994 -0.0500 -0.9528
Y 0.5400 0.8322 0.1261
Z 0.7866 -0.5523 0.2762

PART 2
OFFSET -2.8326 10.4513 -22.9052
SCALE 1 1 1
X 0.2994 -0.0500 -0.9528
Y 0.5400 0.8322 0.1261
Z 0.7866 -0.5523 0.2762

PART 3
OFFSET -2.2828 11.7212 -24.5151
SCALE 1 1 1
X 0.8819 0.1058 -0.4593
Y 0.4673 -0.3238 0.8227
Z -0.0617 -0.9402 -0.3350

PART 4
OFFSET -3.2103 11.8916 -21.5981
SCALE 1 1 1
X 0.3026 -0.0556 -0.9515
Y 0.9269 -0.2154 0.3073
Z -0.2220 -0.9749 -0.0136

PART 5
OFFSET -5.7837 12.3644 -13.5051
SCALE 1 1 1
X 0.3026 -0.0556 -0.9515
Y 0.7770 -0.5639 0.2800
Z -0.5521 -0.8240 -0.1274

PART 6
OFFSET -1.9111 -0.4487 -1.8207
SCALE 1 1 1
X 1.0000 0.0000 0.0000
Y 0.0000 1.0000 0.0000
Z 0.0000 0.0000 1.0000

PART 7
OFFSET -0.7853 7.4886 -3.6306
SCALE 1 1 1
X -0.4133 0.4032 -0.8165
Y -0.1059 -0.9118 -0.3967
Z -0.9044 -0.0775 0.4195

PART 8
OFFSET 8.8478 -5.8672 -8.5312
SCALE 1 1 1
X -0.9955 -0.0311 0.0898
Y 0.0441 -0.9881 0.1474
Z 0.0842 0.1507 0.9850

PART 9
OFFSET -2.7383 13.5154 -23.0101
SCALE 1 1 1
X 0.2994 -0.0500 -0.9528
Y 0.5400 0.8322 0.1261
Z 0.7866 -0.5523 0.2762

PART 10
OFFSET 8.8478 -5.8672 -8.5312
SCALE 1 1 1
X -0.9955 -0.0311 0.0898
Y 0.0441 -0.9881 0.1474
Z 0.0842 0.1507 0.9850

PART 11
OFFSET -4.2822 11.9414 -23.0076
SCALE 1 1 1
X 0.2994 -0.0500 -0.9528
Y 0.5400 0.8322 0.1261
Z 0.7866 -0.5523 0.2762

PART 12
OFFSET -1.4604 11.0702 -24.0653
SCALE 1 1 1
X 0.8333 -0.5527 0.0097
Y 0.0092 0.0315 0.9995
Z -0.5527 -0.8328 0.0313

PART 13
OFFSET 0.3080 9.8343 -23.9429
SCALE 1 1 1
X 0.7721 -0.2478 -0.5851
Y 0.4590 -0.4192 0.7833
Z -0.4394 -0.8734 -0.2100

PART 14
OFFSET 1.4779 9.3615 -24.9578
SCALE 1 1 1
X 0.4013 -0.1491 -0.9038
Y 0.7636 -0.4905 0.4199
Z -0.5059 -0.8586 -0.0830

PART 15
OFFSET 1.9016 9.1526 -25.9318
SCALE 1 1 1
X 0.7785 0.3404 -0.5273
Y -0.0760 0.8851 0.4592
Z 0.6230 -0.3175 0.7149

PART 16
OFFSET -2.0493 11.9674 -25.8523
SCALE 1 1 1
X 0.4537 0.2312 -0.8606
Y -0.1341 -0.9370 -0.3224
Z -0.8810 0.2617 -0.3941

PART 17
OFFSET -0.9180 12.3339 -27.7682
SCALE 1 1 1
X 0.5557 -0.1887 -0.8097
Y -0.3199 -0.9475 0.0012
Z -0.7674 0.2583 -0.5868

PART 18
OFFSET -0.1313 12.0668 -28.9145
SCALE 1 1 1
X 0.0464 -0.8957 -0.4422
Y -0.6815 -0.3521 0.6416
Z -0.7304 0.2716 -0.6267

PART 19
OFFSET -0.0901 11.2726 -29.3066
SCALE 1 1 1
X -0.3765 -0.9213 0.0972
Y -0.5082 0.2931 0.8099
Z -0.7746 0.2555 -0.5785

PART 20
OFFSET -0.4478 10.3974 -29.2143
SCALE 1 1 1
X 0.7190 0.4837 -0.4991
Y -0.2392 0.8464 0.4757
Z 0.6525 -0.2227 0.7243

PART 21
OFFSET -1.5362 11.9068 -25.3599
SCALE 1 1 1
X 0.6954 0.1945 -0.6918
Y -0.1002 -0.9270 -0.3613
Z -0.7116 0.3206 -0.6252

PART 22
OFFSET 0.1652 12.4796 -27.2402
SCALE 1 1 1
X 0.5606 -0.2773 -0.7803
Y -0.3839 -0.9219 0.0519
Z -0.7337 0.2704 -0.6233

PART 23
OFFSET 1.1196 12.0074 -28.5686
SCALE 1 1 1
X -0.0284 -0.9324 -0.3603
Y -0.6982 -0.2395 0.6746
Z -0.7153 0.2707 -0.6442

PART 24
OFFSET 1.0803 10.7151 -29.0680
SCALE 1 1 1
X -0.4393 -0.8922 0.1046
Y -0.5441 0.3569 0.7593
Z -0.7148 0.2767 -0.6422

PART 25
OFFSET 0.6039 9.7475 -28.9546
SCALE 1 1 1
X 0.6355 0.5408 -0.5510
Y -0.1628 0.7915 0.5890
Z 0.7547 -0.2847 0.5911

PART 26
OFFSET 1.1449 11.0292 -24.8044
SCALE 1 1 1
X 0.7223 -0.0993 -0.6844
Y 0.3335 0.9170 0.2190
Z 0.6059 -0.3864 0.6954

PART 27
OFFSET 1.5291 12.2386 -25.5599
SCALE 1 1 1
X 0.6974 -0.5087 -0.5048
Y -0.6116 -0.7897 -0.0491
Z -0.3737 0.3429 -0.8618

PART 28
OFFSET 2.7570 11.3429 -26.4487
SCALE 1 1 1
X 0.3452 -0.7952 -0.4986
Y -0.8735 -0.4665 0.1392
Z -0.3433 0.3874 -0.8556

PART 29
OFFSET 3.1975 10.3527 -27.0028
SCALE 1 1 1
X 0.1047 -0.9214 -0.3743
Y -0.9360 -0.2184 0.2759
Z -0.3360 0.3215 -0.8853

PART 30
OFFSET 3.3158 9.3119 -27.4255
SCALE 1 1 1
X 0.7164 0.5875 -0.3763
Y -0.3339 0.7622 0.5545
Z 0.6126 -0.2716 0.7422

PART 31
OFFSET 0.9171 12.4100 -26.4634
SCALE 1 1 1
X 0.6498 -0.4647 -0.6016
Y -0.5668 -0.8235 0.0239
Z -0.5065 0.3255 -0.7985

PART 32
OFFSET 2.1864 11.5021 -27.6386
SCALE 1 1 1
X -0.0273 -0.9265 -0.3752
Y -0.8404 -0.1820 0.5105
Z -0.5413 0.3293 -0.7737

PART 33
OFFSET 2.1466 10.1488 -28.1867
SCALE 1 1 1
X -0.4845 -0.8744 -0.0242
Y -0.6516 0.3423 0.6770
Z -0.5837 0.3438 -0.7356

PART 34
OFFSET 1.5942 9.1606 -28.2198
SCALE 1 1 1
X 0.8250 0.4299 -0.3668
Y -0.2298 0.8482 0.4773
Z 0.5163 -0.3095 0.7985

PART 35
OFFSET 11.8241 -4.1688 -6.5371
SCALE 1 1 1
X 0.9755 0.0527 0.2137
Y -0.0529 0.9986 -0.0046
Z -0.2136 -0.0068 0.9769

PART 36
OFFSET -13.3217 -3.1330 -3.1208
SCALE 1 1 1
X -0.8236 0.4772 0.3066
Y -0.0981 -0.6522 0.7517
Z 0.5587 0.5890 0.5839

PART 37
OFFSET -3.3615 -8.9045 -6.8286
SCALE 1 1 1
X -0.9577 -0.2552 0.1328
Y 0.2063 -0.9310 -0.3010
Z 0.2004 -0.2608 0.9444

PART 38
OFFSET 4.7844 -6.7341 -7.9577
SCALE 1 1 1
X -0.9577 -0.2552 0.1328
Y -0.1029 -0.1269 -0.9866
Z 0.2686 -0.9585 0.0952

PART 39
OFFSET 5.7428 -5.5365 -9.5707
SCALE 1 1 1
X -0.9595 -0.2489 0.1320
Y -0.2006 0.2749 -0.9403
Z 0.1978 -0.9287 -0.3137

PART 40
OFFSET 6.1290 -4.9389 -8.5136
SCALE 1 1 1
X -0.9595 -0.2489 0.1320
Y -0.2006 0.2749 -0.9403
Z 0.1978 -0.9287 -0.3137

PART 41
OFFSET 6.6875 -5.6643 -6.6087
SCALE 1 1 1
X -0.9595 -0.2489 0.1320
Y -0.2006 0.2749 -0.9403
Z 0.1978 -0.9287 -0.3137

PART 42
OFFSET 7.7205 -5.9518 -8.3647
SCALE 1 1 1
X -0.9740 -0.0555 -0.2194
Y 0.2238 -0.0903 -0.9704
Z 0.0340 -0.9944 0.1004

PART 43
OFFSET 7.9288 -5.4314 -7.3708
SCALE 1 1 1
X -0.4939 -0.7990 -0.3431
Y 0.7788 -0.2309 -0.5833
Z 0.3868 -0.5553 0.7362

PART 44
OFFSET 8.8952 -3.6533 -6.6130
SCALE 1 1 1
X -0.9309 -0.3513 -0.1001
Y 0.3420 -0.7421 -0.5765
Z 0.1282 -0.5709 0.8110

PART 45
OFFSET 10.4041 -3.0666 -6.5767
SCALE 1 1 1
X -0.7624 0.3694 0.5312
Y -0.5886 -0.7369 -0.3324
Z 0.2687 -0.5661 0.7793

PART 46
OFFSET 11.2263 -3.4276 -7.1811
SCALE 1 1 1
X -0.8567 0.4845 -0.1770
Y 0.4123 0.4372 -0.7993
Z -0.3099 -0.7577 -0.5743

PART 47
OFFSET 8.7775 -5.8006 -9.2385
SCALE 1 1 1
X -0.9249 -0.0366 0.3784
Y 0.0959 -0.9856 0.1391
Z 0.3679 0.1649 0.9151

PART 48
OFFSET 10.8975 -5.5734 -9.9724
SCALE 1 1 1
X -0.5408 -0.8352 -0.1001
Y 0.8402 -0.5420 -0.0173
Z -0.0398 -0.0934 0.9948

PART 49
OFFSET 11.6632 -4.3910 -9.8307
SCALE 1 1 1
X 0.4014 -0.9126 -0.0772
Y 0.9117 0.3901 0.1288
Z -0.0875 -0.1221 0.9887

PART 50
OFFSET 11.3073 -3.5818 -9.7623
SCALE 1 1 1
X 0.9765 -0.2155 0.0105
Y 0.2136 0.9726 0.0920
Z -0.0301 -0.0876 0.9957

PART 51
OFFSET 10.3796 -3.3771 -9.7723
SCALE 1 1 1
X -0.8766 -0.4331 -0.2098
Y -0.4709 0.8618 0.1885
Z 0.0992 0.2640 -0.9594

PART 52
OFFSET 8.8478 -5.8672 -8.5312
SCALE 1 1 1
X -0.9955 -0.0311 0.0898
Y 0.0441 -0.9881 0.1474
Z 0.0842 0.1507 0.9850

PART 53
OFFSET 11.4199 -5.8308 -8.9074
SCALE 1 1 1
X -0.1712 -0.9848 0.0285
Y 0.9852 -0.1714 -0.0058
Z 0.0106 0.0271 0.9996

PART 54
OFFSET 11.7113 -4.1541 -8.9560
SCALE 1 1 1
X 0.7494 -0.6621 0.0033
Y 0.6621 0.7494 -0.0003
Z -0.0023 0.0024 1.0000

PART 55
OFFSET 10.6726 -3.2365 -8.9605
SCALE 1 1 1
X 0.9801 0.1983 0.0059
Y -0.1983 0.9801 -0.0075
Z -0.0072 0.0062 1.0000

PART 56
OFFSET 9.6096 -3.4516 -8.9669
SCALE 1 1 1
X -0.6901 -0.7220 0.0487
Y -0.7237 0.6881 -0.0525
Z 0.0044 -0.0715 -0.9974

PART 57
OFFSET 3.4956 -6.6394 -8.4036
SCALE 1 1 1
X -0.9503 -0.3112 0.0091
Y -0.3068 0.9310 -0.1977
Z 0.0530 -0.1906 -0.9802

PART 58
OFFSET 11.3598 -6.0370 -6.7404
SCALE 1 1 1
X -0.8860 -0.4616 -0.0432
Y 0.4466 -0.8748 0.1879
Z -0.1245 0.1472 0.9812

PART 59
OFFSET 12.9198 -5.2242 -6.6644
SCALE 1 1 1
X -0.2800 -0.9482 0.1503
Y 0.9491 -0.2498 0.1919
Z -0.1444 0.1963 0.9699

PART 60
OFFSET 13.2514 -4.0596 -6.7882
SCALE 1 1 1
X 0.2284 -0.9611 0.1555
Y 0.9628 0.2467 0.1102
Z -0.1443 0.1246 0.9817

PART 61
OFFSET 12.9934 -2.9741 -6.9638
SCALE 1 1 1
X -0.9841 0.1252 0.1260
Y 0.0914 0.9651 -0.2453
Z -0.1523 -0.2299 -0.9612

PART 62
OFFSET 11.4926 -5.9626 -7.8347
SCALE 1 1 1
X -0.0757 -0.9970 0.0162
Y 0.9892 -0.0730 0.1270
Z -0.1254 0.0256 0.9918

PART 63
OFFSET 11.6404 -4.0149 -7.8663
SCALE 1 1 1
X 0.7888 -0.6024 0.1223
Y 0.6056 0.7957 0.0133
Z -0.1053 0.0635 0.9924

PART 64
OFFSET 10.4883 -3.1350 -8.0449
SCALE 1 1 1
X 0.9615 0.2685 0.0589
Y -0.2582 0.9556 -0.1418
Z -0.0943 0.1211 0.9881

PART 65
OFFSET 9.3999 -3.4393 -8.1186
SCALE 1 1 1
X -0.5663 -0.8240 -0.0177
Y -0.8213 0.5659 -0.0723
Z 0.0696 -0.0264 -0.9972

PART 66
OFFSET 0.0000 0.0000 0.0000
SCALE 1 1 1
X 1.0000 0.0000 0.0000
Y 0.0000 1.0000 0.0000
Z 0.0000 0.0000 1.0000

PART 67
OFFSET -0.0080 -0.1148 0.0507
SCALE 1 1 1
X 0.9999 0.0019 0.0159
Y -0.0018 1.0000 -0.0087
Z -0.0159 0.0087 0.9998

PART 68
OFFSET -0.0000 0.0000 0.0000
SCALE 1 1 1
X 0.9999 0.0019 0.0159
Y -0.0018 1.0000 -0.0087
Z -0.0159 0.0087 0.9998

PART 69
OFFSET -1.5362 11.9068 -25.3599
SCALE 1 1 1
X 0.6954 0.1945 -0.6918
Y -0.1002 -0.9270 -0.3613
Z -0.7116 0.3206 -0.6252

PART 70
OFFSET -1.5362 11.9068 -25.3599
SCALE 1 1 1
X 0.6954 0.1945 -0.6918
Y -0.1002 -0.9270 -0.3613
Z -0.7116 0.3206 -0.6252

PART 71
OFFSET 11.8241 -4.1688 -6.5371
SCALE 1 1 1
X 0.9755 0.0527 0.2137
Y -0.0529 0.9986 -0.0046
Z -0.2136 -0.0068 0.9769

PART 72
OFFSET 10.7773 -4.1595 -8.0325
SCALE 1 1 1
X 0.9755 0.0527 0.2137
Y -0.0529 0.9986 -0.0046
Z -0.2136 -0.0068 0.9769

PART 73
OFFSET 14.9581 -3.8420 -5.6089
SCALE 1 1 1
X 0.9755 0.0527 0.2137
Y -0.0529 0.9986 -0.0046
Z -0.2136 -0.0068 0.9769

PART 74
OFFSET 12.8934 -4.1045 -4.6704
SCALE 1 1 1
X 0.9709 0.0526 0.2336
Y -0.0529 0.9986 -0.0046
Z -0.2335 -0.0079 0.9723

PART 75
OFFSET -12.1316 -3.5616 -7.9454
SCALE 1 1 1
X 0.9755 0.0527 0.2137
Y -0.0529 0.9986 -0.0046
Z -0.2136 -0.0068 0.9769

PART 76
OFFSET 0.1297 -4.5178 53.6288
SCALE 1 1 1
X 0.9755 0.0527 0.2137
Y -0.0529 0.9986 -0.0046
Z -0.2136 -0.0068 0.9769

PART 77
OFFSET 0.0097 -3.8442 54.0106
SCALE 1 1 1
X 0.9755 0.0527 0.2137
Y -0.0529 0.9986 -0.0046
Z -0.2136 -0.0068 0.9769

PART 78
OFFSET -0.1589 -3.8441 54.7806
SCALE 1 1 1
X 0.9755 0.0527 0.2137
Y -0.0529 0.9986 -0.0046
Z -0.2136 -0.0068 0.9769

PART 79
OFFSET -0.2049 -4.5229 55.1579
SCALE 1 1 1
X 0.9755 0.0527 0.2137
Y -0.0529 0.9986 -0.0046
Z -0.2136 -0.0068 0.9769

PART 80
OFFSET -0.0858 -5.2020 54.7814
SCALE 1 1 1
X 0.9755 0.0527 0.2137
Y -0.0529 0.9986 -0.0046
Z -0.2136 -0.0068 0.9769

PART 81
OFFSET 0.0799 -5.1912 54.0223
SCALE 1 1 1
X 0.9755 0.0527 0.2137
Y -0.0529 0.9986 -0.0046
Z -0.2136 -0.0068 0.9769

PART 82
OFFSET 13.2850 -4.0818 -4.5669
SCALE 1 1 1
X 0.9755 0.0527 0.2137
Y -0.0529 0.9986 -0.0046
Z -0.2136 -0.0068 0.9769

PART 83
OFFSET 11.0886 -4.1980 -6.0857
SCALE 1 1 1
X 0.8788 0.0444 -0.4752
Y -0.0529 0.9986 -0.0046
Z 0.4743 0.0292 0.8799


FRAME 293
PART 0
OFFSET 2.0764 11.1798 -25.7477
SCALE 1 1 1
X 0.0375 0.1574 -0.9868
Y 0.5289 0.8347 0.1533
Z 0.8479 -0.5277 -0.0520

PART 1
OFFSET 1.2334 9.9880 -25.8640
SCALE 1 1 1
X 0.0375 0.1574 -0.9868
Y 0.5289 0.8347 0.1533
Z 0.8479 -0.5277 -0.0520

PART 2
OFFSET 0.1208 9.4873 -25.6010
SCALE 1 1 1
X 0.0375 0.1574 -0.9868
Y 0.5289 0.8347 0.1533
Z 0.8479 -0.5277 -0.0520

PART 3
OFFSET 0.1855 11.0840 -27.0008
SCALE 1 1 1
X 0.9494 0.1526 -0.2745
Y 0.3098 -0.3115 0.8983
Z 0.0516 -0.9379 -0.3430

PART 4
OFFSET 0.0598 10.6182 -23.9733
SCALE 1 1 1
X 0.0410 0.1519 -0.9875
Y 0.9991 0.0051 0.0423
Z 0.0114 -0.9884 -0.1516

PART 5
OFFSET -0.2892 9.3260 -15.5738
SCALE 1 1 1
X 0.0410 0.1519 -0.9875
Y 0.8399 -0.5405 -0.0483
Z -0.5411 -0.8275 -0.1498

PART 6
OFFSET -1.9111 -0.4487 -1.8207
SCALE 1 1 1
X 1.0000 0.0000 0.0000
Y 0.0000 1.0000 0.0000
Z 0.0000 0.0000 1.0000

PART 7
OFFSET -0.7853 7.4886 -3.6306
SCALE 1 1 1
X 0.0410 0.1519 -0.9875
Y -0.0374 -0.9874 -0.1535
Z -0.9985 0.0432 -0.0348

PART 8
OFFSET 8.7883 -6.0462 -9.8774
SCALE 1 1 1
X -0.9908 -0.0788 -0.1100
Y 0.0617 -0.9867 0.1507
Z -0.1204 0.1425 0.9824

PART 9
OFFSET 0.2804 12.6682 -25.0622
SCALE 1 1 1
X 0.0375 0.1574 -0.9868
Y 0.5289 0.8347 0.1533
Z 0.8479 -0.5277 -0.0520

PART 10
OFFSET 8.7883 -6.0462 -9.8774
SCALE 1 1 1
X -0.9908 -0.0788 -0.1100
Y 0.0617 -0.9867 0.1507
Z -0.1204 0.1425 0.9824

PART 11
OFFSET -1.3485 10.8466 -25.0236
SCALE 1 1 1
X 0.0375 0.1574 -0.9868
Y 0.5289 0.8347 0.1533
Z 0.8479 -0.5277 -0.0520

PART 12
OFFSET 0.9327 10.4669 -26.3982
SCALE 1 1 1
X 0.8406 -0.5131 0.1738
Y -0.1909 0.0197 0.9814
Z -0.5070 -0.8581 -0.0814

PART 13
OFFSET 2.6993 9.3139 -25.9296
SCALE 1 1 1
X 0.8840 -0.2042 -0.4205
Y 0.3141 -0.4067 0.8579
Z -0.3462 -0.8904 -0.2954

PART 14
OFFSET 4.0689 8.9088 -26.6928
SCALE 1 1 1
X 0.5794 -0.1191 -0.8063
Y 0.6879 -0.4592 0.5622
Z -0.4372 -0.8803 -0.1841

PART 15
OFFSET 4.6872 8.7318 -27.5635
SCALE 1 1 1
X 0.8503 0.3829 -0.3611
Y -0.2083 0.8749 0.4372
Z 0.4833 -0.2965 0.8237

PART 16
OFFSET 0.6676 11.3571 -28.2643
SCALE 1 1 1
X 0.6038 0.2627 -0.7526
Y -0.0219 -0.9383 -0.3450
Z -0.7968 0.2248 -0.5608

PART 17
OFFSET 2.1377 11.7994 -29.9159
SCALE 1 1 1
X 0.7138 -0.1526 -0.6835
Y -0.2675 -0.9614 -0.0648
Z -0.6472 0.2291 -0.7271

PART 18
OFFSET 3.1483 11.5834 -30.8836
SCALE 1 1 1
X 0.1766 -0.8871 -0.4264
Y -0.7774 -0.3914 0.4924
Z -0.6037 0.2446 -0.7588

PART 19
OFFSET 3.3049 10.7969 -31.2616
SCALE 1 1 1
X -0.3433 -0.9391 0.0180
Y -0.6724 0.2591 0.6934
Z -0.6558 0.2259 -0.7204

PART 20
OFFSET 2.9787 9.9047 -31.2445
SCALE 1 1 1
X 0.7795 0.5229 -0.3449
Y -0.3696 0.8285 0.4208
Z 0.5058 -0.2006 0.8390

PART 21
OFFSET 1.0751 11.3146 -27.6797
SCALE 1 1 1
X 0.8087 0.2352 -0.5392
Y 0.0185 -0.9263 -0.3764
Z -0.5880 0.2944 -0.7534

PART 22
OFFSET 3.0862 11.9893 -29.1826
SCALE 1 1 1
X 0.7171 -0.2413 -0.6539
Y -0.3415 -0.9395 -0.0278
Z -0.6076 0.2433 -0.7561

PART 23
OFFSET 4.3070 11.5785 -30.2959
SCALE 1 1 1
X 0.0889 -0.9283 -0.3612
Y -0.8058 -0.2801 0.5217
Z -0.5854 0.2447 -0.7729

PART 24
OFFSET 4.4302 10.2920 -30.7964
SCALE 1 1 1
X -0.4076 -0.9131 0.0129
Y -0.7006 0.3217 0.6369
Z -0.5856 0.2506 -0.7709

PART 25
OFFSET 3.9881 9.3018 -30.7825
SCALE 1 1 1
X 0.7054 0.5766 -0.4123
Y -0.3146 0.7758 0.5469
Z 0.6352 -0.2561 0.7286

PART 26
OFFSET 3.6318 10.5571 -26.6044
SCALE 1 1 1
X 0.8477 -0.0570 -0.5274
Y 0.2387 0.9289 0.2833
Z 0.4737 -0.3660 0.8010

PART 27
OFFSET 4.0994 11.7922 -27.2653
SCALE 1 1 1
X 0.8075 -0.4693 -0.3573
Y -0.5507 -0.8168 -0.1717
Z -0.2113 0.3354 -0.9181

PART 28
OFFSET 5.5211 10.9659 -27.8944
SCALE 1 1 1
X 0.4754 -0.7720 -0.4220
Y -0.8601 -0.5086 -0.0384
Z -0.1849 0.3812 -0.9058

PART 29
OFFSET 6.1103 10.0043 -28.3523
SCALE 1 1 1
X 0.2213 -0.9109 -0.3483
Y -0.9605 -0.2654 0.0837
Z -0.1687 0.3160 -0.9336

PART 30
OFFSET 6.3603 8.9754 -28.7458
SCALE 1 1 1
X 0.7476 0.6250 -0.2248
Y -0.4738 0.7390 0.4790
Z 0.4655 -0.2516 0.8485

PART 31
OFFSET 3.6713 11.9456 -28.2721
SCALE 1 1 1
X 0.7780 -0.4264 -0.4615
Y -0.5198 -0.8494 -0.0914
Z -0.3530 0.3110 -0.8824

PART 32
OFFSET 5.1911 11.1127 -29.1737
SCALE 1 1 1
X 0.0926 -0.9222 -0.3755
Y -0.9152 -0.2274 0.3327
Z -0.3922 0.3129 -0.8650

PART 33
OFFSET 5.3264 9.7657 -29.7221
SCALE 1 1 1
X -0.4272 -0.8958 -0.1223
Y -0.7888 0.3031 0.5347
Z -0.4420 0.3249 -0.8361

PART 34
OFFSET 4.8400 8.7532 -29.8669
SCALE 1 1 1
X 0.8596 0.4725 -0.1943
Y -0.3607 0.8306 0.4242
Z 0.3619 -0.2946 0.8845

PART 35
OFFSET 11.2238 -4.2344 -7.3269
SCALE 1 1 1
X 0.9099 0.0958 0.4035
Y -0.0992 0.9950 -0.0125
Z -0.4027 -0.0287 0.9149

PART 36
OFFSET -11.8095 -3.1330 -3.1208
SCALE 1 1 1
X -0.7200 0.5655 0.4022
Y -0.0910 -0.6515 0.7532
Z 0.6880 0.5057 0.5205

PART 37
OFFSET -3.1020 -9.9726 -7.9851
SCALE 1 1 1
X -0.9297 -0.3273 0.1688
Y 0.2478 -0.8951 -0.3706
Z 0.2724 -0.3027 0.9133

PART 38
OFFSET 4.8057 -7.1889 -9.4211
SCALE 1 1 1
X -0.9297 -0.3273 0.1688
Y -0.1308 -0.1351 -0.9822
Z 0.3443 -0.9352 0.0828

PART 39
OFFSET 5.5930 -5.8276 -10.9620
SCALE 1 1 1
X -0.9319 -0.3211 0.1685
Y -0.2733 0.3165 -0.9084
Z 0.2383 -0.8926 -0.3827

PART 40
OFFSET 5.9945 -5.2550 -9.9037
SCALE 1 1 1
X -0.9319 -0.3211 0.1685
Y -0.2733 0.3165 -0.9084
Z 0.2383 -0.8926 -0.3827

PART 41
OFFSET 6.6907 -6.0259 -8.1392
SCALE 1 1 1
X -0.9319 -0.3211 0.1685
Y -0.2733 0.3165 -0.9084
Z 0.2383 -0.8926 -0.3827

PART 42
OFFSET 7.6559 -6.1855 -9.9386
SCALE 1 1 1
X -0.9072 -0.0985 -0.4089
Y 0.4161 -0.0680 -0.9068
Z 0.0615 -0.9928 0.1026

PART 43
OFFSET 7.6373 -5.6680 -8.9218
SCALE 1 1 1
X -0.3767 -0.8170 -0.4365
Y 0.8893 -0.1870 -0.4173
Z 0.2593 -0.5454 0.7970

PART 44
OFFSET 8.3469 -3.8559 -7.9825
SCALE 1 1 1
X -0.8744 -0.3933 -0.2841
Y 0.4851 -0.7182 -0.4988
Z -0.0079 -0.5740 0.8188

PART 45
OFFSET 9.7883 -3.1995 -7.6453
SCALE 1 1 1
X -0.8697 0.3268 0.3699
Y -0.4746 -0.7596 -0.4447
Z 0.1357 -0.5623 0.8157

PART 46
OFFSET 10.7306 -3.5143 -8.0750
SCALE 1 1 1
X -0.8269 0.4459 -0.3426
Y 0.5412 0.4657 -0.7002
Z -0.1527 -0.7644 -0.6264

PART 47
OFFSET 8.8567 -5.9744 -10.5843
SCALE 1 1 1
X -0.9788 -0.0846 0.1868
Y 0.1140 -0.9817 0.1529
Z 0.1704 0.1709 0.9704

PART 48
OFFSET 11.0667 -5.6391 -10.8814
SCALE 1 1 1
X -0.4691 -0.8583 -0.2077
Y 0.8521 -0.5017 0.1487
Z -0.2319 -0.1073 0.9668

PART 49
