// Export filename: `C:/cod5/cod/cod5/xanim_export/viewmodel/US/sw357/sw357_pullout_fast.XANIM_EXPORT`
// Source filename: `C:/cod5/cod/cod5/animation_assets/viewmodel/US/sw357/viewmodelanimation_sw357.mb`
// Export time: Fri Aug 15 15:51:23 2008

ANIMATION
VERSION 3

NUMPARTS 84
PART 0 "J_Sleave_Reshape_Top_LE_1"
PART 1 "J_Sleave_Reshape_Top_LE_2"
PART 2 "J_Sleave_Reshape_Top_LE_3"
PART 3 "J_Wrist_LE"
PART 4 "J_WristTwist_LE"
PART 5 "J_Elbow_LE"
PART 6 "tag_torso"
PART 7 "J_Shoulder_LE"
PART 8 "RingPalm_FK_RI"
PART 9 "J_Sleave_Reshape_Bottom_LE_1"
PART 10 "RingPalm_SDK_RI"
PART 11 "J_Sleave_Reshape_Bottom_LE_2"
PART 12 "J_Thumb_LE_0"
PART 13 "J_Thumb_LE_1"
PART 14 "J_Thumb_LE_2"
PART 15 "J_Thumb_LE_3"
PART 16 "J_PinkyPalm_LE"
PART 17 "J_Pinky_LE_0"
PART 18 "J_Pinky_LE_1"
PART 19 "J_Pinky_LE_2"
PART 20 "J_Pinky_LE_3"
PART 21 "J_RingPalm_LE"
PART 22 "J_Ring_LE_0"
PART 23 "J_Ring_LE_1"
PART 24 "J_Ring_LE_2"
PART 25 "J_Ring_LE_3"
PART 26 "J_Webbing_LE"
PART 27 "J_Index_LE_0"
PART 28 "J_Index_LE_1"
PART 29 "J_Index_LE_2"
PART 30 "J_Index_LE_3"
PART 31 "J_Mid_LE_0"
PART 32 "J_Mid_LE_1"
PART 33 "J_Mid_LE_2"
PART 34 "J_Mid_LE_3"
PART 35 "tag_weapon"
PART 36 "J_Shoulder_RI"
PART 37 "J_Elbow_RI"
PART 38 "J_WristTwist_RI"
PART 39 "J_Sleave_Reshape_Top_RI_3"
PART 40 "J_Sleave_Reshape_Top_RI_2"
PART 41 "J_Sleave_Reshape_Top_RI_1"
PART 42 "J_Wrist_RI"
PART 43 "J_Thumb_RI_0"
PART 44 "J_Thumb_RI_1"
PART 45 "J_Thumb_RI_2"
PART 46 "J_Thumb_RI_3"
PART 47 "J_PinkyPalm_RI"
PART 48 "J_Pinky_RI_0"
PART 49 "J_Pinky_RI_1"
PART 50 "J_Pinky_RI_2"
PART 51 "J_Pinky_RI_3"
PART 52 "J_RingPalm_RI"
PART 53 "J_Ring_RI_0"
PART 54 "J_Ring_RI_1"
PART 55 "J_Ring_RI_2"
PART 56 "J_Ring_RI_3"
PART 57 "J_Webbing_RI"
PART 58 "J_Index_RI_0"
PART 59 "J_Index_RI_1"
PART 60 "J_Index_RI_2"
PART 61 "J_Index_RI_3"
PART 62 "J_Mid_RI_0"
PART 63 "J_Mid_RI_1"
PART 64 "J_Mid_RI_2"
PART 65 "J_Mid_RI_3"
PART 66 "tag_cambone"
PART 67 "tag_camera"
PART 68 "tag_gasmask"
PART 69 "RingPalm_SDK_LE"
PART 70 "RingPalm_FK_LE"
PART 71 "J_Gun"
PART 72 "J_Clip"
PART 73 "joint2"
PART 74 "J_Bolt"
PART 75 "tag_speedloader"
PART 76 "tag_spent0"
PART 77 "tag_spent1"
PART 78 "tag_spent2"
PART 79 "tag_spent3"
PART 80 "tag_spent4"
PART 81 "tag_spent5"
PART 82 "tag_bullets"
PART 83 "joint1"

FRAMERATE 30
NUMFRAMES 12

FRAME 301
PART 0
OFFSET -6.3849 4.7696 -20.1136
SCALE 1 1 1
X 0.0439 -0.5957 -0.8020
Y 0.6878 0.6003 -0.4082
Z 0.7246 -0.5336 0.4361

PART 1
OFFSET -7.3487 4.0259 -19.4839
SCALE 1 1 1
X 0.0439 -0.5957 -0.8020
Y 0.6878 0.6003 -0.4082
Z 0.7246 -0.5336 0.4361

PART 2
OFFSET -8.5325 4.1043 -19.1332
SCALE 1 1 1
X 0.0439 -0.5957 -0.8020
Y 0.6878 0.6003 -0.4082
Z 0.7246 -0.5336 0.4361

PART 3
OFFSET -8.1863 4.2017 -21.2253
SCALE 1 1 1
X 0.5132 -0.0464 -0.8570
Y 0.8340 -0.2088 0.5107
Z -0.2027 -0.9769 -0.0684

PART 4
OFFSET -8.3282 6.0429 -18.7782
SCALE 1 1 1
X 0.0463 -0.6006 -0.7982
Y 0.9296 -0.2666 0.2545
Z -0.3656 -0.7538 0.5459

PART 5
OFFSET -8.7219 11.1510 -11.9889
SCALE 1 1 1
X 0.0463 -0.6006 -0.7982
Y 0.7144 -0.5387 0.4467
Z -0.6982 -0.5909 0.4041

PART 6
OFFSET -1.9111 -0.4487 -1.8207
SCALE 1 1 1
X 1.0000 0.0000 0.0000
Y 0.0000 1.0000 0.0000
Z 0.0000 0.0000 1.0000

PART 7
OFFSET -0.7853 7.4886 -3.6306
SCALE 1 1 1
X -0.6562 0.3028 -0.6911
Y -0.4549 -0.8895 0.0422
Z -0.6020 0.3421 0.7215

PART 8
OFFSET 10.0568 -11.0994 -10.1894
SCALE 1 1 1
X -0.8036 0.0633 0.5918
Y 0.1390 -0.9468 0.2901
Z 0.5787 0.3154 0.7521

PART 9
OFFSET -7.9230 6.5636 -20.8954
SCALE 1 1 1
X 0.0439 -0.5957 -0.8020
Y 0.6878 0.6003 -0.4082
Z 0.7246 -0.5336 0.4361

PART 10
OFFSET 10.0568 -11.0994 -10.1894
SCALE 1 1 1
X -0.8036 0.0633 0.5918
Y 0.1390 -0.9468 0.2901
Z 0.5787 0.3154 0.7521

PART 11
OFFSET -9.6881 5.6786 -19.8534
SCALE 1 1 1
X 0.0439 -0.5957 -0.8020
Y 0.6878 0.6003 -0.4082
Z 0.7246 -0.5336 0.4361

PART 12
OFFSET -7.2338 3.5782 -21.1461
SCALE 1 1 1
X 0.7313 -0.6058 -0.3134
Y 0.5251 0.2069 0.8255
Z -0.4352 -0.7683 0.4694

PART 13
OFFSET -5.6274 2.2490 -21.7139
SCALE 1 1 1
X 0.3630 -0.4070 -0.8382
Y 0.8089 -0.3087 0.5003
Z -0.4624 -0.8597 0.2172

PART 14
OFFSET -5.1414 1.5140 -23.0726
SCALE 1 1 1
X -0.1216 -0.3374 -0.9335
Y 0.8828 -0.4667 0.0537
Z -0.4538 -0.8175 0.3547

PART 15
OFFSET -5.2787 1.1038 -24.0649
SCALE 1 1 1
X 0.3836 0.1799 -0.9058
Y 0.1508 0.9555 0.2536
Z 0.9111 -0.2338 0.3394

PART 16
OFFSET -8.6860 4.1886 -22.5112
SCALE 1 1 1
X -0.0640 0.0392 -0.9972
Y -0.2581 -0.9659 -0.0214
Z -0.9640 0.2560 0.0720

PART 17
OFFSET -8.7211 4.1210 -24.7648
SCALE 1 1 1
X 0.0601 -0.3717 -0.9264
Y -0.2489 -0.9043 0.3467
Z -0.9667 0.2097 -0.1469

PART 18
OFFSET -8.6360 3.5946 -26.0764
SCALE 1 1 1
X -0.1669 -0.9606 -0.2221
Y -0.2411 -0.1787 0.9539
Z -0.9560 0.2128 -0.2018

PART 19
OFFSET -8.7840 2.7429 -26.2733
SCALE 1 1 1
X -0.2482 -0.8573 0.4511
Y -0.0220 0.4705 0.8821
Z -0.9684 0.2090 -0.1357

PART 20
OFFSET -9.0198 1.9285 -25.8448
SCALE 1 1 1
X 0.3438 0.3301 -0.8791
Y 0.0207 0.9333 0.3585
Z 0.9388 -0.1415 0.3140

PART 21
OFFSET -7.9906 4.1760 -22.3507
SCALE 1 1 1
X 0.2310 0.0141 -0.9728
Y -0.2495 -0.9656 -0.0732
Z -0.9404 0.2597 -0.2195

PART 22
OFFSET -7.5252 4.2724 -24.9066
SCALE 1 1 1
X 0.0818 -0.4539 -0.8873
Y -0.2780 -0.8653 0.4171
Z -0.9571 0.2125 -0.1970

PART 23
OFFSET -7.3859 3.4996 -26.4172
SCALE 1 1 1
X -0.1875 -0.9763 -0.1082
Y -0.2411 -0.0611 0.9686
Z -0.9522 0.2077 -0.2240

PART 24
OFFSET -7.6457 2.1466 -26.5672
SCALE 1 1 1
X -0.2988 -0.8225 0.4839
Y -0.0805 0.5270 0.8461
Z -0.9509 0.2138 -0.2237

PART 25
OFFSET -7.9698 1.2545 -26.0424
SCALE 1 1 1
X 0.2440 0.3834 -0.8908
Y 0.1462 0.8935 0.4246
Z 0.9587 -0.2338 0.1620

PART 26
OFFSET -5.3887 3.2035 -23.0931
SCALE 1 1 1
X 0.2652 -0.2749 -0.9242
Y 0.3755 0.9123 -0.1636
Z 0.8881 -0.3036 0.3451

PART 27
OFFSET -5.4823 4.2264 -24.1541
SCALE 1 1 1
X 0.3474 -0.6429 -0.6826
Y -0.5283 -0.7356 0.4240
Z -0.7748 0.2133 -0.5952

PART 28
OFFSET -4.8707 3.0944 -25.3560
SCALE 1 1 1
X 0.0568 -0.8953 -0.4418
Y -0.6627 -0.3648 0.6540
Z -0.7467 0.2557 -0.6141

PART 29
OFFSET -4.7563 1.9905 -25.8558
SCALE 1 1 1
X -0.0813 -0.9784 -0.1902
Y -0.6516 -0.0923 0.7529
Z -0.7542 0.1851 -0.6300

PART 30
OFFSET -4.8481 0.8854 -26.0707
SCALE 1 1 1
X 0.4025 0.4539 -0.7950
Y -0.0172 0.8720 0.4892
Z 0.9152 -0.1832 0.3588

PART 31
OFFSET -6.4781 4.2827 -24.6291
SCALE 1 1 1
X 0.2554 -0.6131 -0.7476
Y -0.4514 -0.7594 0.4686
Z -0.8550 0.2178 -0.4707

PART 32
OFFSET -5.9792 3.0849 -26.0895
SCALE 1 1 1
X -0.1944 -0.9733 -0.1224
Y -0.4492 -0.0226 0.8931
Z -0.8720 0.2286 -0.4328

PART 33
OFFSET -6.2632 1.6633 -26.2682
SCALE 1 1 1
X -0.4046 -0.8243 0.3959
Y -0.2148 0.5065 0.8351
Z -0.8889 0.2529 -0.3820

PART 34
OFFSET -6.7276 0.7312 -25.8231
SCALE 1 1 1
X 0.5043 0.2924 -0.8125
Y 0.0296 0.9345 0.3546
Z 0.8630 -0.2029 0.4626

PART 35
OFFSET 13.5917 -9.3133 -10.3732
SCALE 1 1 1
X 0.9433 0.0132 -0.3317
Y -0.0729 0.9831 -0.1681
Z 0.3239 0.1828 0.9283

PART 36
OFFSET 1.1459 -3.1330 -3.1208
SCALE 1 1 1
X 0.2571 0.8804 0.3984
Y -0.2824 -0.3258 0.9023
Z 0.9242 -0.3445 0.1649

PART 37
OFFSET -1.9636 -13.7808 -7.9394
SCALE 1 1 1
X -0.9632 -0.2347 0.1310
Y 0.1422 -0.8585 -0.4927
Z 0.2281 -0.4559 0.8603

PART 38
OFFSET 6.2288 -11.7844 -9.0539
SCALE 1 1 1
X -0.9632 -0.2347 0.1310
Y -0.0588 -0.2916 -0.9547
Z 0.2623 -0.9273 0.2671

PART 39
OFFSET 7.2132 -10.3271 -10.1799
SCALE 1 1 1
X -0.9646 -0.2283 0.1316
Y -0.2274 0.4689 -0.8535
Z 0.1332 -0.8532 -0.5042

PART 40
OFFSET 7.6465 -9.8737 -9.1045
SCALE 1 1 1
X -0.9646 -0.2283 0.1316
Y -0.2274 0.4689 -0.8535
Z 0.1332 -0.8532 -0.5042

PART 41
OFFSET 8.1514 -10.7643 -7.7356
SCALE 1 1 1
X -0.9646 -0.2283 0.1316
Y -0.2274 0.4689 -0.8535
Z 0.1332 -0.8532 -0.5042

PART 42
OFFSET 9.1816 -11.0648 -9.4556
SCALE 1 1 1
X -0.9450 -0.0170 0.3267
Y -0.3094 -0.2777 -0.9095
Z 0.1062 -0.9605 0.2572

PART 43
OFFSET 9.8616 -10.3948 -8.8305
SCALE 1 1 1
X -0.5798 -0.8059 0.1194
Y 0.3692 -0.3906 -0.8433
Z 0.7263 -0.4449 0.5240

PART 44
OFFSET 11.0356 -8.5919 -9.0331
SCALE 1 1 1
X -0.8388 -0.2895 0.4611
Y 0.0123 -0.8568 -0.5155
Z 0.5443 -0.4267 0.7222

PART 45
OFFSET 12.3295 -8.1278 -9.8892
SCALE 1 1 1
X -0.3858 0.5160 0.7648
Y -0.6568 -0.7357 0.1651
Z 0.6479 -0.4386 0.6228

PART 46
OFFSET 12.7282 -8.6532 -10.7475
SCALE 1 1 1
X -0.8363 0.5111 0.1985
Y -0.0728 0.2554 -0.9641
Z -0.5434 -0.8207 -0.1764

PART 47
OFFSET 9.6285 -11.1536 -10.7579
SCALE 1 1 1
X -0.5936 0.1033 0.7981
Y 0.1790 -0.9499 0.2561
Z 0.7846 0.2948 0.5454

PART 48
OFFSET 11.0545 -11.2263 -12.5030
SCALE 1 1 1
X -0.4931 -0.7948 0.3538
Y 0.7229 -0.6006 -0.3416
Z 0.4840 0.0873 0.8707

PART 49
OFFSET 11.7527 -10.1011 -13.0039
SCALE 1 1 1
X 0.3261 -0.9405 -0.0956
Y 0.8363 0.3342 -0.4347
Z 0.4407 0.0618 0.8955

PART 50
OFFSET 11.4635 -9.2672 -12.9192
SCALE 1 1 1
X 0.8456 -0.2859 -0.4508
Y 0.2057 0.9538 -0.2190
Z 0.4926 0.0925 0.8653

PART 51
OFFSET 10.6601 -8.9956 -12.4909
SCALE 1 1 1
X -0.8471 -0.3934 0.3571
Y -0.3266 0.9157 0.2341
Z -0.4191 0.0817 -0.9042

PART 52
OFFSET 10.0568 -11.0994 -10.1894
SCALE 1 1 1
X -0.8036 0.0633 0.5918
Y 0.1390 -0.9468 0.2901
Z 0.5787 0.3154 0.7521

PART 53
OFFSET 12.0596 -11.3314 -11.8305
SCALE 1 1 1
X -0.1067 -0.9478 0.3005
Y 0.8435 -0.2463 -0.4774
Z 0.5264 0.2025 0.8257

PART 54
OFFSET 12.2412 -9.7178 -12.3421
SCALE 1 1 1
X 0.6590 -0.7076 -0.2548
Y 0.5469 0.6834 -0.4835
Z 0.5163 0.1793 0.8374

PART 55
OFFSET 11.3278 -8.7371 -11.9890
SCALE 1 1 1
X 0.8359 0.1189 -0.5359
Y -0.1981 0.9758 -0.0925
Z 0.5119 0.1835 0.8392

PART 56
OFFSET 10.4213 -8.8660 -11.4078
SCALE 1 1 1
X -0.5465 -0.6458 0.5332
Y -0.6632 0.7225 0.1954
Z -0.5114 -0.2468 -0.8231

PART 57
OFFSET 5.5672 -11.4157 -7.1891
SCALE 1 1 1
X -0.7997 -0.2294 0.5548
Y -0.3882 0.9025 -0.1865
Z -0.4579 -0.3645 -0.8108

PART 58
OFFSET 13.1366 -11.1459 -9.9471
SCALE 1 1 1
X -0.7681 -0.3912 0.5069
Y 0.5012 -0.8600 0.0958
Z 0.3984 0.3276 0.8567

PART 59
OFFSET 14.4890 -10.4571 -10.8395
SCALE 1 1 1
X -0.1375 -0.8818 0.4511
Y 0.9171 -0.2854 -0.2784
Z 0.3743 0.3754 0.8479

PART 60
OFFSET 14.6789 -9.3622 -11.3364
SCALE 1 1 1
X 0.3001 -0.9333 0.1972
Y 0.8739 0.1862 -0.4489
Z 0.3823 0.3071 0.8715

PART 61
OFFSET 14.3399 -8.3081 -11.5591
SCALE 1 1 1
X -0.7791 0.2221 0.5862
Y -0.0734 0.8964 -0.4371
Z -0.6226 -0.3836 -0.6821

PART 62
OFFSET 12.6811 -11.2767 -10.9450
SCALE 1 1 1
X -0.0311 -0.9694 0.2435
Y 0.9133 -0.1266 -0.3872
Z 0.4062 0.2103 0.8893

PART 63
OFFSET 12.7419 -9.3829 -11.4207
SCALE 1 1 1
X 0.7529 -0.6311 -0.1869
Y 0.5045 0.7356 -0.4520
Z 0.4228 0.2461 0.8722

PART 64
OFFSET 11.6422 -8.4611 -11.1478
SCALE 1 1 1
X 0.8456 0.1987 -0.4954
Y -0.3184 0.9327 -0.1694
Z 0.4285 0.3009 0.8520

PART 65
OFFSET 10.6813 -8.6876 -10.5928
SCALE 1 1 1
X -0.4725 -0.7673 0.4336
Y -0.7538 0.6067 0.2523
Z -0.4567 -0.2077 -0.8651

PART 66
OFFSET 0.0000 0.0000 0.0000
SCALE 1 1 1
X 1.0000 0.0000 0.0000
Y 0.0000 1.0000 0.0000
Z 0.0000 0.0000 1.0000

PART 67
OFFSET 0.0000 0.0000 0.0000
SCALE 1 1 1
X 1.0000 0.0000 0.0000
Y 0.0000 1.0000 0.0000
Z 0.0000 0.0000 1.0000

PART 68
OFFSET 0.0000 0.0000 0.0000
SCALE 1 1 1
X 1.0000 0.0000 0.0000
Y 0.0000 1.0000 0.0000
Z 0.0000 0.0000 1.0000

PART 69
OFFSET -7.9906 4.1760 -22.3507
SCALE 1 1 1
X 0.2310 0.0141 -0.9728
Y -0.2495 -0.9656 -0.0732
Z -0.9404 0.2597 -0.2195

PART 70
OFFSET -7.9906 4.1760 -22.3507
SCALE 1 1 1
X 0.2310 0.0141 -0.9728
Y -0.2495 -0.9656 -0.0732
Z -0.9404 0.2597 -0.2195

PART 71
OFFSET 13.5917 -9.3133 -10.3732
SCALE 1 1 1
X 0.9433 0.0132 -0.3317
Y -0.0729 0.9831 -0.1681
Z 0.3239 0.1828 0.9283

PART 72
OFFSET 11.9215 -9.4867 -11.0892
SCALE 1 1 1
X 0.9433 0.0132 -0.3317
Y -0.0729 0.9831 -0.1681
Z 0.3239 0.1828 0.9283

PART 73
OFFSET 16.7435 -9.0737 -11.2668
SCALE 1 1 1
X 0.9433 0.0132 -0.3317
Y -0.0729 0.9831 -0.1681
Z 0.3239 0.1828 0.9283

PART 74
OFFSET 15.4716 -9.0038 -9.3721
SCALE 1 1 1
X 0.9497 0.0169 -0.3127
Y -0.0729 0.9831 -0.1681
Z 0.3046 0.1824 0.9349

PART 75
OFFSET -7.6316 -7.0925 0.6208
SCALE 1 1 1
X 0.9433 0.0132 -0.3317
Y -0.0729 0.9831 -0.1681
Z 0.3239 0.1828 0.9283

PART 76
OFFSET 34.7874 1.8973 46.0349
SCALE 1 1 1
X 0.9433 0.0132 -0.3317
Y -0.0729 0.9831 -0.1681
Z 0.3239 0.1828 0.9283

PART 77
OFFSET 34.8657 2.6350 46.2869
SCALE 1 1 1
X 0.9433 0.0132 -0.3317
Y -0.0729 0.9831 -0.1681
Z 0.3239 0.1828 0.9283

PART 78
OFFSET 35.1206 2.7845 47.0176
SCALE 1 1 1
X 0.9433 0.0132 -0.3317
Y -0.0729 0.9831 -0.1681
Z 0.3239 0.1828 0.9283

PART 79
OFFSET 35.2940 2.1888 47.4870
SCALE 1 1 1
X 0.9433 0.0132 -0.3317
Y -0.0729 0.9831 -0.1681
Z 0.3239 0.1828 0.9283

PART 80
OFFSET 35.2179 1.4466 47.2411
SCALE 1 1 1
X 0.9433 0.0132 -0.3317
Y -0.0729 0.9831 -0.1681
Z 0.3239 0.1828 0.9283

PART 81
OFFSET 34.9658 1.3100 46.5188
SCALE 1 1 1
X 0.9433 0.0132 -0.3317
Y -0.0729 0.9831 -0.1681
Z 0.3239 0.1828 0.9283

PART 82
OFFSET 15.8594 -8.9939 -9.4908
SCALE 1 1 1
X 0.9433 0.0132 -0.3317
Y -0.0729 0.9831 -0.1681
Z 0.3239 0.1828 0.9283

PART 83
OFFSET 13.1977 -9.2045 -9.6126
SCALE 1 1 1
X 0.5038 -0.1092 -0.8569
Y -0.0729 0.9831 -0.1681
Z 0.8608 0.1471 0.4873


FRAME 302
PART 0
OFFSET -6.1104 6.7511 -18.1710
SCALE 1 1 1
X 0.1275 -0.5901 -0.7972
Y 0.6842 0.6343 -0.3600
Z 0.7181 -0.4995 0.4846

PART 1
OFFSET -6.9851 5.9477 -17.5854
SCALE 1 1 1
X 0.1275 -0.5901 -0.7972
Y 0.6842 0.6343 -0.3600
Z 0.7181 -0.4995 0.4846

PART 2
OFFSET -8.1894 6.0684 -17.3906
SCALE 1 1 1
X 0.1275 -0.5901 -0.7972
Y 0.6842 0.6343 -0.3600
Z 0.7181 -0.4995 0.4846

PART 3
OFFSET -7.7061 6.1898 -19.4541
SCALE 1 1 1
X 0.4970 -0.0294 -0.8673
Y 0.8354 -0.2543 0.4873
Z -0.2349 -0.9667 -0.1018

PART 4
OFFSET -8.1040 8.0132 -17.0220
SCALE 1 1 1
X 0.1298 -0.5948 -0.7933
Y 0.8728 -0.3111 0.3761
Z -0.4705 -0.7412 0.4787

PART 5
OFFSET -9.2082 13.0723 -10.2745
SCALE 1 1 1
X 0.1298 -0.5948 -0.7933
Y 0.7074 -0.5051 0.4944
Z -0.6948 -0.6254 0.3552

PART 6
OFFSET -1.9111 -0.4487 -1.8207
SCALE 1 1 1
X 1.0000 0.0000 0.0000
Y 0.0000 1.0000 0.0000
Z 0.0000 0.0000 1.0000

PART 7
OFFSET -0.7853 7.4886 -3.6306
SCALE 1 1 1
X -0.6965 0.4617 -0.5494
Y -0.5062 -0.8587 -0.0799
Z -0.5086 0.2224 0.8318

PART 8
OFFSET 10.2217 -10.0882 -9.3374
SCALE 1 1 1
X -0.7911 0.0655 0.6081
Y 0.1136 -0.9612 0.2514
Z 0.6010 0.2679 0.7530

PART 9
OFFSET -7.7619 8.4578 -19.0594
SCALE 1 1 1
X 0.1275 -0.5901 -0.7972
Y 0.6842 0.6343 -0.3600
Z 0.7181 -0.4995 0.4846

PART 10
OFFSET 10.2217 -10.0882 -9.3374
SCALE 1 1 1
X -0.7911 0.0655 0.6081
Y 0.1136 -0.9612 0.2514
Z 0.6010 0.2679 0.7530

PART 11
OFFSET -9.3680 7.5874 -18.1879
SCALE 1 1 1
X 0.1275 -0.5901 -0.7972
Y 0.6842 0.6343 -0.3600
Z 0.7181 -0.4995 0.4846

PART 12
OFFSET -6.7728 5.5342 -19.4157
SCALE 1 1 1
X 0.7062 -0.6158 -0.3493
Y 0.5452 0.1584 0.8232
Z -0.4516 -0.7718 0.4476

PART 13
OFFSET -5.2195 4.1782 -20.0624
SCALE 1 1 1
X 0.3357 -0.3856 -0.8594
Y 0.8070 -0.3529 0.4736
Z -0.4859 -0.8525 0.1927

PART 14
OFFSET -4.7801 3.4813 -21.4565
SCALE 1 1 1
X -0.1480 -0.2973 -0.9433
Y 0.8682 -0.4958 0.0200
Z -0.4736 -0.8160 0.3315

PART 15
OFFSET -4.9470 3.1141 -22.4611
SCALE 1 1 1
X 0.3739 0.2025 -0.9051
Y 0.1854 0.9398 0.2869
Z 0.9087 -0.2751 0.3138

PART 16
OFFSET -8.2275 6.2418 -20.7303
SCALE 1 1 1
X -0.0795 0.0796 -0.9937
Y -0.2891 -0.9558 -0.0534
Z -0.9540 0.2830 0.0990

PART 17
OFFSET -8.3026 6.2622 -22.9839
SCALE 1 1 1
X 0.0327 -0.3375 -0.9408
Y -0.2718 -0.9088 0.3166
Z -0.9618 0.2454 -0.1214

PART 18
OFFSET -8.2564 5.7844 -24.3158
SCALE 1 1 1
X -0.2012 -0.9457 -0.2554
Y -0.2306 -0.2077 0.9506
Z -0.9520 0.2502 -0.1763

PART 19
OFFSET -8.4348 4.9459 -24.5422
SCALE 1 1 1
X -0.2679 -0.8658 0.4226
Y 0.0078 0.4367 0.8996
Z -0.9634 0.2443 -0.1102

PART 20
OFFSET -8.6893 4.1234 -24.1408
SCALE 1 1 1
X 0.3393 0.3528 -0.8720
Y 0.0565 0.9177 0.3933
Z 0.9390 -0.1827 0.2914

PART 21
OFFSET -7.5302 6.2013 -20.5830
SCALE 1 1 1
X 0.2150 0.0443 -0.9756
Y -0.2815 -0.9538 -0.1053
Z -0.9352 0.2972 -0.1926

PART 22
OFFSET -7.1050 6.3815 -23.1413
SCALE 1 1 1
X 0.0523 -0.4217 -0.9052
Y -0.2984 -0.8716 0.3888
Z -0.9530 0.2498 -0.1715

PART 23
OFFSET -7.0159 5.6635 -24.6824
SCALE 1 1 1
X -0.2203 -0.9651 -0.1418
Y -0.2267 -0.0908 0.9697
Z -0.9487 0.2458 -0.1987

PART 24
OFFSET -7.3212 4.3260 -24.8790
SCALE 1 1 1
X -0.3167 -0.8308 0.4576
Y -0.0495 0.4963 0.8668
Z -0.9472 0.2519 -0.1983

PART 25
OFFSET -7.6647 3.4250 -24.3827
SCALE 1 1 1
X 0.2412 0.4096 -0.8798
Y 0.1818 0.8715 0.4556
Z 0.9533 -0.2698 0.1357

PART 26
OFFSET -4.9735 5.1773 -21.4084
SCALE 1 1 1
X 0.2407 -0.2473 -0.9386
Y 0.4016 0.9057 -0.1356
Z 0.8836 -0.3443 0.3173

PART 27
OFFSET -5.0523 6.2427 -22.4280
SCALE 1 1 1
X 0.3151 -0.6267 -0.7127
Y -0.5443 -0.7345 0.4052
Z -0.7775 0.2602 -0.5726

PART 28
OFFSET -4.4974 5.1393 -23.6828
SCALE 1 1 1
X 0.0207 -0.8790 -0.4764
Y -0.6630 -0.3688 0.6515
Z -0.7484 0.3024 -0.5904

PART 29
OFFSET -4.4268 4.0524 -24.2262
SCALE 1 1 1
X -0.1156 -0.9673 -0.2258
Y -0.6415 -0.1008 0.7605
Z -0.7584 0.2328 -0.6089

PART 30
OFFSET -4.5574 2.9598 -24.4812
SCALE 1 1 1
X 0.4034 0.4714 -0.7843
Y 0.0189 0.8526 0.5222
Z 0.9148 -0.2254 0.3351

PART 31
OFFSET -6.0536 6.3483 -22.8825
SCALE 1 1 1
X 0.2231 -0.5916 -0.7748
Y -0.4675 -0.7624 0.4475
Z -0.8554 0.2624 -0.4466

PART 32
OFFSET -5.6178 5.1927 -24.3961
SCALE 1 1 1
X -0.2274 -0.9613 -0.1557
Y -0.4346 -0.0429 0.8996
Z -0.8714 0.2723 -0.4080

PART 33
OFFSET -5.9500 3.7886 -24.6235
SCALE 1 1 1
X -0.4241 -0.8259 0.3716
Y -0.1844 0.4804 0.8574
Z -0.8867 0.2951 -0.3561

PART 34
OFFSET -6.4364 2.8550 -24.2058
SCALE 1 1 1
X 0.4996 0.3076 -0.8098
Y 0.0654 0.9188 0.3893
Z 0.8638 -0.2474 0.4390

PART 35
OFFSET 13.8083 -8.4078 -9.5168
SCALE 1 1 1
X 0.9375 -0.0036 -0.3479
Y -0.0442 0.9906 -0.1293
Z 0.3451 0.1366 0.9286

PART 36
OFFSET 0.8423 -3.1330 -3.1208
SCALE 1 1 1
X 0.1940 0.8970 0.3972
Y -0.3077 -0.3288 0.8929
Z 0.9315 -0.2954 0.2122

PART 37
OFFSET -1.5037 -13.9811 -7.9247
SCALE 1 1 1
X -0.9389 -0.3393 0.0572
Y 0.2726 -0.8348 -0.4783
Z 0.2101 -0.4335 0.8763

PART 38
OFFSET 6.4821 -11.0948 -8.4117
SCALE 1 1 1
X -0.9389 -0.3393 0.0572
Y 0.0302 -0.2470 -0.9685
Z 0.3428 -0.9077 0.2421

PART 39
OFFSET 7.3827 -9.5322 -9.4947
SCALE 1 1 1
X -0.9411 -0.3332 0.0577
Y -0.2113 0.4464 -0.8695
Z 0.2639 -0.8305 -0.4905

PART 40
OFFSET 7.6848 -9.0528 -8.3827
SCALE 1 1 1
X -0.9411 -0.3332 0.0577
Y -0.2113 0.4464 -0.8695
Z 0.2639 -0.8305 -0.4905

PART 41
OFFSET 8.1897 -9.9179 -6.9374
SCALE 1 1 1
X -0.9411 -0.3332 0.0577
Y -0.2113 0.4464 -0.8695
Z 0.2639 -0.8305 -0.4905

PART 42
OFFSET 9.3606 -10.0545 -8.5872
SCALE 1 1 1
X -0.9394 -0.0001 0.3428
Y -0.3334 -0.2327 -0.9136
Z 0.0798 -0.9726 0.2185

PART 43
OFFSET 10.0721 -9.4306 -7.9494
SCALE 1 1 1
X -0.6032 -0.7914 0.0991
Y 0.3424 -0.3691 -0.8640
Z 0.7204 -0.4872 0.4936

PART 44
OFFSET 11.2995 -7.6589 -8.1045
SCALE 1 1 1
X -0.8397 -0.2807 0.4648
Y -0.0237 -0.8363 -0.5478
Z 0.5425 -0.4710 0.6956

PART 45
OFFSET 12.5929 -7.2028 -8.9655
SCALE 1 1 1
X -0.3562 0.4980 0.7906
Y -0.6771 -0.7206 0.1489
Z 0.6439 -0.4824 0.5939

PART 46
OFFSET 12.9601 -7.7071 -9.8502
SCALE 1 1 1
X -0.8161 0.5290 0.2328
Y -0.0808 0.2945 -0.9522
Z -0.5723 -0.7959 -0.1976

PART 47
OFFSET 9.7824 -10.1070 -9.8997
SCALE 1 1 1
X -0.5765 0.0910 0.8120
Y 0.1528 -0.9642 0.2166
Z 0.8027 0.2489 0.5420

PART 48
OFFSET 11.1760 -10.1570 -11.6718
SCALE 1 1 1
X -0.5122 -0.7920 0.3322
Y 0.6975 -0.6093 -0.3771
Z 0.5011 0.0385 0.8645

PART 49
OFFSET 11.9012 -9.0357 -12.1420
SCALE 1 1 1
X 0.2943 -0.9458 -0.1371
Y 0.8391 0.3244 -0.4366
Z 0.4575 0.0135 0.8891

PART 50
OFFSET 11.6402 -8.1971 -12.0205
SCALE 1 1 1
X 0.8283 -0.2946 -0.4765
Y 0.2324 0.9546 -0.1863
Z 0.5097 0.0436 0.8592

PART 51
OFFSET 10.8533 -7.9172 -11.5679
SCALE 1 1 1
X -0.8532 -0.3802 0.3571
Y -0.2932 0.9158 0.2745
Z -0.4314 0.1295 -0.8928

PART 52
OFFSET 10.2217 -10.0882 -9.3374
SCALE 1 1 1
X -0.7911 0.0655 0.6081
Y 0.1136 -0.9612 0.2514
Z 0.6010 0.2679 0.7530

PART 53
OFFSET 12.1883 -10.3193 -11.0219
SCALE 1 1 1
X -0.1318 -0.9549 0.2661
Y 0.8271 -0.2539 -0.5015
Z 0.5464 0.1540 0.8232

PART 54
OFFSET 12.4127 -8.6936 -11.4750
SCALE 1 1 1
X 0.6317 -0.7176 -0.2933
Y 0.5603 0.6841 -0.4670
Z 0.5358 0.1307 0.8342

PART 55
OFFSET 11.5372 -7.6991 -11.0686
SCALE 1 1 1
X 0.8301 0.1133 -0.5459
Y -0.1684 0.9844 -0.0518
Z 0.5315 0.1349 0.8362

PART 56
OFFSET 10.6369 -7.8220 -10.4764
SCALE 1 1 1
X -0.5578 -0.6485 0.5180
Y -0.6364 0.7348 0.2346
Z -0.5328 -0.1988 -0.8226

PART 57
OFFSET 5.7754 -10.3793 -6.2709
SCALE 1 1 1
X -0.7972 -0.2255 0.5600
Y -0.3623 0.9207 -0.1450
Z -0.4829 -0.3185 -0.8157

PART 58
OFFSET 13.3021 -10.2402 -9.1525
SCALE 1 1 1
X -0.7716 -0.3863 0.5054
Y 0.4751 -0.8783 0.0540
Z 0.4230 0.2818 0.8612

PART 59
OFFSET 14.6607 -9.5602 -10.0423
SCALE 1 1 1
X -0.1580 -0.8938 0.4197
Y 0.9027 -0.3030 -0.3055
Z 0.4003 0.3306 0.8547

PART 60
OFFSET 14.8771 -8.4535 -10.5006
SCALE 1 1 1
X 0.2734 -0.9491 0.1562
Y 0.8718 0.1759 -0.4572
Z 0.4065 0.2612 0.8755

PART 61
OFFSET 14.5682 -7.3814 -10.6770
SCALE 1 1 1
X -0.7617 0.2236 0.6082
Y -0.0520 0.9144 -0.4014
Z -0.6459 -0.3374 -0.6849

PART 62
OFFSET 12.8260 -10.3182 -10.1463
SCALE 1 1 1
X -0.0580 -0.9766 0.2070
Y 0.9021 -0.1401 -0.4081
Z 0.4276 0.1631 0.8891

PART 63
OFFSET 12.9392 -8.4103 -10.5507
SCALE 1 1 1
X 0.7291 -0.6467 -0.2242
Y 0.5200 0.7364 -0.4328
Z 0.4450 0.1989 0.8732

PART 64
OFFSET 11.8743 -7.4658 -10.2233
SCALE 1 1 1
X 0.8431 0.1911 -0.5027
Y -0.2912 0.9481 -0.1281
Z 0.4521 0.2544 0.8549

PART 65
OFFSET 10.9161 -7.6833 -9.6601
SCALE 1 1 1
X -0.4894 -0.7683 0.4126
Y -0.7297 0.6198 0.2887
Z -0.4775 -0.1598 -0.8640

PART 66
OFFSET 0.0000 0.0000 0.0000
SCALE 1 1 1
X 1.0000 0.0000 0.0000
Y 0.0000 1.0000 0.0000
Z 0.0000 0.0000 1.0000

PART 67
OFFSET -0.0137 0.0223 -0.1007
SCALE 1 1 1
X 1.0000 -0.0023 -0.0026
Y 0.0023 1.0000 0.0014
Z 0.0026 -0.0014 1.0000

PART 68
OFFSET 0.0000 0.0000 -0.0000
SCALE 1 1 1
X 1.0000 -0.0023 -0.0026
Y 0.0023 1.0000 0.0014
Z 0.0026 -0.0014 1.0000

PART 69
OFFSET -7.5302 6.2013 -20.5830
SCALE 1 1 1
X 0.2150 0.0443 -0.9756
Y -0.2815 -0.9538 -0.1053
Z -0.9352 0.2972 -0.1926

PART 70
OFFSET -7.5302 6.2013 -20.5830
SCALE 1 1 1
X 0.2150 0.0443 -0.9756
Y -0.2815 -0.9538 -0.1053
Z -0.9352 0.2972 -0.1926

PART 71
OFFSET 13.8083 -8.4078 -9.5168
SCALE 1 1 1
X 0.9375 -0.0036 -0.3479
Y -0.0442 0.9906 -0.1293
Z 0.3451 0.1366 0.9286

PART 72
OFFSET 12.1217 -8.5011 -10.2087
SCALE 1 1 1
X 0.9375 -0.0036 -0.3479
Y -0.0442 0.9906 -0.1293
Z 0.3451 0.1366 0.9286

PART 73
OFFSET 16.9508 -8.2325 -10.4573
SCALE 1 1 1
X 0.9375 -0.0036 -0.3479
Y -0.0442 0.9906 -0.1293
Z 0.3451 0.1366 0.9286

PART 74
OFFSET 15.7137 -8.1959 -8.5387
SCALE 1 1 1
X 0.9444 -0.0008 -0.3289
Y -0.0442 0.9906 -0.1293
Z 0.3259 0.1367 0.9355

PART 75
OFFSET -7.1456 -5.9495 1.9338
SCALE 1 1 1
X 0.9375 -0.0036 -0.3479
Y -0.0442 0.9906 -0.1293
Z 0.3451 0.1366 0.9286

PART 76
OFFSET 36.2956 -0.0469 46.8856
SCALE 1 1 1
X 0.9375 -0.0036 -0.3479
Y -0.0442 0.9906 -0.1293
Z 0.3451 0.1366 0.9286

PART 77
OFFSET 36.4016 0.6778 47.1639
SCALE 1 1 1
X 0.9375 -0.0036 -0.3479
Y -0.0442 0.9906 -0.1293
Z 0.3451 0.1366 0.9286

PART 78
OFFSET 36.6734 0.7910 47.8951
SCALE 1 1 1
X 0.9375 -0.0036 -0.3479
Y -0.0442 0.9906 -0.1293
Z 0.3451 0.1366 0.9286

PART 79
OFFSET 36.8355 0.1725 48.3383
SCALE 1 1 1
X 0.9375 -0.0036 -0.3479
Y -0.0442 0.9906 -0.1293
Z 0.3451 0.1366 0.9286

PART 80
OFFSET 36.7316 -0.5570 48.0658
SCALE 1 1 1
X 0.9375 -0.0036 -0.3479
Y -0.0442 0.9906 -0.1293
Z 0.3451 0.1366 0.9286

PART 81
OFFSET 36.4632 -0.6576 47.3435
SCALE 1 1 1
X 0.9375 -0.0036 -0.3479
Y -0.0442 0.9906 -0.1293
Z 0.3451 0.1366 0.9286

PART 82
OFFSET 16.0996 -8.1936 -8.6639
SCALE 1 1 1
X 0.9375 -0.0036 -0.3479
Y -0.0442 0.9906 -0.1293
Z 0.3451 0.1366 0.9286

PART 83
OFFSET 13.4308 -8.3161 -8.7457
SCALE 1 1 1
X 0.4856 -0.0918 -0.8694
Y -0.0442 0.9906 -0.1293
Z 0.8731 0.1013 0.4770


FRAME 303
PART 0
OFFSET -5.7285 8.6460 -16.2283
SCALE 1 1 1
X 0.2020 -0.5406 -0.8167
Y 0.6742 0.6816 -0.2844
Z 0.7104 -0.4931 0.5022

PART 1
OFFSET -6.5437 7.7596 -15.7154
SCALE 1 1 1
X 0.2020 -0.5406 -0.8167
Y 0.6742 0.6816 -0.2844
Z 0.7104 -0.4931 0.5022

PART 2
OFFSET -7.7554 7.8950 -15.6394
SCALE 1 1 1
X 0.2020 -0.5406 -0.8167
Y 0.6742 0.6816 -0.2844
Z 0.7104 -0.4931 0.5022

PART 3
OFFSET -7.1561 8.1472 -17.6602
SCALE 1 1 1
X 0.4817 -0.0118 -0.8762
Y 0.8344 -0.2995 0.4627
Z -0.2679 -0.9540 -0.1344

PART 4
OFFSET -7.7825 9.8193 -15.1682
SCALE 1 1 1
X 0.2043 -0.5454 -0.8129
Y 0.8234 -0.3533 0.4440
Z -0.5294 -0.7601 0.3770

PART 5
OFFSET -9.5204 14.4586 -8.2545
SCALE 1 1 1
X 0.2043 -0.5454 -0.8129
Y 0.6994 -0.4996 0.5111
Z -0.6849 -0.6730 0.2794

PART 6
OFFSET -1.9111 -0.4487 -1.8207
SCALE 1 1 1
X 1.0000 0.0000 0.0000
Y 0.0000 1.0000 0.0000
Z 0.0000 0.0000 1.0000

PART 7
OFFSET -0.7853 7.4886 -3.6306
SCALE 1 1 1
X -0.7223 0.5763 -0.3823
Y -0.5402 -0.8153 -0.2086
Z -0.4319 0.0559 0.9002

PART 8
OFFSET 10.3923 -9.0733 -8.4824
SCALE 1 1 1
X -0.7787 0.0673 0.6238
Y 0.0862 -0.9733 0.2126
Z 0.6214 0.2193 0.7521

PART 9
OFFSET -7.4563 10.3103 -17.1338
SCALE 1 1 1
X 0.2020 -0.5406 -0.8167
Y 0.6742 0.6816 -0.2844
Z 0.7104 -0.4931 0.5022

PART 10
OFFSET 10.3923 -9.0733 -8.4824
SCALE 1 1 1
X -0.7787 0.0673 0.6238
Y 0.0862 -0.9733 0.2126
Z 0.6214 0.2193 0.7521

PART 11
OFFSET -8.9537 9.4020 -16.4302
SCALE 1 1 1
X 0.2020 -0.5406 -0.8167
Y 0.6742 0.6816 -0.2844
Z 0.7104 -0.4931 0.5022

PART 12
OFFSET -6.2442 7.4611 -17.6630
SCALE 1 1 1
X 0.6801 -0.6241 -0.3847
Y 0.5633 0.1090 0.8190
Z -0.4692 -0.7737 0.4257

PART 13
OFFSET -4.7465 6.0822 -18.3877
SCALE 1 1 1
X 0.3091 -0.3627 -0.8792
Y 0.8025 -0.3965 0.4457
Z -0.5103 -0.8433 0.1685

PART 14
OFFSET -4.3526 5.4259 -19.8147
SCALE 1 1 1
X -0.1728 -0.2558 -0.9512
Y 0.8518 -0.5237 -0.0139
Z -0.4946 -0.8126 0.3083

PART 15
OFFSET -4.5476 5.1033 -20.8294
SCALE 1 1 1
X 0.3657 0.2253 -0.9031
Y 0.2205 0.9217 0.3192
Z 0.9042 -0.3159 0.2873

PART 16
OFFSET -7.6960 8.2651 -18.9243
SCALE 1 1 1
X -0.0929 0.1203 -0.9884
Y -0.3209 -0.9433 -0.0847
Z -0.9425 0.3093 0.1262

PART 17
OFFSET -7.8067 8.3747 -21.1738
SCALE 1 1 1
X 0.0065 -0.3018 -0.9533
Y -0.2961 -0.9112 0.2864
Z -0.9551 0.2804 -0.0953

PART 18
OFFSET -7.7976 7.9474 -22.5236
SCALE 1 1 1
X -0.2360 -0.9282 -0.2877
Y -0.2219 -0.2367 0.9459
Z -0.9461 0.2871 -0.1501

PART 19
OFFSET -8.0068 7.1245 -22.7786
SCALE 1 1 1
X -0.2891 -0.8725 0.3939
Y 0.0365 0.4012 0.9153
Z -0.9566 0.2790 -0.0841

PART 20
OFFSET -8.2815 6.2956 -22.4044
SCALE 1 1 1
X 0.3365 0.3752 -0.8637
Y 0.0927 0.8996 0.4269
Z 0.9371 -0.2237 0.2679

PART 21
OFFSET -6.9982 8.1967 -18.7908
SCALE 1 1 1
X 0.2006 0.0750 -0.9768
Y -0.3140 -0.9395 -0.1366
Z -0.9280 0.3342 -0.1649

PART 22
OFFSET -6.6085 8.4618 -21.3474
SCALE 1 1 1
X 0.0240 -0.3880 -0.9214
Y -0.3204 -0.8760 0.3605
Z -0.9470 0.2865 -0.1453

PART 23
OFFSET -6.5677 7.8013 -22.9160
SCALE 1 1 1
X -0.2539 -0.9513 -0.1746
Y -0.2139 -0.1208 0.9694
Z -0.9433 0.2835 -0.1728

PART 24
OFFSET -6.9196 6.4828 -23.1580
SCALE 1 1 1
X -0.3362 -0.8373 0.4311
Y -0.0193 0.4638 0.8857
Z -0.9416 0.2895 -0.1721

PART 25
OFFSET -7.2843 5.5747 -22.6905
SCALE 1 1 1
X 0.2402 0.4353 -0.8676
Y 0.2174 0.8470 0.4852
Z 0.9461 -0.3051 0.1088

PART 26
OFFSET -4.4899 7.1240 -19.6988
SCALE 1 1 1
X 0.2174 -0.2184 -0.9513
Y 0.4287 0.8970 -0.1080
Z 0.8769 -0.3843 0.2886

PART 27
OFFSET -4.5502 8.2300 -20.6756
SCALE 1 1 1
X 0.2830 -0.6085 -0.7414
Y -0.5613 -0.7318 0.3864
Z -0.7777 0.3068 -0.5487

PART 28
OFFSET -4.0519 7.1587 -21.9809
SCALE 1 1 1
X -0.0156 -0.8601 -0.5098
Y -0.6641 -0.3723 0.6484
Z -0.7475 0.3487 -0.5654

PART 29
OFFSET -4.0255 6.0918 -22.5663
SCALE 1 1 1
X -0.1507 -0.9537 -0.2604
Y -0.6321 -0.1095 0.7671
Z -0.7601 0.2802 -0.5863

PART 30
OFFSET -4.1957 5.0146 -22.8604
SCALE 1 1 1
X 0.4059 0.4881 -0.7726
Y 0.0550 0.8308 0.5538
Z 0.9123 -0.2673 0.3104

PART 31
OFFSET -5.5548 8.3850 -21.1082
SCALE 1 1 1
X 0.1912 -0.5680 -0.8005
Y -0.4848 -0.7638 0.4262
Z -0.8535 0.3066 -0.4214

PART 32
OFFSET -5.1813 7.2753 -22.6720
SCALE 1 1 1
X -0.2611 -0.9468 -0.1882
Y -0.4213 -0.0637 0.9047
Z -0.8685 0.3155 -0.3822

PART 33
OFFSET -5.5627 5.8924 -22.9470
SCALE 1 1 1
X -0.4447 -0.8257 0.3472
Y -0.1548 0.4526 0.8781
Z -0.8822 0.3368 -0.3291

PART 34
OFFSET -6.0725 4.9593 -22.5567
SCALE 1 1 1
X 0.4963 0.3225 -0.8060
Y 0.1015 0.9005 0.4228
Z 0.8622 -0.2916 0.4142

PART 35
OFFSET 14.0284 -7.5026 -8.6599
SCALE 1 1 1
X 0.9312 -0.0201 -0.3640
Y -0.0140 0.9958 -0.0908
Z 0.3643 0.0896 0.9270

PART 36
OFFSET 0.0005 -3.1330 -3.1208
SCALE 1 1 1
X 0.0662 0.9169 0.3937
Y -0.3402 -0.3501 0.8727
Z 0.9380 -0.1917 0.2887

PART 37
OFFSET -0.8004 -14.2215 -7.8818
SCALE 1 1 1
X -0.8941 -0.4477 -0.0143
Y 0.4077 -0.8002 -0.4397
Z 0.1854 -0.3990 0.8980

PART 38
OFFSET 6.8040 -10.4136 -7.7604
SCALE 1 1 1
X -0.8941 -0.4477 -0.0143
Y 0.1182 -0.2050 -0.9716
Z 0.4321 -0.8704 0.2362

PART 39
OFFSET 7.6033 -8.7643 -8.8274
SCALE 1 1 1
X -0.8970 -0.4418 -0.0141
Y -0.1888 0.4117 -0.8916
Z 0.3997 -0.7971 -0.4527

PART 40
OFFSET 7.7586 -8.2561 -7.6944
SCALE 1 1 1
X -0.8970 -0.4418 -0.0141
Y -0.1888 0.4117 -0.8916
Z 0.3997 -0.7971 -0.4527

PART 41
OFFSET 8.2513 -9.0712 -6.1537
SCALE 1 1 1
X -0.8970 -0.4418 -0.0141
Y -0.1888 0.4117 -0.8916
Z 0.3997 -0.7971 -0.4527

PART 42
OFFSET 9.5449 -9.0411 -7.7166
SCALE 1 1 1
X -0.9333 0.0167 0.3588
Y -0.3554 -0.1865 -0.9159
Z 0.0516 -0.9823 0.1800

PART 43
OFFSET 10.2866 -8.4653 -7.0681
SCALE 1 1 1
X -0.6270 -0.7750 0.0794
Y 0.3162 -0.3463 -0.8832
Z 0.7120 -0.5287 0.4622

PART 44
OFFSET 11.5684 -6.7290 -7.1769
SCALE 1 1 1
X -0.8408 -0.2715 0.4683
Y -0.0598 -0.8133 -0.5788
Z 0.5380 -0.5146 0.6676

PART 45
OFFSET 12.8620 -6.2817 -8.0422
SCALE 1 1 1
X -0.3270 0.4783 0.8151
Y -0.6978 -0.7039 0.1331
Z 0.6373 -0.5252 0.5639

PART 46
OFFSET 13.1983 -6.7629 -8.9517
SCALE 1 1 1
X -0.7946 0.5454 0.2669
Y -0.0865 0.3334 -0.9388
Z -0.6010 -0.7690 -0.2178

PART 47
OFFSET 9.9437 -9.0564 -9.0373
SCALE 1 1 1
X -0.5601 0.0780 0.8247
Y 0.1248 -0.9763 0.1770
Z 0.8190 0.2021 0.5371

PART 48
OFFSET 11.3061 -9.0825 -10.8339
SCALE 1 1 1
X -0.5323 -0.7875 0.3106
Y 0.6712 -0.6162 -0.4121
Z 0.5159 -0.0109 0.8566

PART 49
OFFSET 12.0598 -7.9676 -11.2737
SCALE 1 1 1
X 0.2611 -0.9488 -0.1780
Y 0.8421 0.3140 -0.4385
Z 0.4719 -0.0354 0.8809

PART 50
OFFSET 11.8283 -7.1264 -11.1158
SCALE 1 1 1
X 0.8105 -0.3023 -0.5016
Y 0.2603 0.9532 -0.1539
Z 0.5247 -0.0059 0.8513

PART 51
OFFSET 11.0583 -6.8391 -10.6393
SCALE 1 1 1
X -0.8592 -0.3663 0.3572
Y -0.2587 0.9134 0.3142
Z -0.4413 0.1776 -0.8796

PART 52
OFFSET 10.3923 -9.0733 -8.4824
SCALE 1 1 1
X -0.7787 0.0673 0.6238
Y 0.0862 -0.9733 0.2126
Z 0.6214 0.2193 0.7521

PART 53
OFFSET 12.3229 -9.3020 -10.2084
SCALE 1 1 1
X -0.1586 -0.9597 0.2319
Y 0.8102 -0.2607 -0.5250
Z 0.5643 0.1046 0.8189

PART 54
OFFSET 12.5929 -7.6680 -10.6031
SCALE 1 1 1
X 0.6032 -0.7255 -0.3313
Y 0.5747 0.6834 -0.4503
Z 0.5531 0.0812 0.8292

PART 55
OFFSET 11.7569 -6.6625 -10.1440
SCALE 1 1 1
X 0.8245 0.1077 -0.5556
Y -0.1370 0.9905 -0.0114
Z 0.5491 0.0855 0.8314

PART 56
OFFSET 10.8627 -6.7793 -9.5415
SCALE 1 1 1
X -0.5702 -0.6498 0.5026
Y -0.6083 0.7452 0.2734
Z -0.5521 -0.1498 -0.8202

PART 57
OFFSET 5.9889 -9.3403 -5.3526
SCALE 1 1 1
X -0.7950 -0.2213 0.5647
Y -0.3344 0.9367 -0.1036
Z -0.5061 -0.2712 -0.8187

PART 58
OFFSET 13.4687 -9.3307 -8.3569
SCALE 1 1 1
X -0.7756 -0.3806 0.5036
Y 0.4470 -0.8945 0.0123
Z 0.4458 0.2347 0.8638

PART 59
OFFSET 14.8342 -8.6606 -9.2436
SCALE 1 1 1
X -0.1803 -0.9038 0.3881
Y 0.8873 -0.3197 -0.3324
Z 0.4245 0.2844 0.8596

PART 60
OFFSET 15.0791 -7.5445 -9.6631
SCALE 1 1 1
X 0.2449 -0.9627 0.1152
Y 0.8696 0.1655 -0.4652
Z 0.4288 0.2141 0.8777

PART 61
OFFSET 14.8026 -6.4571 -9.7932
SCALE 1 1 1
X -0.7441 0.2242 0.6293
Y -0.0287 0.9304 -0.3653
Z -0.6675 -0.2899 -0.6859

PART 62
OFFSET 12.9744 -9.3550 -9.3445
SCALE 1 1 1
X -0.0864 -0.9815 0.1707
Y 0.8904 -0.1530 -0.4287
Z 0.4469 0.1149 0.8872

PART 63
OFFSET 13.1432 -7.4375 -9.6780
SCALE 1 1 1
X 0.7039 -0.6605 -0.2613
Y 0.5367 0.7355 -0.4134
Z 0.4652 0.1508 0.8723

PART 64
OFFSET 12.1150 -6.4728 -9.2964
SCALE 1 1 1
X 0.8407 0.1833 -0.5096
Y -0.2622 0.9611 -0.0868
Z 0.4739 0.2066 0.8560

PART 65
OFFSET 11.1594 -6.6812 -8.7254
SCALE 1 1 1
X -0.5074 -0.7676 0.3915
Y -0.7044 0.6312 0.3247
Z -0.4963 -0.1110 -0.8610

PART 66
OFFSET 0.0000 0.0000 0.0000
SCALE 1 1 1
X 1.0000 0.0000 0.0000
Y 0.0000 1.0000 0.0000
Z 0.0000 0.0000 1.0000

PART 67
OFFSET -0.0368 0.0852 -0.2585
SCALE 1 1 1
X 0.9999 -0.0071 -0.0080
Y 0.0072 1.0000 0.0042
Z 0.0080 -0.0043 1.0000

PART 68
OFFSET -0.0000 0.0000 -0.0000
SCALE 1 1 1
X 0.9999 -0.0071 -0.0080
Y 0.0072 1.0000 0.0042
Z 0.0080 -0.0043 1.0000

PART 69
OFFSET -6.9982 8.1967 -18.7908
SCALE 1 1 1
X 0.2006 0.0750 -0.9768
Y -0.3140 -0.9395 -0.1366
Z -0.9280 0.3342 -0.1649

PART 70
OFFSET -6.9982 8.1967 -18.7908
SCALE 1 1 1
X 0.2006 0.0750 -0.9768
Y -0.3140 -0.9395 -0.1366
Z -0.9280 0.3342 -0.1649

PART 71
OFFSET 14.0284 -7.5026 -8.6599
SCALE 1 1 1
X 0.9312 -0.0201 -0.3640
Y -0.0140 0.9958 -0.0908
Z 0.3643 0.0896 0.9270

PART 72
OFFSET 12.3287 -7.5153 -9.3255
SCALE 1 1 1
X 0.9312 -0.0201 -0.3640
Y -0.0140 0.9958 -0.0908
Z 0.3643 0.0896 0.9270

PART 73
OFFSET 17.1594 -7.3917 -9.6475
SCALE 1 1 1
X 0.9312 -0.0201 -0.3640
Y -0.0140 0.9958 -0.0908
Z 0.3643 0.0896 0.9270

PART 74
OFFSET 15.9552 -7.3897 -7.7077
SCALE 1 1 1
X 0.9384 -0.0182 -0.3450
Y -0.0140 0.9958 -0.0908
Z 0.3452 0.0900 0.9342

PART 75
OFFSET -6.6471 -4.8199 3.2375
SCALE 1 1 1
X 0.9312 -0.0201 -0.3640
Y -0.0140 0.9958 -0.0908
Z 0.3643 0.0896 0.9270

PART 76
OFFSET 37.6814 -2.0466 47.6213
SCALE 1 1 1
X 0.9312 -0.0201 -0.3640
Y -0.0140 0.9958 -0.0908
Z 0.3643 0.0896 0.9270

PART 77
OFFSET 37.8155 -1.3369 47.9251
SCALE 1 1 1
X 0.9312 -0.0201 -0.3640
Y -0.0140 0.9958 -0.0908
Z 0.3643 0.0896 0.9270

PART 78
OFFSET 38.1026 -1.2608 48.6552
SCALE 1 1 1
X 0.9312 -0.0201 -0.3640
Y -0.0140 0.9958 -0.0908
Z 0.3643 0.0896 0.9270

PART 79
OFFSET 38.2516 -1.9008 49.0717
SCALE 1 1 1
X 0.9312 -0.0201 -0.3640
Y -0.0140 0.9958 -0.0908
Z 0.3643 0.0896 0.9270

PART 80
OFFSET 38.1196 -2.6154 48.7735
SCALE 1 1 1
X 0.9312 -0.0201 -0.3640
Y -0.0140 0.9958 -0.0908
Z 0.3643 0.0896 0.9270

PART 81
OFFSET 37.8364 -2.6796 48.0527
SCALE 1 1 1
X 0.9312 -0.0201 -0.3640
Y -0.0140 0.9958 -0.0908
Z 0.3643 0.0896 0.9270

PART 82
OFFSET 16.3389 -7.3948 -7.8393
SCALE 1 1 1
X 0.9312 -0.0201 -0.3640
Y -0.0140 0.9958 -0.0908
Z 0.3643 0.0896 0.9270

PART 83
OFFSET 13.6666 -7.4288 -7.8795
SCALE 1 1 1
X 0.4683 -0.0737 -0.8805
Y -0.0140 0.9958 -0.0908
Z 0.8835 0.0548 0.4652


FRAME 304
PART 0
OFFSET -5.5593 10.0564 -14.7271
SCALE 1 1 1
X 0.2429 -0.4664 -0.8506
Y 0.6591 0.7227 -0.2081
Z 0.7118 -0.5101 0.4829

PART 1
OFFSET -6.3476 9.1018 -14.3061
SCALE 1 1 1
X 0.2429 -0.4664 -0.8506
Y 0.6591 0.7227 -0.2081
Z 0.7118 -0.5101 0.4829

PART 2
OFFSET -7.5625 9.2134 -14.2674
SCALE 1 1 1
X 0.2429 -0.4664 -0.8506
Y 0.6591 0.7227 -0.2081
Z 0.7118 -0.5101 0.4829

PART 3
OFFSET -6.9148 9.6463 -16.2421
SCALE 1 1 1
X 0.4754 0.0037 -0.8798
Y 0.8316 -0.3281 0.4480
Z -0.2870 -0.9446 -0.1591

PART 4
OFFSET -7.6667 11.0916 -13.6451
SCALE 1 1 1
X 0.2453 -0.4714 -0.8471
Y 0.8113 -0.3785 0.4455
Z -0.5306 -0.7966 0.2897

PART 5
OFFSET -9.7527 15.1014 -6.4401
SCALE 1 1 1
X 0.2453 -0.4714 -0.8471
Y 0.7008 -0.5176 0.4909
Z -0.6699 -0.7140 0.2034

PART 6
OFFSET -1.9111 -0.4487 -1.8207
SCALE 1 1 1
X 1.0000 0.0000 0.0000
Y 0.0000 1.0000 0.0000
Z 0.0000 0.0000 1.0000

PART 7
OFFSET -0.7853 7.4886 -3.6306
SCALE 1 1 1
X -0.7415 0.6295 -0.2323
Y -0.5571 -0.7705 -0.3098
Z -0.3740 -0.1003 0.9220

PART 8
OFFSET 10.3625 -8.1553 -7.6793
SCALE 1 1 1
X -0.7730 0.0645 0.6311
Y 0.0690 -0.9804 0.1847
Z 0.6307 0.1863 0.7534

PART 9
OFFSET -7.3272 11.7306 -15.5511
SCALE 1 1 1
X 0.2429 -0.4664 -0.8506
Y 0.6591 0.7227 -0.2081
Z 0.7118 -0.5101 0.4829

PART 10
OFFSET 10.3625 -8.1553 -7.6793
SCALE 1 1 1
X -0.7730 0.0645 0.6311
Y 0.0690 -0.9804 0.1847
Z 0.6307 0.1863 0.7534

PART 11
OFFSET -8.7871 10.7419 -14.9721
SCALE 1 1 1
X 0.2429 -0.4664 -0.8506
Y 0.6591 0.7227 -0.2081
Z 0.7118 -0.5101 0.4829

PART 12
OFFSET -6.0162 8.9434 -16.2708
SCALE 1 1 1
X 0.6653 -0.6259 -0.4070
Y 0.5709 0.0752 0.8176
Z -0.4811 -0.7763 0.4073

PART 13
OFFSET -4.5503 7.5572 -17.0448
SCALE 1 1 1
X 0.2961 -0.3436 -0.8912
Y 0.7978 -0.4241 0.4285
Z -0.5252 -0.8379 0.1486

PART 14
OFFSET -4.1788 6.9340 -18.4925
SCALE 1 1 1
X -0.1842 -0.2256 -0.9567
Y 0.8415 -0.5392 -0.0348
Z -0.5079 -0.8114 0.2891

PART 15
OFFSET -4.3869 6.6437 -19.5144
SCALE 1 1 1
X 0.3637 0.2436 -0.8991
Y 0.2404 0.9080 0.3432
Z 0.9000 -0.3410 0.2717

PART 16
OFFSET -7.4610 9.8099 -17.4984
SCALE 1 1 1
X -0.0973 0.1498 -0.9839
Y -0.3395 -0.9343 -0.1087
Z -0.9356 0.3235 0.1418

PART 17
OFFSET -7.5850 9.9848 -19.7431
SCALE 1 1 1
X -0.0058 -0.2750 -0.9614
Y -0.3116 -0.9131 0.2630
Z -0.9502 0.3011 -0.0804

PART 18
OFFSET -7.5932 9.5956 -21.1043
SCALE 1 1 1
X -0.2557 -0.9151 -0.3118
Y -0.2200 -0.2590 0.9405
Z -0.9414 0.3091 -0.1351

PART 19
OFFSET -7.8199 8.7842 -21.3807
SCALE 1 1 1
X -0.3031 -0.8776 0.3715
Y 0.0505 0.3745 0.9259
Z -0.9516 0.2994 -0.0692

PART 20
OFFSET -8.1079 7.9505 -21.0278
SCALE 1 1 1
X 0.3378 0.3928 -0.8553
Y 0.1129 0.8853 0.4512
Z 0.9344 -0.2489 0.2547

PART 21
OFFSET -6.7637 9.7246 -17.3720
SCALE 1 1 1
X 0.1953 0.0986 -0.9758
Y -0.3329 -0.9292 -0.1606
Z -0.9225 0.3562 -0.1486

PART 22
OFFSET -6.3865 10.0540 -19.9230
SCALE 1 1 1
X 0.0102 -0.3623 -0.9320
Y -0.3346 -0.8796 0.3382
Z -0.9423 0.3084 -0.1303

PART 23
OFFSET -6.3691 9.4372 -21.5097
SCALE 1 1 1
X -0.2733 -0.9411 -0.1993
Y -0.2095 -0.1439 0.9672
Z -0.9388 0.3061 -0.1578

PART 24
OFFSET -6.7479 8.1329 -21.7859
SCALE 1 1 1
X -0.3493 -0.8426 0.4100
Y -0.0043 0.4390 0.8985
Z -0.9370 0.3120 -0.1570

PART 25
OFFSET -7.1267 7.2191 -21.3413
SCALE 1 1 1
X 0.2425 0.4549 -0.8569
Y 0.2369 0.8287 0.5070
Z 0.9408 -0.3260 0.0932

PART 26
OFFSET -4.2827 8.6305 -18.3281
SCALE 1 1 1
X 0.2066 -0.1957 -0.9586
Y 0.4450 0.8914 -0.0860
Z 0.8713 -0.4089 0.2713

PART 27
OFFSET -4.3285 9.7644 -19.2731
SCALE 1 1 1
X 0.2662 -0.5927 -0.7602
Y -0.5726 -0.7316 0.3699
Z -0.7754 0.3368 -0.5342

PART 28
OFFSET -3.8598 8.7209 -20.6115
SCALE 1 1 1
X -0.0356 -0.8450 -0.5335
Y -0.6666 -0.3777 0.6426
Z -0.7445 0.3785 -0.5499

PART 29
OFFSET -3.8578 7.6706 -21.2267
SCALE 1 1 1
X -0.1708 -0.9429 -0.2858
Y -0.6288 -0.1190 0.7684
Z -0.7586 0.3109 -0.5726

PART 30
OFFSET -4.0507 6.6055 -21.5496
SCALE 1 1 1
X 0.4099 0.5019 -0.7617
Y 0.0747 0.8137 0.5764
Z 0.9091 -0.2932 0.2960

PART 31
OFFSET -5.3329 9.9505 -19.6938
SCALE 1 1 1
X 0.1748 -0.5488 -0.8174
Y -0.4964 -0.7661 0.4082
Z -0.8503 0.3345 -0.4064

PART 32
OFFSET -4.9914 8.8783 -21.2908
SCALE 1 1 1
X -0.2805 -0.9360 -0.2127
Y -0.4162 -0.0811 0.9056
Z -0.8649 0.3425 -0.3668

PART 33
OFFSET -5.4011 7.5112 -21.6014
SCALE 1 1 1
X -0.4581 -0.8265 0.3272
Y -0.1401 0.4306 0.8916
Z -0.8778 0.3626 -0.3131

PART 34
OFFSET -5.9261 6.5774 -21.2337
SCALE 1 1 1
X 0.4969 0.3355 -0.8004
Y 0.1217 0.8862 0.4470
Z 0.8593 -0.3195 0.3995

PART 35
OFFSET 14.0267 -6.6496 -7.8396
SCALE 1 1 1
X 0.9281 -0.0275 -0.3713
Y 0.0045 0.9980 -0.0628
Z 0.3723 0.0566 0.9264

PART 36
OFFSET -1.2759 -3.1330 -3.1208
SCALE 1 1 1
X -0.0857 0.9233 0.3744
Y -0.3666 -0.3786 0.8498
Z 0.9264 -0.0644 0.3710

PART 37
OFFSET -0.2390 -14.2995 -7.6482
SCALE 1 1 1
X -0.8435 -0.5333 -0.0641
Y 0.5138 -0.7662 -0.3860
Z 0.1568 -0.3586 0.9203

PART 38
OFFSET 6.9352 -9.7635 -7.1031
SCALE 1 1 1
X -0.8435 -0.5333 -0.0641
Y 0.1846 -0.1757 -0.9670
Z 0.5044 -0.8275 0.2466

PART 39
OFFSET 7.6515 -8.0697 -8.1916
SCALE 1 1 1
X -0.8470 -0.5277 -0.0643
Y -0.1618 0.3710 -0.9144
Z 0.5064 -0.7641 -0.3996

PART 40
OFFSET 7.6798 -7.5336 -7.0575
SCALE 1 1 1
X -0.8470 -0.5277 -0.0643
Y -0.1618 0.3710 -0.9144
Z 0.5064 -0.7641 -0.3996

PART 41
OFFSET 8.1458 -8.2845 -5.4200
SCALE 1 1 1
X -0.8470 -0.5277 -0.0643
Y -0.1618 0.3710 -0.9144
Z 0.5064 -0.7641 -0.3996

PART 42
OFFSET 9.5211 -8.1286 -6.9067
SCALE 1 1 1
X -0.9303 0.0244 0.3660
Y -0.3652 -0.1539 -0.9181
Z 0.0340 -0.9878 0.1520

PART 43
OFFSET 10.2780 -7.5854 -6.2477
SCALE 1 1 1
X -0.6412 -0.7649 0.0623
Y 0.3035 -0.3273 -0.8949
Z 0.7048 -0.5549 0.4419

PART 44
OFFSET 11.5921 -5.8714 -6.3174
SCALE 1 1 1
X -0.8427 -0.2685 0.4667
Y -0.0793 -0.7954 -0.6008
Z 0.5326 -0.5433 0.6490

PART 45
OFFSET 12.8881 -5.4245 -7.1794
SCALE 1 1 1
X -0.3122 0.4613 0.8305
Y -0.7102 -0.6939 0.1185
Z 0.6310 -0.5529 0.5442

PART 46
OFFSET 13.2089 -5.8863 -8.1044
SCALE 1 1 1
X -0.7821 0.5526 0.2879
Y -0.0865 0.3613 -0.9284
Z -0.6171 -0.7510 -0.2348

PART 47
OFFSET 9.9104 -8.1143 -8.2302
SCALE 1 1 1
X -0.5528 0.0654 0.8307
Y 0.1072 -0.9830 0.1487
Z 0.8264 0.1713 0.5365

PART 48
OFFSET 11.2598 -8.1157 -10.0368
SCALE 1 1 1
X -0.5452 -0.7857 0.2924
