// Export filename: `C:/cod5/cod/cod5/xanim_export/viewmodel/US/sw357/sw357_ADS_down.XANIM_EXPORT`
// Source filename: `C:/cod5/cod/cod5/animation_assets/viewmodel/US/sw357/viewmodelanimation_sw357.mb`
// Export time: Fri Aug 15 15:51:18 2008

ANIMATION
VERSION 3

NUMPARTS 2
PART 0 "tag_view"
PART 1 "tag_torso"

FRAMERATE 30
NUMFRAMES 13

FRAME 88
PART 0
OFFSET 0.0000 0.0000 0.0000
SCALE 1 1 1
X 1.0000 0.0000 0.0000
Y 0.0000 1.0000 0.0000
Z 0.0000 0.0000 1.0000

PART 1
OFFSET -4.7292 3.7338 0.5322
SCALE 1 1 1
X 1.0000 0.0000 0.0056
Y -0.0000 1.0000 0.0000
Z -0.0056 -0.0000 1.0000


FRAME 89
PART 0
OFFSET 0.0000 0.0000 0.0000
SCALE 1 1 1
X 1.0000 0.0000 0.0000
Y 0.0000 1.0000 0.0000
Z 0.0000 0.0000 1.0000

PART 1
OFFSET -4.3552 3.1925 -0.1330
SCALE 1 1 1
X 0.9997 0.0041 0.0251
Y -0.0041 1.0000 0.0003
Z -0.0251 -0.0004 0.9997


FRAME 90
PART 0
OFFSET 0.0000 0.0000 0.0000
SCALE 1 1 1
X 1.0000 0.0000 0.0000
Y 0.0000 1.0000 0.0000
Z 0.0000 0.0000 1.0000

PART 1
OFFSET -3.9736 2.6409 -0.8178
SCALE 1 1 1
X 0.9989 0.0087 0.0455
Y -0.0088 1.0000 0.0006
Z -0.0455 -0.0010 0.9990


FRAME 91
PART 0
OFFSET 0.0000 0.0000 0.0000
SCALE 1 1 1
X 1.0000 0.0000 0.0000
Y 0.0000 1.0000 0.0000
Z 0.0000 0.0000 1.0000

PART 1
OFFSET -3.6072 2.1098 -1.4635
SCALE 1 1 1
X 0.9979 0.0123 0.0642
Y -0.0123 0.9999 -0.0000
Z -0.0642 -0.0007 0.9979


FRAME 92
PART 0
OFFSET 0.0000 0.0000 0.0000
SCALE 1 1 1
X 1.0000 0.0000 0.0000
Y 0.0000 1.0000 0.0000
Z 0.0000 0.0000 1.0000

PART 1
OFFSET -3.2790 1.6300 -2.0117
SCALE 1 1 1
X 0.9968 0.0130 0.0788
Y -0.0129 0.9999 -0.0024
Z -0.0789 0.0014 0.9969


FRAME 93
PART 0
OFFSET 0.0000 0.0000 0.0000
SCALE 1 1 1
X 1.0000 0.0000 0.0000
Y 0.0000 1.0000 0.0000
Z 0.0000 0.0000 1.0000

PART 1
OFFSET -2.9911 1.2028 -2.4972
SCALE 1 1 1
X 0.9959 0.0091 0.0905
Y -0.0084 0.9999 -0.0086
Z -0.0906 0.0078 0.9959


FRAME 94
PART 0
OFFSET 0.0000 0.0000 0.0000
SCALE 1 1 1
X 1.0000 0.0000 0.0000
Y 0.0000 1.0000 0.0000
Z 0.0000 0.0000 1.0000

PART 1
OFFSET -2.7327 0.8142 -2.9344
SCALE 1 1 1
X 0.9950 0.0020 0.1000
Y -0.0002 0.9998 -0.0175
Z -0.1000 0.0174 0.9948


FRAME 95
PART 0
OFFSET 0.0000 0.0000 0.0000
SCALE 1 1 1
X 1.0000 0.0000 0.0000
Y 0.0000 1.0000 0.0000
Z 0.0000 0.0000 1.0000

PART 1
OFFSET -2.5069 0.4715 -3.2341
SCALE 1 1 1
X 0.9946 -0.0052 0.1041
Y 0.0079 0.9996 -0.0254
Z -0.1039 0.0261 0.9942


FRAME 96
PART 0
OFFSET 0.0000 0.0000 0.0000
SCALE 1 1 1
X 1.0000 0.0000 0.0000
Y 0.0000 1.0000 0.0000
Z 0.0000 0.0000 1.0000

PART 1
OFFSET -2.3169 0.1824 -3.3071
SCALE 1 1 1
X 0.9950 -0.0094 0.0996
Y 0.0124 0.9995 -0.0287
Z -0.0993 0.0298 0.9946


FRAME 97
PART 0
OFFSET 0.0000 0.0000 0.0000
SCALE 1 1 1
X 1.0000 0.0000 0.0000
Y 0.0000 1.0000 0.0000
Z 0.0000 0.0000 1.0000

PART 1
OFFSET -2.1574 -0.0623 -3.0354
SCALE 1 1 1
X 0.9969 -0.0089 0.0786
Y 0.0108 0.9997 -0.0241
Z -0.0783 0.0249 0.9966


FRAME 98
PART 0
OFFSET 0.0000 0.0000 0.0000
SCALE 1 1 1
X 1.0000 0.0000 0.0000
Y 0.0000 1.0000 0.0000
Z 0.0000 0.0000 1.0000

PART 1
OFFSET -2.0285 -0.2631 -2.5288
SCALE 1 1 1
X 0.9990 -0.0056 0.0449
Y 0.0062 0.9999 -0.0143
Z -0.0449 0.0145 0.9989


FRAME 99
PART 0
OFFSET 0.0000 0.0000 0.0000
SCALE 1 1 1
X 1.0000 0.0000 0.0000
Y 0.0000 1.0000 0.0000
Z 0.0000 0.0000 1.0000

PART 1
OFFSET -1.9425 -0.3988 -2.0398
SCALE 1 1 1
X 0.9999 -0.0018 0.0137
Y 0.0018 1.0000 -0.0045
Z -0.0137 0.0045 0.9999


FRAME 100
PART 0
OFFSET 0.0000 0.0000 0.0000
SCALE 1 1 1
X 1.0000 0.0000 0.0000
Y 0.0000 1.0000 0.0000
Z 0.0000 0.0000 1.0000

PART 1
OFFSET -1.9111 -0.4487 -1.8207
SCALE 1 1 1
X 1.0000 0.0000 0.0000
Y 0.0000 1.0000 0.0000
Z 0.0000 0.0000 1.0000


NOTETRACKS

PART 0
NUMTRACKS 0

PART 1
NUMTRACKS 0

