// Export filename: `C:/cod5/cod/cod5/xanim_export/viewmodel/US/sw357/sw357_pullout.XANIM_EXPORT`
// Source filename: `C:/cod5/cod/cod5/animation_assets/viewmodel/US/sw357/viewmodelanimation_sw357.mb`
// Export time: Fri Aug 15 15:51:22 2008

ANIMATION
VERSION 3

NUMPARTS 84
PART 0 "J_Sleave_Reshape_Top_LE_1"
PART 1 "J_Sleave_Reshape_Top_LE_2"
PART 2 "J_Sleave_Reshape_Top_LE_3"
PART 3 "J_Wrist_LE"
PART 4 "J_WristTwist_LE"
PART 5 "J_Elbow_LE"
PART 6 "tag_torso"
PART 7 "J_Shoulder_LE"
PART 8 "RingPalm_FK_RI"
PART 9 "J_Sleave_Reshape_Bottom_LE_1"
PART 10 "RingPalm_SDK_RI"
PART 11 "J_Sleave_Reshape_Bottom_LE_2"
PART 12 "J_Thumb_LE_0"
PART 13 "J_Thumb_LE_1"
PART 14 "J_Thumb_LE_2"
PART 15 "J_Thumb_LE_3"
PART 16 "J_PinkyPalm_LE"
PART 17 "J_Pinky_LE_0"
PART 18 "J_Pinky_LE_1"
PART 19 "J_Pinky_LE_2"
PART 20 "J_Pinky_LE_3"
PART 21 "J_RingPalm_LE"
PART 22 "J_Ring_LE_0"
PART 23 "J_Ring_LE_1"
PART 24 "J_Ring_LE_2"
PART 25 "J_Ring_LE_3"
PART 26 "J_Webbing_LE"
PART 27 "J_Index_LE_0"
PART 28 "J_Index_LE_1"
PART 29 "J_Index_LE_2"
PART 30 "J_Index_LE_3"
PART 31 "J_Mid_LE_0"
PART 32 "J_Mid_LE_1"
PART 33 "J_Mid_LE_2"
PART 34 "J_Mid_LE_3"
PART 35 "tag_weapon"
PART 36 "J_Shoulder_RI"
PART 37 "J_Elbow_RI"
PART 38 "J_WristTwist_RI"
PART 39 "J_Sleave_Reshape_Top_RI_3"
PART 40 "J_Sleave_Reshape_Top_RI_2"
PART 41 "J_Sleave_Reshape_Top_RI_1"
PART 42 "J_Wrist_RI"
PART 43 "J_Thumb_RI_0"
PART 44 "J_Thumb_RI_1"
PART 45 "J_Thumb_RI_2"
PART 46 "J_Thumb_RI_3"
PART 47 "J_PinkyPalm_RI"
PART 48 "J_Pinky_RI_0"
PART 49 "J_Pinky_RI_1"
PART 50 "J_Pinky_RI_2"
PART 51 "J_Pinky_RI_3"
PART 52 "J_RingPalm_RI"
PART 53 "J_Ring_RI_0"
PART 54 "J_Ring_RI_1"
PART 55 "J_Ring_RI_2"
PART 56 "J_Ring_RI_3"
PART 57 "J_Webbing_RI"
PART 58 "J_Index_RI_0"
PART 59 "J_Index_RI_1"
PART 60 "J_Index_RI_2"
PART 61 "J_Index_RI_3"
PART 62 "J_Mid_RI_0"
PART 63 "J_Mid_RI_1"
PART 64 "J_Mid_RI_2"
PART 65 "J_Mid_RI_3"
PART 66 "tag_cambone"
PART 67 "tag_camera"
PART 68 "tag_gasmask"
PART 69 "RingPalm_SDK_LE"
PART 70 "RingPalm_FK_LE"
PART 71 "J_Gun"
PART 72 "J_Clip"
PART 73 "joint2"
PART 74 "J_Bolt"
PART 75 "tag_speedloader"
PART 76 "tag_spent0"
PART 77 "tag_spent1"
PART 78 "tag_spent2"
PART 79 "tag_spent3"
PART 80 "tag_spent4"
PART 81 "tag_spent5"
PART 82 "tag_bullets"
PART 83 "joint1"

FRAMERATE 30
NUMFRAMES 16

FRAME 265
PART 0
OFFSET 11.1120 5.9947 -22.7963
SCALE 1 1 1
X 0.4470 -0.0747 -0.8914
Y 0.5095 0.8404 0.1850
Z 0.7353 -0.5368 0.4137

PART 1
OFFSET 10.2402 4.7703 -23.0134
SCALE 1 1 1
X 0.4470 -0.0747 -0.8914
Y 0.5095 0.8404 0.1850
Z 0.7353 -0.5368 0.4137

PART 2
OFFSET 9.0720 4.3068 -23.1337
SCALE 1 1 1
X 0.4470 -0.0747 -0.8914
Y 0.5095 0.8404 0.1850
Z 0.7353 -0.5368 0.4137

PART 3
OFFSET 9.8611 5.5889 -24.6801
SCALE 1 1 1
X 0.8752 0.1675 0.4539
Y -0.4012 -0.2732 0.8743
Z 0.2704 -0.9473 -0.1719

PART 4
OFFSET 8.4819 5.8350 -21.9532
SCALE 1 1 1
X 0.4499 -0.0803 -0.8895
Y 0.8889 0.1368 0.4372
Z 0.0865 -0.9873 0.1329

PART 5
OFFSET 4.6555 6.5177 -14.3879
SCALE 1 1 1
X 0.4499 -0.0803 -0.8895
Y 0.7252 -0.5484 0.4163
Z -0.5212 -0.8324 -0.1885

PART 6
OFFSET -1.9111 -0.4487 -1.8207
SCALE 1 1 1
X 1.0000 0.0000 0.0000
Y 0.0000 1.0000 0.0000
Z 0.0000 0.0000 1.0000

PART 7
OFFSET -0.7853 7.4886 -3.6306
SCALE 1 1 1
X 0.4499 -0.0803 -0.8895
Y -0.0787 -0.9956 0.0500
Z -0.8896 0.0475 -0.4542

PART 8
OFFSET 11.9357 -12.3080 -21.6849
SCALE 1 1 1
X -0.6380 -0.1077 -0.7625
Y -0.0648 -0.9792 0.1925
Z -0.7673 0.1722 0.6177

PART 9
OFFSET 9.4023 7.6126 -23.2175
SCALE 1 1 1
X 0.4470 -0.0747 -0.8914
Y 0.5095 0.8404 0.1850
Z 0.7353 -0.5368 0.4137

PART 10
OFFSET 11.9357 -12.3080 -21.6849
SCALE 1 1 1
X -0.6380 -0.1077 -0.7625
Y -0.0648 -0.9792 0.1925
Z -0.7673 0.1722 0.6177

PART 11
OFFSET 7.6469 5.8343 -23.5156
SCALE 1 1 1
X 0.4470 -0.0747 -0.8914
Y 0.5095 0.8404 0.1850
Z 0.7353 -0.5368 0.4137

PART 12
OFFSET 9.9786 5.0116 -23.7027
SCALE 1 1 1
X 0.4826 -0.4854 0.7290
Y -0.8179 0.0478 0.5733
Z -0.3131 -0.8730 -0.3740

PART 13
OFFSET 10.9210 3.9204 -22.0931
SCALE 1 1 1
X 0.9275 -0.1956 0.3184
Y -0.3705 -0.3696 0.8522
Z -0.0490 -0.9084 -0.4153

PART 14
OFFSET 12.4350 3.5249 -21.6764
SCALE 1 1 1
X 0.9760 -0.1313 -0.1739
Y 0.1036 -0.4224 0.9005
Z -0.1917 -0.8969 -0.3986

PART 15
OFFSET 13.4834 3.3347 -21.8674
SCALE 1 1 1
X 0.8649 0.3921 0.3133
Y -0.4490 0.8835 0.1337
Z -0.2243 -0.2563 0.9402

PART 16
OFFSET 11.0859 5.8317 -25.2669
SCALE 1 1 1
X 0.9582 0.2526 -0.1343
Y 0.2189 -0.9496 -0.2243
Z -0.1842 0.1855 -0.9652

PART 17
OFFSET 13.2925 6.2557 -25.4555
SCALE 1 1 1
X 0.9875 -0.1572 0.0091
Y -0.1525 -0.9695 -0.1918
Z 0.0389 0.1881 -0.9814

PART 18
OFFSET 14.6906 6.0332 -25.4427
SCALE 1 1 1
X 0.4186 -0.8961 -0.1475
Y -0.9035 -0.3944 -0.1679
Z 0.0923 0.2035 -0.9747

PART 19
OFFSET 15.0617 5.2387 -25.5735
SCALE 1 1 1
X -0.2645 -0.9464 -0.1856
Y -0.9640 0.2650 0.0223
Z 0.0281 0.1848 -0.9824

PART 20
OFFSET 14.8105 4.3396 -25.7498
SCALE 1 1 1
X 0.8034 0.5307 0.2700
Y -0.5540 0.8324 0.0122
Z -0.2183 -0.1594 0.9628

PART 21
OFFSET 10.9740 5.8192 -24.5620
SCALE 1 1 1
X 0.9577 0.2376 0.1624
Y 0.2698 -0.9376 -0.2194
Z 0.1002 0.2539 -0.9620

PART 22
OFFSET 13.4685 6.4942 -24.2784
SCALE 1 1 1
X 0.9689 -0.2447 0.0363
Y -0.2314 -0.9483 -0.2174
Z 0.0876 0.2022 -0.9754

PART 23
OFFSET 15.1180 6.0776 -24.2166
SCALE 1 1 1
X 0.3099 -0.9373 -0.1595
Y -0.9437 -0.2829 -0.1712
Z 0.1153 0.2036 -0.9722

PART 24
OFFSET 15.5476 4.7785 -24.4377
SCALE 1 1 1
X -0.3071 -0.9222 -0.2350
Y -0.9449 0.3250 -0.0405
Z 0.1137 0.2096 -0.9712

PART 25
OFFSET 15.2145 3.7784 -24.6926
SCALE 1 1 1
X 0.7969 0.5803 0.1679
Y -0.6021 0.7855 0.1432
Z -0.0488 -0.2153 0.9753

PART 26
OFFSET 12.0668 5.1636 -21.9847
SCALE 1 1 1
X 0.9762 -0.0530 0.2102
Y -0.0199 0.9436 0.3304
Z -0.2159 -0.3267 0.9201

PART 27
OFFSET 12.8681 6.3874 -22.1880
SCALE 1 1 1
X 0.8273 -0.4603 0.3220
Y -0.2817 -0.8359 -0.4710
Z 0.4860 0.2990 -0.8212

PART 28
OFFSET 14.3247 5.5770 -21.6211
SCALE 1 1 1
X 0.6313 -0.7733 0.0580
Y -0.5956 -0.5314 -0.6024
Z 0.4967 0.3458 -0.7961

PART 29
OFFSET 15.0620 4.6158 -21.5023
SCALE 1 1 1
X 0.3966 -0.9161 -0.0592
Y -0.7514 -0.2869 -0.5942
Z 0.5273 0.2802 -0.8021

PART 30
OFFSET 15.5100 3.5811 -21.5692
SCALE 1 1 1
X 0.6976 0.6360 0.3301
Y -0.6699 0.7423 -0.0144
Z -0.2542 -0.2110 0.9438

PART 31
OFFSET 13.2585 6.4960 -23.2157
SCALE 1 1 1
X 0.8785 -0.4217 0.2247
Y -0.3153 -0.8650 -0.3905
Z 0.3590 0.2721 -0.8928

PART 32
OFFSET 14.9746 5.6723 -22.7767
SCALE 1 1 1
X 0.3226 -0.9316 -0.1675
Y -0.8913 -0.2394 -0.3852
Z 0.3187 0.2736 -0.9075

PART 33
OFFSET 15.4458 4.3116 -23.0214
SCALE 1 1 1
X -0.2274 -0.9100 -0.3466
Y -0.9376 0.3007 -0.1744
Z 0.2629 0.2853 -0.9217

PART 34
OFFSET 15.1908 3.2827 -23.4204
SCALE 1 1 1
X 0.7564 0.4875 0.4360
Y -0.5500 0.8349 0.0207
Z -0.3540 -0.2555 0.8997

PART 35
OFFSET 11.9309 -10.3502 -18.2372
SCALE 1 1 1
X 0.3763 0.1324 0.9170
Y -0.0579 0.9912 -0.1194
Z -0.9247 -0.0082 0.3807

PART 36
OFFSET -5.1294 -3.1330 -11.1657
SCALE 1 1 1
X -0.5266 0.7224 0.4482
Y 0.0772 -0.4844 0.8715
Z 0.8466 0.4935 0.1993

PART 37
OFFSET 1.2393 -11.8694 -16.5858
SCALE 1 1 1
X -0.8575 0.0526 0.5118
Y -0.1293 -0.9849 -0.1154
Z 0.4980 -0.1651 0.8513

PART 38
OFFSET 8.5327 -12.3169 -20.9388
SCALE 1 1 1
X -0.8575 0.0526 0.5118
Y -0.5137 -0.1411 -0.8463
Z 0.0277 -0.9886 0.1481

PART 39
OFFSET 8.9715 -11.7162 -23.0743
SCALE 1 1 1
X -0.8581 0.0589 0.5101
Y -0.4936 0.1791 -0.8510
Z -0.1415 -0.9821 -0.1246

PART 40
OFFSET 9.8705 -11.1245 -22.3749
SCALE 1 1 1
X -0.8581 0.0589 0.5101
Y -0.4936 0.1791 -0.8510
Z -0.1415 -0.9821 -0.1246

PART 41
OFFSET 11.0160 -11.7168 -20.5839
SCALE 1 1 1
X -0.8581 0.0589 0.5101
Y -0.4936 0.1791 -0.8510
Z -0.1415 -0.9821 -0.1246

PART 42
OFFSET 11.1615 -12.4781 -22.5078
SCALE 1 1 1
X -0.3707 -0.1352 -0.9189
Y 0.9282 -0.0877 -0.3615
Z -0.0317 -0.9869 0.1580

PART 43
OFFSET 10.4455 -11.9275 -21.8104
SCALE 1 1 1
X 0.0273 -0.8406 -0.5410
Y 0.9292 -0.1782 0.3237
Z -0.3685 -0.5116 0.7762

PART 44
OFFSET 10.3144 -10.0673 -20.7184
SCALE 1 1 1
X -0.4350 -0.4248 -0.7940
Y 0.6919 -0.7219 0.0072
Z -0.5762 -0.5462 0.6079

PART 45
OFFSET 11.1224 -9.3635 -19.5044
SCALE 1 1 1
X -0.8815 0.3168 -0.3501
Y -0.0374 -0.7860 -0.6171
Z -0.4706 -0.5310 0.7047

PART 46
OFFSET 12.0979 -9.6684 -19.1476
SCALE 1 1 1
X -0.3561 0.4129 -0.8382
Y 0.8777 0.4556 -0.1485
Z 0.3206 -0.7886 -0.5247

PART 47
OFFSET 12.4755 -12.2582 -22.1493
SCALE 1 1 1
X -0.8352 -0.1032 -0.5402
Y -0.0287 -0.9728 0.2301
Z -0.5492 0.2076 0.8095

PART 48
OFFSET 14.2755 -11.8769 -20.8458
SCALE 1 1 1
X -0.1982 -0.8765 -0.4387
Y 0.5084 -0.4746 0.7185
Z -0.8380 -0.0806 0.5397

PART 49
OFFSET 14.5561 -10.6360 -20.2246
SCALE 1 1 1
X 0.3203 -0.8794 0.3521
Y 0.3992 0.4624 0.7917
Z -0.8591 -0.1131 0.4992

PART 50
OFFSET 14.2721 -9.8562 -20.5368
SCALE 1 1 1
X 0.5525 -0.1380 0.8220
Y 0.0147 0.9877 0.1559
Z -0.8334 -0.0740 0.5477

PART 51
OFFSET 13.7472 -9.7252 -21.3178
SCALE 1 1 1
X -0.3113 -0.5038 -0.8058
Y -0.4497 0.8251 -0.3421
Z 0.8372 0.2559 -0.4834

PART 52
OFFSET 11.9357 -12.3080 -21.6849
SCALE 1 1 1
X -0.6380 -0.1077 -0.7625
Y -0.0648 -0.9792 0.1925
Z -0.7673 0.1722 0.6177

PART 53
OFFSET 13.7041 -12.0757 -19.7935
SCALE 1 1 1
X -0.0894 -0.9947 -0.0517
Y 0.5695 -0.0936 0.8167
Z -0.8171 0.0436 0.5748

PART 54
OFFSET 13.8563 -10.3823 -19.7055
SCALE 1 1 1
X 0.4437 -0.6011 0.6647
Y 0.3523 0.7990 0.4874
Z -0.8240 0.0179 0.5663

PART 55
OFFSET 13.2413 -9.5493 -20.6266
SCALE 1 1 1
X 0.5453 0.2747 0.7920
Y -0.1375 0.9613 -0.2388
Z -0.8269 0.0213 0.5619

PART 56
OFFSET 12.6499 -9.8472 -21.4856
SCALE 1 1 1
X -0.4089 -0.7731 -0.4848
Y -0.3895 0.6283 -0.6734
Z 0.8253 -0.0865 -0.5580

PART 57
OFFSET 8.8169 -13.4957 -25.9417
SCALE 1 1 1
X -0.5371 -0.3847 -0.7507
Y -0.0411 0.9008 -0.4322
Z 0.8425 -0.2013 -0.4997

PART 58
OFFSET 11.8940 -12.2520 -18.5960
SCALE 1 1 1
X -0.4528 -0.5304 -0.7167
Y 0.1267 -0.8340 0.5371
Z -0.8826 0.1523 0.4448

PART 59
OFFSET 12.6912 -11.3182 -17.3341
SCALE 1 1 1
X -0.2524 -0.9648 -0.0744
Y 0.3889 -0.1715 0.9052
Z -0.8860 0.1996 0.4185

PART 60
OFFSET 12.9443 -10.1332 -17.2182
SCALE 1 1 1
X 0.0322 -0.9376 0.3462
Y 0.4480 0.3232 0.8336
Z -0.8934 0.1283 0.4305

PART 61
OFFSET 12.9078 -9.0742 -17.6093
SCALE 1 1 1
X -0.6662 0.0496 -0.7441
Y 0.2230 0.9654 -0.1354
Z 0.7116 -0.2562 -0.6542

PART 62
OFFSET 12.8671 -12.1845 -19.1145
SCALE 1 1 1
X -0.0246 -0.9995 0.0205
Y 0.4594 0.0068 0.8882
Z -0.8879 0.0313 0.4590

PART 63
OFFSET 12.9153 -10.2320 -19.1545
SCALE 1 1 1
X 0.3663 -0.5366 0.7602
Y 0.3076 0.8409 0.4454
Z -0.8782 0.0707 0.4731

PART 64
OFFSET 12.3802 -9.4481 -20.2648
SCALE 1 1 1
X 0.4889 0.3441 0.8016
Y -0.0603 0.9301 -0.3624
Z -0.8703 0.1289 0.4754

PART 65
OFFSET 11.8326 -9.8381 -21.1763
SCALE 1 1 1
X -0.2807 -0.8661 -0.4136
Y -0.4247 0.4985 -0.7557
Z 0.8607 -0.0365 -0.5078

PART 66
OFFSET 0.0000 0.0000 0.0000
SCALE 1 1 1
X 1.0000 0.0000 0.0000
Y 0.0000 1.0000 0.0000
Z 0.0000 0.0000 1.0000

PART 67
OFFSET 0.0000 0.0000 0.0000
SCALE 1 1 1
X 1.0000 0.0000 0.0000
Y 0.0000 1.0000 0.0000
Z 0.0000 0.0000 1.0000

PART 68
OFFSET 0.0000 0.0000 0.0000
SCALE 1 1 1
X 1.0000 0.0000 0.0000
Y 0.0000 1.0000 0.0000
Z 0.0000 0.0000 1.0000

PART 69
OFFSET 10.9740 5.8192 -24.5620
SCALE 1 1 1
X 0.9577 0.2376 0.1624
Y 0.2698 -0.9376 -0.2194
Z 0.1002 0.2539 -0.9620

PART 70
OFFSET 10.9740 5.8192 -24.5620
SCALE 1 1 1
X 0.9577 0.2376 0.1624
Y 0.2698 -0.9376 -0.2194
Z 0.1002 0.2539 -0.9620

PART 71
OFFSET 11.9309 -10.3502 -18.2372
SCALE 1 1 1
X 0.3763 0.1324 0.9170
Y -0.0579 0.9912 -0.1194
Z -0.9247 -0.0082 0.3807

PART 72
OFFSET 12.5665 -10.4465 -19.9456
SCALE 1 1 1
X 0.3763 0.1324 0.9170
Y -0.0579 0.9912 -0.1194
Z -0.9247 -0.0082 0.3807

PART 73
OFFSET 12.9361 -9.7638 -15.1653
SCALE 1 1 1
X 0.3763 0.1324 0.9170
Y -0.0579 0.9912 -0.1194
Z -0.9247 -0.0082 0.3807

PART 74
OFFSET 11.0003 -10.1728 -16.3047
SCALE 1 1 1
X 0.3573 0.1322 0.9246
Y -0.0579 0.9912 -0.1194
Z -0.9322 -0.0109 0.3618

PART 75
OFFSET -0.5289 -11.6469 -38.7139
SCALE 1 1 1
X 0.3763 0.1324 0.9170
Y -0.0579 0.9912 -0.1194
Z -0.9247 -0.0082 0.3807

PART 76
OFFSET -44.1914 -10.6710 6.4000
SCALE 1 1 1
X 0.3763 0.1324 0.9170
Y -0.0579 0.9912 -0.1194
Z -0.9247 -0.0082 0.3807

PART 77
OFFSET -44.5950 -10.0031 6.4692
SCALE 1 1 1
X 0.3763 0.1324 0.9170
Y -0.0579 0.9912 -0.1194
Z -0.9247 -0.0082 0.3807

PART 78
OFFSET -45.3242 -10.0040 6.7686
SCALE 1 1 1
X 0.3763 0.1324 0.9170
Y -0.0579 0.9912 -0.1194
Z -0.9247 -0.0082 0.3807

PART 79
OFFSET -45.6391 -10.6784 6.9952
SCALE 1 1 1
X 0.3763 0.1324 0.9170
Y -0.0579 0.9912 -0.1194
Z -0.9247 -0.0082 0.3807

PART 80
OFFSET -45.2403 -11.3519 6.9288
SCALE 1 1 1
X 0.3763 0.1324 0.9170
Y -0.0579 0.9912 -0.1194
Z -0.9247 -0.0082 0.3807

PART 81
OFFSET -44.5220 -11.3400 6.6323
SCALE 1 1 1
X 0.3763 0.1324 0.9170
Y -0.0579 0.9912 -0.1194
Z -0.9247 -0.0082 0.3807

PART 82
OFFSET 11.1367 -10.1178 -15.9266
SCALE 1 1 1
X 0.3763 0.1324 0.9170
Y -0.0579 0.9912 -0.1194
Z -0.9247 -0.0082 0.3807

PART 83
OFFSET 11.1430 -10.4298 -18.5812
SCALE 1 1 1
X 0.8884 0.1058 0.4468
Y -0.0579 0.9912 -0.1194
Z -0.4555 0.0802 0.8866


FRAME 266
PART 0
OFFSET -6.3849 4.7696 -20.1136
SCALE 1 1 1
X 0.0439 -0.5957 -0.8020
Y 0.6878 0.6003 -0.4082
Z 0.7246 -0.5336 0.4361

PART 1
OFFSET -7.3487 4.0259 -19.4839
SCALE 1 1 1
X 0.0439 -0.5957 -0.8020
Y 0.6878 0.6003 -0.4082
Z 0.7246 -0.5336 0.4361

PART 2
OFFSET -8.5325 4.1043 -19.1332
SCALE 1 1 1
X 0.0439 -0.5957 -0.8020
Y 0.6878 0.6003 -0.4082
Z 0.7246 -0.5336 0.4361

PART 3
OFFSET -8.1863 4.2017 -21.2253
SCALE 1 1 1
X 0.5132 -0.0464 -0.8570
Y 0.8340 -0.2088 0.5107
Z -0.2027 -0.9769 -0.0684

PART 4
OFFSET -8.3282 6.0429 -18.7782
SCALE 1 1 1
X 0.0463 -0.6006 -0.7982
Y 0.9296 -0.2666 0.2545
Z -0.3656 -0.7538 0.5459

PART 5
OFFSET -8.7219 11.1510 -11.9889
SCALE 1 1 1
X 0.0463 -0.6006 -0.7982
Y 0.7144 -0.5387 0.4467
Z -0.6982 -0.5909 0.4041

PART 6
OFFSET -1.9111 -0.4487 -1.8207
SCALE 1 1 1
X 1.0000 0.0000 0.0000
Y 0.0000 1.0000 0.0000
Z 0.0000 0.0000 1.0000

PART 7
OFFSET -0.7853 7.4886 -3.6306
SCALE 1 1 1
X -0.6562 0.3028 -0.6911
Y -0.4549 -0.8895 0.0422
Z -0.6020 0.3421 0.7215

PART 8
OFFSET 10.0568 -11.0994 -10.1894
SCALE 1 1 1
X -0.8036 0.0633 0.5918
Y 0.1390 -0.9468 0.2901
Z 0.5787 0.3154 0.7521

PART 9
OFFSET -7.9230 6.5636 -20.8954
SCALE 1 1 1
X 0.0439 -0.5957 -0.8020
Y 0.6878 0.6003 -0.4082
Z 0.7246 -0.5336 0.4361

PART 10
OFFSET 10.0568 -11.0994 -10.1894
SCALE 1 1 1
X -0.8036 0.0633 0.5918
Y 0.1390 -0.9468 0.2901
Z 0.5787 0.3154 0.7521

PART 11
OFFSET -9.6881 5.6786 -19.8534
SCALE 1 1 1
X 0.0439 -0.5957 -0.8020
Y 0.6878 0.6003 -0.4082
Z 0.7246 -0.5336 0.4361

PART 12
OFFSET -7.2338 3.5782 -21.1461
SCALE 1 1 1
X 0.7313 -0.6058 -0.3134
Y 0.5251 0.2069 0.8255
Z -0.4352 -0.7683 0.4694

PART 13
OFFSET -5.6274 2.2490 -21.7139
SCALE 1 1 1
X 0.3630 -0.4070 -0.8382
Y 0.8089 -0.3087 0.5003
Z -0.4624 -0.8597 0.2172

PART 14
OFFSET -5.1414 1.5140 -23.0726
SCALE 1 1 1
X -0.1216 -0.3374 -0.9335
Y 0.8828 -0.4667 0.0537
Z -0.4538 -0.8175 0.3547

PART 15
OFFSET -5.2787 1.1038 -24.0649
SCALE 1 1 1
X 0.3836 0.1799 -0.9058
Y 0.1508 0.9555 0.2536
Z 0.9111 -0.2338 0.3394

PART 16
OFFSET -8.6860 4.1886 -22.5112
SCALE 1 1 1
X -0.0640 0.0392 -0.9972
Y -0.2581 -0.9659 -0.0214
Z -0.9640 0.2560 0.0720

PART 17
OFFSET -8.7211 4.1210 -24.7648
SCALE 1 1 1
X 0.0601 -0.3717 -0.9264
Y -0.2489 -0.9043 0.3467
Z -0.9667 0.2097 -0.1469

PART 18
OFFSET -8.6360 3.5946 -26.0764
SCALE 1 1 1
X -0.1669 -0.9606 -0.2221
Y -0.2411 -0.1787 0.9539
Z -0.9560 0.2128 -0.2018

PART 19
OFFSET -8.7840 2.7429 -26.2733
SCALE 1 1 1
X -0.2482 -0.8573 0.4511
Y -0.0220 0.4705 0.8821
Z -0.9684 0.2090 -0.1357

PART 20
OFFSET -9.0198 1.9285 -25.8448
SCALE 1 1 1
X 0.3438 0.3301 -0.8791
Y 0.0207 0.9333 0.3585
Z 0.9388 -0.1415 0.3140

PART 21
OFFSET -7.9906 4.1760 -22.3507
SCALE 1 1 1
X 0.2310 0.0141 -0.9728
Y -0.2495 -0.9656 -0.0732
Z -0.9404 0.2597 -0.2195

PART 22
OFFSET -7.5252 4.2724 -24.9066
SCALE 1 1 1
X 0.0818 -0.4539 -0.8873
Y -0.2780 -0.8653 0.4171
Z -0.9571 0.2125 -0.1970

PART 23
OFFSET -7.3859 3.4996 -26.4172
SCALE 1 1 1
X -0.1875 -0.9763 -0.1082
Y -0.2411 -0.0611 0.9686
Z -0.9522 0.2077 -0.2240

PART 24
OFFSET -7.6457 2.1466 -26.5672
SCALE 1 1 1
X -0.2988 -0.8225 0.4839
Y -0.0805 0.5270 0.8461
Z -0.9509 0.2138 -0.2237

PART 25
OFFSET -7.9698 1.2545 -26.0424
SCALE 1 1 1
X 0.2440 0.3834 -0.8908
Y 0.1462 0.8935 0.4246
Z 0.9587 -0.2338 0.1620

PART 26
OFFSET -5.3887 3.2035 -23.0931
SCALE 1 1 1
X 0.2652 -0.2749 -0.9242
Y 0.3755 0.9123 -0.1636
Z 0.8881 -0.3036 0.3451

PART 27
OFFSET -5.4823 4.2264 -24.1541
SCALE 1 1 1
X 0.3474 -0.6429 -0.6826
Y -0.5283 -0.7356 0.4240
Z -0.7748 0.2133 -0.5952

PART 28
OFFSET -4.8707 3.0944 -25.3560
SCALE 1 1 1
X 0.0568 -0.8953 -0.4418
Y -0.6627 -0.3648 0.6540
Z -0.7467 0.2557 -0.6141

PART 29
OFFSET -4.7563 1.9905 -25.8558
SCALE 1 1 1
X -0.0813 -0.9784 -0.1902
Y -0.6516 -0.0923 0.7529
Z -0.7542 0.1851 -0.6300

PART 30
OFFSET -4.8481 0.8854 -26.0707
SCALE 1 1 1
X 0.4025 0.4539 -0.7950
Y -0.0172 0.8720 0.4892
Z 0.9152 -0.1832 0.3588

PART 31
OFFSET -6.4781 4.2827 -24.6291
SCALE 1 1 1
X 0.2554 -0.6131 -0.7476
Y -0.4514 -0.7594 0.4686
Z -0.8550 0.2178 -0.4707

PART 32
OFFSET -5.9792 3.0849 -26.0895
SCALE 1 1 1
X -0.1944 -0.9733 -0.1224
Y -0.4492 -0.0226 0.8931
Z -0.8720 0.2286 -0.4328

PART 33
OFFSET -6.2632 1.6633 -26.2682
SCALE 1 1 1
X -0.4046 -0.8243 0.3959
Y -0.2148 0.5065 0.8351
Z -0.8889 0.2529 -0.3820

PART 34
OFFSET -6.7276 0.7312 -25.8231
SCALE 1 1 1
X 0.5043 0.2924 -0.8125
Y 0.0296 0.9345 0.3546
Z 0.8630 -0.2029 0.4626

PART 35
OFFSET 13.5917 -9.3133 -10.3732
SCALE 1 1 1
X 0.9433 0.0132 -0.3317
Y -0.0729 0.9831 -0.1681
Z 0.3239 0.1828 0.9283

PART 36
OFFSET -5.2514 -3.1330 -11.0632
SCALE 1 1 1
X -0.2823 0.9311 -0.2311
Y -0.4638 0.0784 0.8825
Z 0.8398 0.3563 0.4097

PART 37
OFFSET -1.8367 -14.3933 -8.2687
SCALE 1 1 1
X -0.9522 -0.2877 0.1026
Y 0.3040 -0.9248 0.2288
Z 0.0290 0.2490 0.9681

PART 38
OFFSET 6.2624 -11.9466 -9.1411
SCALE 1 1 1
X -0.9522 -0.2877 0.1026
Y -0.0198 -0.2770 -0.9607
Z 0.3048 -0.9168 0.2580

PART 39
OFFSET 7.4734 -11.6580 -11.1039
SCALE 1 1 1
X -0.9541 -0.2828 0.0985
Y -0.0307 -0.2349 -0.9715
Z 0.2979 -0.9300 0.2155

PART 40
OFFSET 7.6374 -10.6052 -10.3515
SCALE 1 1 1
X -0.9541 -0.2828 0.0985
Y -0.0307 -0.2349 -0.9715
Z 0.2979 -0.9300 0.2155

PART 41
OFFSET 7.8705 -10.2148 -8.0345
SCALE 1 1 1
X -0.9541 -0.2828 0.0985
Y -0.0307 -0.2349 -0.9715
Z 0.2979 -0.9300 0.2155

PART 42
OFFSET 9.1816 -11.0648 -9.4556
SCALE 1 1 1
X -0.9450 -0.0170 0.3267
Y -0.3094 -0.2777 -0.9095
Z 0.1062 -0.9605 0.2572

PART 43
OFFSET 9.8617 -10.3948 -8.8305
SCALE 1 1 1
X -0.5798 -0.8059 0.1194
Y 0.3692 -0.3906 -0.8433
Z 0.7263 -0.4449 0.5240

PART 44
OFFSET 11.0356 -8.5919 -9.0331
SCALE 1 1 1
X -0.8388 -0.2895 0.4611
Y 0.0123 -0.8568 -0.5155
Z 0.5443 -0.4267 0.7222

PART 45
OFFSET 12.3295 -8.1278 -9.8892
SCALE 1 1 1
X -0.3858 0.5160 0.7648
Y -0.6568 -0.7357 0.1651
Z 0.6479 -0.4386 0.6228

PART 46
OFFSET 12.7282 -8.6532 -10.7475
SCALE 1 1 1
X -0.8363 0.5111 0.1985
Y -0.0728 0.2554 -0.9641
Z -0.5434 -0.8207 -0.1764

PART 47
OFFSET 9.6285 -11.1536 -10.7579
SCALE 1 1 1
X -0.5936 0.1033 0.7981
Y 0.1790 -0.9499 0.2561
Z 0.7846 0.2948 0.5454

PART 48
OFFSET 11.0545 -11.2263 -12.5030
SCALE 1 1 1
X -0.4931 -0.7948 0.3538
Y 0.7229 -0.6006 -0.3416
Z 0.4840 0.0873 0.8707

PART 49
OFFSET 11.7527 -10.1011 -13.0039
SCALE 1 1 1
X 0.3261 -0.9405 -0.0956
Y 0.8363 0.3342 -0.4347
Z 0.4407 0.0618 0.8955

PART 50
OFFSET 11.4635 -9.2672 -12.9192
SCALE 1 1 1
X 0.8456 -0.2859 -0.4508
Y 0.2057 0.9538 -0.2190
Z 0.4926 0.0925 0.8653

PART 51
OFFSET 10.6601 -8.9956 -12.4909
SCALE 1 1 1
X -0.8471 -0.3934 0.3571
Y -0.3266 0.9157 0.2341
Z -0.4191 0.0817 -0.9042

PART 52
OFFSET 10.0568 -11.0994 -10.1894
SCALE 1 1 1
X -0.8036 0.0633 0.5918
Y 0.1390 -0.9468 0.2901
Z 0.5787 0.3154 0.7521

PART 53
OFFSET 12.0596 -11.3314 -11.8305
SCALE 1 1 1
X -0.1067 -0.9478 0.3005
Y 0.8435 -0.2463 -0.4774
Z 0.5264 0.2025 0.8257

PART 54
OFFSET 12.2412 -9.7178 -12.3421
SCALE 1 1 1
X 0.6590 -0.7076 -0.2548
Y 0.5469 0.6834 -0.4835
Z 0.5163 0.1793 0.8374

PART 55
OFFSET 11.3278 -8.7371 -11.9890
SCALE 1 1 1
X 0.8359 0.1189 -0.5359
Y -0.1981 0.9758 -0.0925
Z 0.5119 0.1835 0.8392

PART 56
OFFSET 10.4213 -8.8660 -11.4078
SCALE 1 1 1
X -0.5465 -0.6458 0.5332
Y -0.6632 0.7225 0.1954
Z -0.5114 -0.2468 -0.8231

PART 57
OFFSET 5.5672 -11.4157 -7.1891
SCALE 1 1 1
X -0.7997 -0.2294 0.5548
Y -0.3882 0.9025 -0.1865
Z -0.4579 -0.3645 -0.8108

PART 58
OFFSET 13.1366 -11.1459 -9.9471
SCALE 1 1 1
X -0.7681 -0.3912 0.5069
Y 0.5012 -0.8600 0.0958
Z 0.3984 0.3276 0.8567

PART 59
OFFSET 14.4890 -10.4571 -10.8395
SCALE 1 1 1
X -0.1375 -0.8818 0.4511
Y 0.9171 -0.2854 -0.2784
Z 0.3743 0.3754 0.8479

PART 60
OFFSET 14.6789 -9.3622 -11.3364
SCALE 1 1 1
X 0.3001 -0.9333 0.1972
Y 0.8739 0.1862 -0.4489
Z 0.3823 0.3071 0.8715

PART 61
OFFSET 14.3399 -8.3081 -11.5591
SCALE 1 1 1
X -0.7791 0.2221 0.5862
Y -0.0734 0.8964 -0.4371
Z -0.6226 -0.3836 -0.6821

PART 62
OFFSET 12.6811 -11.2767 -10.9450
SCALE 1 1 1
X -0.0311 -0.9694 0.2435
Y 0.9133 -0.1266 -0.3872
Z 0.4062 0.2103 0.8893

PART 63
OFFSET 12.7419 -9.3829 -11.4207
SCALE 1 1 1
X 0.7529 -0.6311 -0.1869
Y 0.5045 0.7356 -0.4520
Z 0.4228 0.2461 0.8722

PART 64
OFFSET 11.6422 -8.4611 -11.1478
SCALE 1 1 1
X 0.8456 0.1987 -0.4954
Y -0.3184 0.9327 -0.1694
Z 0.4285 0.3009 0.8520

PART 65
OFFSET 10.6813 -8.6876 -10.5928
SCALE 1 1 1
X -0.4725 -0.7673 0.4336
Y -0.7538 0.6067 0.2523
Z -0.4567 -0.2077 -0.8651

PART 66
OFFSET 0.0000 0.0000 0.0000
SCALE 1 1 1
X 1.0000 0.0000 0.0000
Y 0.0000 1.0000 0.0000
Z 0.0000 0.0000 1.0000

PART 67
OFFSET -0.0141 0.0093 -0.0173
SCALE 1 1 1
X 1.0000 -0.0005 -0.0010
Y 0.0005 1.0000 0.0006
Z 0.0010 -0.0006 1.0000

PART 68
OFFSET 0.0000 0.0000 -0.0000
SCALE 1 1 1
X 1.0000 -0.0005 -0.0010
Y 0.0005 1.0000 0.0006
Z 0.0010 -0.0006 1.0000

PART 69
OFFSET -7.9906 4.1760 -22.3507
SCALE 1 1 1
X 0.2310 0.0141 -0.9728
Y -0.2495 -0.9656 -0.0732
Z -0.9404 0.2597 -0.2195

PART 70
OFFSET -7.9906 4.1760 -22.3507
SCALE 1 1 1
X 0.2310 0.0141 -0.9728
Y -0.2495 -0.9656 -0.0732
Z -0.9404 0.2597 -0.2195

PART 71
OFFSET 13.5917 -9.3133 -10.3732
SCALE 1 1 1
X 0.9433 0.0132 -0.3317
Y -0.0729 0.9831 -0.1681
Z 0.3239 0.1828 0.9283

PART 72
OFFSET 11.9215 -9.4867 -11.0892
SCALE 1 1 1
X 0.9433 0.0132 -0.3317
Y -0.0729 0.9831 -0.1681
Z 0.3239 0.1828 0.9283

PART 73
OFFSET 16.7435 -9.0737 -11.2668
SCALE 1 1 1
X 0.9433 0.0132 -0.3317
Y -0.0729 0.9831 -0.1681
Z 0.3239 0.1828 0.9283

PART 74
OFFSET 15.4716 -9.0038 -9.3721
SCALE 1 1 1
X 0.9497 0.0169 -0.3127
Y -0.0729 0.9831 -0.1681
Z 0.3046 0.1824 0.9349

PART 75
OFFSET -7.6316 -7.0925 0.6208
SCALE 1 1 1
X 0.9433 0.0132 -0.3317
Y -0.0729 0.9831 -0.1681
Z 0.3239 0.1828 0.9283

PART 76
OFFSET 34.7874 1.8973 46.0349
SCALE 1 1 1
X 0.9433 0.0132 -0.3317
Y -0.0729 0.9831 -0.1681
Z 0.3239 0.1828 0.9283

PART 77
OFFSET 34.8657 2.6350 46.2869
SCALE 1 1 1
X 0.9433 0.0132 -0.3317
Y -0.0729 0.9831 -0.1681
Z 0.3239 0.1828 0.9283

PART 78
OFFSET 35.1206 2.7845 47.0176
SCALE 1 1 1
X 0.9433 0.0132 -0.3317
Y -0.0729 0.9831 -0.1681
Z 0.3239 0.1828 0.9283

PART 79
OFFSET 35.2940 2.1888 47.4870
SCALE 1 1 1
X 0.9433 0.0132 -0.3317
Y -0.0729 0.9831 -0.1681
Z 0.3239 0.1828 0.9283

PART 80
OFFSET 35.2179 1.4466 47.2411
SCALE 1 1 1
X 0.9433 0.0132 -0.3317
Y -0.0729 0.9831 -0.1681
Z 0.3239 0.1828 0.9283

PART 81
OFFSET 34.9658 1.3100 46.5188
SCALE 1 1 1
X 0.9433 0.0132 -0.3317
Y -0.0729 0.9831 -0.1681
Z 0.3239 0.1828 0.9283

PART 82
OFFSET 15.8594 -8.9939 -9.4908
SCALE 1 1 1
X 0.9433 0.0132 -0.3317
Y -0.0729 0.9831 -0.1681
Z 0.3239 0.1828 0.9283

PART 83
OFFSET 13.1977 -9.2045 -9.6126
SCALE 1 1 1
X 0.5038 -0.1092 -0.8569
Y -0.0729 0.9831 -0.1681
Z 0.8608 0.1471 0.4873


FRAME 267
PART 0
OFFSET -5.6770 6.8723 -17.8432
SCALE 1 1 1
X 0.1739 -0.5933 -0.7860
Y 0.6818 0.6484 -0.3386
Z 0.7105 -0.4770 0.5173

PART 1
OFFSET -6.5237 6.0444 -17.2729
SCALE 1 1 1
X 0.1739 -0.5933 -0.7860
Y 0.6818 0.6484 -0.3386
Z 0.7105 -0.4770 0.5173

PART 2
OFFSET -7.7344 6.1752 -17.1559
SCALE 1 1 1
X 0.1739 -0.5933 -0.7860
Y 0.6818 0.6484 -0.3386
Z 0.7105 -0.4770 0.5173

PART 3
OFFSET -7.1724 6.2915 -19.1997
SCALE 1 1 1
X 0.5024 -0.0170 -0.8645
Y 0.8327 -0.2596 0.4891
Z -0.2327 -0.9656 -0.1163

PART 4
OFFSET -7.7126 8.1246 -16.8025
SCALE 1 1 1
X 0.1762 -0.5979 -0.7819
Y 0.8445 -0.3163 0.4321
Z -0.5057 -0.7365 0.4493

PART 5
OFFSET -9.2113 13.2104 -10.1519
SCALE 1 1 1
X 0.1762 -0.5979 -0.7819
Y 0.6996 -0.4827 0.5268
Z -0.6925 -0.6399 0.3333

PART 6
OFFSET -1.9111 -0.4487 -1.8207
SCALE 1 1 1
X 1.0000 0.0000 0.0000
Y 0.0000 1.0000 0.0000
Z 0.0000 0.0000 1.0000

PART 7
OFFSET -0.7853 7.4886 -3.6306
SCALE 1 1 1
X -0.6967 0.4731 -0.5392
Y -0.5002 -0.8592 -0.1075
Z -0.5142 0.1948 0.8353

PART 8
OFFSET 10.7168 -10.0953 -9.1911
SCALE 1 1 1
X -0.7950 0.0562 0.6040
Y 0.1135 -0.9643 0.2391
Z 0.5959 0.2586 0.7603

PART 9
OFFSET -7.3638 8.5220 -18.8137
SCALE 1 1 1
X 0.1739 -0.5933 -0.7860
Y 0.6818 0.6484 -0.3386
Z 0.7105 -0.4770 0.5173

PART 10
OFFSET 10.7168 -10.0953 -9.1911
SCALE 1 1 1
X -0.7950 0.0562 0.6040
Y 0.1135 -0.9643 0.2391
Z 0.5959 0.2586 0.7603

PART 11
OFFSET -8.9180 7.6570 -18.0136
SCALE 1 1 1
X 0.1739 -0.5933 -0.7860
Y 0.6818 0.6484 -0.3386
Z 0.7105 -0.4770 0.5173

PART 12
OFFSET -6.2384 5.6369 -19.1643
SCALE 1 1 1
X 0.7094 -0.6100 -0.3531
Y 0.5398 0.1480 0.8286
Z -0.4532 -0.7784 0.4343

PART 13
OFFSET -4.6790 4.2920 -19.8195
SCALE 1 1 1
X 0.3417 -0.3735 -0.8624
Y 0.8045 -0.3581 0.4738
Z -0.4858 -0.8557 0.1781

PART 14
OFFSET -4.2298 3.6146 -21.2201
SCALE 1 1 1
X -0.1417 -0.2847 -0.9481
Y 0.8688 -0.4948 0.0188
Z -0.4744 -0.8211 0.3174

PART 15
OFFSET -4.3899 3.2607 -22.2305
SCALE 1 1 1
X 0.3792 0.2153 -0.8999
Y 0.1822 0.9361 0.3007
Z 0.9072 -0.2780 0.3158

PART 16
OFFSET -7.6859 6.3600 -20.4784
SCALE 1 1 1
X -0.0734 0.0929 -0.9930
Y -0.2873 -0.9554 -0.0681
Z -0.9550 0.2803 0.0968

PART 17
OFFSET -7.7470 6.4107 -22.7319
SCALE 1 1 1
X 0.0391 -0.3247 -0.9450
Y -0.2724 -0.9134 0.3026
Z -0.9614 0.2456 -0.1241

PART 18
OFFSET -7.6917 5.9510 -24.0698
SCALE 1 1 1
X -0.1981 -0.9424 -0.2694
Y -0.2363 -0.2208 0.9463
Z -0.9513 0.2511 -0.1789

PART 19
OFFSET -7.8673 5.1154 -24.3087
SCALE 1 1 1
X -0.2692 -0.8718 0.4092
Y 0.0015 0.4245 0.9054
Z -0.9631 0.2443 -0.1130

PART 20
OFFSET -8.1231 4.2871 -23.9199
SCALE 1 1 1
X 0.3442 0.3650 -0.8650
Y 0.0527 0.9124 0.4060
Z 0.9374 -0.1853 0.2948

PART 21
OFFSET -6.9895 6.3186 -20.3272
SCALE 1 1 1
X 0.2210 0.0578 -0.9736
Y -0.2793 -0.9527 -0.1200
Z -0.9344 0.2984 -0.1944

PART 22
OFFSET -6.5485 6.5339 -22.8802
SCALE 1 1 1
X 0.0587 -0.4094 -0.9105
Y -0.2995 -0.8772 0.3752
Z -0.9523 0.2507 -0.1741

PART 23
OFFSET -6.4487 5.8369 -24.4303
SCALE 1 1 1
X -0.2180 -0.9634 -0.1562
Y -0.2326 -0.1042 0.9670
Z -0.9478 0.2471 -0.2014

PART 24
OFFSET -6.7508 4.5017 -24.6468
SCALE 1 1 1
X -0.3183 -0.8374 0.4444
Y -0.0556 0.4844 0.8731
Z -0.9464 0.2532 -0.2008

PART 25
OFFSET -7.0960 3.5936 -24.1648
SCALE 1 1 1
X 0.2460 0.4218 -0.8727
Y 0.1776 0.8655 0.4684
Z 0.9529 -0.2702 0.1380

PART 26
OFFSET -4.4261 5.3095 -21.1504
SCALE 1 1 1
X 0.2470 -0.2342 -0.9403
Y 0.4010 0.9081 -0.1209
Z 0.8821 -0.3473 0.3182

PART 27
OFFSET -4.5001 6.3885 -22.1560
SCALE 1 1 1
X 0.3206 -0.6166 -0.7191
Y -0.5457 -0.7407 0.3919
Z -0.7743 0.2668 -0.5739

PART 28
OFFSET -3.9357 5.3029 -23.4220
SCALE 1 1 1
X 0.0251 -0.8724 -0.4881
Y -0.6665 -0.3785 0.6423
Z -0.7451 0.3092 -0.5909

PART 29
OFFSET -3.8600 4.2235 -23.9795
SCALE 1 1 1
X -0.1127 -0.9643 -0.2395
Y -0.6461 -0.1120 0.7550
Z -0.7549 0.2399 -0.6104

PART 30
OFFSET -3.9873 3.1343 -24.2500
SCALE 1 1 1
X 0.4076 0.4825 -0.7753
Y 0.0143 0.8455 0.5337
Z 0.9131 -0.2286 0.3378

PART 31
OFFSET -5.4988 6.4987 -22.6152
SCALE 1 1 1
X 0.2288 -0.5807 -0.7813
Y -0.4691 -0.7690 0.4342
Z -0.8530 0.2671 -0.4484

PART 32
OFFSET -5.0518 5.3643 -24.1415
SCALE 1 1 1
X -0.2249 -0.9594 -0.1701
Y -0.4402 -0.0557 0.8962
Z -0.8693 0.2765 -0.4098

PART 33
OFFSET -5.3803 3.9629 -24.3899
SCALE 1 1 1
X -0.4251 -0.8315 0.3577
Y -0.1905 0.4686 0.8626
Z -0.8849 0.2986 -0.3576

PART 34
OFFSET -5.8679 3.0230 -23.9879
SCALE 1 1 1
X 0.5042 0.3192 -0.8024
Y 0.0615 0.9136 0.4020
Z 0.8614 -0.2521 0.4410

PART 35
OFFSET 14.3018 -8.4074 -9.3253
SCALE 1 1 1
X 0.9397 0.0025 -0.3420
Y -0.0450 0.9922 -0.1162
Z 0.3391 0.1246 0.9325

PART 36
OFFSET -5.5946 -3.1330 -10.7747
SCALE 1 1 1
X -0.3764 0.8891 -0.2604
Y -0.4917 0.0465 0.8695
Z 0.7852 0.4553 0.4197

PART 37
OFFSET -1.0430 -13.8861 -7.6257
SCALE 1 1 1
X -0.9415 -0.3295 0.0709
Y 0.3363 -0.9041 0.2637
Z -0.0228 0.2721 0.9620

PART 38
OFFSET 6.9646 -11.0833 -8.2286
SCALE 1 1 1
X -0.9415 -0.3295 0.0709
Y 0.0034 -0.2197 -0.9756
Z 0.3371 -0.9182 0.2080

PART 39
OFFSET 8.2420 -10.7829 -10.1471
SCALE 1 1 1
X -0.9434 -0.3249 0.0667
Y 0.0206 -0.2581 -0.9659
Z 0.3310 -0.9099 0.2502

PART 40
OFFSET 8.3259 -9.7067 -9.4149
SCALE 1 1 1
X -0.9434 -0.3249 0.0667
Y 0.0206 -0.2581 -0.9659
Z 0.3310 -0.9099 0.2502

PART 41
OFFSET 8.4441 -9.2533 -7.1006
SCALE 1 1 1
X -0.9434 -0.3249 0.0667
Y 0.0206 -0.2581 -0.9659
Z 0.3310 -0.9099 0.2502

PART 42
OFFSET 9.8509 -10.0730 -8.4460
SCALE 1 1 1
X -0.9415 -0.0060 0.3368
Y -0.3273 -0.2208 -0.9188
Z 0.0799 -0.9753 0.2059

PART 43
OFFSET 10.5575 -9.4568 -7.7954
SCALE 1 1 1
X -0.6026 -0.7936 0.0846
Y 0.3483 -0.3570 -0.8667
Z 0.7180 -0.4928 0.4915

PART 44
OFFSET 11.7831 -7.6813 -7.9189
SCALE 1 1 1
X -0.8422 -0.2882 0.4557
Y -0.0190 -0.8288 -0.5592
Z 0.5388 -0.4796 0.6926

PART 45
OFFSET 13.0812 -7.2118 -8.7655
SCALE 1 1 1
X -0.3619 0.4868 0.7950
Y -0.6769 -0.7236 0.1349
Z 0.6409 -0.4894 0.5914

PART 46
OFFSET 13.4547 -7.7035 -9.6546
SCALE 1 1 1
X -0.8183 0.5246 0.2348
Y -0.0753 0.3072 -0.9487
Z -0.5698 -0.7940 -0.2119

PART 47
OFFSET 10.2811 -10.1072 -9.7564
SCALE 1 1 1
X -0.5817 0.0792 0.8095
Y 0.1529 -0.9668 0.2045
Z 0.7989 0.2428 0.5503

PART 48
OFFSET 11.6857 -10.1312 -11.5202
SCALE 1 1 1
X -0.5131 -0.7972 0.3182
Y 0.7008 -0.6031 -0.3809
Z 0.4956 0.0276 0.8681

PART 49
OFFSET 12.4121 -9.0026 -11.9707
SCALE 1 1 1
X 0.2966 -0.9435 -0.1480
Y 0.8413 0.3314 -0.4270
Z 0.4519 0.0022 0.8921

PART 50
OFFSET 12.1491 -8.1661 -11.8395
SCALE 1 1 1
X 0.8318 -0.2870 -0.4752
Y 0.2321 0.9574 -0.1720
Z 0.5043 0.0328 0.8629

PART 51
OFFSET 11.3589 -7.8935 -11.3881
SCALE 1 1 1
X -0.8548 -0.3862 0.3466
Y -0.2963 0.9116 0.2850
Z -0.4260 0.1409 -0.8937

PART 52
OFFSET 10.7168 -10.0953 -9.1911
SCALE 1 1 1
X -0.7950 0.0562 0.6040
Y 0.1135 -0.9643 0.2391
Z 0.5959 0.2586 0.7603

PART 53
OFFSET 12.6942 -10.3008 -10.8663
SCALE 1 1 1
X -0.1320 -0.9586 0.2524
Y 0.8306 -0.2459 -0.4997
Z 0.5410 0.1437 0.8286

PART 54
OFFSET 12.9190 -8.6688 -11.2960
SCALE 1 1 1
X 0.6347 -0.7126 -0.2990
Y 0.5621 0.6912 -0.4542
Z 0.5303 0.1202 0.8392

PART 55
OFFSET 12.0394 -7.6812 -10.8816
SCALE 1 1 1
X 0.8333 0.1218 -0.5391
Y -0.1696 0.9847 -0.0396
Z 0.5261 0.1244 0.8413

PART 56
OFFSET 11.1356 -7.8133 -10.2969
SCALE 1 1 1
X -0.5600 -0.6562 0.5057
Y -0.6390 0.7307 0.2405
Z -0.5273 -0.1885 -0.8285

PART 57
OFFSET 6.2519 -10.4342 -6.1568
SCALE 1 1 1
X -0.8004 -0.2342 0.5519
Y -0.3628 0.9221 -0.1349
Z -0.4773 -0.3082 -0.8229

PART 58
OFFSET 13.7962 -10.2454 -8.9890
SCALE 1 1 1
X -0.7742 -0.3942 0.4953
Y 0.4761 -0.8783 0.0452
Z 0.4172 0.2707 0.8676

PART 59
OFFSET 15.1593 -9.5514 -9.8610
SCALE 1 1 1
X -0.1593 -0.8996 0.4066
Y 0.9050 -0.2976 -0.3039
Z 0.3944 0.3196 0.8616

PART 60
OFFSET 15.3768 -8.4383 -10.3029
SCALE 1 1 1
X 0.2739 -0.9507 0.1451
Y 0.8744 0.1834 -0.4493
Z 0.4006 0.2499 0.8815

PART 61
OFFSET 15.0674 -7.3644 -10.4668
SCALE 1 1 1
X -0.7658 0.2143 0.6063
Y -0.0509 0.9197 -0.3893
Z -0.6411 -0.3290 -0.6934

PART 62
OFFSET 13.3264 -10.3106 -9.9867
SCALE 1 1 1
X -0.0578 -0.9794 0.1935
Y 0.9049 -0.1332 -0.4043
Z 0.4217 0.1517 0.8939

PART 63
OFFSET 13.4393 -8.3973 -10.3647
SCALE 1 1 1
X 0.7315 -0.6425 -0.2283
Y 0.5216 0.7429 -0.4195
Z 0.4392 0.1878 0.8785

PART 64
OFFSET 12.3709 -7.4588 -10.0312
SCALE 1 1 1
X 0.8459 0.1991 -0.4948
Y -0.2919 0.9493 -0.1171
Z 0.4464 0.2435 0.8611

PART 65
OFFSET 11.4095 -7.6853 -9.4770
SCALE 1 1 1
X -0.4908 -0.7745 0.3991
Y -0.7325 0.6148 0.2924
Z -0.4719 -0.1488 -0.8690

PART 66
OFFSET 0.0000 0.0000 0.0000
SCALE 1 1 1
X 1.0000 0.0000 0.0000
Y 0.0000 1.0000 0.0000
Z 0.0000 0.0000 1.0000

PART 67
OFFSET -0.0381 0.0331 -0.0527
SCALE 1 1 1
X 1.0000 -0.0015 -0.0031
Y 0.0015 1.0000 0.0018
Z 0.0031 -0.0018 1.0000

PART 68
OFFSET 0.0000 0.0000 0.0000
SCALE 1 1 1
X 1.0000 -0.0015 -0.0031
Y 0.0015 1.0000 0.0018
Z 0.0031 -0.0018 1.0000

PART 69
OFFSET -6.9895 6.3186 -20.3272
SCALE 1 1 1
X 0.2210 0.0578 -0.9736
Y -0.2793 -0.9527 -0.1200
Z -0.9344 0.2984 -0.1944

PART 70
OFFSET -6.9895 6.3186 -20.3272
SCALE 1 1 1
X 0.2210 0.0578 -0.9736
Y -0.2793 -0.9527 -0.1200
Z -0.9344 0.2984 -0.1944

PART 71
OFFSET 14.3018 -8.4074 -9.3253
SCALE 1 1 1
X 0.9397 0.0025 -0.3420
Y -0.0450 0.9922 -0.1162
Z 0.3391 0.1246 0.9325

PART 72
OFFSET 12.6197 -8.4938 -10.0290
SCALE 1 1 1
X 0.9397 0.0025 -0.3420
Y -0.0450 0.9922 -0.1162
Z 0.3391 0.1246 0.9325

PART 73
OFFSET 17.4498 -8.2149 -10.2437
SCALE 1 1 1
X 0.9397 0.0025 -0.3420
Y -0.0450 0.9922 -0.1162
Z 0.3391 0.1246 0.9325

PART 74
OFFSET 16.2008 -8.2060 -8.3326
SCALE 1 1 1
X 0.9464 0.0050 -0.3229
Y -0.0450 0.9922 -0.1162
Z 0.3198 0.1245 0.9393

PART 75
OFFSET -6.7270 -6.1344 2.0257
SCALE 1 1 1
X 0.9397 0.0025 -0.3420
Y -0.0450 0.9922 -0.1162
Z 0.3391 0.1246 0.9325

PART 76
OFFSET 36.4228 -0.7757 47.3247
SCALE 1 1 1
X 0.9397 0.0025 -0.3420
Y -0.0450 0.9922 -0.1162
Z 0.3391 0.1246 0.9325

PART 77
OFFSET 36.5260 -0.0547 47.6134
SCALE 1 1 1
X 0.9397 0.0025 -0.3420
Y -0.0450 0.9922 -0.1162
Z 0.3391 0.1246 0.9325

PART 78
OFFSET 36.7930 0.0490 48.3478
SCALE 1 1 1
X 0.9397 0.0025 -0.3420
Y -0.0450 0.9922 -0.1162
Z 0.3391 0.1246 0.9325

PART 79
OFFSET 36.9534 -0.5751 48.7836
SCALE 1 1 1
X 0.9397 0.0025 -0.3420
Y -0.0450 0.9922 -0.1162
Z 0.3391 0.1246 0.9325

PART 80
OFFSET 36.8523 -1.3010 48.5007
SCALE 1 1 1
X 0.9397 0.0025 -0.3420
Y -0.0450 0.9922 -0.1162
Z 0.3391 0.1246 0.9325

PART 81
OFFSET 36.5885 -1.3923 47.7754
SCALE 1 1 1
X 0.9397 0.0025 -0.3420
Y -0.0450 0.9922 -0.1162
Z 0.3391 0.1246 0.9325

PART 82
OFFSET 16.5874 -8.2014 -8.4553
SCALE 1 1 1
X 0.9397 0.0025 -0.3420
Y -0.0450 0.9922 -0.1162
Z 0.3391 0.1246 0.9325

PART 83
OFFSET 13.9194 -8.3267 -8.5555
SCALE 1 1 1
X 0.4911 -0.0794 -0.8675
Y -0.0450 0.9922 -0.1162
Z 0.8699 0.0961 0.4837


FRAME 268
PART 0
OFFSET -5.4960 8.8634 -15.9527
SCALE 1 1 1
X 0.2307 -0.5295 -0.8164
Y 0.6701 0.6948 -0.2613
Z 0.7055 -0.4868 0.5151

PART 1
OFFSET -6.2976 7.9544 -15.4618
SCALE 1 1 1
X 0.2307 -0.5295 -0.8164
Y 0.6701 0.6948 -0.2613
Z 0.7055 -0.4868 0.5151

PART 2
OFFSET -7.5102 8.0901 -15.4269
SCALE 1 1 1
X 0.2307 -0.5295 -0.8164
Y 0.6701 0.6948 -0.2613
Z 0.7055 -0.4868 0.5151

PART 3
OFFSET -6.8653 8.3711 -17.4298
SCALE 1 1 1
X 0.4847 -0.0012 -0.8747
Y 0.8322 -0.3071 0.4616
Z -0.2692 -0.9517 -0.1479

PART 4
OFFSET -7.5795 10.0092 -14.9388
SCALE 1 1 1
X 0.2330 -0.5343 -0.8125
Y 0.8066 -0.3605 0.4683
Z -0.5432 -0.7645 0.3470

PART 5
OFFSET -9.5610 14.5537 -8.0277
SCALE 1 1 1
X 0.2330 -0.5343 -0.8125
Y 0.6944 -0.4935 0.5236
Z -0.6808 -0.6862 0.2561

PART 6
OFFSET -1.9111 -0.4487 -1.8207
SCALE 1 1 1
X 1.0000 0.0000 0.0000
Y 0.0000 1.0000 0.0000
Z 0.0000 0.0000 1.0000

PART 7
OFFSET -0.7853 7.4886 -3.6306
SCALE 1 1 1
X -0.7256 0.5842 -0.3636
Y -0.5348 -0.8113 -0.2362
Z -0.4330 0.0230 0.9011

PART 8
OFFSET 10.6194 -9.0022 -8.4197
SCALE 1 1 1
X -0.7807 0.0606 0.6220
Y 0.0837 -0.9762 0.2001
Z 0.6193 0.2083 0.7570

PART 9
OFFSET -7.2402 10.5050 -16.8863
SCALE 1 1 1
X 0.2307 -0.5295 -0.8164
Y 0.6701 0.6948 -0.2613
Z 0.7055 -0.4868 0.5151

PART 10
OFFSET 10.6194 -9.0022 -8.4197
SCALE 1 1 1
X -0.7807 0.0606 0.6220
Y 0.0837 -0.9762 0.2001
Z 0.6193 0.2083 0.7570

PART 11
OFFSET -8.7124 9.5858 -16.2333
SCALE 1 1 1
X 0.2307 -0.5295 -0.8164
Y 0.6701 0.6948 -0.2613
Z 0.7055 -0.4868 0.5151

PART 12
OFFSET -5.9547 7.6834 -17.4385
SCALE 1 1 1
X 0.6802 -0.6203 -0.3905
Y 0.5607 0.0972 0.8223
Z -0.4721 -0.7783 0.4139

PART 13
OFFSET -4.4572 6.3112 -18.1762
SCALE 1 1 1
X 0.3114 -0.3517 -0.8828
Y 0.8003 -0.4039 0.4432
Z -0.5124 -0.8445 0.1557

PART 14
OFFSET -4.0596 5.6730 -19.6104
SCALE 1 1 1
X -0.1700 -0.2429 -0.9550
Y 0.8508 -0.5251 -0.0179
Z -0.4971 -0.8156 0.2960

PART 15
OFFSET -4.2517 5.3641 -20.6299
SCALE 1 1 1
X 0.3692 0.2364 -0.8988
Y 0.2212 0.9170 0.3320
Z 0.9027 -0.3214 0.2862

PART 16
OFFSET -7.4007 8.5066 -18.6941
SCALE 1 1 1
X -0.0893 0.1335 -0.9870
Y -0.3224 -0.9415 -0.0982
Z -0.9424 0.3095 0.1271

PART 17
OFFSET -7.5036 8.6461 -20.9423
SCALE 1 1 1
X 0.0092 -0.2893 -0.9572
Y -0.2988 -0.9143 0.2734
Z -0.9543 0.2835 -0.0948

PART 18
OFFSET -7.4906 8.2365 -22.2975
SCALE 1 1 1
X -0.2368 -0.9239 -0.3006
Y -0.2256 -0.2487 0.9419
Z -0.9450 0.2908 -0.1496

PART 19
OFFSET -7.7005 7.4174 -22.5641
SCALE 1 1 1
X -0.2921 -0.8770 0.3815
Y 0.0342 0.3890 0.9206
Z -0.9558 0.2819 -0.0837

PART 20
OFFSET -7.9780 6.5842 -22.2017
SCALE 1 1 1
X 0.3402 0.3858 -0.8576
Y 0.0930 0.8937 0.4389
Z 0.9358 -0.2290 0.2682

PART 21
OFFSET -6.7034 8.4352 -18.5591
SCALE 1 1 1
X 0.2040 0.0875 -0.9750
Y -0.3153 -0.9370 -0.1500
Z -0.9268 0.3381 -0.1636

PART 22
OFFSET -6.3046 8.7331 -21.1107
SCALE 1 1 1
X 0.0264 -0.3759 -0.9263
Y -0.3232 -0.8800 0.3479
Z -0.9459 0.2902 -0.1447

PART 23
OFFSET -6.2597 8.0931 -22.6877
SCALE 1 1 1
X -0.2551 -0.9485 -0.1879
Y -0.2174 -0.1331 0.9670
Z -0.9422 0.2876 -0.1722

PART 24
OFFSET -6.6132 6.7786 -22.9481
SCALE 1 1 1
X -0.3393 -0.8423 0.4189
Y -0.0214 0.4521 0.8917
Z -0.9404 0.2935 -0.1715

PART 25
OFFSET -6.9812 5.8652 -22.4938
SCALE 1 1 1
X 0.2440 0.4462 -0.8610
Y 0.2173 0.8401 0.4970
Z 0.9451 -0.3083 0.1080

PART 26
OFFSET -4.1941 7.3697 -19.4726
SCALE 1 1 1
X 0.2202 -0.2063 -0.9534
Y 0.4307 0.8975 -0.0948
Z 0.8752 -0.3898 0.2865

PART 27
OFFSET -4.2490 8.4885 -20.4350
SCALE 1 1 1
X 0.2844 -0.5993 -0.7483
Y -0.5640 -0.7358 0.3748
Z -0.7752 0.3155 -0.5473

PART 28
OFFSET -3.7483 7.4335 -21.7526
SCALE 1 1 1
X -0.0155 -0.8533 -0.5211
Y -0.6670 -0.3795 0.6412
Z -0.7449 0.3575 -0.5633

PART 29
OFFSET -3.7219 6.3743 -22.3519
SCALE 1 1 1
X -0.1516 -0.9499 -0.2734
Y -0.6349 -0.1184 0.7635
Z -0.7576 0.2893 -0.5852

PART 30
OFFSET -3.8931 5.3014 -22.6606
SCALE 1 1 1
X 0.4094 0.4975 -0.7648
Y 0.0547 0.8234 0.5649
Z 0.9107 -0.2731 0.3099

PART 31
OFFSET -5.2519 8.6511 -20.8690
SCALE 1 1 1
X 0.1928 -0.5579 -0.8072
Y -0.4877 -0.7684 0.4145
Z -0.8515 0.3138 -0.4202

PART 32
OFFSET -4.8751 7.5614 -22.4459
SCALE 1 1 1
X -0.2622 -0.9437 -0.2015
Y -0.4245 -0.0747 0.9024
Z -0.8666 0.3222 -0.3810

PART 33
OFFSET -5.2582 6.1829 -22.7403
SCALE 1 1 1
X -0.4474 -0.8293 0.3348
Y -0.1570 0.4414 0.8835
Z -0.8804 0.3428 -0.3277

PART 34
OFFSET -5.7711 5.2458 -22.3640
SCALE 1 1 1
X 0.4996 0.3321 -0.8001
Y 0.1018 0.8947 0.4349
Z 0.8602 -0.2987 0.4132

PART 35
OFFSET 14.2589 -7.4363 -8.5643
SCALE 1 1 1
X 0.9324 -0.0171 -0.3611
Y -0.0118 0.9969 -0.0777
Z 0.3613 0.0767 0.9293

PART 36
OFFSET -6.1251 -3.1330 -10.3290
SCALE 1 1 1
X -0.4354 0.8581 -0.2720
Y -0.5102 0.0137 0.8600
Z 0.7417 0.5132 0.4319

PART 37
OFFSET -0.8590 -13.5113 -7.0394
SCALE 1 1 1
X -0.9185 -0.3917 0.0533
Y 0.3906 -0.8785 0.2750
Z -0.0609 0.2734 0.9600

PART 38
OFFSET 6.9535 -10.1794 -7.4930
SCALE 1 1 1
X -0.9185 -0.3917 0.0533
Y 0.0179 -0.1759 -0.9842
Z 0.3950 -0.9031 0.1686

PART 39
OFFSET 8.2472 -9.8008 -9.3865
SCALE 1 1 1
X -0.9207 -0.3872 0.0490
Y 0.0579 -0.2596 -0.9640
Z 0.3860 -0.8847 0.2614

PART 40
OFFSET 8.2436 -8.7188 -8.6581
SCALE 1 1 1
X -0.9207 -0.3872 0.0490
Y 0.0579 -0.2596 -0.9640
Z 0.3860 -0.8847 0.2614

PART 41
OFFSET 8.2833 -8.2502 -6.3442
SCALE 1 1 1
X -0.9207 -0.3872 0.0490
Y 0.0579 -0.2596 -0.9640
Z 0.3860 -0.8847 0.2614

PART 42
OFFSET 9.7694 -8.9784 -7.6565
SCALE 1 1 1
X -0.9345 0.0138 0.3558
Y -0.3527 -0.1737 -0.9195
Z 0.0491 -0.9847 0.1672

PART 43
OFFSET 10.5099 -8.4126 -6.9979
SCALE 1 1 1
X -0.6287 -0.7747 0.0671
Y 0.3186 -0.3353 -0.8866
Z 0.7094 -0.5361 0.4576

PART 44
OFFSET 11.7953 -6.6775 -7.0796
SCALE 1 1 1
X -0.8429 -0.2760 0.4618
Y -0.0593 -0.8055 -0.5896
Z 0.5347 -0.5244 0.6626

PART 45
OFFSET 13.0927 -6.2213 -7.9345
SCALE 1 1 1
X -0.3289 0.4681 0.8202
Y -0.6995 -0.7042 0.1214
Z 0.6344 -0.5338 0.5591

PART 46
OFFSET 13.4312 -6.6912 -8.8491
SCALE 1 1 1
X -0.7944 0.5434 0.2714
Y -0.0827 0.3459 -0.9346
Z -0.6017 -0.7649 -0.2299

PART 47
OFFSET 10.1726 -8.9771 -8.9759
SCALE 1 1 1
X -0.5628 0.0682 0.8238
Y 0.1223 -0.9787 0.1646
Z 0.8175 0.1934 0.5424

PART 48
OFFSET 11.5411 -8.9822 -10.7680
