// Export filename: `C:/cod5/cod/cod5/xanim_export/viewmodel/US/sw357/sw357_fire.XANIM_EXPORT`
// Source filename: `C:/cod5/cod/cod5/animation_assets/viewmodel/US/sw357/viewmodelanimation_sw357.mb`
// Export time: Fri Aug 15 15:51:19 2008

ANIMATION
VERSION 3

NUMPARTS 84
PART 0 "J_Sleave_Reshape_Top_LE_1"
PART 1 "J_Sleave_Reshape_Top_LE_2"
PART 2 "J_Sleave_Reshape_Top_LE_3"
PART 3 "J_Wrist_LE"
PART 4 "J_WristTwist_LE"
PART 5 "J_Elbow_LE"
PART 6 "tag_torso"
PART 7 "J_Shoulder_LE"
PART 8 "RingPalm_FK_RI"
PART 9 "J_Sleave_Reshape_Bottom_LE_1"
PART 10 "RingPalm_SDK_RI"
PART 11 "J_Sleave_Reshape_Bottom_LE_2"
PART 12 "J_Thumb_LE_0"
PART 13 "J_Thumb_LE_1"
PART 14 "J_Thumb_LE_2"
PART 15 "J_Thumb_LE_3"
PART 16 "J_PinkyPalm_LE"
PART 17 "J_Pinky_LE_0"
PART 18 "J_Pinky_LE_1"
PART 19 "J_Pinky_LE_2"
PART 20 "J_Pinky_LE_3"
PART 21 "J_RingPalm_LE"
PART 22 "J_Ring_LE_0"
PART 23 "J_Ring_LE_1"
PART 24 "J_Ring_LE_2"
PART 25 "J_Ring_LE_3"
PART 26 "J_Webbing_LE"
PART 27 "J_Index_LE_0"
PART 28 "J_Index_LE_1"
PART 29 "J_Index_LE_2"
PART 30 "J_Index_LE_3"
PART 31 "J_Mid_LE_0"
PART 32 "J_Mid_LE_1"
PART 33 "J_Mid_LE_2"
PART 34 "J_Mid_LE_3"
PART 35 "tag_weapon"
PART 36 "J_Shoulder_RI"
PART 37 "J_Elbow_RI"
PART 38 "J_WristTwist_RI"
PART 39 "J_Sleave_Reshape_Top_RI_3"
PART 40 "J_Sleave_Reshape_Top_RI_2"
PART 41 "J_Sleave_Reshape_Top_RI_1"
PART 42 "J_Wrist_RI"
PART 43 "J_Thumb_RI_0"
PART 44 "J_Thumb_RI_1"
PART 45 "J_Thumb_RI_2"
PART 46 "J_Thumb_RI_3"
PART 47 "J_PinkyPalm_RI"
PART 48 "J_Pinky_RI_0"
PART 49 "J_Pinky_RI_1"
PART 50 "J_Pinky_RI_2"
PART 51 "J_Pinky_RI_3"
PART 52 "J_RingPalm_RI"
PART 53 "J_Ring_RI_0"
PART 54 "J_Ring_RI_1"
PART 55 "J_Ring_RI_2"
PART 56 "J_Ring_RI_3"
PART 57 "J_Webbing_RI"
PART 58 "J_Index_RI_0"
PART 59 "J_Index_RI_1"
PART 60 "J_Index_RI_2"
PART 61 "J_Index_RI_3"
PART 62 "J_Mid_RI_0"
PART 63 "J_Mid_RI_1"
PART 64 "J_Mid_RI_2"
PART 65 "J_Mid_RI_3"
PART 66 "tag_cambone"
PART 67 "tag_camera"
PART 68 "tag_gasmask"
PART 69 "RingPalm_SDK_LE"
PART 70 "RingPalm_FK_LE"
PART 71 "J_Gun"
PART 72 "J_Clip"
PART 73 "joint2"
PART 74 "J_Bolt"
PART 75 "tag_speedloader"
PART 76 "tag_spent0"
PART 77 "tag_spent1"
PART 78 "tag_spent2"
PART 79 "tag_spent3"
PART 80 "tag_spent4"
PART 81 "tag_spent5"
PART 82 "tag_bullets"
PART 83 "joint1"

FRAMERATE 30
NUMFRAMES 9

FRAME 100
PART 0
OFFSET -2.9433 12.6125 -18.6878
SCALE 1 1 1
X 0.4090 -0.1132 -0.9055
Y 0.5341 0.8342 0.1370
Z 0.7399 -0.5397 0.4016

PART 1
OFFSET -3.6118 11.4839 -18.7335
SCALE 1 1 1
X 0.4090 -0.1132 -0.9055
Y 0.5341 0.8342 0.1370
Z 0.7399 -0.5397 0.4016

PART 2
OFFSET -4.8226 11.3534 -18.8442
SCALE 1 1 1
X 0.4090 -0.1132 -0.9055
Y 0.5341 0.8342 0.1370
Z 0.7399 -0.5397 0.4016

PART 3
OFFSET -4.0671 12.5132 -20.4537
SCALE 1 1 1
X 0.7678 0.0611 -0.6378
Y 0.6145 -0.3519 0.7060
Z -0.1813 -0.9340 -0.3077

PART 4
OFFSET -5.3297 12.8773 -17.6839
SCALE 1 1 1
X 0.4118 -0.1187 -0.9035
Y 0.8350 -0.3478 0.4263
Z -0.3649 -0.9300 -0.0441

PART 5
OFFSET -8.8326 13.8873 -9.9994
SCALE 1 1 1
X 0.4118 -0.1187 -0.9035
Y 0.7297 -0.5509 0.4050
Z -0.5458 -0.8261 -0.1402

PART 6
OFFSET -1.9111 -0.4487 -1.8207
SCALE 1 1 1
X 1.0000 0.0000 0.0000
Y 0.0000 1.0000 0.0000
Z 0.0000 0.0000 1.0000

PART 7
OFFSET -0.7853 7.4886 -3.6306
SCALE 1 1 1
X -0.6654 0.5291 -0.5266
Y -0.2100 -0.8096 -0.5480
Z -0.7163 -0.2541 0.6499

PART 8
OFFSET 9.2787 -5.7134 -7.0969
SCALE 1 1 1
X -0.9535 0.0213 0.3006
Y 0.0225 -0.9897 0.1413
Z 0.3005 0.1414 0.9432

PART 9
OFFSET -4.8660 14.2170 -19.1943
SCALE 1 1 1
X 0.4090 -0.1132 -0.9055
Y 0.5341 0.8342 0.1370
Z 0.7399 -0.5397 0.4016

PART 10
OFFSET 9.2787 -5.7134 -7.0969
SCALE 1 1 1
X -0.9535 0.0213 0.3006
Y 0.0225 -0.9897 0.1413
Z 0.3005 0.1414 0.9432

PART 11
OFFSET -6.2268 12.8453 -19.2112
SCALE 1 1 1
X 0.4090 -0.1132 -0.9055
Y 0.5341 0.8342 0.1370
Z 0.7399 -0.5397 0.4016

PART 12
OFFSET -3.2031 11.8176 -20.1856
SCALE 1 1 1
X 0.7858 -0.5961 -0.1648
Y 0.2242 0.0263 0.9742
Z -0.5764 -0.8025 0.1543

PART 13
OFFSET -1.5171 10.4892 -20.4354
SCALE 1 1 1
X 0.6151 -0.2857 -0.7349
Y 0.5930 -0.4466 0.6700
Z -0.5195 -0.8479 -0.1053

PART 14
OFFSET -0.6176 9.9598 -21.6735
SCALE 1 1 1
X 0.1905 -0.1659 -0.9676
Y 0.8088 -0.5322 0.2505
Z -0.5565 -0.8302 0.0328

PART 15
OFFSET -0.4233 9.7333 -22.7140
SCALE 1 1 1
X 0.6647 0.3012 -0.6837
Y 0.0707 0.8857 0.4588
Z 0.7438 -0.3533 0.5674

PART 16
OFFSET -4.1121 12.7529 -21.8117
SCALE 1 1 1
X 0.2709 0.2109 -0.9392
Y -0.2491 -0.9271 -0.2800
Z -0.9298 0.3098 -0.1986

PART 17
OFFSET -3.3986 13.0679 -23.9274
SCALE 1 1 1
X 0.3591 -0.2141 -0.9084
Y -0.3617 -0.9292 0.0760
Z -0.8603 0.3013 -0.4111

PART 18
OFFSET -2.8901 12.7648 -25.2135
SCALE 1 1 1
X -0.0964 -0.8949 -0.4358
Y -0.5462 -0.3185 0.7747
Z -0.8321 0.3127 -0.4581

PART 19
OFFSET -2.9756 11.9714 -25.5999
SCALE 1 1 1
X -0.3951 -0.9005 0.1816
Y -0.3072 0.3159 0.8977
Z -0.8658 0.2989 -0.4014

PART 20
OFFSET -3.3509 11.1159 -25.4273
SCALE 1 1 1
X 0.6202 0.4473 -0.6444
Y -0.0871 0.8557 0.5101
Z 0.7796 -0.2602 0.5697

PART 21
OFFSET -3.5095 12.6629 -21.4398
SCALE 1 1 1
X 0.5408 0.1606 -0.8257
Y -0.2238 -0.9188 -0.3253
Z -0.8108 0.3607 -0.4609

PART 22
OFFSET -2.2214 13.1535 -23.6440
SCALE 1 1 1
X 0.3655 -0.3030 -0.8801
Y -0.4120 -0.9005 0.1390
Z -0.8347 0.3118 -0.4540

PART 23
OFFSET -1.5991 12.6376 -25.1423
SCALE 1 1 1
X -0.1538 -0.9279 -0.3396
Y -0.5496 -0.2053 0.8098
Z -0.8212 0.3112 -0.4784

PART 24
OFFSET -1.8123 11.3516 -25.6130
SCALE 1 1 1
X -0.4532 -0.8682 0.2021
Y -0.3497 0.3817 0.8556
Z -0.8200 0.3171 -0.4766

PART 25
OFFSET -2.3038 10.4100 -25.3938
SCALE 1 1 1
X 0.5307 0.5089 -0.6778
Y 0.0088 0.7963 0.6048
Z 0.8475 -0.3270 0.4182

PART 26
OFFSET -0.8218 11.6421 -21.4638
SCALE 1 1 1
X 0.5531 -0.1342 -0.8222
Y 0.4205 0.8970 0.1364
Z 0.7192 -0.4212 0.5526

PART 27
OFFSET -0.5446 12.8329 -22.2922
SCALE 1 1 1
X 0.5456 -0.5426 -0.6386
Y -0.6487 -0.7560 0.0881
Z -0.5306 0.3662 -0.7644

PART 28
OFFSET 0.4161 11.8776 -23.4166
SCALE 1 1 1
X 0.1883 -0.8100 -0.5554
Y -0.8469 -0.4203 0.3258
Z -0.4973 0.4090 -0.7651

PART 29
OFFSET 0.6752 10.8680 -24.0453
SCALE 1 1 1
X -0.0264 -0.9239 -0.3817
Y -0.8656 -0.1698 0.4710
Z -0.5000 0.3429 -0.7953

PART 30
OFFSET 0.6454 9.8245 -24.4764
SCALE 1 1 1
X 0.6494 0.5505 -0.5246
Y -0.1670 0.7763 0.6079
Z 0.7419 -0.3071 0.5961

PART 31
OFFSET -1.3257 13.0406 -23.0453
SCALE 1 1 1
X 0.4808 -0.4957 -0.7233
Y -0.5912 -0.7924 0.1500
Z -0.6475 0.3555 -0.6741

PART 32
OFFSET -0.3864 12.0723 -24.4583
SCALE 1 1 1
X -0.1556 -0.9220 -0.3544
Y -0.7203 -0.1396 0.6795
Z -0.6760 0.3610 -0.6424

PART 33
OFFSET -0.6137 10.7255 -24.9760
SCALE 1 1 1
X -0.5239 -0.8474 0.0858
Y -0.4729 0.3732 0.7982
Z -0.7084 0.3776 -0.5963

PART 34
OFFSET -1.2117 9.7682 -24.8836
SCALE 1 1 1
X 0.7491 0.3873 -0.5375
Y -0.0774 0.8569 0.5096
Z 0.6580 -0.3401 0.6719

PART 35
OFFSET 12.6976 -4.1841 -5.7962
SCALE 1 1 1
X 1.0000 0.0000 0.0000
Y 0.0000 1.0000 0.0000
Z 0.0000 0.0000 1.0000

PART 36
OFFSET -14.7030 -3.1330 -3.1208
SCALE 1 1 1
X -0.9456 0.2673 0.1855
Y -0.0464 -0.6751 0.7362
Z 0.3221 0.6876 0.6508

PART 37
OFFSET -3.2673 -6.3659 -5.3648
SCALE 1 1 1
X -0.9919 -0.0542 0.1148
Y 0.0259 -0.9716 -0.2352
Z 0.1243 -0.2303 0.9651

PART 38
OFFSET 5.1693 -5.9050 -6.3410
SCALE 1 1 1
X -0.9919 -0.0542 0.1148
Y -0.1077 -0.1193 -0.9870
Z 0.0672 -0.9914 0.1125

PART 39
OFFSET 6.3766 -5.0379 -8.0236
SCALE 1 1 1
X -0.9924 -0.0478 0.1135
Y -0.1218 0.2444 -0.9620
Z 0.0182 -0.9685 -0.2484

PART 40
OFFSET 6.8511 -4.4679 -6.9814
SCALE 1 1 1
X -0.9924 -0.0478 0.1135
Y -0.1218 0.2444 -0.9620
Z 0.0182 -0.9685 -0.2484

PART 41
OFFSET 7.2202 -5.1755 -4.9692
SCALE 1 1 1
X -0.9924 -0.0478 0.1135
Y -0.1218 0.2444 -0.9620
Z 0.0182 -0.9685 -0.2484

PART 42
OFFSET 8.2102 -5.7389 -6.6929
SCALE 1 1 1
X -1.0000 -0.0028 -0.0059
Y 0.0062 -0.0976 -0.9952
Z 0.0022 -0.9952 0.0976

PART 43
OFFSET 8.6532 -5.2349 -5.7699
SCALE 1 1 1
X -0.5972 -0.7701 -0.2243
Y 0.6229 -0.2691 -0.7346
Z 0.5054 -0.5784 0.6404

PART 44
OFFSET 9.8515 -3.5139 -5.2483
SCALE 1 1 1
X -0.9480 -0.3010 0.1035
Y 0.1714 -0.7565 -0.6311
Z 0.2683 -0.5806 0.7687

PART 45
OFFSET 11.3621 -3.0081 -5.5390
SCALE 1 1 1
X -0.6108 0.4068 0.6793
Y -0.6841 -0.7032 -0.1939
Z 0.3988 -0.5831 0.7078

PART 46
OFFSET 12.0160 -3.4094 -6.3027
SCALE 1 1 1
X -0.8480 0.5300 0.0068
Y 0.2545 0.4184 -0.8719
Z -0.4649 -0.7376 -0.4897

PART 47
OFFSET 9.0626 -5.6399 -7.7733
SCALE 1 1 1
X -0.8233 0.0106 0.5675
Y 0.0714 -0.9900 0.1221
Z 0.5631 0.1410 0.8143

PART 48
OFFSET 10.9857 -5.5218 -8.9447
SCALE 1 1 1
X -0.5930 -0.8049 0.0235
Y 0.7873 -0.5856 -0.1927
Z 0.1688 -0.0958 0.9810

PART 49
OFFSET 11.8253 -4.3823 -8.9778
SCALE 1 1 1
X 0.3269 -0.9323 -0.1550
Y 0.9375 0.3407 -0.0715
Z 0.1195 -0.1219 0.9853

PART 50
OFFSET 11.5354 -3.5557 -8.8405
SCALE 1 1 1
X 0.9434 -0.2669 -0.1968
Y 0.2793 0.9595 0.0376
Z 0.1788 -0.0905 0.9797

PART 51
OFFSET 10.6391 -3.3022 -8.6535
SCALE 1 1 1
X -0.9228 -0.3851 -0.0148
Y -0.3737 0.8847 0.2789
Z -0.0943 0.2628 -0.9602

PART 52
OFFSET 9.2787 -5.7134 -7.0969
SCALE 1 1 1
X -0.9535 0.0213 0.3006
Y 0.0225 -0.9897 0.1413
Z 0.3005 0.1414 0.9432

PART 53
OFFSET 11.7093 -5.8114 -8.0141
SCALE 1 1 1
X -0.2128 -0.9745 0.0711
Y 0.9508 -0.2233 -0.2149
Z 0.2253 0.0219 0.9740

PART 54
OFFSET 12.0716 -4.1523 -8.1352
SCALE 1 1 1
X 0.6969 -0.7008 -0.1524
Y 0.6853 0.7133 -0.1468
Z 0.2116 -0.0021 0.9774

PART 55
OFFSET 11.1058 -3.1810 -7.9240
SCALE 1 1 1
X 0.9678 0.1461 -0.2050
Y -0.1434 0.9893 0.0283
Z 0.2069 0.0020 0.9784

PART 56
OFFSET 10.0562 -3.3395 -7.7017
SCALE 1 1 1
X -0.7009 -0.6847 0.1999
Y -0.6809 0.7257 0.0986
Z -0.2126 -0.0670 -0.9748

PART 57
OFFSET 4.0444 -6.2016 -5.8237
SCALE 1 1 1
X -0.9414 -0.2605 0.2140
Y -0.2925 0.9469 -0.1339
Z -0.1678 -0.1887 -0.9676

PART 58
OFFSET 12.1029 -6.0242 -5.8830
SCALE 1 1 1
X -0.8979 -0.4139 0.1502
Y 0.4297 -0.8981 0.0941
Z 0.0959 0.1490 0.9842

PART 59
OFFSET 13.6837 -5.2955 -6.1474
SCALE 1 1 1
X -0.2910 -0.9327 0.2130
Y 0.9537 -0.3006 -0.0136
Z 0.0767 0.1992 0.9769

PART 60
OFFSET 14.0421 -4.1495 -6.3471
SCALE 1 1 1
X 0.2054 -0.9725 0.1097
Y 0.9758 0.1949 -0.0996
Z 0.0755 0.1275 0.9890

PART 61
OFFSET 13.8101 -3.0510 -6.4710
SCALE 1 1 1
X -0.9265 0.1766 0.3324
Y 0.0876 0.9601 -0.2657
Z -0.3660 -0.2170 -0.9049

PART 62
OFFSET 12.0025 -5.9518 -6.9808
SCALE 1 1 1
X -0.1229 -0.9917 0.0388
Y 0.9882 -0.1259 -0.0868
Z 0.0909 0.0277 0.9955

PART 63
OFFSET 12.2426 -4.0145 -7.0565
SCALE 1 1 1
X 0.7638 -0.6438 -0.0450
Y 0.6355 0.7624 -0.1218
Z 0.1127 0.0644 0.9915

PART 64
OFFSET 11.1270 -3.0741 -6.9909
SCALE 1 1 1
X 0.9646 0.2170 -0.1497
Y -0.2318 0.9686 -0.0899
Z 0.1255 0.1214 0.9846

PART 65
OFFSET 10.0334 -3.3200 -6.8283
SCALE 1 1 1
X -0.5996 -0.7928 0.1093
Y -0.7868 0.6090 0.1009
Z -0.1465 -0.0254 -0.9889

PART 66
OFFSET 0.0000 0.0000 0.0000
SCALE 1 1 1
X 1.0000 0.0000 0.0000
Y 0.0000 1.0000 0.0000
Z 0.0000 0.0000 1.0000

PART 67
OFFSET 0.0000 0.0000 0.0000
SCALE 1 1 1
X 1.0000 0.0000 0.0000
Y 0.0000 1.0000 0.0000
Z 0.0000 0.0000 1.0000

PART 68
OFFSET 0.0000 0.0000 0.0000
SCALE 1 1 1
X 1.0000 0.0000 0.0000
Y 0.0000 1.0000 0.0000
Z 0.0000 0.0000 1.0000

PART 69
OFFSET -3.5095 12.6629 -21.4398
SCALE 1 1 1
X 0.5408 0.1606 -0.8257
Y -0.2238 -0.9188 -0.3253
Z -0.8108 0.3607 -0.4609

PART 70
OFFSET -3.5095 12.6629 -21.4398
SCALE 1 1 1
X 0.5408 0.1606 -0.8257
Y -0.2238 -0.9188 -0.3253
Z -0.8108 0.3607 -0.4609

PART 71
OFFSET 12.6976 -4.1841 -5.7962
SCALE 1 1 1
X 1.0000 0.0000 0.0000
Y 0.0000 1.0000 0.0000
Z 0.0000 0.0000 1.0000

PART 72
OFFSET 11.3575 -4.1125 -7.0335
SCALE 1 1 1
X 1.0000 0.0000 0.0000
Y 0.0000 1.0000 0.0000
Z 0.0000 0.0000 1.0000

PART 73
OFFSET 15.9704 -4.0279 -5.5611
SCALE 1 1 1
X 1.0000 0.0000 0.0000
Y 0.0000 1.0000 0.0000
Z 0.0000 0.0000 1.0000

PART 74
OFFSET 14.1430 -4.1851 -4.2014
SCALE 1 1 1
X 0.9998 0.0000 0.0204
Y -0.0000 1.0000 0.0000
Z -0.0204 -0.0000 0.9998

PART 75
OFFSET -10.9396 -2.3030 -2.0591
SCALE 1 1 1
X 1.0000 0.0000 0.0000
Y 0.0000 1.0000 0.0000
Z 0.0000 0.0000 1.0000

PART 76
OFFSET 14.1268 -4.1911 -5.0074
SCALE 1 1 1
X 1.0000 0.0000 0.0000
Y 0.0000 1.0000 0.0000
Z 0.0000 0.0000 1.0000

PART 77
OFFSET 14.1268 -3.5140 -4.6133
SCALE 1 1 1
X 1.0000 0.0000 0.0000
Y 0.0000 1.0000 0.0000
Z 0.0000 0.0000 1.0000

PART 78
OFFSET 14.1268 -3.5084 -3.8251
SCALE 1 1 1
X 1.0000 0.0000 0.0000
Y 0.0000 1.0000 0.0000
Z 0.0000 0.0000 1.0000

PART 79
OFFSET 14.1268 -4.1856 -3.4421
SCALE 1 1 1
X 1.0000 0.0000 0.0000
Y 0.0000 1.0000 0.0000
Z 0.0000 0.0000 1.0000

PART 80
OFFSET 14.1268 -4.8683 -3.8306
SCALE 1 1 1
X 1.0000 0.0000 0.0000
Y 0.0000 1.0000 0.0000
Z 0.0000 0.0000 1.0000

PART 81
OFFSET 14.1268 -4.8628 -4.6077
SCALE 1 1 1
X 1.0000 0.0000 0.0000
Y 0.0000 1.0000 0.0000
Z 0.0000 0.0000 1.0000

PART 82
OFFSET -8.4665 -2.3181 -2.0641
SCALE 1 1 1
X 1.0000 0.0000 0.0000
Y 0.0000 1.0000 0.0000
Z 0.0000 0.0000 1.0000

PART 83
OFFSET 12.0752 -4.1764 -5.1979
SCALE 1 1 1
X 0.7580 0.0000 -0.6522
Y 0.0000 1.0000 0.0000
Z 0.6522 0.0000 0.7580


FRAME 101
PART 0
OFFSET -2.3103 12.6036 -19.7736
SCALE 1 1 1
X 0.4011 -0.0915 -0.9115
Y 0.5284 0.8359 0.1486
Z 0.7483 -0.5412 0.3836

PART 1
OFFSET -2.9816 11.4740 -19.8411
SCALE 1 1 1
X 0.4011 -0.0915 -0.9115
Y 0.5284 0.8359 0.1486
Z 0.7483 -0.5412 0.3836

PART 2
OFFSET -4.1909 11.3150 -19.9403
SCALE 1 1 1
X 0.4011 -0.0915 -0.9115
Y 0.5284 0.8359 0.1486
Z 0.7483 -0.5412 0.3836

PART 3
OFFSET -3.4610 12.5132 -21.5333
SCALE 1 1 1
X 0.8053 0.0611 -0.5897
Y 0.5702 -0.3519 0.7423
Z -0.1622 -0.9340 -0.3182

PART 4
OFFSET -4.6995 12.8109 -18.7448
SCALE 1 1 1
X 0.4040 -0.0971 -0.9096
Y 0.8481 -0.3328 0.4122
Z -0.3427 -0.9380 -0.0521

PART 5
OFFSET -8.1358 13.6368 -11.0084
SCALE 1 1 1
X 0.4040 -0.0971 -0.9096
Y 0.7382 -0.5526 0.3869
Z -0.5402 -0.8278 -0.1516

PART 6
OFFSET -1.9111 -0.4487 -1.8207
SCALE 1 1 1
X 1.0000 0.0000 0.0000
Y 0.0000 1.0000 0.0000
Z 0.0000 0.0000 1.0000

PART 7
OFFSET -0.7853 7.4886 -3.6306
SCALE 1 1 1
X -0.6078 0.5084 -0.6100
Y -0.1681 -0.8332 -0.5269
Z -0.7761 -0.2177 0.5918

PART 8
OFFSET 9.0429 -5.7134 -7.3852
SCALE 1 1 1
X -0.9701 0.0213 0.2417
Y 0.0138 -0.9897 0.1424
Z 0.2422 0.1414 0.9598

PART 9
OFFSET -4.2403 14.2058 -20.2250
SCALE 1 1 1
X 0.4011 -0.0915 -0.9115
Y 0.5284 0.8359 0.1486
Z 0.7483 -0.5412 0.3836

PART 10
OFFSET 9.0429 -5.7134 -7.3852
SCALE 1 1 1
X -0.9701 0.0213 0.2417
Y 0.0138 -0.9897 0.1424
Z 0.2422 0.1414 0.9598

PART 11
OFFSET -5.6112 12.8018 -20.2638
SCALE 1 1 1
X 0.4011 -0.0915 -0.9115
Y 0.5284 0.8359 0.1486
Z 0.7483 -0.5412 0.3836

PART 12
OFFSET -2.6150 11.8176 -21.2129
SCALE 1 1 1
X 0.7944 -0.5961 -0.1164
Y 0.1642 0.0263 0.9861
Z -0.5847 -0.8025 0.1188

PART 13
OFFSET -0.9168 10.4892 -21.3590
SCALE 1 1 1
X 0.6589 -0.2857 -0.6959
Y 0.5509 -0.4466 0.7050
Z -0.5121 -0.8479 -0.1369

PART 14
OFFSET 0.0567 9.9598 -22.5398
SCALE 1 1 1
X 0.2493 -0.1659 -0.9541
Y 0.7919 -0.5322 0.2995
Z -0.5574 -0.8302 -0.0013

PART 15
OFFSET 0.3142 9.7333 -23.5665
SCALE 1 1 1
X 0.7053 0.3012 -0.6418
Y 0.0425 0.8857 0.4623
Z 0.7077 -0.3533 0.6119

PART 16
OFFSET -3.4228 12.7529 -22.8915
SCALE 1 1 1
X 0.3278 0.2109 -0.9209
Y -0.2315 -0.9271 -0.2947
Z -0.9159 0.3098 -0.2551

PART 17
OFFSET -2.5812 13.0679 -24.9596
SCALE 1 1 1
X 0.4140 -0.2141 -0.8847
Y -0.3657 -0.9292 0.0537
Z -0.8336 0.3013 -0.4630

PART 18
OFFSET -1.9950 12.7648 -26.2122
SCALE 1 1 1
X -0.0696 -0.8949 -0.4409
Y -0.5926 -0.3185 0.7399
Z -0.8025 0.3127 -0.5081

PART 19
OFFSET -2.0567 11.9714 -26.6031
SCALE 1 1 1
X -0.4055 -0.9005 0.1571
Y -0.3616 0.3159 0.8772
Z -0.8396 0.2989 -0.4537

PART 20
OFFSET -2.4419 11.1159 -26.4538
SCALE 1 1 1
X 0.6585 0.4473 -0.6053
Y -0.1181 0.8557 0.5038
Z 0.7433 -0.2602 0.6163

PART 21
OFFSET -2.8441 12.6629 -22.4834
SCALE 1 1 1
X 0.5903 0.1606 -0.7910
Y -0.2035 -0.9188 -0.3384
Z -0.7811 0.3607 -0.5097

PART 22
OFFSET -1.4236 13.1535 -24.6047
SCALE 1 1 1
X 0.4187 -0.3030 -0.8561
Y -0.4197 -0.9005 0.1135
Z -0.8053 0.3118 -0.5042

PART 23
OFFSET -0.7108 12.6376 -26.0622
SCALE 1 1 1
X -0.1327 -0.9279 -0.3484
Y -0.5981 -0.2053 0.7747
Z -0.7904 0.3112 -0.5277

PART 24
OFFSET -0.8948 11.3516 -26.5450
SCALE 1 1 1
X -0.4647 -0.8682 0.1740
Y -0.4014 0.3817 0.8326
Z -0.7893 0.3171 -0.5258

PART 25
OFFSET -1.3987 10.4100 -26.3563
SCALE 1 1 1
X 0.5712 0.5089 -0.6440
Y -0.0282 0.7963 0.6042
Z 0.8203 -0.3270 0.4692

PART 26
OFFSET -0.1599 11.6421 -22.3430
SCALE 1 1 1
X 0.6024 -0.1342 -0.7869
Y 0.4113 0.8970 0.1619
Z 0.6841 -0.4212 0.5955

PART 27
OFFSET 0.1674 12.8329 -23.1529
SCALE 1 1 1
X 0.5837 -0.5426 -0.6041
Y -0.6528 -0.7560 0.0482
Z -0.4828 0.3662 -0.7955

PART 28
OFFSET 1.1950 11.8776 -24.2164
SCALE 1 1 1
X 0.2219 -0.8100 -0.5428
Y -0.8652 -0.4203 0.2734
Z -0.4495 0.4090 -0.7941

PART 29
OFFSET 1.4922 10.8680 -24.8281
SCALE 1 1 1
X -0.0030 -0.9239 -0.3826
Y -0.8928 -0.1698 0.4172
Z -0.4504 0.3429 -0.8244

PART 30
OFFSET 1.4887 9.8245 -25.2602
SCALE 1 1 1
X 0.6803 0.5505 -0.4839
Y -0.2039 0.7763 0.5965
Z 0.7040 -0.3071 0.6403

PART 31
OFFSET -0.5662 13.0406 -23.9524
SCALE 1 1 1
X 0.5242 -0.4957 -0.6925
Y -0.5993 -0.7924 0.1136
Z -0.6051 0.3555 -0.7124

PART 32
OFFSET 0.4578 12.0723 -25.3052
SCALE 1 1 1
X -0.1336 -0.9220 -0.3633
Y -0.7605 -0.1396 0.6341
Z -0.6354 0.3610 -0.6826

PART 33
OFFSET 0.2626 10.7255 -25.8359
SCALE 1 1 1
X -0.5282 -0.8474 0.0536
Y -0.5209 0.3732 0.7677
Z -0.6706 0.3776 -0.6385

PART 34
OFFSET -0.3400 9.7682 -25.7802
SCALE 1 1 1
X 0.7805 0.3873 -0.4907
Y -0.1085 0.8569 0.5039
Z 0.6156 -0.3401 0.7109

PART 35
OFFSET 12.3758 -4.1841 -5.8777
SCALE 1 1 1
X 0.9981 0.0000 0.0612
Y -0.0000 1.0000 0.0000
Z -0.0612 -0.0000 0.9981

PART 36
OFFSET -14.7030 -3.1330 -3.1208
SCALE 1 1 1
X -0.9279 0.3082 0.2097
Y -0.0557 -0.6709 0.7394
Z 0.3686 0.6745 0.6397

PART 37
OFFSET -3.4807 -6.8602 -5.6568
SCALE 1 1 1
X -0.9880 -0.0969 0.1202
Y 0.0652 -0.9675 -0.2442
Z 0.1399 -0.2334 0.9623

PART 38
OFFSET 4.9228 -6.0360 -6.6789
SCALE 1 1 1
X -0.9880 -0.0969 0.1202
Y -0.1084 -0.1188 -0.9870
Z 0.1099 -0.9882 0.1069

PART 39
OFFSET 6.0821 -5.1034 -8.3583
SCALE 1 1 1
X -0.9888 -0.0905 0.1190
Y -0.1381 0.2475 -0.9590
Z 0.0573 -0.9646 -0.2573

PART 40
OFFSET 6.5386 -4.5223 -7.3147
SCALE 1 1 1
X -0.9888 -0.0905 0.1190
Y -0.1381 0.2475 -0.9590
Z 0.0573 -0.9646 -0.2573

PART 41
OFFSET 6.9493 -5.2301 -5.3145
SCALE 1 1 1
X -0.9888 -0.0905 0.1190
Y -0.1381 0.2475 -0.9590
Z 0.0573 -0.9646 -0.2573

PART 42
OFFSET 7.9517 -5.7389 -7.0473
SCALE 1 1 1
X -0.9977 -0.0028 -0.0671
Y 0.0670 -0.0976 -0.9930
Z -0.0037 -0.9952 0.0975

PART 43
OFFSET 8.3373 -5.2349 -6.0990
SCALE 1 1 1
X -0.5823 -0.7701 -0.2604
Y 0.6667 -0.2691 -0.6951
Z 0.4652 -0.5784 0.6701

PART 44
OFFSET 9.5016 -3.5139 -5.5050
SCALE 1 1 1
X -0.9525 -0.3010 0.0453
Y 0.2096 -0.7565 -0.6195
Z 0.2207 -0.5806 0.7837

PART 45
OFFSET 11.0271 -3.0081 -5.7028
SCALE 1 1 1
X -0.6512 0.4068 0.6407
Y -0.6709 -0.7032 -0.2354
Z 0.3547 -0.5831 0.7308

PART 46
OFFSET 11.7264 -3.4094 -6.4250
SCALE 1 1 1
X -0.8468 0.5300 -0.0451
Y 0.3074 0.4184 -0.8547
Z -0.4341 -0.7376 -0.5172

PART 47
OFFSET 8.8685 -5.6399 -8.0735
SCALE 1 1 1
X -0.8565 0.0106 0.5160
Y 0.0638 -0.9900 0.1262
Z 0.5122 0.1410 0.8472

PART 48
OFFSET 10.8597 -5.5218 -9.1250
SCALE 1 1 1
X -0.5933 -0.8049 -0.0129
Y 0.7976 -0.5856 -0.1442
Z 0.1085 -0.0958 0.9895

PART 49
OFFSET 11.6997 -4.3823 -9.1068
SCALE 1 1 1
X 0.3358 -0.9323 -0.1347
Y 0.9401 0.3407 -0.0141
Z 0.0590 -0.1219 0.9908

PART 50
OFFSET 11.4019 -3.5557 -8.9874
SCALE 1 1 1
X 0.9537 -0.2669 -0.1387
Y 0.2765 0.9595 0.0546
Z 0.1185 -0.0905 0.9888

PART 51
OFFSET 10.4959 -3.3022 -8.8556
SCALE 1 1 1
X -0.9201 -0.3851 -0.0712
Y -0.3900 0.8847 0.2555
Z -0.0354 0.2628 -0.9642

PART 52
OFFSET 9.0429 -5.7134 -7.3852
SCALE 1 1 1
X -0.9701 0.0213 0.2417
Y 0.0138 -0.9897 0.1424
Z 0.2422 0.1414 0.9598

PART 53
OFFSET 11.5250 -5.8114 -8.1519
SCALE 1 1 1
X -0.2167 -0.9745 0.0580
Y 0.9621 -0.2233 -0.1564
Z 0.1653 0.0219 0.9860

PART 54
OFFSET 11.8940 -4.1523 -8.2507
SCALE 1 1 1
X 0.7049 -0.7008 -0.1095
Y 0.6930 0.7133 -0.1046
Z 0.1514 -0.0021 0.9885

PART 55
OFFSET 10.9171 -3.1810 -8.0990
SCALE 1 1 1
X 0.9785 0.1461 -0.1454
Y -0.1448 0.9893 0.0195
Z 0.1467 0.0020 0.9892

PART 56
OFFSET 9.8558 -3.3395 -7.9413
SCALE 1 1 1
X -0.7118 -0.6847 0.1566
Y -0.6856 0.7257 0.0568
Z -0.1526 -0.0670 -0.9860

PART 57
OFFSET 3.7405 -6.2016 -6.4346
SCALE 1 1 1
X -0.9528 -0.2605 0.1560
Y -0.2837 0.9469 -0.1515
Z -0.1083 -0.1887 -0.9761

PART 58
OFFSET 11.7875 -6.0242 -6.0007
SCALE 1 1 1
X -0.9054 -0.4139 0.0950
Y 0.4231 -0.8981 0.1202
Z 0.0356 0.1490 0.9882

PART 59
OFFSET 13.3815 -5.2955 -6.1680
SCALE 1 1 1
X -0.3035 -0.9327 0.1948
Y 0.9527 -0.3006 0.0448
Z 0.0168 0.1992 0.9798

PART 60
OFFSET 13.7514 -4.1495 -6.3454
SCALE 1 1 1
X 0.3012 -0.9463 0.1172
Y 0.9534 0.2970 -0.0525
Z 0.0149 0.1275 0.9917

PART 61
OFFSET 13.4112 -3.0806 -6.4777
SCALE 1 1 1
X -0.9546 0.0758 0.2882
Y -0.0015 0.9659 -0.2590
Z -0.2980 -0.2477 -0.9219

PART 62
OFFSET 11.7545 -5.9518 -7.1026
SCALE 1 1 1
X -0.1250 -0.9917 0.0312
Y 0.9917 -0.1259 -0.0262
Z 0.0299 0.0277 0.9992

PART 63
OFFSET 11.9987 -4.0145 -7.1636
SCALE 1 1 1
X 0.7652 -0.6438 0.0018
Y 0.6418 0.7624 -0.0827
Z 0.0518 0.0644 0.9966

PART 64
OFFSET 10.8812 -3.0741 -7.1663
SCALE 1 1 1
X 0.9720 0.2170 -0.0904
Y -0.2259 0.9686 -0.1039
Z 0.0650 0.1214 0.9905

PART 65
OFFSET 9.7797 -3.3200 -7.0709
SCALE 1 1 1
X -0.6052 -0.7928 0.0724
Y -0.7915 0.6090 0.0526
Z -0.0858 -0.0254 -0.9960

PART 66
OFFSET 0.0000 0.0000 0.0000
SCALE 1 1 1
X 1.0000 0.0000 0.0000
Y 0.0000 1.0000 0.0000
Z 0.0000 0.0000 1.0000

PART 67
OFFSET -0.1483 0.0000 0.0102
SCALE 1 1 1
X 1.0000 0.0004 -0.0064
Y -0.0004 1.0000 -0.0027
Z 0.0064 0.0027 1.0000

PART 68
OFFSET 0.0000 0.0000 0.0000
SCALE 1 1 1
X 1.0000 0.0004 -0.0064
Y -0.0004 1.0000 -0.0027
Z 0.0064 0.0027 1.0000

PART 69
OFFSET -2.8441 12.6629 -22.4834
SCALE 1 1 1
X 0.5903 0.1606 -0.7910
Y -0.2035 -0.9188 -0.3384
Z -0.7811 0.3607 -0.5097

PART 70
OFFSET -2.8441 12.6629 -22.4834
SCALE 1 1 1
X 0.5903 0.1606 -0.7910
Y -0.2035 -0.9188 -0.3384
Z -0.7811 0.3607 -0.5097

PART 71
OFFSET 12.3758 -4.1841 -5.8777
SCALE 1 1 1
X 0.9981 0.0000 0.0612
Y -0.0000 1.0000 0.0000
Z -0.0612 -0.0000 0.9981

PART 72
OFFSET 11.1139 -4.1125 -7.1947
SCALE 1 1 1
X 0.9981 0.0000 0.0612
Y -0.0000 1.0000 0.0000
Z -0.0612 -0.0000 0.9981

PART 73
OFFSET 15.6280 -4.0279 -5.4429
SCALE 1 1 1
X 0.9981 0.0000 0.0612
Y -0.0000 1.0000 0.0000
Z -0.0612 -0.0000 0.9981

PART 74
OFFSET 13.7209 -4.1851 -4.1976
SCALE 1 1 1
X 0.9967 0.0000 0.0816
Y -0.0237 0.9569 0.2895
Z -0.0780 -0.2905 0.9537

PART 75
OFFSET -11.4810 -3.1553 -3.1627
SCALE 1 1 1
X 0.9981 0.0059 0.0620
Y -0.0237 0.9569 0.2895
Z -0.0577 -0.2904 0.9552

PART 76
OFFSET 13.7514 -3.9569 -4.9702
SCALE 1 1 1
X 0.9981 0.0059 0.0620
Y -0.0237 0.9569 0.2895
Z -0.0577 -0.2904 0.9552

PART 77
OFFSET 13.7126 -3.4234 -4.3977
SCALE 1 1 1
X 0.9981 0.0059 0.0620
Y -0.0237 0.9569 0.2895
Z -0.0577 -0.2904 0.9552

PART 78
OFFSET 13.6670 -3.6470 -3.6432
SCALE 1 1 1
X 0.9981 0.0059 0.0620
Y -0.0237 0.9569 0.2895
Z -0.0577 -0.2904 0.9552

PART 79
OFFSET 13.6610 -4.4062 -3.4734
SCALE 1 1 1
X 0.9981 0.0059 0.0620
Y -0.0237 0.9569 0.2895
Z -0.0577 -0.2904 0.9552

PART 80
OFFSET 13.6996 -4.9467 -4.0422
SCALE 1 1 1
X 0.9981 0.0059 0.0620
Y -0.0237 0.9569 0.2895
Z -0.0577 -0.2904 0.9552

PART 81
OFFSET 13.7442 -4.7157 -4.7829
SCALE 1 1 1
X 0.9981 0.0059 0.0620
Y -0.0237 0.9569 0.2895
Z -0.0577 -0.2904 0.9552

PART 82
OFFSET -9.0120 -3.1536 -3.0184
SCALE 1 1 1
X 0.9981 0.0059 0.0620
Y -0.0237 0.9569 0.2895
Z -0.0577 -0.2904 0.9552

PART 83
OFFSET 11.7179 -4.1764 -5.3187
SCALE 1 1 1
X 0.9408 0.0000 -0.3390
Y 0.0000 1.0000 0.0000
Z 0.3390 0.0000 0.9408


FRAME 102
PART 0
OFFSET 2.5322 12.5531 -23.5224
SCALE 1 1 1
X 0.3779 0.0474 -0.9246
Y 0.4798 0.8441 0.2394
Z 0.7918 -0.5341 0.2962

PART 1
OFFSET 1.8612 11.4097 -23.7425
SCALE 1 1 1
X 0.3779 0.0474 -0.9246
Y 0.4798 0.8441 0.2394
Z 0.7918 -0.5341 0.2962

PART 2
OFFSET 0.6782 11.0816 -23.8317
SCALE 1 1 1
X 0.3779 0.0474 -0.9246
Y 0.4798 0.8441 0.2394
Z 0.7918 -0.5341 0.2962

PART 3
OFFSET 1.2834 12.5114 -25.2794
SCALE 1 1 1
X 0.9418 0.0612 -0.3305
Y 0.3302 -0.3519 0.8759
Z -0.0626 -0.9340 -0.3516

PART 4
OFFSET 0.1146 12.3831 -22.4482
SCALE 1 1 1
X 0.3812 0.0419 -0.9235
Y 0.9017 -0.2374 0.3614
Z -0.2041 -0.9705 -0.1283

PART 5
OFFSET -3.1279 12.0271 -14.5932
SCALE 1 1 1
X 0.3812 0.0419 -0.9235
Y 0.7825 -0.5465 0.2983
Z -0.4922 -0.8364 -0.2411

PART 6
OFFSET -1.9111 -0.4487 -1.8207
SCALE 1 1 1
X 1.0000 0.0000 0.0000
Y 0.0000 1.0000 0.0000
Z 0.0000 0.0000 1.0000

PART 7
OFFSET -0.7853 7.4886 -3.6306
SCALE 1 1 1
X -0.1937 0.3753 -0.9064
Y 0.0091 -0.9232 -0.3842
Z -0.9810 -0.0827 0.1754

PART 8
OFFSET 9.1451 -5.7144 -8.1115
SCALE 1 1 1
X -0.9985 0.0211 -0.0503
Y -0.0280 -0.9897 0.1402
Z -0.0468 0.1414 0.9888

PART 9
OFFSET 0.5529 14.0911 -23.7016
SCALE 1 1 1
X 0.3779 0.0474 -0.9246
Y 0.4798 0.8441 0.2394
Z 0.7918 -0.5341 0.2962

PART 10
OFFSET 9.1451 -5.7144 -8.1115
SCALE 1 1 1
X -0.9985 0.0211 -0.0503
Y -0.0280 -0.9897 0.1402
Z -0.0468 0.1414 0.9888

PART 11
OFFSET -0.8408 12.5008 -23.9353
SCALE 1 1 1
X 0.3779 0.0474 -0.9246
Y 0.4798 0.8441 0.2394
Z 0.7918 -0.5341 0.2962

PART 12
OFFSET 2.0000 11.8158 -24.7272
SCALE 1 1 1
X 0.7941 -0.5960 0.1192
Y -0.1291 0.0263 0.9913
Z -0.5939 -0.8026 -0.0561

PART 13
OFFSET 3.6677 10.4878 -24.3742
SCALE 1 1 1
X 0.8326 -0.2855 -0.4746
Y 0.3226 -0.4465 0.8346
Z -0.4502 -0.8480 -0.2797

PART 14
OFFSET 4.9422 9.9586 -25.2215
SCALE 1 1 1
X 0.5155 -0.1658 -0.8407
Y 0.6710 -0.5321 0.5164
Z -0.5329 -0.8303 -0.1630

PART 15
OFFSET 5.4867 9.7322 -26.1293
SCALE 1 1 1
X 0.8612 0.3013 -0.4094
Y -0.0937 0.8857 0.4547
Z 0.4996 -0.3532 0.7909

PART 16
OFFSET 1.7141 12.7512 -26.5680
SCALE 1 1 1
X 0.5810 0.2110 -0.7861
Y -0.1358 -0.9272 -0.3492
Z -0.8025 0.3096 -0.5100

PART 17
OFFSET 3.1197 13.0664 -28.3027
SCALE 1 1 1
X 0.6530 -0.2140 -0.7265
Y -0.3654 -0.9292 -0.0548
Z -0.6633 0.3012 -0.6850

PART 18
OFFSET 4.0443 12.7635 -29.3313
SCALE 1 1 1
X 0.0616 -0.8948 -0.4421
Y -0.7818 -0.3186 0.5360
Z -0.6205 0.3127 -0.7192

PART 19
OFFSET 4.0989 11.9702 -29.7233
SCALE 1 1 1
X -0.4335 -0.9006 0.0327
Y -0.6007 0.3157 0.7345
Z -0.6718 0.2988 -0.6778

PART 20
OFFSET 3.6871 11.1146 -29.6923
SCALE 1 1 1
X 0.8058 0.4474 -0.3880
Y -0.2594 0.8556 0.4478
Z 0.5324 -0.2602 0.8055

PART 21
OFFSET 2.1494 12.6613 -26.0095
SCALE 1 1 1
X 0.7945 0.1607 -0.5856
Y -0.0964 -0.9188 -0.3829
Z -0.5996 0.3606 -0.7145

PART 22
OFFSET 4.1245 13.1522 -27.6271
SCALE 1 1 1
X 0.6492 -0.3029 -0.6977
Y -0.4344 -0.9006 -0.0132
Z -0.6244 0.3117 -0.7163

PART 23
OFFSET 5.2297 12.6366 -28.8150
SCALE 1 1 1
X -0.0257 -0.9279 -0.3719
Y -0.7972 -0.2055 0.5677
Z -0.6032 0.3111 -0.7344

PART 24
OFFSET 5.1941 11.3506 -29.3304
SCALE 1 1 1
X -0.4950 -0.8683 0.0316
Y -0.6258 0.3816 0.6802
Z -0.6027 0.3170 -0.7323

PART 25
OFFSET 4.6572 10.4089 -29.2962
SCALE 1 1 1
X 0.7335 0.5090 -0.4505
Y -0.2025 0.7963 0.5700
Z 0.6489 -0.3269 0.6871

PART 26
OFFSET 4.6775 11.6409 -25.0961
SCALE 1 1 1
X 0.8049 -0.1340 -0.5781
Y 0.3465 0.8970 0.2744
Z 0.4818 -0.4211 0.7684

PART 27
OFFSET 5.2256 12.8318 -25.7760
SCALE 1 1 1
X 0.7340 -0.5425 -0.4087
Y -0.6386 -0.7561 -0.1434
Z -0.2312 0.3662 -0.9014

PART 28
OFFSET 6.5179 11.8767 -26.4955
SCALE 1 1 1
X 0.3701 -0.8099 -0.4550
Y -0.9073 -0.4204 0.0104
Z -0.1997 0.4090 -0.8904

PART 29
OFFSET 6.9799 10.8672 -26.9946
SCALE 1 1 1
X 0.1083 -0.9239 -0.3671
Y -0.9754 -0.1700 0.1400
Z -0.1918 0.3429 -0.9196

PART 30
OFFSET 7.1023 9.8237 -27.4091
SCALE 1 1 1
X 0.7913 0.5507 -0.2656
Y -0.3684 0.7762 0.5117
Z 0.4879 -0.3071 0.8171

PART 31
OFFSET 4.7556 13.0394 -26.7540
SCALE 1 1 1
X 0.7027 -0.4955 -0.5106
Y -0.6063 -0.7925 -0.0653
Z -0.3723 0.3555 -0.8574

PART 32
OFFSET 6.1284 12.0714 -27.7514
SCALE 1 1 1
X -0.0223 -0.9220 -0.3865
Y -0.9118 -0.1398 0.3861
Z -0.4100 0.3610 -0.8376

PART 33
OFFSET 6.0959 10.7246 -28.3159
SCALE 1 1 1
X -0.5208 -0.8475 -0.1020
Y -0.7214 0.3731 0.5835
Z -0.4565 0.3775 -0.8057

PART 34
OFFSET 5.5032 9.7671 -28.4376
SCALE 1 1 1
X 0.8893 0.3875 -0.2429
Y -0.2502 0.8569 0.4507
Z 0.3828 -0.3400 0.8590

PART 35
OFFSET 11.8966 -4.1848 -5.7014
SCALE 1 1 1
X 0.9374 0.0002 0.3483
Y -0.0002 1.0000 0.0000
Z -0.3483 -0.0001 0.9374

PART 36
OFFSET -14.7030 -3.1330 -3.1208
SCALE 1 1 1
X -0.9366 0.2530 0.2424
Y 0.0034 -0.6851 0.7284
Z 0.3504 0.6831 0.6408

PART 37
OFFSET -3.3758 -6.1931 -6.0524
SCALE 1 1 1
X -0.9834 -0.0391 0.1774
Y -0.0055 -0.9697 -0.2443
Z 0.1816 -0.2412 0.9533

PART 38
OFFSET 4.9881 -5.8601 -7.5611
SCALE 1 1 1
X -0.9834 -0.0391 0.1774
Y -0.1723 -0.1076 -0.9791
Z 0.0574 -0.9934 0.0991

PART 39
OFFSET 6.1001 -4.9973 -9.3106
SCALE 1 1 1
X -0.9838 -0.0327 0.1762
Y -0.1787 0.2552 -0.9502
Z -0.0139 -0.9663 -0.2570

PART 40
OFFSET 6.6495 -4.4450 -8.2960
SCALE 1 1 1
X -0.9838 -0.0327 0.1762
Y -0.1787 0.2552 -0.9502
Z -0.0139 -0.9663 -0.2570

PART 41
OFFSET 7.1341 -5.1772 -6.3165
SCALE 1 1 1
X -0.9838 -0.0327 0.1762
Y -0.1787 0.2552 -0.9502
Z -0.0139 -0.9663 -0.2570

PART 42
OFFSET 8.0028 -5.7401 -8.1049
SCALE 1 1 1
X -0.9353 -0.0030 -0.3538
Y 0.3524 -0.0975 -0.9308
Z -0.0317 -0.9952 0.0922

PART 43
OFFSET 8.0964 -5.2361 -7.0854
SCALE 1 1 1
X -0.4815 -0.7702 -0.4182
Y 0.8398 -0.2689 -0.4717
Z 0.2508 -0.5783 0.7763

PART 44
OFFSET 9.0378 -3.5150 -6.1790
SCALE 1 1 1
X -0.9246 -0.3012 -0.2332
Y 0.3806 -0.7564 -0.5320
Z -0.0162 -0.5806 0.8140

PART 45
OFFSET 10.5549 -3.0089 -5.9254
SCALE 1 1 1
X -0.8092 0.4067 0.4241
Y -0.5736 -0.7033 -0.4200
Z 0.1274 -0.5831 0.8023

PART 46
OFFSET 11.4339 -3.4100 -6.4136
SCALE 1 1 1
X -0.7974 0.5298 -0.2889
Y 0.5421 0.4186 -0.7286
Z -0.2651 -0.7376 -0.6210

PART 47
OFFSET 9.1780 -5.6408 -8.8207
SCALE 1 1 1
X -0.9694 0.0105 0.2452
Y 0.0245 -0.9900 0.1393
Z 0.2442 0.1410 0.9594

PART 48
OFFSET 11.3887 -5.5224 -9.2490
SCALE 1 1 1
X -0.5639 -0.8050 -0.1845
Y 0.8053 -0.5855 0.0935
Z -0.1834 -0.0959 0.9784

PART 49
OFFSET 12.1870 -4.3827 -8.9877
SCALE 1 1 1
X 0.3606 -0.9322 -0.0314
Y 0.9036 0.3408 0.2594
Z -0.2311 -0.1219 0.9652

PART 50
OFFSET 11.8672 -3.5562 -8.9598
SCALE 1 1 1
X 0.9529 -0.2667 0.1441
Y 0.2485 0.9595 0.1326
Z -0.1736 -0.0905 0.9806

PART 51
OFFSET 10.9619 -3.3028 -9.0967
SCALE 1 1 1
X -0.8598 -0.3852 -0.3352
Y -0.4475 0.8846 0.1313
Z 0.2459 0.2629 -0.9329

PART 52
OFFSET 9.1451 -5.7144 -8.1115
SCALE 1 1 1
X -0.9985 0.0211 -0.0503
Y -0.0280 -0.9897 0.1402
Z -0.0468 0.1414 0.9888

PART 53
OFFSET 11.7429 -5.8120 -8.1247
SCALE 1 1 1
X -0.2241 -0.9745 -0.0074
Y 0.9661 -0.2231 0.1297
Z -0.1280 0.0219 0.9915

PART 54
OFFSET 12.1244 -4.1528 -8.1120
SCALE 1 1 1
X 0.7064 -0.7007 0.0998
Y 0.6934 0.7134 0.1011
Z -0.1421 -0.0022 0.9899

PART 55
OFFSET 11.1453 -3.1817 -8.2504
SCALE 1 1 1
X 0.9786 0.1463 0.1449
Y -0.1444 0.9892 -0.0233
Z -0.1468 0.0019 0.9892

PART 56
OFFSET 10.0840 -3.3403 -8.4075
SCALE 1 1 1
X -0.7265 -0.6848 -0.0567
Y -0.6727 0.7256 -0.1447
Z 0.1402 -0.0669 -0.9879

PART 57
OFFSET 3.7951 -6.2036 -8.7410
SCALE 1 1 1
X -0.9570 -0.2607 -0.1273
Y -0.2277 0.9468 -0.2273
Z 0.1798 -0.1886 -0.9655

PART 58
OFFSET 11.3696 -6.0248 -5.9899
SCALE 1 1 1
X -0.8939 -0.4140 -0.1719
Y 0.3702 -0.8980 0.2378
Z -0.2528 0.1490 0.9560

PART 59
OFFSET 12.9435 -5.2959 -5.6872
SCALE 1 1 1
X -0.3468 -0.9328 0.0983
Y 0.8987 -0.3005 0.3194
Z -0.2684 0.1991 0.9425

PART 60
OFFSET 13.3487 -4.1498 -5.7496
SCALE 1 1 1
X 0.3515 -0.9094 0.2224
Y 0.8953 0.3959 0.2041
Z -0.2736 0.1274 0.9534

PART 61
OFFSET 12.9517 -3.1227 -6.0008
SCALE 1 1 1
X -0.9996 -0.0255 0.0115
Y -0.0277 0.9606 -0.2767
Z -0.0040 -0.2769 -0.9609

PART 62
OFFSET 11.6579 -5.9524 -7.0539
SCALE 1 1 1
X -0.1285 -0.9917 -0.0065
Y 0.9566 -0.1257 0.2628
Z -0.2615 0.0276 0.9648

PART 63
OFFSET 11.9090 -4.0151 -7.0413
SCALE 1 1 1
X 0.7318 -0.6437 0.2239
Y 0.6380 0.7625 0.1072
Z -0.2397 0.0644 0.9687

PART 64
OFFSET 10.8402 -3.0748 -7.3683
SCALE 1 1 1
X 0.9563 0.2171 0.1956
Y -0.1862 0.9686 -0.1650
Z -0.2253 0.1213 0.9667

PART 65
OFFSET 9.7585 -3.3210 -7.5968
SCALE 1 1 1
X -0.6000 -0.7929 -0.1064
Y -0.7728 0.6088 -0.1794
Z 0.2070 -0.0254 -0.9780

PART 66
OFFSET 0.0000 0.0000 0.0000
SCALE 1 1 1
X 1.0000 0.0000 0.0000
Y 0.0000 1.0000 0.0000
Z 0.0000 0.0000 1.0000

PART 67
OFFSET -0.3280 0.0000 0.0000
SCALE 1 1 1
X 0.9999 0.0007 -0.0117
Y -0.0008 1.0000 -0.0047
Z 0.0117 0.0047 0.9999

PART 68
OFFSET 0.0000 -0.0000 -0.0000
SCALE 1 1 1
X 0.9999 0.0007 -0.0117
Y -0.0008 1.0000 -0.0047
Z 0.0117 0.0047 0.9999

PART 69
OFFSET 2.1494 12.6613 -26.0095
SCALE 1 1 1
X 0.7945 0.1607 -0.5856
Y -0.0964 -0.9188 -0.3829
Z -0.5996 0.3606 -0.7145

PART 70
OFFSET 2.1494 12.6613 -26.0095
SCALE 1 1 1
X 0.7945 0.1607 -0.5856
Y -0.0964 -0.9188 -0.3829
Z -0.5996 0.3606 -0.7145

PART 71
OFFSET 11.8966 -4.1848 -5.7014
SCALE 1 1 1
X 0.9374 0.0002 0.3483
Y -0.0002 1.0000 0.0000
Z -0.3483 -0.0001 0.9374

PART 72
OFFSET 11.0713 -4.1132 -7.3279
SCALE 1 1 1
X 0.9374 0.0002 0.3483
Y -0.0002 1.0000 0.0000
Z -0.3483 -0.0001 0.9374

PART 73
OFFSET 14.8826 -4.0281 -4.3412
SCALE 1 1 1
X 0.9374 0.0002 0.3483
Y -0.0002 1.0000 0.0000
Z -0.3483 -0.0001 0.9374

PART 74
OFFSET 12.6961 -4.1856 -3.7031
SCALE 1 1 1
X 0.9301 0.0002 0.3674
Y -0.2044 0.8312 0.5171
Z -0.3053 -0.5560 0.7731

PART 75
OFFSET -11.7821 -4.1010 -9.8739
SCALE 1 1 1
X 0.9361 0.0115 0.3515
Y -0.2044 0.8312 0.5171
Z -0.2862 -0.5559 0.7804

PART 76
OFFSET 12.9128 -3.7428 -4.3409
SCALE 1 1 1
X 0.9361 0.0115 0.3515
Y -0.2044 0.8312 0.5171
Z -0.2862 -0.5559 0.7804

PART 77
OFFSET 12.6617 -3.3990 -3.6832
SCALE 1 1 1
X 0.9361 0.0115 0.3515
Y -0.2044 0.8312 0.5171
Z -0.2862 -0.5559 0.7804

PART 78
OFFSET 12.4350 -3.8326 -3.0652
SCALE 1 1 1
X 0.9361 0.0115 0.3515
Y -0.2044 0.8312 0.5171
Z -0.2862 -0.5559 0.7804

PART 79
OFFSET 12.4637 -4.6084 -3.1164
SCALE 1 1 1
X 0.9361 0.0115 0.3515
Y -0.2044 0.8312 0.5171
Z -0.2862 -0.5559 0.7804

PART 80
OFFSET 12.7145 -4.9598 -3.7727
SCALE 1 1 1
X 0.9361 0.0115 0.3515
Y -0.2044 0.8312 0.5171
Z -0.2862 -0.5559 0.7804

PART 81
OFFSET 12.9357 -4.5232 -4.3763
SCALE 1 1 1
X 0.9361 0.0115 0.3515
Y -0.2044 0.8312 0.5171
Z -0.2862 -0.5559 0.7804

PART 82
OFFSET -9.4624 -4.0823 -9.0164
SCALE 1 1 1
X 0.9361 0.0115 0.3515
Y -0.2044 0.8312 0.5171
Z -0.2862 -0.5559 0.7804

PART 83
OFFSET 11.1048 -4.1771 -5.3573
SCALE 1 1 1
X 0.9684 0.0002 0.2495
Y -0.0002 1.0000 0.0000
Z -0.2495 -0.0001 0.9684


FRAME 103
PART 0
OFFSET 3.0549 12.5516 -24.0690
SCALE 1 1 1
X 0.3326 0.0834 -0.9394
Y 0.4775 0.8441 0.2439
Z 0.8132 -0.5297 0.2409

PART 1
OFFSET 2.3652 11.4050 -24.3039
SCALE 1 1 1
X 0.3326 0.0834 -0.9394
Y 0.4775 0.8441 0.2439
Z 0.8132 -0.5297 0.2409

PART 2
OFFSET 1.1917 11.0246 -24.3484
SCALE 1 1 1
X 0.3326 0.0834 -0.9394
Y 0.4775 0.8441 0.2439
Z 0.8132 -0.5297 0.2409

PART 3
OFFSET 1.7047 12.5100 -25.7756
SCALE 1 1 1
X 0.9604 0.0614 -0.2717
Y 0.2756 -0.3519 0.8946
Z -0.0407 -0.9340 -0.3549

PART 4
OFFSET 0.6746 12.2714 -22.8980
SCALE 1 1 1
X 0.3360 0.0778 -0.9386
Y 0.9276 -0.1999 0.3155
Z -0.1630 -0.9767 -0.1393

PART 5
OFFSET -2.1833 11.6095 -14.9145
SCALE 1 1 1
X 0.3360 0.0778 -0.9386
Y 0.8043 -0.5423 0.2430
Z -0.4901 -0.8366 -0.2448

PART 6
OFFSET -1.9111 -0.4487 -1.8207
SCALE 1 1 1
X 1.0000 0.0000 0.0000
Y 0.0000 1.0000 0.0000
Z 0.0000 0.0000 1.0000

PART 7
OFFSET -0.7853 7.4886 -3.6306
SCALE 1 1 1
X -0.1156 0.3407 -0.9330
Y 0.0188 -0.9384 -0.3450
Z -0.9931 -0.0574 0.1021

PART 8
OFFSET 8.4947 -5.7153 -8.1557
SCALE 1 1 1
X -0.9935 0.0209 -0.1119
Y -0.0364 -0.9897 0.1382
Z -0.1078 0.1413 0.9841

PART 9
OFFSET 1.0682 14.0678 -24.0956
SCALE 1 1 1
X 0.3326 0.0834 -0.9394
Y 0.4775 0.8441 0.2439
Z 0.8132 -0.5297 0.2409

PART 10
OFFSET 8.4947 -5.7153 -8.1557
SCALE 1 1 1
X -0.9935 0.0209 -0.1119
Y -0.0364 -0.9897 0.1382
Z -0.1078 0.1413 0.9841

PART 11
OFFSET -0.3524 12.4202 -24.3338
SCALE 1 1 1
X 0.3326 0.0834 -0.9394
Y 0.4775 0.8441 0.2439
Z 0.8132 -0.5297 0.2409

PART 12
OFFSET 2.3860 11.8145 -25.1802
SCALE 1 1 1
X 0.7854 -0.5958 0.1680
Y -0.1901 0.0262 0.9814
Z -0.5892 -0.8027 -0.0927

PART 13
OFFSET 4.0290 10.4868 -24.7250
SCALE 1 1 1
X 0.8604 -0.2853 -0.4223
Y 0.2706 -0.4465 0.8529
Z -0.4319 -0.8481 -0.3070

PART 14
OFFSET 5.3534 9.9578 -25.4920
SCALE 1 1 1
X 0.5665 -0.1657 -0.8072
Y 0.6379 -0.5320 0.5568
Z -0.5217 -0.8304 -0.1957

PART 15
OFFSET 5.9530 9.7316 -26.3645
SCALE 1 1 1
X 0.8847 0.3015 -0.3555
Y -0.1218 0.8856 0.4481
Z 0.4499 -0.3532 0.8203

PART 16
OFFSET 2.2141 12.7499 -27.0351
SCALE 1 1 1
X 0.6284 0.2111 -0.7487
Y -0.1138 -0.9272 -0.3570
Z -0.7695 0.3095 -0.5586

PART 17
OFFSET 3.7241 13.0655 -28.6797
SCALE 1 1 1
X 0.6967 -0.2138 -0.6848
Y -0.3611 -0.9293 -0.0773
Z -0.6198 0.3011 -0.7246

PART 18
OFFSET 4.7105 12.7628 -29.6492
SCALE 1 1 1
X 0.0889 -0.8948 -0.4375
Y -0.8133 -0.3188 0.4867
Z -0.5750 0.3126 -0.7561

PART 19
OFFSET 4.7893 11.9695 -30.0372
SCALE 1 1 1
X -0.4345 -0.9007 0.0058
Y -0.6449 0.3156 0.6960
Z -0.6287 0.2987 -0.7180

PART 20
OFFSET 4.3766 11.1138 -30.0317
SCALE 1 1 1
X 0.8281 0.4476 -0.3375
Y -0.2867 0.8556 0.4310
Z 0.4817 -0.2601 0.8368

PART 21
OFFSET 2.6142 12.6600 -26.4508
SCALE 1 1 1
X 0.8291 0.1609 -0.5355
Y -0.0724 -0.9188 -0.3881
Z -0.5544 0.3606 -0.7501

PART 22
OFFSET 4.6852 13.1514 -27.9434
SCALE 1 1 1
X 0.6911 -0.3027 -0.6563
Y -0.4326 -0.9007 -0.0401
Z -0.5790 0.3116 -0.7534

PART 23
OFFSET 5.8618 12.6360 -29.0607
SCALE 1 1 1
X -0.0026 -0.9279 -0.3729
Y -0.8307 -0.2056 0.5174
Z -0.5568 0.3110 -0.7702

PART 24
OFFSET 5.8583 11.3500 -29.5775
SCALE 1 1 1
X -0.4959 -0.8684 0.0009
Y -0.6667 0.3814 0.6403
Z -0.5564 0.3169 -0.7681

PART 25
OFFSET 5.3205 10.4083 -29.5765
SCALE 1 1 1
X 0.7598 0.5092 -0.4043
Y -0.2375 0.7962 0.5565
Z 0.6053 -0.3268 0.7259

PART 26
OFFSET 5.0812 11.6400 -25.3831
SCALE 1 1 1
X 0.8390 -0.1339 -0.5273
Y 0.3287 0.8971 0.2953
Z 0.4335 -0.4211 0.7967

PART 27
OFFSET 5.6700 12.8311 -26.0278
SCALE 1 1 1
X 0.7579 -0.5423 -0.3626
Y -0.6284 -0.7562 -0.1826
Z -0.1752 0.3662 -0.9139

PART 28
OFFSET 7.0044 11.8763 -26.6662
SCALE 1 1 1
X 0.3976 -0.8098 -0.4313
Y -0.9061 -0.4206 -0.0456
Z -0.1445 0.4090 -0.9010

PART 29
OFFSET 7.4966 10.8669 -27.1358
SCALE 1 1 1
X 0.1310 -0.9238 -0.3597
Y -0.9822 -0.1702 0.0795
Z -0.1347 0.3429 -0.9297

PART 30
OFFSET 7.6445 9.8234 -27.5421
SCALE 1 1 1
X 0.8061 0.5508 -0.2162
Y -0.3994 0.7761 0.4880
Z 0.4366 -0.3070 0.8457

PART 31
OFFSET 5.2613 13.0387 -27.0329
SCALE 1 1 1
X 0.7330 -0.4954 -0.4662
Y -0.6010 -0.7926 -0.1027
Z -0.3187 0.3555 -0.8787

PART 32
OFFSET 6.6932 12.0710 -27.9438
SCALE 1 1 1
X 0.0018 -0.9220 -0.3871
Y -0.9339 -0.1400 0.3290
Z -0.3576 0.3609 -0.8613

PART 33
OFFSET 6.6958 10.7242 -28.5092
SCALE 1 1 1
X -0.5134 -0.8476 -0.1340
Y -0.7561 0.3729 0.5379
Z -0.4059 0.3775 -0.8323

PART 34
OFFSET 6.1120 9.7666 -28.6673
SCALE 1 1 1
X 0.9025 0.3876 -0.1876
Y -0.2777 0.8568 0.4345
Z 0.3291 -0.3400 0.8809

PART 35
OFFSET 11.0921 -4.1853 -5.5803
SCALE 1 1 1
X 0.9141 0.0003 0.4055
Y -0.0004 1.0000 0.0001
Z -0.4055 -0.0002 0.9141

PART 36
OFFSET -14.7030 -3.1330 -3.1208
SCALE 1 1 1
X -0.8906 0.3644 0.2721
Y -0.0459 -0.6673 0.7434
Z 0.4525 0.6496 0.6110

PART 37
OFFSET -3.9322 -7.5405 -6.4113
SCALE 1 1 1
X -0.9754 -0.1555 0.1563
Y 0.1099 -0.9575 -0.2667
Z 0.1911 -0.2430 0.9510

PART 38
OFFSET 4.3639 -6.2179 -7.7405
SCALE 1 1 1
X -0.9754 -0.1555 0.1563
Y -0.1407 -0.1065 -0.9843
Z 0.1697 -0.9821 0.0820

PART 39
OFFSET 5.4009 -5.1892 -9.4436
SCALE 1 1 1
X -0.9766 -0.1491 0.1553
Y -0.1899 0.2571 -0.9475
Z 0.1014 -0.9548 -0.2794

PART 40
OFFSET 5.8652 -4.6026 -8.4065
SCALE 1 1 1
X -0.9766 -0.1491 0.1553
Y -0.1899 0.2571 -0.9475
Z 0.1014 -0.9548 -0.2794

PART 41
OFFSET 6.3945 -5.3230 -6.4392
SCALE 1 1 1
X -0.9766 -0.1491 0.1553
Y -0.1899 0.2571 -0.9475
Z 0.1014 -0.9548 -0.2794

PART 42
OFFSET 7.3542 -5.7412 -8.2197
SCALE 1 1 1
X -0.9117 -0.0031 -0.4109
Y 0.4092 -0.0974 -0.9072
Z -0.0372 -0.9952 0.0900

PART 43
OFFSET 7.3847 -5.2372 -7.1963
SCALE 1 1 1
X -0.4547 -0.7703 -0.4472
Y 0.8673 -0.2687 -0.4189
Z 0.2025 -0.5783 0.7903

PART 44
OFFSET 8.2680 -3.5161 -6.2335
SCALE 1 1 1
X -0.9084 -0.3013 -0.2898
Y 0.4128 -0.7563 -0.5075
Z -0.0663 -0.5807 0.8114

PART 45
OFFSET 9.7665 -3.0097 -5.8867
SCALE 1 1 1
X -0.8339 0.4065 0.3733
Y -0.5464 -0.7033 -0.4547
Z 0.0777 -0.5831 0.8086

PART 46
OFFSET 10.6740 -3.4106 -6.3197
SCALE 1 1 1
X -0.7781 0.5297 -0.3376
Y 0.5860 0.4187 -0.6937
Z -0.2262 -0.7376 -0.6362

PART 47
OFFSET 8.5713 -5.6417 -8.8616
SCALE 1 1 1
X -0.9827 0.0103 0.1849
Y 0.0161 -0.9900 0.1405
Z 0.1845 0.1410 0.9727

PART 48
OFFSET 10.8042 -5.5229 -9.1526
SCALE 1 1 1
X -0.5513 -0.8051 -0.2190
Y 0.7980 -0.5854 0.1431
Z -0.2434 -0.0959 0.9652

PART 49
OFFSET 11.5847 -4.3831 -8.8424
SCALE 1 1 1
