// Export filename: `C:/cod5/cod/cod5/xanim_export/viewmodel/US/sw357/sw357_idle.XANIM_EXPORT`
// Source filename: `C:/cod5/cod/cod5/animation_assets/viewmodel/US/sw357/viewmodelanimation_sw357.mb`
// Export time: Wed Sep 03 16:23:26 2008

ANIMATION
VERSION 3

NUMPARTS 84
PART 0 "J_Sleave_Reshape_Top_LE_1"
PART 1 "J_Sleave_Reshape_Top_LE_2"
PART 2 "J_Sleave_Reshape_Top_LE_3"
PART 3 "J_Wrist_LE"
PART 4 "J_WristTwist_LE"
PART 5 "J_Elbow_LE"
PART 6 "tag_torso"
PART 7 "J_Shoulder_LE"
PART 8 "RingPalm_FK_RI"
PART 9 "J_Sleave_Reshape_Bottom_LE_1"
PART 10 "RingPalm_SDK_RI"
PART 11 "J_Sleave_Reshape_Bottom_LE_2"
PART 12 "J_Thumb_LE_0"
PART 13 "J_Thumb_LE_1"
PART 14 "J_Thumb_LE_2"
PART 15 "J_Thumb_LE_3"
PART 16 "J_PinkyPalm_LE"
PART 17 "J_Pinky_LE_0"
PART 18 "J_Pinky_LE_1"
PART 19 "J_Pinky_LE_2"
PART 20 "J_Pinky_LE_3"
PART 21 "J_RingPalm_LE"
PART 22 "J_Ring_LE_0"
PART 23 "J_Ring_LE_1"
PART 24 "J_Ring_LE_2"
PART 25 "J_Ring_LE_3"
PART 26 "J_Webbing_LE"
PART 27 "J_Index_LE_0"
PART 28 "J_Index_LE_1"
PART 29 "J_Index_LE_2"
PART 30 "J_Index_LE_3"
PART 31 "J_Mid_LE_0"
PART 32 "J_Mid_LE_1"
PART 33 "J_Mid_LE_2"
PART 34 "J_Mid_LE_3"
PART 35 "tag_weapon"
PART 36 "J_Shoulder_RI"
PART 37 "J_Elbow_RI"
PART 38 "J_WristTwist_RI"
PART 39 "J_Sleave_Reshape_Top_RI_3"
PART 40 "J_Sleave_Reshape_Top_RI_2"
PART 41 "J_Sleave_Reshape_Top_RI_1"
PART 42 "J_Wrist_RI"
PART 43 "J_Thumb_RI_0"
PART 44 "J_Thumb_RI_1"
PART 45 "J_Thumb_RI_2"
PART 46 "J_Thumb_RI_3"
PART 47 "J_PinkyPalm_RI"
PART 48 "J_Pinky_RI_0"
PART 49 "J_Pinky_RI_1"
PART 50 "J_Pinky_RI_2"
PART 51 "J_Pinky_RI_3"
PART 52 "J_RingPalm_RI"
PART 53 "J_Ring_RI_0"
PART 54 "J_Ring_RI_1"
PART 55 "J_Ring_RI_2"
PART 56 "J_Ring_RI_3"
PART 57 "J_Webbing_RI"
PART 58 "J_Index_RI_0"
PART 59 "J_Index_RI_1"
PART 60 "J_Index_RI_2"
PART 61 "J_Index_RI_3"
PART 62 "J_Mid_RI_0"
PART 63 "J_Mid_RI_1"
PART 64 "J_Mid_RI_2"
PART 65 "J_Mid_RI_3"
PART 66 "tag_cambone"
PART 67 "tag_camera"
PART 68 "tag_gasmask"
PART 69 "RingPalm_SDK_LE"
PART 70 "RingPalm_FK_LE"
PART 71 "J_Gun"
PART 72 "J_Clip"
PART 73 "joint2"
PART 74 "J_Bolt"
PART 75 "tag_speedloader"
PART 76 "tag_spent0"
PART 77 "tag_spent1"
PART 78 "tag_spent2"
PART 79 "tag_spent3"
PART 80 "tag_spent4"
PART 81 "tag_spent5"
PART 82 "tag_bullets"
PART 83 "joint1"

FRAMERATE 30
NUMFRAMES 2

FRAME 70
PART 0
OFFSET -2.9433 12.6125 -18.6878
SCALE 1 1 1
X 0.4090 -0.1132 -0.9055
Y 0.5341 0.8342 0.1370
Z 0.7399 -0.5397 0.4016

PART 1
OFFSET -3.6118 11.4839 -18.7335
SCALE 1 1 1
X 0.4090 -0.1132 -0.9055
Y 0.5341 0.8342 0.1370
Z 0.7399 -0.5397 0.4016

PART 2
OFFSET -4.8226 11.3534 -18.8442
SCALE 1 1 1
X 0.4090 -0.1132 -0.9055
Y 0.5341 0.8342 0.1370
Z 0.7399 -0.5397 0.4016

PART 3
OFFSET -4.0671 12.5132 -20.4537
SCALE 1 1 1
X 0.7678 0.0611 -0.6378
Y 0.6145 -0.3519 0.7060
Z -0.1813 -0.9340 -0.3077

PART 4
OFFSET -5.3297 12.8773 -17.6839
SCALE 1 1 1
X 0.4118 -0.1187 -0.9035
Y 0.8350 -0.3478 0.4263
Z -0.3649 -0.9300 -0.0441

PART 5
OFFSET -8.8326 13.8873 -9.9994
SCALE 1 1 1
X 0.4118 -0.1187 -0.9035
Y 0.7297 -0.5509 0.4050
Z -0.5458 -0.8261 -0.1402

PART 6
OFFSET -1.9111 -0.4487 -1.8207
SCALE 1 1 1
X 1.0000 0.0000 0.0000
Y 0.0000 1.0000 0.0000
Z 0.0000 0.0000 1.0000

PART 7
OFFSET -0.7853 7.4886 -3.6306
SCALE 1 1 1
X -0.6654 0.5291 -0.5266
Y -0.2100 -0.8096 -0.5480
Z -0.7163 -0.2541 0.6499

PART 8
OFFSET 9.2787 -5.7134 -7.0969
SCALE 1 1 1
X -0.9535 0.0213 0.3006
Y 0.0225 -0.9897 0.1413
Z 0.3005 0.1414 0.9432

PART 9
OFFSET -4.8660 14.2170 -19.1943
SCALE 1 1 1
X 0.4090 -0.1132 -0.9055
Y 0.5341 0.8342 0.1370
Z 0.7399 -0.5397 0.4016

PART 10
OFFSET 9.2787 -5.7134 -7.0969
SCALE 1 1 1
X -0.9535 0.0213 0.3006
Y 0.0225 -0.9897 0.1413
Z 0.3005 0.1414 0.9432

PART 11
OFFSET -6.2268 12.8453 -19.2112
SCALE 1 1 1
X 0.4090 -0.1132 -0.9055
Y 0.5341 0.8342 0.1370
Z 0.7399 -0.5397 0.4016

PART 12
OFFSET -3.2031 11.8176 -20.1856
SCALE 1 1 1
X 0.7858 -0.5961 -0.1648
Y 0.2242 0.0263 0.9742
Z -0.5764 -0.8025 0.1543

PART 13
OFFSET -1.5171 10.4892 -20.4354
SCALE 1 1 1
X 0.6151 -0.2857 -0.7349
Y 0.5930 -0.4466 0.6700
Z -0.5195 -0.8479 -0.1053

PART 14
OFFSET -0.6176 9.9598 -21.6735
SCALE 1 1 1
X 0.1905 -0.1659 -0.9676
Y 0.8088 -0.5322 0.2505
Z -0.5565 -0.8302 0.0328

PART 15
OFFSET -0.4233 9.7333 -22.7140
SCALE 1 1 1
X 0.6647 0.3012 -0.6837
Y 0.0707 0.8857 0.4588
Z 0.7438 -0.3533 0.5674

PART 16
OFFSET -4.1121 12.7529 -21.8117
SCALE 1 1 1
X 0.2709 0.2109 -0.9392
Y -0.2491 -0.9271 -0.2800
Z -0.9298 0.3098 -0.1986

PART 17
OFFSET -3.3986 13.0679 -23.9274
SCALE 1 1 1
X 0.3591 -0.2141 -0.9084
Y -0.3617 -0.9292 0.0760
Z -0.8603 0.3013 -0.4111

PART 18
OFFSET -2.8901 12.7648 -25.2135
SCALE 1 1 1
X -0.0964 -0.8949 -0.4358
Y -0.5462 -0.3185 0.7747
Z -0.8321 0.3127 -0.4581

PART 19
OFFSET -2.9756 11.9714 -25.5999
SCALE 1 1 1
X -0.3951 -0.9005 0.1816
Y -0.3072 0.3159 0.8977
Z -0.8658 0.2989 -0.4014

PART 20
OFFSET -3.3509 11.1159 -25.4273
SCALE 1 1 1
X 0.6202 0.4473 -0.6444
Y -0.0871 0.8557 0.5101
Z 0.7796 -0.2602 0.5697

PART 21
OFFSET -3.5095 12.6629 -21.4398
SCALE 1 1 1
X 0.5408 0.1606 -0.8257
Y -0.2238 -0.9188 -0.3253
Z -0.8108 0.3607 -0.4609

PART 22
OFFSET -2.2214 13.1535 -23.6440
SCALE 1 1 1
X 0.3655 -0.3030 -0.8801
Y -0.4120 -0.9005 0.1390
Z -0.8347 0.3118 -0.4540

PART 23
OFFSET -1.5991 12.6376 -25.1423
SCALE 1 1 1
X -0.1538 -0.9279 -0.3396
Y -0.5496 -0.2053 0.8098
Z -0.8212 0.3112 -0.4784

PART 24
OFFSET -1.8123 11.3516 -25.6130
SCALE 1 1 1
X -0.4532 -0.8682 0.2021
Y -0.3497 0.3817 0.8556
Z -0.8200 0.3171 -0.4766

PART 25
OFFSET -2.3038 10.4100 -25.3938
SCALE 1 1 1
X 0.5307 0.5089 -0.6778
Y 0.0088 0.7963 0.6048
Z 0.8475 -0.3270 0.4182

PART 26
OFFSET -0.8218 11.6421 -21.4638
SCALE 1 1 1
X 0.5531 -0.1342 -0.8222
Y 0.4205 0.8970 0.1364
Z 0.7192 -0.4212 0.5526

PART 27
OFFSET -0.5446 12.8329 -22.2922
SCALE 1 1 1
X 0.5456 -0.5426 -0.6386
Y -0.6487 -0.7560 0.0881
Z -0.5306 0.3662 -0.7644

PART 28
OFFSET 0.4161 11.8776 -23.4166
SCALE 1 1 1
X 0.1883 -0.8100 -0.5554
Y -0.8469 -0.4203 0.3258
Z -0.4973 0.4090 -0.7651

PART 29
OFFSET 0.6752 10.8680 -24.0453
SCALE 1 1 1
X -0.0264 -0.9239 -0.3817
Y -0.8656 -0.1698 0.4710
Z -0.5000 0.3429 -0.7953

PART 30
OFFSET 0.6454 9.8245 -24.4764
SCALE 1 1 1
X 0.6494 0.5505 -0.5246
Y -0.1670 0.7763 0.6079
Z 0.7419 -0.3071 0.5961

PART 31
OFFSET -1.3257 13.0406 -23.0453
SCALE 1 1 1
X 0.4808 -0.4957 -0.7233
Y -0.5912 -0.7924 0.1500
Z -0.6475 0.3555 -0.6741

PART 32
OFFSET -0.3864 12.0723 -24.4583
SCALE 1 1 1
X -0.1556 -0.9220 -0.3544
Y -0.7203 -0.1396 0.6795
Z -0.6760 0.3610 -0.6424

PART 33
OFFSET -0.6137 10.7255 -24.9760
SCALE 1 1 1
X -0.5239 -0.8474 0.0858
Y -0.4729 0.3732 0.7982
Z -0.7084 0.3776 -0.5963

PART 34
OFFSET -1.2117 9.7682 -24.8836
SCALE 1 1 1
X 0.7491 0.3873 -0.5375
Y -0.0774 0.8569 0.5096
Z 0.6580 -0.3401 0.6719

PART 35
OFFSET 12.6976 -4.1841 -5.7962
SCALE 1 1 1
X 1.0000 0.0000 0.0000
Y 0.0000 1.0000 0.0000
Z 0.0000 0.0000 1.0000

PART 36
OFFSET -14.7030 -3.1330 -3.1208
SCALE 1 1 1
X -0.9456 0.2673 0.1855
Y -0.0464 -0.6751 0.7362
Z 0.3221 0.6876 0.6508

PART 37
OFFSET -3.2673 -6.3659 -5.3648
SCALE 1 1 1
X -0.9919 -0.0542 0.1148
Y 0.0259 -0.9716 -0.2352
Z 0.1243 -0.2303 0.9651

PART 38
OFFSET 5.1693 -5.9050 -6.3410
SCALE 1 1 1
X -0.9919 -0.0542 0.1148
Y -0.1077 -0.1193 -0.9870
Z 0.0672 -0.9914 0.1125

PART 39
OFFSET 6.3766 -5.0379 -8.0236
SCALE 1 1 1
X -0.9924 -0.0478 0.1135
Y -0.1218 0.2444 -0.9620
Z 0.0182 -0.9685 -0.2484

PART 40
OFFSET 6.8511 -4.4679 -6.9814
SCALE 1 1 1
X -0.9924 -0.0478 0.1135
Y -0.1218 0.2444 -0.9620
Z 0.0182 -0.9685 -0.2484

PART 41
OFFSET 7.2202 -5.1755 -4.9692
SCALE 1 1 1
X -0.9924 -0.0478 0.1135
Y -0.1218 0.2444 -0.9620
Z 0.0182 -0.9685 -0.2484

PART 42
OFFSET 8.2102 -5.7389 -6.6929
SCALE 1 1 1
X -1.0000 -0.0028 -0.0059
Y 0.0062 -0.0976 -0.9952
Z 0.0022 -0.9952 0.0976

PART 43
OFFSET 8.6532 -5.2349 -5.7699
SCALE 1 1 1
X -0.5972 -0.7701 -0.2243
Y 0.6229 -0.2691 -0.7346
Z 0.5054 -0.5784 0.6404

PART 44
OFFSET 9.8515 -3.5139 -5.2483
SCALE 1 1 1
X -0.9480 -0.3010 0.1035
Y 0.1714 -0.7565 -0.6311
Z 0.2683 -0.5806 0.7687

PART 45
OFFSET 11.3621 -3.0081 -5.5390
SCALE 1 1 1
X -0.6108 0.4068 0.6793
Y -0.6841 -0.7032 -0.1939
Z 0.3988 -0.5831 0.7078

PART 46
OFFSET 12.0160 -3.4094 -6.3027
SCALE 1 1 1
X -0.8480 0.5300 0.0068
Y 0.2545 0.4184 -0.8719
Z -0.4649 -0.7376 -0.4897

PART 47
OFFSET 9.0626 -5.6399 -7.7733
SCALE 1 1 1
X -0.8233 0.0106 0.5675
Y 0.0714 -0.9900 0.1221
Z 0.5631 0.1410 0.8143

PART 48
OFFSET 10.9857 -5.5218 -8.9447
SCALE 1 1 1
X -0.5930 -0.8049 0.0235
Y 0.7873 -0.5856 -0.1927
Z 0.1688 -0.0958 0.9810

PART 49
OFFSET 11.8253 -4.3823 -8.9778
SCALE 1 1 1
X 0.3269 -0.9323 -0.1550
Y 0.9375 0.3407 -0.0715
Z 0.1195 -0.1219 0.9853

PART 50
OFFSET 11.5354 -3.5557 -8.8405
SCALE 1 1 1
X 0.9434 -0.2669 -0.1968
Y 0.2793 0.9595 0.0376
Z 0.1788 -0.0905 0.9797

PART 51
OFFSET 10.6391 -3.3022 -8.6535
SCALE 1 1 1
X -0.9228 -0.3851 -0.0148
Y -0.3737 0.8847 0.2789
Z -0.0943 0.2628 -0.9602

PART 52
OFFSET 9.2787 -5.7134 -7.0969
SCALE 1 1 1
X -0.9535 0.0213 0.3006
Y 0.0225 -0.9897 0.1413
Z 0.3005 0.1414 0.9432

PART 53
OFFSET 11.7093 -5.8114 -8.0141
SCALE 1 1 1
X -0.2128 -0.9745 0.0711
Y 0.9508 -0.2233 -0.2149
Z 0.2253 0.0219 0.9740

PART 54
OFFSET 12.0716 -4.1523 -8.1352
SCALE 1 1 1
X 0.6969 -0.7008 -0.1524
Y 0.6853 0.7133 -0.1468
Z 0.2116 -0.0021 0.9774

PART 55
OFFSET 11.1058 -3.1810 -7.9240
SCALE 1 1 1
X 0.9678 0.1461 -0.2050
Y -0.1434 0.9893 0.0283
Z 0.2069 0.0020 0.9784

PART 56
OFFSET 10.0562 -3.3395 -7.7017
SCALE 1 1 1
X -0.7009 -0.6847 0.1999
Y -0.6809 0.7257 0.0986
Z -0.2126 -0.0670 -0.9748

PART 57
OFFSET 4.0444 -6.2016 -5.8237
SCALE 1 1 1
X -0.9414 -0.2605 0.2140
Y -0.2925 0.9469 -0.1339
Z -0.1678 -0.1887 -0.9676

PART 58
OFFSET 12.1029 -6.0242 -5.8830
SCALE 1 1 1
X -0.8979 -0.4139 0.1502
Y 0.4297 -0.8981 0.0941
Z 0.0959 0.1490 0.9842

PART 59
OFFSET 13.6837 -5.2955 -6.1474
SCALE 1 1 1
X -0.2910 -0.9327 0.2130
Y 0.9537 -0.3006 -0.0136
Z 0.0767 0.1992 0.9769

PART 60
OFFSET 14.0421 -4.1495 -6.3471
SCALE 1 1 1
X 0.2054 -0.9725 0.1097
Y 0.9758 0.1949 -0.0996
Z 0.0755 0.1275 0.9890

PART 61
OFFSET 13.8101 -3.0510 -6.4710
SCALE 1 1 1
X -0.9265 0.1766 0.3324
Y 0.0876 0.9601 -0.2657
Z -0.3660 -0.2170 -0.9049

PART 62
OFFSET 12.0025 -5.9518 -6.9808
SCALE 1 1 1
X -0.1229 -0.9917 0.0388
Y 0.9882 -0.1259 -0.0868
Z 0.0909 0.0277 0.9955

PART 63
OFFSET 12.2426 -4.0145 -7.0565
SCALE 1 1 1
X 0.7638 -0.6438 -0.0450
Y 0.6355 0.7624 -0.1218
Z 0.1127 0.0644 0.9915

PART 64
OFFSET 11.1270 -3.0741 -6.9909
SCALE 1 1 1
X 0.9646 0.2170 -0.1497
Y -0.2318 0.9686 -0.0899
Z 0.1255 0.1214 0.9846

PART 65
OFFSET 10.0334 -3.3200 -6.8283
SCALE 1 1 1
X -0.5996 -0.7928 0.1093
Y -0.7868 0.6090 0.1009
Z -0.1465 -0.0254 -0.9889

PART 66
OFFSET 0.0000 0.0000 0.0000
SCALE 1 1 1
X 1.0000 0.0000 0.0000
Y 0.0000 1.0000 0.0000
Z 0.0000 0.0000 1.0000

PART 67
OFFSET 0.0000 0.0000 0.0000
SCALE 1 1 1
X 1.0000 0.0000 0.0000
Y 0.0000 1.0000 0.0000
Z 0.0000 0.0000 1.0000

PART 68
OFFSET 0.0000 0.0000 0.0000
SCALE 1 1 1
X 1.0000 0.0000 0.0000
Y 0.0000 1.0000 0.0000
Z 0.0000 0.0000 1.0000

PART 69
OFFSET -3.5095 12.6629 -21.4398
SCALE 1 1 1
X 0.5408 0.1606 -0.8257
Y -0.2238 -0.9188 -0.3253
Z -0.8108 0.3607 -0.4609

PART 70
OFFSET -3.5095 12.6629 -21.4398
SCALE 1 1 1
X 0.5408 0.1606 -0.8257
Y -0.2238 -0.9188 -0.3253
Z -0.8108 0.3607 -0.4609

PART 71
OFFSET 12.6976 -4.1841 -5.7962
SCALE 1 1 1
X 1.0000 0.0000 0.0000
Y 0.0000 1.0000 0.0000
Z 0.0000 0.0000 1.0000

PART 72
OFFSET 11.3575 -4.1125 -7.0335
SCALE 1 1 1
X 1.0000 0.0000 0.0000
Y 0.0000 1.0000 0.0000
Z 0.0000 0.0000 1.0000

PART 73
OFFSET 15.9704 -4.0279 -5.5611
SCALE 1 1 1
X 1.0000 0.0000 0.0000
Y 0.0000 1.0000 0.0000
Z 0.0000 0.0000 1.0000

PART 74
OFFSET 14.1430 -4.1851 -4.2014
SCALE 1 1 1
X 1.0000 0.0000 0.0000
Y 0.0000 1.0000 0.0000
Z 0.0000 0.0000 1.0000

PART 75
OFFSET -10.8906 -2.3030 -1.5469
SCALE 1 1 1
X 0.9998 0.0000 -0.0204
Y 0.0000 1.0000 0.0000
Z 0.0204 0.0000 0.9998

PART 76
OFFSET 14.1103 -4.1911 -5.0069
SCALE 1 1 1
X 0.9998 0.0000 -0.0204
Y 0.0000 1.0000 0.0000
Z 0.0204 0.0000 0.9998

PART 77
OFFSET 14.1184 -3.5140 -4.6129
SCALE 1 1 1
X 0.9998 0.0000 -0.0204
Y 0.0000 1.0000 0.0000
Z 0.0204 0.0000 0.9998

PART 78
OFFSET 14.1345 -3.5084 -3.8248
SCALE 1 1 1
X 0.9998 0.0000 -0.0204
Y 0.0000 1.0000 0.0000
Z 0.0204 0.0000 0.9998

PART 79
OFFSET 14.1423 -4.1856 -3.4419
SCALE 1 1 1
X 0.9998 0.0000 -0.0204
Y 0.0000 1.0000 0.0000
Z 0.0204 0.0000 0.9998

PART 80
OFFSET 14.1344 -4.8683 -3.8304
SCALE 1 1 1
X 0.9998 0.0000 -0.0204
Y 0.0000 1.0000 0.0000
Z 0.0204 0.0000 0.9998

PART 81
OFFSET 14.1185 -4.8628 -4.6073
SCALE 1 1 1
X 0.9998 0.0000 -0.0204
Y 0.0000 1.0000 0.0000
Z 0.0204 0.0000 0.9998

PART 82
OFFSET -8.4181 -2.3181 -1.6025
SCALE 1 1 1
X 0.9998 0.0000 -0.0204
Y 0.0000 1.0000 0.0000
Z 0.0204 0.0000 0.9998

PART 83
OFFSET 12.0752 -4.1764 -5.1979
SCALE 1 1 1
X 0.7580 0.0000 -0.6522
Y 0.0000 1.0000 0.0000
Z 0.6522 0.0000 0.7580


FRAME 71
PART 0
OFFSET -2.9433 12.6125 -18.6878
SCALE 1 1 1
X 0.4090 -0.1132 -0.9055
Y 0.5341 0.8342 0.1370
Z 0.7399 -0.5397 0.4016

PART 1
OFFSET -3.6118 11.4839 -18.7335
SCALE 1 1 1
X 0.4090 -0.1132 -0.9055
Y 0.5341 0.8342 0.1370
Z 0.7399 -0.5397 0.4016

PART 2
OFFSET -4.8226 11.3534 -18.8442
SCALE 1 1 1
X 0.4090 -0.1132 -0.9055
Y 0.5341 0.8342 0.1370
Z 0.7399 -0.5397 0.4016

PART 3
OFFSET -4.0671 12.5132 -20.4537
SCALE 1 1 1
X 0.7678 0.0611 -0.6378
Y 0.6145 -0.3519 0.7060
Z -0.1813 -0.9340 -0.3077

PART 4
OFFSET -5.3297 12.8773 -17.6839
SCALE 1 1 1
X 0.4118 -0.1187 -0.9035
Y 0.8350 -0.3478 0.4263
Z -0.3649 -0.9300 -0.0441

PART 5
OFFSET -8.8326 13.8873 -9.9994
SCALE 1 1 1
X 0.4118 -0.1187 -0.9035
Y 0.7297 -0.5509 0.4050
Z -0.5458 -0.8261 -0.1402

PART 6
OFFSET -1.9111 -0.4487 -1.8207
SCALE 1 1 1
X 1.0000 0.0000 0.0000
Y 0.0000 1.0000 0.0000
Z 0.0000 0.0000 1.0000

PART 7
OFFSET -0.7853 7.4886 -3.6306
SCALE 1 1 1
X -0.6654 0.5291 -0.5266
Y -0.2100 -0.8096 -0.5480
Z -0.7163 -0.2541 0.6499

PART 8
OFFSET 9.2787 -5.7134 -7.0969
SCALE 1 1 1
X -0.9535 0.0213 0.3006
Y 0.0225 -0.9897 0.1413
Z 0.3005 0.1414 0.9432

PART 9
OFFSET -4.8660 14.2170 -19.1943
SCALE 1 1 1
X 0.4090 -0.1132 -0.9055
Y 0.5341 0.8342 0.1370
Z 0.7399 -0.5397 0.4016

PART 10
OFFSET 9.2787 -5.7134 -7.0969
SCALE 1 1 1
X -0.9535 0.0213 0.3006
Y 0.0225 -0.9897 0.1413
Z 0.3005 0.1414 0.9432

PART 11
OFFSET -6.2268 12.8453 -19.2112
SCALE 1 1 1
X 0.4090 -0.1132 -0.9055
Y 0.5341 0.8342 0.1370
Z 0.7399 -0.5397 0.4016

PART 12
OFFSET -3.2031 11.8176 -20.1856
SCALE 1 1 1
X 0.7858 -0.5961 -0.1648
Y 0.2242 0.0263 0.9742
Z -0.5764 -0.8025 0.1543

PART 13
OFFSET -1.5171 10.4892 -20.4354
SCALE 1 1 1
X 0.6151 -0.2857 -0.7349
Y 0.5930 -0.4466 0.6700
Z -0.5195 -0.8479 -0.1053

PART 14
OFFSET -0.6176 9.9598 -21.6735
SCALE 1 1 1
X 0.1905 -0.1659 -0.9676
Y 0.8088 -0.5322 0.2505
Z -0.5565 -0.8302 0.0328

PART 15
OFFSET -0.4233 9.7333 -22.7140
SCALE 1 1 1
X 0.6647 0.3012 -0.6837
Y 0.0707 0.8857 0.4588
Z 0.7438 -0.3533 0.5674

PART 16
OFFSET -4.1121 12.7529 -21.8117
SCALE 1 1 1
X 0.2709 0.2109 -0.9392
Y -0.2491 -0.9271 -0.2800
Z -0.9298 0.3098 -0.1986

PART 17
OFFSET -3.3986 13.0679 -23.9274
SCALE 1 1 1
X 0.3591 -0.2141 -0.9084
Y -0.3617 -0.9292 0.0760
Z -0.8603 0.3013 -0.4111

PART 18
OFFSET -2.8901 12.7648 -25.2135
SCALE 1 1 1
X -0.0964 -0.8949 -0.4358
Y -0.5462 -0.3185 0.7747
Z -0.8321 0.3127 -0.4581

PART 19
OFFSET -2.9756 11.9714 -25.5999
SCALE 1 1 1
X -0.3951 -0.9005 0.1816
Y -0.3072 0.3159 0.8977
Z -0.8658 0.2989 -0.4014

PART 20
OFFSET -3.3509 11.1159 -25.4273
SCALE 1 1 1
X 0.6202 0.4473 -0.6444
Y -0.0871 0.8557 0.5101
Z 0.7796 -0.2602 0.5697

PART 21
OFFSET -3.5095 12.6629 -21.4398
SCALE 1 1 1
X 0.5408 0.1606 -0.8257
Y -0.2238 -0.9188 -0.3253
Z -0.8108 0.3607 -0.4609

PART 22
OFFSET -2.2214 13.1535 -23.6440
SCALE 1 1 1
X 0.3655 -0.3030 -0.8801
Y -0.4120 -0.9005 0.1390
Z -0.8347 0.3118 -0.4540

PART 23
OFFSET -1.5991 12.6376 -25.1423
SCALE 1 1 1
X -0.1538 -0.9279 -0.3396
Y -0.5496 -0.2053 0.8098
Z -0.8212 0.3112 -0.4784

PART 24
OFFSET -1.8123 11.3516 -25.6130
SCALE 1 1 1
X -0.4532 -0.8682 0.2021
Y -0.3497 0.3817 0.8556
Z -0.8200 0.3171 -0.4766

PART 25
OFFSET -2.3038 10.4100 -25.3938
SCALE 1 1 1
X 0.5307 0.5089 -0.6778
Y 0.0088 0.7963 0.6048
Z 0.8475 -0.3270 0.4182

PART 26
OFFSET -0.8218 11.6421 -21.4638
SCALE 1 1 1
X 0.5531 -0.1342 -0.8222
Y 0.4205 0.8970 0.1364
Z 0.7192 -0.4212 0.5526

PART 27
OFFSET -0.5446 12.8329 -22.2922
SCALE 1 1 1
X 0.5456 -0.5426 -0.6386
Y -0.6487 -0.7560 0.0881
Z -0.5306 0.3662 -0.7644

PART 28
OFFSET 0.4161 11.8776 -23.4166
SCALE 1 1 1
X 0.1883 -0.8100 -0.5554
Y -0.8469 -0.4203 0.3258
Z -0.4973 0.4090 -0.7651

PART 29
OFFSET 0.6752 10.8680 -24.0453
SCALE 1 1 1
X -0.0264 -0.9239 -0.3817
Y -0.8656 -0.1698 0.4710
Z -0.5000 0.3429 -0.7953

PART 30
OFFSET 0.6454 9.8245 -24.4764
SCALE 1 1 1
X 0.6494 0.5505 -0.5246
Y -0.1670 0.7763 0.6079
Z 0.7419 -0.3071 0.5961

PART 31
OFFSET -1.3257 13.0406 -23.0453
SCALE 1 1 1
X 0.4808 -0.4957 -0.7233
Y -0.5912 -0.7924 0.1500
Z -0.6475 0.3555 -0.6741

PART 32
OFFSET -0.3864 12.0723 -24.4583
SCALE 1 1 1
X -0.1556 -0.9220 -0.3544
Y -0.7203 -0.1396 0.6795
Z -0.6760 0.3610 -0.6424

PART 33
OFFSET -0.6137 10.7255 -24.9760
SCALE 1 1 1
X -0.5239 -0.8474 0.0858
Y -0.4729 0.3732 0.7982
Z -0.7084 0.3776 -0.5963

PART 34
OFFSET -1.2117 9.7682 -24.8836
SCALE 1 1 1
X 0.7491 0.3873 -0.5375
Y -0.0774 0.8569 0.5096
Z 0.6580 -0.3401 0.6719

PART 35
OFFSET 12.6976 -4.1841 -5.7962
SCALE 1 1 1
X 1.0000 0.0000 0.0000
Y 0.0000 1.0000 0.0000
Z 0.0000 0.0000 1.0000

PART 36
OFFSET -14.7030 -3.1330 -3.1208
SCALE 1 1 1
X -0.9456 0.2673 0.1855
Y -0.0464 -0.6751 0.7362
Z 0.3221 0.6876 0.6508

PART 37
OFFSET -3.2673 -6.3659 -5.3648
SCALE 1 1 1
X -0.9919 -0.0542 0.1148
Y 0.0259 -0.9716 -0.2352
Z 0.1243 -0.2303 0.9651

PART 38
OFFSET 5.1693 -5.9050 -6.3410
SCALE 1 1 1
X -0.9919 -0.0542 0.1148
Y -0.1077 -0.1193 -0.9870
Z 0.0672 -0.9914 0.1125

PART 39
OFFSET 6.3766 -5.0379 -8.0236
SCALE 1 1 1
X -0.9924 -0.0478 0.1135
Y -0.1218 0.2444 -0.9620
Z 0.0182 -0.9685 -0.2484

PART 40
OFFSET 6.8511 -4.4679 -6.9814
SCALE 1 1 1
X -0.9924 -0.0478 0.1135
Y -0.1218 0.2444 -0.9620
Z 0.0182 -0.9685 -0.2484

PART 41
OFFSET 7.2202 -5.1755 -4.9692
SCALE 1 1 1
X -0.9924 -0.0478 0.1135
Y -0.1218 0.2444 -0.9620
Z 0.0182 -0.9685 -0.2484

PART 42
OFFSET 8.2102 -5.7389 -6.6929
SCALE 1 1 1
X -1.0000 -0.0028 -0.0059
Y 0.0062 -0.0976 -0.9952
Z 0.0022 -0.9952 0.0976

PART 43
OFFSET 8.6532 -5.2349 -5.7699
SCALE 1 1 1
X -0.5972 -0.7701 -0.2243
Y 0.6229 -0.2691 -0.7346
Z 0.5054 -0.5784 0.6404

PART 44
OFFSET 9.8515 -3.5139 -5.2483
SCALE 1 1 1
X -0.9480 -0.3010 0.1035
Y 0.1714 -0.7565 -0.6311
Z 0.2683 -0.5806 0.7687

PART 45
OFFSET 11.3621 -3.0081 -5.5390
SCALE 1 1 1
X -0.6108 0.4068 0.6793
Y -0.6841 -0.7032 -0.1939
Z 0.3988 -0.5831 0.7078

PART 46
OFFSET 12.0160 -3.4094 -6.3027
SCALE 1 1 1
X -0.8480 0.5300 0.0068
Y 0.2545 0.4184 -0.8719
Z -0.4649 -0.7376 -0.4897

PART 47
OFFSET 9.0626 -5.6399 -7.7733
SCALE 1 1 1
X -0.8233 0.0106 0.5675
Y 0.0714 -0.9900 0.1221
Z 0.5631 0.1410 0.8143

PART 48
OFFSET 10.9857 -5.5218 -8.9447
SCALE 1 1 1
X -0.5930 -0.8049 0.0235
Y 0.7873 -0.5856 -0.1927
Z 0.1688 -0.0958 0.9810

PART 49
OFFSET 11.8253 -4.3823 -8.9778
SCALE 1 1 1
X 0.3269 -0.9323 -0.1550
Y 0.9375 0.3407 -0.0715
Z 0.1195 -0.1219 0.9853

PART 50
OFFSET 11.5354 -3.5557 -8.8405
SCALE 1 1 1
X 0.9434 -0.2669 -0.1968
Y 0.2793 0.9595 0.0376
Z 0.1788 -0.0905 0.9797

PART 51
OFFSET 10.6391 -3.3022 -8.6535
SCALE 1 1 1
X -0.9228 -0.3851 -0.0148
Y -0.3737 0.8847 0.2789
Z -0.0943 0.2628 -0.9602

PART 52
OFFSET 9.2787 -5.7134 -7.0969
SCALE 1 1 1
X -0.9535 0.0213 0.3006
Y 0.0225 -0.9897 0.1413
Z 0.3005 0.1414 0.9432

PART 53
OFFSET 11.7093 -5.8114 -8.0141
SCALE 1 1 1
X -0.2128 -0.9745 0.0711
Y 0.9508 -0.2233 -0.2149
Z 0.2253 0.0219 0.9740

PART 54
OFFSET 12.0716 -4.1523 -8.1352
SCALE 1 1 1
X 0.6969 -0.7008 -0.1524
Y 0.6853 0.7133 -0.1468
Z 0.2116 -0.0021 0.9774

PART 55
OFFSET 11.1058 -3.1810 -7.9240
SCALE 1 1 1
X 0.9678 0.1461 -0.2050
Y -0.1434 0.9893 0.0283
Z 0.2069 0.0020 0.9784

PART 56
OFFSET 10.0562 -3.3395 -7.7017
SCALE 1 1 1
X -0.7009 -0.6847 0.1999
Y -0.6809 0.7257 0.0986
Z -0.2126 -0.0670 -0.9748

PART 57
OFFSET 4.0444 -6.2016 -5.8237
SCALE 1 1 1
X -0.9414 -0.2605 0.2140
Y -0.2925 0.9469 -0.1339
Z -0.1678 -0.1887 -0.9676

PART 58
OFFSET 12.1029 -6.0242 -5.8830
SCALE 1 1 1
X -0.8979 -0.4139 0.1502
Y 0.4297 -0.8981 0.0941
Z 0.0959 0.1490 0.9842

PART 59
OFFSET 13.6837 -5.2955 -6.1474
SCALE 1 1 1
X -0.2910 -0.9327 0.2130
Y 0.9537 -0.3006 -0.0136
Z 0.0767 0.1992 0.9769

PART 60
OFFSET 14.0421 -4.1495 -6.3471
SCALE 1 1 1
X 0.2054 -0.9725 0.1097
Y 0.9758 0.1949 -0.0996
Z 0.0755 0.1275 0.9890

PART 61
OFFSET 13.8101 -3.0510 -6.4710
SCALE 1 1 1
X -0.9265 0.1766 0.3324
Y 0.0876 0.9601 -0.2657
Z -0.3660 -0.2170 -0.9049

PART 62
OFFSET 12.0025 -5.9518 -6.9808
SCALE 1 1 1
X -0.1229 -0.9917 0.0388
Y 0.9882 -0.1259 -0.0868
Z 0.0909 0.0277 0.9955

PART 63
OFFSET 12.2426 -4.0145 -7.0565
SCALE 1 1 1
X 0.7638 -0.6438 -0.0450
Y 0.6355 0.7624 -0.1218
Z 0.1127 0.0644 0.9915

PART 64
OFFSET 11.1270 -3.0741 -6.9909
SCALE 1 1 1
X 0.9646 0.2170 -0.1497
Y -0.2318 0.9686 -0.0899
Z 0.1255 0.1214 0.9846

PART 65
OFFSET 10.0334 -3.3200 -6.8283
SCALE 1 1 1
X -0.5996 -0.7928 0.1093
Y -0.7868 0.6090 0.1009
Z -0.1465 -0.0254 -0.9889

PART 66
OFFSET 0.0000 0.0000 0.0000
SCALE 1 1 1
X 1.0000 0.0000 0.0000
Y 0.0000 1.0000 0.0000
Z 0.0000 0.0000 1.0000

PART 67
OFFSET 0.0000 0.0000 0.0000
SCALE 1 1 1
X 1.0000 0.0000 0.0000
Y 0.0000 1.0000 0.0000
Z 0.0000 0.0000 1.0000

PART 68
OFFSET 0.0000 0.0000 0.0000
SCALE 1 1 1
X 1.0000 0.0000 0.0000
Y 0.0000 1.0000 0.0000
Z 0.0000 0.0000 1.0000

PART 69
OFFSET -3.5095 12.6629 -21.4398
SCALE 1 1 1
X 0.5408 0.1606 -0.8257
Y -0.2238 -0.9188 -0.3253
Z -0.8108 0.3607 -0.4609

PART 70
OFFSET -3.5095 12.6629 -21.4398
SCALE 1 1 1
X 0.5408 0.1606 -0.8257
Y -0.2238 -0.9188 -0.3253
Z -0.8108 0.3607 -0.4609

PART 71
OFFSET 12.6976 -4.1841 -5.7962
SCALE 1 1 1
X 1.0000 0.0000 0.0000
Y 0.0000 1.0000 0.0000
Z 0.0000 0.0000 1.0000

PART 72
OFFSET 11.3575 -4.1125 -7.0335
SCALE 1 1 1
X 1.0000 0.0000 0.0000
Y 0.0000 1.0000 0.0000
Z 0.0000 0.0000 1.0000

PART 73
OFFSET 15.9704 -4.0279 -5.5611
SCALE 1 1 1
X 1.0000 0.0000 0.0000
Y 0.0000 1.0000 0.0000
Z 0.0000 0.0000 1.0000

PART 74
OFFSET 14.1430 -4.1851 -4.2014
SCALE 1 1 1
X 1.0000 0.0000 0.0000
Y 0.0000 1.0000 0.0000
Z 0.0000 0.0000 1.0000

PART 75
OFFSET -10.8906 -2.3030 -1.5469
SCALE 1 1 1
X 0.9998 0.0000 -0.0204
Y 0.0000 1.0000 0.0000
Z 0.0204 0.0000 0.9998

PART 76
OFFSET 14.1103 -4.1911 -5.0069
SCALE 1 1 1
X 0.9998 0.0000 -0.0204
Y 0.0000 1.0000 0.0000
Z 0.0204 0.0000 0.9998

PART 77
OFFSET 14.1184 -3.5140 -4.6129
SCALE 1 1 1
X 0.9998 0.0000 -0.0204
Y 0.0000 1.0000 0.0000
Z 0.0204 0.0000 0.9998

PART 78
OFFSET 14.1345 -3.5084 -3.8248
SCALE 1 1 1
X 0.9998 0.0000 -0.0204
Y 0.0000 1.0000 0.0000
Z 0.0204 0.0000 0.9998

PART 79
OFFSET 14.1423 -4.1856 -3.4419
SCALE 1 1 1
X 0.9998 0.0000 -0.0204
Y 0.0000 1.0000 0.0000
Z 0.0204 0.0000 0.9998

PART 80
OFFSET 14.1344 -4.8683 -3.8304
SCALE 1 1 1
X 0.9998 0.0000 -0.0204
Y 0.0000 1.0000 0.0000
Z 0.0204 0.0000 0.9998

PART 81
OFFSET 14.1185 -4.8628 -4.6073
SCALE 1 1 1
X 0.9998 0.0000 -0.0204
Y 0.0000 1.0000 0.0000
Z 0.0204 0.0000 0.9998

PART 82
OFFSET -8.4181 -2.3181 -1.6025
SCALE 1 1 1
X 0.9998 0.0000 -0.0204
Y 0.0000 1.0000 0.0000
Z 0.0204 0.0000 0.9998

PART 83
OFFSET 12.0752 -4.1764 -5.1979
SCALE 1 1 1
X 0.7580 0.0000 -0.6522
Y 0.0000 1.0000 0.0000
Z 0.6522 0.0000 0.7580


NOTETRACKS

PART 0
NUMTRACKS 0

PART 1
NUMTRACKS 0

PART 2
NUMTRACKS 0

PART 3
NUMTRACKS 0

PART 4
NUMTRACKS 0

PART 5
NUMTRACKS 0

PART 6
NUMTRACKS 0

PART 7
NUMTRACKS 0

PART 8
NUMTRACKS 0

PART 9
NUMTRACKS 0

PART 10
NUMTRACKS 0

PART 11
NUMTRACKS 0

PART 12
NUMTRACKS 0

PART 13
NUMTRACKS 0

PART 14
NUMTRACKS 0

PART 15
NUMTRACKS 0

PART 16
NUMTRACKS 0

PART 17
NUMTRACKS 0

PART 18
NUMTRACKS 0

PART 19
NUMTRACKS 0

PART 20
NUMTRACKS 0

PART 21
NUMTRACKS 0

PART 22
NUMTRACKS 0

PART 23
NUMTRACKS 0

PART 24
NUMTRACKS 0

PART 25
NUMTRACKS 0

PART 26
NUMTRACKS 0

PART 27
NUMTRACKS 0

PART 28
NUMTRACKS 0

PART 29
NUMTRACKS 0

PART 30
NUMTRACKS 0

PART 31
NUMTRACKS 0

PART 32
NUMTRACKS 0

PART 33
NUMTRACKS 0

PART 34
NUMTRACKS 0

PART 35
NUMTRACKS 0

PART 36
NUMTRACKS 0

PART 37
NUMTRACKS 0

PART 38
NUMTRACKS 0

PART 39
NUMTRACKS 0

PART 40
NUMTRACKS 0

PART 41
NUMTRACKS 0

PART 42
NUMTRACKS 0

PART 43
NUMTRACKS 0

PART 44
NUMTRACKS 0

PART 45
NUMTRACKS 0

PART 46
NUMTRACKS 0

PART 47
NUMTRACKS 0

PART 48
NUMTRACKS 0

PART 49
NUMTRACKS 0

PART 50
NUMTRACKS 0

PART 51
NUMTRACKS 0

PART 52
NUMTRACKS 0

PART 53
NUMTRACKS 0

PART 54
NUMTRACKS 0

PART 55
NUMTRACKS 0

PART 56
NUMTRACKS 0

PART 57
NUMTRACKS 0

PART 58
NUMTRACKS 0

PART 59
NUMTRACKS 0

PART 60
NUMTRACKS 0

PART 61
NUMTRACKS 0

PART 62
NUMTRACKS 0

PART 63
NUMTRACKS 0

PART 64
NUMTRACKS 0

PART 65
NUMTRACKS 0

PART 66
NUMTRACKS 0

PART 67
NUMTRACKS 0

PART 68
NUMTRACKS 0

PART 69
NUMTRACKS 0

PART 70
NUMTRACKS 0

PART 71
NUMTRACKS 0

PART 72
NUMTRACKS 0

PART 73
NUMTRACKS 0

PART 74
NUMTRACKS 0

PART 75
NUMTRACKS 0

PART 76
NUMTRACKS 0

PART 77
NUMTRACKS 0

PART 78
NUMTRACKS 0

PART 79
NUMTRACKS 0

PART 80
NUMTRACKS 0

PART 81
NUMTRACKS 0

PART 82
NUMTRACKS 0

PART 83
NUMTRACKS 0

