// Export filename: `C:/cod5/cod/cod5/xanim_export/viewmodel/US/sw357/sw357_putaway.XANIM_EXPORT`
// Source filename: `C:/cod5/cod/cod5/animation_assets/viewmodel/US/sw357/viewmodelanimation_sw357.mb`
// Export time: Wed Sep 03 16:23:26 2008

ANIMATION
VERSION 3

NUMPARTS 84
PART 0 "J_Sleave_Reshape_Top_LE_1"
PART 1 "J_Sleave_Reshape_Top_LE_2"
PART 2 "J_Sleave_Reshape_Top_LE_3"
PART 3 "J_Wrist_LE"
PART 4 "J_WristTwist_LE"
PART 5 "J_Elbow_LE"
PART 6 "tag_torso"
PART 7 "J_Shoulder_LE"
PART 8 "RingPalm_FK_RI"
PART 9 "J_Sleave_Reshape_Bottom_LE_1"
PART 10 "RingPalm_SDK_RI"
PART 11 "J_Sleave_Reshape_Bottom_LE_2"
PART 12 "J_Thumb_LE_0"
PART 13 "J_Thumb_LE_1"
PART 14 "J_Thumb_LE_2"
PART 15 "J_Thumb_LE_3"
PART 16 "J_PinkyPalm_LE"
PART 17 "J_Pinky_LE_0"
PART 18 "J_Pinky_LE_1"
PART 19 "J_Pinky_LE_2"
PART 20 "J_Pinky_LE_3"
PART 21 "J_RingPalm_LE"
PART 22 "J_Ring_LE_0"
PART 23 "J_Ring_LE_1"
PART 24 "J_Ring_LE_2"
PART 25 "J_Ring_LE_3"
PART 26 "J_Webbing_LE"
PART 27 "J_Index_LE_0"
PART 28 "J_Index_LE_1"
PART 29 "J_Index_LE_2"
PART 30 "J_Index_LE_3"
PART 31 "J_Mid_LE_0"
PART 32 "J_Mid_LE_1"
PART 33 "J_Mid_LE_2"
PART 34 "J_Mid_LE_3"
PART 35 "tag_weapon"
PART 36 "J_Shoulder_RI"
PART 37 "J_Elbow_RI"
PART 38 "J_WristTwist_RI"
PART 39 "J_Sleave_Reshape_Top_RI_3"
PART 40 "J_Sleave_Reshape_Top_RI_2"
PART 41 "J_Sleave_Reshape_Top_RI_1"
PART 42 "J_Wrist_RI"
PART 43 "J_Thumb_RI_0"
PART 44 "J_Thumb_RI_1"
PART 45 "J_Thumb_RI_2"
PART 46 "J_Thumb_RI_3"
PART 47 "J_PinkyPalm_RI"
PART 48 "J_Pinky_RI_0"
PART 49 "J_Pinky_RI_1"
PART 50 "J_Pinky_RI_2"
PART 51 "J_Pinky_RI_3"
PART 52 "J_RingPalm_RI"
PART 53 "J_Ring_RI_0"
PART 54 "J_Ring_RI_1"
PART 55 "J_Ring_RI_2"
PART 56 "J_Ring_RI_3"
PART 57 "J_Webbing_RI"
PART 58 "J_Index_RI_0"
PART 59 "J_Index_RI_1"
PART 60 "J_Index_RI_2"
PART 61 "J_Index_RI_3"
PART 62 "J_Mid_RI_0"
PART 63 "J_Mid_RI_1"
PART 64 "J_Mid_RI_2"
PART 65 "J_Mid_RI_3"
PART 66 "tag_cambone"
PART 67 "tag_camera"
PART 68 "tag_gasmask"
PART 69 "RingPalm_SDK_LE"
PART 70 "RingPalm_FK_LE"
PART 71 "J_Gun"
PART 72 "J_Clip"
PART 73 "joint2"
PART 74 "J_Bolt"
PART 75 "tag_speedloader"
PART 76 "tag_spent0"
PART 77 "tag_spent1"
PART 78 "tag_spent2"
PART 79 "tag_spent3"
PART 80 "tag_spent4"
PART 81 "tag_spent5"
PART 82 "tag_bullets"
PART 83 "joint1"

FRAMERATE 30
NUMFRAMES 16

FRAME 250
PART 0
OFFSET -2.9433 12.6125 -18.6878
SCALE 1 1 1
X 0.4090 -0.1132 -0.9055
Y 0.5341 0.8342 0.1370
Z 0.7399 -0.5397 0.4016

PART 1
OFFSET -3.6118 11.4839 -18.7335
SCALE 1 1 1
X 0.4090 -0.1132 -0.9055
Y 0.5341 0.8342 0.1370
Z 0.7399 -0.5397 0.4016

PART 2
OFFSET -4.8226 11.3534 -18.8442
SCALE 1 1 1
X 0.4090 -0.1132 -0.9055
Y 0.5341 0.8342 0.1370
Z 0.7399 -0.5397 0.4016

PART 3
OFFSET -4.0671 12.5132 -20.4537
SCALE 1 1 1
X 0.7678 0.0611 -0.6378
Y 0.6145 -0.3519 0.7060
Z -0.1813 -0.9340 -0.3077

PART 4
OFFSET -5.3297 12.8773 -17.6839
SCALE 1 1 1
X 0.4118 -0.1187 -0.9035
Y 0.8350 -0.3478 0.4263
Z -0.3649 -0.9300 -0.0441

PART 5
OFFSET -8.8326 13.8873 -9.9994
SCALE 1 1 1
X 0.4118 -0.1187 -0.9035
Y 0.7297 -0.5509 0.4050
Z -0.5458 -0.8261 -0.1402

PART 6
OFFSET -1.9111 -0.4487 -1.8207
SCALE 1 1 1
X 1.0000 0.0000 0.0000
Y 0.0000 1.0000 0.0000
Z 0.0000 0.0000 1.0000

PART 7
OFFSET -0.7853 7.4886 -3.6306
SCALE 1 1 1
X -0.6654 0.5291 -0.5266
Y -0.2100 -0.8096 -0.5480
Z -0.7163 -0.2541 0.6499

PART 8
OFFSET 9.2787 -5.7134 -7.0969
SCALE 1 1 1
X -0.9535 0.0213 0.3006
Y 0.0225 -0.9897 0.1413
Z 0.3005 0.1414 0.9432

PART 9
OFFSET -4.8660 14.2170 -19.1943
SCALE 1 1 1
X 0.4090 -0.1132 -0.9055
Y 0.5341 0.8342 0.1370
Z 0.7399 -0.5397 0.4016

PART 10
OFFSET 9.2787 -5.7134 -7.0969
SCALE 1 1 1
X -0.9535 0.0213 0.3006
Y 0.0225 -0.9897 0.1413
Z 0.3005 0.1414 0.9432

PART 11
OFFSET -6.2268 12.8453 -19.2112
SCALE 1 1 1
X 0.4090 -0.1132 -0.9055
Y 0.5341 0.8342 0.1370
Z 0.7399 -0.5397 0.4016

PART 12
OFFSET -3.2031 11.8176 -20.1856
SCALE 1 1 1
X 0.7858 -0.5961 -0.1648
Y 0.2242 0.0263 0.9742
Z -0.5764 -0.8025 0.1543

PART 13
OFFSET -1.5171 10.4892 -20.4354
SCALE 1 1 1
X 0.6151 -0.2857 -0.7349
Y 0.5930 -0.4466 0.6700
Z -0.5195 -0.8479 -0.1053

PART 14
OFFSET -0.6176 9.9598 -21.6735
SCALE 1 1 1
X 0.1905 -0.1659 -0.9676
Y 0.8088 -0.5322 0.2505
Z -0.5565 -0.8302 0.0328

PART 15
OFFSET -0.4233 9.7333 -22.7140
SCALE 1 1 1
X 0.6647 0.3012 -0.6837
Y 0.0707 0.8857 0.4588
Z 0.7438 -0.3533 0.5674

PART 16
OFFSET -4.1121 12.7529 -21.8117
SCALE 1 1 1
X 0.2709 0.2109 -0.9392
Y -0.2491 -0.9271 -0.2800
Z -0.9298 0.3098 -0.1986

PART 17
OFFSET -3.3986 13.0679 -23.9274
SCALE 1 1 1
X 0.3591 -0.2141 -0.9084
Y -0.3617 -0.9292 0.0760
Z -0.8603 0.3013 -0.4111

PART 18
OFFSET -2.8901 12.7648 -25.2135
SCALE 1 1 1
X -0.0964 -0.8949 -0.4358
Y -0.5462 -0.3185 0.7747
Z -0.8321 0.3127 -0.4581

PART 19
OFFSET -2.9756 11.9714 -25.5999
SCALE 1 1 1
X -0.3951 -0.9005 0.1816
Y -0.3072 0.3159 0.8977
Z -0.8658 0.2989 -0.4014

PART 20
OFFSET -3.3509 11.1159 -25.4273
SCALE 1 1 1
X 0.6202 0.4473 -0.6444
Y -0.0871 0.8557 0.5101
Z 0.7796 -0.2602 0.5697

PART 21
OFFSET -3.5095 12.6629 -21.4398
SCALE 1 1 1
X 0.5408 0.1606 -0.8257
Y -0.2238 -0.9188 -0.3253
Z -0.8108 0.3607 -0.4609

PART 22
OFFSET -2.2214 13.1535 -23.6440
SCALE 1 1 1
X 0.3655 -0.3030 -0.8801
Y -0.4120 -0.9005 0.1390
Z -0.8347 0.3118 -0.4540

PART 23
OFFSET -1.5991 12.6376 -25.1423
SCALE 1 1 1
X -0.1538 -0.9279 -0.3396
Y -0.5496 -0.2053 0.8098
Z -0.8212 0.3112 -0.4784

PART 24
OFFSET -1.8123 11.3516 -25.6130
SCALE 1 1 1
X -0.4532 -0.8682 0.2021
Y -0.3497 0.3817 0.8556
Z -0.8200 0.3171 -0.4766

PART 25
OFFSET -2.3038 10.4100 -25.3938
SCALE 1 1 1
X 0.5307 0.5089 -0.6778
Y 0.0088 0.7963 0.6048
Z 0.8475 -0.3270 0.4182

PART 26
OFFSET -0.8218 11.6421 -21.4638
SCALE 1 1 1
X 0.5531 -0.1342 -0.8222
Y 0.4205 0.8970 0.1364
Z 0.7192 -0.4212 0.5526

PART 27
OFFSET -0.5446 12.8329 -22.2922
SCALE 1 1 1
X 0.5456 -0.5426 -0.6386
Y -0.6487 -0.7560 0.0881
Z -0.5306 0.3662 -0.7644

PART 28
OFFSET 0.4161 11.8776 -23.4166
SCALE 1 1 1
X 0.1883 -0.8100 -0.5554
Y -0.8469 -0.4203 0.3258
Z -0.4973 0.4090 -0.7651

PART 29
OFFSET 0.6752 10.8680 -24.0453
SCALE 1 1 1
X -0.0264 -0.9239 -0.3817
Y -0.8656 -0.1698 0.4710
Z -0.5000 0.3429 -0.7953

PART 30
OFFSET 0.6454 9.8245 -24.4764
SCALE 1 1 1
X 0.6494 0.5505 -0.5246
Y -0.1670 0.7763 0.6079
Z 0.7419 -0.3071 0.5961

PART 31
OFFSET -1.3257 13.0406 -23.0453
SCALE 1 1 1
X 0.4808 -0.4957 -0.7233
Y -0.5912 -0.7924 0.1500
Z -0.6475 0.3555 -0.6741

PART 32
OFFSET -0.3864 12.0723 -24.4583
SCALE 1 1 1
X -0.1556 -0.9220 -0.3544
Y -0.7203 -0.1396 0.6795
Z -0.6760 0.3610 -0.6424

PART 33
OFFSET -0.6137 10.7255 -24.9760
SCALE 1 1 1
X -0.5239 -0.8474 0.0858
Y -0.4729 0.3732 0.7982
Z -0.7084 0.3776 -0.5963

PART 34
OFFSET -1.2117 9.7682 -24.8836
SCALE 1 1 1
X 0.7491 0.3873 -0.5375
Y -0.0774 0.8569 0.5096
Z 0.6580 -0.3401 0.6719

PART 35
OFFSET 12.6976 -4.1841 -5.7962
SCALE 1 1 1
X 1.0000 0.0000 0.0000
Y 0.0000 1.0000 0.0000
Z 0.0000 0.0000 1.0000

PART 36
OFFSET -14.7030 -3.1330 -3.1208
SCALE 1 1 1
X -0.9456 0.2673 0.1855
Y -0.0464 -0.6751 0.7362
Z 0.3221 0.6876 0.6508

PART 37
OFFSET -3.2673 -6.3659 -5.3648
SCALE 1 1 1
X -0.9919 -0.0542 0.1148
Y 0.0259 -0.9716 -0.2352
Z 0.1243 -0.2303 0.9651

PART 38
OFFSET 5.1693 -5.9050 -6.3410
SCALE 1 1 1
X -0.9919 -0.0542 0.1148
Y -0.1077 -0.1193 -0.9870
Z 0.0672 -0.9914 0.1125

PART 39
OFFSET 6.3766 -5.0379 -8.0236
SCALE 1 1 1
X -0.9924 -0.0478 0.1135
Y -0.1218 0.2444 -0.9620
Z 0.0182 -0.9685 -0.2484

PART 40
OFFSET 6.8511 -4.4679 -6.9814
SCALE 1 1 1
X -0.9924 -0.0478 0.1135
Y -0.1218 0.2444 -0.9620
Z 0.0182 -0.9685 -0.2484

PART 41
OFFSET 7.2202 -5.1755 -4.9692
SCALE 1 1 1
X -0.9924 -0.0478 0.1135
Y -0.1218 0.2444 -0.9620
Z 0.0182 -0.9685 -0.2484

PART 42
OFFSET 8.2102 -5.7389 -6.6929
SCALE 1 1 1
X -1.0000 -0.0028 -0.0059
Y 0.0062 -0.0976 -0.9952
Z 0.0022 -0.9952 0.0976

PART 43
OFFSET 8.6532 -5.2349 -5.7699
SCALE 1 1 1
X -0.5972 -0.7701 -0.2243
Y 0.6229 -0.2691 -0.7346
Z 0.5054 -0.5784 0.6404

PART 44
OFFSET 9.8515 -3.5139 -5.2483
SCALE 1 1 1
X -0.9480 -0.3010 0.1035
Y 0.1714 -0.7565 -0.6311
Z 0.2683 -0.5806 0.7687

PART 45
OFFSET 11.3621 -3.0081 -5.5390
SCALE 1 1 1
X -0.6108 0.4068 0.6793
Y -0.6841 -0.7032 -0.1939
Z 0.3988 -0.5831 0.7078

PART 46
OFFSET 12.0160 -3.4094 -6.3027
SCALE 1 1 1
X -0.8480 0.5300 0.0068
Y 0.2545 0.4184 -0.8719
Z -0.4649 -0.7376 -0.4897

PART 47
OFFSET 9.0626 -5.6399 -7.7733
SCALE 1 1 1
X -0.8233 0.0106 0.5675
Y 0.0714 -0.9900 0.1221
Z 0.5631 0.1410 0.8143

PART 48
OFFSET 10.9857 -5.5218 -8.9447
SCALE 1 1 1
X -0.5930 -0.8049 0.0235
Y 0.7873 -0.5856 -0.1927
Z 0.1688 -0.0958 0.9810

PART 49
OFFSET 11.8253 -4.3823 -8.9778
SCALE 1 1 1
X 0.3269 -0.9323 -0.1550
Y 0.9375 0.3407 -0.0715
Z 0.1195 -0.1219 0.9853

PART 50
OFFSET 11.5354 -3.5557 -8.8405
SCALE 1 1 1
X 0.9434 -0.2669 -0.1968
Y 0.2793 0.9595 0.0376
Z 0.1788 -0.0905 0.9797

PART 51
OFFSET 10.6391 -3.3022 -8.6535
SCALE 1 1 1
X -0.9228 -0.3851 -0.0148
Y -0.3737 0.8847 0.2789
Z -0.0943 0.2628 -0.9602

PART 52
OFFSET 9.2787 -5.7134 -7.0969
SCALE 1 1 1
X -0.9535 0.0213 0.3006
Y 0.0225 -0.9897 0.1413
Z 0.3005 0.1414 0.9432

PART 53
OFFSET 11.7093 -5.8114 -8.0141
SCALE 1 1 1
X -0.2128 -0.9745 0.0711
Y 0.9508 -0.2233 -0.2149
Z 0.2253 0.0219 0.9740

PART 54
OFFSET 12.0716 -4.1523 -8.1352
SCALE 1 1 1
X 0.6969 -0.7008 -0.1524
Y 0.6853 0.7133 -0.1468
Z 0.2116 -0.0021 0.9774

PART 55
OFFSET 11.1058 -3.1810 -7.9240
SCALE 1 1 1
X 0.9678 0.1461 -0.2050
Y -0.1434 0.9893 0.0283
Z 0.2069 0.0020 0.9784

PART 56
OFFSET 10.0562 -3.3395 -7.7017
SCALE 1 1 1
X -0.7009 -0.6847 0.1999
Y -0.6809 0.7257 0.0986
Z -0.2126 -0.0670 -0.9748

PART 57
OFFSET 4.0444 -6.2016 -5.8237
SCALE 1 1 1
X -0.9414 -0.2605 0.2140
Y -0.2925 0.9469 -0.1339
Z -0.1678 -0.1887 -0.9676

PART 58
OFFSET 12.1029 -6.0242 -5.8830
SCALE 1 1 1
X -0.8979 -0.4139 0.1502
Y 0.4297 -0.8981 0.0941
Z 0.0959 0.1490 0.9842

PART 59
OFFSET 13.6837 -5.2955 -6.1474
SCALE 1 1 1
X -0.2910 -0.9327 0.2130
Y 0.9537 -0.3006 -0.0136
Z 0.0767 0.1992 0.9769

PART 60
OFFSET 14.0421 -4.1495 -6.3471
SCALE 1 1 1
X 0.2054 -0.9725 0.1097
Y 0.9758 0.1949 -0.0996
Z 0.0755 0.1275 0.9890

PART 61
OFFSET 13.8101 -3.0510 -6.4710
SCALE 1 1 1
X -0.9265 0.1766 0.3324
Y 0.0876 0.9601 -0.2657
Z -0.3660 -0.2170 -0.9049

PART 62
OFFSET 12.0025 -5.9518 -6.9808
SCALE 1 1 1
X -0.1229 -0.9917 0.0388
Y 0.9882 -0.1259 -0.0868
Z 0.0909 0.0277 0.9955

PART 63
OFFSET 12.2426 -4.0145 -7.0565
SCALE 1 1 1
X 0.7638 -0.6438 -0.0450
Y 0.6355 0.7624 -0.1218
Z 0.1127 0.0644 0.9915

PART 64
OFFSET 11.1270 -3.0741 -6.9909
SCALE 1 1 1
X 0.9646 0.2170 -0.1497
Y -0.2318 0.9686 -0.0899
Z 0.1255 0.1214 0.9846

PART 65
OFFSET 10.0334 -3.3200 -6.8283
SCALE 1 1 1
X -0.5996 -0.7928 0.1093
Y -0.7868 0.6090 0.1009
Z -0.1465 -0.0254 -0.9889

PART 66
OFFSET 0.0000 0.0000 0.0000
SCALE 1 1 1
X 1.0000 0.0000 0.0000
Y 0.0000 1.0000 0.0000
Z 0.0000 0.0000 1.0000

PART 67
OFFSET 0.0000 0.0000 0.0000
SCALE 1 1 1
X 1.0000 0.0000 0.0000
Y 0.0000 1.0000 0.0000
Z 0.0000 0.0000 1.0000

PART 68
OFFSET 0.0000 0.0000 0.0000
SCALE 1 1 1
X 1.0000 0.0000 0.0000
Y 0.0000 1.0000 0.0000
Z 0.0000 0.0000 1.0000

PART 69
OFFSET -3.5095 12.6629 -21.4398
SCALE 1 1 1
X 0.5408 0.1606 -0.8257
Y -0.2238 -0.9188 -0.3253
Z -0.8108 0.3607 -0.4609

PART 70
OFFSET -3.5095 12.6629 -21.4398
SCALE 1 1 1
X 0.5408 0.1606 -0.8257
Y -0.2238 -0.9188 -0.3253
Z -0.8108 0.3607 -0.4609

PART 71
OFFSET 12.6976 -4.1841 -5.7962
SCALE 1 1 1
X 1.0000 0.0000 0.0000
Y 0.0000 1.0000 0.0000
Z 0.0000 0.0000 1.0000

PART 72
OFFSET 11.3575 -4.1125 -7.0335
SCALE 1 1 1
X 1.0000 0.0000 0.0000
Y 0.0000 1.0000 0.0000
Z 0.0000 0.0000 1.0000

PART 73
OFFSET 15.9704 -4.0279 -5.5611
SCALE 1 1 1
X 1.0000 0.0000 0.0000
Y 0.0000 1.0000 0.0000
Z 0.0000 0.0000 1.0000

PART 74
OFFSET 14.1430 -4.1851 -4.2014
SCALE 1 1 1
X 1.0000 0.0000 0.0000
Y 0.0000 1.0000 0.0000
Z 0.0000 0.0000 1.0000

PART 75
OFFSET -10.8906 -2.3030 -1.5469
SCALE 1 1 1
X 0.9998 0.0000 -0.0204
Y 0.0000 1.0000 0.0000
Z 0.0204 0.0000 0.9998

PART 76
OFFSET 14.1103 -4.1911 -5.0069
SCALE 1 1 1
X 0.9998 0.0000 -0.0204
Y 0.0000 1.0000 0.0000
Z 0.0204 0.0000 0.9998

PART 77
OFFSET 14.1184 -3.5140 -4.6129
SCALE 1 1 1
X 0.9998 0.0000 -0.0204
Y 0.0000 1.0000 0.0000
Z 0.0204 0.0000 0.9998

PART 78
OFFSET 14.1345 -3.5084 -3.8248
SCALE 1 1 1
X 0.9998 0.0000 -0.0204
Y 0.0000 1.0000 0.0000
Z 0.0204 0.0000 0.9998

PART 79
OFFSET 14.1423 -4.1856 -3.4419
SCALE 1 1 1
X 0.9998 0.0000 -0.0204
Y 0.0000 1.0000 0.0000
Z 0.0204 0.0000 0.9998

PART 80
OFFSET 14.1344 -4.8683 -3.8304
SCALE 1 1 1
X 0.9998 0.0000 -0.0204
Y 0.0000 1.0000 0.0000
Z 0.0204 0.0000 0.9998

PART 81
OFFSET 14.1185 -4.8628 -4.6073
SCALE 1 1 1
X 0.9998 0.0000 -0.0204
Y 0.0000 1.0000 0.0000
Z 0.0204 0.0000 0.9998

PART 82
OFFSET 14.5485 -4.1836 -4.1925
SCALE 1 1 1
X 0.9998 0.0000 -0.0204
Y 0.0000 1.0000 0.0000
Z 0.0204 0.0000 0.9998

PART 83
OFFSET 12.0752 -4.1764 -5.1979
SCALE 1 1 1
X 0.7580 0.0000 -0.6522
Y 0.0000 1.0000 0.0000
Z 0.6522 0.0000 0.7580


FRAME 251
PART 0
OFFSET -2.6957 12.4864 -19.3704
SCALE 1 1 1
X 0.3948 -0.1111 -0.9120
Y 0.5371 0.8333 0.1310
Z 0.7454 -0.5416 0.3887

PART 1
OFFSET -3.3792 11.3626 -19.4149
SCALE 1 1 1
X 0.3948 -0.1111 -0.9120
Y 0.5371 0.8333 0.1310
Z 0.7454 -0.5416 0.3887

PART 2
OFFSET -4.5904 11.2114 -19.5041
SCALE 1 1 1
X 0.3948 -0.1111 -0.9120
Y 0.5371 0.8333 0.1310
Z 0.7454 -0.5416 0.3887

PART 3
OFFSET -3.8585 12.3748 -21.1219
SCALE 1 1 1
X 0.7880 0.0672 -0.6120
Y 0.5937 -0.3466 0.7262
Z -0.1633 -0.9356 -0.3130

PART 4
OFFSET -5.0778 12.7326 -18.3320
SCALE 1 1 1
X 0.3977 -0.1167 -0.9101
Y 0.8479 -0.3321 0.4132
Z -0.3504 -0.9360 -0.0331

PART 5
OFFSET -8.4606 13.7254 -10.5916
SCALE 1 1 1
X 0.3977 -0.1167 -0.9101
Y 0.7352 -0.5528 0.3922
Z -0.5489 -0.8251 -0.1341

PART 6
OFFSET -1.9111 -0.4487 -1.8207
SCALE 1 1 1
X 1.0000 0.0000 0.0000
Y 0.0000 1.0000 0.0000
Z 0.0000 0.0000 1.0000

PART 7
OFFSET -0.7853 7.4886 -3.6306
SCALE 1 1 1
X -0.6346 0.5157 -0.5756
Y -0.1949 -0.8275 -0.5265
Z -0.7478 -0.2220 0.6257

PART 8
OFFSET 9.1871 -5.7368 -7.3196
SCALE 1 1 1
X -0.9631 0.0135 0.2688
Y 0.0259 -0.9895 0.1425
Z 0.2679 0.1442 0.9526

PART 9
OFFSET -4.6121 14.0992 -19.8382
SCALE 1 1 1
X 0.3948 -0.1111 -0.9120
Y 0.5371 0.8333 0.1310
Z 0.7454 -0.5416 0.3887

PART 10
OFFSET 9.1871 -5.7368 -7.3196
SCALE 1 1 1
X -0.9631 0.0135 0.2688
Y 0.0259 -0.9895 0.1425
Z 0.2679 0.1442 0.9526

PART 11
OFFSET -5.9985 12.7058 -19.8453
SCALE 1 1 1
X 0.3948 -0.1111 -0.9120
Y 0.5371 0.8333 0.1310
Z 0.7454 -0.5416 0.3887

PART 12
OFFSET -2.9982 11.6864 -20.8249
SCALE 1 1 1
X 0.7958 -0.5896 -0.1383
Y 0.1916 0.0284 0.9811
Z -0.5745 -0.8072 0.1356

PART 13
OFFSET -1.2939 10.3720 -21.0179
SCALE 1 1 1
X 0.6415 -0.2808 -0.7139
Y 0.5742 -0.4414 0.6895
Z -0.5087 -0.8522 -0.1220

PART 14
OFFSET -0.3495 9.8497 -22.2251
SCALE 1 1 1
X 0.2238 -0.1646 -0.9606
Y 0.8044 -0.5254 0.2774
Z -0.5503 -0.8348 0.0148

PART 15
OFFSET -0.1189 9.6245 -23.2586
SCALE 1 1 1
X 0.6845 0.3065 -0.6615
Y 0.0481 0.8864 0.4604
Z 0.7274 -0.3470 0.5920

PART 16
OFFSET -3.8604 12.6138 -22.4807
SCALE 1 1 1
X 0.3001 0.2128 -0.9298
Y -0.2320 -0.9292 -0.2876
Z -0.9253 0.3020 -0.2295

PART 17
OFFSET -3.0797 12.9340 -24.5718
SCALE 1 1 1
X 0.3908 -0.2114 -0.8959
Y -0.3563 -0.9321 0.0645
Z -0.8487 0.2940 -0.4396

PART 18
OFFSET -2.5264 12.6348 -25.8401
SCALE 1 1 1
X -0.0745 -0.8957 -0.4383
Y -0.5690 -0.3228 0.7564
Z -0.8190 0.3057 -0.4856

PART 19
OFFSET -2.5925 11.8406 -26.2287
SCALE 1 1 1
X -0.3934 -0.9037 0.1689
Y -0.3394 0.3136 0.8868
Z -0.8544 0.2916 -0.4301

PART 20
OFFSET -2.9662 10.9820 -26.0682
SCALE 1 1 1
X 0.6376 0.4522 -0.6237
Y -0.1110 0.8551 0.5064
Z 0.7624 -0.2536 0.5954

PART 21
OFFSET -3.2698 12.5289 -22.0890
SCALE 1 1 1
X 0.5666 0.1648 -0.8074
Y -0.2053 -0.9207 -0.3320
Z -0.7980 0.3539 -0.4878

PART 22
OFFSET -1.9134 13.0295 -24.2495
SCALE 1 1 1
X 0.3970 -0.3002 -0.8673
Y -0.4089 -0.9039 0.1257
Z -0.8217 0.3047 -0.4816

PART 23
OFFSET -1.2375 12.5183 -25.7261
SCALE 1 1 1
X -0.1348 -0.9292 -0.3440
Y -0.5744 -0.2096 0.7913
Z -0.8074 0.3042 -0.5055

PART 24
OFFSET -1.4242 11.2305 -26.2029
SCALE 1 1 1
X -0.4525 -0.8719 0.1874
Y -0.3810 0.3790 0.8433
Z -0.8063 0.3101 -0.5037

PART 25
OFFSET -1.9149 10.2849 -25.9996
SCALE 1 1 1
X 0.5487 0.5131 -0.6601
Y -0.0179 0.7965 0.6043
Z 0.8358 -0.3198 0.4462

PART 26
OFFSET -0.5744 11.5303 -22.0233
SCALE 1 1 1
X 0.5812 -0.1298 -0.8034
Y 0.4083 0.9005 0.1498
Z 0.7040 -0.4151 0.5763

PART 27
OFFSET -0.2797 12.7232 -22.8427
SCALE 1 1 1
X 0.5710 -0.5382 -0.6199
Y -0.6450 -0.7613 0.0669
Z -0.5079 0.3616 -0.7818

PART 28
OFFSET 0.7256 11.7755 -23.9341
SCALE 1 1 1
X 0.2133 -0.8086 -0.5484
Y -0.8537 -0.4272 0.2977
Z -0.4750 0.4046 -0.7814

PART 29
OFFSET 1.0138 10.7679 -24.5532
SCALE 1 1 1
X -0.0061 -0.9242 -0.3819
Y -0.8793 -0.1769 0.4421
Z -0.4761 0.3385 -0.8116

PART 30
OFFSET 1.0069 9.7240 -24.9846
SCALE 1 1 1
X 0.6619 0.5557 -0.5031
Y -0.1935 0.7750 0.6016
Z 0.7242 -0.3008 0.6205

PART 31
OFFSET -1.0371 12.9242 -23.6214
SCALE 1 1 1
X 0.5086 -0.4919 -0.7067
Y -0.5893 -0.7972 0.1308
Z -0.6277 0.3499 -0.6954

PART 32
OFFSET -0.0435 11.9633 -25.0019
SCALE 1 1 1
X -0.1361 -0.9234 -0.3589
Y -0.7413 -0.1454 0.6553
Z -0.6573 0.3552 -0.6647

PART 33
OFFSET -0.2423 10.6145 -25.5261
SCALE 1 1 1
X -0.5194 -0.8517 0.0689
Y -0.5022 0.3695 0.7818
Z -0.6914 0.3715 -0.6197

PART 34
OFFSET -0.8352 9.6522 -25.4530
SCALE 1 1 1
X 0.7633 0.3934 -0.5126
Y -0.1014 0.8564 0.5063
Z 0.6381 -0.3344 0.6935

PART 35
OFFSET 12.5482 -4.1789 -5.9070
SCALE 1 1 1
X 0.9994 0.0083 0.0332
Y -0.0083 1.0000 -0.0006
Z -0.0332 0.0003 0.9994

PART 36
OFFSET -14.5810 -3.1330 -3.2233
SCALE 1 1 1
X -0.9297 0.3093 0.2001
Y -0.0616 -0.6660 0.7434
Z 0.3632 0.6788 0.6382

PART 37
OFFSET -3.3378 -6.8742 -5.6434
SCALE 1 1 1
X -0.9890 -0.0953 0.1130
Y 0.0663 -0.9692 -0.2371
Z 0.1321 -0.2270 0.9649

PART 38
OFFSET 5.0741 -6.0634 -6.6047
SCALE 1 1 1
X -0.9890 -0.0953 0.1130
Y -0.1012 -0.1206 -0.9875
Z 0.1078 -0.9881 0.1096

PART 39
OFFSET 6.2471 -5.1438 -8.2843
SCALE 1 1 1
X -0.9897 -0.0889 0.1118
Y -0.1303 0.2412 -0.9617
Z 0.0586 -0.9664 -0.2503

PART 40
OFFSET 6.6961 -4.5571 -7.2399
SCALE 1 1 1
X -0.9897 -0.0889 0.1118
Y -0.1303 0.2412 -0.9617
Z 0.0586 -0.9664 -0.2503

PART 41
OFFSET 7.0910 -5.2534 -5.2275
SCALE 1 1 1
X -0.9897 -0.0889 0.1118
Y -0.1303 0.2412 -0.9617
Z 0.0586 -0.9664 -0.2503

PART 42
OFFSET 8.1061 -5.7711 -6.9512
SCALE 1 1 1
X -0.9992 -0.0111 -0.0391
Y 0.0400 -0.0978 -0.9944
Z 0.0072 -0.9951 0.0982

PART 43
OFFSET 8.5140 -5.2631 -6.0144
SCALE 1 1 1
X -0.5830 -0.7751 -0.2435
Y 0.6491 -0.2641 -0.7134
Z 0.4886 -0.5740 0.6571

PART 44
OFFSET 9.6801 -3.5322 -5.4542
SCALE 1 1 1
X -0.9484 -0.3089 0.0721
Y 0.1985 -0.7552 -0.6247
Z 0.2474 -0.5781 0.7775

PART 45
OFFSET 11.1952 -3.0139 -5.6950
SCALE 1 1 1
X -0.6363 0.4019 0.6584
Y -0.6714 -0.7089 -0.2161
Z 0.3799 -0.5796 0.7209

PART 46
OFFSET 11.8774 -3.4100 -6.4363
SCALE 1 1 1
X -0.8521 0.5229 -0.0216
Y 0.2798 0.4203 -0.8632
Z -0.4423 -0.7415 -0.5045

PART 47
OFFSET 8.9929 -5.6653 -8.0028
SCALE 1 1 1
X -0.8418 0.0040 0.5398
Y 0.0754 -0.9893 0.1249
Z 0.5345 0.1459 0.8325

PART 48
OFFSET 10.9529 -5.5317 -9.1098
SCALE 1 1 1
X -0.5867 -0.8098 0.0042
Y 0.7981 -0.5792 -0.1662
Z 0.1370 -0.0941 0.9861

PART 49
OFFSET 11.7836 -4.3852 -9.1157
SCALE 1 1 1
X 0.3396 -0.9296 -0.1435
Y 0.9365 0.3484 -0.0406
Z 0.0877 -0.1206 0.9888

PART 50
OFFSET 11.4824 -3.5610 -8.9885
SCALE 1 1 1
X 0.9516 -0.2591 -0.1653
Y 0.2699 0.9618 0.0463
Z 0.1469 -0.0887 0.9852

PART 51
OFFSET 10.5784 -3.3149 -8.8315
SCALE 1 1 1
X -0.9185 -0.3927 -0.0452
Y -0.3900 0.8816 0.2658
Z -0.0646 0.2618 -0.9630

PART 52
OFFSET 9.1871 -5.7368 -7.3196
SCALE 1 1 1
X -0.9631 0.0135 0.2688
Y 0.0259 -0.9895 0.1425
Z 0.2679 0.1442 0.9526

PART 53
OFFSET 11.6475 -5.8150 -8.1555
SCALE 1 1 1
X -0.2069 -0.9762 0.0646
Y 0.9592 -0.2155 -0.1831
Z 0.1927 0.0241 0.9810

PART 54
OFFSET 11.9999 -4.1530 -8.2655
SCALE 1 1 1
X 0.7073 -0.6951 -0.1288
Y 0.6839 0.7189 -0.1244
Z 0.1790 -0.0001 0.9838

PART 55
OFFSET 11.0196 -3.1896 -8.0870
SCALE 1 1 1
X 0.9728 0.1541 -0.1728
Y -0.1524 0.9881 0.0230
Z 0.1743 0.0040 0.9847

PART 56
OFFSET 9.9645 -3.3567 -7.8996
SCALE 1 1 1
X -0.7014 -0.6904 0.1769
Y -0.6898 0.7201 0.0756
Z -0.1796 -0.0690 -0.9813

PART 57
OFFSET 3.9176 -6.2681 -6.2205
SCALE 1 1 1
X -0.9458 -0.2683 0.1828
Y -0.2957 0.9444 -0.1441
Z -0.1340 -0.1903 -0.9725

PART 58
OFFSET 11.9719 -6.0238 -6.0124
SCALE 1 1 1
X -0.8989 -0.4213 0.1206
Y 0.4338 -0.8944 0.1088
Z 0.0620 0.1501 0.9867

PART 59
OFFSET 13.5546 -5.2822 -6.2247
SCALE 1 1 1
X -0.2901 -0.9350 0.2038
Y 0.9560 -0.2927 0.0182
Z 0.0426 0.2001 0.9788

PART 60
OFFSET 13.9099 -4.1333 -6.4130
SCALE 1 1 1
X 0.2097 -0.9707 0.1170
Y 0.9769 0.2029 -0.0673
Z 0.0416 0.1284 0.9908

PART 61
OFFSET 13.6730 -3.0368 -6.5452
SCALE 1 1 1
X -0.9384 0.1690 0.3014
Y 0.0884 0.9607 -0.2632
Z -0.3340 -0.2203 -0.9165

PART 62
OFFSET 11.9074 -5.9526 -7.1130
SCALE 1 1 1
X -0.1159 -0.9926 0.0352
Y 0.9916 -0.1177 -0.0539
Z 0.0576 0.0287 0.9979

PART 63
OFFSET 12.1339 -4.0135 -7.1818
SCALE 1 1 1
X 0.7702 -0.6375 -0.0192
Y 0.6329 0.7676 -0.1011
Z 0.0792 0.0657 0.9947

PART 64
OFFSET 11.0089 -3.0823 -7.1538
SCALE 1 1 1
X 0.9672 0.2249 -0.1177
Y -0.2367 0.9666 -0.0981
Z 0.0918 0.1227 0.9882

PART 65
OFFSET 9.9126 -3.3372 -7.0274
SCALE 1 1 1
X -0.5963 -0.7977 0.0897
Y -0.7947 0.6024 0.0744
Z -0.1134 -0.0269 -0.9932

PART 66
OFFSET 0.0000 0.0000 0.0000
SCALE 1 1 1
X 1.0000 0.0000 0.0000
Y 0.0000 1.0000 0.0000
Z 0.0000 0.0000 1.0000

PART 67
OFFSET -0.0014 -0.0097 0.0101
SCALE 1 1 1
X 1.0000 0.0003 0.0006
Y -0.0003 1.0000 -0.0011
Z -0.0006 0.0011 1.0000

PART 68
OFFSET -0.0000 -0.0000 0.0000
SCALE 1 1 1
X 1.0000 0.0003 0.0006
Y -0.0003 1.0000 -0.0011
Z -0.0006 0.0011 1.0000

PART 69
OFFSET -3.2698 12.5289 -22.0890
SCALE 1 1 1
X 0.5666 0.1648 -0.8074
Y -0.2053 -0.9207 -0.3320
Z -0.7980 0.3539 -0.4878

PART 70
OFFSET -3.2698 12.5289 -22.0890
SCALE 1 1 1
X 0.5666 0.1648 -0.8074
Y -0.2053 -0.9207 -0.3320
Z -0.7980 0.3539 -0.4878

PART 71
OFFSET 12.5482 -4.1789 -5.9070
SCALE 1 1 1
X 0.9994 0.0083 0.0332
Y -0.0083 1.0000 -0.0006
Z -0.0332 0.0003 0.9994

PART 72
OFFSET 11.2493 -4.1188 -7.1881
SCALE 1 1 1
X 0.9994 0.0083 0.0332
Y -0.0083 1.0000 -0.0006
Z -0.0332 0.0003 0.9994

PART 73
OFFSET 15.8099 -3.9956 -5.5635
SCALE 1 1 1
X 0.9994 0.0083 0.0332
Y -0.0083 1.0000 -0.0006
Z -0.0332 0.0003 0.9994

PART 74
OFFSET 13.9398 -4.1675 -4.2652
SCALE 1 1 1
X 0.9994 0.0083 0.0332
Y -0.0083 1.0000 -0.0006
Z -0.0332 0.0003 0.9994

PART 75
OFFSET -11.1828 -2.4921 -2.4436
SCALE 1 1 1
X 0.9999 0.0083 0.0127
Y -0.0083 1.0000 -0.0006
Z -0.0127 0.0005 0.9999

PART 76
OFFSET 13.9340 -4.1740 -5.0713
SCALE 1 1 1
X 0.9999 0.0083 0.0127
Y -0.0083 1.0000 -0.0006
Z -0.0127 0.0005 0.9999

PART 77
OFFSET 13.9233 -3.4967 -4.6776
SCALE 1 1 1
X 0.9999 0.0083 0.0127
Y -0.0083 1.0000 -0.0006
Z -0.0127 0.0005 0.9999

PART 78
OFFSET 13.9132 -3.4908 -3.8894
SCALE 1 1 1
X 0.9999 0.0083 0.0127
Y -0.0083 1.0000 -0.0006
Z -0.0127 0.0005 0.9999

PART 79
OFFSET 13.9140 -4.1678 -3.5061
SCALE 1 1 1
X 0.9999 0.0083 0.0127
Y -0.0083 1.0000 -0.0006
Z -0.0127 0.0005 0.9999

PART 80
OFFSET 13.9246 -4.8507 -3.8942
SCALE 1 1 1
X 0.9999 0.0083 0.0127
Y -0.0083 1.0000 -0.0006
Z -0.0127 0.0005 0.9999

PART 81
OFFSET 13.9344 -4.8455 -4.6713
SCALE 1 1 1
X 0.9999 0.0083 0.0127
Y -0.0083 1.0000 -0.0006
Z -0.0127 0.0005 0.9999

PART 82
OFFSET 14.3448 -4.1627 -4.2428
SCALE 1 1 1
X 0.9999 0.0083 0.0127
Y -0.0083 1.0000 -0.0006
Z -0.0127 0.0005 0.9999

PART 83
OFFSET 11.9062 -4.1761 -5.3297
SCALE 1 1 1
X 0.7792 0.0061 -0.6267
Y -0.0083 1.0000 -0.0006
Z 0.6267 0.0056 0.7792


FRAME 252
PART 0
OFFSET -1.9067 12.1621 -21.1264
SCALE 1 1 1
X 0.3539 -0.0926 -0.9307
Y 0.5412 0.8319 0.1230
Z 0.7628 -0.5472 0.3445

PART 1
OFFSET -2.6339 11.0468 -21.1798
SCALE 1 1 1
X 0.3539 -0.0926 -0.9307
Y 0.5412 0.8319 0.1230
Z 0.7628 -0.5472 0.3445

PART 2
OFFSET -3.8416 10.8266 -21.2087
SCALE 1 1 1
X 0.3539 -0.0926 -0.9307
Y 0.5412 0.8319 0.1230
Z 0.7628 -0.5472 0.3445

PART 3
OFFSET -3.1845 12.0227 -22.8347
SCALE 1 1 1
X 0.8370 0.0848 -0.5406
Y 0.5350 -0.3340 0.7760
Z -0.1147 -0.9388 -0.3249

PART 4
OFFSET -4.2786 12.3238 -19.9868
SCALE 1 1 1
X 0.3569 -0.0982 -0.9290
Y 0.8851 -0.2825 0.3699
Z -0.2988 -0.9542 -0.0139

PART 5
OFFSET -7.3138 13.1593 -12.0854
SCALE 1 1 1
X 0.3569 -0.0982 -0.9290
Y 0.7528 -0.5585 0.3483
Z -0.5531 -0.8236 -0.1254

PART 6
OFFSET -1.9111 -0.4487 -1.8207
SCALE 1 1 1
X 1.0000 0.0000 0.0000
Y 0.0000 1.0000 0.0000
Z 0.0000 0.0000 1.0000

PART 7
OFFSET -0.7853 7.4886 -3.6306
SCALE 1 1 1
X -0.5398 0.4689 -0.6991
Y -0.1524 -0.8712 -0.4667
Z -0.8279 -0.1454 0.5417

PART 8
OFFSET 8.9912 -5.8079 -7.9168
SCALE 1 1 1
X -0.9830 -0.0078 0.1832
Y 0.0349 -0.9887 0.1455
Z 0.1800 0.1494 0.9723

PART 9
OFFSET -3.8051 13.7928 -21.4633
SCALE 1 1 1
X 0.3539 -0.0926 -0.9307
Y 0.5412 0.8319 0.1230
Z 0.7628 -0.5472 0.3445

PART 10
OFFSET 8.9912 -5.8079 -7.9168
SCALE 1 1 1
X -0.9830 -0.0078 0.1832
Y 0.0349 -0.9887 0.1455
Z 0.1800 0.1494 0.9723

PART 11
OFFSET -5.2658 12.3240 -21.4577
SCALE 1 1 1
X 0.3539 -0.0926 -0.9307
Y 0.5412 0.8319 0.1230
Z 0.7628 -0.5472 0.3445

PART 12
OFFSET -2.3388 11.3531 -22.4624
SCALE 1 1 1
X 0.8175 -0.5720 -0.0671
Y 0.1040 0.0320 0.9941
Z -0.5664 -0.8196 0.0857

PART 13
OFFSET -0.5958 10.0764 -22.5033
SCALE 1 1 1
X 0.7077 -0.2662 -0.6545
Y 0.5209 -0.4292 0.7379
Z -0.4773 -0.8631 -0.1651

PART 14
OFFSET 0.4622 9.5756 -23.6223
SCALE 1 1 1
X 0.3108 -0.1591 -0.9371
Y 0.7882 -0.5078 0.3477
Z -0.5312 -0.8466 -0.0325

PART 15
OFFSET 0.7874 9.3561 -24.6312
SCALE 1 1 1
X 0.7331 0.3218 -0.5992
Y -0.0119 0.8869 0.4617
Z 0.6800 -0.3313 0.6540

PART 16
OFFSET -3.0723 12.2624 -24.1888
SCALE 1 1 1
X 0.3759 0.2199 -0.9002
Y -0.1855 -0.9339 -0.3056
Z -0.9079 0.2818 -0.3103

PART 17
OFFSET -2.1182 12.6009 -26.2036
SCALE 1 1 1
X 0.4725 -0.2022 -0.8578
Y -0.3402 -0.9397 0.0342
Z -0.8130 0.2757 -0.5128

PART 18
OFFSET -1.4493 12.3146 -27.4181
SCALE 1 1 1
X -0.0161 -0.8969 -0.4420
Y -0.6260 -0.3356 0.7039
Z -0.7797 0.2880 -0.5560

PART 19
OFFSET -1.4636 11.5194 -27.8100
SCALE 1 1 1
X -0.3869 -0.9122 0.1349
Y -0.4227 0.3055 0.8532
Z -0.8195 0.2731 -0.5038

PART 20
OFFSET -1.8312 10.6528 -27.6818
SCALE 1 1 1
X 0.6798 0.4664 -0.5659
Y -0.1737 0.8522 0.4936
Z 0.7125 -0.2373 0.6603

PART 21
OFFSET -2.5167 12.1901 -23.7466
SCALE 1 1 1
X 0.6315 0.1777 -0.7547
Y -0.1552 -0.9247 -0.3475
Z -0.7597 0.3366 -0.5564

PART 22
OFFSET -0.9870 12.7216 -25.7803
SCALE 1 1 1
X 0.4781 -0.2910 -0.8287
Y -0.3985 -0.9127 0.0905
Z -0.7827 0.2870 -0.5523

PART 23
OFFSET -0.1731 12.2263 -27.1912
SCALE 1 1 1
X -0.0837 -0.9318 -0.3533
Y -0.6370 -0.2226 0.7381
Z -0.7663 0.2868 -0.5748

PART 24
OFFSET -0.2891 10.9349 -27.6809
SCALE 1 1 1
X -0.4480 -0.8817 0.1481
Y -0.4618 0.3701 0.8061
Z -0.7655 0.2927 -0.5729

PART 25
OFFSET -0.7750 9.9787 -27.5203
SCALE 1 1 1
X 0.5932 0.5254 -0.6100
Y -0.0882 0.7956 0.5994
Z 0.8002 -0.3017 0.5183

PART 26
OFFSET 0.1838 11.2508 -23.4432
SCALE 1 1 1
X 0.6522 -0.1166 -0.7491
Y 0.3738 0.9091 0.1839
Z 0.6595 -0.3999 0.6365

PART 27
OFFSET 0.5231 12.4502 -24.2351
SCALE 1 1 1
X 0.6348 -0.5252 -0.5667
Y -0.6316 -0.7752 0.0111
Z -0.4451 0.3509 -0.8239

PART 28
OFFSET 1.6408 11.5255 -25.2328
SCALE 1 1 1
X 0.2782 -0.8034 -0.5264
Y -0.8671 -0.4459 0.2222
Z -0.4133 0.3946 -0.8207

PART 29
OFFSET 2.0041 10.5248 -25.8230
SCALE 1 1 1
X 0.0476 -0.9239 -0.3797
Y -0.9107 -0.1963 0.3634
Z -0.4103 0.3285 -0.8507

PART 30
OFFSET 2.0579 9.4813 -26.2519
SCALE 1 1 1
X 0.6912 0.5704 -0.4438
Y -0.2625 0.7702 0.5812
Z 0.6733 -0.2853 0.6821

PART 31
OFFSET -0.1672 12.6351 -25.0776
SCALE 1 1 1
X 0.5793 -0.4802 -0.6586
Y -0.5810 -0.8100 0.0796
Z -0.5717 0.3366 -0.7482

PART 32
OFFSET 0.9645 11.6971 -26.3643
SCALE 1 1 1
X -0.0839 -0.9259 -0.3682
Y -0.7926 -0.1620 0.5879
Z -0.6040 0.3412 -0.7203

PART 33
OFFSET 0.8420 10.3446 -26.9021
SCALE 1 1 1
X -0.5048 -0.8629 0.0241
Y -0.5769 0.3579 0.7342
Z -0.6422 0.3567 -0.6785

PART 34
OFFSET 0.2662 9.3695 -26.8802
SCALE 1 1 1
X 0.7965 0.4103 -0.4441
Y -0.1641 0.8537 0.4943
Z 0.5819 -0.3208 0.7473

PART 35
OFFSET 12.1806 -4.1778 -6.2166
SCALE 1 1 1
X 0.9922 0.0301 0.1208
Y -0.0300 0.9995 -0.0026
Z -0.1208 -0.0011 0.9927

PART 36
OFFSET -14.2378 -3.1330 -3.5117
SCALE 1 1 1
X -0.8928 0.3877 0.2295
Y -0.0842 -0.6441 0.7603
Z 0.4426 0.6595 0.6076

PART 37
OFFSET -3.4406 -7.8212 -6.2875
SCALE 1 1 1
X -0.9786 -0.1690 0.1173
Y 0.1373 -0.9612 -0.2392
Z 0.1532 -0.2179 0.9639

PART 38
OFFSET 4.8829 -6.3840 -7.2851
SCALE 1 1 1
X -0.9786 -0.1690 0.1173
Y -0.0970 -0.1235 -0.9876
Z 0.1814 -0.9779 0.1045

PART 39
OFFSET 5.9762 -5.3776 -8.9700
SCALE 1 1 1
X -0.9798 -0.1626 0.1161
Y -0.1523 0.2322 -0.9607
Z 0.1293 -0.9590 -0.2523

PART 40
OFFSET 6.3852 -4.7612 -7.9260
SCALE 1 1 1
X -0.9798 -0.1626 0.1161
Y -0.1523 0.2322 -0.9607
Z 0.1293 -0.9590 -0.2523

PART 41
OFFSET 6.8407 -5.4299 -5.9140
SCALE 1 1 1
X -0.9798 -0.1626 0.1161
Y -0.1523 0.2322 -0.9607
Z 0.1293 -0.9590 -0.2523

PART 42
OFFSET 7.8830 -5.8660 -7.6447
SCALE 1 1 1
X -0.9914 -0.0329 -0.1266
Y 0.1293 -0.0963 -0.9869
Z 0.0203 -0.9948 0.0997

PART 43
OFFSET 8.1959 -5.3498 -6.6763
SCALE 1 1 1
X -0.5423 -0.7875 -0.2928
Y 0.7149 -0.2494 -0.6533
Z 0.4414 -0.5636 0.6982

PART 44
OFFSET 9.2703 -3.5942 -6.0182
SCALE 1 1 1
X -0.9441 -0.3296 -0.0110
Y 0.2690 -0.7503 -0.6039
Z 0.1907 -0.5731 0.7970

PART 45
OFFSET 10.7890 -3.0427 -6.1257
SCALE 1 1 1
X -0.7003 0.3875 0.5995
Y -0.6342 -0.7233 -0.2733
Z 0.3277 -0.5716 0.7523

PART 46
OFFSET 11.5421 -3.4233 -6.8037
SCALE 1 1 1
X -0.8581 0.5042 -0.0970
Y 0.3453 0.4268 -0.8358
Z -0.3800 -0.7507 -0.5404

PART 47
OFFSET 8.8563 -5.7402 -8.6145
SCALE 1 1 1
X -0.8858 -0.0148 0.4638
Y 0.0858 -0.9875 0.1324
Z 0.4561 0.1570 0.8760

PART 48
OFFSET 10.9024 -5.5631 -9.5453
SCALE 1 1 1
X -0.5670 -0.8224 -0.0462
Y 0.8221 -0.5615 -0.0947
Z 0.0519 -0.0917 0.9944

PART 49
OFFSET 11.7052 -4.3987 -9.4798
SCALE 1 1 1
X 0.3711 -0.9218 -0.1119
Y 0.9286 0.3688 0.0413
Z 0.0032 -0.1193 0.9929

PART 50
OFFSET 11.3762 -3.5814 -9.3806
SCALE 1 1 1
X 0.9679 -0.2382 -0.0808
Y 0.2438 0.9674 0.0686
Z 0.0618 -0.0861 0.9944

PART 51
OFFSET 10.4567 -3.3552 -9.3039
SCALE 1 1 1
X -0.9022 -0.4127 -0.1251
Y -0.4310 0.8727 0.2294
Z 0.0145 0.2609 -0.9653

PART 52
OFFSET 8.9912 -5.8079 -7.9168
SCALE 1 1 1
X -0.9830 -0.0078 0.1832
Y 0.0349 -0.9887 0.1455
Z 0.1800 0.1494 0.9723

PART 53
OFFSET 11.5167 -5.8317 -8.5334
SCALE 1 1 1
X -0.1905 -0.9805 0.0474
Y 0.9760 -0.1943 -0.0979
Z 0.1053 0.0277 0.9941

PART 54
OFFSET 11.8409 -4.1623 -8.6142
SCALE 1 1 1
X 0.7309 -0.6794 -0.0653
Y 0.6763 0.7338 -0.0648
Z 0.0919 0.0032 0.9958

PART 55
OFFSET 10.8280 -3.2208 -8.5237
SCALE 1 1 1
X 0.9806 0.1754 -0.0870
Y -0.1754 0.9845 0.0082
Z 0.0871 0.0072 0.9962

PART 56
OFFSET 9.7644 -3.4110 -8.4294
SCALE 1 1 1
X -0.6990 -0.7057 0.1156
Y -0.7093 0.7048 0.0138
Z -0.0912 -0.0723 -0.9932

PART 57
OFFSET 3.6585 -6.4549 -7.2838
SCALE 1 1 1
X -0.9522 -0.2890 0.0994
Y -0.3024 0.9378 -0.1707
Z -0.0439 -0.1926 -0.9803

PART 58
OFFSET 11.6561 -6.0348 -6.3698
SCALE 1 1 1
X -0.8966 -0.4409 0.0417
Y 0.4420 -0.8848 0.1476
Z -0.0282 0.1508 0.9882

PART 59
OFFSET 13.2347 -5.2585 -6.4433
SCALE 1 1 1
X -0.2864 -0.9413 0.1788
Y 0.9569 -0.2717 0.1025
Z -0.0479 0.2004 0.9785

PART 60
OFFSET 13.5800 -4.1020 -6.6012
SCALE 1 1 1
X 0.2198 -0.9660 0.1362
Y 0.9744 0.2243 0.0184
Z -0.0483 0.1287 0.9905

PART 61
OFFSET 13.3318 -3.0109 -6.7550
SCALE 1 1 1
X -0.9647 0.1482 0.2176
Y 0.0902 0.9625 -0.2557
Z -0.2474 -0.2270 -0.9420

PART 62
OFFSET 11.6870 -5.9643 -7.4719
SCALE 1 1 1
X -0.0969 -0.9950 0.0262
Y 0.9948 -0.0960 0.0335
Z -0.0309 0.0293 0.9991

PART 63
OFFSET 11.8762 -4.0206 -7.5231
SCALE 1 1 1
X 0.7827 -0.6205 0.0493
Y 0.6224 0.7814 -0.0461
Z -0.0099 0.0668 0.9977

PART 64
OFFSET 10.7331 -3.1142 -7.5951
SCALE 1 1 1
X 0.9687 0.2461 -0.0327
Y -0.2482 0.9613 -0.1197
Z 0.0019 0.1241 0.9923

PART 65
OFFSET 9.6357 -3.3932 -7.5652
SCALE 1 1 1
X -0.5843 -0.8106 0.0381
Y -0.8111 0.5849 0.0036
Z -0.0252 -0.0288 -0.9993

PART 66
OFFSET 0.0000 0.0000 0.0000
SCALE 1 1 1
X 1.0000 0.0000 0.0000
Y 0.0000 1.0000 0.0000
Z 0.0000 0.0000 1.0000

PART 67
OFFSET -0.0046 -0.0301 0.0318
SCALE 1 1 1
X 1.0000 0.0008 0.0019
Y -0.0008 1.0000 -0.0035
Z -0.0019 0.0035 1.0000

PART 68
OFFSET -0.0000 -0.0000 0.0000
SCALE 1 1 1
X 1.0000 0.0008 0.0019
Y -0.0008 1.0000 -0.0035
Z -0.0019 0.0035 1.0000

PART 69
OFFSET -2.5167 12.1901 -23.7466
SCALE 1 1 1
X 0.6315 0.1777 -0.7547
Y -0.1552 -0.9247 -0.3475
Z -0.7597 0.3366 -0.5564

PART 70
OFFSET -2.5167 12.1901 -23.7466
SCALE 1 1 1
X 0.6315 0.1777 -0.7547
Y -0.1552 -0.9247 -0.3475
Z -0.7597 0.3366 -0.5564

PART 71
OFFSET 12.1806 -4.1778 -6.2166
SCALE 1 1 1
X 0.9922 0.0301 0.1208
Y -0.0300 0.9995 -0.0026
Z -0.1208 -0.0011 0.9927

PART 72
OFFSET 10.9982 -4.1452 -7.6069
SCALE 1 1 1
X 0.9922 0.0301 0.1208
Y -0.0300 0.9995 -0.0026
Z -0.1208 -0.0011 0.9927

PART 73
OFFSET 15.3948 -3.9233 -5.5884
SCALE 1 1 1
X 0.9922 0.0301 0.1208
Y -0.0300 0.9995 -0.0026
Z -0.1208 -0.0011 0.9927

PART 74
OFFSET 13.4221 -4.1369 -4.4590
SCALE 1 1 1
X 0.9922 0.0301 0.1208
Y -0.0300 0.9995 -0.0026
Z -0.1208 -0.0011 0.9927

PART 75
OFFSET -11.7940 -3.0123 -4.8521
SCALE 1 1 1
X 0.9945 0.0301 0.1005
Y -0.0300 0.9995 -0.0026
Z -0.1005 -0.0004 0.9949

PART 76
OFFSET 13.4872 -4.1431 -5.2625
SCALE 1 1 1
X 0.9945 0.0301 0.1005
Y -0.0300 0.9995 -0.0026
Z -0.1005 -0.0004 0.9949

PART 77
OFFSET 13.4272 -3.4664 -4.8721
SCALE 1 1 1
X 0.9945 0.0301 0.1005
Y -0.0300 0.9995 -0.0026
Z -0.1005 -0.0004 0.9949

PART 78
OFFSET 13.3478 -3.4612 -4.0879
SCALE 1 1 1
X 0.9945 0.0301 0.1005
Y -0.0300 0.9995 -0.0026
Z -0.1005 -0.0004 0.9949

PART 79
OFFSET 13.3297 -4.1382 -3.7051
SCALE 1 1 1
X 0.9945 0.0301 0.1005
Y -0.0300 0.9995 -0.0026
Z -0.1005 -0.0004 0.9949

PART 80
OFFSET 13.3892 -4.8205 -4.0899
SCALE 1 1 1
X 0.9945 0.0301 0.1005
Y -0.0300 0.9995 -0.0026
Z -0.1005 -0.0004 0.9949

PART 81
OFFSET 13.4672 -4.8146 -4.8631
SCALE 1 1 1
X 0.9945 0.0301 0.1005
Y -0.0300 0.9995 -0.0026
Z -0.1005 -0.0004 0.9949

PART 82
OFFSET 13.8234 -4.1232 -4.4011
SCALE 1 1 1
X 0.9945 0.0301 0.1005
Y -0.0300 0.9995 -0.0026
Z -0.1005 -0.0004 0.9949

PART 83
OFFSET 11.4904 -4.1894 -5.6979
SCALE 1 1 1
X 0.8309 0.0235 -0.5559
Y -0.0300 0.9995 -0.0026
Z 0.5556 0.0188 0.8312


FRAME 253
PART 0
OFFSET -0.4511 11.7460 -23.4819
SCALE 1 1 1
X 0.2723 -0.0301 -0.9617
Y 0.5398 0.8322 0.1268
Z 0.7965 -0.5537 0.2428

PART 1
OFFSET -1.2483 10.6261 -23.5641
SCALE 1 1 1
X 0.2723 -0.0301 -0.9617
Y 0.5398 0.8322 0.1268
Z 0.7965 -0.5537 0.2428

PART 2
OFFSET -2.4362 10.2822 -23.4945
SCALE 1 1 1
X 0.2723 -0.0301 -0.9617
Y 0.5398 0.8322 0.1268
Z 0.7965 -0.5537 0.2428

PART 3
OFFSET -1.9380 11.5855 -25.0943
SCALE 1 1 1
X 0.8949 0.1124 -0.4318
Y 0.4440 -0.3203 0.8368
Z -0.0443 -0.9406 -0.3365

PART 4
OFFSET -2.7826 11.6950 -22.1493
SCALE 1 1 1
X 0.2755 -0.0357 -0.9606
Y 0.9423 -0.1876 0.2772
Z -0.1901 -0.9816 -0.0180

PART 5
OFFSET -5.1256 11.9989 -13.9786
SCALE 1 1 1
X 0.2755 -0.0357 -0.9606
Y 0.7870 -0.5654 0.2467
Z -0.5520 -0.8240 -0.1276

PART 6
OFFSET -1.9111 -0.4487 -1.8207
SCALE 1 1 1
X 1.0000 0.0000 0.0000
Y 0.0000 1.0000 0.0000
Z 0.0000 0.0000 1.0000

PART 7
OFFSET -0.7853 7.4886 -3.6306
SCALE 1 1 1
X -0.3589 0.3729 -0.8556
Y -0.0912 -0.9263 -0.3655
Z -0.9289 -0.0531 0.3665

PART 8
OFFSET 8.8244 -5.9184 -8.7693
SCALE 1 1 1
X -0.9975 -0.0385 0.0590
Y 0.0470 -0.9877 0.1489
Z 0.0525 0.1513 0.9871

PART 9
OFFSET -2.3206 13.3808 -23.5327
SCALE 1 1 1
X 0.2723 -0.0301 -0.9617
Y 0.5398 0.8322 0.1268
Z 0.7965 -0.5537 0.2428

PART 10
OFFSET 8.8244 -5.9184 -8.7693
SCALE 1 1 1
X -0.9975 -0.0385 0.0590
Y 0.0470 -0.9877 0.1489
Z 0.0525 0.1513 0.9871

PART 11
OFFSET -3.8945 11.7669 -23.5265
SCALE 1 1 1
X 0.2723 -0.0301 -0.9617
Y 0.5398 0.8322 0.1268
Z 0.7965 -0.5537 0.2428

PART 12
OFFSET -1.1251 10.9408 -24.6192
SCALE 1 1 1
X 0.8367 -0.5464 0.0356
Y -0.0219 0.0315 0.9993
Z -0.5472 -0.8369 0.0144

PART 13
OFFSET 0.6479 9.7182 -24.4419
SCALE 1 1 1
X 0.7917 -0.2420 -0.5609
Y 0.4377 -0.4158 0.7972
Z -0.4262 -0.8767 -0.2232

PART 14
OFFSET 1.8521 9.2541 -25.4199
SCALE 1 1 1
X 0.4301 -0.1461 -0.8909
Y 0.7539 -0.4847 0.4435
Z -0.4966 -0.8624 -0.0984

PART 15
OFFSET 2.3074 9.0484 -26.3803
SCALE 1 1 1
X 0.7919 0.3462 -0.5030
Y -0.0968 0.8845 0.4564
Z 0.6030 -0.3128 0.7339

PART 16
OFFSET -1.6652 11.8335 -26.4238
SCALE 1 1 1
X 0.4784 0.2346 -0.8462
Y -0.1170 -0.9380 -0.3262
Z -0.8703 0.2550 -0.4213

PART 17
OFFSET -0.4779 12.2084 -28.3038
SCALE 1 1 1
X 0.5819 -0.1845 -0.7921
Y -0.3126 -0.9498 -0.0084
Z -0.7508 0.2525 -0.6104

PART 18
OFFSET 0.3459 11.9472 -29.4252
SCALE 1 1 1
X 0.0668 -0.8953 -0.4403
Y -0.6983 -0.3572 0.6203
Z -0.7127 0.2661 -0.6491

PART 19
OFFSET 0.4051 11.1534 -29.8156
SCALE 1 1 1
X -0.3724 -0.9241 0.0857
Y -0.5352 0.2893 0.7937
Z -0.7582 0.2497 -0.6023

PART 20
OFFSET 0.0513 10.2755 -29.7342
SCALE 1 1 1
X 0.7304 0.4891 -0.4767
Y -0.2602 0.8446 0.4679
Z 0.6315 -0.2177 0.7442

PART 21
OFFSET -1.1671 11.7767 -25.9157
SCALE 1 1 1
X 0.7150 0.1997 -0.6700
Y -0.0820 -0.9278 -0.3640
Z -0.6943 0.3152 -0.6470

PART 22
OFFSET 0.5873 12.3622 -27.7426
SCALE 1 1 1
X 0.5865 -0.2731 -0.7625
Y -0.3784 -0.9248 0.0402
Z -0.7161 0.2649 -0.6458

PART 23
OFFSET 1.5859 11.8972 -29.0407
SCALE 1 1 1
X -0.0102 -0.9326 -0.3608
Y -0.7169 -0.2447 0.6528
Z -0.6971 0.2653 -0.6661

PART 24
OFFSET 1.5718 10.6047 -29.5408
SCALE 1 1 1
X -0.4356 -0.8955 0.0912
Y -0.5700 0.3528 0.7421
Z -0.6967 0.2713 -0.6641

PART 25
OFFSET 1.0993 9.6335 -29.4419
SCALE 1 1 1
X 0.6482 0.5455 -0.5313
Y -0.1868 0.7903 0.5835
Z 0.7382 -0.2790 0.6142

PART 26
OFFSET 1.5020 10.9193 -25.2773
SCALE 1 1 1
X 0.7438 -0.0938 -0.6617
Y 0.3197 0.9194 0.2290
Z 0.5869 -0.3819 0.7139

PART 27
OFFSET 1.9004 12.1315 -26.0209
SCALE 1 1 1
X 0.7165 -0.5035 -0.4829
Y -0.6038 -0.7943 -0.0678
Z -0.3494 0.3401 -0.8731

PART 28
OFFSET 3.1619 11.2451 -26.8710
SCALE 1 1 1
X 0.3664 -0.7926 -0.4874
Y -0.8738 -0.4731 0.1123
Z -0.3196 0.3848 -0.8659

PART 29
OFFSET 3.6267 10.2582 -27.4110
SCALE 1 1 1
X 0.1231 -0.9206 -0.3706
Y -0.9424 -0.2254 0.2469
Z -0.3109 0.3189 -0.8954

PART 30
OFFSET 3.7658 9.2184 -27.8296
SCALE 1 1 1
X 0.7233 0.5929 -0.3541
Y -0.3566 0.7597 0.5438
Z 0.5914 -0.2670 0.7609

PART 31
OFFSET 1.3153 12.2983 -26.9430
SCALE 1 1 1
X 0.6715 -0.4598 -0.5810
Y -0.5611 -0.8277 0.0065
Z -0.4840 0.3216 -0.8138

PART 32
OFFSET 2.6272 11.4000 -28.0781
SCALE 1 1 1
X -0.0087 -0.9267 -0.3757
Y -0.8544 -0.1883 0.4843
Z -0.5196 0.3252 -0.7901

PART 33
OFFSET 2.6145 10.0464 -28.6268
SCALE 1 1 1
X -0.4770 -0.8781 -0.0389
Y -0.6748 0.3374 0.6564
Z -0.5632 0.3394 -0.7534

PART 34
OFFSET 2.0708 9.0541 -28.6767
SCALE 1 1 1
X 0.8327 0.4361 -0.3412
Y -0.2508 0.8464 0.4698
Z 0.4937 -0.3056 0.8142

PART 35
OFFSET 11.7247 -4.1977 -6.6845
SCALE 1 1 1
X 0.9680 0.0600 0.2437
Y -0.0603 0.9982 -0.0065
Z -0.2437 -0.0084 0.9698

PART 36
OFFSET -13.7073 -3.1330 -3.9575
SCALE 1 1 1
X -0.8481 0.4619 0.2596
Y -0.0963 -0.6161 0.7818
Z 0.5210 0.6380 0.5670

PART 37
OFFSET -3.4505 -8.7193 -7.0965
SCALE 1 1 1
X -0.9631 -0.2340 0.1332
Y 0.1978 -0.9504 -0.2400
Z 0.1828 -0.2048 0.9616

PART 38
OFFSET 4.7408 -6.7289 -8.2294
SCALE 1 1 1
X -0.9631 -0.2340 0.1332
Y -0.1054 -0.1274 -0.9862
Z 0.2478 -0.9638 0.0981

PART 39
OFFSET 5.7369 -5.6564 -9.9361
SCALE 1 1 1
X -0.9647 -0.2278 0.1320
Y -0.1828 0.2191 -0.9584
Z 0.1894 -0.9487 -0.2530

PART 40
OFFSET 6.1204 -5.0123 -8.8985
SCALE 1 1 1
X -0.9647 -0.2278 0.1320
Y -0.1828 0.2191 -0.9584
Z 0.1894 -0.9487 -0.2530

PART 41
OFFSET 6.6527 -5.6455 -6.8888
SCALE 1 1 1
X -0.9647 -0.2278 0.1320
Y -0.1828 0.2191 -0.9584
Z 0.1894 -0.9487 -0.2530

PART 42
OFFSET 7.6932 -6.0114 -8.6378
SCALE 1 1 1
X -0.9663 -0.0628 -0.2495
Y 0.2544 -0.0887 -0.9630
Z 0.0384 -0.9941 0.1017

PART 43
OFFSET 7.8667 -5.4895 -7.6380
SCALE 1 1 1
X -0.4770 -0.8027 -0.3580
Y 0.7982 -0.2250 -0.5588
Z 0.3680 -0.5523 0.7480

PART 44
OFFSET 8.7959 -3.7042 -6.8512
SCALE 1 1 1
X -0.9247 -0.3583 -0.1288
Y 0.3653 -0.7395 -0.5654
Z 0.1073 -0.5699 0.8147

PART 45
OFFSET 10.2984 -3.1061 -6.7683
SCALE 1 1 1
X -0.7813 0.3637 0.5073
Y -0.5725 -0.7413 -0.3502
Z 0.2487 -0.5640 0.7874

PART 46
OFFSET 11.1416 -3.4610 -7.3469
SCALE 1 1 1
X -0.8544 0.4780 -0.2035
Y 0.4336 0.4403 -0.7862
Z -0.2863 -0.7600 -0.5835

PART 47
OFFSET 8.7756 -5.8523 -9.4784
SCALE 1 1 1
X -0.9359 -0.0436 0.3496
Y 0.0990 -0.9849 0.1422
Z 0.3381 0.1677 0.9260

PART 48
OFFSET 10.9155 -5.6092 -10.1465
SCALE 1 1 1
X -0.5312 -0.8392 -0.1165
Y 0.8444 -0.5357 0.0088
Z -0.0698 -0.0937 0.9931

PART 49
