// Export filename: `C:/cod5/cod/cod5/xanim_export/viewmodel/US/m1garand/m1garand_sprint_in.XANIM_EXPORT`
// Source filename: `C:/cod5/cod/cod5/animation_assets/viewmodel/US/m1_garand/viewmodelanimation_m1garand.mb`
// Export time: Thu Mar 27 11:52:53 2008

ANIMATION
VERSION 3

NUMPARTS 80
PART 0 "RingPalm_FK_LE"
PART 1 "RingPalm_SDK_LE"
PART 2 "RingPalm_FK_RI"
PART 3 "RingPalm_SDK_RI"
PART 4 "tag_torso"
PART 5 "J_Shoulder_LE"
PART 6 "J_Elbow_LE"
PART 7 "J_WristTwist_LE"
PART 8 "J_Sleave_Reshape_Bottom_LE_1"
PART 9 "J_Sleave_Reshape_Bottom_LE_2"
PART 10 "J_Sleave_Reshape_Top_LE_1"
PART 11 "J_Sleave_Reshape_Top_LE_2"
PART 12 "J_Sleave_Reshape_Top_LE_3"
PART 13 "J_Wrist_LE"
PART 14 "J_Thumb_LE_0"
PART 15 "J_Thumb_LE_1"
PART 16 "J_Thumb_LE_2"
PART 17 "J_Thumb_LE_3"
PART 18 "J_PinkyPalm_LE"
PART 19 "J_Pinky_LE_0"
PART 20 "J_Pinky_LE_1"
PART 21 "J_Pinky_LE_2"
PART 22 "J_Pinky_LE_3"
PART 23 "J_RingPalm_LE"
PART 24 "J_Ring_LE_0"
PART 25 "J_Ring_LE_1"
PART 26 "J_Ring_LE_2"
PART 27 "J_Ring_LE_3"
PART 28 "J_Webbing_LE"
PART 29 "J_Index_LE_0"
PART 30 "J_Index_LE_1"
PART 31 "J_Index_LE_2"
PART 32 "J_Index_LE_3"
PART 33 "J_Mid_LE_0"
PART 34 "J_Mid_LE_1"
PART 35 "J_Mid_LE_2"
PART 36 "J_Mid_LE_3"
PART 37 "tag_weapon"
PART 38 "J_Shoulder_RI"
PART 39 "J_Elbow_RI"
PART 40 "J_WristTwist_RI"
PART 41 "J_Sleave_Reshape_Top_RI_3"
PART 42 "J_Sleave_Reshape_Top_RI_2"
PART 43 "J_Sleave_Reshape_Top_RI_1"
PART 44 "J_Wrist_RI"
PART 45 "J_Thumb_RI_0"
PART 46 "J_Thumb_RI_1"
PART 47 "J_Thumb_RI_2"
PART 48 "J_Thumb_RI_3"
PART 49 "J_PinkyPalm_RI"
PART 50 "J_Pinky_RI_0"
PART 51 "J_Pinky_RI_1"
PART 52 "J_Pinky_RI_2"
PART 53 "J_Pinky_RI_3"
PART 54 "J_RingPalm_RI"
PART 55 "J_Ring_RI_0"
PART 56 "J_Ring_RI_1"
PART 57 "J_Ring_RI_2"
PART 58 "J_Ring_RI_3"
PART 59 "J_Webbing_RI"
PART 60 "J_Index_RI_0"
PART 61 "J_Index_RI_1"
PART 62 "J_Index_RI_2"
PART 63 "J_Index_RI_3"
PART 64 "J_Mid_RI_0"
PART 65 "J_Mid_RI_1"
PART 66 "J_Mid_RI_2"
PART 67 "J_Mid_RI_3"
PART 68 "tag_cambone"
PART 69 "tag_camera"
PART 70 "tag_gasmask"
PART 71 "J_Gun"
PART 72 "tag_brass"
PART 73 "J_Bolt"
PART 74 "tag_flash"
PART 75 "j_stripper"
PART 76 "J_Clip"
PART 77 "joint1"
PART 78 "tag_bayonet"
PART 79 "tag_grenade"

FRAMERATE 24
NUMFRAMES 11

FRAME 566
PART 0
OFFSET 18.5840 -2.3977 -6.7794
SCALE 1 1 1
X 0.4715 -0.8817 0.0161
Y -0.0225 0.0062 0.9997
Z -0.8816 -0.4717 -0.0170

PART 1
OFFSET 18.5840 -2.3977 -6.7794
SCALE 1 1 1
X 0.4715 -0.8817 0.0161
Y -0.0225 0.0062 0.9997
Z -0.8816 -0.4717 -0.0170

PART 2
OFFSET 2.6239 -4.8767 -6.7566
SCALE 1 1 1
X -0.8183 -0.2952 0.4931
Y 0.2520 -0.9554 -0.1538
Z 0.5166 -0.0016 0.8562

PART 3
OFFSET 2.6239 -4.8767 -6.7566
SCALE 1 1 1
X -0.8183 -0.2952 0.4931
Y 0.2520 -0.9554 -0.1538
Z 0.5166 -0.0016 0.8562

PART 4
OFFSET 6.2061 -3.1050 -3.3894
SCALE 1 1 1
X 1.0000 0.0000 0.0000
Y 0.0000 1.0000 0.0000
Z 0.0000 -0.0000 1.0000

PART 5
OFFSET 1.6245 4.2672 -6.2573
SCALE 1 1 1
X 0.8107 0.1254 -0.5719
Y 0.0112 -0.9799 -0.1990
Z -0.5853 0.1550 -0.7958

PART 6
OFFSET 11.4291 5.7835 -13.1734
SCALE 1 1 1
X 0.5775 -0.6196 0.5316
Y -0.7636 -0.1797 0.6202
Z -0.2888 -0.7641 -0.5769

PART 7
OFFSET 16.3410 0.5134 -8.6521
SCALE 1 1 1
X 0.5775 -0.6196 0.5316
Y 0.7600 0.6458 -0.0729
Z -0.2981 0.4461 0.8439

PART 8
OFFSET 18.1875 1.1862 -7.2467
SCALE 1 1 1
X 0.5828 -0.6164 0.5294
Y 0.2981 0.7683 0.5664
Z -0.7559 -0.1723 0.6315

PART 9
OFFSET 17.6745 -0.4474 -9.3130
SCALE 1 1 1
X 0.5828 -0.6164 0.5294
Y 0.2981 0.7683 0.5664
Z -0.7559 -0.1723 0.6315

PART 10
OFFSET 16.8375 0.2257 -5.9166
SCALE 1 1 1
X 0.5828 -0.6164 0.5294
Y 0.2981 0.7683 0.5664
Z -0.7559 -0.1723 0.6315

PART 11
OFFSET 16.2602 -0.9983 -6.9035
SCALE 1 1 1
X 0.5828 -0.6164 0.5294
Y 0.2981 0.7683 0.5664
Z -0.7559 -0.1723 0.6315

PART 12
OFFSET 15.7117 -1.9448 -8.1279
SCALE 1 1 1
X 0.5828 -0.6164 0.5294
Y 0.2981 0.7683 0.5664
Z -0.7559 -0.1723 0.6315

PART 13
OFFSET 18.1114 -1.3862 -7.0225
SCALE 1 1 1
X 0.7127 -0.6872 0.1407
Y 0.6999 0.7100 -0.0774
Z -0.0467 0.1537 0.9870

PART 14
OFFSET 19.0882 -0.9471 -6.6286
SCALE 1 1 1
X 0.8147 -0.0544 0.5773
Y 0.1103 0.9919 -0.0622
Z -0.5692 0.1144 0.8142

PART 15
OFFSET 20.8258 -0.9591 -5.3439
SCALE 1 1 1
X 0.8748 -0.1319 0.4663
Y 0.0510 0.9820 0.1820
Z -0.4819 -0.1354 0.8657

PART 16
OFFSET 22.1809 -1.2458 -4.5051
SCALE 1 1 1
X 0.7747 -0.3289 0.5401
Y 0.2358 0.9427 0.2358
Z -0.5867 -0.0554 0.8079

PART 17
OFFSET 22.9958 -1.5879 -3.8800
SCALE 1 1 1
X 0.9973 -0.0129 -0.0717
Y -0.0722 -0.0502 -0.9961
Z 0.0093 0.9987 -0.0510

PART 18
OFFSET 17.9555 -2.6969 -6.6210
SCALE 1 1 1
X 0.2084 -0.9726 -0.1035
Y -0.0524 -0.1167 0.9918
Z -0.9766 -0.2013 -0.0753

PART 19
OFFSET 18.5596 -4.8670 -6.7209
SCALE 1 1 1
X -0.0653 -0.1538 0.9859
Y -0.6802 0.7297 0.0688
Z -0.7301 -0.6662 -0.1522

PART 20
OFFSET 18.4672 -5.0848 -5.3250
SCALE 1 1 1
X -0.5593 0.4774 0.6776
Y -0.4184 0.5431 -0.7280
Z -0.7156 -0.6907 -0.1040

PART 21
OFFSET 17.9713 -4.6615 -4.7242
SCALE 1 1 1
X -0.5623 0.4657 0.6834
Y -0.3753 0.5926 -0.7127
Z -0.7368 -0.6572 -0.1585

PART 22
OFFSET 17.4371 -4.2191 -4.0750
SCALE 1 1 1
X 0.7723 -0.6331 -0.0524
Y -0.0146 0.0647 -0.9978
Z 0.6351 0.7713 0.0407

PART 23
OFFSET 18.5840 -2.3977 -6.7794
SCALE 1 1 1
X 0.4715 -0.8817 0.0161
Y -0.0225 0.0062 0.9997
Z -0.8816 -0.4717 -0.0170

PART 24
OFFSET 19.6772 -4.7563 -6.7623
SCALE 1 1 1
X 0.2915 -0.3298 0.8979
Y -0.6185 0.6511 0.4399
Z -0.7297 -0.6836 -0.0142

PART 25
OFFSET 20.1734 -5.3177 -5.2336
SCALE 1 1 1
X -0.4937 0.5130 0.7022
Y -0.4929 0.5002 -0.7119
Z -0.7165 -0.6976 0.0060

PART 26
OFFSET 19.4892 -4.6067 -4.2603
SCALE 1 1 1
X -0.5544 0.5656 0.6105
Y -0.4290 0.4344 -0.7920
Z -0.7131 -0.7010 0.0019

PART 27
OFFSET 18.8880 -3.9933 -3.5982
SCALE 1 1 1
X 0.6642 -0.7460 -0.0477
Y -0.0027 0.0614 -0.9981
Z 0.7475 0.6631 0.0388

PART 28
OFFSET 21.3946 -2.2950 -6.1826
SCALE 1 1 1
X 0.5222 -0.7412 0.4218
Y 0.2791 -0.3189 -0.9058
Z 0.8059 0.5907 0.0403

PART 29
OFFSET 21.4336 -3.5857 -6.8994
SCALE 1 1 1
X 0.7815 -0.1932 0.5932
Y -0.5338 0.2849 0.7962
Z -0.3228 -0.9389 0.1195

PART 30
OFFSET 22.8096 -3.9259 -5.8550
SCALE 1 1 1
X 0.4267 -0.0634 0.9022
Y -0.8542 0.2995 0.4251
Z -0.2971 -0.9520 0.0736

PART 31
OFFSET 23.3464 -3.9452 -4.7627
SCALE 1 1 1
X -0.0335 0.1609 0.9864
Y -0.9583 0.2751 -0.0775
Z -0.2839 -0.9478 0.1450

PART 32
OFFSET 23.3085 -3.7634 -3.6486
SCALE 1 1 1
X 0.7961 -0.5674 -0.2104
Y -0.2169 0.0570 -0.9745
Z 0.5649 0.8215 -0.0777

PART 33
OFFSET 20.5899 -4.2550 -6.6533
SCALE 1 1 1
X 0.5337 -0.4449 0.7192
Y -0.4817 0.5391 0.6909
Z -0.6951 -0.7152 0.0734

PART 34
OFFSET 21.6324 -5.1242 -5.2483
SCALE 1 1 1
X -0.4525 0.5352 0.7134
Y -0.5211 0.4905 -0.6985
Z -0.7237 -0.6877 0.0569

PART 35
OFFSET 20.9715 -4.3425 -4.2064
SCALE 1 1 1
X -0.5059 0.5541 0.6611
Y -0.4470 0.4871 -0.7503
Z -0.7378 -0.6751 0.0013

PART 36
OFFSET 20.3936 -3.7200 -3.4571
SCALE 1 1 1
X 0.7206 -0.6928 -0.0278
Y -0.0714 -0.0343 -0.9969
Z 0.6897 0.7203 -0.0742

PART 37
OFFSET 14.0948 -2.7535 -5.0514
SCALE 1 1 1
X 1.0000 0.0000 0.0000
Y 0.0000 1.0000 0.0000
Z 0.0000 -0.0000 1.0000

PART 38
OFFSET -2.1097 -3.5648 -2.9073
SCALE 1 1 1
X 0.2111 0.9381 0.2745
Y 0.0155 -0.2841 0.9587
Z 0.9773 -0.1981 -0.0745

PART 39
OFFSET -4.6627 -14.9103 -6.2277
SCALE 1 1 1
X -0.5529 -0.8332 -0.0063
Y 0.6577 -0.4318 -0.6172
Z 0.5116 -0.3454 0.7868

PART 40
OFFSET 0.0400 -7.8235 -6.1744
SCALE 1 1 1
X -0.5529 -0.8332 -0.0063
Y -0.1817 0.1279 -0.9750
Z 0.8132 -0.5379 -0.2222

PART 41
OFFSET -0.2864 -5.8739 -7.1680
SCALE 1 1 1
X -0.5582 -0.8297 -0.0047
Y -0.5194 0.3539 -0.7778
Z 0.6470 -0.4317 -0.6285

PART 42
OFFSET -0.1362 -5.5242 -5.9553
SCALE 1 1 1
X -0.5582 -0.8297 -0.0047
Y -0.5194 0.3539 -0.7778
Z 0.6470 -0.4317 -0.6285

PART 43
OFFSET 1.1128 -6.2479 -4.4624
SCALE 1 1 1
X -0.5582 -0.8297 -0.0047
Y -0.5194 0.3539 -0.7778
Z 0.6470 -0.4317 -0.6285

PART 44
OFFSET 1.7351 -5.2691 -6.1552
SCALE 1 1 1
X -0.9422 -0.2609 0.2100
Y -0.2508 0.1341 -0.9587
Z 0.2220 -0.9560 -0.1918

PART 45
OFFSET 2.3098 -4.8886 -5.2458
SCALE 1 1 1
X -0.5540 -0.8093 -0.1953
Y 0.1690 0.1205 -0.9782
Z 0.8152 -0.5749 0.0700

PART 46
OFFSET 3.4431 -3.1222 -4.7305
SCALE 1 1 1
X -0.7162 -0.6948 0.0658
Y 0.1509 -0.2463 -0.9574
Z 0.6814 -0.6758 0.2812

PART 47
OFFSET 4.5320 -1.9396 -4.9254
SCALE 1 1 1
X -0.5750 -0.5315 0.6221
Y -0.2583 -0.6035 -0.7544
Z 0.7763 -0.5944 0.2097

PART 48
OFFSET 5.1226 -1.3275 -5.5949
SCALE 1 1 1
X -0.9763 -0.1349 0.1690
Y -0.1804 0.9390 -0.2927
Z -0.1192 -0.3163 -0.9411

PART 49
OFFSET 2.2190 -4.7115 -7.3208
SCALE 1 1 1
X -0.6198 -0.3315 0.7113
Y 0.2928 -0.9386 -0.1824
Z 0.7281 0.0952 0.6789

PART 50
OFFSET 3.6818 -3.8376 -8.7976
SCALE 1 1 1
X -0.0872 -0.9617 0.2597
Y 0.3843 -0.2730 -0.8819
Z 0.9191 0.0229 0.3934

PART 51
OFFSET 3.8053 -2.4760 -9.1653
SCALE 1 1 1
X 0.2953 -0.6955 -0.6551
Y 0.3097 0.7183 -0.6230
Z 0.9038 -0.0189 0.4275

PART 52
OFFSET 3.5435 -1.8594 -8.5845
SCALE 1 1 1
X 0.3789 -0.3392 -0.8610
Y 0.1022 0.9400 -0.3254
Z 0.9198 0.0353 0.3908

PART 53
OFFSET 3.1835 -1.5371 -7.7665
SCALE 1 1 1
X -0.4869 -0.3358 0.8063
Y -0.0505 0.9324 0.3578
Z -0.8720 0.1336 -0.4710

PART 54
OFFSET 2.6239 -4.8767 -6.7566
SCALE 1 1 1
X -0.8183 -0.2952 0.4931
Y 0.2520 -0.9554 -0.1538
Z 0.5166 -0.0016 0.8562

PART 55
OFFSET 4.6765 -4.1313 -8.1671
SCALE 1 1 1
X -0.0249 -0.9990 0.0374
Y 0.5171 -0.0449 -0.8548
Z 0.8556 -0.0020 0.5177

PART 56
OFFSET 4.7190 -2.4305 -8.2307
SCALE 1 1 1
X 0.4549 -0.4634 -0.7605
Y 0.2650 0.8857 -0.3812
Z 0.8502 -0.0281 0.5257

PART 57
OFFSET 4.0885 -1.7883 -7.1767
SCALE 1 1 1
X 0.5159 0.2775 -0.8104
Y -0.1265 0.9604 0.2483
Z 0.8472 -0.0256 0.5306

PART 58
OFFSET 3.5290 -2.0893 -6.2978
SCALE 1 1 1
X -0.3088 -0.7772 0.5482
Y -0.4356 0.6280 0.6449
Z -0.8455 -0.0397 -0.5325

PART 59
OFFSET -1.8554 -6.9808 -4.5732
SCALE 1 1 1
X -0.7763 -0.5373 0.3297
Y -0.4958 0.8434 0.2069
Z -0.3893 -0.0028 -0.9211

PART 60
OFFSET 5.6782 -4.7088 -6.3218
SCALE 1 1 1
X -0.9182 -0.2117 0.3347
Y 0.1901 -0.9770 -0.0964
Z 0.3474 -0.0248 0.9374

PART 61
OFFSET 7.2949 -4.3360 -6.9112
SCALE 1 1 1
X -0.6985 -0.6612 0.2737
Y 0.6292 -0.7496 -0.2052
Z 0.3409 0.0289 0.9397

PART 62
OFFSET 8.1647 -3.5304 -7.1869
SCALE 1 1 1
X -0.2156 -0.9758 0.0356
Y 0.9280 -0.2161 -0.3036
Z 0.3040 -0.0325 0.9521

PART 63
OFFSET 8.4083 -2.4282 -7.2270
SCALE 1 1 1
X -0.6820 0.5036 0.5303
Y 0.4406 0.8617 -0.2517
Z -0.5838 0.0620 -0.8096

PART 64
OFFSET 5.2658 -4.4197 -7.3051
SCALE 1 1 1
X -0.5519 -0.8233 0.1323
Y 0.7558 -0.5609 -0.3378
Z 0.3523 -0.0864 0.9319

PART 65
OFFSET 6.3440 -2.8112 -7.5635
SCALE 1 1 1
X 0.6387 -0.7011 -0.3169
Y 0.6652 0.7102 -0.2305
Z 0.3867 -0.0636 0.9200

PART 66
OFFSET 5.4110 -1.7871 -7.1006
SCALE 1 1 1
X 0.8887 -0.2339 -0.3944
Y 0.2170 0.9722 -0.0877
Z 0.4039 -0.0077 0.9148

PART 67
OFFSET 4.4018 -1.5215 -6.6605
SCALE 1 1 1
X -0.8459 -0.4411 0.2999
Y -0.3747 0.8915 0.2544
Z -0.3796 0.1028 -0.9194

PART 68
OFFSET 0.0000 0.0000 0.0000
SCALE 1 1 1
X 1.0000 0.0000 0.0000
Y 0.0000 1.0000 0.0000
Z 0.0000 0.0000 1.0000

PART 69
OFFSET 0.0000 0.0000 0.0000
SCALE 1 1 1
X 1.0000 0.0000 0.0000
Y 0.0000 1.0000 0.0000
Z 0.0000 0.0000 1.0000

PART 70
OFFSET 1.5404 0.0000 4.1357
SCALE 1 1 1
X 1.0000 0.0000 0.0000
Y 0.0000 1.0000 0.0000
Z 0.0000 0.0000 1.0000

PART 71
OFFSET 14.0948 -2.7535 -5.0514
SCALE 1 1 1
X 1.0000 0.0000 0.0000
Y 0.0000 1.0000 0.0000
Z 0.0000 -0.0000 1.0000

PART 72
OFFSET 12.2995 -3.3615 -8.0951
SCALE 1 1 1
X -0.0234 -0.8582 0.5129
Y 0.9991 -0.0016 0.0428
Z -0.0359 0.5134 0.8574

PART 73
OFFSET 13.8216 -4.5638 -3.9495
SCALE 1 1 1
X 0.9998 -0.0000 0.0204
Y 0.0000 1.0000 0.0000
Z -0.0204 -0.0000 0.9998

PART 74
OFFSET 41.9472 -2.7535 -3.5307
SCALE 1 1 1
X 1.0000 0.0000 0.0000
Y 0.0000 1.0000 0.0000
Z 0.0000 -0.0000 1.0000

PART 75
OFFSET 12.0428 -2.7473 -4.6468
SCALE 1 1 1
X 0.9986 0.0069 0.0519
Y -0.0090 0.9992 0.0396
Z -0.0516 -0.0400 0.9979

PART 76
OFFSET 12.0201 -2.7912 -4.7391
SCALE 1 1 1
X 1.0000 0.0000 0.0000
Y 0.0000 1.0000 0.0000
Z 0.0000 -0.0000 1.0000

PART 77
OFFSET 8.4318 -2.2842 -3.6335
SCALE 1 1 1
X 1.0000 0.0000 0.0000
Y 0.0000 1.0000 0.0000
Z 0.0000 -0.0000 1.0000

PART 78
OFFSET 37.7078 -2.7535 -4.7488
SCALE 1 1 1
X 0.9998 -0.0000 0.0204
Y 0.0000 1.0000 0.0000
Z -0.0204 -0.0000 0.9998

PART 79
OFFSET 42.8428 -2.7535 -3.5307
SCALE 1 1 1
X 0.9998 -0.0000 0.0204
Y 0.0000 1.0000 0.0000
Z -0.0204 -0.0000 0.9998


FRAME 567
PART 0
OFFSET 18.4457 -2.0926 -6.7878
SCALE 1 1 1
X 0.4946 -0.8674 0.0549
Y -0.0454 0.0373 0.9983
Z -0.8679 -0.4962 -0.0209

PART 1
OFFSET 18.4457 -2.0926 -6.7878
SCALE 1 1 1
X 0.4946 -0.8674 0.0549
Y -0.0454 0.0373 0.9983
Z -0.8679 -0.4962 -0.0209

PART 2
OFFSET 3.0401 -4.8032 -6.8377
SCALE 1 1 1
X -0.7832 -0.3403 0.5204
Y 0.2747 -0.9402 -0.2013
Z 0.5578 -0.0147 0.8298

PART 3
OFFSET 3.0401 -4.8032 -6.8377
SCALE 1 1 1
X -0.7832 -0.3403 0.5204
Y 0.2747 -0.9402 -0.2013
Z 0.5578 -0.0147 0.8298

PART 4
OFFSET 6.2061 -3.1050 -3.3894
SCALE 1 1 1
X 1.0000 0.0000 0.0000
Y 0.0000 1.0000 0.0000
Z 0.0000 -0.0000 1.0000

PART 5
OFFSET 1.6245 4.2672 -6.2573
SCALE 1 1 1
X 0.7955 0.1324 -0.5913
Y 0.0289 -0.9830 -0.1812
Z -0.6052 0.1270 -0.7858

PART 6
OFFSET 11.2453 5.8679 -13.4085
SCALE 1 1 1
X 0.5793 -0.6020 0.5496
Y -0.7642 -0.1664 0.6232
Z -0.2837 -0.7810 -0.5564

PART 7
OFFSET 16.1723 0.7478 -8.7339
SCALE 1 1 1
X 0.5793 -0.6020 0.5496
Y 0.7502 0.6574 -0.0706
Z -0.3188 0.4532 0.8324

PART 8
OFFSET 18.0122 1.4679 -7.3434
SCALE 1 1 1
X 0.5846 -0.5988 0.5474
Y 0.2930 0.7850 0.5459
Z -0.7566 -0.1587 0.6343

PART 9
OFFSET 17.5121 -0.2241 -9.3654
SCALE 1 1 1
X 0.5846 -0.5988 0.5474
Y 0.2930 0.7850 0.5459
Z -0.7566 -0.1587 0.6343

PART 10
OFFSET 16.6638 0.5374 -5.9905
SCALE 1 1 1
X 0.5846 -0.5988 0.5474
Y 0.2930 0.7850 0.5459
Z -0.7566 -0.1587 0.6343

PART 11
OFFSET 16.0948 -0.7159 -6.9448
SCALE 1 1 1
X 0.5846 -0.5988 0.5474
Y 0.2930 0.7850 0.5459
Z -0.7566 -0.1587 0.6343

PART 12
OFFSET 15.5539 -1.6982 -8.1441
SCALE 1 1 1
X 0.5846 -0.5988 0.5474
Y 0.2930 0.7850 0.5459
Z -0.7566 -0.1587 0.6343

PART 13
OFFSET 17.9481 -1.0977 -7.0490
SCALE 1 1 1
X 0.7297 -0.6654 0.1574
Y 0.6809 0.7282 -0.0785
Z -0.0624 0.1645 0.9844

PART 14
OFFSET 18.9079 -0.6268 -6.6498
SCALE 1 1 1
X 0.8040 -0.0436 0.5930
Y 0.1137 0.9902 -0.0814
Z -0.5836 0.1329 0.8011

PART 15
OFFSET 20.6217 -0.6146 -5.3337
SCALE 1 1 1
X 0.8664 -0.1115 0.4868
Y 0.0394 0.9870 0.1559
Z -0.4978 -0.1159 0.8595

PART 16
OFFSET 21.9623 -0.8664 -4.4609
SCALE 1 1 1
X 0.7837 -0.2194 0.5812
Y 0.1526 0.9749 0.1622
Z -0.6022 -0.0384 0.7975

PART 17
OFFSET 22.7848 -1.0887 -3.7932
SCALE 1 1 1
X 0.9967 0.0636 -0.0498
Y -0.0408 -0.1359 -0.9899
Z -0.0698 0.9887 -0.1329

PART 18
OFFSET 17.8240 -2.4072 -6.6328
SCALE 1 1 1
X 0.2333 -0.9715 -0.0410
Y -0.0719 -0.0593 0.9956
Z -0.9697 -0.2293 -0.0837

PART 19
OFFSET 18.4806 -4.5640 -6.5906
SCALE 1 1 1
X -0.0384 -0.1658 0.9854
Y -0.6698 0.7361 0.0977
Z -0.7416 -0.6563 -0.1393

PART 20
OFFSET 18.4261 -4.7987 -5.1955
SCALE 1 1 1
X -0.5342 0.4746 0.6996
Y -0.4332 0.5569 -0.7086
Z -0.7260 -0.6816 -0.0919

PART 21
OFFSET 17.9526 -4.3779 -4.5753
SCALE 1 1 1
X -0.5651 0.5076 0.6504
Y -0.3472 0.5688 -0.7456
Z -0.7484 -0.6472 -0.1452

PART 22
OFFSET 17.4157 -3.8957 -3.9574
SCALE 1 1 1
X 0.7584 -0.6517 -0.0084
Y 0.0070 0.0210 -0.9998
Z 0.6517 0.7582 0.0205

PART 23
OFFSET 18.4457 -2.0926 -6.7878
SCALE 1 1 1
X 0.4946 -0.8674 0.0549
Y -0.0454 0.0373 0.9983
Z -0.8679 -0.4962 -0.0209

PART 24
OFFSET 19.6015 -4.4183 -6.6704
SCALE 1 1 1
X 0.2800 -0.3173 0.9060
Y -0.6153 0.6651 0.4231
Z -0.7369 -0.6760 -0.0090

PART 25
OFFSET 20.0782 -4.9585 -5.1279
SCALE 1 1 1
X -0.4898 0.5257 0.6955
Y -0.4858 0.4979 -0.7184
Z -0.7240 -0.6898 0.0115

PART 26
OFFSET 19.3994 -4.2299 -4.1640
SCALE 1 1 1
X -0.5557 0.5840 0.5917
Y -0.4146 0.4223 -0.8061
Z -0.7207 -0.6932 0.0075

PART 27
OFFSET 18.7967 -3.5965 -3.5222
SCALE 1 1 1
X 0.6566 -0.7538 -0.0240
Y 0.0102 0.0406 -0.9991
Z 0.7541 0.6558 0.0344

PART 28
OFFSET 21.2454 -1.9045 -6.1608
SCALE 1 1 1
X 0.5376 -0.7211 0.4370
Y 0.2983 -0.3221 -0.8985
Z 0.7887 0.6134 0.0419

PART 29
OFFSET 21.3283 -3.2022 -6.8608
SCALE 1 1 1
X 0.7474 -0.2367 0.6208
Y -0.5468 0.3114 0.7772
Z -0.3773 -0.9203 0.1033

PART 30
OFFSET 22.6443 -3.6189 -5.7678
SCALE 1 1 1
X 0.2694 -0.0410 0.9622
Y -0.8969 0.3530 0.2662
Z -0.3506 -0.9347 0.0584

PART 31
OFFSET 22.9931 -3.6120 -4.6017
SCALE 1 1 1
X -0.1871 0.2057 0.9606
Y -0.9182 0.3108 -0.2455
Z -0.3490 -0.9279 0.1307

PART 32
OFFSET 22.7817 -3.3796 -3.5167
SCALE 1 1 1
X 0.7917 -0.6085 -0.0543
Y -0.0511 0.0227 -0.9984
Z 0.6088 0.7932 -0.0131

PART 33
OFFSET 20.5007 -3.8917 -6.6158
SCALE 1 1 1
X 0.5203 -0.4110 0.7485
Y -0.5142 0.5490 0.6589
Z -0.6818 -0.7278 0.0743

PART 34
OFFSET 21.5172 -4.6947 -5.1535
SCALE 1 1 1
X -0.4782 0.5397 0.6929
Y -0.5164 0.4654 -0.7189
Z -0.7104 -0.7015 0.0561

PART 35
OFFSET 20.8187 -3.9064 -4.1415
SCALE 1 1 1
X -0.5228 0.5480 0.6529
Y -0.4506 0.4725 -0.7574
Z -0.7236 -0.6902 -0.0001

PART 36
OFFSET 20.2218 -3.2910 -3.4014
SCALE 1 1 1
X 0.7350 -0.6779 -0.0169
Y -0.0623 -0.0427 -0.9971
Z 0.6752 0.7339 -0.0736

PART 37
OFFSET 13.9798 -2.6989 -5.1034
SCALE 1 1 1
X 0.9989 0.0465 0.0110
Y -0.0463 0.9988 -0.0131
Z -0.0116 0.0126 0.9999

PART 38
OFFSET -1.1348 -5.2243 -2.9073
SCALE 1 1 1
X 0.0183 0.8965 0.4426
Y 0.1852 -0.4381 0.8796
Z 0.9825 0.0659 -0.1741

PART 39
OFFSET -1.3563 -16.0668 -8.2603
SCALE 1 1 1
X -0.3069 -0.9351 -0.1772
Y 0.6855 -0.0880 -0.7227
Z 0.6602 -0.3433 0.6680

PART 40
OFFSET 1.2541 -8.1134 -6.7528
SCALE 1 1 1
X -0.3069 -0.9351 -0.1772
Y -0.0341 0.1969 -0.9798
Z 0.9511 -0.2947 -0.0923

PART 41
OFFSET 0.3731 -6.2254 -7.0760
SCALE 1 1 1
X -0.3128 -0.9336 -0.1748
Y -0.6691 0.3472 -0.6571
Z 0.6741 -0.0886 -0.7333

PART 42
OFFSET 0.4600 -6.0793 -5.8386
SCALE 1 1 1
X -0.3128 -0.9336 -0.1748
Y -0.6691 0.3472 -0.6571
Z 0.6741 -0.0886 -0.7333

PART 43
OFFSET 1.7700 -6.6078 -4.7674
SCALE 1 1 1
X -0.3128 -0.9336 -0.1748
Y -0.6691 0.3472 -0.6571
Z 0.6741 -0.0886 -0.7333

PART 44
OFFSET 2.1950 -5.2467 -6.2095
SCALE 1 1 1
X -0.9219 -0.3000 0.2451
Y -0.3019 0.1598 -0.9399
Z 0.2428 -0.9405 -0.2378

PART 45
OFFSET 2.8013 -4.8798 -5.3151
SCALE 1 1 1
X -0.5316 -0.8316 -0.1610
Y 0.0427 0.1635 -0.9856
Z 0.8459 -0.5308 -0.0514

PART 46
OFFSET 3.8971 -3.0722 -4.8664
SCALE 1 1 1
X -0.6680 -0.7131 0.2126
Y -0.0162 -0.2717 -0.9622
Z 0.7440 -0.6462 0.1699

PART 47
OFFSET 4.8912 -1.8647 -5.2861
SCALE 1 1 1
X -0.4467 -0.5498 0.7058
Y -0.3542 -0.6158 -0.7038
Z 0.8216 -0.5644 0.0803

PART 48
OFFSET 5.3426 -1.2339 -6.0411
SCALE 1 1 1
X -0.9305 -0.1702 0.3244
Y -0.2601 0.9305 -0.2580
Z -0.2580 -0.3244 -0.9101

PART 49
OFFSET 2.6028 -4.6317 -7.3752
SCALE 1 1 1
X -0.5731 -0.3776 0.7273
Y 0.3134 -0.9210 -0.2312
Z 0.7571 0.0954 0.6462

PART 50
OFFSET 3.9624 -3.6565 -8.8868
SCALE 1 1 1
X -0.0435 -0.9728 0.2274
Y 0.3491 -0.2281 -0.9089
Z 0.9361 0.0399 0.3495

PART 51
OFFSET 4.0240 -2.2792 -9.2088
SCALE 1 1 1
X 0.2848 -0.6612 -0.6941
Y 0.2555 0.7502 -0.6099
Z 0.9239 -0.0036 0.3826

PART 52
OFFSET 3.7714 -1.6930 -8.5934
SCALE 1 1 1
X 0.3468 -0.2951 -0.8903
Y 0.0558 0.9540 -0.2945
Z 0.9363 0.0524 0.3473

PART 53
OFFSET 3.4420 -1.4126 -7.7476
SCALE 1 1 1
X -0.4357 -0.3807 0.8156
Y -0.0627 0.9168 0.3945
Z -0.8979 0.1207 -0.4233

PART 54
OFFSET 3.0401 -4.8032 -6.8377
SCALE 1 1 1
X -0.7832 -0.3403 0.5204
Y 0.2747 -0.9402 -0.2013
Z 0.5578 -0.0147 0.8298

PART 55
OFFSET 4.9959 -3.9387 -8.3161
SCALE 1 1 1
X 0.0090 -1.0000 0.0011
Y 0.4756 0.0033 -0.8797
Z 0.8796 0.0085 0.4756

PART 56
OFFSET 4.9806 -2.2363 -8.3181
SCALE 1 1 1
X 0.4316 -0.4202 -0.7982
Y 0.2174 0.9072 -0.3601
Z 0.8755 -0.0181 0.4829

PART 57
OFFSET 4.3825 -1.6539 -7.2118
SCALE 1 1 1
X 0.4663 0.3237 -0.8233
Y -0.1449 0.9460 0.2899
Z 0.8727 -0.0159 0.4880

PART 58
OFFSET 3.8768 -2.0049 -6.3189
SCALE 1 1 1
X -0.2563 -0.8064 0.5330
Y -0.4233 0.5893 0.6881
Z -0.8690 -0.0492 -0.4924

PART 59
OFFSET -1.2566 -7.1346 -4.5222
SCALE 1 1 1
X -0.7415 -0.5747 0.3462
Y -0.5118 0.8182 0.2619
Z -0.4338 0.0170 -0.9009

PART 60
OFFSET 6.1051 -4.5477 -6.5440
SCALE 1 1 1
X -0.8934 -0.2545 0.3702
Y 0.2164 -0.9659 -0.1419
Z 0.3937 -0.0466 0.9180

PART 61
OFFSET 7.6781 -4.0995 -7.1958
SCALE 1 1 1
X -0.6626 -0.6939 0.2820
Y 0.6421 -0.7201 -0.2630
Z 0.3856 0.0068 0.9227

PART 62
OFFSET 8.5070 -3.2556 -7.4826
SCALE 1 1 1
X -0.1822 -0.9832 0.0093
Y 0.9184 -0.1736 -0.3557
Z 0.3513 -0.0562 0.9346

PART 63
OFFSET 8.7128 -2.1450 -7.4931
SCALE 1 1 1
X -0.6709 0.4609 0.5809
Y 0.3998 0.8846 -0.2402
Z -0.6246 0.0711 -0.7777

PART 64
OFFSET 5.6358 -4.2377 -7.4948
SCALE 1 1 1
X -0.5180 -0.8458 0.1277
Y 0.7559 -0.5226 -0.3944
Z 0.4003 -0.1077 0.9100

PART 65
OFFSET 6.6478 -2.5854 -7.7443
SCALE 1 1 1
X 0.6445 -0.6673 -0.3732
Y 0.6300 0.7401 -0.2354
Z 0.4333 -0.0834 0.8974

PART 66
OFFSET 5.7064 -1.6107 -7.1992
SCALE 1 1 1
X 0.8753 -0.1894 -0.4450
Y 0.1811 0.9815 -0.0615
Z 0.4484 -0.0267 0.8934

PART 67
OFFSET 4.7120 -1.3953 -6.7016
SCALE 1 1 1
X -0.8155 -0.4800 0.3234
Y -0.3902 0.8687 0.3053
Z -0.4275 0.1228 -0.8957

PART 68
OFFSET 0.0000 0.0000 0.0000
SCALE 1 1 1
X 1.0000 0.0000 0.0000
Y 0.0000 1.0000 0.0000
Z 0.0000 0.0000 1.0000

PART 69
OFFSET 0.0000 -0.0011 0.0020
SCALE 1 1 1
X 1.0000 0.0006 0.0000
Y -0.0006 1.0000 0.0000
Z 0.0000 0.0000 1.0000

PART 70
OFFSET 1.5404 -0.0002 4.1378
SCALE 1 1 1
X 1.0000 0.0006 0.0000
Y -0.0006 1.0000 0.0000
Z 0.0000 0.0000 1.0000

PART 71
OFFSET 13.9798 -2.6989 -5.1034
SCALE 1 1 1
X 0.9989 0.0465 0.0110
Y -0.0463 0.9988 -0.0131
Z -0.0116 0.0126 0.9999

PART 72
OFFSET 12.2502 -3.4281 -8.1585
SCALE 1 1 1
X 0.0105 -0.8518 0.5238
Y 0.9975 0.0454 0.0538
Z -0.0696 0.5219 0.8501

PART 73
OFFSET 13.7781 -4.5059 -3.9810
SCALE 1 1 1
X 0.9984 0.0467 0.0315
Y -0.0463 0.9988 -0.0131
Z -0.0320 0.0117 0.9994

PART 74
OFFSET 41.7828 -1.3848 -3.2756
SCALE 1 1 1
X 0.9989 0.0465 0.0110
Y -0.0463 0.9988 -0.0131
Z -0.0116 0.0126 0.9999

PART 75
OFFSET 11.6497 -2.7946 -4.6808
SCALE 1 1 1
X 0.9966 0.0540 0.0628
Y -0.0557 0.9981 0.0264
Z -0.0613 -0.0298 0.9977

PART 76
OFFSET 11.6302 -2.8406 -4.7727
SCALE 1 1 1
X 0.9989 0.0465 0.0110
Y -0.0463 0.9988 -0.0131
Z -0.0116 0.0126 0.9999

PART 77
OFFSET 8.2851 -2.4755 -3.7545
SCALE 1 1 1
X 0.9989 0.0465 0.0110
Y -0.0463 0.9988 -0.0131
Z -0.0116 0.0126 0.9999

PART 78
OFFSET 37.5624 -1.5972 -4.5403
SCALE 1 1 1
X 0.9984 0.0467 0.0315
Y -0.0463 0.9988 -0.0131
Z -0.0320 0.0117 0.9994

PART 79
OFFSET 42.6774 -1.3431 -3.2658
SCALE 1 1 1
X 0.9984 0.0467 0.0315
Y -0.0463 0.9988 -0.0131
Z -0.0320 0.0117 0.9994


FRAME 568
PART 0
OFFSET 18.0677 -1.2980 -6.8156
SCALE 1 1 1
X 0.5580 -0.8161 0.1502
Y -0.1133 0.1043 0.9881
Z -0.8221 -0.5684 -0.0342

PART 1
OFFSET 18.0677 -1.2980 -6.8156
SCALE 1 1 1
X 0.5580 -0.8161 0.1502
Y -0.1133 0.1043 0.9881
Z -0.8221 -0.5684 -0.0342

PART 2
OFFSET 3.2261 -4.8940 -6.6538
SCALE 1 1 1
X -0.4072 -0.8872 0.2169
Y -0.8270 0.4589 0.3248
Z -0.3877 -0.0471 -0.9206

PART 3
OFFSET 3.2261 -4.8940 -6.6538
SCALE 1 1 1
X -0.4072 -0.8872 0.2169
Y -0.8270 0.4589 0.3248
Z -0.3877 -0.0471 -0.9206

PART 4
OFFSET 6.2061 -3.1050 -3.3894
SCALE 1 1 1
X 1.0000 0.0000 0.0000
Y 0.0000 1.0000 0.0000
Z 0.0000 -0.0000 1.0000

PART 5
OFFSET 1.6245 4.2672 -6.2573
SCALE 1 1 1
X 0.7539 0.1468 -0.6404
Y 0.0763 -0.9877 -0.1365
Z -0.6526 0.0541 -0.7558

PART 6
OFFSET 10.7420 6.0421 -14.0022
SCALE 1 1 1
X 0.5839 -0.5530 0.5943
Y -0.7667 -0.1349 0.6277
Z -0.2670 -0.8222 -0.5027

PART 7
OFFSET 15.7084 1.3385 -8.9472
SCALE 1 1 1
X 0.5839 -0.5530 0.5943
Y 0.7174 0.6941 -0.0590
Z -0.3799 0.4608 0.8021

PART 8
OFFSET 17.5255 2.1828 -7.5970
SCALE 1 1 1
X 0.5892 -0.5499 0.5919
Y 0.2763 0.8256 0.4920
Z -0.7593 -0.1263 0.6384

PART 9
OFFSET 17.0682 0.3465 -9.4998
SCALE 1 1 1
X 0.5892 -0.5499 0.5919
Y 0.2763 0.8256 0.4920
Z -0.7593 -0.1263 0.6384

PART 10
OFFSET 16.1804 1.3272 -6.1923
SCALE 1 1 1
X 0.5892 -0.5499 0.5919
Y 0.2763 0.8256 0.4920
Z -0.7593 -0.1263 0.6384

PART 11
OFFSET 15.6387 0.0016 -7.0611
SCALE 1 1 1
X 0.5892 -0.5499 0.5919
Y 0.2763 0.8256 0.4920
Z -0.7593 -0.1263 0.6384

PART 12
OFFSET 15.1229 -1.0702 -8.1929
SCALE 1 1 1
X 0.5892 -0.5499 0.5919
Y 0.2763 0.8256 0.4920
Z -0.7593 -0.1263 0.6384

PART 13
OFFSET 17.4985 -0.3569 -7.1252
SCALE 1 1 1
X 0.7766 -0.5963 0.2031
Y 0.6200 0.7806 -0.0788
Z -0.1116 0.1871 0.9760

PART 14
OFFSET 18.4003 0.2051 -6.7091
SCALE 1 1 1
X 0.7733 -0.0002 0.6340
Y 0.1009 0.9873 -0.1228
Z -0.6260 0.1589 0.7635

PART 15
OFFSET 20.0443 0.3120 -5.3107
SCALE 1 1 1
X 0.8423 -0.0450 0.5372
Y -0.0081 0.9953 0.0960
Z -0.5390 -0.0852 0.8380

PART 16
OFFSET 21.3441 0.1705 -4.3554
SCALE 1 1 1
X 0.7645 0.0495 0.6427
Y -0.0482 0.9986 -0.0196
Z -0.6428 -0.0160 0.7659

PART 17
OFFSET 22.1406 0.2402 -3.6256
SCALE 1 1 1
X 0.9673 0.2526 -0.0216
Y 0.0612 -0.3153 -0.9470
Z -0.2461 0.9148 -0.3204

PART 18
OFFSET 17.4693 -1.6595 -6.6717
SCALE 1 1 1
X 0.3024 -0.9476 0.1031
Y -0.1355 0.0643 0.9887
Z -0.9435 -0.3130 -0.1089

PART 19
OFFSET 18.2696 -3.7352 -6.3030
SCALE 1 1 1
X 0.0175 -0.1830 0.9830
Y -0.6605 0.7360 0.1488
Z -0.7507 -0.6518 -0.1080

PART 20
OFFSET 18.2944 -3.9942 -4.9113
SCALE 1 1 1
X -0.4915 0.4636 0.7372
Y -0.4711 0.5704 -0.6728
Z -0.7325 -0.6780 -0.0619

PART 21
OFFSET 17.8586 -3.5831 -4.2577
SCALE 1 1 1
X -0.5823 0.5877 0.5617
Y -0.2944 0.4917 -0.8195
Z -0.7578 -0.6426 -0.1133

PART 22
OFFSET 17.3054 -3.0248 -3.7240
SCALE 1 1 1
X 0.7398 -0.6652 0.1012
Y 0.0567 -0.0882 -0.9945
Z 0.6705 0.7414 -0.0275

PART 23
OFFSET 18.0677 -1.2980 -6.8156
SCALE 1 1 1
X 0.5580 -0.8161 0.1502
Y -0.1133 0.1043 0.9881
Z -0.8221 -0.5684 -0.0342

PART 24
OFFSET 19.3963 -3.5029 -6.4528
SCALE 1 1 1
X 0.2506 -0.2812 0.9264
Y -0.6276 0.6814 0.3766
Z -0.7371 -0.6757 -0.0058

PART 25
OFFSET 19.8229 -3.9817 -4.8757
SCALE 1 1 1
X -0.5016 0.5433 0.6733
Y -0.4722 0.4802 -0.7392
Z -0.7249 -0.6887 0.0157

PART 26
OFFSET 19.1278 -3.2287 -3.9426
SCALE 1 1 1
X -0.5777 0.6113 0.5409
Y -0.3817 0.3835 -0.8410
Z -0.7215 -0.6923 0.0118

PART 27
OFFSET 18.5013 -2.5658 -3.3559
SCALE 1 1 1
X 0.6558 -0.7540 0.0378
Y 0.0498 -0.0068 -0.9987
Z 0.7533 0.6569 0.0331

PART 28
OFFSET 20.8172 -0.8553 -6.1010
SCALE 1 1 1
X 0.5798 -0.6600 0.4778
Y 0.3566 -0.3217 -0.8771
Z 0.7326 0.6789 0.0488

PART 29
OFFSET 21.0338 -2.1611 -6.7558
SCALE 1 1 1
X 0.6664 -0.3143 0.6761
Y -0.5783 0.3544 0.7348
Z -0.4706 -0.8807 0.0544

PART 30
OFFSET 22.2071 -2.7145 -5.5655
SCALE 1 1 1
X -0.0858 0.0551 0.9948
Y -0.8930 0.4384 -0.1013
Z -0.4417 -0.8971 0.0115

PART 31
OFFSET 22.1296 -2.5931 -4.3568
SCALE 1 1 1
X -0.4862 0.3285 0.8098
Y -0.7401 0.3379 -0.5814
Z -0.4646 -0.8820 0.0789

PART 32
OFFSET 21.5804 -2.2220 -3.4421
SCALE 1 1 1
X 0.6957 -0.6600 0.2835
Y 0.3002 -0.0914 -0.9495
Z 0.6526 0.7457 0.1345

PART 33
OFFSET 20.2583 -2.9109 -6.5169
SCALE 1 1 1
X 0.4835 -0.3229 0.8136
Y -0.6030 0.5509 0.5770
Z -0.6345 -0.7696 0.0716

PART 34
OFFSET 21.2029 -3.5416 -4.9275
SCALE 1 1 1
X -0.5535 0.5341 0.6390
Y -0.5036 0.3965 -0.7676
Z -0.6633 -0.7467 0.0495

PART 35
OFFSET 20.3944 -2.7615 -3.9941
SCALE 1 1 1
X -0.5785 0.5210 0.6276
Y -0.4597 0.4274 -0.7785
Z -0.6738 -0.7388 -0.0078

PART 36
OFFSET 19.7347 -2.1770 -3.2827
SCALE 1 1 1
X 0.7802 -0.6253 0.0165
Y -0.0297 -0.0633 -0.9975
Z 0.6248 0.7778 -0.0680

PART 37
OFFSET 13.7202 -2.5438 -5.2449
SCALE 1 1 1
X 0.9843 0.1718 0.0412
Y -0.1697 0.9843 -0.0487
Z -0.0489 0.0410 0.9980

PART 38
OFFSET 1.0100 -8.8752 -2.9073
SCALE 1 1 1
X -0.0746 0.5314 0.8438
Y 0.6376 -0.6252 0.4501
Z 0.7668 0.5716 -0.2922

PART 39
OFFSET 1.9119 -15.3021 -13.1124
SCALE 1 1 1
X -0.0674 -0.8142 -0.5767
Y 0.3362 0.5257 -0.7814
Z 0.9394 -0.2466 0.2383

PART 40
OFFSET 2.4853 -8.3771 -8.2075
SCALE 1 1 1
X -0.0674 -0.8142 -0.5767
Y -0.0156 -0.5771 0.8166
Z -0.9976 0.0641 0.0262

PART 41
OFFSET 0.2824 -6.6393 -7.9099
SCALE 1 1 1
X -0.0720 -0.8166 -0.5727
Y -0.9439 0.2413 -0.2254
Z 0.3223 0.5243 -0.7882

PART 42
OFFSET 0.4152 -7.1032 -6.6096
SCALE 1 1 1
X -0.0720 -0.8166 -0.5727
Y -0.9439 0.2413 -0.2254
Z 0.3223 0.5243 -0.7882

PART 43
OFFSET 3.2181 -7.2094 -6.6137
SCALE 1 1 1
X -0.0720 -0.8166 -0.5727
Y -0.9439 0.2413 -0.2254
Z 0.3223 0.5243 -0.7882

PART 44
OFFSET 2.6919 -5.8811 -6.4396
SCALE 1 1 1
X -0.2517 -0.8393 0.4819
Y 0.5299 0.2971 0.7943
Z -0.8098 0.4553 0.3699

PART 45
OFFSET 2.6263 -5.9773 -7.5747
SCALE 1 1 1
X -0.6896 -0.2531 0.6785
Y 0.5234 0.4733 0.7085
Z -0.5005 0.8437 -0.1940

PART 46
OFFSET 4.0901 -5.5253 -9.0988
SCALE 1 1 1
X -0.7257 -0.6470 0.2340
Y -0.0246 0.3643 0.9310
Z -0.6876 0.6698 -0.2803

PART 47
OFFSET 5.3372 -4.5341 -9.3896
SCALE 1 1 1
X -0.7227 -0.6383 -0.2649
Y -0.3629 0.0243 0.9315
Z -0.5882 0.7694 -0.2492

PART 48
OFFSET 6.1518 -3.8794 -9.1076
SCALE 1 1 1
X -0.2305 -0.9604 0.1565
Y 0.9727 -0.2231 0.0635
Z -0.0261 0.1668 0.9856

PART 49
OFFSET 3.6360 -4.9447 -6.0716
SCALE 1 1 1
X -0.5437 -0.8382 -0.0424
Y -0.8032 0.5049 0.3161
Z -0.2436 0.2059 -0.9478

PART 50
OFFSET 4.9205 -3.0933 -6.1531
SCALE 1 1 1
X -0.9748 -0.0441 0.2185
Y 0.0799 0.8460 0.5272
Z -0.2081 0.5314 -0.8212

PART 51
OFFSET 6.3006 -3.0309 -6.4625
SCALE 1 1 1
X -0.3902 0.7233 0.5697
Y 0.8836 0.4681 0.0108
Z -0.2588 0.5076 -0.8218

PART 52
OFFSET 6.6466 -3.6722 -6.9676
SCALE 1 1 1
X 0.0116 0.8418 0.5397
Y 0.9806 0.0961 -0.1710
Z -0.1958 0.5312 -0.8243

PART 53
OFFSET 6.6356 -4.4719 -7.4803
SCALE 1 1 1
X -0.5961 -0.7810 -0.1863
Y 0.7081 -0.4020 -0.5805
Z 0.3785 -0.4779 0.7927

PART 54
OFFSET 3.2261 -4.8940 -6.6538
SCALE 1 1 1
X -0.4072 -0.8872 0.2169
Y -0.8270 0.4589 0.3248
Z -0.3877 -0.0471 -0.9206

PART 55
OFFSET 4.3221 -2.5742 -7.0728
SCALE 1 1 1
X -0.9233 0.1354 0.3594
Y 0.2667 0.8994 0.3464
Z -0.2764 0.4157 -0.8665

PART 56
OFFSET 5.8941 -2.8047 -7.6847
SCALE 1 1 1
X -0.1481 0.8707 0.4691
Y 0.9414 0.2694 -0.2029
Z -0.3030 0.4116 -0.8595

PART 57
OFFSET 6.0993 -4.0114 -8.3348
SCALE 1 1 1
X 0.5425 0.8172 0.1944
Y 0.7837 -0.4090 -0.4675
Z -0.3025 0.4060 -0.8624

PART 58
OFFSET 5.5109 -4.8977 -8.5457
SCALE 1 1 1
X -0.9070 -0.4159 0.0653
Y 0.3434 -0.8206 -0.4569
Z 0.2436 -0.3920 0.8871

PART 59
OFFSET 0.7621 -9.3814 -4.9073
SCALE 1 1 1
X -0.5645 -0.7206 0.4027
Y 0.7218 -0.6676 -0.1826
Z 0.4004 0.1876 0.8969

PART 60
OFFSET 2.9721 -2.6657 -8.7789
SCALE 1 1 1
X -0.2593 -0.8967 0.3587
Y -0.8653 0.3807 0.3262
Z -0.4290 -0.2258 -0.8746

PART 61
OFFSET 3.4286 -1.0868 -9.4104
SCALE 1 1 1
X -0.6606 -0.6044 0.4454
Y -0.6472 0.7591 0.0702
Z -0.3805 -0.2419 -0.8926

PART 62
OFFSET 4.2086 -0.3668 -10.0060
SCALE 1 1 1
X -0.8871 -0.0236 0.4610
Y -0.1438 0.9631 -0.2274
Z -0.4387 -0.2680 -0.8577

PART 63
OFFSET 5.2105 -0.3402 -10.5268
SCALE 1 1 1
X 0.2952 -0.9371 -0.1860
Y 0.8538 0.3461 -0.3889
Z 0.4289 -0.0440 0.9023

PART 64
OFFSET 3.6654 -2.5145 -7.9322
SCALE 1 1 1
X -0.7620 -0.3784 0.5255
Y -0.4311 0.9020 0.0244
Z -0.4832 -0.2079 -0.8504

PART 65
OFFSET 5.1540 -1.7753 -8.9588
SCALE 1 1 1
X -0.5584 0.8196 0.1284
Y 0.6902 0.5448 -0.4763
Z -0.4603 -0.1773 -0.8699

PART 66
OFFSET 5.9696 -2.9724 -9.1463
SCALE 1 1 1
X -0.1203 0.9839 -0.1320
Y 0.9048 0.0539 -0.4224
Z -0.4085 -0.1702 -0.8968

PART 67
OFFSET 6.1093 -4.0855 -8.9907
SCALE 1 1 1
X -0.4596 -0.7780 0.4283
Y 0.7373 -0.6031 -0.3045
Z 0.4952 0.1759 0.8508

PART 68
OFFSET 0.0000 0.0000 0.0000
SCALE 1 1 1
X 1.0000 0.0000 0.0000
Y 0.0000 1.0000 0.0000
Z 0.0000 0.0000 1.0000

PART 69
OFFSET 0.0000 -0.0040 0.0075
SCALE 1 1 1
X 1.0000 0.0022 0.0000
Y -0.0022 1.0000 0.0000
Z 0.0000 0.0000 1.0000

PART 70
OFFSET 1.5404 -0.0007 4.1433
SCALE 1 1 1
X 1.0000 0.0022 0.0000
Y -0.0022 1.0000 0.0000
Z 0.0000 0.0000 1.0000

PART 71
OFFSET 13.7202 -2.5438 -5.2449
SCALE 1 1 1
X 0.9843 0.1718 0.0412
Y -0.1697 0.9843 -0.0487
Z -0.0489 0.0410 0.9980

PART 72
OFFSET 12.2052 -3.5754 -8.3267
SCALE 1 1 1
X 0.0976 -0.8277 0.5527
Y 0.9816 0.1718 0.0839
Z -0.1644 0.5343 0.8292

PART 73
OFFSET 13.7047 -4.3275 -4.0683
SCALE 1 1 1
X 0.9831 0.1726 0.0616
Y -0.1697 0.9843 -0.0487
Z -0.0690 0.0375 0.9969

PART 74
OFFSET 41.0603 2.3024 -2.5802
SCALE 1 1 1
X 0.9843 0.1718 0.0412
Y -0.1697 0.9843 -0.0487
Z -0.0489 0.0410 0.9980

PART 75
OFFSET 10.8053 -3.0170 -4.8221
SCALE 1 1 1
X 0.9792 0.1805 0.0926
Y -0.1803 0.9836 -0.0096
Z -0.0928 -0.0073 0.9957

PART 76
OFFSET 10.7950 -3.0678 -4.9130
SCALE 1 1 1
X 0.9843 0.1718 0.0412
Y -0.1697 0.9843 -0.0487
Z -0.0489 0.0410 0.9980

PART 77
OFFSET 7.9972 -2.9964 -4.0861
SCALE 1 1 1
X 0.9843 0.1718 0.0412
Y -0.1697 0.9843 -0.0487
Z -0.0489 0.0410 0.9980

PART 78
OFFSET 36.9472 1.5243 -3.9704
SCALE 1 1 1
X 0.9831 0.1726 0.0616
Y -0.1697 0.9843 -0.0487
Z -0.0690 0.0375 0.9969

PART 79
OFFSET 41.9419 2.4562 -2.5433
SCALE 1 1 1
X 0.9831 0.1726 0.0616
Y -0.1697 0.9843 -0.0487
Z -0.0690 0.0375 0.9969


FRAME 569
PART 0
OFFSET 17.5211 -0.1912 -6.8615
SCALE 1 1 1
X 0.6461 -0.7163 0.2636
Y -0.2211 0.1550 0.9629
Z -0.7305 -0.6804 -0.0583

PART 1
OFFSET 17.5211 -0.1912 -6.8615
SCALE 1 1 1
X 0.6461 -0.7163 0.2636
Y -0.2211 0.1550 0.9629
Z -0.7305 -0.6804 -0.0583

PART 2
OFFSET 3.7652 -7.4350 -7.6379
SCALE 1 1 1
X -0.6983 -0.5406 0.4692
Y 0.6622 -0.7367 0.1367
Z 0.2718 0.4062 0.8724

PART 3
OFFSET 3.7652 -7.4350 -7.6379
SCALE 1 1 1
X -0.6983 -0.5406 0.4692
Y 0.6622 -0.7367 0.1367
Z 0.2718 0.4062 0.8724

PART 4
OFFSET 6.2061 -3.1050 -3.3894
SCALE 1 1 1
X 1.0000 0.0000 0.0000
Y 0.0000 1.0000 0.0000
Z 0.0000 -0.0000 1.0000

PART 5
OFFSET 1.6245 4.2672 -6.2573
SCALE 1 1 1
X 0.6932 0.1577 -0.7033
Y 0.1451 -0.9863 -0.0782
Z -0.7060 -0.0478 -0.7066

PART 6
OFFSET 10.0074 6.1744 -14.7633
SCALE 1 1 1
X 0.5910 -0.4775 0.6502
Y -0.7717 -0.0998 0.6282
Z -0.2351 -0.8729 -0.4274

PART 7
OFFSET 15.0340 2.1130 -9.2333
SCALE 1 1 1
X 0.5910 -0.4775 0.6502
Y 0.6489 0.7602 -0.0314
Z -0.4793 0.4405 0.7591

PART 8
OFFSET 16.8050 3.1339 -7.9453
SCALE 1 1 1
X 0.5962 -0.4745 0.6476
Y 0.2445 0.8756 0.4165
Z -0.7647 -0.0900 0.6381

PART 9
OFFSET 16.4305 1.1165 -9.6748
SCALE 1 1 1
X 0.5962 -0.4745 0.6476
Y 0.2445 0.8756 0.4165
Z -0.7647 -0.0900 0.6381

PART 10
OFFSET 15.4648 2.3710 -6.4837
SCALE 1 1 1
X 0.5962 -0.4745 0.6476
Y 0.2445 0.8756 0.4165
Z -0.7647 -0.0900 0.6381

PART 11
OFFSET 14.9754 0.9548 -7.2322
SCALE 1 1 1
X 0.5962 -0.4745 0.6476
Y 0.2445 0.8756 0.4165
Z -0.7647 -0.0900 0.6381

PART 12
OFFSET 14.5085 -0.2324 -8.2658
SCALE 1 1 1
X 0.5962 -0.4745 0.6476
Y 0.2445 0.8756 0.4165
Z -0.7647 -0.0900 0.6381

PART 13
OFFSET 16.8458 0.6491 -7.2401
SCALE 1 1 1
X 0.8385 -0.4730 0.2704
Y 0.5081 0.8581 -0.0744
Z -0.1968 0.1998 0.9599

PART 14
OFFSET 17.6324 1.3465 -6.7961
SCALE 1 1 1
X 0.7192 0.0868 0.6894
Y 0.0376 0.9858 -0.1634
Z -0.6938 0.1434 0.7057

PART 15
OFFSET 19.1496 1.6401 -5.2856
SCALE 1 1 1
X 0.7960 0.0700 0.6013
Y -0.1099 0.9935 0.0298
Z -0.5953 -0.0898 0.7985

PART 16
OFFSET 20.3744 1.6839 -4.2272
SCALE 1 1 1
X 0.6592 0.3555 0.6626
Y -0.2775 0.9340 -0.2250
Z -0.6989 -0.0356 0.7143

PART 17
OFFSET 21.0505 2.0825 -3.4818
SCALE 1 1 1
X 0.8784 0.4777 -0.0161
Y 0.2333 -0.4578 -0.8579
Z -0.4172 0.7498 -0.5135

PART 18
OFFSET 16.9715 -0.6295 -6.7375
SCALE 1 1 1
X 0.4014 -0.8783 0.2599
Y -0.2478 0.1690 0.9540
Z -0.8817 -0.4473 -0.1498

PART 19
OFFSET 17.9714 -2.5170 -6.0148
SCALE 1 1 1
X 0.0635 -0.1812 0.9814
Y -0.6918 0.7008 0.1741
Z -0.7193 -0.6900 -0.0809

PART 20
OFFSET 18.0613 -2.7735 -4.6254
SCALE 1 1 1
X -0.4872 0.4380 0.7555
Y -0.5247 0.5448 -0.6541
Z -0.6981 -0.7151 -0.0356

PART 21
OFFSET 17.6293 -2.3852 -3.9555
SCALE 1 1 1
X -0.6408 0.6285 0.4409
Y -0.2463 0.3757 -0.8934
Z -0.7271 -0.6811 -0.0859

PART 22
OFFSET 17.0206 -1.7881 -3.5366
SCALE 1 1 1
X 0.7499 -0.6180 0.2360
Y 0.1345 -0.2069 -0.9691
Z 0.6477 0.7585 -0.0720

PART 23
OFFSET 17.5211 -0.1912 -6.8615
SCALE 1 1 1
X 0.6461 -0.7163 0.2636
Y -0.2211 0.1550 0.9629
Z -0.7305 -0.6804 -0.0583

PART 24
OFFSET 19.0942 -2.1548 -6.2072
SCALE 1 1 1
X 0.2098 -0.2316 0.9499
Y -0.6857 0.6578 0.3118
Z -0.6970 -0.7167 -0.0208

PART 25
OFFSET 19.4514 -2.5490 -4.5900
SCALE 1 1 1
X -0.5609 0.5296 0.6363
Y -0.4643 0.4351 -0.7714
Z -0.6854 -0.7282 0.0018

PART 26
OFFSET 18.6740 -1.8150 -3.7081
SCALE 1 1 1
X -0.6457 0.6004 0.4718
Y -0.3441 0.3228 -0.8817
Z -0.6817 -0.7316 -0.0018

PART 27
OFFSET 17.9737 -1.1639 -3.1964
SCALE 1 1 1
X 0.6920 -0.7123 0.1170
Y 0.1178 -0.0485 -0.9919
Z 0.7122 0.7002 0.0503

PART 28
OFFSET 20.1319 0.6605 -6.0101
SCALE 1 1 1
X 0.6360 -0.5555 0.5357
Y 0.4517 -0.2950 -0.8420
Z 0.6257 0.7775 0.0633

PART 29
OFFSET 20.5694 -0.6211 -6.5992
SCALE 1 1 1
X 0.5866 -0.3570 0.7270
Y -0.6336 0.3568 0.6865
Z -0.5044 -0.8633 -0.0169

PART 30
OFFSET 21.6022 -1.2497 -5.3192
SCALE 1 1 1
X -0.4266 0.1711 0.8881
Y -0.7714 0.4438 -0.4561
Z -0.4722 -0.8797 -0.0573

PART 31
OFFSET 21.1122 -0.9882 -4.2361
SCALE 1 1 1
X -0.7186 0.4304 0.5463
Y -0.4659 0.2852 -0.8376
Z -0.5163 -0.8564 -0.0044

PART 32
OFFSET 20.3006 -0.5021 -3.6190
SCALE 1 1 1
X 0.5093 -0.6385 0.5770
Y 0.6086 -0.2068 -0.7660
Z 0.6084 0.7413 0.2833

PART 33
OFFSET 19.8935 -1.4657 -6.3751
SCALE 1 1 1
X 0.4247 -0.2087 0.8810
Y -0.7283 0.4992 0.4694
Z -0.5378 -0.8409 0.0600

PART 34
OFFSET 20.7231 -1.8734 -4.6541
SCALE 1 1 1
X -0.6694 0.4835 0.5640
Y -0.4805 0.2971 -0.8251
Z -0.5665 -0.8234 0.0334

PART 35
OFFSET 19.7453 -1.1672 -3.8303
SCALE 1 1 1
X -0.6735 0.4533 0.5839
Y -0.4670 0.3513 -0.8115
Z -0.5729 -0.8192 -0.0249

PART 36
OFFSET 18.9788 -0.6599 -3.1686
SCALE 1 1 1
X 0.8514 -0.5196 0.0722
Y 0.0332 -0.0840 -0.9959
Z 0.5235 0.8503 -0.0543

PART 37
OFFSET 13.4723 -2.2783 -5.4528
SCALE 1 1 1
X 0.9328 0.3499 0.0860
Y -0.3412 0.9346 -0.1008
Z -0.1156 0.0647 0.9912

PART 38
OFFSET 3.1548 -12.5263 -2.9073
SCALE 1 1 1
X 0.1741 0.3879 0.9051
Y 0.8266 -0.5571 0.0797
Z 0.5352 0.7343 -0.4176

PART 39
OFFSET 1.0491 -17.2170 -13.8538
SCALE 1 1 1
X -0.1706 -0.7904 -0.5883
Y -0.0523 0.6035 -0.7956
Z 0.9839 -0.1050 -0.1443

PART 40
OFFSET 2.5003 -10.4943 -8.8496
SCALE 1 1 1
X -0.1706 -0.7904 -0.5883
Y 0.6217 0.3769 -0.6866
Z 0.7645 -0.4829 0.4271

PART 41
OFFSET 1.1905 -9.6259 -7.1896
SCALE 1 1 1
X -0.1730 -0.7937 -0.5832
Y -0.9826 0.0986 0.1574
Z -0.0674 0.6003 -0.7969

PART 42
OFFSET 1.6448 -9.9334 -6.2602
SCALE 1 1 1
X -0.1730 -0.7937 -0.5832
Y -0.9826 0.0986 0.1574
Z -0.0674 0.6003 -0.7969

PART 43
OFFSET 3.6302 -9.4420 -7.3278
SCALE 1 1 1
X -0.1730 -0.7937 -0.5832
Y -0.9826 0.0986 0.1574
Z -0.0674 0.6003 -0.7969

PART 44
OFFSET 3.0233 -8.0712 -7.0459
SCALE 1 1 1
X -0.7614 -0.6239 0.1764
Y -0.0730 -0.1878 -0.9795
Z 0.6442 -0.7586 0.0974

PART 45
OFFSET 3.1718 -7.2979 -6.2201
SCALE 1 1 1
X -0.1032 -0.9788 0.1771
Y -0.0292 -0.1750 -0.9841
Z 0.9942 -0.1067 -0.0105

PART 46
OFFSET 3.3420 -5.1623 -6.5033
SCALE 1 1 1
X -0.3019 -0.5458 0.7817
Y 0.0002 -0.8200 -0.5724
Z 0.9533 -0.1727 0.2477

PART 47
OFFSET 3.7227 -4.3108 -7.8271
SCALE 1 1 1
X -0.1367 -0.1922 0.9718
Y -0.1267 -0.9695 -0.2096
Z 0.9825 -0.1518 0.1082

PART 48
OFFSET 3.8277 -4.0796 -8.8794
SCALE 1 1 1
X -0.7581 -0.2442 0.6047
Y -0.6295 0.5164 -0.5806
Z -0.1705 -0.8208 -0.5452

PART 49
OFFSET 3.4592 -7.5910 -8.2637
SCALE 1 1 1
X -0.5549 -0.4369 0.7080
Y 0.6970 -0.7088 0.1089
Z 0.4542 0.5538 0.6978

PART 50
OFFSET 4.6867 -6.4418 -9.7661
SCALE 1 1 1
X 0.2786 -0.8200 0.5000
Y 0.6425 -0.2278 -0.7316
Z 0.7138 0.5250 0.4634

PART 51
OFFSET 4.2924 -5.2808 -10.4739
SCALE 1 1 1
X 0.6962 -0.5898 -0.4092
Y 0.0984 0.6431 -0.7594
Z 0.7111 0.4885 0.5058

PART 52
OFFSET 3.6751 -4.7579 -10.1111
SCALE 1 1 1
X 0.6615 -0.2834 -0.6943
Y -0.2422 0.7955 -0.5555
Z 0.7097 0.5356 0.4576

PART 53
OFFSET 3.0466 -4.4887 -9.4515
SCALE 1 1 1
X -0.4566 -0.3601 0.8135
Y -0.5188 0.8506 0.0853
Z -0.7227 -0.3832 -0.5752

PART 54
OFFSET 3.7652 -7.4350 -7.6379
SCALE 1 1 1
X -0.6983 -0.5406 0.4692
Y 0.6622 -0.7367 0.1367
Z 0.2718 0.4062 0.8724

PART 55
OFFSET 5.5516 -6.1085 -8.9824
SCALE 1 1 1
X 0.3967 -0.8663 0.3035
Y 0.6560 0.0363 -0.7539
Z 0.6421 0.4981 0.5827

PART 56
OFFSET 4.8763 -4.6335 -9.4990
SCALE 1 1 1
X 0.7599 -0.3355 -0.5568
Y -0.0640 0.8137 -0.5777
Z 0.6469 0.4746 0.5969

PART 57
OFFSET 3.8232 -4.1685 -8.7274
SCALE 1 1 1
X 0.5078 0.3225 -0.7988
Y -0.5742 0.8180 -0.0348
Z 0.6422 0.4764 0.6006

PART 58
OFFSET 3.2724 -4.5183 -7.8611
SCALE 1 1 1
X -0.0565 -0.7081 0.7039
Y -0.7886 0.4640 0.4035
Z -0.6124 -0.5323 -0.5846

PART 59
OFFSET 0.2616 -10.9155 -5.4314
SCALE 1 1 1
X -0.5231 -0.7616 0.3825
Y -0.8400 0.5367 -0.0801
Z -0.1442 -0.3632 -0.9205

PART 60
OFFSET 6.2846 -5.7806 -6.9582
SCALE 1 1 1
X -0.7879 -0.5460 0.2849
Y 0.6048 -0.7731 0.1912
Z 0.1158 0.3230 0.9393

PART 61
OFFSET 7.6718 -4.8194 -7.4598
SCALE 1 1 1
X -0.3898 -0.8432 0.3703
Y 0.9168 -0.3932 0.0699
Z 0.0866 0.3667 0.9263

PART 62
OFFSET 8.1509 -3.7721 -7.8537
SCALE 1 1 1
X 0.2196 -0.9357 0.2762
Y 0.9725 0.1874 -0.1384
Z 0.0778 0.2990 0.9511

PART 63
