// Export filename: `C:/cod5/cod/cod5/xanim_export/viewmodel/US/m1garand/m1garand_bayonet_first_pullout.XANIM_EXPORT`
// Source filename: `C:/cod5/cod/cod5/animation_assets/viewmodel/US/m1_garand/viewmodelanimation_m1garand.mb`
// Export time: Fri May 23 14:02:46 2008

ANIMATION
VERSION 3

NUMPARTS 83
PART 0 "J_Thumb_RI_1"
PART 1 "J_Thumb_RI_2"
PART 2 "J_Thumb_RI_3"
PART 3 "J_PinkyPalm_RI"
PART 4 "J_Pinky_RI_0"
PART 5 "J_Pinky_RI_1"
PART 6 "J_Pinky_RI_2"
PART 7 "J_Pinky_RI_3"
PART 8 "J_RingPalm_RI"
PART 9 "J_Ring_RI_0"
PART 10 "J_Ring_RI_1"
PART 11 "J_Ring_RI_2"
PART 12 "J_Ring_RI_3"
PART 13 "J_Webbing_RI"
PART 14 "J_Index_RI_0"
PART 15 "J_Index_RI_1"
PART 16 "J_Index_RI_2"
PART 17 "J_Index_RI_3"
PART 18 "J_Mid_RI_0"
PART 19 "J_Mid_RI_1"
PART 20 "J_Mid_RI_2"
PART 21 "J_Mid_RI_3"
PART 22 "tag_cambone"
PART 23 "tag_camera"
PART 24 "tag_gasmask"
PART 25 "RingPalm_FK_RI"
PART 26 "RingPalm_SDK_RI"
PART 27 "tag_torso"
PART 28 "J_Shoulder_LE"
PART 29 "J_Elbow_LE"
PART 30 "J_WristTwist_LE"
PART 31 "J_Sleave_Reshape_Bottom_LE_1"
PART 32 "J_Sleave_Reshape_Bottom_LE_2"
PART 33 "J_Sleave_Reshape_Top_LE_1"
PART 34 "J_Sleave_Reshape_Top_LE_2"
PART 35 "J_Sleave_Reshape_Top_LE_3"
PART 36 "J_Wrist_LE"
PART 37 "J_Thumb_LE_0"
PART 38 "J_Thumb_LE_1"
PART 39 "J_Thumb_LE_2"
PART 40 "J_Thumb_LE_3"
PART 41 "J_PinkyPalm_LE"
PART 42 "J_Pinky_LE_0"
PART 43 "J_Pinky_LE_1"
PART 44 "J_Pinky_LE_2"
PART 45 "J_Pinky_LE_3"
PART 46 "J_RingPalm_LE"
PART 47 "J_Ring_LE_0"
PART 48 "J_Ring_LE_1"
PART 49 "J_Ring_LE_2"
PART 50 "J_Ring_LE_3"
PART 51 "J_Webbing_LE"
PART 52 "J_Index_LE_0"
PART 53 "J_Index_LE_1"
PART 54 "J_Index_LE_2"
PART 55 "J_Index_LE_3"
PART 56 "J_Mid_LE_0"
PART 57 "J_Mid_LE_1"
PART 58 "J_Mid_LE_2"
PART 59 "J_Mid_LE_3"
PART 60 "tag_weapon"
PART 61 "J_Shoulder_RI"
PART 62 "J_Elbow_RI"
PART 63 "J_WristTwist_RI"
PART 64 "J_Sleave_Reshape_Top_RI_3"
PART 65 "J_Sleave_Reshape_Top_RI_2"
PART 66 "J_Sleave_Reshape_Top_RI_1"
PART 67 "J_Wrist_RI"
PART 68 "J_Thumb_RI_0"
PART 69 "RingPalm_FK_LE"
PART 70 "RingPalm_SDK_LE"
PART 71 "J_Gun"
PART 72 "tag_brass"
PART 73 "J_Bolt"
PART 74 "tag_flash"
PART 75 "j_stripper"
PART 76 "J_Clip"
PART 77 "TAG_APERTURE"
PART 78 "tag_bayonet"
PART 79 "tag_grenade"
PART 80 "tag_grenade_mount"
PART 81 "TAG_TELESCOPIC"
PART 82 "TAG_IRON_SIGHTS"

FRAMERATE 24
NUMFRAMES 59

FRAME 1350
PART 0
OFFSET 3.7963 -6.9135 -15.3281
SCALE 1 1 1
X -0.3341 -0.9423 0.0214
Y 0.0935 -0.0557 -0.9941
Z 0.9379 -0.3301 0.1067

PART 1
OFFSET 4.2362 -5.3587 -15.4339
SCALE 1 1 1
X -0.1927 -0.7908 0.5809
Y -0.0891 -0.5754 -0.8130
Z 0.9772 -0.2084 0.0404

PART 2
OFFSET 4.4014 -4.4842 -16.0500
SCALE 1 1 1
X -0.7883 -0.5685 0.2353
Y -0.6044 0.7872 -0.1228
Z -0.1154 -0.2390 -0.9641

PART 3
OFFSET 2.9843 -8.6078 -18.0121
SCALE 1 1 1
X -0.3041 -0.6415 0.7043
Y 0.6321 -0.6890 -0.3546
Z 0.7127 0.3374 0.6150

PART 4
OFFSET 3.6938 -7.0328 -19.4616
SCALE 1 1 1
X 0.3701 -0.9223 0.1116
Y 0.3246 0.0159 -0.9457
Z 0.8704 0.3862 0.3053

PART 5
OFFSET 3.1698 -5.7271 -19.6195
SCALE 1 1 1
X 0.4591 -0.4231 -0.7812
Y -0.1236 0.8404 -0.5278
Z 0.8798 0.3388 0.3335

PART 6
OFFSET 2.7627 -5.3520 -18.9269
SCALE 1 1 1
X 0.3511 -0.0477 -0.9351
Y -0.3576 0.9162 -0.1809
Z 0.8654 0.3979 0.3046

PART 7
OFFSET 2.4292 -5.3067 -18.0385
SCALE 1 1 1
X -0.1692 -0.5962 0.7848
Y -0.3865 0.7726 0.5037
Z -0.9066 -0.2181 -0.3612

PART 8
OFFSET 3.5018 -8.6336 -17.5211
SCALE 1 1 1
X -0.5298 -0.6746 0.5140
Y 0.6072 -0.7248 -0.3254
Z 0.5921 0.1397 0.7937

PART 9
OFFSET 4.8023 -6.9194 -18.9802
SCALE 1 1 1
X 0.4077 -0.9054 -0.1187
Y 0.3504 0.2751 -0.8953
Z 0.8432 0.3234 0.4294

PART 10
OFFSET 4.1082 -5.3780 -18.7781
SCALE 1 1 1
X 0.4869 -0.1350 -0.8629
Y -0.1977 0.9453 -0.2595
Z 0.8508 0.2969 0.4336

PART 11
OFFSET 3.4333 -5.1909 -17.5822
SCALE 1 1 1
X 0.2192 0.5575 -0.8007
Y -0.4829 0.7751 0.4075
Z 0.8478 0.2974 0.4391

PART 12
OFFSET 3.1956 -5.7956 -16.7138
SCALE 1 1 1
X 0.1380 -0.8849 0.4449
Y -0.5572 0.3020 0.7735
Z -0.8188 -0.3546 -0.4514

PART 13
OFFSET 0.7303 -12.7088 -15.2919
SCALE 1 1 1
X -0.4144 -0.8552 0.3112
Y -0.7692 0.5119 0.3825
Z -0.4865 -0.0808 -0.8700

PART 14
OFFSET 6.2225 -7.1794 -17.3501
SCALE 1 1 1
X -0.6786 -0.6282 0.3807
Y 0.5699 -0.7772 -0.2666
Z 0.4634 0.0360 0.8854

PART 15
OFFSET 7.4172 -6.0734 -18.0203
SCALE 1 1 1
X -0.3009 -0.9257 0.2294
Y 0.8487 -0.3696 -0.3784
Z 0.4350 0.0808 0.8968

PART 16
OFFSET 7.8094 -4.9432 -18.2447
SCALE 1 1 1
X 0.2274 -0.9687 -0.0991
Y 0.8737 0.2479 -0.4186
Z 0.4301 0.0086 0.9028

PART 17
OFFSET 7.5526 -3.8489 -18.1327
SCALE 1 1 1
X -0.7418 0.0940 0.6640
Y -0.0111 0.9883 -0.1522
Z -0.6706 -0.1203 -0.7320

PART 18
OFFSET 5.5819 -7.0039 -18.2329
SCALE 1 1 1
X -0.1227 -0.9911 0.0512
Y 0.8613 -0.1320 -0.4906
Z 0.4930 -0.0161 0.8699

PART 19
OFFSET 5.8217 -5.0677 -18.3328
SCALE 1 1 1
X 0.8195 -0.3108 -0.4814
Y 0.2570 0.9502 -0.1761
Z 0.5122 0.0206 0.8586

PART 20
OFFSET 4.6247 -4.6136 -17.6297
SCALE 1 1 1
X 0.8324 0.2239 -0.5069
Y -0.2326 0.9714 0.0472
Z 0.5030 0.0786 0.8607

PART 21
OFFSET 3.6782 -4.8672 -17.0616
SCALE 1 1 1
X -0.5219 -0.7972 0.3035
Y -0.6743 0.6035 0.4256
Z -0.5225 0.0174 -0.8525

PART 22
OFFSET 0.0000 0.0000 0.0000
SCALE 1 1 1
X 1.0000 0.0000 0.0000
Y 0.0000 1.0000 0.0000
Z 0.0000 0.0000 1.0000

PART 23
OFFSET 0.0000 0.0000 0.0000
SCALE 1 1 1
X 1.0000 0.0000 0.0000
Y 0.0000 1.0000 0.0000
Z 0.0000 0.0000 1.0000

PART 24
OFFSET 1.5404 0.0000 4.1357
SCALE 1 1 1
X 1.0000 0.0000 0.0000
Y 0.0000 1.0000 0.0000
Z 0.0000 0.0000 1.0000

PART 25
OFFSET 3.5018 -8.6336 -17.5211
SCALE 1 1 1
X -0.5298 -0.6746 0.5140
Y 0.6072 -0.7248 -0.3254
Z 0.5921 0.1397 0.7937

PART 26
OFFSET 3.5018 -8.6336 -17.5211
SCALE 1 1 1
X -0.5298 -0.6746 0.5140
Y 0.6072 -0.7248 -0.3254
Z 0.5921 0.1397 0.7937

PART 27
OFFSET 6.2061 -3.1050 -3.3894
SCALE 1 1 1
X 1.0000 0.0000 0.0000
Y 0.0000 1.0000 0.0000
Z 0.0000 -0.0000 1.0000

PART 28
OFFSET 1.6245 4.2672 -6.2573
SCALE 1 1 1
X 0.0472 0.5788 -0.8141
Y -0.0043 -0.8149 -0.5796
Z -0.9989 0.0309 -0.0360

PART 29
OFFSET 2.1957 11.2673 -16.1029
SCALE 1 1 1
X 0.8177 -0.2067 -0.5372
Y 0.2613 -0.6983 0.6664
Z -0.5129 -0.6853 -0.5170

PART 30
OFFSET 9.1509 9.5090 -20.6719
SCALE 1 1 1
X 0.8177 -0.2067 -0.5372
Y 0.2214 0.9744 -0.0379
Z 0.5313 -0.0880 0.8426

PART 31
OFFSET 11.0736 10.9541 -20.9009
SCALE 1 1 1
X 0.8176 -0.2007 -0.5397
Y 0.5068 0.6959 0.5089
Z 0.2735 -0.6896 0.6706

PART 32
OFFSET 9.2776 9.6756 -22.4310
SCALE 1 1 1
X 0.8176 -0.2007 -0.5397
Y 0.5068 0.6959 0.5089
Z 0.2735 -0.6896 0.6706

PART 33
OFFSET 11.8481 9.1854 -20.0141
SCALE 1 1 1
X 0.8176 -0.2007 -0.5397
Y 0.5068 0.6959 0.5089
Z 0.2735 -0.6896 0.6706

PART 34
OFFSET 10.9222 8.0267 -20.7922
SCALE 1 1 1
X 0.8176 -0.2007 -0.5397
Y 0.5068 0.6959 0.5089
Z 0.2735 -0.6896 0.6706

PART 35
OFFSET 9.7516 7.1363 -21.5221
SCALE 1 1 1
X 0.8176 -0.2007 -0.5397
Y 0.5068 0.6959 0.5089
Z 0.2735 -0.6896 0.6706

PART 36
OFFSET 11.6578 8.8753 -22.3188
SCALE 1 1 1
X 0.9526 -0.2983 -0.0596
Y 0.2925 0.9520 -0.0905
Z 0.0837 0.0688 0.9941

PART 37
OFFSET 12.4029 9.6880 -22.0247
SCALE 1 1 1
X 0.9077 0.3671 0.2031
Y -0.2771 0.8881 -0.3668
Z -0.3150 0.2767 0.9079

PART 38
OFFSET 14.3165 10.5843 -21.5726
SCALE 1 1 1
X 0.9372 -0.3119 0.1559
Y 0.3225 0.9454 -0.0470
Z -0.1327 0.0943 0.9867

PART 39
OFFSET 15.7955 10.0349 -21.2077
SCALE 1 1 1
X 0.6556 -0.6930 0.3000
Y 0.7185 0.6947 0.0344
Z -0.2323 0.1930 0.9533

PART 40
OFFSET 16.5060 9.3062 -20.8390
SCALE 1 1 1
X 0.7812 -0.4924 -0.3838
Y -0.4172 0.0457 -0.9077
Z 0.4644 0.8692 -0.1697

PART 41
OFFSET 12.1677 7.6174 -22.0714
SCALE 1 1 1
X 0.5647 -0.6844 0.4612
Y -0.2506 0.3903 0.8859
Z -0.7863 -0.6159 0.0489

PART 42
OFFSET 13.5202 6.2172 -20.9335
SCALE 1 1 1
X 0.3130 -0.0322 0.9492
Y -0.6860 0.6836 0.2493
Z -0.6569 -0.7292 0.1919

PART 43
OFFSET 13.9633 6.1717 -19.5896
SCALE 1 1 1
X -0.6599 0.6621 0.3551
Y -0.4195 0.0674 -0.9052
Z -0.6233 -0.7463 0.2333

PART 44
OFFSET 13.3782 6.7587 -19.2748
SCALE 1 1 1
X -0.6035 0.3595 -0.7117
Y 0.4702 -0.5604 -0.6818
Z -0.6440 -0.7461 0.1692

PART 45
OFFSET 12.8049 7.1003 -19.9509
SCALE 1 1 1
X 0.2596 0.1847 0.9479
Y 0.6620 -0.7487 -0.0354
Z 0.7032 0.6366 -0.3166

PART 46
OFFSET 12.5599 8.1748 -22.2834
SCALE 1 1 1
X 0.8027 -0.5477 0.2362
Y -0.1620 0.1809 0.9701
Z -0.5740 -0.8169 0.0565

PART 47
OFFSET 14.5614 6.6281 -21.6834
SCALE 1 1 1
X 0.1905 -0.0352 0.9811
Y -0.7710 0.6133 0.1717
Z -0.6077 -0.7891 0.0897

PART 48
OFFSET 14.8857 6.5682 -20.0132
SCALE 1 1 1
X -0.7585 0.6039 0.2449
Y -0.2637 0.0592 -0.9628
Z -0.5959 -0.7949 0.1143

PART 49
OFFSET 13.8345 7.4051 -19.6738
SCALE 1 1 1
X -0.5757 0.3194 -0.7527
Y 0.5650 -0.5100 -0.6486
Z -0.5910 -0.7987 0.1132

PART 50
OFFSET 13.2101 7.7515 -20.4901
SCALE 1 1 1
X 0.1199 -0.0096 0.9927
Y 0.8177 -0.5661 -0.1043
Z 0.5630 0.8243 -0.0600

PART 51
OFFSET 15.1036 9.5041 -22.1133
SCALE 1 1 1
X 0.8630 -0.4457 0.2379
Y 0.2082 -0.1152 -0.9713
Z 0.4603 0.8878 -0.0067

PART 52
OFFSET 15.5591 8.4053 -22.9886
SCALE 1 1 1
X 0.6196 -0.0196 0.7846
Y -0.7694 0.1824 0.6122
Z -0.1551 -0.9830 0.0979

PART 53
OFFSET 16.6501 8.3708 -21.6072
SCALE 1 1 1
X -0.4301 0.1056 0.8966
Y -0.8953 0.0779 -0.4387
Z -0.1162 -0.9913 0.0611

PART 54
OFFSET 16.1343 8.5594 -20.5209
SCALE 1 1 1
X -0.9853 0.1683 0.0290
Y -0.0477 -0.1081 -0.9930
Z -0.1640 -0.9798 0.1146

PART 55
OFFSET 15.0213 8.7496 -20.4881
SCALE 1 1 1
X 0.3177 -0.2328 0.9192
Y 0.9386 -0.0603 -0.3397
Z 0.1345 0.9707 0.1993

PART 56
OFFSET 15.1553 7.4167 -22.7058
SCALE 1 1 1
X 0.2494 -0.0007 0.9684
Y -0.9082 0.3469 0.2342
Z -0.3361 -0.9379 0.0859

PART 57
OFFSET 15.6426 7.4154 -20.8140
SCALE 1 1 1
X -0.6485 0.2907 0.7035
Y -0.6700 0.2205 -0.7088
Z -0.3612 -0.9310 0.0518

PART 58
OFFSET 14.6954 7.8400 -19.7864
SCALE 1 1 1
X -0.8883 0.3645 -0.2794
Y 0.2601 -0.1021 -0.9602
Z -0.3785 -0.9256 -0.0041

PART 59
OFFSET 13.6864 8.2464 -20.1023
SCALE 1 1 1
X 0.5392 -0.1551 0.8278
Y 0.7405 -0.3809 -0.5537
Z 0.4012 0.9115 -0.0905

PART 60
OFFSET 13.0970 -1.8490 -16.5719
SCALE 1 1 1
X 0.8924 0.4415 -0.0926
Y -0.4247 0.8915 0.1579
Z 0.1523 -0.1016 0.9831

PART 61
OFFSET -2.1097 -3.5648 -2.9073
SCALE 1 1 1
X 0.0575 0.8972 0.4379
Y 0.4929 -0.4069 0.7691
Z 0.8682 0.1717 -0.4656

PART 62
OFFSET -2.8046 -14.4152 -8.2033
SCALE 1 1 1
X -0.4988 -0.4302 0.7524
Y -0.0150 -0.8637 -0.5038
Z 0.8666 -0.2626 0.4243

PART 63
OFFSET 1.4377 -10.7558 -14.6029
SCALE 1 1 1
X -0.4988 -0.4302 0.7524
Y -0.7214 -0.2751 -0.6355
Z 0.4804 -0.8598 -0.1732

PART 64
OFFSET 0.8428 -9.3091 -16.0808
SCALE 1 1 1
X -0.5011 -0.4244 0.7542
Y -0.8649 0.2762 -0.4192
Z -0.0305 -0.8623 -0.5054

PART 65
OFFSET 1.7973 -8.6579 -15.5838
SCALE 1 1 1
X -0.5011 -0.4244 0.7542
Y -0.8649 0.2762 -0.4192
Z -0.0305 -0.8623 -0.5054

PART 66
OFFSET 3.4839 -9.2763 -14.9489
SCALE 1 1 1
X -0.5011 -0.4244 0.7542
Y -0.8649 0.2762 -0.4192
Z -0.0305 -0.8623 -0.5054

PART 67
OFFSET 2.9667 -9.4368 -16.9095
SCALE 1 1 1
X -0.6981 -0.6700 0.2526
Y -0.4268 0.1062 -0.8981
Z 0.5749 -0.7348 -0.3600

PART 68
OFFSET 3.4566 -8.9362 -16.0086
SCALE 1 1 1
X -0.1805 -0.9462 -0.2685
Y -0.0493 0.2813 -0.9583
Z 0.9823 -0.1597 -0.0975

PART 69
OFFSET 12.5599 8.1748 -22.2834
SCALE 1 1 1
X 0.7623 -0.5079 0.4011
Y -0.2989 0.2733 0.9143
Z -0.5740 -0.8169 0.0565

PART 70
OFFSET 12.5599 8.1748 -22.2834
SCALE 1 1 1
X 0.7623 -0.5079 0.4011
Y -0.2989 0.2733 0.9143
Z -0.5740 -0.8169 0.0565

PART 71
OFFSET 13.0970 -1.8490 -16.5719
SCALE 1 1 1
X 0.8924 0.4415 -0.0926
Y -0.4247 0.8915 0.1579
Z 0.1523 -0.1016 0.9831

PART 72
OFFSET 11.2896 -2.8746 -19.4940
SCALE 1 1 1
X 0.4217 -0.8274 0.3709
Y 0.8988 0.4354 -0.0507
Z -0.1195 0.3547 0.9273

PART 73
OFFSET 13.7898 -3.6954 -15.7493
SCALE 1 1 1
X 0.8954 0.4394 -0.0725
Y -0.4247 0.8915 0.1579
Z 0.1340 -0.1106 0.9848

PART 74
OFFSET 38.1853 10.2946 -17.6566
SCALE 1 1 1
X 0.8924 0.4415 -0.0926
Y -0.4247 0.8915 0.1579
Z 0.1523 -0.1016 0.9831

PART 75
OFFSET 11.3247 -2.7907 -15.9832
SCALE 1 1 1
X 0.8962 0.4418 -0.0404
Y -0.4263 0.8828 0.1975
Z 0.1229 -0.1598 0.9795

PART 76
OFFSET 11.3090 -2.8304 -16.0788
SCALE 1 1 1
X 0.8924 0.4415 -0.0926
Y -0.4247 0.8915 0.1579
Z 0.1523 -0.1016 0.9831

PART 77
OFFSET 7.8447 -4.7374 -14.3158
SCALE 1 1 1
X 0.8924 0.4415 -0.0926
Y -0.4247 0.8915 0.1579
Z 0.1523 -0.1016 0.9831

PART 78
OFFSET 11.8168 7.4749 -20.3118
SCALE 1 1 1
X 0.9242 0.3362 -0.1810
Y -0.1191 0.7043 0.6999
Z 0.3628 -0.6253 0.6910

PART 79
OFFSET 46.1726 14.2149 -18.3078
SCALE 1 1 1
X 0.8954 0.4394 -0.0725
Y -0.4247 0.8915 0.1579
Z 0.1340 -0.1106 0.9848

PART 80
OFFSET 46.4763 14.3664 -18.3462
SCALE 1 1 1
X 0.8954 0.4394 -0.0725
Y -0.4247 0.8915 0.1579
Z 0.1340 -0.1106 0.9848

PART 81
OFFSET 8.9361 -2.6031 -15.1462
SCALE 1 1 1
X 0.8924 0.4415 -0.0926
Y -0.4247 0.8915 0.1579
Z 0.1523 -0.1016 0.9831

PART 82
OFFSET 18.4169 0.1821 -16.3270
SCALE 1 1 1
X 0.8924 0.4415 -0.0926
Y -0.4247 0.8915 0.1579
Z 0.1523 -0.1016 0.9831


FRAME 1351
PART 0
OFFSET 3.6883 -6.8523 -16.2386
SCALE 1 1 1
X -0.3424 -0.9379 -0.0559
Y 0.1260 0.0131 -0.9919
Z 0.9311 -0.3467 0.1137

PART 1
OFFSET 4.1444 -5.2986 -16.2203
SCALE 1 1 1
X -0.2184 -0.8275 0.5172
Y -0.0668 -0.5161 -0.8539
Z 0.9736 -0.2211 0.0575

PART 2
OFFSET 4.3372 -4.3849 -16.7678
SCALE 1 1 1
X -0.8004 -0.5752 0.1689
Y -0.5934 0.8002 -0.0868
Z -0.0853 -0.1697 -0.9818

PART 3
OFFSET 2.9521 -8.3457 -19.0602
SCALE 1 1 1
X -0.3326 -0.6860 0.6472
Y 0.6379 -0.6691 -0.3814
Z 0.6946 0.2859 0.6601

PART 4
OFFSET 3.7224 -6.6808 -20.3713
SCALE 1 1 1
X 0.3586 -0.9317 0.0584
Y 0.3560 0.0786 -0.9312
Z 0.8629 0.3547 0.3599

PART 5
OFFSET 3.2147 -5.3617 -20.4541
SCALE 1 1 1
X 0.4813 -0.3722 -0.7936
Y -0.0990 0.8765 -0.4711
Z 0.8709 0.3053 0.3850

PART 6
OFFSET 2.7880 -5.0318 -19.7504
SCALE 1 1 1
X 0.3816 0.0142 -0.9242
Y -0.3438 0.9303 -0.1276
Z 0.8580 0.3664 0.3599

PART 7
OFFSET 2.4255 -5.0453 -18.8724
SCALE 1 1 1
X -0.2001 -0.6479 0.7350
Y -0.3966 0.7395 0.5439
Z -0.8959 -0.1827 -0.4050

PART 8
OFFSET 3.4527 -8.4113 -18.5555
SCALE 1 1 1
X -0.5522 -0.7033 0.4477
Y 0.6117 -0.7067 -0.3556
Z 0.5665 0.0775 0.8204

PART 9
OFFSET 4.8151 -6.6131 -19.8473
SCALE 1 1 1
X 0.4039 -0.8991 -0.1687
Y 0.3822 0.3334 -0.8618
Z 0.8311 0.2836 0.4783

PART 10
OFFSET 4.1275 -5.0824 -19.5601
SCALE 1 1 1
X 0.5142 -0.0794 -0.8540
Y -0.1811 0.9632 -0.1986
Z 0.8383 0.2568 0.4809

PART 11
OFFSET 3.4148 -4.9723 -18.3766
SCALE 1 1 1
X 0.2503 0.6099 -0.7519
Y -0.4898 0.7497 0.4450
Z 0.8351 0.2569 0.4863

PART 12
OFFSET 3.1434 -5.6338 -17.5610
SCALE 1 1 1
X 0.1158 -0.9153 0.3858
Y -0.5801 0.2529 0.7743
Z -0.8062 -0.3135 -0.5017

PART 13
OFFSET 0.5750 -12.6031 -16.7100
SCALE 1 1 1
X -0.4316 -0.8705 0.2366
Y -0.7772 0.4920 0.3923
Z -0.4579 -0.0146 -0.8889

PART 14
OFFSET 6.1781 -7.0016 -18.1941
SCALE 1 1 1
X -0.6960 -0.6461 0.3132
Y 0.5720 -0.7627 -0.3019
Z 0.4339 -0.0309 0.9004

PART 15
OFFSET 7.4036 -5.8641 -18.7456
SCALE 1 1 1
X -0.3160 -0.9362 0.1538
Y 0.8577 -0.3512 -0.3755
Z 0.4056 0.0132 0.9140

PART 16
OFFSET 7.8124 -4.7252 -18.8771
SCALE 1 1 1
X 0.2225 -0.9618 -0.1596
Y 0.8892 0.2673 -0.3714
Z 0.3999 -0.0592 0.9147

PART 17
OFFSET 7.5610 -3.6388 -18.6968
SCALE 1 1 1
X -0.7626 0.0551 0.6445
Y 0.0022 0.9966 -0.0826
Z -0.6468 -0.0616 -0.7601

PART 18
OFFSET 5.5687 -6.7580 -19.0828
SCALE 1 1 1
X -0.1326 -0.9909 -0.0227
Y 0.8760 -0.1064 -0.4703
Z 0.4637 -0.0822 0.8822

PART 19
OFFSET 5.8277 -4.8222 -19.0385
SCALE 1 1 1
X 0.8325 -0.2850 -0.4751
Y 0.2706 0.9575 -0.1003
Z 0.4835 -0.0450 0.8742

PART 20
OFFSET 4.6118 -4.4058 -18.3445
SCALE 1 1 1
X 0.8506 0.2500 -0.4625
Y -0.2260 0.9682 0.1078
Z 0.4748 0.0128 0.8800

PART 21
OFFSET 3.6449 -4.6885 -17.8268
SCALE 1 1 1
X -0.5383 -0.8109 0.2295
Y -0.6831 0.5793 0.4448
Z -0.4937 0.0826 -0.8657

PART 22
OFFSET 0.0000 0.0000 0.0000
SCALE 1 1 1
X 1.0000 0.0000 0.0000
Y 0.0000 1.0000 0.0000
Z 0.0000 0.0000 1.0000

PART 23
OFFSET 0.0000 0.0000 0.0000
SCALE 1 1 1
X 1.0000 0.0009 -0.0007
Y -0.0009 1.0000 0.0000
Z 0.0007 -0.0000 1.0000

PART 24
OFFSET 1.5434 0.0014 4.1347
SCALE 1 1 1
X 1.0000 0.0009 -0.0007
Y -0.0009 1.0000 0.0000
Z 0.0007 -0.0000 1.0000

PART 25
OFFSET 3.4527 -8.4113 -18.5555
SCALE 1 1 1
X -0.5522 -0.7033 0.4477
Y 0.6117 -0.7067 -0.3556
Z 0.5665 0.0775 0.8204

PART 26
OFFSET 3.4527 -8.4113 -18.5555
SCALE 1 1 1
X -0.5522 -0.7033 0.4477
Y 0.6117 -0.7067 -0.3556
Z 0.5665 0.0775 0.8204

PART 27
OFFSET 6.2061 -3.1050 -3.3894
SCALE 1 1 1
X 1.0000 0.0000 0.0000
Y 0.0000 1.0000 0.0000
Z 0.0000 -0.0000 1.0000

PART 28
OFFSET 1.6245 4.2672 -6.2573
SCALE 1 1 1
X -0.0578 0.6158 -0.7858
Y 0.0878 -0.7809 -0.6184
Z -0.9945 -0.1048 -0.0089

PART 29
OFFSET 0.9251 11.7144 -15.7607
SCALE 1 1 1
X 0.8722 -0.1832 -0.4535
Y 0.2306 -0.6636 0.7116
Z -0.4314 -0.7253 -0.5366

PART 30
OFFSET 8.3437 10.1558 -19.6179
SCALE 1 1 1
X 0.8722 -0.1832 -0.4535
Y 0.3049 0.9287 0.2111
Z 0.3825 -0.3224 0.8659

PART 31
OFFSET 10.2112 11.6851 -19.7234
SCALE 1 1 1
X 0.8720 -0.1773 -0.4563
Y 0.4255 0.7352 0.5276
Z 0.2419 -0.6542 0.7166

PART 32
OFFSET 8.6236 10.2736 -21.3632
SCALE 1 1 1
X 0.8720 -0.1773 -0.4563
Y 0.4255 0.7352 0.5276
Z 0.2419 -0.6542 0.7166

PART 33
OFFSET 10.9810 9.9847 -18.7082
SCALE 1 1 1
X 0.8720 -0.1773 -0.4563
Y 0.4255 0.7352 0.5276
Z 0.2419 -0.6542 0.7166

PART 34
OFFSET 10.1844 8.7586 -19.5252
SCALE 1 1 1
X 0.8720 -0.1773 -0.4563
Y 0.4255 0.7352 0.5276
Z 0.2419 -0.6542 0.7166

PART 35
OFFSET 9.1277 7.7899 -20.3257
SCALE 1 1 1
X 0.8720 -0.1773 -0.4563
Y 0.4255 0.7352 0.5276
Z 0.2419 -0.6542 0.7166

PART 36
OFFSET 11.0176 9.5940 -21.0082
SCALE 1 1 1
X 0.9819 -0.1811 -0.0561
Y 0.1885 0.9650 0.1825
Z 0.0211 -0.1898 0.9816

PART 37
OFFSET 11.6498 10.3659 -20.4542
SCALE 1 1 1
X 0.8483 0.3832 0.3654
Y -0.3540 0.9236 -0.1468
Z -0.3938 -0.0049 0.9192

PART 38
OFFSET 13.4231 11.2847 -19.6292
SCALE 1 1 1
X 0.9561 -0.2533 0.1471
Y 0.2169 0.9498 0.2256
Z -0.1969 -0.1838 0.9631

PART 39
OFFSET 14.9316 10.7985 -19.2973
SCALE 1 1 1
X 0.7115 -0.6832 0.1642
Y 0.6331 0.7247 0.2719
Z -0.3048 -0.0895 0.9482

PART 40
OFFSET 15.6979 10.0679 -19.0717
SCALE 1 1 1
X 0.8515 -0.2975 -0.4318
Y -0.3688 0.2456 -0.8965
Z 0.3728 0.9226 0.0994

PART 41
OFFSET 11.6509 8.3691 -21.0527
SCALE 1 1 1
X 0.6118 -0.7261 0.3138
Y -0.3407 0.1161 0.9330
Z -0.7139 -0.6777 -0.1764

PART 42
OFFSET 13.0877 6.8506 -20.2076
SCALE 1 1 1
X 0.2623 -0.2533 0.9311
Y -0.7708 0.5255 0.3601
Z -0.5805 -0.8122 -0.0573

PART 43
OFFSET 13.4591 6.4920 -18.8893
SCALE 1 1 1
X -0.7483 0.4793 0.4585
Y -0.3744 0.2654 -0.8885
Z -0.5476 -0.8365 -0.0192

PART 44
OFFSET 12.7956 6.9170 -18.4828
SCALE 1 1 1
X -0.6003 0.4771 -0.6419
Y 0.5665 -0.3129 -0.7623
Z -0.5646 -0.8212 -0.0825

PART 45
OFFSET 12.2253 7.3703 -19.0926
SCALE 1 1 1
X 0.1851 -0.0498 0.9815
Y 0.7426 -0.6470 -0.1729
Z 0.6436 0.7608 -0.0828

PART 46
OFFSET 11.9891 8.9971 -21.0809
SCALE 1 1 1
X 0.8449 -0.5129 0.1519
Y -0.2340 -0.0988 0.9672
Z -0.4811 -0.8527 -0.2035

PART 47
OFFSET 14.1156 7.5414 -20.7381
SCALE 1 1 1
X 0.1394 -0.2761 0.9510
Y -0.8430 0.4707 0.2603
Z -0.5195 -0.8380 -0.1671

PART 48
OFFSET 14.3530 7.0714 -19.1190
SCALE 1 1 1
X -0.8336 0.4434 0.3293
Y -0.2157 0.2874 -0.9332
Z -0.5085 -0.8490 -0.1440

PART 49
OFFSET 13.1976 7.6859 -18.6627
SCALE 1 1 1
X -0.5660 0.4521 -0.6894
Y 0.6531 -0.2644 -0.7096
Z -0.5031 -0.8519 -0.1456

PART 50
OFFSET 12.5838 8.1763 -19.4103
SCALE 1 1 1
X 0.0659 -0.2613 0.9630
Y 0.8804 -0.4389 -0.1793
Z 0.4695 0.8597 0.2011

PART 51
OFFSET 14.3549 10.4661 -20.3653
SCALE 1 1 1
X 0.8932 -0.4098 0.1848
Y 0.2725 0.1665 -0.9476
Z 0.3576 0.8968 0.2604

PART 52
OFFSET 14.9777 9.6866 -21.4540
SCALE 1 1 1
X 0.5731 -0.1693 0.8018
Y -0.8180 -0.0591 0.5722
Z -0.0495 -0.9838 -0.1723

PART 53
OFFSET 15.9868 9.3885 -20.0423
SCALE 1 1 1
X -0.4872 -0.1767 0.8552
Y -0.8732 0.1074 -0.4753
Z -0.0079 -0.9784 -0.2067

PART 54
OFFSET 15.3949 9.2331 -18.9901
SCALE 1 1 1
X -0.9981 0.0613 -0.0063
Y 0.0158 0.1554 -0.9877
Z -0.0595 -0.9860 -0.1561

PART 55
OFFSET 14.2675 9.3023 -18.9973
SCALE 1 1 1
X 0.2939 -0.4375 0.8498
Y 0.9557 0.1205 -0.2685
Z 0.0151 0.8911 0.4536

PART 56
OFFSET 14.6723 8.6250 -21.4700
SCALE 1 1 1
X 0.1947 -0.2341 0.9525
Y -0.9528 0.1856 0.2404
Z -0.2331 -0.9543 -0.1869

PART 57
OFFSET 15.0528 8.1677 -19.6092
SCALE 1 1 1
X -0.7144 0.0316 0.6990
Y -0.6508 0.3368 -0.6804
Z -0.2569 -0.9411 -0.2200

PART 58
OFFSET 14.0093 8.2139 -18.5882
SCALE 1 1 1
X -0.9070 0.3406 -0.2479
Y 0.3220 0.1811 -0.9293
Z -0.2716 -0.9226 -0.2739

PART 59
OFFSET 12.9799 8.5929 -18.8702
SCALE 1 1 1
X 0.5072 -0.3178 0.8011
Y 0.8076 -0.1492 -0.5705
Z 0.3008 0.9363 0.1810

PART 60
OFFSET 13.0669 -1.8119 -16.8194
SCALE 1 1 1
X 0.8987 0.4375 -0.0322
Y -0.4223 0.8827 0.2063
Z 0.1187 -0.1718 0.9780

PART 61
OFFSET -2.1097 -3.5648 -2.9073
SCALE 1 1 1
X 0.0281 0.8662 0.4989
Y 0.5270 -0.4370 0.7290
Z 0.8494 0.2424 -0.4687

PART 62
OFFSET -2.4494 -14.0405 -8.9412
SCALE 1 1 1
X -0.4615 -0.4140 0.7846
Y -0.0373 -0.8746 -0.4834
Z 0.8863 -0.2524 0.3882

PART 63
OFFSET 1.4761 -10.5190 -15.6144
SCALE 1 1 1
X -0.4615 -0.4140 0.7846
Y -0.7450 -0.2993 -0.5962
Z 0.4816 -0.8597 -0.1703

PART 64
OFFSET 0.8149 -9.1044 -17.0894
SCALE 1 1 1
X -0.4637 -0.4081 0.7864
Y -0.8844 0.2661 -0.3835
Z -0.0527 -0.8733 -0.4843

PART 65
OFFSET 1.7880 -8.4391 -16.6532
SCALE 1 1 1
X -0.4637 -0.4081 0.7864
Y -0.8844 0.2661 -0.3835
Z -0.0527 -0.8733 -0.4843

PART 66
OFFSET 3.4939 -9.0374 -16.0896
SCALE 1 1 1
X -0.4637 -0.4081 0.7864
Y -0.8844 0.2661 -0.3835
Z -0.0527 -0.8733 -0.4843

PART 67
OFFSET 2.8910 -9.2498 -18.0197
SCALE 1 1 1
X -0.7116 -0.6786 0.1819
Y -0.3958 0.1733 -0.9018
Z 0.5804 -0.7138 -0.3919

PART 68
OFFSET 3.3547 -8.8187 -17.0704
SCALE 1 1 1
X -0.1793 -0.9231 -0.3401
Y -0.0151 0.3483 -0.9373
Z 0.9837 -0.1629 -0.0764

PART 69
OFFSET 11.9891 8.9971 -21.0809
SCALE 1 1 1
X 0.7914 -0.5223 0.3176
Y -0.3771 -0.0083 0.9261
Z -0.4811 -0.8527 -0.2035

PART 70
OFFSET 11.9891 8.9971 -21.0809
SCALE 1 1 1
X 0.7914 -0.5223 0.3176
Y -0.3771 -0.0083 0.9261
Z -0.4811 -0.8527 -0.2035

PART 71
OFFSET 13.0669 -1.8119 -16.8194
SCALE 1 1 1
X 0.8987 0.4375 -0.0322
Y -0.4223 0.8827 0.2063
Z 0.1187 -0.1718 0.9780

PART 72
OFFSET 11.3492 -2.6112 -19.8636
SCALE 1 1 1
X 0.4023 -0.8558 0.3253
Y 0.9036 0.4283 0.0094
Z -0.1473 0.2902 0.9456

PART 73
OFFSET 13.7166 -3.7186 -16.1065
SCALE 1 1 1
X 0.9009 0.4339 -0.0122
Y -0.4223 0.8827 0.2063
Z 0.1003 -0.1807 0.9784

PART 74
OFFSET 38.2771 10.1114 -16.2291
SCALE 1 1 1
X 0.8987 0.4375 -0.0322
Y -0.4223 0.8827 0.2063
Z 0.1187 -0.1718 0.9780

PART 75
OFFSET 11.2682 -2.7737 -16.3564
SCALE 1 1 1
X 0.9007 0.4341 0.0200
Y -0.4253 0.8712 0.2451
Z 0.0890 -0.2293 0.9693

PART 76
OFFSET 11.2554 -2.8064 -16.4550
SCALE 1 1 1
X 0.8987 0.4375 -0.0322
Y -0.4223 0.8827 0.2063
Z 0.1187 -0.1718 0.9780

PART 77
OFFSET 7.7188 -4.7954 -14.9443
SCALE 1 1 1
X 0.8987 0.4375 -0.0322
Y -0.4223 0.8827 0.2063
Z 0.1187 -0.1718 0.9780

PART 78
OFFSET 11.2227 7.7328 -19.4244
SCALE 1 1 1
X 0.8892 0.4573 -0.0116
Y -0.2353 0.4791 0.8457
Z 0.3923 -0.7492 0.5336

PART 79
OFFSET 46.3137 13.9829 -16.3423
SCALE 1 1 1
X 0.9009 0.4339 -0.0122
Y -0.4223 0.8827 0.2063
Z 0.1003 -0.1807 0.9784

PART 80
OFFSET 46.6198 14.1335 -16.3601
SCALE 1 1 1
X 0.9009 0.4339 -0.0122
Y -0.4223 0.8827 0.2063
Z 0.1003 -0.1807 0.9784

PART 81
OFFSET 8.8548 -2.6199 -15.5866
SCALE 1 1 1
X 0.8987 0.4375 -0.0322
Y -0.4223 0.8827 0.2063
Z 0.1187 -0.1718 0.9780

PART 82
OFFSET 18.3923 0.1406 -16.2589
SCALE 1 1 1
X 0.8987 0.4375 -0.0322
Y -0.4223 0.8827 0.2063
Z 0.1187 -0.1718 0.9780


FRAME 1352
PART 0
OFFSET 3.6412 -6.5977 -18.5314
SCALE 1 1 1
X -0.3387 -0.9070 -0.2503
Y 0.2092 0.1868 -0.9599
Z 0.9173 -0.3775 0.1264

PART 1
OFFSET 4.0978 -5.0801 -18.1987
SCALE 1 1 1
X -0.2632 -0.9023 0.3415
Y 0.0042 -0.3551 -0.9348
Z 0.9647 -0.2446 0.0972

PART 2
OFFSET 4.3383 -4.0872 -18.5566
SCALE 1 1 1
X -0.8131 -0.5821 -0.0030
Y -0.5821 0.8131 0.0087
Z -0.0026 0.0088 -1.0000

PART 3
OFFSET 3.1418 -7.5535 -21.6250
SCALE 1 1 1
X -0.3876 -0.7841 0.4848
Y 0.6661 -0.6017 -0.4407
Z 0.6372 0.1521 0.7555

PART 4
OFFSET 4.0238 -5.6959 -22.5501
SCALE 1 1 1
X 0.3501 -0.9333 -0.0793
Y 0.4334 0.2365 -0.8696
Z 0.8304 0.2701 0.4873

PART 5
OFFSET 3.5282 -4.3744 -22.4379
SCALE 1 1 1
X 0.5456 -0.2337 -0.8048
Y -0.0568 0.9478 -0.3138
Z 0.8361 0.2169 0.5038

PART 6
OFFSET 3.0444 -4.1673 -21.7243
SCALE 1 1 1
X 0.4581 0.1714 -0.8722
Y -0.3296 0.9440 0.0124
Z 0.8255 0.2818 0.4890

PART 7
OFFSET 2.6092 -4.3301 -20.8957
SCALE 1 1 1
X -0.2629 -0.7645 0.5886
Y -0.4393 0.6380 0.6325
Z -0.8590 -0.0923 -0.5036

PART 8
OFFSET 3.5980 -7.7163 -21.1006
SCALE 1 1 1
X -0.5896 -0.7619 0.2680
Y 0.6378 -0.6428 -0.4242
Z 0.4955 -0.0792 0.8650

PART 9
OFFSET 5.0688 -5.7413 -21.9341
SCALE 1 1 1
X 0.4145 -0.8618 -0.2924
Y 0.4543 0.4744 -0.7540
Z 0.7885 0.1797 0.5882

PART 10
OFFSET 4.3630 -4.2741 -21.4362
SCALE 1 1 1
X 0.5842 0.0645 -0.8091
Y -0.1614 0.9862 -0.0379
Z 0.7954 0.1528 0.5865

PART 11
OFFSET 3.5534 -4.3636 -20.3149
SCALE 1 1 1
X 0.3142 0.7292 -0.6079
Y -0.5238 0.6672 0.5297
Z 0.7918 0.1519 0.5916

PART 12
OFFSET 3.2126 -5.1544 -19.6556
SCALE 1 1 1
X 0.0807 -0.9711 0.2246
Y -0.6427 0.1215 0.7564
Z -0.7618 -0.2054 -0.6143

PART 13
OFFSET 0.5650 -12.1185 -20.2761
SCALE 1 1 1
X -0.4521 -0.8910 0.0411
Y -0.8063 0.4280 0.4083
Z -0.3814 0.1514 -0.9119

PART 14
OFFSET 6.2866 -6.4407 -20.2699
SCALE 1 1 1
X -0.7215 -0.6792 0.1345
Y 0.5936 -0.7068 -0.3848
Z 0.3564 -0.1978 0.9131

PART 15
OFFSET 7.5570 -5.2448 -20.5067
SCALE 1 1 1
X -0.3300 -0.9430 -0.0422
Y 0.8855 -0.2938 -0.3601
Z 0.3272 -0.1563 0.9320

PART 16
OFFSET 7.9780 -4.1079 -20.3988
SCALE 1 1 1
X 0.2329 -0.9219 -0.3096
Y 0.9179 0.3135 -0.2431
Z 0.3212 -0.2276 0.9193

PART 17
OFFSET 7.7150 -3.0666 -20.0490
SCALE 1 1 1
X -0.8141 -0.0469 0.5788
Y 0.0115 0.9952 0.0969
Z -0.5806 0.0855 -0.8097

PART 18
OFFSET 5.7549 -6.0326 -21.1481
SCALE 1 1 1
X -0.1326 -0.9687 -0.2099
Y 0.9123 -0.0365 -0.4079
Z 0.3875 -0.2456 0.8886

PART 19
OFFSET 6.0138 -4.1402 -20.7381
SCALE 1 1 1
X 0.8689 -0.2106 -0.4480
Y 0.2803 0.9552 0.0947
Z 0.4080 -0.2079 0.8890

PART 20
OFFSET 4.7447 -3.8326 -20.0837
SCALE 1 1 1
X 0.8872 0.3134 -0.3387
Y -0.2319 0.9374 0.2597
Z 0.3989 -0.1519 0.9043

PART 21
OFFSET 3.7370 -4.1858 -19.7062
SCALE 1 1 1
X -0.5576 -0.8293 0.0360
Y -0.7167 0.5029 0.4831
Z -0.4187 0.2436 -0.8748

PART 22
OFFSET 0.0000 0.0000 0.0000
SCALE 1 1 1
X 1.0000 0.0000 0.0000
Y 0.0000 1.0000 0.0000
Z 0.0000 0.0000 1.0000

PART 23
OFFSET 0.0000 0.0000 0.0000
SCALE 1 1 1
X 1.0000 0.0035 -0.0026
Y -0.0035 1.0000 0.0001
Z 0.0026 -0.0001 1.0000

PART 24
OFFSET 1.5512 0.0050 4.1317
SCALE 1 1 1
X 1.0000 0.0035 -0.0026
Y -0.0035 1.0000 0.0001
Z 0.0026 -0.0001 1.0000

PART 25
OFFSET 3.5980 -7.7163 -21.1006
SCALE 1 1 1
X -0.5896 -0.7619 0.2680
Y 0.6378 -0.6428 -0.4242
Z 0.4955 -0.0792 0.8650

PART 26
OFFSET 3.5980 -7.7163 -21.1006
SCALE 1 1 1
X -0.5896 -0.7619 0.2680
Y 0.6378 -0.6428 -0.4242
Z 0.4955 -0.0792 0.8650

PART 27
OFFSET 6.2061 -3.1050 -3.3894
SCALE 1 1 1
X 1.0000 0.0000 0.0000
Y 0.0000 1.0000 0.0000
Z 0.0000 -0.0000 1.0000

PART 28
OFFSET 1.6245 4.2672 -6.2573
SCALE 1 1 1
X 0.1113 0.5562 -0.8236
Y 0.3768 -0.7904 -0.4829
Z -0.9196 -0.2566 -0.2975

PART 29
OFFSET 2.9703 10.9937 -16.2175
SCALE 1 1 1
X 0.9849 -0.0626 -0.1616
Y 0.0955 -0.5819 0.8076
Z -0.1445 -0.8108 -0.5671

PART 30
OFFSET 11.3471 10.4616 -17.5917
SCALE 1 1 1
X 0.9849 -0.0626 -0.1616
Y 0.1384 0.8449 0.5168
Z 0.1042 -0.5313 0.8407

PART 31
OFFSET 12.9281 12.2645 -17.2961
SCALE 1 1 1
X 0.9847 -0.0569 -0.1648
Y 0.1404 0.8193 0.5559
Z 0.1034 -0.5705 0.8147

PART 32
OFFSET 12.1204 10.5366 -19.1838
SCALE 1 1 1
X 0.9847 -0.0569 -0.1648
Y 0.1404 0.8193 0.5559
Z 0.1034 -0.5705 0.8147

PART 33
OFFSET 13.5850 10.7625 -15.9445
SCALE 1 1 1
X 0.9847 -0.0569 -0.1648
Y 0.1404 0.8193 0.5559
Z 0.1034 -0.5705 0.8147

PART 34
OFFSET 13.2500 9.3853 -16.8368
SCALE 1 1 1
X 0.9847 -0.0569 -0.1648
Y 0.1404 0.8193 0.5559
Z 0.1034 -0.5705 0.8147

PART 35
OFFSET 12.6289 8.2208 -17.8135
SCALE 1 1 1
X 0.9847 -0.0569 -0.1648
Y 0.1404 0.8193 0.5559
Z 0.1034 -0.5705 0.8147

PART 36
OFFSET 14.3664 10.2698 -18.0870
SCALE 1 1 1
X 0.9936 -0.0338 0.1073
Y -0.0224 0.8751 0.4834
Z -0.1103 -0.4828 0.8688

PART 37
OFFSET 14.7465 10.9008 -17.2154
SCALE 1 1 1
X 0.6908 0.3484 0.6336
Y -0.4842 0.8736 0.0476
Z -0.5370 -0.3397 0.7722

PART 38
OFFSET 16.1589 11.7209 -15.8005
SCALE 1 1 1
X 0.9469 -0.1705 0.2725
Y 0.0015 0.8500 0.5267
Z -0.3215 -0.4983 0.8052

PART 39
OFFSET 17.6515 11.3391 -15.3018
SCALE 1 1 1
X 0.7846 -0.6094 0.1145
Y 0.4364 0.6739 0.5962
Z -0.4404 -0.4178 0.7947

PART 40
OFFSET 18.4872 10.6724 -15.1315
SCALE 1 1 1
X 0.9520 -0.0426 -0.3031
Y -0.2491 0.4676 -0.8481
Z 0.1778 0.8829 0.4345

PART 41
OFFSET 15.2089 9.2065 -18.3382
SCALE 1 1 1
X 0.6713 -0.7078 0.2199
Y -0.5080 -0.2233 0.8319
Z -0.5397 -0.6702 -0.5095

PART 42
OFFSET 16.7335 7.6864 -17.6678
SCALE 1 1 1
X 0.1434 -0.4975 0.8555
Y -0.9025 0.2891 0.3194
Z -0.4062 -0.8179 -0.4075

PART 43
OFFSET 16.9366 6.9821 -16.4566
SCALE 1 1 1
X -0.8889 0.2175 0.4032
Y -0.2614 0.4820 -0.8363
Z -0.3763 -0.8487 -0.3716

PART 44
OFFSET 16.1485 7.1750 -16.0991
SCALE 1 1 1
X -0.5600 0.5771 -0.5945
Y 0.7337 0.0121 -0.6794
Z -0.3849 -0.8166 -0.4302

PART 45
OFFSET 15.6165 7.7232 -16.6638
SCALE 1 1 1
X 0.0234 -0.3309 0.9434
Y 0.8656 -0.4654 -0.1847
Z 0.5002 0.8209 0.2755

PART 46
OFFSET 15.4280 9.8481 -18.1146
SCALE 1 1 1
X 0.8859 -0.4281 0.1788
Y -0.3715 -0.4235 0.8262
Z -0.2779 -0.7983 -0.5342

PART 47
OFFSET 17.6941 8.6278 -17.7480
SCALE 1 1 1
X 0.0251 -0.5401 0.8412
Y -0.9458 0.2598 0.1950
Z -0.3239 -0.8005 -0.5043

PART 48
OFFSET 17.7368 7.7083 -16.3159
SCALE 1 1 1
X -0.9433 0.2137 0.2539
Y -0.1041 0.5360 -0.8378
Z -0.3151 -0.8167 -0.4834

PART 49
OFFSET 16.4294 8.0045 -15.9640
SCALE 1 1 1
X -0.5143 0.5725 -0.6386
Y 0.8000 0.0518 -0.5978
Z -0.3092 -0.8183 -0.4846

PART 50
OFFSET 15.8717 8.6253 -16.6565
SCALE 1 1 1
X -0.0508 -0.5389 0.8408
Y 0.9627 -0.2506 -0.1024
Z 0.2659 0.8043 0.5315

PART 51
OFFSET 17.3348 11.2962 -16.5229
SCALE 1 1 1
X 0.9086 -0.3353 0.2491
Y 0.3933 0.4859 -0.7805
Z 0.1407 0.8071 0.5734

PART 52
OFFSET 18.2623 10.9773 -17.6270
SCALE 1 1 1
X 0.4481 -0.3424 0.8258
Y -0.8800 -0.3320 0.3398
Z 0.1578 -0.8790 -0.4500

PART 53
OFFSET 19.0512 10.3745 -16.1730
SCALE 1 1 1
X -0.5833 -0.4928 0.6457
Y -0.7865 0.1439 -0.6006
Z 0.2031 -0.8582 -0.4715

PART 54
OFFSET 18.3297 9.8276 -15.3594
SCALE 1 1 1
X -0.9787 -0.0649 -0.1948
Y 0.1444 0.4565 -0.8779
Z 0.1459 -0.8874 -0.4374

PART 55
OFFSET 17.2243 9.7543 -15.5793
SCALE 1 1 1
X 0.2293 -0.6405 0.7329
Y 0.9484 0.3165 -0.0200
Z -0.2191 0.6997 0.6800

PART 56
OFFSET 18.1609 9.9450 -18.0071
SCALE 1 1 1
X 0.0709 -0.4943 0.8664
Y -0.9972 -0.0159 0.0725
Z -0.0220 -0.8691 -0.4941

PART 57
OFFSET 18.2993 8.9793 -16.3145
SCALE 1 1 1
X -0.8156 -0.2753 0.5090
Y -0.5772 0.4507 -0.6810
Z -0.0419 -0.8492 -0.5264

PART 58
OFFSET 17.1081 8.5773 -15.5710
SCALE 1 1 1
X -0.8988 0.2881 -0.3305
Y 0.4355 0.4999 -0.7486
Z -0.0505 -0.8168 -0.5747

PART 59
OFFSET 16.0895 8.8974 -15.9489
SCALE 1 1 1
X 0.4142 -0.4880 0.7683
Y 0.9055 0.1357 -0.4020
Z 0.0919 0.8623 0.4981

PART 60
OFFSET 13.0474 -1.6979 -17.4281
SCALE 1 1 1
X 0.8992 0.4206 0.1206
Y -0.4361 0.8392 0.3248
Z 0.0354 -0.3447 0.9381

PART 61
OFFSET -2.1097 -3.5648 -2.9073
SCALE 1 1 1
X -0.0452 0.7484 0.6617
Y 0.5831 -0.5181 0.6257
Z 0.8111 0.4142 -0.4130

PART 62
OFFSET -1.5635 -12.6155 -10.9104
SCALE 1 1 1
X -0.3936 -0.3447 0.8522
Y -0.0869 -0.9089 -0.4078
Z 0.9152 -0.2346 0.3278

PART 63
OFFSET 1.7844 -9.6835 -18.1586
SCALE 1 1 1
X -0.3936 -0.3447 0.8522
Y -0.7723 -0.3787 -0.5099
Z 0.4986 -0.8589 -0.1172

PART 64
OFFSET 1.0374 -8.3704 -19.6596
SCALE 1 1 1
X -0.3956 -0.3386 0.8537
Y -0.9127 0.2486 -0.3243
Z -0.1024 -0.9075 -0.4074

PART 65
OFFSET 2.0389 -7.6769 -19.3653
SCALE 1 1 1
X -0.3956 -0.3386 0.8537
Y -0.9127 0.2486 -0.3243
Z -0.1024 -0.9075 -0.4074

PART 66
OFFSET 3.7338 -8.2351 -18.9227
SCALE 1 1 1
X -0.3956 -0.3386 0.8537
Y -0.9127 0.2486 -0.3243
Z -0.1024 -0.9075 -0.4074

PART 67
OFFSET 2.9911 -8.6266 -20.7712
SCALE 1 1 1
X -0.7261 -0.6876 -0.0014
Y -0.3180 0.3375 -0.8860
Z 0.6097 -0.6429 -0.4637

PART 68
OFFSET 3.3742 -8.3791 -19.7252
SCALE 1 1 1
X -0.1522 -0.8448 -0.5129
Y 0.0648 0.5093 -0.8581
Z 0.9862 -0.1638 -0.0228

PART 69
OFFSET 15.4280 9.8481 -18.1146
SCALE 1 1 1
X 0.8079 -0.4951 0.3196
Y -0.5197 -0.3428 0.7826
Z -0.2779 -0.7983 -0.5342

PART 70
OFFSET 15.4280 9.8481 -18.1146
SCALE 1 1 1
X 0.8079 -0.4951 0.3196
Y -0.5197 -0.3428 0.7826
Z -0.2779 -0.7983 -0.5342

PART 71
OFFSET 13.0474 -1.6979 -17.4281
SCALE 1 1 1
X 0.8992 0.4206 0.1206
Y -0.4361 0.8392 0.3248
Z 0.0354 -0.3447 0.9381

PART 72
OFFSET 11.5904 -1.9141 -20.6973
SCALE 1 1 1
X 0.3714 -0.9068 0.1995
Y 0.9006 0.4041 0.1601
Z -0.2258 0.1202 0.9667

PART 73
OFFSET 13.6302 -3.7118 -17.0156
SCALE 1 1 1
X 0.8997 0.4134 0.1397
Y -0.4361 0.8392 0.3248
Z 0.0170 -0.3532 0.9354

PART 74
OFFSET 38.1465 9.4916 -12.6429
SCALE 1 1 1
X 0.8992 0.4206 0.1206
Y -0.4361 0.8392 0.3248
Z 0.0354 -0.3447 0.9381

PART 75
OFFSET 11.2138 -2.6952 -17.2941
SCALE 1 1 1
X 0.8968 0.4079 0.1713
Y -0.4424 0.8211 0.3606
Z 0.0064 -0.3992 0.9168

PART 76
OFFSET 11.2093 -2.7097 -17.3977
SCALE 1 1 1
X 0.8992 0.4206 0.1206
Y -0.4361 0.8392 0.3248
Z 0.0354 -0.3447 0.9381

PART 77
OFFSET 7.5532 -4.8735 -16.5630
SCALE 1 1 1
X 0.8992 0.4206 0.1206
Y -0.4361 0.8392 0.3248
Z 0.0354 -0.3447 0.9381

PART 78
OFFSET 14.6352 8.0466 -17.0872
SCALE 1 1 1
X 0.7811 0.5425 0.3092
Y -0.4568 0.1587 0.8753
Z 0.4258 -0.8249 0.3718

PART 79
OFFSET 46.1733 13.1815 -11.4005
SCALE 1 1 1
X 0.8997 0.4134 0.1397
Y -0.4361 0.8392 0.3248
Z 0.0170 -0.3532 0.9354

PART 80
OFFSET 46.4802 13.3275 -11.3657
SCALE 1 1 1
X 0.8997 0.4134 0.1397
Y -0.4361 0.8392 0.3248
Z 0.0170 -0.3532 0.9354

PART 81
OFFSET 8.7445 -2.6386 -16.7110
SCALE 1 1 1
X 0.8992 0.4206 0.1206
Y -0.4361 0.8392 0.3248
Z 0.0354 -0.3447 0.9381

PART 82
OFFSET 18.3113 0.0314 -16.0910
SCALE 1 1 1
X 0.8992 0.4206 0.1206
Y -0.4361 0.8392 0.3248
Z 0.0354 -0.3447 0.9381


FRAME 1353
PART 0
OFFSET 4.0777 -6.0642 -21.4697
SCALE 1 1 1
X -0.2796 -0.8245 -0.4920
Y 0.3083 0.4083 -0.8593
Z 0.9093 -0.3919 0.1400

PART 1
OFFSET 4.4456 -4.6650 -20.7424
SCALE 1 1 1
X -0.2704 -0.9586 0.0893
Y 0.1193 -0.1254 -0.9849
Z 0.9553 -0.2557 0.1482

PART 2
OFFSET 4.6922 -3.6146 -20.8290
SCALE 1 1 1
X -0.7887 -0.5692 -0.2323
Y -0.6052 0.7853 0.1306
Z 0.1080 0.2436 -0.9638

PART 3
OFFSET 3.9555 -6.2687 -24.7373
SCALE 1 1 1
X -0.4136 -0.8780 0.2408
Y 0.7299 -0.4779 -0.4888
Z 0.5442 -0.0264 0.8385

PART 4
OFFSET 4.8745 -4.2411 -25.0962
SCALE 1 1 1
X 0.3866 -0.8867 -0.2536
Y 0.5194 0.4365 -0.7346
Z 0.7621 0.1523 0.6293

PART 5
OFFSET 4.3273 -2.9857 -24.7372
SCALE 1 1 1
X 0.6387 -0.0352 -0.7686
Y -0.0521 0.9947 -0.0888
Z 0.7677 0.0967 0.6335

PART 6
OFFSET 3.7610 -2.9545 -24.0557
SCALE 1 1 1
X 0.5463 0.3740 -0.7494
Y -0.3591 0.9130 0.1939
Z 0.7567 0.1632 0.6331

PART 7
OFFSET 3.2419 -3.3099 -23.3437
SCALE 1 1 1
X -0.3019 -0.8828 0.3600
Y -0.5270 0.4692 0.7086
Z -0.7944 0.0242 -0.6069

PART 8
OFFSET 4.3556 -6.5478 -24.2162
SCALE 1 1 1
X -0.5910 -0.8066 0.0133
Y 0.7012 -0.5218 -0.4858
Z 0.3988 -0.2777 0.8740

PART 9
OFFSET 5.8456 -4.4247 -24.3913
SCALE 1 1 1
X 0.4719 -0.7667 -0.4353
Y 0.5197 0.6407 -0.5652
Z 0.7122 0.0405 0.7008

PART 10
OFFSET 5.0422 -3.1193 -23.6503
SCALE 1 1 1
X 0.6679 0.2559 -0.6988
Y -0.1878 0.9666 0.1744
Z 0.7201 0.0147 0.6937

PART 11
OFFSET 4.1165 -3.4740 -22.6818
SCALE 1 1 1
X 0.3561 0.8533 -0.3809
Y -0.6004 0.5213 0.6064
Z 0.7160 0.0127 0.6980

PART 12
OFFSET 3.7302 -4.3994 -22.2687
SCALE 1 1 1
X 0.0864 -0.9963 -0.0000
Y -0.7262 -0.0630 0.6846
Z -0.6820 -0.0591 -0.7290

PART 13
OFFSET 1.3928 -11.0361 -24.7952
SCALE 1 1 1
X -0.4250 -0.8780 -0.2200
Y -0.8599 0.3158 0.4009
Z -0.2826 0.3596 -0.8893

PART 14
OFFSET 6.8932 -5.4894 -22.8068
SCALE 1 1 1
X -0.7098 -0.6955 -0.1116
Y 0.6550 -0.5934 -0.4677
Z 0.2591 -0.4051 0.8768

PART 15
OFFSET 8.1429 -4.2648 -22.6104
SCALE 1 1 1
X -0.2929 -0.9084 -0.2985
Y 0.9289 -0.1963 -0.3140
Z 0.2266 -0.3692 0.9013

PART 16
OFFSET 8.5127 -3.1829 -22.1927
SCALE 1 1 1
X 0.2953 -0.8221 -0.4868
Y 0.9287 0.3666 -0.0558
Z 0.2244 -0.4356 0.8717

PART 17
OFFSET 8.1791 -2.2544 -21.6428
SCALE 1 1 1
X -0.8714 -0.1859 0.4541
Y -0.0313 0.9446 0.3267
Z -0.4897 0.2705 -0.8289

PART 18
OFFSET 6.4493 -4.8890 -23.6211
SCALE 1 1 1
X -0.0773 -0.8929 -0.4436
Y 0.9526 0.0652 -0.2971
Z 0.2942 -0.4455 0.8455

PART 19
OFFSET 6.6003 -3.1447 -22.7545
SCALE 1 1 1
X 0.9195 -0.0949 -0.3814
Y 0.2373 0.9076 0.3463
Z 0.3134 -0.4089 0.8571

PART 20
OFFSET 5.2572 -3.0061 -22.1974
SCALE 1 1 1
X 0.9087 0.3888 -0.1518
Y -0.2893 0.8489 0.4424
Z 0.3008 -0.3581 0.8839

PART 21
OFFSET 4.2256 -3.4434 -22.0314
SCALE 1 1 1
X -0.5313 -0.8174 -0.2227
Y -0.7817 0.3716 0.5009
Z -0.3267 0.4402 -0.8363

PART 22
OFFSET 0.0000 0.0000 0.0000
SCALE 1 1 1
X 1.0000 0.0000 0.0000
Y 0.0000 1.0000 0.0000
Z 0.0000 0.0000 1.0000

PART 23
OFFSET 0.0000 0.0000 0.0000
SCALE 1 1 1
X 1.0000 0.0072 -0.0054
Y -0.0072 1.0000 0.0002
Z 0.0054 -0.0001 1.0000

PART 24
OFFSET 1.5628 0.0106 4.1273
SCALE 1 1 1
X 1.0000 0.0072 -0.0054
Y -0.0072 1.0000 0.0002
Z 0.0054 -0.0001 1.0000

PART 25
OFFSET 4.3556 -6.5478 -24.2162
SCALE 1 1 1
X -0.5910 -0.8066 0.0133
Y 0.7012 -0.5218 -0.4858
Z 0.3988 -0.2777 0.8740

PART 26
OFFSET 4.3556 -6.5478 -24.2162
SCALE 1 1 1
X -0.5910 -0.8066 0.0133
Y 0.7012 -0.5218 -0.4858
Z 0.3988 -0.2777 0.8740

PART 27
OFFSET 6.2061 -3.1050 -3.3894
SCALE 1 1 1
X 1.0000 0.0000 0.0000
Y 0.0000 1.0000 0.0000
Z 0.0000 -0.0000 1.0000

PART 28
OFFSET 1.6245 4.2672 -6.2573
SCALE 1 1 1
X 0.3406 0.5358 -0.7726
Y 0.4894 -0.8027 -0.3409
Z -0.8028 -0.2620 -0.5356

PART 29
OFFSET 5.7431 10.7469 -15.6015
SCALE 1 1 1
X 0.9946 -0.0485 0.0914
Y -0.1028 -0.5643 0.8191
Z 0.0118 -0.8241 -0.5663

PART 30
OFFSET 14.2029 10.3344 -14.8244
SCALE 1 1 1
X 0.9946 -0.0485 0.0914
Y -0.0311 0.7023 0.7112
Z -0.0987 -0.7103 0.6970

PART 31
OFFSET 15.6389 12.1677 -14.1992
SCALE 1 1 1
X 0.9952 -0.0429 0.0880
Y -0.0132 0.8323 0.5542
Z -0.0970 -0.5527 0.8277

PART 32
OFFSET 15.3492 10.3919 -16.1738
SCALE 1 1 1
X 0.9952 -0.0429 0.0880
Y -0.0132 0.8323 0.5542
Z -0.0970 -0.5527 0.8277

PART 33
OFFSET 15.9528 10.6946 -12.6788
SCALE 1 1 1
X 0.9952 -0.0429 0.0880
Y -0.0132 0.8323 0.5542
Z -0.0970 -0.5527 0.8277

PART 34
OFFSET 15.8689 9.3064 -13.5928
SCALE 1 1 1
X 0.9952 -0.0429 0.0880
Y -0.0132 0.8323 0.5542
Z -0.0970 -0.5527 0.8277

PART 35
OFFSET 15.5285 8.1525 -14.6700
SCALE 1 1 1
X 0.9952 -0.0429 0.0880
Y -0.0132 0.8323 0.5542
Z -0.0970 -0.5527 0.8277

PART 36
OFFSET 17.2521 10.1857 -14.5442
SCALE 1 1 1
X 0.9525 0.0069 0.3045
Y -0.2129 0.7298 0.6497
Z -0.2177 -0.6836 0.6966

PART 37
OFFSET 17.3857 10.6124 -13.4943
SCALE 1 1 1
X 0.5128 0.2273 0.8279
Y -0.5789 0.8036 0.1379
Z -0.6340 -0.5500 0.5437

PART 38
OFFSET 18.3991 11.1525 -11.6638
SCALE 1 1 1
X 0.8901 -0.1720 0.4221
Y -0.1939 0.6952 0.6922
Z -0.4125 -0.6980 0.5854

PART 39
OFFSET 19.8014 10.7552 -10.9581
SCALE 1 1 1
X 0.8112 -0.5677 0.1401
Y 0.2350 0.5360 0.8109
Z -0.5354 -0.6249 0.5682

PART 40
OFFSET 20.6582 10.1219 -10.7668
SCALE 1 1 1
X 0.9912 0.0928 -0.0944
Y -0.1321 0.6421 -0.7552
Z -0.0094 0.7610 0.6487

PART 41
OFFSET 18.2421 9.2719 -14.8414
SCALE 1 1 1
X 0.6932 -0.6941 0.1940
Y -0.6281 -0.4497 0.6351
Z -0.3535 -0.5621 -0.7477

PART 42
OFFSET 19.7741 7.7391 -14.2187
SCALE 1 1 1
X 0.0339 -0.6780 0.7343
Y -0.9735 0.1437 0.1776
Z -0.2260 -0.7209 -0.6552

PART 43
OFFSET 19.8221 6.7792 -13.1791
SCALE 1 1 1
X -0.9681 0.0552 0.2444
Y -0.1508 0.6506 -0.7443
Z -0.2001 -0.7574 -0.6215

PART 44
OFFSET 18.9638 6.8281 -12.9624
SCALE 1 1 1
X -0.4987 0.6649 -0.5561
Y 0.8431 0.2233 -0.4891
Z -0.2010 -0.7128 -0.6720

PART 45
OFFSET 18.4900 7.4598 -13.4907
SCALE 1 1 1
X -0.1188 -0.5457 0.8295
Y 0.9320 -0.3493 -0.0963
Z 0.3423 0.7617 0.5501

PART 46
OFFSET 18.3405 9.8539 -14.4400
SCALE 1 1 1
X 0.8785 -0.3992 0.2623
Y -0.4711 -0.6333 0.6141
Z -0.0790 -0.6630 -0.7444

PART 47
OFFSET 20.6193 8.7333 -13.8833
SCALE 1 1 1
X -0.0739 -0.7236 0.6862
Y -0.9888 0.1424 0.0436
Z -0.1293 -0.6753 -0.7261

PART 48
OFFSET 20.4934 7.5013 -12.7151
SCALE 1 1 1
X -0.9924 0.0838 0.0899
Y -0.0032 0.7136 -0.7005
Z -0.1229 -0.6955 -0.7079

PART 49
OFFSET 19.1180 7.6175 -12.5904
SCALE 1 1 1
X -0.4452 0.6741 -0.5894
Y 0.8878 0.2465 -0.3886
Z -0.1167 -0.6963 -0.7082

PART 50
OFFSET 18.6351 8.3485 -13.2297
SCALE 1 1 1
X -0.1481 -0.7273 0.6701
Y 0.9867 -0.1547 0.0502
Z 0.0671 0.6686 0.7406

PART 51
OFFSET 19.7336 10.9993 -12.2008
SCALE 1 1 1
X 0.8768 -0.3248 0.3545
Y 0.4766 0.6841 -0.5521
Z -0.0632 0.6531 0.7546

