// Export filename: `C:/cod5/cod/cod5/xanim_export/viewmodel/US/m1garand/m1garand_ads_lastfire.XANIM_EXPORT`
// Source filename: `C:/cod5/cod/cod5/animation_assets/viewmodel/US/m1_garand/viewmodelanimation_m1garand.mb`
// Export time: Fri Aug 29 15:48:20 2008

ANIMATION
VERSION 3

NUMPARTS 92
PART 0 "RingPalm_FK_LE"
PART 1 "RingPalm_SDK_LE"
PART 2 "RingPalm_FK_RI"
PART 3 "RingPalm_SDK_RI"
PART 4 "tag_torso"
PART 5 "J_Shoulder_LE"
PART 6 "J_Elbow_LE"
PART 7 "J_WristTwist_LE"
PART 8 "J_Sleave_Reshape_Bottom_LE_1"
PART 9 "J_Sleave_Reshape_Bottom_LE_2"
PART 10 "J_Sleave_Reshape_Top_LE_1"
PART 11 "J_Sleave_Reshape_Top_LE_2"
PART 12 "J_Sleave_Reshape_Top_LE_3"
PART 13 "J_Wrist_LE"
PART 14 "J_Thumb_LE_0"
PART 15 "J_Thumb_LE_1"
PART 16 "J_Thumb_LE_2"
PART 17 "J_Thumb_LE_3"
PART 18 "J_PinkyPalm_LE"
PART 19 "J_Pinky_LE_0"
PART 20 "J_Pinky_LE_1"
PART 21 "J_Ring_RI_2"
PART 22 "J_Ring_RI_3"
PART 23 "J_Webbing_RI"
PART 24 "J_Index_RI_0"
PART 25 "J_Index_RI_1"
PART 26 "J_Index_RI_2"
PART 27 "J_Index_RI_3"
PART 28 "J_Mid_RI_0"
PART 29 "J_Mid_RI_1"
PART 30 "J_Mid_RI_2"
PART 31 "J_Mid_RI_3"
PART 32 "D_Sleave_Reshape_Top_RI_3"
PART 33 "D_Sleave_Reshape_Top_RI_2"
PART 34 "D_Sleave_Reshape_Top_RI_1"
PART 35 "tag_cambone"
PART 36 "tag_camera"
PART 37 "tag_gasmask"
PART 38 "J_Pinky_LE_2"
PART 39 "J_Pinky_LE_3"
PART 40 "J_RingPalm_LE"
PART 41 "J_Ring_LE_0"
PART 42 "J_Ring_LE_1"
PART 43 "J_Ring_LE_2"
PART 44 "J_Ring_LE_3"
PART 45 "J_Webbing_LE"
PART 46 "J_Index_LE_0"
PART 47 "J_Index_LE_1"
PART 48 "J_Index_LE_2"
PART 49 "J_Index_LE_3"
PART 50 "J_Mid_LE_0"
PART 51 "J_Mid_LE_1"
PART 52 "J_Mid_LE_2"
PART 53 "J_Mid_LE_3"
PART 54 "D_Sleave_Reshape_Bottom_LE_1"
PART 55 "D_Sleave_Reshape_Bottom_LE_2"
PART 56 "D_Sleave_Reshape_Top_LE_1"
PART 57 "D_Sleave_Reshape_Top_LE_2"
PART 58 "D_Sleave_Reshape_Top_LE_3"
PART 59 "tag_weapon"
PART 60 "J_Shoulder_RI"
PART 61 "J_Elbow_RI"
PART 62 "J_WristTwist_RI"
PART 63 "J_Sleave_Reshape_Top_RI_3"
PART 64 "J_Sleave_Reshape_Top_RI_2"
PART 65 "J_Sleave_Reshape_Top_RI_1"
PART 66 "J_Wrist_RI"
PART 67 "J_Thumb_RI_0"
PART 68 "J_Thumb_RI_1"
PART 69 "J_Thumb_RI_2"
PART 70 "J_Thumb_RI_3"
PART 71 "J_PinkyPalm_RI"
PART 72 "J_Pinky_RI_0"
PART 73 "J_Pinky_RI_1"
PART 74 "J_Pinky_RI_2"
PART 75 "J_Pinky_RI_3"
PART 76 "J_RingPalm_RI"
PART 77 "J_Ring_RI_0"
PART 78 "J_Ring_RI_1"
PART 79 "J_Gun"
PART 80 "tag_brass"
PART 81 "J_Bolt"
PART 82 "tag_flash"
PART 83 "j_stripper"
PART 84 "J_Clip"
PART 85 "TAG_APERTURE"
PART 86 "tag_bayonet"
PART 87 "tag_grenade"
PART 88 "tag_grenade_mount"
PART 89 "TAG_TELESCOPIC"
PART 90 "TAG_IRON_SIGHTS"
PART 91 "TAG_SUPPRESSOR"

FRAMERATE 24
NUMFRAMES 11

FRAME 190
PART 0
OFFSET 15.9842 0.3549 -4.1024
SCALE 1 1 1
X 0.4637 -0.8675 0.1804
Y -0.0871 0.1580 0.9836
Z -0.8817 -0.4718 -0.0023

PART 1
OFFSET 15.9842 0.3549 -4.1024
SCALE 1 1 1
X 0.4637 -0.8675 0.1804
Y -0.0871 0.1580 0.9836
Z -0.8817 -0.4718 -0.0023

PART 2
OFFSET 0.0269 -2.1253 -3.8142
SCALE 1 1 1
X -0.8100 -0.2953 0.5067
Y 0.2495 -0.9554 -0.1580
Z 0.5307 -0.0015 0.8475

PART 3
OFFSET 0.0269 -2.1253 -3.8142
SCALE 1 1 1
X -0.8100 -0.2953 0.5067
Y 0.2495 -0.9554 -0.1580
Z 0.5307 -0.0015 0.8475

PART 4
OFFSET 3.6644 -0.3533 -0.5071
SCALE 1 1 1
X 0.9999 0.0001 -0.0166
Y -0.0001 1.0000 -0.0000
Z 0.0166 0.0000 0.9999

PART 5
OFFSET -0.9647 7.0186 -3.2985
SCALE 1 1 1
X 0.8011 0.1254 -0.5853
Y 0.0079 -0.9799 -0.1992
Z -0.5985 0.1549 -0.7860

PART 6
OFFSET 8.7235 8.5355 -10.3766
SCALE 1 1 1
X 0.5863 -0.6196 0.5219
Y -0.7532 -0.1797 0.6328
Z -0.2983 -0.7641 -0.5720

PART 7
OFFSET 13.7102 3.2657 -5.9376
SCALE 1 1 1
X 0.5863 -0.6196 0.5219
Y 0.7587 0.6458 -0.0855
Z -0.2841 0.4461 0.8487

PART 8
OFFSET 15.5798 3.9387 -4.5632
SCALE 1 1 1
X 0.5916 -0.6164 0.5197
Y 0.3074 0.7683 0.5614
Z -0.7453 -0.1724 0.6440

PART 9
OFFSET 15.0326 2.3050 -6.6206
SCALE 1 1 1
X 0.5916 -0.6164 0.5197
Y 0.3074 0.7683 0.5614
Z -0.7453 -0.1724 0.6440

PART 10
OFFSET 14.2522 2.9781 -3.2108
SCALE 1 1 1
X 0.5916 -0.6164 0.5197
Y 0.3074 0.7683 0.5614
Z -0.7453 -0.1724 0.6440

PART 11
OFFSET 13.6586 1.7541 -4.1879
SCALE 1 1 1
X 0.5916 -0.6164 0.5197
Y 0.3074 0.7683 0.5614
Z -0.7453 -0.1724 0.6440

PART 12
OFFSET 13.0899 0.8076 -5.4030
SCALE 1 1 1
X 0.5916 -0.6164 0.5197
Y 0.3074 0.7683 0.5614
Z -0.7453 -0.1724 0.6440

PART 13
OFFSET 15.5076 1.3663 -4.3377
SCALE 1 1 1
X 0.7150 -0.6872 0.1289
Y 0.6985 0.7100 -0.0891
Z -0.0303 0.1537 0.9877

PART 14
OFFSET 16.4908 1.8055 -3.9601
SCALE 1 1 1
X 0.8976 -0.0707 0.4352
Y 0.1092 0.9920 -0.0640
Z -0.4272 0.1050 0.8981

PART 15
OFFSET 18.4148 1.7577 -2.9774
SCALE 1 1 1
X 0.9378 -0.1468 0.3147
Y 0.0906 0.9783 0.1864
Z -0.3352 -0.1463 0.9307

PART 16
OFFSET 19.8858 1.4460 -2.3763
SCALE 1 1 1
X 0.8490 -0.3442 0.4008
Y 0.2812 0.9367 0.2087
Z -0.4473 -0.0644 0.8921

PART 17
OFFSET 20.7883 1.0868 -1.8985
SCALE 1 1 1
X 0.9720 -0.0196 -0.2341
Y -0.2347 -0.0326 -0.9715
Z 0.0115 0.9993 -0.0363

PART 18
OFFSET 15.3585 0.0556 -3.9336
SCALE 1 1 1
X 0.1948 -0.9756 0.1012
Y -0.0779 0.0874 0.9931
Z -0.9777 -0.2014 -0.0590

PART 19
OFFSET 15.9291 -2.0964 -3.5760
SCALE 1 1 1
X -0.0913 0.0501 0.9946
Y -0.6696 0.7362 -0.0986
Z -0.7371 -0.6750 -0.0337

PART 20
OFFSET 15.7998 -2.0255 -2.1679
SCALE 1 1 1
X -0.5674 0.6112 0.5518
Y -0.3919 0.3889 -0.8338
Z -0.7242 -0.6894 0.0189

PART 21
OFFSET 1.4842 0.9633 -4.2587
SCALE 1 1 1
X 0.5024 0.2776 -0.8189
Y -0.1224 0.9604 0.2504
Z 0.8559 -0.0256 0.5164

PART 22
OFFSET 0.9393 0.6623 -3.3705
SCALE 1 1 1
X -0.2996 -0.7773 0.5533
Y -0.4249 0.6279 0.6521
Z -0.8543 -0.0397 -0.5183

PART 23
OFFSET -4.4153 -4.2296 -1.5567
SCALE 1 1 1
X -0.7707 -0.5373 0.3426
Y -0.4924 0.8434 0.2151
Z -0.4045 -0.0029 -0.9145

PART 24
OFFSET 3.0880 -1.9572 -3.4303
SCALE 1 1 1
X -0.9125 -0.2118 0.3499
Y 0.1886 -0.9770 -0.0995
Z 0.3630 -0.0248 0.9315

PART 25
OFFSET 4.6946 -1.5843 -4.0465
SCALE 1 1 1
X -0.6938 -0.6613 0.2853
Y 0.6258 -0.7496 -0.2156
Z 0.3564 0.0289 0.9339

PART 26
OFFSET 5.5597 -0.7786 -4.3366
SCALE 1 1 1
X -0.2150 -0.9758 0.0391
Y 0.9228 -0.2161 -0.3190
Z 0.3198 -0.0325 0.9469

PART 27
OFFSET 5.8025 0.3236 -4.3808
SCALE 1 1 1
X -0.6731 0.5036 0.5416
Y 0.4363 0.8617 -0.2590
Z -0.5971 0.0619 -0.7997

PART 28
OFFSET 2.6593 -1.6680 -4.4066
SCALE 1 1 1
X -0.5496 -0.8234 0.1415
Y 0.7502 -0.5609 -0.3503
Z 0.3678 -0.0864 0.9259

PART 29
OFFSET 3.7329 -0.0595 -4.6829
SCALE 1 1 1
X 0.6334 -0.7011 -0.3275
Y 0.6613 0.7102 -0.2415
Z 0.4019 -0.0636 0.9135

PART 30
OFFSET 2.8077 0.9645 -4.2046
SCALE 1 1 1
X 0.8820 -0.2339 -0.4091
Y 0.2155 0.9722 -0.0913
Z 0.4191 -0.0076 0.9079

PART 31
OFFSET 1.8059 1.2301 -3.7477
SCALE 1 1 1
X -0.8407 -0.4412 0.3139
Y -0.3705 0.8915 0.2606
Z -0.3949 0.1028 -0.9130

PART 32
OFFSET -2.8898 -3.1227 -4.1772
SCALE 1 1 1
X -0.5582 -0.8297 0.0046
Y -0.5323 0.3539 -0.7691
Z 0.6365 -0.4317 -0.6392

PART 33
OFFSET -2.7195 -2.7729 -2.9672
SCALE 1 1 1
X -0.5582 -0.8297 0.0046
Y -0.5323 0.3539 -0.7691
Z 0.6365 -0.4317 -0.6392

PART 34
OFFSET -1.4457 -3.4965 -1.4952
SCALE 1 1 1
X -0.5582 -0.8297 0.0046
Y -0.5323 0.3539 -0.7691
Z 0.6365 -0.4317 -0.6392

PART 35
OFFSET 0.0000 0.0000 0.0000
SCALE 1 1 1
X 1.0000 0.0000 0.0000
Y 0.0000 1.0000 0.0000
Z 0.0000 0.0000 1.0000

PART 36
OFFSET 0.0000 0.0000 0.0000
SCALE 1 1 1
X 1.0000 0.0000 0.0000
Y 0.0000 1.0000 0.0000
Z 0.0000 0.0000 1.0000

PART 37
OFFSET 1.5404 0.0000 4.1357
SCALE 1 1 1
X 1.0000 0.0000 0.0000
Y 0.0000 1.0000 0.0000
Z 0.0000 0.0000 1.0000

PART 38
OFFSET 15.2967 -1.4836 -1.6787
SCALE 1 1 1
X -0.5707 0.6009 0.5597
Y -0.3484 0.4400 -0.8277
Z -0.7436 -0.6674 -0.0417

PART 39
OFFSET 14.7545 -0.9127 -1.1469
SCALE 1 1 1
X 0.7628 -0.6393 0.0975
Y 0.0103 -0.1388 -0.9903
Z 0.6466 0.7564 -0.0993

PART 40
OFFSET 15.9842 0.3549 -4.1024
SCALE 1 1 1
X 0.4637 -0.8675 0.1804
Y -0.0871 0.1580 0.9836
Z -0.8817 -0.4718 -0.0023

PART 41
OFFSET 17.0585 -1.9701 -3.6563
SCALE 1 1 1
X 0.2306 -0.1885 0.9546
Y -0.6414 0.7083 0.2948
Z -0.7317 -0.6803 0.0425

PART 42
OFFSET 17.4512 -2.2909 -2.0310
SCALE 1 1 1
X -0.5347 0.6121 0.5826
Y -0.4425 0.3845 -0.8101
Z -0.7199 -0.6910 0.0653

PART 43
OFFSET 16.7102 -1.4425 -1.2236
SCALE 1 1 1
X -0.6175 0.6729 0.4073
Y -0.3248 0.2535 -0.9112
Z -0.7164 -0.6950 0.0620

PART 44
OFFSET 16.0404 -0.7128 -0.7819
SCALE 1 1 1
X 0.6563 -0.7303 0.1898
Y 0.1189 -0.1483 -0.9818
Z 0.7451 0.6669 -0.0105

PART 45
OFFSET 18.8044 0.4576 -3.5525
SCALE 1 1 1
X 0.5292 -0.7412 0.4131
Y 0.2640 -0.3189 -0.9103
Z 0.8064 0.5908 0.0269

PART 46
OFFSET 18.8315 -0.8330 -4.2698
SCALE 1 1 1
X 0.7913 -0.1932 0.5801
Y -0.5205 0.2849 0.8049
Z -0.3208 -0.9389 0.1249

PART 47
OFFSET 20.2247 -1.1731 -3.2485
SCALE 1 1 1
X 0.4417 -0.0634 0.8949
Y -0.8470 0.2994 0.4392
Z -0.2958 -0.9520 0.0785

PART 48
OFFSET 20.7796 -1.1923 -2.1653
SCALE 1 1 1
X -0.0172 0.1609 0.9868
Y -0.9594 0.2751 -0.0615
Z -0.2814 -0.9479 0.1497

PART 49
OFFSET 20.7603 -1.0106 -1.0506
SCALE 1 1 1
X 0.7926 -0.5673 -0.2236
Y -0.2331 0.0570 -0.9708
Z 0.5635 0.8215 -0.0871

PART 50
OFFSET 17.9921 -1.5024 -4.0098
SCALE 1 1 1
X 0.5456 -0.4449 0.7102
Y -0.4702 0.5390 0.6988
Z -0.6937 -0.7152 0.0849

PART 51
OFFSET 19.0579 -2.3715 -2.6223
SCALE 1 1 1
X -0.4406 0.5351 0.7208
Y -0.5326 0.4905 -0.6897
Z -0.7226 -0.6878 0.0690

PART 52
OFFSET 18.4143 -1.5898 -1.5695
SCALE 1 1 1
X -0.4949 0.5541 0.6694
Y -0.4594 0.4871 -0.7428
Z -0.7376 -0.6751 0.0135

PART 53
OFFSET 17.8490 -0.9674 -0.8107
SCALE 1 1 1
X 0.7200 -0.6928 -0.0398
Y -0.0880 -0.0343 -0.9955
Z 0.6883 0.7203 -0.0856

PART 54
OFFSET 15.5798 3.9387 -4.5632
SCALE 1 1 1
X 0.5916 -0.6164 0.5197
Y 0.3074 0.7683 0.5614
Z -0.7453 -0.1724 0.6440

PART 55
OFFSET 15.0326 2.3050 -6.6206
SCALE 1 1 1
X 0.5916 -0.6164 0.5197
Y 0.3074 0.7683 0.5614
Z -0.7453 -0.1724 0.6440

PART 56
OFFSET 14.2522 2.9781 -3.2108
SCALE 1 1 1
X 0.5916 -0.6164 0.5197
Y 0.3074 0.7683 0.5614
Z -0.7453 -0.1724 0.6440

PART 57
OFFSET 13.6586 1.7541 -4.1879
SCALE 1 1 1
X 0.5916 -0.6164 0.5197
Y 0.3074 0.7683 0.5614
Z -0.7453 -0.1724 0.6440

PART 58
OFFSET 13.0899 0.8076 -5.4030
SCALE 1 1 1
X 0.5916 -0.6164 0.5197
Y 0.3074 0.7683 0.5614
Z -0.7453 -0.1724 0.6440

PART 59
OFFSET 11.5244 -0.0013 -2.3000
SCALE 1 1 1
X 0.9999 0.0001 -0.0166
Y -0.0001 1.0000 -0.0000
Z 0.0166 0.0000 0.9999

PART 60
OFFSET -4.6421 -0.8136 0.1133
SCALE 1 1 1
X 0.2156 0.9381 0.2710
Y 0.0315 -0.2841 0.9583
Z 0.9760 -0.1981 -0.0908

PART 61
OFFSET -7.2493 -12.1593 -3.1642
SCALE 1 1 1
X -0.5529 -0.8333 0.0029
Y 0.6474 -0.4318 -0.6281
Z 0.5246 -0.3453 0.7782

PART 62
OFFSET -2.5467 -5.0722 -3.1892
SCALE 1 1 1
X -0.5529 -0.8333 0.0029
Y -0.1979 0.1279 -0.9718
Z 0.8094 -0.5379 -0.2357

PART 63
OFFSET -2.8898 -3.1227 -4.1772
SCALE 1 1 1
X -0.5582 -0.8297 0.0046
Y -0.5323 0.3539 -0.7691
Z 0.6365 -0.4317 -0.6392

PART 64
OFFSET -2.7195 -2.7729 -2.9672
SCALE 1 1 1
X -0.5582 -0.8297 0.0046
Y -0.5323 0.3539 -0.7691
Z 0.6365 -0.4317 -0.6392

PART 65
OFFSET -1.4457 -3.4965 -1.4952
SCALE 1 1 1
X -0.5582 -0.8297 0.0046
Y -0.5323 0.3539 -0.7691
Z 0.6365 -0.4317 -0.6392

PART 66
OFFSET -0.8518 -2.5177 -3.1982
SCALE 1 1 1
X -0.9386 -0.2610 0.2257
Y -0.2667 0.1341 -0.9544
Z 0.2188 -0.9560 -0.1955

PART 67
OFFSET -0.2620 -2.1371 -2.2984
SCALE 1 1 1
X -0.5571 -0.8093 -0.1861
Y 0.1527 0.1205 -0.9809
Z 0.8163 -0.5749 0.0564

PART 68
OFFSET 0.8795 -0.3707 -1.8021
SCALE 1 1 1
X -0.7150 -0.6948 0.0777
Y 0.1350 -0.2462 -0.9598
Z 0.6860 -0.6757 0.2698

PART 69
OFFSET 1.9650 0.8120 -2.0150
SCALE 1 1 1
X -0.5645 -0.5315 0.6315
Y -0.2708 -0.6035 -0.7500
Z 0.7798 -0.5944 0.1968

PART 70
OFFSET 2.5444 1.4242 -2.6942
SCALE 1 1 1
X -0.9734 -0.1349 0.1852
Y -0.1853 0.9390 -0.2897
Z -0.1349 -0.3163 -0.9390

PART 71
OFFSET -0.3874 -1.9601 -4.3716
SCALE 1 1 1
X -0.6079 -0.3316 0.7215
Y 0.2898 -0.9386 -0.1872
Z 0.7393 0.0953 0.6667

PART 72
OFFSET 1.0506 -1.0861 -5.8726
SCALE 1 1 1
X -0.0828 -0.9617 0.2611
Y 0.3696 -0.2730 -0.8882
Z 0.9255 0.0229 0.3781

PART 73
OFFSET 1.1679 0.2755 -6.2423
SCALE 1 1 1
X 0.2844 -0.6955 -0.6599
Y 0.2992 0.7183 -0.6281
Z 0.9108 -0.0189 0.4124

PART 74
OFFSET 0.9158 0.8921 -5.6572
SCALE 1 1 1
X 0.3645 -0.3392 -0.8672
Y 0.0967 0.9401 -0.3270
Z 0.9262 0.0354 0.3755

PART 75
OFFSET 0.5694 1.2144 -4.8333
SCALE 1 1 1
X -0.4734 -0.3358 0.8143
Y -0.0446 0.9324 0.3586
Z -0.8797 0.1335 -0.4564

PART 76
OFFSET 0.0269 -2.1253 -3.8142
SCALE 1 1 1
X -0.8100 -0.2953 0.5067
Y 0.2495 -0.9554 -0.1580
Z 0.5307 -0.0015 0.8475

PART 77
OFFSET 2.0557 -1.3797 -5.2587
SCALE 1 1 1
X -0.0242 -0.9990 0.0378
Y 0.5028 -0.0449 -0.8632
Z 0.8641 -0.0019 0.5034

PART 78
OFFSET 2.0970 0.3211 -5.3230
SCALE 1 1 1
X 0.4422 -0.4634 -0.7680
Y 0.2586 0.8857 -0.3855
Z 0.8588 -0.0281 0.5115

PART 79
OFFSET 11.5244 -0.0013 -2.3000
SCALE 1 1 1
X 0.9999 0.0001 -0.0166
Y -0.0001 1.0000 0.0000
Z 0.0166 0.0000 0.9999

PART 80
OFFSET 9.9816 -0.9547 -0.7737
SCALE 1 1 1
X -0.0148 -0.8582 0.5132
Y 0.9997 -0.0015 0.0262
Z -0.0217 0.5134 0.8579

PART 81
OFFSET 11.2697 -1.8116 -1.1938
SCALE 1 1 1
X 1.0000 0.0001 0.0038
Y -0.0001 1.0000 0.0000
Z -0.0038 -0.0000 1.0000

PART 82
OFFSET 39.3983 0.0006 -1.2428
SCALE 1 1 1
X 0.9999 0.0001 -0.0166
Y -0.0001 1.0000 0.0000
Z 0.0166 0.0000 0.9999

PART 83
OFFSET 9.8014 0.1045 -1.2020
SCALE 1 1 1
X 0.9855 0.1072 0.1312
Y -0.1076 0.9942 -0.0043
Z -0.1309 -0.0098 0.9913

PART 84
OFFSET 9.4552 -0.0391 -1.9533
SCALE 1 1 1
X 0.9999 0.0001 -0.0166
Y -0.0001 1.0000 0.0000
Z 0.0166 0.0000 0.9999

PART 85
OFFSET 5.3821 0.0101 -0.4860
SCALE 1 1 1
X 0.9999 0.0001 -0.0166
Y -0.0001 1.0000 0.0000
Z 0.0166 0.0000 0.9999

PART 86
OFFSET 35.1392 0.0003 -2.3902
SCALE 1 1 1
X 1.0000 0.0001 0.0038
Y -0.0001 1.0000 0.0000
Z -0.0038 -0.0000 1.0000

PART 87
OFFSET 48.3195 0.0011 -1.2132
SCALE 1 1 1
X 1.0000 0.0001 0.0038
Y -0.0001 1.0000 0.0000
Z -0.0038 -0.0000 1.0000

PART 88
OFFSET 48.6609 0.0012 -1.2258
SCALE 1 1 1
X 1.0000 0.0001 0.0038
Y -0.0001 1.0000 0.0000
Z -0.0038 -0.0000 1.0000

PART 89
OFFSET 7.3606 1.3183 -1.3860
SCALE 1 1 1
X 0.9999 0.0001 -0.0166
Y -0.0001 1.0000 0.0000
Z 0.0166 0.0000 0.9999

PART 90
OFFSET 17.1596 -0.4108 -1.5490
SCALE 1 1 1
X 0.9999 0.0001 -0.0166
Y -0.0001 1.0000 0.0000
Z 0.0166 0.0000 0.9999

PART 91
OFFSET 40.9875 0.0007 -1.1303
SCALE 1 1 1
X 1.0000 0.0001 0.0038
Y -0.0001 1.0000 0.0000
Z -0.0038 -0.0000 1.0000


FRAME 191
PART 0
OFFSET 14.8011 0.3589 -4.0814
SCALE 1 1 1
X 0.4659 -0.8669 0.1775
Y -0.0853 0.1557 0.9841
Z -0.8807 -0.4736 -0.0014

PART 1
OFFSET 14.8011 0.3589 -4.0814
SCALE 1 1 1
X 0.4659 -0.8669 0.1775
Y -0.0853 0.1557 0.9841
Z -0.8807 -0.4736 -0.0014

PART 2
OFFSET -1.1504 -2.1556 -3.7642
SCALE 1 1 1
X -0.8083 -0.2981 0.5078
Y 0.2512 -0.9545 -0.1606
Z 0.5326 -0.0023 0.8464

PART 3
OFFSET -1.1504 -2.1556 -3.7642
SCALE 1 1 1
X -0.8083 -0.2981 0.5078
Y 0.2512 -0.9545 -0.1606
Z 0.5326 -0.0023 0.8464

PART 4
OFFSET 3.6558 -0.3533 -0.5071
SCALE 1 1 1
X 0.9999 0.0001 -0.0166
Y -0.0001 1.0000 -0.0000
Z 0.0166 0.0000 0.9999

PART 5
OFFSET -0.9733 7.0186 -3.2985
SCALE 1 1 1
X 0.7723 0.1578 -0.6154
Y 0.0107 -0.9717 -0.2359
Z -0.6352 0.1756 -0.7521

PART 6
OFFSET 8.3666 8.9276 -10.7405
SCALE 1 1 1
X 0.5147 -0.6532 0.5554
Y -0.7976 -0.1270 0.5897
Z -0.3146 -0.7465 -0.5863

PART 7
OFFSET 12.7440 3.3722 -6.0162
SCALE 1 1 1
X 0.5147 -0.6532 0.5554
Y 0.8137 0.5763 -0.0762
Z -0.2703 0.4912 0.8281

PART 8
OFFSET 14.5733 3.9309 -4.5399
SCALE 1 1 1
X 0.5203 -0.6503 0.5535
Y 0.3246 0.7501 0.5762
Z -0.7899 -0.1201 0.6013

PART 9
OFFSET 14.0376 2.3241 -6.6215
SCALE 1 1 1
X 0.5203 -0.6503 0.5535
Y 0.3246 0.7501 0.5762
Z -0.7899 -0.1201 0.6013

PART 10
OFFSET 13.1123 3.0659 -3.2625
SCALE 1 1 1
X 0.5203 -0.6503 0.5535
Y 0.3246 0.7501 0.5762
Z -0.7899 -0.1201 0.6013

PART 11
OFFSET 12.4964 1.8771 -4.2691
SCALE 1 1 1
X 0.5203 -0.6503 0.5535
Y 0.3246 0.7501 0.5762
Z -0.7899 -0.1201 0.6013

PART 12
OFFSET 11.9367 0.9624 -5.5123
SCALE 1 1 1
X 0.5203 -0.6503 0.5535
Y 0.3246 0.7501 0.5762
Z -0.7899 -0.1201 0.6013

PART 13
OFFSET 14.3218 1.3699 -4.3134
SCALE 1 1 1
X 0.7167 -0.6860 0.1258
Y 0.6968 0.7117 -0.0890
Z -0.0285 0.1515 0.9881

PART 14
OFFSET 15.3050 1.8103 -3.9371
SCALE 1 1 1
X 0.8986 -0.0698 0.4331
Y 0.1070 0.9923 -0.0621
Z -0.4254 0.1021 0.8992

PART 15
OFFSET 17.2312 1.7645 -2.9586
SCALE 1 1 1
X 0.9388 -0.1455 0.3123
Y 0.0889 0.9781 0.1884
Z -0.3329 -0.1491 0.9311

PART 16
OFFSET 18.7041 1.4546 -2.3614
SCALE 1 1 1
X 0.8506 -0.3433 0.3982
Y 0.2797 0.9368 0.2101
Z -0.4452 -0.0674 0.8929

PART 17
OFFSET 19.6083 1.0962 -1.8863
SCALE 1 1 1
X 0.9715 -0.0171 -0.2363
Y -0.2367 -0.0310 -0.9711
Z 0.0093 0.9994 -0.0341

PART 18
OFFSET 14.1764 0.0580 -3.9120
SCALE 1 1 1
X 0.1971 -0.9754 0.0986
Y -0.0760 0.0851 0.9935
Z -0.9774 -0.2033 -0.0573

PART 19
OFFSET 14.7523 -2.0936 -3.5603
SCALE 1 1 1
X -0.0893 0.0477 0.9949
Y -0.6714 0.7349 -0.0955
Z -0.7357 -0.6764 -0.0336

PART 20
OFFSET 14.6259 -2.0260 -2.1518
SCALE 1 1 1
X -0.5675 0.6088 0.5543
Y -0.3945 0.3899 -0.8321
Z -0.7227 -0.6909 0.0189

PART 21
OFFSET 0.2994 0.9369 -4.2050
SCALE 1 1 1
X 0.5000 0.2804 -0.8194
Y -0.1239 0.9596 0.2528
Z 0.8571 -0.0249 0.5145

PART 22
OFFSET -0.2429 0.6328 -3.3163
SCALE 1 1 1
X -0.2967 -0.7791 0.5522
Y -0.4248 0.6256 0.6544
Z -0.8553 -0.0404 -0.5166

PART 23
OFFSET -5.5832 -4.2744 -1.5016
SCALE 1 1 1
X -0.7688 -0.5397 0.3430
Y -0.4937 0.8419 0.2181
Z -0.4065 -0.0017 -0.9137

PART 24
OFFSET 1.9112 -1.9819 -3.3865
SCALE 1 1 1
X -0.9113 -0.2145 0.3514
Y 0.1904 -0.9764 -0.1021
Z 0.3650 -0.0261 0.9306

PART 25
OFFSET 3.5157 -1.6042 -4.0053
SCALE 1 1 1
X -0.6918 -0.6634 0.2853
Y 0.6269 -0.7478 -0.2186
Z 0.3584 0.0277 0.9332

PART 26
OFFSET 4.3784 -0.7961 -4.2955
SCALE 1 1 1
X -0.2128 -0.9764 0.0375
Y 0.9226 -0.2134 -0.3215
Z 0.3219 -0.0338 0.9462

PART 27
OFFSET 4.6188 0.3067 -4.3378
SCALE 1 1 1
X -0.6730 0.5010 0.5441
Y 0.4339 0.8632 -0.2581
Z -0.5990 0.0624 -0.7983

PART 28
OFFSET 1.4797 -1.6915 -4.3612
SCALE 1 1 1
X -0.5475 -0.8249 0.1408
Y 0.7506 -0.5585 -0.3531
Z 0.3699 -0.0876 0.9249

PART 29
OFFSET 2.5494 -0.0802 -4.6363
SCALE 1 1 1
X 0.6342 -0.6990 -0.3304
Y 0.6592 0.7122 -0.2414
Z 0.4040 -0.0647 0.9124

PART 30
OFFSET 1.6231 0.9409 -4.1538
SCALE 1 1 1
X 0.8816 -0.2311 -0.4115
Y 0.2132 0.9729 -0.0896
Z 0.4210 -0.0087 0.9070

PART 31
OFFSET 0.6217 1.2033 -3.6942
SCALE 1 1 1
X -0.8391 -0.4436 0.3148
Y -0.3718 0.8902 0.2634
Z -0.3970 0.1040 -0.9119

PART 32
OFFSET -4.1902 -3.1679 -3.7567
SCALE 1 1 1
X -0.5520 -0.8262 0.1125
Y -0.6473 0.3396 -0.6824
Z 0.5256 -0.4495 -0.7223

PART 33
OFFSET -3.8356 -2.7876 -2.5996
SCALE 1 1 1
X -0.5520 -0.8262 0.1125
Y -0.6473 0.3396 -0.6824
Z 0.5256 -0.4495 -0.7223

PART 34
OFFSET -2.3653 -3.4741 -1.3502
SCALE 1 1 1
X -0.5520 -0.8262 0.1125
Y -0.6473 0.3396 -0.6824
Z 0.5256 -0.4495 -0.7223

PART 35
OFFSET 0.0000 0.0000 0.0000
SCALE 1 1 1
X 1.0000 0.0000 0.0000
Y 0.0000 1.0000 0.0000
Z 0.0000 0.0000 1.0000

PART 36
OFFSET 0.0000 0.0000 0.0000
SCALE 1 1 1
X 1.0000 0.0000 0.0000
Y 0.0000 1.0000 0.0000
Z 0.0000 0.0000 1.0000

PART 37
OFFSET 1.5404 0.0000 4.1357
SCALE 1 1 1
X 1.0000 0.0000 0.0000
Y 0.0000 1.0000 0.0000
Z 0.0000 0.0000 1.0000

PART 38
OFFSET 14.1227 -1.4863 -1.6603
SCALE 1 1 1
X -0.5708 0.5984 0.5622
Y -0.3512 0.4411 -0.8259
Z -0.7422 -0.6689 -0.0416

PART 39
OFFSET 13.5805 -0.9177 -1.1261
SCALE 1 1 1
X 0.7643 -0.6379 0.0945
Y 0.0084 -0.1366 -0.9906
Z 0.6448 0.7579 -0.0991

PART 40
OFFSET 14.8011 0.3589 -4.0814
SCALE 1 1 1
X 0.4659 -0.8669 0.1775
Y -0.0853 0.1557 0.9841
Z -0.8807 -0.4736 -0.0014

PART 41
OFFSET 15.8813 -1.9647 -3.6427
SCALE 1 1 1
X 0.2331 -0.1901 0.9537
Y -0.6423 0.7063 0.2977
Z -0.7302 -0.6819 0.0426

PART 42
OFFSET 16.2782 -2.2883 -2.0190
SCALE 1 1 1
X -0.5347 0.6097 0.5851
Y -0.4451 0.3853 -0.8083
Z -0.7183 -0.6927 0.0654

PART 43
OFFSET 15.5371 -1.4432 -1.2082
SCALE 1 1 1
X -0.6181 0.6707 0.4101
Y -0.3273 0.2548 -0.9099
Z -0.7147 -0.6966 0.0621

PART 44
OFFSET 14.8668 -0.7159 -0.7634
SCALE 1 1 1
X 0.6582 -0.7293 0.1868
Y 0.1171 -0.1459 -0.9823
Z 0.7437 0.6685 -0.0107

PART 45
OFFSET 17.6223 0.4665 -3.5374
SCALE 1 1 1
X 0.5316 -0.7409 0.4103
Y 0.2627 -0.3163 -0.9116
Z 0.8052 0.5924 0.0265

PART 46
OFFSET 17.6505 -0.8225 -4.2576
SCALE 1 1 1
X 0.7930 -0.1928 0.5780
Y -0.5194 0.2820 0.8067
Z -0.3185 -0.9398 0.1235

PART 47
OFFSET 19.0467 -1.1619 -3.2400
SCALE 1 1 1
X 0.4437 -0.0644 0.8938
Y -0.8467 0.2967 0.4417
Z -0.2936 -0.9528 0.0771

PART 48
OFFSET 19.6040 -1.1823 -2.1581
SCALE 1 1 1
X -0.0154 0.1587 0.9872
Y -0.9602 0.2732 -0.0589
Z -0.2790 -0.9488 0.1482

PART 49
OFFSET 19.5866 -1.0031 -1.0430
SCALE 1 1 1
X 0.7933 -0.5651 -0.2265
Y -0.2353 0.0586 -0.9702
Z 0.5616 0.8229 -0.0865

PART 50
OFFSET 16.8131 -1.4943 -3.9972
SCALE 1 1 1
X 0.5480 -0.4453 0.7081
Y -0.4698 0.5365 0.7010
Z -0.6920 -0.7169 0.0848

PART 51
OFFSET 17.8837 -2.3641 -2.6139
SCALE 1 1 1
X -0.4401 0.5326 0.7229
Y -0.5352 0.4909 -0.6875
Z -0.7210 -0.6895 0.0690

PART 52
OFFSET 17.2408 -1.5861 -1.5580
SCALE 1 1 1
X -0.4946 0.5515 0.6717
Y -0.4621 0.4877 -0.7407
Z -0.7361 -0.6767 0.0136

PART 53
OFFSET 16.6758 -0.9666 -0.7966
SCALE 1 1 1
X 0.7214 -0.6912 -0.0428
Y -0.0901 -0.0323 -0.9954
Z 0.6866 0.7220 -0.0855

PART 54
OFFSET 14.5733 3.9309 -4.5399
SCALE 1 1 1
X 0.5203 -0.6503 0.5535
Y 0.3246 0.7501 0.5762
Z -0.7899 -0.1201 0.6013

PART 55
OFFSET 14.0376 2.3241 -6.6215
SCALE 1 1 1
X 0.5203 -0.6503 0.5535
Y 0.3246 0.7501 0.5762
Z -0.7899 -0.1201 0.6013

PART 56
OFFSET 13.1123 3.0659 -3.2625
SCALE 1 1 1
X 0.5203 -0.6503 0.5535
Y 0.3246 0.7501 0.5762
Z -0.7899 -0.1201 0.6013

PART 57
OFFSET 12.4964 1.8771 -4.2691
SCALE 1 1 1
X 0.5203 -0.6503 0.5535
Y 0.3246 0.7501 0.5762
Z -0.7899 -0.1201 0.6013

PART 58
OFFSET 11.9367 0.9624 -5.5123
SCALE 1 1 1
X 0.5203 -0.6503 0.5535
Y 0.3246 0.7501 0.5762
Z -0.7899 -0.1201 0.6013

PART 59
OFFSET 10.3460 -0.0106 -2.2702
SCALE 1 1 1
X 0.9998 0.0022 -0.0188
Y -0.0022 1.0000 0.0022
Z 0.0188 -0.0022 0.9998

PART 60
OFFSET -4.6507 -0.8136 0.1133
SCALE 1 1 1
X 0.3065 0.9376 0.1642
Y 0.1931 -0.2301 0.9538
Z 0.9321 -0.2606 -0.2516

PART 61
OFFSET -8.3570 -12.1531 -1.8725
SCALE 1 1 1
X -0.5471 -0.8298 0.1102
Y 0.5381 -0.4494 -0.7131
Z 0.6412 -0.3308 0.6924

PART 62
OFFSET -3.7040 -5.0952 -2.8094
SCALE 1 1 1
X -0.5471 -0.8298 0.1102
Y -0.3286 0.0919 -0.9400
Z 0.7699 -0.5504 -0.3230

PART 63
OFFSET -4.1902 -3.1679 -3.7567
SCALE 1 1 1
X -0.5520 -0.8262 0.1125
Y -0.6473 0.3396 -0.6824
Z 0.5256 -0.4495 -0.7223

PART 64
OFFSET -3.8356 -2.7876 -2.5996
SCALE 1 1 1
X -0.5520 -0.8262 0.1125
Y -0.6473 0.3396 -0.6824
Z 0.5256 -0.4495 -0.7223

PART 65
OFFSET -2.3653 -3.4741 -1.3502
SCALE 1 1 1
X -0.5520 -0.8262 0.1125
Y -0.6473 0.3396 -0.6824
Z 0.5256 -0.4495 -0.7223

PART 66
OFFSET -2.0269 -2.5512 -3.1471
SCALE 1 1 1
X -0.9376 -0.2635 0.2271
Y -0.2691 0.1356 -0.9535
Z 0.2204 -0.9551 -0.1980

PART 67
OFFSET -1.4359 -2.1714 -2.2478
SCALE 1 1 1
X -0.5553 -0.8111 -0.1837
Y 0.1445 0.1235 -0.9818
Z 0.8190 -0.5717 0.0486

PART 68
OFFSET -0.2977 -0.4016 -1.7561
SCALE 1 1 1
X -0.7125 -0.6960 0.0888
Y 0.1231 -0.2486 -0.9608
Z 0.6908 -0.6736 0.2628

PART 69
OFFSET 0.7826 0.7826 -1.9861
SCALE 1 1 1
X -0.5560 -0.5326 0.6381
Y -0.2776 -0.6046 -0.7466
Z 0.7834 -0.5923 0.1883

PART 70
OFFSET 1.3527 1.3959 -2.6721
SCALE 1 1 1
X -0.9709 -0.1373 0.1962
Y -0.1909 0.9384 -0.2881
Z -0.1446 -0.3172 -0.9373

PART 71
OFFSET -1.5662 -1.9901 -4.3203
SCALE 1 1 1
X -0.6056 -0.3344 0.7221
Y 0.2914 -0.9376 -0.1899
Z 0.7405 0.0954 0.6653

PART 72
OFFSET -0.1333 -1.1098 -5.8224
SCALE 1 1 1
X -0.0802 -0.9625 0.2592
Y 0.3683 -0.2703 -0.8896
Z 0.9262 0.0241 0.3762

PART 73
OFFSET -0.0197 0.2529 -6.1894
SCALE 1 1 1
X 0.2844 -0.6934 -0.6620
Y 0.2963 0.7203 -0.6272
Z 0.9118 -0.0178 0.4104

PART 74
OFFSET -0.2719 0.8677 -5.6024
SCALE 1 1 1
X 0.3634 -0.3365 -0.8687
Y 0.0940 0.9410 -0.3252
Z 0.9269 0.0365 0.3736

PART 75
OFFSET -0.6171 1.1874 -4.7771
SCALE 1 1 1
X -0.4710 -0.3386 0.8146
Y -0.0458 0.9315 0.3608
Z -0.8810 0.1326 -0.4542

PART 76
OFFSET -1.1504 -2.1556 -3.7642
SCALE 1 1 1
X -0.8083 -0.2981 0.5078
Y 0.2512 -0.9545 -0.1606
Z 0.5326 -0.0023 0.8464

PART 77
OFFSET 0.8738 -1.4026 -5.2113
SCALE 1 1 1
X -0.0220 -0.9991 0.0357
Y 0.5010 -0.0419 -0.8644
Z 0.8651 -0.0012 0.5015

PART 78
OFFSET 0.9113 0.2984 -5.2720
SCALE 1 1 1
X 0.4415 -0.4607 -0.7699
Y 0.2559 0.8871 -0.3842
Z 0.8600 -0.0274 0.5096

PART 79
OFFSET 10.3460 -0.0106 -2.2702
SCALE 1 1 1
X 0.9998 0.0022 -0.0188
Y -0.0022 1.0000 0.0022
Z 0.0188 -0.0022 0.9998

PART 80
OFFSET 8.8085 -0.9706 -0.7426
SCALE 1 1 1
X -0.0118 -0.8593 0.5113
Y 0.9997 0.0005 0.0240
Z -0.0209 0.5115 0.8591

PART 81
OFFSET 7.7911 -1.8290 -1.1241
SCALE 1 1 1
X 1.0000 0.0022 0.0016
Y -0.0022 1.0000 0.0022
Z -0.0016 -0.0022 1.0000

PART 82
OFFSET 38.2220 0.0480 -1.2731
SCALE 1 1 1
X 0.9998 0.0022 -0.0188
Y -0.0022 1.0000 0.0022
Z 0.0188 -0.0022 0.9998

PART 83
OFFSET 9.1160 -0.5572 2.0626
SCALE 1 1 1
X 0.9916 -0.0141 0.1286
Y -0.0179 0.9695 0.2443
Z -0.1281 -0.2446 0.9611

PART 84
OFFSET 8.2753 -0.0522 -1.9488
SCALE 1 1 1
X 0.9998 0.0022 -0.0188
Y -0.0022 1.0000 0.0022
Z 0.0188 -0.0022 0.9998

PART 85
OFFSET 4.2076 -0.0162 -0.4429
SCALE 1 1 1
X 0.9998 0.0022 -0.0188
Y -0.0022 1.0000 0.0022
Z 0.0188 -0.0022 0.9998

PART 86
OFFSET 33.9605 0.0412 -2.4113
SCALE 1 1 1
X 1.0000 0.0022 0.0016
Y -0.0022 1.0000 0.0022
Z -0.0016 -0.0022 1.0000

PART 87
OFFSET 47.1432 0.0675 -1.2628
SCALE 1 1 1
X 1.0000 0.0022 0.0016
Y -0.0022 1.0000 0.0022
Z -0.0016 -0.0022 1.0000

PART 88
OFFSET 47.4846 0.0683 -1.2761
SCALE 1 1 1
X 1.0000 0.0022 0.0016
Y -0.0022 1.0000 0.0022
Z -0.0016 -0.0022 1.0000

PART 89
OFFSET 6.1813 1.2981 -1.3443
SCALE 1 1 1
X 0.9998 0.0022 -0.0188
Y -0.0022 1.0000 0.0022
Z 0.0188 -0.0022 0.9998

PART 90
OFFSET 15.9836 -0.4098 -1.5323
SCALE 1 1 1
X 0.9998 0.0022 -0.0188
Y -0.0022 1.0000 0.0022
Z 0.0188 -0.0022 0.9998

PART 91
OFFSET 39.8114 0.0513 -1.1641
SCALE 1 1 1
X 1.0000 0.0022 0.0016
Y -0.0022 1.0000 0.0022
Z -0.0016 -0.0022 1.0000


FRAME 192
PART 0
OFFSET 15.1627 0.3594 -4.0883
SCALE 1 1 1
X 0.4659 -0.8669 0.1775
Y -0.0853 0.1557 0.9841
Z -0.8807 -0.4736 -0.0014

PART 1
OFFSET 15.1627 0.3594 -4.0883
SCALE 1 1 1
X 0.4659 -0.8669 0.1775
Y -0.0853 0.1557 0.9841
Z -0.8807 -0.4736 -0.0014

PART 2
OFFSET -0.7885 -2.1553 -3.7713
SCALE 1 1 1
X -0.8083 -0.2981 0.5078
Y 0.2512 -0.9545 -0.1606
Z 0.5326 -0.0023 0.8464

PART 3
OFFSET -0.7885 -2.1553 -3.7713
SCALE 1 1 1
X -0.8083 -0.2981 0.5078
Y 0.2512 -0.9545 -0.1606
Z 0.5326 -0.0023 0.8464

PART 4
OFFSET 3.6337 -0.3533 -0.5071
SCALE 1 1 1
X 0.9999 0.0001 -0.0166
Y -0.0001 1.0000 -0.0000
Z 0.0166 0.0000 0.9999

PART 5
OFFSET -0.9955 7.0186 -3.2985
SCALE 1 1 1
X 0.7814 0.1476 -0.6063
Y 0.0105 -0.9746 -0.2237
Z -0.6240 0.1685 -0.7631

PART 6
OFFSET 8.4545 8.8039 -10.6315
SCALE 1 1 1
X 0.5383 -0.6424 0.5454
Y -0.7840 -0.1445 0.6037
Z -0.3090 -0.7526 -0.5815

PART 7
OFFSET 13.0331 3.3398 -5.9924
SCALE 1 1 1
X 0.5383 -0.6424 0.5454
Y 0.7962 0.5997 -0.0795
Z -0.2761 0.4771 0.8344

PART 8
OFFSET 14.8761 3.9363 -4.5483
SCALE 1 1 1
X 0.5438 -0.6395 0.5434
Y 0.3187 0.7564 0.5712
Z -0.7763 -0.1374 0.6152

PART 9
OFFSET 14.3378 2.3200 -6.6218
SCALE 1 1 1
X 0.5438 -0.6395 0.5434
Y 0.3187 0.7564 0.5712
Z -0.7763 -0.1374 0.6152

PART 10
OFFSET 13.4570 3.0393 -3.2460
SCALE 1 1 1
X 0.5438 -0.6395 0.5434
Y 0.3187 0.7564 0.5712
Z -0.7763 -0.1374 0.6152

PART 11
OFFSET 12.8487 1.8385 -4.2428
SCALE 1 1 1
X 0.5438 -0.6395 0.5434
Y 0.3187 0.7564 0.5712
Z -0.7763 -0.1374 0.6152

PART 12
OFFSET 12.2865 0.9129 -5.4768
SCALE 1 1 1
X 0.5438 -0.6395 0.5434
Y 0.3187 0.7564 0.5712
Z -0.7763 -0.1374 0.6152

PART 13
OFFSET 14.6835 1.3703 -4.3203
SCALE 1 1 1
X 0.7167 -0.6860 0.1258
Y 0.6968 0.7117 -0.0890
Z -0.0285 0.1515 0.9881

PART 14
OFFSET 15.6666 1.8108 -3.9439
SCALE 1 1 1
X 0.8986 -0.0698 0.4331
Y 0.1070 0.9923 -0.0621
Z -0.4254 0.1021 0.8992

PART 15
OFFSET 17.5928 1.7650 -2.9655
SCALE 1 1 1
X 0.9388 -0.1455 0.3123
Y 0.0889 0.9781 0.1884
Z -0.3329 -0.1491 0.9311

PART 16
OFFSET 19.0657 1.4550 -2.3682
SCALE 1 1 1
X 0.8506 -0.3433 0.3982
Y 0.2797 0.9368 0.2101
Z -0.4452 -0.0674 0.8929

PART 17
OFFSET 19.9700 1.0967 -1.8931
SCALE 1 1 1
X 0.9715 -0.0171 -0.2363
Y -0.2367 -0.0310 -0.9711
Z 0.0093 0.9994 -0.0341

PART 18
OFFSET 14.5381 0.0584 -3.9188
SCALE 1 1 1
X 0.1971 -0.9754 0.0986
Y -0.0760 0.0851 0.9935
Z -0.9774 -0.2033 -0.0573

PART 19
OFFSET 15.1139 -2.0931 -3.5671
SCALE 1 1 1
X -0.0893 0.0477 0.9949
Y -0.6714 0.7349 -0.0955
Z -0.7357 -0.6764 -0.0336

PART 20
OFFSET 14.9876 -2.0256 -2.1586
SCALE 1 1 1
X -0.5675 0.6088 0.5543
Y -0.3945 0.3899 -0.8321
Z -0.7227 -0.6909 0.0189

PART 21
OFFSET 0.6613 0.9372 -4.2121
SCALE 1 1 1
X 0.5000 0.2804 -0.8194
Y -0.1239 0.9596 0.2528
Z 0.8571 -0.0249 0.5145

PART 22
OFFSET 0.1190 0.6331 -3.3235
SCALE 1 1 1
X -0.2967 -0.7791 0.5522
Y -0.4248 0.6256 0.6544
Z -0.8553 -0.0404 -0.5166

PART 23
OFFSET -5.2213 -4.2741 -1.5088
SCALE 1 1 1
X -0.7688 -0.5397 0.3430
Y -0.4937 0.8419 0.2181
Z -0.4065 -0.0017 -0.9137

PART 24
OFFSET 2.2731 -1.9816 -3.3936
SCALE 1 1 1
X -0.9113 -0.2145 0.3514
Y 0.1904 -0.9764 -0.1021
Z 0.3650 -0.0261 0.9306

PART 25
OFFSET 3.8776 -1.6039 -4.0124
SCALE 1 1 1
X -0.6918 -0.6634 0.2853
Y 0.6269 -0.7478 -0.2186
Z 0.3584 0.0277 0.9332

PART 26
OFFSET 4.7404 -0.7958 -4.3027
SCALE 1 1 1
X -0.2128 -0.9764 0.0375
Y 0.9226 -0.2134 -0.3215
Z 0.3219 -0.0338 0.9462

PART 27
OFFSET 4.9807 0.3070 -4.3450
SCALE 1 1 1
X -0.6730 0.5010 0.5441
Y 0.4339 0.8632 -0.2581
Z -0.5990 0.0624 -0.7983

PART 28
OFFSET 1.8417 -1.6912 -4.3683
SCALE 1 1 1
X -0.5475 -0.8249 0.1408
Y 0.7506 -0.5585 -0.3531
Z 0.3699 -0.0876 0.9249

PART 29
OFFSET 2.9113 -0.0798 -4.6435
SCALE 1 1 1
X 0.6342 -0.6990 -0.3304
Y 0.6592 0.7122 -0.2414
Z 0.4040 -0.0647 0.9124

PART 30
OFFSET 1.9850 0.9412 -4.1609
SCALE 1 1 1
X 0.8816 -0.2311 -0.4115
Y 0.2132 0.9729 -0.0896
Z 0.4210 -0.0087 0.9070

PART 31
OFFSET 0.9836 1.2036 -3.7013
SCALE 1 1 1
X -0.8391 -0.4436 0.3148
Y -0.3718 0.8902 0.2634
Z -0.3970 0.1040 -0.9119

PART 32
OFFSET -3.7885 -3.1587 -3.9114
SCALE 1 1 1
X -0.5587 -0.8263 0.0708
Y -0.6030 0.3462 -0.7187
Z 0.5694 -0.4443 -0.6917

PART 33
OFFSET -3.5036 -2.7906 -2.7302
SCALE 1 1 1
X -0.5587 -0.8263 0.0708
Y -0.6030 0.3462 -0.7187
Z 0.5694 -0.4443 -0.6917

PART 34
OFFSET -2.1064 -3.4946 -1.3888
SCALE 1 1 1
X -0.5587 -0.8263 0.0708
Y -0.6030 0.3462 -0.7187
Z 0.5694 -0.4443 -0.6917

PART 35
OFFSET 0.0000 0.0000 0.0000
SCALE 1 1 1
X 1.0000 0.0000 0.0000
Y 0.0000 1.0000 0.0000
Z 0.0000 0.0000 1.0000

PART 36
OFFSET 0.0000 0.0000 0.0000
SCALE 1 1 1
X 1.0000 0.0000 0.0000
Y 0.0000 1.0000 0.0000
Z 0.0000 0.0000 1.0000

PART 37
OFFSET 1.5404 0.0000 4.1357
SCALE 1 1 1
X 1.0000 0.0000 0.0000
Y 0.0000 1.0000 0.0000
Z 0.0000 0.0000 1.0000

PART 38
OFFSET 14.4844 -1.4858 -1.6671
SCALE 1 1 1
X -0.5708 0.5984 0.5622
Y -0.3512 0.4411 -0.8259
Z -0.7422 -0.6689 -0.0416

PART 39
OFFSET 13.9421 -0.9173 -1.1329
SCALE 1 1 1
X 0.7643 -0.6379 0.0945
Y 0.0084 -0.1366 -0.9906
Z 0.6448 0.7579 -0.0991

PART 40
OFFSET 15.1627 0.3594 -4.0883
SCALE 1 1 1
X 0.4659 -0.8669 0.1775
Y -0.0853 0.1557 0.9841
Z -0.8807 -0.4736 -0.0014

PART 41
OFFSET 16.2430 -1.9642 -3.6495
SCALE 1 1 1
X 0.2331 -0.1901 0.9537
Y -0.6423 0.7063 0.2977
Z -0.7302 -0.6819 0.0426

PART 42
OFFSET 16.6398 -2.2878 -2.0259
SCALE 1 1 1
X -0.5347 0.6097 0.5851
Y -0.4451 0.3853 -0.8083
Z -0.7183 -0.6927 0.0654

PART 43
OFFSET 15.8987 -1.4427 -1.2150
SCALE 1 1 1
X -0.6181 0.6707 0.4101
Y -0.3273 0.2548 -0.9099
Z -0.7147 -0.6966 0.0621

PART 44
OFFSET 15.2284 -0.7154 -0.7702
SCALE 1 1 1
X 0.6582 -0.7293 0.1868
Y 0.1171 -0.1459 -0.9823
Z 0.7437 0.6685 -0.0107

PART 45
OFFSET 17.9839 0.4670 -3.5442
SCALE 1 1 1
X 0.5316 -0.7409 0.4103
Y 0.2627 -0.3163 -0.9116
Z 0.8052 0.5924 0.0265

PART 46
OFFSET 18.0122 -0.8220 -4.2644
SCALE 1 1 1
X 0.7930 -0.1928 0.5780
Y -0.5194 0.2820 0.8067
Z -0.3185 -0.9398 0.1235

PART 47
OFFSET 19.4083 -1.1614 -3.2468
SCALE 1 1 1
X 0.4437 -0.0644 0.8938
Y -0.8467 0.2967 0.4417
Z -0.2936 -0.9528 0.0771

PART 48
OFFSET 19.9656 -1.1819 -2.1649
SCALE 1 1 1
X -0.0154 0.1587 0.9872
Y -0.9602 0.2732 -0.0589
Z -0.2790 -0.9488 0.1482

PART 49
OFFSET 19.9483 -1.0026 -1.0498
SCALE 1 1 1
X 0.7933 -0.5651 -0.2265
Y -0.2353 0.0586 -0.9702
Z 0.5616 0.8229 -0.0865

PART 50
OFFSET 17.1747 -1.4938 -4.0040
SCALE 1 1 1
X 0.5480 -0.4453 0.7081
Y -0.4698 0.5365 0.7010
Z -0.6920 -0.7169 0.0848

PART 51
OFFSET 18.2454 -2.3636 -2.6207
SCALE 1 1 1
X -0.4401 0.5326 0.7229
Y -0.5352 0.4909 -0.6875
Z -0.7210 -0.6895 0.0690

PART 52
OFFSET 17.6025 -1.5857 -1.5648
SCALE 1 1 1
X -0.4946 0.5515 0.6717
Y -0.4621 0.4877 -0.7407
Z -0.7361 -0.6767 0.0136

PART 53
OFFSET 17.0374 -0.9661 -0.8035
SCALE 1 1 1
X 0.7214 -0.6912 -0.0428
Y -0.0901 -0.0323 -0.9954
Z 0.6866 0.7220 -0.0855

PART 54
OFFSET 14.8761 3.9363 -4.5483
SCALE 1 1 1
X 0.5438 -0.6395 0.5434
Y 0.3187 0.7564 0.5712
Z -0.7763 -0.1374 0.6152

PART 55
OFFSET 14.3378 2.3200 -6.6218
SCALE 1 1 1
X 0.5438 -0.6395 0.5434
Y 0.3187 0.7564 0.5712
Z -0.7763 -0.1374 0.6152

PART 56
OFFSET 13.4570 3.0393 -3.2460
SCALE 1 1 1
X 0.5438 -0.6395 0.5434
Y 0.3187 0.7564 0.5712
Z -0.7763 -0.1374 0.6152

PART 57
OFFSET 12.8487 1.8385 -4.2428
SCALE 1 1 1
X 0.5438 -0.6395 0.5434
Y 0.3187 0.7564 0.5712
Z -0.7763 -0.1374 0.6152

PART 58
OFFSET 12.2865 0.9129 -5.4768
SCALE 1 1 1
X 0.5438 -0.6395 0.5434
Y 0.3187 0.7564 0.5712
Z -0.7763 -0.1374 0.6152

PART 59
OFFSET 10.7076 -0.0102 -2.2770
SCALE 1 1 1
X 0.9998 0.0022 -0.0188
Y -0.0022 1.0000 0.0022
Z 0.0188 -0.0022 0.9998

PART 60
OFFSET -4.6728 -0.8136 0.1133
SCALE 1 1 1
X 0.2810 0.9377 0.2044
Y 0.1297 -0.2481 0.9600
Z 0.9509 -0.2432 -0.1914

PART 61
OFFSET -8.0711 -12.1540 -2.3587
SCALE 1 1 1
X -0.5536 -0.8299 0.0687
Y 0.5813 -0.4442 -0.6817
Z 0.5963 -0.3375 0.7284

PART 62
OFFSET -3.3622 -5.0952 -2.9434
SCALE 1 1 1
X -0.5536 -0.8299 0.0687
Y -0.2789 0.1070 -0.9543
Z 0.7847 -0.5475 -0.2908

PART 63
OFFSET -3.7885 -3.1587 -3.9114
SCALE 1 1 1
X -0.5587 -0.8263 0.0708
Y -0.6030 0.3462 -0.7187
Z 0.5694 -0.4443 -0.6917

PART 64
OFFSET -3.5036 -2.7906 -2.7302
SCALE 1 1 1
X -0.5587 -0.8263 0.0708
Y -0.6030 0.3462 -0.7187
Z 0.5694 -0.4443 -0.6917

PART 65
OFFSET -2.1064 -3.4946 -1.3888
SCALE 1 1 1
X -0.5587 -0.8263 0.0708
Y -0.6030 0.3462 -0.7187
Z 0.5694 -0.4443 -0.6917

PART 66
OFFSET -1.6649 -2.5509 -3.1542
SCALE 1 1 1
X -0.9376 -0.2635 0.2271
Y -0.2691 0.1356 -0.9535
Z 0.2204 -0.9551 -0.1980

PART 67
OFFSET -1.0740 -2.1711 -2.2549
SCALE 1 1 1
X -0.5551 -0.8114 -0.1827
Y 0.1425 0.1236 -0.9820
Z 0.8195 -0.5712 0.0470

PART 68
OFFSET 0.0641 -0.4006 -1.7652
SCALE 1 1 1
X -0.7122 -0.6959 0.0925
Y 0.1197 -0.2502 -0.9608
Z 0.6917 -0.6732 0.2614

PART 69
OFFSET 1.1435 0.7832 -2.0011
SCALE 1 1 1
X -0.5540 -0.5321 0.6403
Y -0.2798 -0.6054 -0.7452
Z 0.7841 -0.5920 0.1865

PART 70
OFFSET 1.7115 1.3960 -2.6893
SCALE 1 1 1
X -0.9703 -0.1373 0.1993
Y -0.1920 0.9381 -0.2884
Z -0.1474 -0.3181 -0.9365

PART 71
OFFSET -1.2043 -1.9898 -4.3274
SCALE 1 1 1
X -0.6056 -0.3344 0.7221
Y 0.2914 -0.9376 -0.1899
Z 0.7405 0.0954 0.6653

PART 72
OFFSET 0.2286 -1.1095 -5.8296
SCALE 1 1 1
X -0.0802 -0.9625 0.2592
Y 0.3683 -0.2703 -0.8896
Z 0.9262 0.0241 0.3762

PART 73
OFFSET 0.3422 0.2532 -6.1965
SCALE 1 1 1
X 0.2844 -0.6934 -0.6620
Y 0.2963 0.7203 -0.6272
Z 0.9118 -0.0178 0.4104

PART 74
OFFSET 0.0901 0.8680 -5.6095
SCALE 1 1 1
X 0.3634 -0.3365 -0.8687
Y 0.0940 0.9410 -0.3252
Z 0.9269 0.0365 0.3736

PART 75
OFFSET -0.2552 1.1877 -4.7842
SCALE 1 1 1
X -0.4710 -0.3386 0.8146
Y -0.0458 0.9315 0.3608
Z -0.8810 0.1326 -0.4542

PART 76
OFFSET -0.7885 -2.1553 -3.7713
SCALE 1 1 1
X -0.8083 -0.2981 0.5078
Y 0.2512 -0.9545 -0.1606
Z 0.5326 -0.0023 0.8464

PART 77
OFFSET 1.2357 -1.4023 -5.2185
SCALE 1 1 1
X -0.0220 -0.9991 0.0357
Y 0.5010 -0.0419 -0.8644
Z 0.8651 -0.0012 0.5015

PART 78
OFFSET 1.2732 0.2987 -5.2792
SCALE 1 1 1
X 0.4415 -0.4607 -0.7699
Y 0.2559 0.8871 -0.3842
Z 0.8600 -0.0274 0.5096

PART 79
OFFSET 10.7076 -0.0102 -2.2770
SCALE 1 1 1
X 0.9998 0.0022 -0.0188
Y -0.0022 1.0000 0.0022
Z 0.0188 -0.0022 0.9998

PART 80
OFFSET 9.1701 -0.9701 -0.7495
SCALE 1 1 1
X -0.0118 -0.8593 0.5113
Y 0.9997 0.0005 0.0240
Z -0.0209 0.5115 0.8591

PART 81
OFFSET 8.1528 -1.8286 -1.1309
SCALE 1 1 1
X 1.0000 0.0022 0.0016
Y -0.0022 1.0000 0.0022
Z -0.0016 -0.0022 1.0000

PART 82
OFFSET 38.5836 0.0485 -1.2799
SCALE 1 1 1
X 0.9998 0.0022 -0.0188
Y -0.0022 1.0000 0.0022
Z 0.0188 -0.0022 0.9998

PART 83
OFFSET 8.9077 -1.7475 2.1406
SCALE 1 1 1
X 0.9947 -0.0816 0.0628
Y -0.0423 0.2325 0.9717
Z -0.0939 -0.9692 0.2278

PART 84
OFFSET 8.6283 -0.0480 -2.0358
SCALE 1 1 1
X 0.9998 0.0022 -0.0188
Y -0.0022 1.0000 0.0022
Z 0.0188 -0.0022 0.9998

PART 85
OFFSET 4.5692 -0.0158 -0.4498
SCALE 1 1 1
X 0.9998 0.0022 -0.0188
Y -0.0022 1.0000 0.0022
Z 0.0188 -0.0022 0.9998

PART 86
OFFSET 34.3221 0.0417 -2.4181
SCALE 1 1 1
X 1.0000 0.0022 0.0016
Y -0.0022 1.0000 0.0022
Z -0.0016 -0.0022 1.0000

PART 87
OFFSET 47.5048 0.0680 -1.2697
SCALE 1 1 1
X 1.0000 0.0022 0.0016
Y -0.0022 1.0000 0.0022
Z -0.0016 -0.0022 1.0000

PART 88
OFFSET 47.8462 0.0687 -1.2830
SCALE 1 1 1
X 1.0000 0.0022 0.0016
Y -0.0022 1.0000 0.0022
Z -0.0016 -0.0022 1.0000

PART 89
OFFSET 6.5430 1.2986 -1.3512
SCALE 1 1 1
X 0.9998 0.0022 -0.0188
Y -0.0022 1.0000 0.0022
Z 0.0188 -0.0022 0.9998

PART 90
OFFSET 16.3453 -0.4093 -1.5391
SCALE 1 1 1
X 0.9998 0.0022 -0.0188
Y -0.0022 1.0000 0.0022
Z 0.0188 -0.0022 0.9998

PART 91
OFFSET 40.1731 0.0517 -1.1709
SCALE 1 1 1
X 1.0000 0.0022 0.0016
Y -0.0022 1.0000 0.0022
Z -0.0016 -0.0022 1.0000


FRAME 193
PART 0
OFFSET 15.6297 0.3599 -4.0970
SCALE 1 1 1
X 0.4659 -0.8669 0.1775
Y -0.0853 0.1557 0.9841
Z -0.8807 -0.4736 -0.0014

PART 1
OFFSET 15.6297 0.3599 -4.0970
SCALE 1 1 1
X 0.4659 -0.8669 0.1775
Y -0.0853 0.1557 0.9841
Z -0.8807 -0.4736 -0.0014

PART 2
OFFSET -0.3216 -2.1548 -3.7798
SCALE 1 1 1
X -0.8083 -0.2981 0.5078
Y 0.2512 -0.9545 -0.1606
Z 0.5326 -0.0023 0.8464

PART 3
OFFSET -0.3216 -2.1548 -3.7798
SCALE 1 1 1
X -0.8083 -0.2981 0.5078
Y 0.2512 -0.9545 -0.1606
Z 0.5326 -0.0023 0.8464

PART 4
OFFSET 3.6039 -0.3533 -0.5071
SCALE 1 1 1
X 0.9999 0.0001 -0.0166
Y -0.0001 1.0000 -0.0000
Z 0.0166 0.0000 0.9999

PART 5
OFFSET -1.0253 7.0186 -3.2985
SCALE 1 1 1
X 0.7936 0.1339 -0.5936
Y 0.0094 -0.9781 -0.2081
Z -0.6084 0.1596 -0.7774

PART 6
OFFSET 8.5721 8.6384 -10.4769
SCALE 1 1 1
X 0.5685 -0.6281 0.5313
Y -0.7652 -0.1666 0.6218
Z -0.3020 -0.7601 -0.5753

PART 7
OFFSET 13.4075 3.2963 -5.9578
SCALE 1 1 1
X 0.5685 -0.6281 0.5313
Y 0.7729 0.6290 -0.0834
Z -0.2818 0.4581 0.8431

PART 8
OFFSET 15.2673 3.9413 -4.5568
SCALE 1 1 1
X 0.5739 -0.6250 0.5292
Y 0.3114 0.7642 0.5648
Z -0.7574 -0.1594 0.6332

PART 9
OFFSET 14.7243 2.3134 -6.6199
SCALE 1 1 1
X 0.5739 -0.6250 0.5292
Y 0.3114 0.7642 0.5648
Z -0.7574 -0.1594 0.6332

PART 10
OFFSET 13.9046 3.0043 -3.2229
SCALE 1 1 1
X 0.5739 -0.6250 0.5292
Y 0.3114 0.7642 0.5648
Z -0.7574 -0.1594 0.6332

PART 11
OFFSET 13.3059 1.7884 -4.2071
SCALE 1 1 1
X 0.5739 -0.6250 0.5292
Y 0.3114 0.7642 0.5648
Z -0.7574 -0.1594 0.6332

PART 12
OFFSET 12.7401 0.8492 -5.4291
SCALE 1 1 1
X 0.5739 -0.6250 0.5292
Y 0.3114 0.7642 0.5648
Z -0.7574 -0.1594 0.6332

PART 13
OFFSET 15.1504 1.3708 -4.3290
SCALE 1 1 1
X 0.7167 -0.6860 0.1258
Y 0.6968 0.7117 -0.0890
Z -0.0285 0.1515 0.9881

PART 14
OFFSET 16.1336 1.8112 -3.9526
SCALE 1 1 1
X 0.8986 -0.0698 0.4331
Y 0.1070 0.9923 -0.0621
Z -0.4254 0.1021 0.8992

PART 15
OFFSET 18.0598 1.7654 -2.9742
SCALE 1 1 1
X 0.9388 -0.1455 0.3123
Y 0.0889 0.9781 0.1884
Z -0.3329 -0.1491 0.9311

PART 16
OFFSET 19.5327 1.4555 -2.3769
SCALE 1 1 1
X 0.8506 -0.3433 0.3982
Y 0.2797 0.9368 0.2101
Z -0.4452 -0.0674 0.8929

PART 17
OFFSET 20.4370 1.0972 -1.9018
SCALE 1 1 1
X 0.9715 -0.0171 -0.2363
Y -0.2367 -0.0310 -0.9711
Z 0.0093 0.9994 -0.0341

PART 18
OFFSET 15.0050 0.0589 -3.9275
SCALE 1 1 1
X 0.1971 -0.9754 0.0986
Y -0.0760 0.0851 0.9935
Z -0.9774 -0.2033 -0.0573

PART 19
OFFSET 15.5809 -2.0927 -3.5758
SCALE 1 1 1
X -0.0893 0.0477 0.9949
Y -0.6714 0.7349 -0.0955
Z -0.7357 -0.6764 -0.0336

PART 20
OFFSET 15.4545 -2.0251 -2.1673
SCALE 1 1 1
X -0.5675 0.6088 0.5543
Y -0.3945 0.3899 -0.8321
Z -0.7227 -0.6909 0.0189

PART 21
OFFSET 1.1282 0.9378 -4.2207
SCALE 1 1 1
X 0.5000 0.2804 -0.8194
Y -0.1239 0.9596 0.2528
Z 0.8571 -0.0249 0.5145

PART 22
OFFSET 0.5859 0.6337 -3.3320
SCALE 1 1 1
X -0.2967 -0.7791 0.5522
Y -0.4248 0.6256 0.6544
Z -0.8553 -0.0404 -0.5166

PART 23
OFFSET -4.7544 -4.2735 -1.5173
SCALE 1 1 1
X -0.7688 -0.5397 0.3430
Y -0.4937 0.8419 0.2181
Z -0.4065 -0.0017 -0.9137

PART 24
OFFSET 2.7400 -1.9810 -3.4022
SCALE 1 1 1
X -0.9113 -0.2145 0.3514
