// Export filename: `C:/cod5/cod/cod5/xanim_export/viewmodel/US/m1garand/m1garand_reload.XANIM_EXPORT`
// Source filename: `C:/cod5/cod/cod5/animation_assets/viewmodel/US/m1_garand/viewmodelanimation_m1garand.mb`
// Export time: Tue Aug 26 01:44:10 2008

ANIMATION
VERSION 3

NUMPARTS 92
PART 0 "RingPalm_FK_LE"
PART 1 "RingPalm_SDK_LE"
PART 2 "RingPalm_FK_RI"
PART 3 "RingPalm_SDK_RI"
PART 4 "tag_torso"
PART 5 "J_Shoulder_LE"
PART 6 "J_Elbow_LE"
PART 7 "J_WristTwist_LE"
PART 8 "J_Sleave_Reshape_Bottom_LE_1"
PART 9 "J_Sleave_Reshape_Bottom_LE_2"
PART 10 "J_Sleave_Reshape_Top_LE_1"
PART 11 "J_Sleave_Reshape_Top_LE_2"
PART 12 "J_Sleave_Reshape_Top_LE_3"
PART 13 "J_Wrist_LE"
PART 14 "J_Thumb_LE_0"
PART 15 "J_Thumb_LE_1"
PART 16 "J_Thumb_LE_2"
PART 17 "J_Thumb_LE_3"
PART 18 "J_PinkyPalm_LE"
PART 19 "J_Pinky_LE_0"
PART 20 "J_Pinky_LE_1"
PART 21 "J_Pinky_LE_2"
PART 22 "J_Pinky_LE_3"
PART 23 "J_RingPalm_LE"
PART 24 "J_Ring_LE_0"
PART 25 "J_Ring_LE_1"
PART 26 "J_Ring_LE_2"
PART 27 "J_Ring_LE_3"
PART 28 "J_Webbing_LE"
PART 29 "J_Index_LE_0"
PART 30 "J_Index_LE_1"
PART 31 "J_Index_LE_2"
PART 32 "J_Index_LE_3"
PART 33 "J_Mid_LE_0"
PART 34 "J_Mid_LE_1"
PART 35 "J_Mid_LE_2"
PART 36 "J_Mid_LE_3"
PART 37 "D_Sleave_Reshape_Bottom_LE_1"
PART 38 "D_Sleave_Reshape_Bottom_LE_2"
PART 39 "D_Sleave_Reshape_Top_LE_1"
PART 40 "D_Sleave_Reshape_Top_LE_2"
PART 41 "D_Sleave_Reshape_Top_LE_3"
PART 42 "tag_weapon"
PART 43 "J_Shoulder_RI"
PART 44 "J_Elbow_RI"
PART 45 "J_WristTwist_RI"
PART 46 "J_Sleave_Reshape_Top_RI_3"
PART 47 "J_Sleave_Reshape_Top_RI_2"
PART 48 "J_Sleave_Reshape_Top_RI_1"
PART 49 "J_Wrist_RI"
PART 50 "J_Thumb_RI_0"
PART 51 "J_Thumb_RI_1"
PART 52 "J_Thumb_RI_2"
PART 53 "J_Thumb_RI_3"
PART 54 "J_PinkyPalm_RI"
PART 55 "J_Pinky_RI_0"
PART 56 "J_Pinky_RI_1"
PART 57 "J_Pinky_RI_2"
PART 58 "J_Pinky_RI_3"
PART 59 "J_RingPalm_RI"
PART 60 "J_Ring_RI_0"
PART 61 "J_Ring_RI_1"
PART 62 "J_Ring_RI_2"
PART 63 "J_Ring_RI_3"
PART 64 "J_Webbing_RI"
PART 65 "J_Index_RI_0"
PART 66 "J_Index_RI_1"
PART 67 "J_Index_RI_2"
PART 68 "J_Index_RI_3"
PART 69 "J_Mid_RI_0"
PART 70 "J_Mid_RI_1"
PART 71 "J_Mid_RI_2"
PART 72 "J_Mid_RI_3"
PART 73 "D_Sleave_Reshape_Top_RI_3"
PART 74 "D_Sleave_Reshape_Top_RI_2"
PART 75 "D_Sleave_Reshape_Top_RI_1"
PART 76 "tag_cambone"
PART 77 "tag_camera"
PART 78 "tag_gasmask"
PART 79 "J_Gun"
PART 80 "tag_brass"
PART 81 "J_Bolt"
PART 82 "tag_flash"
PART 83 "j_stripper"
PART 84 "J_Clip"
PART 85 "TAG_APERTURE"
PART 86 "tag_bayonet"
PART 87 "tag_grenade"
PART 88 "tag_grenade_mount"
PART 89 "TAG_TELESCOPIC"
PART 90 "TAG_IRON_SIGHTS"
PART 91 "TAG_SUPPRESSOR"

FRAMERATE 24
NUMFRAMES 47

FRAME 75
PART 0
OFFSET 18.5839 -2.3977 -6.7794
SCALE 1 1 1
X 0.4605 -0.8675 0.1881
Y -0.1034 0.1580 0.9820
Z -0.8816 -0.4717 -0.0170

PART 1
OFFSET 18.5839 -2.3977 -6.7794
SCALE 1 1 1
X 0.4605 -0.8675 0.1881
Y -0.1034 0.1580 0.9820
Z -0.8816 -0.4717 -0.0170

PART 2
OFFSET 2.6239 -4.8767 -6.7566
SCALE 1 1 1
X -0.8183 -0.2952 0.4931
Y 0.2520 -0.9554 -0.1538
Z 0.5166 -0.0016 0.8562

PART 3
OFFSET 2.6239 -4.8767 -6.7566
SCALE 1 1 1
X -0.8183 -0.2952 0.4931
Y 0.2520 -0.9554 -0.1538
Z 0.5166 -0.0016 0.8562

PART 4
OFFSET 6.2061 -3.1050 -3.3894
SCALE 1 1 1
X 1.0000 0.0000 0.0000
Y 0.0000 1.0000 0.0000
Z 0.0000 -0.0000 1.0000

PART 5
OFFSET 1.6245 4.2672 -6.2573
SCALE 1 1 1
X 0.8107 0.1254 -0.5719
Y 0.0112 -0.9799 -0.1990
Z -0.5853 0.1550 -0.7958

PART 6
OFFSET 11.4291 5.7835 -13.1734
SCALE 1 1 1
X 0.5775 -0.6196 0.5316
Y -0.7636 -0.1797 0.6202
Z -0.2888 -0.7641 -0.5769

PART 7
OFFSET 16.3410 0.5134 -8.6521
SCALE 1 1 1
X 0.5775 -0.6196 0.5316
Y 0.7600 0.6458 -0.0729
Z -0.2981 0.4461 0.8439

PART 8
OFFSET 18.1875 1.1862 -7.2467
SCALE 1 1 1
X 0.5828 -0.6164 0.5294
Y 0.2981 0.7683 0.5664
Z -0.7559 -0.1723 0.6315

PART 9
OFFSET 17.6745 -0.4474 -9.3130
SCALE 1 1 1
X 0.5828 -0.6164 0.5294
Y 0.2981 0.7683 0.5664
Z -0.7559 -0.1723 0.6315

PART 10
OFFSET 16.8375 0.2257 -5.9166
SCALE 1 1 1
X 0.5828 -0.6164 0.5294
Y 0.2981 0.7683 0.5664
Z -0.7559 -0.1723 0.6315

PART 11
OFFSET 16.2602 -0.9983 -6.9035
SCALE 1 1 1
X 0.5828 -0.6164 0.5294
Y 0.2981 0.7683 0.5664
Z -0.7559 -0.1723 0.6315

PART 12
OFFSET 15.7117 -1.9448 -8.1279
SCALE 1 1 1
X 0.5828 -0.6164 0.5294
Y 0.2981 0.7683 0.5664
Z -0.7559 -0.1723 0.6315

PART 13
OFFSET 18.1114 -1.3862 -7.0225
SCALE 1 1 1
X 0.7127 -0.6872 0.1407
Y 0.6999 0.7100 -0.0774
Z -0.0467 0.1537 0.9870

PART 14
OFFSET 19.0882 -0.9471 -6.6286
SCALE 1 1 1
X 0.8902 -0.0708 0.4501
Y 0.1103 0.9919 -0.0622
Z -0.4420 0.1050 0.8908

PART 15
OFFSET 20.9956 -0.9949 -5.6141
SCALE 1 1 1
X 0.9324 -0.1469 0.3302
Y 0.0875 0.9783 0.1879
Z -0.3507 -0.1463 0.9250

PART 16
OFFSET 22.4564 -1.3068 -4.9886
SCALE 1 1 1
X 0.8422 -0.3442 0.4149
Y 0.2778 0.9367 0.2133
Z -0.4620 -0.0644 0.8845

PART 17
OFFSET 23.3507 -1.6660 -4.4958
SCALE 1 1 1
X 0.9758 -0.0197 -0.2179
Y -0.2185 -0.0326 -0.9753
Z 0.0121 0.9993 -0.0361

PART 18
OFFSET 17.9555 -2.6969 -6.6210
SCALE 1 1 1
X 0.1930 -0.9756 0.1044
Y -0.0944 0.0874 0.9917
Z -0.9766 -0.2013 -0.0753

PART 19
OFFSET 18.5199 -4.8489 -6.2539
SCALE 1 1 1
X -0.1078 0.0501 0.9929
Y -0.6678 0.7362 -0.1097
Z -0.7365 -0.6749 -0.0459

PART 20
OFFSET 18.3673 -4.7780 -4.8482
SCALE 1 1 1
X -0.5765 0.6112 0.5423
Y -0.3780 0.3889 -0.8402
Z -0.7244 -0.6893 0.0068

PART 21
OFFSET 17.8561 -4.2360 -4.3674
SCALE 1 1 1
X -0.5799 0.6009 0.5501
Y -0.3346 0.4400 -0.8333
Z -0.7428 -0.6673 -0.0541

PART 22
OFFSET 17.3052 -3.6652 -3.8448
SCALE 1 1 1
X 0.7610 -0.6393 0.1102
Y 0.0267 -0.1388 -0.9900
Z 0.6482 0.7563 -0.0886

PART 23
OFFSET 18.5839 -2.3977 -6.7794
SCALE 1 1 1
X 0.4605 -0.8675 0.1881
Y -0.1034 0.1580 0.9820
Z -0.8816 -0.4717 -0.0170

PART 24
OFFSET 19.6506 -4.7226 -6.3154
SCALE 1 1 1
X 0.2147 -0.1885 0.9583
Y -0.6462 0.7083 0.2841
Z -0.7324 -0.6802 0.0303

PART 25
OFFSET 20.0161 -5.0435 -4.6839
SCALE 1 1 1
X -0.5443 0.6122 0.5736
Y -0.4290 0.3845 -0.8174
Z -0.7209 -0.6909 0.0534

PART 26
OFFSET 19.2618 -4.1951 -3.8889
SCALE 1 1 1
X -0.6242 0.6729 0.3970
Y -0.3096 0.2535 -0.9164
Z -0.7173 -0.6949 0.0501

PART 27
OFFSET 18.5849 -3.4653 -3.4583
SCALE 1 1 1
X 0.6530 -0.7303 0.2007
Y 0.1352 -0.1483 -0.9797
Z 0.7452 0.6668 0.0019

PART 28
OFFSET 21.3946 -2.2950 -6.1826
SCALE 1 1 1
X 0.5222 -0.7412 0.4218
Y 0.2791 -0.3189 -0.9058
Z 0.8059 0.5907 0.0403

PART 29
OFFSET 21.4336 -3.5857 -6.8994
SCALE 1 1 1
X 0.7815 -0.1932 0.5932
Y -0.5338 0.2849 0.7962
Z -0.3228 -0.9389 0.1195

PART 30
OFFSET 22.8096 -3.9259 -5.8550
SCALE 1 1 1
X 0.4267 -0.0634 0.9022
Y -0.8542 0.2995 0.4251
Z -0.2971 -0.9520 0.0736

PART 31
OFFSET 23.3464 -3.9452 -4.7627
SCALE 1 1 1
X -0.0335 0.1609 0.9864
Y -0.9583 0.2751 -0.0775
Z -0.2839 -0.9478 0.1450

PART 32
OFFSET 23.3085 -3.7634 -3.6486
SCALE 1 1 1
X 0.7961 -0.5674 -0.2104
Y -0.2169 0.0570 -0.9745
Z 0.5649 0.8215 -0.0777

PART 33
OFFSET 20.5899 -4.2550 -6.6533
SCALE 1 1 1
X 0.5337 -0.4449 0.7192
Y -0.4817 0.5391 0.6909
Z -0.6951 -0.7152 0.0734

PART 34
OFFSET 21.6324 -5.1242 -5.2483
SCALE 1 1 1
X -0.4525 0.5352 0.7134
Y -0.5211 0.4905 -0.6985
Z -0.7237 -0.6877 0.0569

PART 35
OFFSET 20.9715 -4.3425 -4.2064
SCALE 1 1 1
X -0.5059 0.5541 0.6611
Y -0.4470 0.4871 -0.7503
Z -0.7378 -0.6751 0.0013

PART 36
OFFSET 20.3936 -3.7200 -3.4571
SCALE 1 1 1
X 0.7206 -0.6928 -0.0278
Y -0.0714 -0.0343 -0.9969
Z 0.6897 0.7203 -0.0742

PART 37
OFFSET 18.1875 1.1862 -7.2467
SCALE 1 1 1
X 0.5828 -0.6164 0.5294
Y 0.2981 0.7683 0.5664
Z -0.7559 -0.1723 0.6315

PART 38
OFFSET 17.6745 -0.4474 -9.3130
SCALE 1 1 1
X 0.5828 -0.6164 0.5294
Y 0.2981 0.7683 0.5664
Z -0.7559 -0.1723 0.6315

PART 39
OFFSET 16.8375 0.2257 -5.9166
SCALE 1 1 1
X 0.5828 -0.6164 0.5294
Y 0.2981 0.7683 0.5664
Z -0.7559 -0.1723 0.6315

PART 40
OFFSET 16.2602 -0.9983 -6.9035
SCALE 1 1 1
X 0.5828 -0.6164 0.5294
Y 0.2981 0.7683 0.5664
Z -0.7559 -0.1723 0.6315

PART 41
OFFSET 15.7117 -1.9448 -8.1279
SCALE 1 1 1
X 0.5828 -0.6164 0.5294
Y 0.2981 0.7683 0.5664
Z -0.7559 -0.1723 0.6315

PART 42
OFFSET 14.0948 -2.7535 -5.0514
SCALE 1 1 1
X 1.0000 0.0000 0.0000
Y 0.0000 1.0000 0.0000
Z 0.0000 -0.0000 1.0000

PART 43
OFFSET -2.1097 -3.5648 -2.9073
SCALE 1 1 1
X 0.2111 0.9381 0.2745
Y 0.0155 -0.2841 0.9587
Z 0.9773 -0.1981 -0.0745

PART 44
OFFSET -4.6627 -14.9103 -6.2277
SCALE 1 1 1
X -0.5529 -0.8332 -0.0063
Y 0.6577 -0.4318 -0.6172
Z 0.5116 -0.3454 0.7868

PART 45
OFFSET 0.0400 -7.8235 -6.1744
SCALE 1 1 1
X -0.5529 -0.8332 -0.0063
Y -0.1817 0.1279 -0.9750
Z 0.8132 -0.5379 -0.2222

PART 46
OFFSET -0.2864 -5.8739 -7.1680
SCALE 1 1 1
X -0.5582 -0.8297 -0.0047
Y -0.5194 0.3539 -0.7778
Z 0.6470 -0.4317 -0.6285

PART 47
OFFSET -0.1362 -5.5242 -5.9553
SCALE 1 1 1
X -0.5582 -0.8297 -0.0047
Y -0.5194 0.3539 -0.7778
Z 0.6470 -0.4317 -0.6285

PART 48
OFFSET 1.1128 -6.2479 -4.4624
SCALE 1 1 1
X -0.5582 -0.8297 -0.0047
Y -0.5194 0.3539 -0.7778
Z 0.6470 -0.4317 -0.6285

PART 49
OFFSET 1.7351 -5.2691 -6.1552
SCALE 1 1 1
X -0.9422 -0.2609 0.2100
Y -0.2508 0.1341 -0.9587
Z 0.2220 -0.9560 -0.1918

PART 50
OFFSET 2.3098 -4.8886 -5.2458
SCALE 1 1 1
X -0.5540 -0.8093 -0.1953
Y 0.1690 0.1205 -0.9782
Z 0.8152 -0.5749 0.0700

PART 51
OFFSET 3.4431 -3.1222 -4.7305
SCALE 1 1 1
X -0.7162 -0.6948 0.0658
Y 0.1509 -0.2463 -0.9574
Z 0.6814 -0.6758 0.2812

PART 52
OFFSET 4.5320 -1.9396 -4.9254
SCALE 1 1 1
X -0.5750 -0.5315 0.6221
Y -0.2583 -0.6035 -0.7544
Z 0.7763 -0.5944 0.2097

PART 53
OFFSET 5.1226 -1.3275 -5.5949
SCALE 1 1 1
X -0.9763 -0.1349 0.1690
Y -0.1804 0.9390 -0.2927
Z -0.1192 -0.3163 -0.9411

PART 54
OFFSET 2.2190 -4.7115 -7.3208
SCALE 1 1 1
X -0.6198 -0.3315 0.7113
Y 0.2928 -0.9386 -0.1824
Z 0.7281 0.0952 0.6789

PART 55
OFFSET 3.6818 -3.8376 -8.7976
SCALE 1 1 1
X -0.0872 -0.9617 0.2597
Y 0.3843 -0.2730 -0.8819
Z 0.9191 0.0229 0.3934

PART 56
OFFSET 3.8053 -2.4760 -9.1653
SCALE 1 1 1
X 0.2953 -0.6955 -0.6551
Y 0.3097 0.7183 -0.6230
Z 0.9038 -0.0189 0.4275

PART 57
OFFSET 3.5435 -1.8594 -8.5845
SCALE 1 1 1
X 0.3789 -0.3392 -0.8610
Y 0.1022 0.9400 -0.3254
Z 0.9198 0.0353 0.3908

PART 58
OFFSET 3.1835 -1.5371 -7.7665
SCALE 1 1 1
X -0.4869 -0.3358 0.8063
Y -0.0505 0.9324 0.3578
Z -0.8720 0.1336 -0.4710

PART 59
OFFSET 2.6239 -4.8767 -6.7566
SCALE 1 1 1
X -0.8183 -0.2952 0.4931
Y 0.2520 -0.9554 -0.1538
Z 0.5166 -0.0016 0.8562

PART 60
OFFSET 4.6765 -4.1313 -8.1671
SCALE 1 1 1
X -0.0249 -0.9990 0.0374
Y 0.5171 -0.0449 -0.8548
Z 0.8556 -0.0020 0.5177

PART 61
OFFSET 4.7190 -2.4305 -8.2307
SCALE 1 1 1
X 0.4549 -0.4634 -0.7605
Y 0.2650 0.8857 -0.3812
Z 0.8502 -0.0281 0.5257

PART 62
OFFSET 4.0885 -1.7883 -7.1767
SCALE 1 1 1
X 0.5159 0.2775 -0.8104
Y -0.1265 0.9604 0.2483
Z 0.8472 -0.0256 0.5306

PART 63
OFFSET 3.5290 -2.0893 -6.2978
SCALE 1 1 1
X -0.3088 -0.7772 0.5482
Y -0.4356 0.6280 0.6449
Z -0.8455 -0.0397 -0.5325

PART 64
OFFSET -1.8554 -6.9808 -4.5732
SCALE 1 1 1
X -0.7763 -0.5373 0.3297
Y -0.4958 0.8434 0.2069
Z -0.3893 -0.0028 -0.9211

PART 65
OFFSET 5.6782 -4.7088 -6.3218
SCALE 1 1 1
X -0.9182 -0.2117 0.3347
Y 0.1901 -0.9770 -0.0964
Z 0.3474 -0.0248 0.9374

PART 66
OFFSET 7.2949 -4.3360 -6.9112
SCALE 1 1 1
X -0.6985 -0.6612 0.2737
Y 0.6292 -0.7496 -0.2052
Z 0.3409 0.0289 0.9397

PART 67
OFFSET 8.1647 -3.5304 -7.1869
SCALE 1 1 1
X -0.2156 -0.9758 0.0356
Y 0.9280 -0.2161 -0.3036
Z 0.3040 -0.0325 0.9521

PART 68
OFFSET 8.4083 -2.4282 -7.2270
SCALE 1 1 1
X -0.6820 0.5036 0.5303
Y 0.4406 0.8617 -0.2517
Z -0.5838 0.0620 -0.8096

PART 69
OFFSET 5.2658 -4.4197 -7.3051
SCALE 1 1 1
X -0.5519 -0.8233 0.1323
Y 0.7558 -0.5609 -0.3378
Z 0.3523 -0.0864 0.9319

PART 70
OFFSET 6.3440 -2.8112 -7.5635
SCALE 1 1 1
X 0.6387 -0.7011 -0.3169
Y 0.6652 0.7102 -0.2305
Z 0.3867 -0.0636 0.9200

PART 71
OFFSET 5.4110 -1.7871 -7.1006
SCALE 1 1 1
X 0.8887 -0.2339 -0.3944
Y 0.2170 0.9722 -0.0877
Z 0.4039 -0.0077 0.9148

PART 72
OFFSET 4.4018 -1.5215 -6.6605
SCALE 1 1 1
X -0.8459 -0.4411 0.2999
Y -0.3747 0.8915 0.2544
Z -0.3796 0.1028 -0.9194

PART 73
OFFSET -0.2864 -5.8739 -7.1680
SCALE 1 1 1
X -0.5582 -0.8297 -0.0047
Y -0.5194 0.3539 -0.7778
Z 0.6470 -0.4317 -0.6285

PART 74
OFFSET -0.1362 -5.5242 -5.9553
SCALE 1 1 1
X -0.5582 -0.8297 -0.0047
Y -0.5194 0.3539 -0.7778
Z 0.6470 -0.4317 -0.6285

PART 75
OFFSET 1.1128 -6.2479 -4.4624
SCALE 1 1 1
X -0.5582 -0.8297 -0.0047
Y -0.5194 0.3539 -0.7778
Z 0.6470 -0.4317 -0.6285

PART 76
OFFSET 0.0000 0.0000 0.0000
SCALE 1 1 1
X 1.0000 0.0000 0.0000
Y 0.0000 1.0000 0.0000
Z 0.0000 0.0000 1.0000

PART 77
OFFSET 0.0000 0.0000 0.0000
SCALE 1 1 1
X 1.0000 0.0000 0.0000
Y 0.0000 1.0000 0.0000
Z 0.0000 0.0000 1.0000

PART 78
OFFSET 1.5404 0.0000 4.1357
SCALE 1 1 1
X 1.0000 0.0000 0.0000
Y 0.0000 1.0000 0.0000
Z 0.0000 0.0000 1.0000

PART 79
OFFSET 14.0948 -2.7535 -5.0514
SCALE 1 1 1
X 1.0000 0.0000 0.0000
Y 0.0000 1.0000 0.0000
Z 0.0000 -0.0000 1.0000

PART 80
OFFSET 12.2995 -3.3615 -8.0951
SCALE 1 1 1
X -0.0234 -0.8582 0.5129
Y 0.9991 -0.0016 0.0428
Z -0.0359 0.5134 0.8574

PART 81
OFFSET 11.5005 -4.5652 -3.9904
SCALE 1 1 1
X 0.9998 -0.0000 0.0204
Y 0.0000 1.0000 0.0000
Z -0.0204 -0.0000 0.9998

PART 82
OFFSET 41.9472 -2.7535 -3.5307
SCALE 1 1 1
X 1.0000 0.0000 0.0000
Y 0.0000 1.0000 0.0000
Z 0.0000 -0.0000 1.0000

PART 83
OFFSET -2.2476 -2.9995 -10.5369
SCALE 1 1 1
X 0.9950 -0.0896 0.0437
Y 0.0848 0.9913 0.1002
Z -0.0523 -0.0960 0.9940

PART 84
OFFSET 5.5836 -3.0527 -5.6436
SCALE 1 1 1
X 0.8493 0.0287 0.5271
Y -0.2622 0.8896 0.3741
Z -0.4582 -0.4559 0.7631

PART 85
OFFSET 7.9231 -2.7417 -3.3398
SCALE 1 1 1
X 1.0000 0.0000 0.0000
Y 0.0000 1.0000 0.0000
Z 0.0000 -0.0000 1.0000

PART 86
OFFSET 37.7078 -2.7535 -4.7488
SCALE 1 1 1
X 0.9998 -0.0000 0.0204
Y 0.0000 1.0000 0.0000
Z -0.0204 -0.0000 0.9998

PART 87
OFFSET 50.8540 -2.7535 -2.7344
SCALE 1 1 1
X 0.9998 -0.0000 0.0204
Y 0.0000 1.0000 0.0000
Z -0.0204 -0.0000 0.9998

PART 88
OFFSET 51.2082 -2.7535 -3.3597
SCALE 1 1 1
X 0.9998 -0.0000 0.0204
Y 0.0000 1.0000 0.0000
Z -0.0204 -0.0000 0.9998

PART 89
OFFSET 9.9164 -1.4336 -4.2067
SCALE 1 1 1
X 1.0000 0.0000 0.0000
Y 0.0000 1.0000 0.0000
Z 0.0000 -0.0000 1.0000

PART 90
OFFSET 19.7167 -3.1634 -4.2067
SCALE 1 1 1
X 1.0000 0.0000 0.0000
Y 0.0000 1.0000 0.0000
Z 0.0000 -0.0000 1.0000

PART 91
OFFSET 43.5343 -2.7535 -3.3919
SCALE 1 1 1
X 0.9998 -0.0000 0.0204
Y 0.0000 1.0000 0.0000
Z -0.0204 -0.0000 0.9998


FRAME 76
PART 0
OFFSET 18.2290 -2.0798 -6.6253
SCALE 1 1 1
X 0.4776 -0.8591 0.1837
Y -0.1245 0.1408 0.9822
Z -0.8697 -0.4920 -0.0397

PART 1
OFFSET 18.2290 -2.0798 -6.6253
SCALE 1 1 1
X 0.4776 -0.8591 0.1837
Y -0.1245 0.1408 0.9822
Z -0.8697 -0.4920 -0.0397

PART 2
OFFSET 2.3002 -4.6024 -7.2523
SCALE 1 1 1
X -0.8373 -0.2997 0.4573
Y 0.2435 -0.9533 -0.1788
Z 0.4895 -0.0384 0.8712

PART 3
OFFSET 2.3002 -4.6024 -7.2523
SCALE 1 1 1
X -0.8373 -0.2997 0.4573
Y 0.2435 -0.9533 -0.1788
Z 0.4895 -0.0384 0.8712

PART 4
OFFSET 5.9840 -3.1050 -3.3894
SCALE 1 1 1
X 1.0000 0.0000 0.0000
Y 0.0000 1.0000 0.0000
Z 0.0000 -0.0000 1.0000

PART 5
OFFSET 1.4024 4.2672 -6.2573
SCALE 1 1 1
X 0.8029 0.1368 -0.5802
Y 0.0322 -0.9818 -0.1870
Z -0.5953 0.1315 -0.7927

PART 6
OFFSET 11.1122 5.9219 -13.2748
SCALE 1 1 1
X 0.5727 -0.6049 0.5533
Y -0.7720 -0.1709 0.6122
Z -0.2758 -0.7777 -0.5649

PART 7
OFFSET 15.9828 0.7766 -8.5690
SCALE 1 1 1
X 0.5727 -0.6049 0.5533
Y 0.7485 0.6611 -0.0519
Z -0.3343 0.4439 0.8314

PART 8
OFFSET 17.8040 1.4895 -7.1503
SCALE 1 1 1
X 0.5780 -0.6018 0.5512
Y 0.2852 0.7818 0.5545
Z -0.7646 -0.1633 0.6235

PART 9
OFFSET 17.3315 -0.1903 -9.1892
SCALE 1 1 1
X 0.5780 -0.6018 0.5512
Y 0.2852 0.7818 0.5545
Z -0.7646 -0.1633 0.6235

PART 10
OFFSET 16.4390 0.5494 -5.8208
SCALE 1 1 1
X 0.5780 -0.6018 0.5512
Y 0.2852 0.7818 0.5545
Z -0.7646 -0.1633 0.6235

PART 11
OFFSET 15.8835 -0.6984 -6.7903
SCALE 1 1 1
X 0.5780 -0.6018 0.5512
Y 0.2852 0.7818 0.5545
Z -0.7646 -0.1633 0.6235

PART 12
OFFSET 15.3590 -1.6736 -8.0025
SCALE 1 1 1
X 0.5780 -0.6018 0.5512
Y 0.2852 0.7818 0.5545
Z -0.7646 -0.1633 0.6235

PART 13
OFFSET 17.7384 -1.0780 -6.8729
SCALE 1 1 1
X 0.7252 -0.6714 0.1526
Y 0.6847 0.7266 -0.0573
Z -0.0724 0.1460 0.9866

PART 14
OFFSET 18.6956 -0.6188 -6.4544
SCALE 1 1 1
X 0.8774 -0.0522 0.4769
Y 0.0883 0.9947 -0.0535
Z -0.4715 0.0890 0.8774

PART 15
OFFSET 20.5716 -0.6273 -5.3819
SCALE 1 1 1
X 0.9251 -0.1272 0.3578
Y 0.0588 0.9788 0.1960
Z -0.3752 -0.1603 0.9130

PART 16
OFFSET 22.0195 -0.9091 -4.7137
SCALE 1 1 1
X 0.8353 -0.3337 0.4370
Y 0.2549 0.9392 0.2300
Z -0.4872 -0.0807 0.8696

PART 17
OFFSET 22.9048 -1.2576 -4.1974
SCALE 1 1 1
X 0.9821 -0.0009 -0.1886
Y -0.1885 -0.0270 -0.9817
Z -0.0042 0.9996 -0.0267

PART 18
OFFSET 17.6044 -2.3946 -6.4830
SCALE 1 1 1
X 0.2126 -0.9709 0.1103
Y -0.1203 0.0860 0.9890
Z -0.9697 -0.2235 -0.0985

PART 19
OFFSET 18.2085 -4.5330 -6.0997
SCALE 1 1 1
X -0.1328 0.0484 0.9900
Y -0.6815 0.7207 -0.1267
Z -0.7196 -0.6915 -0.0628

PART 20
OFFSET 18.0204 -4.4645 -4.6981
SCALE 1 1 1
X -0.5990 0.5941 0.5369
Y -0.3730 0.3862 -0.8436
Z -0.7085 -0.7056 -0.0097

PART 21
OFFSET 17.4893 -3.9378 -4.2221
SCALE 1 1 1
X -0.5971 0.5768 0.5575
Y -0.3403 0.4473 -0.8271
Z -0.7264 -0.6836 -0.0708

PART 22
OFFSET 16.9220 -3.3898 -3.6924
SCALE 1 1 1
X 0.7754 -0.6231 0.1031
Y 0.0356 -0.1199 -0.9922
Z 0.6305 0.7729 -0.0708

PART 23
OFFSET 18.2290 -2.0798 -6.6253
SCALE 1 1 1
X 0.4776 -0.8591 0.1837
Y -0.1245 0.1408 0.9822
Z -0.8697 -0.4920 -0.0397

PART 24
OFFSET 19.3422 -4.3857 -6.1761
SCALE 1 1 1
X 0.2021 -0.1868 0.9614
Y -0.6584 0.7008 0.2746
Z -0.7250 -0.6885 0.0187

PART 25
OFFSET 19.6864 -4.7037 -4.5393
SCALE 1 1 1
X -0.5562 0.6022 0.5728
Y -0.4257 0.3855 -0.8186
Z -0.7138 -0.6991 0.0419

PART 26
OFFSET 18.9156 -3.8692 -3.7455
SCALE 1 1 1
X -0.6257 0.6552 0.4233
Y -0.3230 0.2764 -0.9051
Z -0.7101 -0.7030 0.0387

PART 27
OFFSET 18.2370 -3.1586 -3.2864
SCALE 1 1 1
X 0.6622 -0.7293 0.1721
Y 0.1248 -0.1191 -0.9850
Z 0.7389 0.6737 0.0122

PART 28
OFFSET 21.0224 -1.9157 -5.9646
SCALE 1 1 1
X 0.5298 -0.7316 0.4290
Y 0.3067 -0.3063 -0.9012
Z 0.7907 0.6090 0.0621

PART 29
OFFSET 21.1077 -3.2003 -6.6882
SCALE 1 1 1
X 0.7718 -0.1787 0.6102
Y -0.5584 0.2685 0.7850
Z -0.3041 -0.9466 0.1074

PART 30
OFFSET 22.4666 -3.5150 -5.6139
SCALE 1 1 1
X 0.4071 -0.0586 0.9115
Y -0.8703 0.2778 0.4066
Z -0.2771 -0.9588 0.0621

PART 31
OFFSET 22.9784 -3.5280 -4.5096
SCALE 1 1 1
X -0.0599 0.1548 0.9861
Y -0.9622 0.2538 -0.0983
Z -0.2655 -0.9548 0.1337

PART 32
OFFSET 22.9107 -3.3531 -3.3957
SCALE 1 1 1
X 0.8134 -0.5481 -0.1947
Y -0.1956 0.0574 -0.9790
Z 0.5478 0.8344 -0.0606

PART 33
OFFSET 20.2746 -3.8907 -6.4653
SCALE 1 1 1
X 0.5277 -0.4371 0.7284
Y -0.5096 0.5231 0.6831
Z -0.6796 -0.7316 0.0533

PART 34
OFFSET 21.3054 -4.7446 -5.0424
SCALE 1 1 1
X -0.4808 0.5198 0.7062
Y -0.5166 0.4828 -0.7071
Z -0.7085 -0.7048 0.0364

PART 35
OFFSET 20.6032 -3.9854 -4.0109
SCALE 1 1 1
X -0.5334 0.5378 0.6529
Y -0.4413 0.4815 -0.7572
Z -0.7216 -0.6921 -0.0195

PART 36
OFFSET 19.9942 -3.3815 -3.2711
SCALE 1 1 1
X 0.7370 -0.6757 -0.0157
Y -0.0482 -0.0294 -0.9984
Z 0.6741 0.7366 -0.0542

PART 37
OFFSET 17.8040 1.4895 -7.1503
SCALE 1 1 1
X 0.5780 -0.6018 0.5512
Y 0.2852 0.7818 0.5545
Z -0.7646 -0.1633 0.6235

PART 38
OFFSET 17.3315 -0.1903 -9.1892
SCALE 1 1 1
X 0.5780 -0.6018 0.5512
Y 0.2852 0.7818 0.5545
Z -0.7646 -0.1633 0.6235

PART 39
OFFSET 16.4390 0.5494 -5.8208
SCALE 1 1 1
X 0.5780 -0.6018 0.5512
Y 0.2852 0.7818 0.5545
Z -0.7646 -0.1633 0.6235

PART 40
OFFSET 15.8835 -0.6984 -6.7903
SCALE 1 1 1
X 0.5780 -0.6018 0.5512
Y 0.2852 0.7818 0.5545
Z -0.7646 -0.1633 0.6235

PART 41
OFFSET 15.3590 -1.6736 -8.0025
SCALE 1 1 1
X 0.5780 -0.6018 0.5512
Y 0.2852 0.7818 0.5545
Z -0.7646 -0.1633 0.6235

PART 42
OFFSET 13.7118 -2.5515 -5.0013
SCALE 1 1 1
X 0.9995 0.0233 0.0226
Y -0.0234 0.9997 0.0061
Z -0.0224 -0.0066 0.9997

PART 43
OFFSET -2.3317 -3.5648 -2.9073
SCALE 1 1 1
X 0.3289 0.8134 0.4797
Y -0.0260 -0.5000 0.8656
Z 0.9440 -0.2972 -0.1433

PART 44
OFFSET -6.3100 -13.4024 -8.7088
SCALE 1 1 1
X -0.6653 -0.7260 -0.1743
Y 0.5890 -0.3669 -0.7201
Z 0.4588 -0.5817 0.6717

PART 45
OFFSET -0.6517 -7.2275 -7.2267
SCALE 1 1 1
X -0.6653 -0.7260 -0.1743
Y 0.0438 0.1950 -0.9798
Z 0.7453 -0.6595 -0.0979

PART 46
OFFSET -0.6755 -5.1436 -7.5673
SCALE 1 1 1
X -0.6700 -0.7222 -0.1718
Y -0.4654 0.5889 -0.6608
Z 0.5784 -0.3628 -0.7307

PART 47
OFFSET -0.5354 -5.0420 -6.3297
SCALE 1 1 1
X -0.6700 -0.7222 -0.1718
Y -0.4654 0.5889 -0.6608
Z 0.5784 -0.3628 -0.7307

PART 48
OFFSET 0.4441 -6.0650 -5.2459
SCALE 1 1 1
X -0.6700 -0.7222 -0.1718
Y -0.4654 0.5889 -0.6608
Z 0.5784 -0.3628 -0.7307

PART 49
OFFSET 1.3877 -5.0018 -6.6925
SCALE 1 1 1
X -0.9518 -0.2539 0.1718
Y -0.2189 0.1704 -0.9608
Z 0.2147 -0.9521 -0.2177

PART 50
OFFSET 1.9389 -4.6611 -5.7532
SCALE 1 1 1
X -0.5722 -0.7805 -0.2518
Y 0.1936 0.1698 -0.9663
Z 0.7969 -0.6017 0.0540

PART 51
OFFSET 3.1101 -2.9603 -5.1164
SCALE 1 1 1
X -0.7393 -0.6728 0.0273
Y 0.1531 -0.2074 -0.9662
Z 0.6557 -0.7102 0.2564

PART 52
OFFSET 4.2394 -1.8071 -5.2468
SCALE 1 1 1
X -0.6006 -0.5433 0.5866
Y -0.2659 -0.5562 -0.7873
Z 0.7541 -0.6289 0.1896

PART 53
OFFSET 4.8589 -1.1813 -5.8765
SCALE 1 1 1
X -0.9825 -0.1117 0.1490
Y -0.1464 0.9579 -0.2471
Z -0.1151 -0.2646 -0.9574

PART 54
OFFSET 1.9154 -4.4121 -7.8226
SCALE 1 1 1
X -0.6463 -0.3463 0.6800
Y 0.2854 -0.9361 -0.2055
Z 0.7077 0.0612 0.7038

PART 55
OFFSET 3.4355 -3.5102 -9.2227
SCALE 1 1 1
X -0.1303 -0.9649 0.2280
Y 0.4013 -0.2616 -0.8778
Z 0.9066 -0.0229 0.4213

PART 56
OFFSET 3.6201 -2.1441 -9.5456
SCALE 1 1 1
X 0.2966 -0.6729 -0.6777
Y 0.3493 0.7369 -0.5788
Z 0.8888 -0.0651 0.4536

PART 57
OFFSET 3.3571 -1.5476 -8.9447
SCALE 1 1 1
X 0.3961 -0.3142 -0.8628
Y 0.1404 0.9493 -0.2813
Z 0.9074 -0.0097 0.4201

PART 58
OFFSET 2.9808 -1.2491 -8.1250
SCALE 1 1 1
X -0.5223 -0.3542 0.7757
Y -0.0342 0.9176 0.3960
Z -0.8521 0.1802 -0.4914

PART 59
OFFSET 2.3002 -4.6024 -7.2523
SCALE 1 1 1
X -0.8373 -0.2997 0.4573
Y 0.2435 -0.9533 -0.1788
Z 0.4895 -0.0384 0.8712

PART 60
OFFSET 4.4060 -3.8399 -8.5724
SCALE 1 1 1
X -0.0558 -0.9984 0.0081
Y 0.5420 -0.0371 -0.8395
Z 0.8385 -0.0424 0.5432

PART 61
OFFSET 4.5009 -2.1401 -8.5863
SCALE 1 1 1
X 0.4705 -0.4381 -0.7660
Y 0.2936 0.8963 -0.3323
Z 0.8321 -0.0686 0.5503

PART 62
OFFSET 3.8489 -1.5330 -7.5246
SCALE 1 1 1
X 0.5484 0.2908 -0.7841
Y -0.1095 0.9545 0.2774
Z 0.8290 -0.0662 0.5552

PART 63
OFFSET 3.2542 -1.8483 -6.6743
SCALE 1 1 1
X -0.3459 -0.7868 0.5112
Y -0.4395 0.6173 0.6525
Z -0.8289 0.0010 -0.5593

PART 64
OFFSET -2.2736 -6.7130 -5.2817
SCALE 1 1 1
X -0.7936 -0.5366 0.2869
Y -0.4904 0.8431 0.2206
Z -0.3603 0.0343 -0.9322

PART 65
OFFSET 5.3415 -4.4947 -6.7182
SCALE 1 1 1
X -0.9289 -0.2221 0.2964
Y 0.1923 -0.9732 -0.1264
Z 0.3165 -0.0604 0.9467

PART 66
OFFSET 6.9769 -4.1037 -7.2401
SCALE 1 1 1
X -0.6909 -0.6886 0.2203
Y 0.6532 -0.7251 -0.2181
Z 0.3099 -0.0068 0.9507

PART 67
OFFSET 7.8356 -3.2670 -7.4502
SCALE 1 1 1
X -0.1995 -0.9798 -0.0140
Y 0.9408 -0.1875 -0.2825
Z 0.2741 -0.0695 0.9592

PART 68
OFFSET 8.0609 -2.1603 -7.4344
SCALE 1 1 1
X -0.7072 0.4687 0.5293
Y 0.4331 0.8790 -0.1995
Z -0.5588 0.0881 -0.8246

PART 69
OFFSET 4.9640 -4.1662 -7.7032
SCALE 1 1 1
X -0.5679 -0.8185 0.0872
Y 0.7558 -0.5604 -0.3388
Z 0.3261 -0.1265 0.9368

PART 70
OFFSET 6.0734 -2.5672 -7.8734
SCALE 1 1 1
X 0.6436 -0.6913 -0.3283
Y 0.6748 0.7150 -0.1828
Z 0.3611 -0.1039 0.9267

PART 71
OFFSET 5.1333 -1.5574 -7.3939
SCALE 1 1 1
X 0.8954 -0.2337 -0.3791
Y 0.2341 0.9711 -0.0457
Z 0.3788 -0.0479 0.9242

PART 72
OFFSET 4.1166 -1.2918 -6.9711
SCALE 1 1 1
X -0.8603 -0.4380 0.2607
Y -0.3678 0.8876 0.2774
Z -0.3529 0.1427 -0.9247

PART 73
OFFSET -0.6755 -5.1436 -7.5673
SCALE 1 1 1
X -0.6700 -0.7222 -0.1718
Y -0.4654 0.5889 -0.6608
Z 0.5784 -0.3628 -0.7307

PART 74
OFFSET -0.5354 -5.0420 -6.3297
SCALE 1 1 1
X -0.6700 -0.7222 -0.1718
Y -0.4654 0.5889 -0.6608
Z 0.5784 -0.3628 -0.7307

PART 75
OFFSET 0.4441 -6.0650 -5.2459
SCALE 1 1 1
X -0.6700 -0.7222 -0.1718
Y -0.4654 0.5889 -0.6608
Z 0.5784 -0.3628 -0.7307

PART 76
OFFSET 0.0000 0.0000 0.0000
SCALE 1 1 1
X 1.0000 0.0000 0.0000
Y 0.0000 1.0000 0.0000
Z 0.0000 0.0000 1.0000

PART 77
OFFSET 0.0100 0.0000 0.0000
SCALE 1 1 1
X 1.0000 -0.0003 -0.0010
Y 0.0003 1.0000 -0.0000
Z 0.0010 0.0000 1.0000

PART 78
OFFSET 1.5544 -0.0004 4.1343
SCALE 1 1 1
X 1.0000 -0.0003 -0.0010
Y 0.0003 1.0000 -0.0000
Z 0.0010 0.0000 1.0000

PART 79
OFFSET 13.7118 -2.5515 -5.0013
SCALE 1 1 1
X 0.9995 0.0233 0.0226
Y -0.0234 0.9997 0.0061
Z -0.0224 -0.0066 0.9997

PART 80
OFFSET 12.0000 -3.1811 -8.0884
SCALE 1 1 1
X -0.0147 -0.8618 0.5070
Y 0.9976 0.0214 0.0653
Z -0.0672 0.5067 0.8595

PART 81
OFFSET 11.1375 -4.4302 -4.0102
SCALE 1 1 1
X 0.9988 0.0232 0.0430
Y -0.0234 0.9997 0.0061
Z -0.0429 -0.0071 0.9991

PART 82
OFFSET 41.5154 -1.9126 -2.8522
SCALE 1 1 1
X 0.9995 0.0233 0.0226
Y -0.0234 0.9997 0.0061
Z -0.0224 -0.0066 0.9997

PART 83
OFFSET -2.0586 -2.9655 -10.7991
SCALE 1 1 1
X 0.9886 -0.0968 0.1152
Y 0.0760 0.9820 0.1726
Z -0.1299 -0.1619 0.9782

PART 84
OFFSET 5.2484 -2.8615 -5.9865
SCALE 1 1 1
X 0.8328 -0.0019 0.5536
Y -0.2615 0.8801 0.3963
Z -0.4880 -0.4748 0.7324

PART 85
OFFSET 7.5047 -2.6948 -3.4294
SCALE 1 1 1
X 0.9995 0.0233 0.0226
Y -0.0234 0.9997 0.0061
Z -0.0224 -0.0066 0.9997

PART 86
OFFSET 37.3056 -2.0033 -4.1656
SCALE 1 1 1
X 0.9988 0.0232 0.0430
Y -0.0234 0.9997 0.0061
Z -0.0429 -0.0071 0.9991

PART 87
OFFSET 50.3997 -1.7103 -1.8550
SCALE 1 1 1
X 0.9988 0.0232 0.0430
Y -0.0234 0.9997 0.0061
Z -0.0429 -0.0071 0.9991

PART 88
OFFSET 50.7677 -1.6979 -2.4721
SCALE 1 1 1
X 0.9988 0.0232 0.0430
Y -0.0234 0.9997 0.0061
Z -0.0429 -0.0071 0.9991

PART 89
OFFSET 9.4857 -1.3350 -4.2432
SCALE 1 1 1
X 0.9995 0.0233 0.0226
Y -0.0234 0.9997 0.0061
Z -0.0224 -0.0066 0.9997

PART 90
OFFSET 19.3214 -2.8358 -4.0325
SCALE 1 1 1
X 0.9995 0.0233 0.0226
Y -0.0234 0.9997 0.0061
Z -0.0224 -0.0066 0.9997

PART 91
OFFSET 43.0986 -1.8765 -2.6775
SCALE 1 1 1
X 0.9988 0.0232 0.0430
Y -0.0234 0.9997 0.0061
Z -0.0429 -0.0071 0.9991


FRAME 77
PART 0
OFFSET 18.0901 -1.7234 -6.4405
SCALE 1 1 1
X 0.4969 -0.8515 0.1675
Y -0.1412 0.1111 0.9837
Z -0.8562 -0.5125 -0.0651

PART 1
OFFSET 18.0901 -1.7234 -6.4405
SCALE 1 1 1
X 0.4969 -0.8515 0.1675
Y -0.1412 0.1111 0.9837
Z -0.8562 -0.5125 -0.0651

PART 2
OFFSET 2.2704 -4.6069 -7.4792
SCALE 1 1 1
X -0.8415 -0.3216 0.4342
Y 0.2706 -0.9464 -0.1765
Z 0.4676 -0.0310 0.8834

PART 3
OFFSET 2.2704 -4.6069 -7.4792
SCALE 1 1 1
X -0.8415 -0.3216 0.4342
Y 0.2706 -0.9464 -0.1765
Z 0.4676 -0.0310 0.8834

PART 4
OFFSET 5.9840 -3.1050 -3.3894
SCALE 1 1 1
X 1.0000 0.0000 0.0000
Y 0.0000 1.0000 0.0000
Z 0.0000 -0.0000 1.0000

PART 5
OFFSET 1.4024 4.2672 -6.2573
SCALE 1 1 1
X 0.7946 0.1479 -0.5888
Y 0.0559 -0.9836 -0.1717
Z -0.6045 0.1035 -0.7898

PART 6
OFFSET 11.0127 6.0559 -13.3781
SCALE 1 1 1
X 0.5678 -0.5866 0.5775
Y -0.7810 -0.1622 0.6030
Z -0.2601 -0.7934 -0.5503

PART 7
OFFSET 15.8416 1.0662 -8.4663
SCALE 1 1 1
X 0.5678 -0.5866 0.5775
Y 0.7327 0.6799 -0.0297
Z -0.3752 0.4400 0.8159

PART 8
OFFSET 17.6328 1.8282 -7.0349
SCALE 1 1 1
X 0.5731 -0.5835 0.5754
Y 0.2697 0.7973 0.5399
Z -0.7738 -0.1543 0.6143

PART 9
OFFSET 17.2081 0.0955 -9.0397
SCALE 1 1 1
X 0.5731 -0.5835 0.5754
Y 0.2697 0.7973 0.5399
Z -0.7738 -0.1543 0.6143

PART 10
OFFSET 16.2525 0.9097 -5.7060
SCALE 1 1 1
X 0.5731 -0.5835 0.5754
Y 0.2697 0.7973 0.5399
Z -0.7738 -0.1543 0.6143

PART 11
OFFSET 15.7233 -0.3657 -6.6539
SCALE 1 1 1
X 0.5731 -0.5835 0.5754
Y 0.2697 0.7973 0.5399
Z -0.7738 -0.1543 0.6143

PART 12
OFFSET 15.2271 -1.3744 -7.8506
SCALE 1 1 1
X 0.5731 -0.5835 0.5754
Y 0.2697 0.7973 0.5399
Z -0.7738 -0.1543 0.6143

PART 13
OFFSET 17.5822 -0.7322 -6.6959
SCALE 1 1 1
X 0.7370 -0.6546 0.1683
Y 0.6682 0.7431 -0.0356
Z -0.1017 0.1387 0.9851

PART 14
OFFSET 18.5168 -0.2527 -6.2501
SCALE 1 1 1
X 0.8549 -0.0323 0.5178
Y 0.0654 0.9968 -0.0458
Z -0.5147 0.0730 0.8543

PART 15
OFFSET 20.3395 -0.2188 -5.0898
SCALE 1 1 1
X 0.9100 -0.1073 0.4005
Y 0.0262 0.9789 0.2027
Z -0.4138 -0.1740 0.8936

PART 16
OFFSET 21.7606 -0.4699 -4.3552
SCALE 1 1 1
X 0.8174 -0.3330 0.4700
Y 0.2359 0.9379 0.2542
Z -0.5255 -0.0969 0.8453

PART 17
OFFSET 22.6245 -0.8185 -3.8039
SCALE 1 1 1
X 0.9896 0.0097 -0.1436
Y -0.1434 -0.0148 -0.9895
Z -0.0117 0.9998 -0.0133

PART 18
OFFSET 17.4697 -2.0539 -6.3162
SCALE 1 1 1
X 0.2300 -0.9645 0.1301
Y -0.1527 0.0963 0.9836
Z -0.9611 -0.2461 -0.1251

PART 19
OFFSET 18.1078 -4.1732 -5.8851
SCALE 1 1 1
X -0.1645 0.0584 0.9847
Y -0.6927 0.7038 -0.1574
Z -0.7022 -0.7080 -0.0753

PART 20
OFFSET 17.8750 -4.0905 -4.4911
SCALE 1 1 1
X -0.6176 0.5770 0.5344
Y -0.3729 0.3835 -0.8449
Z -0.6925 -0.7211 -0.0217

PART 21
OFFSET 17.3274 -3.5789 -4.0172
SCALE 1 1 1
X -0.6013 0.5412 0.5878
Y -0.3661 0.4673 -0.8048
Z -0.7102 -0.6991 -0.0829

PART 22
OFFSET 16.7561 -3.0648 -3.4588
SCALE 1 1 1
X 0.7924 -0.6062 0.0676
Y 0.0209 -0.0839 -0.9963
Z 0.6096 0.7909 -0.0538

PART 23
OFFSET 18.0901 -1.7234 -6.4405
SCALE 1 1 1
X 0.4969 -0.8515 0.1675
Y -0.1412 0.1111 0.9837
Z -0.8562 -0.5125 -0.0651

PART 24
OFFSET 19.2557 -4.0119 -6.0371
SCALE 1 1 1
X 0.1930 -0.1793 0.9647
Y -0.6555 0.7080 0.2628
Z -0.7301 -0.6831 0.0191

PART 25
OFFSET 19.5843 -4.3171 -4.3948
SCALE 1 1 1
X -0.5468 0.6026 0.5813
Y -0.4288 0.3948 -0.8126
Z -0.7191 -0.6936 0.0425

PART 26
OFFSET 18.8265 -3.4820 -3.5891
SCALE 1 1 1
X -0.5897 0.6332 0.5013
Y -0.3745 0.3356 -0.8644
Z -0.7155 -0.6975 0.0392

PART 27
OFFSET 18.1869 -2.7953 -3.0454
SCALE 1 1 1
X 0.6619 -0.7448 0.0849
Y 0.0622 -0.0583 -0.9964
Z 0.7470 0.6648 0.0078

PART 28
OFFSET 20.8605 -1.4961 -5.7057
SCALE 1 1 1
X 0.5359 -0.7211 0.4391
Y 0.3375 -0.2938 -0.8943
Z 0.7739 0.6275 0.0859

PART 29
OFFSET 20.9956 -2.7742 -6.4332
SCALE 1 1 1
X 0.7583 -0.1633 0.6311
Y -0.5858 0.2540 0.7696
Z -0.2860 -0.9533 0.0970

PART 30
OFFSET 22.3307 -3.0617 -5.3221
SCALE 1 1 1
X 0.3828 -0.0521 0.9224
Y -0.8872 0.2575 0.3828
Z -0.2574 -0.9649 0.0524

PART 31
OFFSET 22.8118 -3.0664 -4.2039
SCALE 1 1 1
X -0.0908 0.1508 0.9844
Y -0.9645 0.2328 -0.1246
Z -0.2480 -0.9607 0.1243

PART 32
OFFSET 22.7093 -2.8960 -3.0920
SCALE 1 1 1
X 0.8305 -0.5295 -0.1730
Y -0.1695 0.0556 -0.9840
Z 0.5307 0.8465 -0.0436

PART 33
OFFSET 20.1738 -3.4857 -6.2358
SCALE 1 1 1
X 0.5188 -0.4284 0.7398
Y -0.5398 0.5069 0.6721
Z -0.6629 -0.7480 0.0317

PART 34
OFFSET 21.1873 -4.3226 -4.7906
SCALE 1 1 1
X -0.5115 0.5041 0.6959
Y -0.5094 0.4743 -0.7180
Z -0.6920 -0.7217 0.0142

PART 35
OFFSET 20.4402 -3.5863 -3.7741
SCALE 1 1 1
X -0.5631 0.5212 0.6413
Y -0.4328 0.4750 -0.7661
Z -0.7039 -0.7090 -0.0419

PART 36
OFFSET 19.7978 -3.0014 -3.0475
SCALE 1 1 1
X 0.7533 -0.6577 0.0003
Y -0.0213 -0.0249 -0.9995
Z 0.6574 0.7529 -0.0327

PART 37
OFFSET 17.6328 1.8282 -7.0349
SCALE 1 1 1
X 0.5731 -0.5835 0.5754
Y 0.2697 0.7973 0.5399
Z -0.7738 -0.1543 0.6143

PART 38
OFFSET 17.2081 0.0955 -9.0397
SCALE 1 1 1
X 0.5731 -0.5835 0.5754
Y 0.2697 0.7973 0.5399
Z -0.7738 -0.1543 0.6143

PART 39
OFFSET 16.2525 0.9097 -5.7060
SCALE 1 1 1
X 0.5731 -0.5835 0.5754
Y 0.2697 0.7973 0.5399
Z -0.7738 -0.1543 0.6143

PART 40
OFFSET 15.7233 -0.3657 -6.6539
SCALE 1 1 1
X 0.5731 -0.5835 0.5754
Y 0.2697 0.7973 0.5399
Z -0.7738 -0.1543 0.6143

PART 41
OFFSET 15.2271 -1.3744 -7.8506
SCALE 1 1 1
X 0.5731 -0.5835 0.5754
Y 0.2697 0.7973 0.5399
Z -0.7738 -0.1543 0.6143

PART 42
OFFSET 13.5446 -2.3123 -4.9383
SCALE 1 1 1
X 0.9977 0.0471 0.0490
Y -0.0477 0.9988 0.0105
Z -0.0484 -0.0128 0.9987

PART 43
OFFSET -2.3317 -3.5648 -2.9073
SCALE 1 1 1
X 0.3484 0.8048 0.4805
Y -0.0027 -0.5117 0.8591
Z 0.9374 -0.3006 -0.1761

PART 44
OFFSET -6.5448 -13.2986 -8.7182
SCALE 1 1 1
X -0.6826 -0.7146 -0.1532
Y 0.5550 -0.3704 -0.7448
Z 0.4755 -0.5935 0.6494

PART 45
OFFSET -0.7391 -7.2210 -7.4147
SCALE 1 1 1
X -0.6826 -0.7146 -0.1532
Y 0.0209 0.1906 -0.9815
Z 0.7305 -0.6731 -0.1152

PART 46
OFFSET -0.7421 -5.1384 -7.7296
SCALE 1 1 1
X -0.6872 -0.7107 -0.1506
Y -0.4815 0.6008 -0.6382
Z 0.5440 -0.3661 -0.7550

PART 47
OFFSET -0.5562 -5.0445 -6.4986
SCALE 1 1 1
X -0.6872 -0.7107 -0.1506
Y -0.4815 0.6008 -0.6382
Z 0.5440 -0.3661 -0.7550

PART 48
OFFSET 0.4393 -6.0793 -5.4698
SCALE 1 1 1
X -0.6872 -0.7107 -0.1506
Y -0.4815 0.6008 -0.6382
Z 0.5440 -0.3661 -0.7550

PART 49
OFFSET 1.3535 -5.0304 -6.9449
SCALE 1 1 1
X -0.9497 -0.2772 0.1460
Y -0.1980 0.1698 -0.9654
Z 0.2428 -0.9457 -0.2162

PART 50
OFFSET 1.8721 -4.6813 -5.9903
SCALE 1 1 1
X -0.5825 -0.7518 -0.3090
Y 0.2078 0.2298 -0.9508
Z 0.7858 -0.6180 0.0224

PART 51
OFFSET 3.0646 -3.0474 -5.2299
SCALE 1 1 1
X -0.7548 -0.6559 -0.0003
Y 0.1417 -0.1626 -0.9765
Z 0.6404 -0.7371 0.2157

PART 52
OFFSET 4.2199 -1.9157 -5.3118
SCALE 1 1 1
X -0.6126 -0.5637 0.5540
Y -0.2770 -0.5034 -0.8185
Z 0.7402 -0.6549 0.1522

PART 53
OFFSET 4.8532 -1.2676 -5.9039
SCALE 1 1 1
X -0.9848 -0.0992 0.1425
Y -0.1256 0.9736 -0.1906
Z -0.1198 -0.2056 -0.9713

PART 54
OFFSET 1.8960 -4.4229 -8.0585
SCALE 1 1 1
X -0.6552 -0.3648 0.6616
Y 0.3128 -0.9281 -0.2021
Z 0.6877 0.0745 0.7222

PART 55
OFFSET 3.4299 -3.4785 -9.4150
SCALE 1 1 1
X -0.1727 -0.9575 0.2309
Y 0.4121 -0.2832 -0.8660
Z 0.8946 -0.0544 0.4435

PART 56
OFFSET 3.6744 -2.1229 -9.7419
SCALE 1 1 1
X 0.3069 -0.6503 -0.6949
Y 0.3757 0.7536 -0.5394
Z 0.8744 -0.0956 0.4756

PART 57
OFFSET 3.4022 -1.5463 -9.1258
SCALE 1 1 1
X 0.4145 -0.2975 -0.8600
Y 0.1661 0.9539 -0.2500
Z 0.8948 -0.0392 0.4448

PART 58
OFFSET 3.0084 -1.2636 -8.3087
SCALE 1 1 1
X -0.5507 -0.3656 0.7504
Y -0.0283 0.9067 0.4209
Z -0.8342 0.2106 -0.5096

PART 59
OFFSET 2.2704 -4.6069 -7.4792
SCALE 1 1 1
X -0.8415 -0.3216 0.4342
Y 0.2706 -0.9464 -0.1765
Z 0.4676 -0.0310 0.8834

PART 60
OFFSET 4.3908 -3.7884 -8.7412
SCALE 1 1 1
X -0.0759 -0.9970 0.0178
Y 0.5619 -0.0575 -0.8252
Z 0.8237 -0.0527 0.5645

PART 61
OFFSET 4.5200 -2.0910 -8.7714
SCALE 1 1 1
X 0.4972 -0.4071 -0.7662
Y 0.2930 0.9100 -0.2934
Z 0.8167 -0.0786 0.5717

PART 62
OFFSET 3.8309 -1.5268 -7.7095
SCALE 1 1 1
X 0.5715 0.2898 -0.7677
Y -0.1084 0.9540 0.2794
Z 0.8134 -0.0765 0.5767

PART 63
OFFSET 3.2111 -1.8411 -6.8769
SCALE 1 1 1
X -0.3663 -0.7862 0.4977
Y -0.4512 0.6179 0.6439
Z -0.8138 0.0113 -0.5811

PART 64
OFFSET -2.3013 -6.8345 -5.6366
SCALE 1 1 1
X -0.7877 -0.5566 0.2640
Y -0.5158 0.8302 0.2114
Z -0.3368 0.0303 -0.9411

PART 65
OFFSET 5.2935 -4.4299 -6.8662
SCALE 1 1 1
X -0.9228 -0.2799 0.2646
Y 0.2533 -0.9585 -0.1307
Z 0.2902 -0.0536 0.9555

PART 66
OFFSET 6.9182 -3.9370 -7.3321
SCALE 1 1 1
X -0.6037 -0.7776 0.1760
Y 0.7463 -0.6288 -0.2183
Z 0.2804 -0.0004 0.9599

PART 67
OFFSET 7.6691 -2.9918 -7.4878
SCALE 1 1 1
X -0.0898 -0.9949 -0.0460
Y 0.9634 -0.0750 -0.2574
Z 0.2526 -0.0674 0.9652

PART 68
OFFSET 7.7705 -1.8680 -7.4358
SCALE 1 1 1
X -0.7694 0.3727 0.5188
Y 0.3391 0.9266 -0.1626
Z -0.5413 0.0509 -0.8393

PART 69
OFFSET 4.9338 -4.1056 -7.8592
SCALE 1 1 1
X -0.5527 -0.8305 0.0699
Y 0.7708 -0.5413 -0.3359
Z 0.3168 -0.1317 0.9393

PART 70
OFFSET 6.0135 -2.4833 -7.9958
SCALE 1 1 1
X 0.6813 -0.6517 -0.3334
Y 0.6421 0.7507 -0.1553
Z 0.3515 -0.1083 0.9299

PART 71
OFFSET 5.0184 -1.5314 -7.5088
SCALE 1 1 1
X 0.9052 -0.2111 -0.3687
Y 0.2151 0.9761 -0.0308
Z 0.3664 -0.0514 0.9290

PART 72
OFFSET 3.9906 -1.2913 -7.0978
SCALE 1 1 1
X -0.8549 -0.4583 0.2430
Y -0.3896 0.8766 0.2825
Z -0.3425 0.1468 -0.9280

PART 73
OFFSET -0.7421 -5.1384 -7.7296
SCALE 1 1 1
X -0.6872 -0.7107 -0.1506
Y -0.4815 0.6008 -0.6382
Z 0.5440 -0.3661 -0.7550

PART 74
OFFSET -0.5562 -5.0445 -6.4986
SCALE 1 1 1
X -0.6872 -0.7107 -0.1506
Y -0.4815 0.6008 -0.6382
Z 0.5440 -0.3661 -0.7550

PART 75
OFFSET 0.4393 -6.0793 -5.4698
SCALE 1 1 1
X -0.6872 -0.7107 -0.1506
Y -0.4815 0.6008 -0.6382
Z 0.5440 -0.3661 -0.7550

PART 76
OFFSET 0.0000 0.0000 0.0000
SCALE 1 1 1
X 1.0000 0.0000 0.0000
Y 0.0000 1.0000 0.0000
Z 0.0000 0.0000 1.0000

PART 77
OFFSET 0.0382 0.0000 0.0000
SCALE 1 1 1
X 1.0000 -0.0011 -0.0037
Y 0.0011 1.0000 -0.0001
Z 0.0037 0.0000 1.0000

PART 78
OFFSET 1.5938 -0.0016 4.1301
SCALE 1 1 1
X 1.0000 -0.0011 -0.0037
Y 0.0011 1.0000 -0.0001
Z 0.0037 0.0000 1.0000

PART 79
OFFSET 13.5446 -2.3123 -4.9383
SCALE 1 1 1
X 0.9977 0.0471 0.0490
Y -0.0477 0.9988 0.0105
Z -0.0484 -0.0128 0.9987

PART 80
OFFSET 11.9299 -2.9653 -8.0725
SCALE 1 1 1
X -0.0072 -0.8648 0.5021
Y 0.9948 0.0449 0.0917
Z -0.1018 0.5001 0.8599

PART 81
OFFSET 10.9913 -4.2577 -4.0247
SCALE 1 1 1
X 0.9965 0.0468 0.0694
Y -0.0477 0.9988 0.0105
Z -0.0688 -0.0137 0.9975

PART 82
OFFSET 41.2590 -1.0198 -2.0552
SCALE 1 1 1
X 0.9977 0.0471 0.0490
Y -0.0477 0.9988 0.0105
Z -0.0484 -0.0128 0.9987

PART 83
OFFSET -0.9778 -2.9954 -10.4980
SCALE 1 1 1
X 0.9690 -0.0270 0.2456
Y -0.0383 0.9656 0.2573
Z -0.2441 -0.2587 0.9346

PART 84
OFFSET 5.1428 -2.8029 -6.1302
SCALE 1 1 1
X 0.8180 0.0151 0.5750
Y -0.2924 0.8717 0.3931
Z -0.4953 -0.4897 0.7175

PART 85
OFFSET 7.3037 -2.6131 -3.5310
SCALE 1 1 1
X 0.9977 0.0471 0.0490
Y -0.0477 0.9988 0.0105
Z -0.0484 -0.0128 0.9987

PART 86
OFFSET 37.0884 -1.2039 -3.4794
SCALE 1 1 1
X 0.9965 0.0468 0.0694
Y -0.0477 0.9988 0.0105
Z -0.0688 -0.0137 0.9975

PART 87
OFFSET 50.1066 -0.6104 -0.8236
SCALE 1 1 1
X 0.9965 0.0468 0.0694
Y -0.0477 0.9988 0.0105
Z -0.0688 -0.0137 0.9975

PART 88
OFFSET 50.4903 -0.5857 -1.4307
SCALE 1 1 1
X 0.9965 0.0468 0.0694
Y -0.0477 0.9988 0.0105
Z -0.0688 -0.0137 0.9975

PART 89
OFFSET 9.2721 -1.2017 -4.2856
SCALE 1 1 1
X 0.9977 0.0471 0.0490
Y -0.0477 0.9988 0.0105
Z -0.0484 -0.0128 0.9987

PART 90
OFFSET 19.1321 -2.4677 -3.8236
SCALE 1 1 1
X 0.9977 0.0471 0.0490
Y -0.0477 0.9988 0.0105
Z -0.0484 -0.0128 0.9987

PART 91
OFFSET 42.8357 -0.9468 -1.8387
SCALE 1 1 1
X 0.9965 0.0468 0.0694
Y -0.0477 0.9988 0.0105
Z -0.0688 -0.0137 0.9975


FRAME 78
PART 0
OFFSET 17.9371 -1.3412 -6.2330
SCALE 1 1 1
X 0.5195 -0.8425 0.1424
Y -0.1530 0.0723 0.9856
Z -0.8407 -0.5338 -0.0913

PART 1
OFFSET 17.9371 -1.3412 -6.2330
SCALE 1 1 1
X 0.5195 -0.8425 0.1424
Y -0.1530 0.0723 0.9856
Z -0.8407 -0.5338 -0.0913

PART 2
OFFSET 2.2532 -4.6047 -7.6957
SCALE 1 1 1
X -0.8442 -0.3450 0.4102
Y 0.2991 -0.9383 -0.1736
Z 0.4448 -0.0239 0.8953

PART 3
OFFSET 2.2532 -4.6047 -7.6957
SCALE 1 1 1
X -0.8442 -0.3450 0.4102
Y 0.2991 -0.9383 -0.1736
Z 0.4448 -0.0239 0.8953

PART 4
OFFSET 5.9840 -3.1050 -3.3894
SCALE 1 1 1
X 1.0000 0.0000 0.0000
Y 0.0000 1.0000 0.0000
Z 0.0000 -0.0000 1.0000

PART 5
OFFSET 1.4024 4.2672 -6.2573
SCALE 1 1 1
X 0.7861 0.1583 -0.5975
Y 0.0814 -0.9848 -0.1538
Z -0.6127 0.0722 -0.7870

PART 6
OFFSET 10.9097 6.1812 -13.4830
SCALE 1 1 1
X 0.5618 -0.5655 0.6038
Y -0.7910 -0.1534 0.5923
Z -0.2423 -0.8104 -0.5335

PART 7
OFFSET 15.6884 1.3718 -8.3473
SCALE 1 1 1
X 0.5618 -0.5655 0.6038
Y 0.7131 0.7010 -0.0071
Z -0.4193 0.4346 0.7971

PART 8
OFFSET 17.4448 2.1890 -6.9034
SCALE 1 1 1
X 0.5672 -0.5623 0.6017
Y 0.2520 0.8141 0.5232
Z -0.7841 -0.1451 0.6035

PART 9
OFFSET 17.0744 0.3991 -8.8682
SCALE 1 1 1
X 0.5672 -0.5623 0.6017
Y 0.2520 0.8141 0.5232
Z -0.7841 -0.1451 0.6035

PART 10
OFFSET 16.0477 1.2935 -5.5765
SCALE 1 1 1
X 0.5672 -0.5623 0.6017
Y 0.2520 0.8141 0.5232
Z -0.7841 -0.1451 0.6035

PART 11
OFFSET 15.5483 -0.0120 -6.4994
SCALE 1 1 1
X 0.5672 -0.5623 0.6017
Y 0.2520 0.8141 0.5232
Z -0.7841 -0.1451 0.6035

PART 12
OFFSET 15.0843 -1.0571 -7.6775
SCALE 1 1 1
X 0.5672 -0.5623 0.6017
Y 0.2520 0.8141 0.5232
Z -0.7841 -0.1451 0.6035

PART 13
OFFSET 17.4108 -0.3617 -6.4962
SCALE 1 1 1
X 0.7488 -0.6367 0.1843
Y 0.6496 0.7602 -0.0130
Z -0.1318 0.1295 0.9828

PART 14
OFFSET 18.3204 0.1387 -6.0223
SCALE 1 1 1
X 0.8251 -0.0122 0.5648
Y 0.0406 0.9985 -0.0378
Z -0.5635 0.0541 0.8244

PART 15
OFFSET 20.0737 0.2150 -4.7614
SCALE 1 1 1
X 0.8887 -0.0875 0.4500
Y -0.0097 0.9778 0.2092
Z -0.4583 -0.1903 0.8682

PART 16
OFFSET 21.4577 -0.0058 -3.9503
SCALE 1 1 1
X 0.7931 -0.3387 0.5062
Y 0.2172 0.9338 0.2844
Z -0.5690 -0.1156 0.8141

PART 17
OFFSET 22.2930 -0.3615 -3.3607
SCALE 1 1 1
X 0.9957 0.0167 -0.0907
Y -0.0908 0.0040 -0.9959
Z -0.0162 0.9999 0.0055

PART 18
OFFSET 17.3223 -1.6883 -6.1276
SCALE 1 1 1
X 0.2463 -0.9565 0.1565
Y -0.1882 0.1112 0.9758
Z -0.9507 -0.2698 -0.1526

PART 19
OFFSET 17.9911 -3.7844 -5.6340
SCALE 1 1 1
X -0.1992 0.0732 0.9772
Y -0.7020 0.6851 -0.1944
Z -0.6837 -0.7248 -0.0851

PART 20
OFFSET 17.7091 -3.6808 -4.2505
SCALE 1 1 1
X -0.6336 0.5584 0.5355
Y -0.3772 0.3814 -0.8440
Z -0.6755 -0.7367 -0.0310

PART 21
OFFSET 17.1474 -3.1857 -3.7757
SCALE 1 1 1
X -0.5954 0.4964 0.6318
Y -0.4058 0.4929 -0.7697
Z -0.6934 -0.7146 -0.0921

PART 22
OFFSET 16.5817 -2.7141 -3.1755
SCALE 1 1 1
X 0.8104 -0.5857 0.0133
Y -0.0108 -0.0376 -0.9992
Z 0.5858 0.8096 -0.0368

PART 23
OFFSET 17.9371 -1.3412 -6.2330
SCALE 1 1 1
X 0.5195 -0.8425 0.1424
