// Export filename: `C:/cod5/cod/cod5/xanim_export/viewmodel/US/m1garand/m1garand_ADS_down.XANIM_EXPORT`
// Source filename: `C:/cod5/cod/cod5/animation_assets/viewmodel/US/m1_garand/viewmodelanimation_m1garand.mb`
// Export time: Tue Apr 29 13:25:15 2008

ANIMATION
VERSION 3

NUMPARTS 2
PART 0 "tag_view"
PART 1 "tag_torso"

FRAMERATE 24
NUMFRAMES 10

FRAME 1
PART 0
OFFSET 0.0000 0.0000 0.0000
SCALE 1 1 1
X 1.0000 0.0000 0.0000
Y 0.0000 1.0000 0.0000
Z 0.0000 0.0000 1.0000

PART 1
OFFSET 3.6644 -0.3533 -0.5071
SCALE 1 1 1
X 0.9999 0.0001 -0.0166
Y -0.0001 1.0000 -0.0000
Z 0.0166 0.0000 0.9999


FRAME 2
PART 0
OFFSET 0.0000 0.0000 0.0000
SCALE 1 1 1
X 1.0000 0.0000 0.0000
Y 0.0000 1.0000 0.0000
Z 0.0000 0.0000 1.0000

PART 1
OFFSET 3.8599 -0.5179 -1.0519
SCALE 1 1 1
X 1.0000 0.0016 -0.0037
Y -0.0016 1.0000 0.0032
Z 0.0037 -0.0032 1.0000


FRAME 3
PART 0
OFFSET 0.0000 0.0000 0.0000
SCALE 1 1 1
X 1.0000 0.0000 0.0000
Y 0.0000 1.0000 0.0000
Z 0.0000 0.0000 1.0000

PART 1
OFFSET 4.1904 -0.9076 -2.2795
SCALE 1 1 1
X 0.9999 0.0051 0.0097
Y -0.0051 1.0000 -0.0039
Z -0.0098 0.0039 0.9999


FRAME 4
PART 0
OFFSET 0.0000 0.0000 0.0000
SCALE 1 1 1
X 1.0000 0.0000 0.0000
Y 0.0000 1.0000 0.0000
Z 0.0000 0.0000 1.0000

PART 1
OFFSET 4.5605 -1.3662 -3.5791
SCALE 1 1 1
X 0.9998 0.0086 0.0203
Y -0.0083 0.9999 -0.0137
Z -0.0204 0.0136 0.9997


FRAME 5
PART 0
OFFSET 0.0000 0.0000 0.0000
SCALE 1 1 1
X 1.0000 0.0000 0.0000
Y 0.0000 1.0000 0.0000
Z 0.0000 0.0000 1.0000

PART 1
OFFSET 4.8745 -1.7372 -4.3402
SCALE 1 1 1
X 0.9996 0.0101 0.0245
Y -0.0097 0.9998 -0.0187
Z -0.0247 0.0185 0.9995


FRAME 6
PART 0
OFFSET 0.0000 0.0000 0.0000
SCALE 1 1 1
X 1.0000 0.0000 0.0000
Y 0.0000 1.0000 0.0000
Z 0.0000 0.0000 1.0000

PART 1
OFFSET 5.1530 -2.0296 -4.4699
SCALE 1 1 1
X 0.9997 0.0094 0.0227
Y -0.0090 0.9998 -0.0170
Z -0.0229 0.0168 0.9996


FRAME 7
PART 0
OFFSET 0.0000 0.0000 0.0000
SCALE 1 1 1
X 1.0000 0.0000 0.0000
Y 0.0000 1.0000 0.0000
Z 0.0000 0.0000 1.0000

PART 1
OFFSET 5.4566 -2.3364 -4.3499
SCALE 1 1 1
X 0.9998 0.0075 0.0182
Y -0.0073 0.9999 -0.0129
Z -0.0183 0.0128 0.9998


FRAME 8
PART 0
OFFSET 0.0000 0.0000 0.0000
SCALE 1 1 1
X 1.0000 0.0000 0.0000
Y 0.0000 1.0000 0.0000
Z 0.0000 0.0000 1.0000

PART 1
OFFSET 5.7493 -2.6274 -4.0809
SCALE 1 1 1
X 0.9999 0.0051 0.0123
Y -0.0050 1.0000 -0.0077
Z -0.0123 0.0077 0.9999


FRAME 9
PART 0
OFFSET 0.0000 0.0000 0.0000
SCALE 1 1 1
X 1.0000 0.0000 0.0000
Y 0.0000 1.0000 0.0000
Z 0.0000 0.0000 1.0000

PART 1
OFFSET 5.9957 -2.8727 -3.7640
SCALE 1 1 1
X 1.0000 0.0026 0.0064
Y -0.0026 1.0000 -0.0029
Z -0.0064 0.0029 1.0000


FRAME 10
PART 0
OFFSET 0.0000 0.0000 0.0000
SCALE 1 1 1
X 1.0000 0.0000 0.0000
Y 0.0000 1.0000 0.0000
Z 0.0000 0.0000 1.0000

PART 1
OFFSET 6.1598 -3.0419 -3.4998
SCALE 1 1 1
X 1.0000 0.0008 0.0018
Y -0.0008 1.0000 0.0001
Z -0.0018 -0.0001 1.0000


NOTETRACKS

PART 0
NUMTRACKS 0

PART 1
NUMTRACKS 0

