// Export filename: `C:/cod5/cod/cod5/xanim_export/viewmodel/US/m1garand/m1garand_melee.XANIM_EXPORT`
// Source filename: `C:/cod5/cod/cod5/animation_assets/viewmodel/US/m1_garand/viewmodelanimation_m1garand.mb`
// Export time: Tue Apr 29 13:25:21 2008

ANIMATION
VERSION 3

NUMPARTS 80
PART 0 "RingPalm_FK_LE"
PART 1 "RingPalm_SDK_LE"
PART 2 "J_PinkyPalm_RI"
PART 3 "J_Pinky_RI_0"
PART 4 "J_Pinky_RI_1"
PART 5 "J_Pinky_RI_2"
PART 6 "J_Pinky_RI_3"
PART 7 "J_RingPalm_RI"
PART 8 "J_Ring_RI_0"
PART 9 "J_Ring_RI_1"
PART 10 "J_Ring_RI_2"
PART 11 "J_Ring_RI_3"
PART 12 "J_Webbing_RI"
PART 13 "J_Index_RI_0"
PART 14 "J_Index_RI_1"
PART 15 "J_Index_RI_2"
PART 16 "J_Index_RI_3"
PART 17 "J_Mid_RI_0"
PART 18 "J_Mid_RI_1"
PART 19 "J_Mid_RI_2"
PART 20 "J_Mid_RI_3"
PART 21 "tag_cambone"
PART 22 "tag_camera"
PART 23 "tag_gasmask"
PART 24 "J_Pinky_LE_2"
PART 25 "J_Pinky_LE_3"
PART 26 "J_RingPalm_LE"
PART 27 "J_Ring_LE_0"
PART 28 "J_Ring_LE_1"
PART 29 "J_Ring_LE_2"
PART 30 "J_Ring_LE_3"
PART 31 "J_Webbing_LE"
PART 32 "J_Index_LE_0"
PART 33 "J_Index_LE_1"
PART 34 "J_Index_LE_2"
PART 35 "J_Index_LE_3"
PART 36 "J_Mid_LE_0"
PART 37 "J_Mid_LE_1"
PART 38 "J_Mid_LE_2"
PART 39 "J_Mid_LE_3"
PART 40 "tag_weapon"
PART 41 "J_Shoulder_RI"
PART 42 "J_Elbow_RI"
PART 43 "J_WristTwist_RI"
PART 44 "J_Sleave_Reshape_Top_RI_3"
PART 45 "J_Sleave_Reshape_Top_RI_2"
PART 46 "J_Sleave_Reshape_Top_RI_1"
PART 47 "J_Wrist_RI"
PART 48 "J_Thumb_RI_0"
PART 49 "J_Thumb_RI_1"
PART 50 "J_Thumb_RI_2"
PART 51 "J_Thumb_RI_3"
PART 52 "RingPalm_FK_RI"
PART 53 "RingPalm_SDK_RI"
PART 54 "tag_torso"
PART 55 "J_Shoulder_LE"
PART 56 "J_Elbow_LE"
PART 57 "J_WristTwist_LE"
PART 58 "J_Sleave_Reshape_Bottom_LE_1"
PART 59 "J_Sleave_Reshape_Bottom_LE_2"
PART 60 "J_Sleave_Reshape_Top_LE_1"
PART 61 "J_Sleave_Reshape_Top_LE_2"
PART 62 "J_Sleave_Reshape_Top_LE_3"
PART 63 "J_Wrist_LE"
PART 64 "J_Thumb_LE_0"
PART 65 "J_Thumb_LE_1"
PART 66 "J_Thumb_LE_2"
PART 67 "J_Thumb_LE_3"
PART 68 "J_PinkyPalm_LE"
PART 69 "J_Pinky_LE_0"
PART 70 "J_Pinky_LE_1"
PART 71 "J_Gun"
PART 72 "tag_brass"
PART 73 "J_Bolt"
PART 74 "tag_flash"
PART 75 "j_stripper"
PART 76 "J_Clip"
PART 77 "joint1"
PART 78 "tag_bayonet"
PART 79 "tag_grenade"

FRAMERATE 24
NUMFRAMES 26

FRAME 148
PART 0
OFFSET 18.5840 -2.3977 -6.7794
SCALE 1 1 1
X 0.4605 -0.8675 0.1881
Y -0.1034 0.1580 0.9820
Z -0.8816 -0.4717 -0.0170

PART 1
OFFSET 18.5840 -2.3977 -6.7794
SCALE 1 1 1
X 0.4605 -0.8675 0.1881
Y -0.1034 0.1580 0.9820
Z -0.8816 -0.4717 -0.0170

PART 2
OFFSET 2.2190 -4.7115 -7.3208
SCALE 1 1 1
X -0.6198 -0.3315 0.7113
Y 0.2928 -0.9386 -0.1824
Z 0.7281 0.0952 0.6789

PART 3
OFFSET 3.6818 -3.8376 -8.7976
SCALE 1 1 1
X -0.0872 -0.9617 0.2597
Y 0.3843 -0.2730 -0.8819
Z 0.9191 0.0229 0.3934

PART 4
OFFSET 3.8053 -2.4760 -9.1653
SCALE 1 1 1
X 0.2953 -0.6955 -0.6551
Y 0.3097 0.7183 -0.6230
Z 0.9038 -0.0189 0.4275

PART 5
OFFSET 3.5435 -1.8594 -8.5845
SCALE 1 1 1
X 0.3789 -0.3392 -0.8610
Y 0.1022 0.9400 -0.3254
Z 0.9198 0.0353 0.3908

PART 6
OFFSET 3.1835 -1.5371 -7.7665
SCALE 1 1 1
X -0.4869 -0.3358 0.8063
Y -0.0505 0.9324 0.3578
Z -0.8720 0.1336 -0.4710

PART 7
OFFSET 2.6239 -4.8767 -6.7566
SCALE 1 1 1
X -0.8183 -0.2952 0.4931
Y 0.2520 -0.9554 -0.1538
Z 0.5166 -0.0016 0.8562

PART 8
OFFSET 4.6765 -4.1313 -8.1671
SCALE 1 1 1
X -0.0249 -0.9990 0.0374
Y 0.5171 -0.0449 -0.8548
Z 0.8556 -0.0020 0.5177

PART 9
OFFSET 4.7190 -2.4305 -8.2307
SCALE 1 1 1
X 0.4549 -0.4634 -0.7605
Y 0.2650 0.8857 -0.3812
Z 0.8502 -0.0281 0.5257

PART 10
OFFSET 4.0885 -1.7883 -7.1767
SCALE 1 1 1
X 0.5159 0.2775 -0.8104
Y -0.1265 0.9604 0.2483
Z 0.8472 -0.0256 0.5306

PART 11
OFFSET 3.5290 -2.0893 -6.2978
SCALE 1 1 1
X -0.3088 -0.7772 0.5482
Y -0.4356 0.6280 0.6449
Z -0.8455 -0.0397 -0.5325

PART 12
OFFSET -1.8554 -6.9808 -4.5732
SCALE 1 1 1
X -0.7763 -0.5373 0.3297
Y -0.4958 0.8434 0.2069
Z -0.3893 -0.0028 -0.9211

PART 13
OFFSET 5.6782 -4.7088 -6.3218
SCALE 1 1 1
X -0.9182 -0.2117 0.3347
Y 0.1901 -0.9770 -0.0964
Z 0.3474 -0.0248 0.9374

PART 14
OFFSET 7.2949 -4.3360 -6.9112
SCALE 1 1 1
X -0.6985 -0.6612 0.2737
Y 0.6292 -0.7496 -0.2052
Z 0.3409 0.0289 0.9397

PART 15
OFFSET 8.1647 -3.5304 -7.1869
SCALE 1 1 1
X -0.2156 -0.9758 0.0356
Y 0.9280 -0.2161 -0.3036
Z 0.3040 -0.0325 0.9521

PART 16
OFFSET 8.4083 -2.4282 -7.2270
SCALE 1 1 1
X -0.6820 0.5036 0.5303
Y 0.4406 0.8617 -0.2517
Z -0.5838 0.0620 -0.8096

PART 17
OFFSET 5.2658 -4.4197 -7.3051
SCALE 1 1 1
X -0.5519 -0.8233 0.1323
Y 0.7558 -0.5609 -0.3378
Z 0.3523 -0.0864 0.9319

PART 18
OFFSET 6.3440 -2.8112 -7.5635
SCALE 1 1 1
X 0.6387 -0.7011 -0.3169
Y 0.6652 0.7102 -0.2305
Z 0.3867 -0.0636 0.9200

PART 19
OFFSET 5.4110 -1.7871 -7.1006
SCALE 1 1 1
X 0.8887 -0.2339 -0.3944
Y 0.2170 0.9722 -0.0877
Z 0.4039 -0.0077 0.9148

PART 20
OFFSET 4.4018 -1.5215 -6.6605
SCALE 1 1 1
X -0.8459 -0.4411 0.2999
Y -0.3747 0.8915 0.2544
Z -0.3796 0.1028 -0.9194

PART 21
OFFSET 0.0000 0.0000 0.0000
SCALE 1 1 1
X 1.0000 0.0000 0.0000
Y 0.0000 1.0000 0.0000
Z 0.0000 0.0000 1.0000

PART 22
OFFSET 0.0000 0.0000 0.0000
SCALE 1 1 1
X 1.0000 0.0000 0.0000
Y 0.0000 1.0000 0.0000
Z 0.0000 0.0000 1.0000

PART 23
OFFSET 1.5404 0.0000 4.1357
SCALE 1 1 1
X 1.0000 0.0000 0.0000
Y 0.0000 1.0000 0.0000
Z 0.0000 0.0000 1.0000

PART 24
OFFSET 17.8561 -4.2360 -4.3674
SCALE 1 1 1
X -0.5799 0.6009 0.5501
Y -0.3346 0.4400 -0.8333
Z -0.7428 -0.6673 -0.0541

PART 25
OFFSET 17.3052 -3.6652 -3.8448
SCALE 1 1 1
X 0.7610 -0.6393 0.1102
Y 0.0267 -0.1388 -0.9900
Z 0.6482 0.7563 -0.0886

PART 26
OFFSET 18.5840 -2.3977 -6.7794
SCALE 1 1 1
X 0.4605 -0.8675 0.1881
Y -0.1034 0.1580 0.9820
Z -0.8816 -0.4717 -0.0170

PART 27
OFFSET 19.6506 -4.7226 -6.3154
SCALE 1 1 1
X 0.2147 -0.1885 0.9583
Y -0.6462 0.7083 0.2841
Z -0.7324 -0.6802 0.0303

PART 28
OFFSET 20.0161 -5.0435 -4.6839
SCALE 1 1 1
X -0.5443 0.6122 0.5736
Y -0.4290 0.3845 -0.8174
Z -0.7209 -0.6909 0.0534

PART 29
OFFSET 19.2618 -4.1951 -3.8889
SCALE 1 1 1
X -0.6242 0.6729 0.3970
Y -0.3096 0.2535 -0.9164
Z -0.7173 -0.6949 0.0501

PART 30
OFFSET 18.5849 -3.4653 -3.4583
SCALE 1 1 1
X 0.6530 -0.7303 0.2007
Y 0.1352 -0.1483 -0.9797
Z 0.7452 0.6668 0.0019

PART 31
OFFSET 21.3946 -2.2950 -6.1826
SCALE 1 1 1
X 0.5222 -0.7412 0.4218
Y 0.2791 -0.3189 -0.9058
Z 0.8059 0.5907 0.0403

PART 32
OFFSET 21.4336 -3.5857 -6.8994
SCALE 1 1 1
X 0.7815 -0.1932 0.5932
Y -0.5338 0.2849 0.7962
Z -0.3228 -0.9389 0.1195

PART 33
OFFSET 22.8096 -3.9259 -5.8550
SCALE 1 1 1
X 0.4267 -0.0634 0.9022
Y -0.8542 0.2995 0.4251
Z -0.2971 -0.9520 0.0736

PART 34
OFFSET 23.3464 -3.9452 -4.7627
SCALE 1 1 1
X -0.0335 0.1609 0.9864
Y -0.9583 0.2751 -0.0775
Z -0.2839 -0.9478 0.1450

PART 35
OFFSET 23.3085 -3.7634 -3.6486
SCALE 1 1 1
X 0.7961 -0.5674 -0.2104
Y -0.2169 0.0570 -0.9745
Z 0.5649 0.8215 -0.0777

PART 36
OFFSET 20.5899 -4.2550 -6.6533
SCALE 1 1 1
X 0.5337 -0.4449 0.7192
Y -0.4817 0.5391 0.6909
Z -0.6951 -0.7152 0.0734

PART 37
OFFSET 21.6324 -5.1242 -5.2483
SCALE 1 1 1
X -0.4525 0.5352 0.7134
Y -0.5211 0.4905 -0.6985
Z -0.7237 -0.6877 0.0569

PART 38
OFFSET 20.9715 -4.3425 -4.2064
SCALE 1 1 1
X -0.5059 0.5541 0.6611
Y -0.4470 0.4871 -0.7503
Z -0.7378 -0.6751 0.0013

PART 39
OFFSET 20.3936 -3.7200 -3.4571
SCALE 1 1 1
X 0.7206 -0.6928 -0.0278
Y -0.0714 -0.0343 -0.9969
Z 0.6897 0.7203 -0.0742

PART 40
OFFSET 14.0948 -2.7535 -5.0514
SCALE 1 1 1
X 1.0000 0.0000 0.0000
Y 0.0000 1.0000 0.0000
Z 0.0000 -0.0000 1.0000

PART 41
OFFSET -2.1097 -3.5648 -2.9073
SCALE 1 1 1
X 0.2111 0.9381 0.2745
Y 0.0155 -0.2841 0.9587
Z 0.9773 -0.1981 -0.0745

PART 42
OFFSET -4.6627 -14.9103 -6.2277
SCALE 1 1 1
X -0.5529 -0.8332 -0.0063
Y 0.6577 -0.4318 -0.6172
Z 0.5116 -0.3454 0.7868

PART 43
OFFSET 0.0400 -7.8235 -6.1744
SCALE 1 1 1
X -0.5529 -0.8332 -0.0063
Y -0.1817 0.1279 -0.9750
Z 0.8132 -0.5379 -0.2222

PART 44
OFFSET -0.2864 -5.8739 -7.1680
SCALE 1 1 1
X -0.5582 -0.8297 -0.0047
Y -0.5194 0.3539 -0.7778
Z 0.6470 -0.4317 -0.6285

PART 45
OFFSET -0.1362 -5.5242 -5.9553
SCALE 1 1 1
X -0.5582 -0.8297 -0.0047
Y -0.5194 0.3539 -0.7778
Z 0.6470 -0.4317 -0.6285

PART 46
OFFSET 1.1128 -6.2479 -4.4624
SCALE 1 1 1
X -0.5582 -0.8297 -0.0047
Y -0.5194 0.3539 -0.7778
Z 0.6470 -0.4317 -0.6285

PART 47
OFFSET 1.7351 -5.2691 -6.1552
SCALE 1 1 1
X -0.9422 -0.2609 0.2100
Y -0.2508 0.1341 -0.9587
Z 0.2220 -0.9560 -0.1918

PART 48
OFFSET 2.3098 -4.8886 -5.2458
SCALE 1 1 1
X -0.5540 -0.8093 -0.1953
Y 0.1690 0.1205 -0.9782
Z 0.8152 -0.5749 0.0700

PART 49
OFFSET 3.4431 -3.1222 -4.7305
SCALE 1 1 1
X -0.7162 -0.6948 0.0658
Y 0.1509 -0.2463 -0.9574
Z 0.6814 -0.6758 0.2812

PART 50
OFFSET 4.5320 -1.9396 -4.9254
SCALE 1 1 1
X -0.5750 -0.5315 0.6221
Y -0.2583 -0.6035 -0.7544
Z 0.7763 -0.5944 0.2097

PART 51
OFFSET 5.1226 -1.3275 -5.5949
SCALE 1 1 1
X -0.9763 -0.1349 0.1690
Y -0.1804 0.9390 -0.2927
Z -0.1192 -0.3163 -0.9411

PART 52
OFFSET 2.6239 -4.8767 -6.7566
SCALE 1 1 1
X -0.8183 -0.2952 0.4931
Y 0.2520 -0.9554 -0.1538
Z 0.5166 -0.0016 0.8562

PART 53
OFFSET 2.6239 -4.8767 -6.7566
SCALE 1 1 1
X -0.8183 -0.2952 0.4931
Y 0.2520 -0.9554 -0.1538
Z 0.5166 -0.0016 0.8562

PART 54
OFFSET 6.2061 -3.1050 -3.3894
SCALE 1 1 1
X 1.0000 0.0000 0.0000
Y 0.0000 1.0000 0.0000
Z 0.0000 -0.0000 1.0000

PART 55
OFFSET 1.6245 4.2672 -6.2573
SCALE 1 1 1
X 0.8107 0.1254 -0.5719
Y 0.0112 -0.9799 -0.1990
Z -0.5853 0.1550 -0.7958

PART 56
OFFSET 11.4291 5.7835 -13.1734
SCALE 1 1 1
X 0.5775 -0.6196 0.5316
Y -0.7636 -0.1797 0.6202
Z -0.2888 -0.7641 -0.5769

PART 57
OFFSET 16.3410 0.5134 -8.6521
SCALE 1 1 1
X 0.5775 -0.6196 0.5316
Y 0.7600 0.6458 -0.0729
Z -0.2981 0.4461 0.8439

PART 58
OFFSET 18.1875 1.1862 -7.2467
SCALE 1 1 1
X 0.5828 -0.6164 0.5294
Y 0.2981 0.7683 0.5664
Z -0.7559 -0.1723 0.6315

PART 59
OFFSET 17.6745 -0.4474 -9.3130
SCALE 1 1 1
X 0.5828 -0.6164 0.5294
Y 0.2981 0.7683 0.5664
Z -0.7559 -0.1723 0.6315

PART 60
OFFSET 16.8375 0.2257 -5.9166
SCALE 1 1 1
X 0.5828 -0.6164 0.5294
Y 0.2981 0.7683 0.5664
Z -0.7559 -0.1723 0.6315

PART 61
OFFSET 16.2602 -0.9983 -6.9035
SCALE 1 1 1
X 0.5828 -0.6164 0.5294
Y 0.2981 0.7683 0.5664
Z -0.7559 -0.1723 0.6315

PART 62
OFFSET 15.7117 -1.9448 -8.1279
SCALE 1 1 1
X 0.5828 -0.6164 0.5294
Y 0.2981 0.7683 0.5664
Z -0.7559 -0.1723 0.6315

PART 63
OFFSET 18.1114 -1.3862 -7.0225
SCALE 1 1 1
X 0.7127 -0.6872 0.1407
Y 0.6999 0.7100 -0.0774
Z -0.0467 0.1537 0.9870

PART 64
OFFSET 19.0882 -0.9471 -6.6286
SCALE 1 1 1
X 0.8902 -0.0708 0.4501
Y 0.1103 0.9919 -0.0622
Z -0.4420 0.1050 0.8908

PART 65
OFFSET 20.9956 -0.9949 -5.6141
SCALE 1 1 1
X 0.9324 -0.1469 0.3302
Y 0.0875 0.9783 0.1879
Z -0.3507 -0.1463 0.9250

PART 66
OFFSET 22.4564 -1.3068 -4.9886
SCALE 1 1 1
X 0.8422 -0.3442 0.4149
Y 0.2778 0.9367 0.2133
Z -0.4620 -0.0644 0.8845

PART 67
OFFSET 23.3507 -1.6660 -4.4958
SCALE 1 1 1
X 0.9758 -0.0197 -0.2179
Y -0.2185 -0.0326 -0.9753
Z 0.0121 0.9993 -0.0361

PART 68
OFFSET 17.9555 -2.6969 -6.6210
SCALE 1 1 1
X 0.1930 -0.9756 0.1044
Y -0.0944 0.0874 0.9917
Z -0.9766 -0.2013 -0.0753

PART 69
OFFSET 18.5199 -4.8489 -6.2539
SCALE 1 1 1
X -0.1078 0.0501 0.9929
Y -0.6678 0.7362 -0.1097
Z -0.7365 -0.6749 -0.0459

PART 70
OFFSET 18.3673 -4.7780 -4.8482
SCALE 1 1 1
X -0.5765 0.6112 0.5423
Y -0.3780 0.3889 -0.8402
Z -0.7244 -0.6893 0.0068

PART 71
OFFSET 14.0948 -2.7535 -5.0514
SCALE 1 1 1
X 1.0000 0.0000 0.0000
Y 0.0000 1.0000 0.0000
Z 0.0000 -0.0000 1.0000

PART 72
OFFSET 12.2995 -3.3615 -8.0951
SCALE 1 1 1
X -0.0234 -0.8582 0.5129
Y 0.9991 -0.0016 0.0428
Z -0.0359 0.5134 0.8574

PART 73
OFFSET 13.8216 -4.5638 -3.9495
SCALE 1 1 1
X 0.9998 -0.0000 0.0204
Y 0.0000 1.0000 0.0000
Z -0.0204 -0.0000 0.9998

PART 74
OFFSET 41.9472 -2.7535 -3.5307
SCALE 1 1 1
X 1.0000 0.0000 0.0000
Y 0.0000 1.0000 0.0000
Z 0.0000 -0.0000 1.0000

PART 75
OFFSET 13.3725 0.2688 -11.9778
SCALE 1 1 1
X 0.9938 0.0348 0.1052
Y 0.0540 0.6766 -0.7344
Z -0.0967 0.7355 0.6705

PART 76
OFFSET 12.0198 -2.7908 -4.5815
SCALE 1 1 1
X 1.0000 0.0000 0.0000
Y 0.0000 1.0000 0.0000
Z 0.0000 -0.0000 1.0000

PART 77
OFFSET 10.4564 -2.2842 -3.6335
SCALE 1 1 1
X 1.0000 0.0000 0.0000
Y 0.0000 1.0000 0.0000
Z 0.0000 -0.0000 1.0000

PART 78
OFFSET 37.7078 -2.7535 -4.7488
SCALE 1 1 1
X 0.9998 -0.0000 0.0204
Y 0.0000 1.0000 0.0000
Z -0.0204 -0.0000 0.9998

PART 79
OFFSET 21.5744 3.5116 -18.8473
SCALE 1 1 1
X 0.8976 -0.3909 -0.2038
Y 0.1942 -0.0645 0.9788
Z -0.3958 -0.9182 0.0180


FRAME 149
PART 0
OFFSET 17.8605 -1.6591 -7.1689
SCALE 1 1 1
X 0.5385 -0.7748 0.3314
Y -0.1266 0.3144 0.9408
Z -0.8331 -0.5486 0.0712

PART 1
OFFSET 17.8605 -1.6591 -7.1689
SCALE 1 1 1
X 0.5385 -0.7748 0.3314
Y -0.1266 0.3144 0.9408
Z -0.8331 -0.5486 0.0712

PART 2
OFFSET 1.7736 -5.7363 -7.7279
SCALE 1 1 1
X -0.6114 -0.2622 0.7466
Y 0.3898 -0.9209 -0.0042
Z 0.6887 0.2885 0.6652

PART 3
OFFSET 3.1998 -4.9923 -9.3080
SCALE 1 1 1
X 0.0402 -0.9107 0.4112
Y 0.4556 -0.3496 -0.8187
Z 0.8893 0.2202 0.4009

PART 4
OFFSET 3.1430 -3.7030 -9.8902
SCALE 1 1 1
X 0.4210 -0.7317 -0.5360
Y 0.2248 0.6567 -0.7199
Z 0.8788 0.1826 0.4409

PART 5
OFFSET 2.7697 -3.0542 -9.4149
SCALE 1 1 1
X 0.4591 -0.3977 -0.7944
Y -0.0270 0.8876 -0.4599
Z 0.8880 0.2326 0.3968

PART 6
OFFSET 2.3335 -2.6764 -8.6602
SCALE 1 1 1
X -0.4626 -0.2866 0.8389
Y -0.2036 0.9554 0.2141
Z -0.8629 -0.0717 -0.5003

PART 7
OFFSET 2.1707 -5.7563 -7.1350
SCALE 1 1 1
X -0.8039 -0.2858 0.5216
Y 0.3498 -0.9365 0.0261
Z 0.4809 0.2034 0.8528

PART 8
OFFSET 4.1935 -5.0655 -8.6147
SCALE 1 1 1
X 0.1113 -0.9745 0.1946
Y 0.5481 -0.1032 -0.8300
Z 0.8290 0.1991 0.5226

PART 9
OFFSET 4.0040 -3.4064 -8.9461
SCALE 1 1 1
X 0.5408 -0.5058 -0.6720
Y 0.1535 0.8449 -0.5124
Z 0.8270 0.1740 0.5346

PART 10
OFFSET 3.2545 -2.7053 -8.0147
SCALE 1 1 1
X 0.4983 0.2288 -0.8363
Y -0.2711 0.9573 0.1003
Z 0.8235 0.1768 0.5390

PART 11
OFFSET 2.7141 -2.9534 -7.1077
SCALE 1 1 1
X -0.2128 -0.7256 0.6544
Y -0.5428 0.6447 0.5382
Z -0.8124 -0.2407 -0.5311

PART 12
OFFSET -2.1624 -7.8896 -4.6996
SCALE 1 1 1
X -0.7323 -0.5473 0.4053
Y -0.5834 0.8112 0.0414
Z -0.3514 -0.2061 -0.9132

PART 13
OFFSET 5.1751 -5.2005 -6.6756
SCALE 1 1 1
X -0.9050 -0.2368 0.3533
Y 0.2824 -0.9557 0.0828
Z 0.3181 0.1747 0.9318

PART 14
OFFSET 6.7685 -4.7835 -7.2978
SCALE 1 1 1
X -0.6600 -0.6491 0.3784
Y 0.6859 -0.7260 -0.0490
Z 0.3065 0.2272 0.9244

PART 15
OFFSET 7.5894 -3.9807 -7.7016
SCALE 1 1 1
X -0.1472 -0.9660 0.2123
Y 0.9505 -0.1975 -0.2398
Z 0.2736 0.1666 0.9473

PART 16
OFFSET 7.7557 -2.8895 -7.9414
SCALE 1 1 1
X -0.7332 0.5396 0.4138
Y 0.3867 0.8314 -0.3990
Z -0.5593 -0.1326 -0.8183

PART 17
OFFSET 4.7745 -5.1343 -7.7031
SCALE 1 1 1
X -0.4501 -0.8541 0.2606
Y 0.8325 -0.5070 -0.2236
Z 0.3231 0.1163 0.9392

PART 18
OFFSET 5.6539 -3.4658 -8.2123
SCALE 1 1 1
X 0.7342 -0.6540 -0.1821
Y 0.5788 0.7432 -0.3356
Z 0.3548 0.1411 0.9242

PART 19
OFFSET 4.5815 -2.5105 -7.9464
SCALE 1 1 1
X 0.9264 -0.1733 -0.3341
Y 0.0918 0.9649 -0.2459
Z 0.3651 0.1971 0.9099

PART 20
OFFSET 3.5296 -2.3149 -7.5745
SCALE 1 1 1
X -0.7924 -0.4960 0.3551
Y -0.4974 0.8623 0.0947
Z -0.3532 -0.1016 -0.9300

PART 21
OFFSET 0.0000 0.0000 0.0000
SCALE 1 1 1
X 1.0000 0.0000 0.0000
Y 0.0000 1.0000 0.0000
Z 0.0000 0.0000 1.0000

PART 22
OFFSET 0.0000 0.0000 0.0000
SCALE 1 1 1
X 1.0000 0.0000 0.0000
Y 0.0000 1.0000 0.0000
Z 0.0000 0.0000 1.0000

PART 23
OFFSET 1.5404 0.0000 4.1357
SCALE 1 1 1
X 1.0000 0.0000 0.0000
Y 0.0000 1.0000 0.0000
Z 0.0000 0.0000 1.0000

PART 24
OFFSET 17.2875 -3.1146 -4.4707
SCALE 1 1 1
X -0.6388 0.6293 0.4426
Y -0.3671 0.2563 -0.8942
Z -0.6762 -0.7337 0.0673

PART 25
OFFSET 16.6806 -2.5168 -4.0502
SCALE 1 1 1
X 0.8168 -0.5361 0.2131
Y 0.0485 -0.3042 -0.9514
Z 0.5749 0.7874 -0.2225

PART 26
OFFSET 17.8605 -1.6591 -7.1689
SCALE 1 1 1
X 0.5385 -0.7748 0.3314
Y -0.1266 0.3144 0.9408
Z -0.8331 -0.5486 0.0712

PART 27
OFFSET 19.1371 -3.7583 -6.3191
SCALE 1 1 1
X 0.2230 0.0006 0.9748
Y -0.7125 0.6826 0.1626
Z -0.6653 -0.7308 0.1526

PART 28
OFFSET 19.5167 -3.7573 -4.6594
SCALE 1 1 1
X -0.6046 0.6478 0.4635
Y -0.4560 0.1957 -0.8682
Z -0.6531 -0.7363 0.1771

PART 29
OFFSET 18.6788 -2.8595 -4.0170
SCALE 1 1 1
X -0.6882 0.6694 0.2797
Y -0.3239 0.0615 -0.9441
Z -0.6491 -0.7404 0.1745

PART 30
OFFSET 17.9323 -2.1336 -3.7136
SCALE 1 1 1
X 0.7170 -0.6200 0.3187
Y 0.1573 -0.3015 -0.9404
Z 0.6791 0.7244 -0.1187

PART 31
OFFSET 20.6436 -1.1907 -6.6198
SCALE 1 1 1
X 0.5859 -0.6048 0.5394
Y 0.3159 -0.4424 -0.8393
Z 0.7463 0.6621 -0.0681

PART 32
OFFSET 20.8103 -2.5760 -7.1036
SCALE 1 1 1
X 0.7909 -0.0136 0.6117
Y -0.5653 0.3662 0.7391
Z -0.2341 -0.9304 0.2820

PART 33
OFFSET 22.2028 -2.5999 -6.0266
SCALE 1 1 1
X 0.4227 0.1335 0.8964
Y -0.8823 0.2864 0.3735
Z -0.2068 -0.9488 0.2388

PART 34
OFFSET 22.7293 -2.3800 -4.9514
SCALE 1 1 1
X -0.0573 0.3246 0.9441
Y -0.9792 0.1661 -0.1166
Z -0.1947 -0.9312 0.3083

PART 35
OFFSET 22.6645 -2.0134 -3.8850
SCALE 1 1 1
X 0.8479 -0.5175 -0.1154
Y -0.2126 -0.1325 -0.9681
Z 0.4857 0.8454 -0.2224

PART 36
OFFSET 20.0312 -3.2695 -6.7396
SCALE 1 1 1
X 0.5667 -0.2620 0.7811
Y -0.5365 0.6022 0.5912
Z -0.6253 -0.7541 0.2008

PART 37
OFFSET 21.1383 -3.7813 -5.2136
SCALE 1 1 1
X -0.5072 0.6050 0.6138
Y -0.5587 0.3115 -0.7687
Z -0.6562 -0.7328 0.1800

PART 38
OFFSET 20.3975 -2.8976 -4.3171
SCALE 1 1 1
X -0.5617 0.6095 0.5595
Y -0.4842 0.3062 -0.8197
Z -0.6709 -0.7312 0.1231

PART 39
OFFSET 19.7570 -2.2126 -3.6820
SCALE 1 1 1
X 0.7828 -0.6162 0.0867
Y -0.0590 -0.2121 -0.9755
Z 0.6195 0.7585 -0.2024

PART 40
OFFSET 13.4095 -2.1334 -5.3719
SCALE 1 1 1
X 0.9955 0.0943 -0.0075
Y -0.0941 0.9805 -0.1724
Z -0.0089 0.1723 0.9850

PART 41
OFFSET -2.3317 -3.5648 -2.9073
SCALE 1 1 1
X 0.3127 0.9349 0.1680
Y 0.0673 -0.1983 0.9778
Z 0.9475 -0.2945 -0.1250

PART 42
OFFSET -6.1139 -14.8709 -4.9396
SCALE 1 1 1
X -0.6409 -0.7558 0.1341
Y 0.5447 -0.5709 -0.6143
Z 0.5409 -0.3207 0.7776

PART 43
OFFSET -0.6628 -8.4423 -6.0799
SCALE 1 1 1
X -0.6409 -0.7558 0.1341
Y -0.1299 -0.0653 -0.9894
Z 0.7566 -0.6515 -0.0563

PART 44
OFFSET -0.8339 -6.5843 -7.1471
SCALE 1 1 1
X -0.6456 -0.7515 0.1356
Y -0.5468 0.3310 -0.7690
Z 0.5331 -0.5707 -0.6247

PART 45
OFFSET -0.5721 -6.0999 -6.0169
SCALE 1 1 1
X -0.6456 -0.7515 0.1356
Y -0.5468 0.3310 -0.7690
Z 0.5331 -0.5707 -0.6247

PART 46
OFFSET 0.6128 -6.7384 -4.6788
SCALE 1 1 1
X -0.6456 -0.7515 0.1356
Y -0.5468 0.3310 -0.7690
Z 0.5331 -0.5707 -0.6247

PART 47
OFFSET 1.3020 -6.1252 -6.4910
SCALE 1 1 1
X -0.9196 -0.3151 0.2344
Y -0.2257 -0.0645 -0.9721
Z 0.3214 -0.9469 -0.0118

PART 48
OFFSET 1.8015 -5.5324 -5.6536
SCALE 1 1 1
X -0.4639 -0.8843 -0.0537
Y 0.1868 -0.0384 -0.9816
Z 0.8660 -0.4654 0.1830

PART 49
OFFSET 2.7357 -3.5945 -5.4500
SCALE 1 1 1
X -0.6468 -0.7390 0.1886
Y 0.1989 -0.4022 -0.8937
Z 0.7363 -0.5405 0.4072

PART 50
OFFSET 3.7093 -2.3650 -5.8534
SCALE 1 1 1
X -0.5371 -0.4651 0.7037
Y -0.1769 -0.7536 -0.6331
Z 0.8247 -0.4646 0.3225

PART 51
OFFSET 4.2554 -1.8280 -6.6184
SCALE 1 1 1
X -0.9627 -0.2002 0.1818
Y -0.2633 0.8470 -0.4618
Z -0.0616 -0.4925 -0.8681

PART 52
OFFSET 2.1707 -5.7563 -7.1350
SCALE 1 1 1
X -0.8039 -0.2858 0.5216
Y 0.3498 -0.9365 0.0261
Z 0.4809 0.2034 0.8528

PART 53
OFFSET 2.1707 -5.7563 -7.1350
SCALE 1 1 1
X -0.8039 -0.2858 0.5216
Y 0.3498 -0.9365 0.0261
Z 0.4809 0.2034 0.8528

PART 54
OFFSET 5.9840 -3.1050 -3.3894
SCALE 1 1 1
X 1.0000 0.0000 0.0000
Y 0.0000 1.0000 0.0000
Z 0.0000 -0.0000 1.0000

PART 55
OFFSET 1.4024 4.2672 -6.2573
SCALE 1 1 1
X 0.7644 0.1788 -0.6195
Y 0.0449 -0.9732 -0.2255
Z -0.6432 0.1446 -0.7519

PART 56
OFFSET 10.6470 6.4297 -13.7489
SCALE 1 1 1
X 0.5747 -0.6208 0.5332
Y -0.7655 -0.1776 0.6184
Z -0.2892 -0.7636 -0.5773

PART 57
OFFSET 15.5351 1.1494 -9.2138
SCALE 1 1 1
X 0.5747 -0.6208 0.5332
Y 0.7844 0.6036 -0.1426
Z -0.2333 0.5002 0.8339

PART 58
OFFSET 17.3799 1.8183 -7.8042
SCALE 1 1 1
X 0.5801 -0.6176 0.5311
Y 0.2986 0.7678 0.5669
Z -0.7579 -0.1702 0.6298

PART 59
OFFSET 16.8679 0.1851 -9.8712
SCALE 1 1 1
X 0.5801 -0.6176 0.5311
Y 0.2986 0.7678 0.5669
Z -0.7579 -0.1702 0.6298

PART 60
OFFSET 16.0243 0.8616 -6.4770
SCALE 1 1 1
X 0.5801 -0.6176 0.5311
Y 0.2986 0.7678 0.5669
Z -0.7579 -0.1702 0.6298

PART 61
OFFSET 15.4464 -0.3614 -7.4649
SCALE 1 1 1
X 0.5801 -0.6176 0.5311
Y 0.2986 0.7678 0.5669
Z -0.7579 -0.1702 0.6298

PART 62
OFFSET 14.8987 -1.3070 -8.6902
SCALE 1 1 1
X 0.5801 -0.6176 0.5311
Y 0.2986 0.7678 0.5669
Z -0.7579 -0.1702 0.6298

PART 63
OFFSET 17.2970 -0.7538 -7.5792
SCALE 1 1 1
X 0.7729 -0.5824 0.2518
Y 0.6307 0.7488 -0.2039
Z -0.0698 0.3164 0.9461

PART 64
OFFSET 18.2246 -0.1633 -7.2743
SCALE 1 1 1
X 0.8889 0.0921 0.4488
Y 0.0170 0.9723 -0.2331
Z -0.4579 0.2148 0.8627

PART 65
OFFSET 20.1189 0.1444 -6.2810
SCALE 1 1 1
X 0.9391 0.0008 0.3436
Y -0.0066 0.9999 0.0158
Z -0.3436 -0.0171 0.9390

PART 66
OFFSET 21.5969 0.0842 -5.6220
SCALE 1 1 1
X 0.8672 -0.1866 0.4617
Y 0.1864 0.9814 0.0466
Z -0.4618 0.0457 0.8858

PART 67
OFFSET 22.5167 -0.0989 -5.0814
SCALE 1 1 1
X 0.9752 0.0351 -0.2186
Y -0.2058 -0.2206 -0.9534
Z -0.0817 0.9747 -0.2079

PART 68
OFFSET 17.2616 -1.9845 -6.9566
SCALE 1 1 1
X 0.2831 -0.9204 0.2696
Y -0.1111 0.2477 0.9624
Z -0.9526 -0.3024 -0.0321

PART 69
OFFSET 18.0228 -3.9781 -6.2283
SCALE 1 1 1
X -0.1209 0.2101 0.9702
Y -0.7332 0.6400 -0.2299
Z -0.6692 -0.7391 0.0766

PART 70
OFFSET 17.8516 -3.6807 -4.8547
SCALE 1 1 1
X -0.6363 0.6384 0.4331
Y -0.4054 0.2009 -0.8918
Z -0.6563 -0.7430 0.1310

PART 71
OFFSET 13.4095 -2.1334 -5.3719
SCALE 1 1 1
X 0.9955 0.0943 -0.0075
Y -0.0941 0.9805 -0.1724
Z -0.0089 0.1723 0.9850

PART 72
OFFSET 11.7067 -3.4233 -8.2517
SCALE 1 1 1
X 0.0530 -0.7553 0.6533
Y 0.9944 0.1000 0.0350
Z -0.0917 0.6477 0.7563

PART 73
OFFSET 13.2982 -3.7444 -3.9725
SCALE 1 1 1
X 0.9951 0.0978 0.0126
Y -0.0941 0.9805 -0.1724
Z -0.0293 0.1704 0.9849

PART 74
OFFSET 41.1236 0.7542 -4.0825
SCALE 1 1 1
X 0.9955 0.0943 -0.0075
Y -0.0941 0.9805 -0.1724
Z -0.0089 0.1723 0.9850

PART 75
OFFSET 12.4590 -0.4651 -12.5617
SCALE 1 1 1
X 0.9847 0.1481 0.0915
Y -0.0063 0.5554 -0.8316
Z -0.1740 0.8183 0.5478

PART 76
OFFSET 11.3432 -2.2852 -4.8896
SCALE 1 1 1
X 0.9955 0.0943 -0.0075
Y -0.0941 0.9805 -0.1724
Z -0.0089 0.1723 0.9850

PART 77
OFFSET 9.7307 -1.7719 -4.0290
SCALE 1 1 1
X 0.9955 0.0943 -0.0075
Y -0.0941 0.9805 -0.1724
Z -0.0089 0.1723 0.9850

PART 78
OFFSET 36.9141 0.1447 -5.2505
SCALE 1 1 1
X 0.9951 0.0978 0.0126
Y -0.0941 0.9805 -0.1724
Z -0.0293 0.1704 0.9849

PART 79
OFFSET 20.3887 2.3374 -20.0969
SCALE 1 1 1
X 0.9322 -0.3338 -0.1401
Y 0.1907 0.1238 0.9738
Z -0.3077 -0.9345 0.1790


FRAME 150
PART 0
OFFSET 17.1607 -0.4265 -7.6741
SCALE 1 1 1
X 0.6264 -0.5541 0.5483
Y -0.2326 0.5384 0.8099
Z -0.7440 -0.6349 0.2084

PART 1
OFFSET 17.1607 -0.4265 -7.6741
SCALE 1 1 1
X 0.6264 -0.5541 0.5483
Y -0.2326 0.5384 0.8099
Z -0.7440 -0.6349 0.2084

PART 2
OFFSET 1.9582 -7.0688 -7.8126
SCALE 1 1 1
X -0.6358 -0.2046 0.7442
Y 0.5055 -0.8390 0.2012
Z 0.5833 0.5041 0.6369

PART 3
OFFSET 3.4098 -6.4329 -9.4167
SCALE 1 1 1
X 0.2014 -0.8061 0.5565
Y 0.5795 -0.3600 -0.7311
Z 0.7897 0.4698 0.3946

PART 4
OFFSET 3.1247 -5.2917 -10.2046
SCALE 1 1 1
X 0.6090 -0.6774 -0.4126
Y 0.1176 0.5915 -0.7977
Z 0.7844 0.4372 0.4399

PART 5
OFFSET 2.5848 -4.6910 -9.8388
SCALE 1 1 1
X 0.5898 -0.3890 -0.7076
Y -0.1894 0.7852 -0.5896
Z 0.7850 0.4818 0.3894

PART 6
OFFSET 2.0244 -4.3215 -9.1665
SCALE 1 1 1
X -0.4457 -0.2650 0.8550
Y -0.4234 0.9040 0.0595
Z -0.7887 -0.3355 -0.5151

PART 7
OFFSET 2.3003 -6.9203 -7.2040
SCALE 1 1 1
X -0.8029 -0.2973 0.5167
Y 0.4653 -0.8543 0.2315
Z 0.3726 0.4263 0.8243

PART 8
OFFSET 4.3390 -6.2307 -8.6623
SCALE 1 1 1
X 0.2936 -0.8881 0.3536
Y 0.6094 -0.1111 -0.7850
Z 0.7365 0.4459 0.5086

PART 9
OFFSET 3.8392 -4.7187 -9.2643
SCALE 1 1 1
X 0.6737 -0.4774 -0.5641
Y 0.0117 0.7701 -0.6378
Z 0.7389 0.4231 0.5244

PART 10
OFFSET 2.9055 -4.0570 -8.4825
SCALE 1 1 1
X 0.4938 0.1984 -0.8467
Y -0.4653 0.8828 -0.0644
Z 0.7346 0.4258 0.5282

PART 11
OFFSET 2.3700 -4.2722 -7.5643
SCALE 1 1 1
X -0.1026 -0.6459 0.7565
Y -0.6953 0.5904 0.4098
Z -0.7113 -0.4839 -0.5097

PART 12
OFFSET -1.9164 -9.1691 -4.6702
SCALE 1 1 1
X -0.6876 -0.5627 0.4588
Y -0.6856 0.7112 -0.1553
Z -0.2389 -0.4213 -0.8749

PART 13
OFFSET 5.1536 -5.8585 -6.6774
SCALE 1 1 1
X -0.8870 -0.3072 0.3447
Y 0.4086 -0.8700 0.2760
Z 0.2151 0.3856 0.8972

PART 14
OFFSET 6.7154 -5.3176 -7.2843
SCALE 1 1 1
X -0.5956 -0.6596 0.4584
Y 0.7788 -0.6140 0.1284
Z 0.1968 0.4335 0.8794

PART 15
OFFSET 7.4514 -4.4893 -7.7882
SCALE 1 1 1
X -0.0335 -0.9225 0.3846
Y 0.9848 -0.0961 -0.1447
Z 0.1705 0.3738 0.9117

PART 16
OFFSET 7.4892 -3.4474 -8.2225
SCALE 1 1 1
X -0.8301 0.4922 0.2619
Y 0.3034 0.7928 -0.5285
Z -0.4678 -0.3593 -0.8075

PART 17
OFFSET 4.8407 -6.0435 -7.7207
SCALE 1 1 1
X -0.3082 -0.8674 0.3906
Y 0.9254 -0.3686 -0.0883
Z 0.2206 0.3342 0.9163

PART 18
OFFSET 5.4428 -4.3489 -8.4836
SCALE 1 1 1
X 0.8523 -0.5224 -0.0253
Y 0.4603 0.7722 -0.4380
Z 0.2484 0.3616 0.8986

PART 19
OFFSET 4.1979 -3.5858 -8.4466
SCALE 1 1 1
X 0.9662 -0.0466 -0.2534
Y -0.0645 0.9085 -0.4130
Z 0.2494 0.4154 0.8748

PART 20
OFFSET 3.1018 -3.5354 -8.1661
SCALE 1 1 1
X -0.7157 -0.5710 0.4021
Y -0.6508 0.7542 -0.0873
Z -0.2534 -0.3242 -0.9114

PART 21
OFFSET 0.0000 0.0000 0.0000
SCALE 1 1 1
X 1.0000 0.0000 0.0000
Y 0.0000 1.0000 0.0000
Z 0.0000 0.0000 1.0000

PART 22
OFFSET 0.0000 0.0000 0.0000
SCALE 1 1 1
X 1.0000 0.0000 0.0000
Y 0.0000 1.0000 0.0000
Z 0.0000 0.0000 1.0000

PART 23
OFFSET 1.5404 0.0000 4.1357
SCALE 1 1 1
X 1.0000 0.0000 0.0000
Y 0.0000 1.0000 0.0000
Z 0.0000 0.0000 1.0000

PART 24
OFFSET 16.6408 -1.1483 -4.6848
SCALE 1 1 1
X -0.7532 0.6151 0.2330
Y -0.3432 -0.0653 -0.9370
Z -0.5611 -0.7858 0.2603

PART 25
OFFSET 15.9252 -0.5640 -4.4634
SCALE 1 1 1
X 0.8727 -0.3158 0.3723
Y 0.1547 -0.5444 -0.8244
Z 0.4631 0.7771 -0.4262

PART 26
OFFSET 17.1607 -0.4265 -7.6741
SCALE 1 1 1
X 0.6264 -0.5541 0.5483
Y -0.2326 0.5384 0.8099
Z -0.7440 -0.6349 0.2084

PART 27
OFFSET 18.6811 -1.9708 -6.2381
SCALE 1 1 1
X 0.1572 0.3075 0.9385
Y -0.8160 0.5758 -0.0520
Z -0.5563 -0.7576 0.3414

PART 28
OFFSET 18.9487 -1.4473 -4.6403
SCALE 1 1 1
X -0.7236 0.6439 0.2485
Y -0.4235 -0.1299 -0.8966
Z -0.5450 -0.7540 0.3667

PART 29
OFFSET 17.9458 -0.5549 -4.2959
SCALE 1 1 1
X -0.7976 0.5997 0.0646
Y -0.2681 -0.2566 -0.9286
Z -0.5403 -0.7579 0.3655

PART 30
OFFSET 17.0808 0.0956 -4.2259
SCALE 1 1 1
X 0.7801 -0.3821 0.4955
Y 0.2609 -0.5212 -0.8126
Z 0.5687 0.7632 -0.3068

PART 31
OFFSET 19.8006 0.6214 -7.2279
SCALE 1 1 1
X 0.6342 -0.3277 0.7002
Y 0.4321 -0.6007 -0.6726
Z 0.6411 0.7292 -0.2394

PART 32
OFFSET 20.2044 -0.7976 -7.2944
SCALE 1 1 1
X 0.7430 0.2855 0.6053
Y -0.6603 0.4602 0.5935
Z -0.1092 -0.8407 0.5305

PART 33
OFFSET 21.5126 -0.2950 -6.2286
SCALE 1 1 1
X 0.3394 0.4440 0.8293
Y -0.9375 0.2316 0.2597
Z -0.0768 -0.8656 0.4949

PART 34
OFFSET 21.9298 0.2974 -5.2505
SCALE 1 1 1
X -0.1661 0.5603 0.8115
Y -0.9835 -0.0341 -0.1777
Z -0.0719 -0.8276 0.5567

PART 35
OFFSET 21.7423 0.9302 -4.3339
SCALE 1 1 1
X 0.9217 -0.3844 0.0528
Y -0.1276 -0.4289 -0.8943
Z 0.3664 0.8175 -0.4443

PART 36
OFFSET 19.5167 -1.4796 -6.7631
SCALE 1 1 1
X 0.5483 0.0609 0.8341
Y -0.6578 0.6473 0.3851
Z -0.5164 -0.7598 0.3950

PART 37
OFFSET 20.5878 -1.3606 -5.1337
SCALE 1 1 1
X -0.6308 0.6610 0.4065
Y -0.5486 -0.0093 -0.8360
Z -0.5488 -0.7504 0.3685

PART 38
OFFSET 19.6665 -0.3951 -4.5399
SCALE 1 1 1
X -0.6817 0.6413 0.3521
Y -0.4710 -0.0164 -0.8820
Z -0.5599 -0.7671 0.3132

PART 39
OFFSET 18.8907 0.3258 -4.1382
SCALE 1 1 1
X 0.8593 -0.4323 0.2733
Y 0.0364 -0.4813 -0.8758
Z 0.5101 0.7625 -0.3979

PART 40
OFFSET 12.7254 -1.0993 -5.9018
SCALE 1 1 1
X 0.9684 0.2488 -0.0150
Y -0.2292 0.8652 -0.4459
Z -0.0980 0.4353 0.8949

PART 41
OFFSET -2.3317 -3.5648 -2.9073
SCALE 1 1 1
X 0.3804 0.9229 0.0600
Y 0.0588 -0.0889 0.9943
Z 0.9230 -0.3747 -0.0881

PART 42
OFFSET -6.9319 -14.7261 -3.6326
SCALE 1 1 1
X -0.7229 -0.6431 0.2526
Y 0.4537 -0.7176 -0.5284
Z 0.5211 -0.2674 0.8105

PART 43
OFFSET -0.7829 -9.2565 -5.7808
SCALE 1 1 1
X -0.7229 -0.6431 0.2526
Y -0.0777 -0.2875 -0.9546
Z 0.6865 -0.7098 0.1579

PART 44
OFFSET -0.7383 -7.5595 -7.0250
SCALE 1 1 1
X -0.7271 -0.6380 0.2535
Y -0.5255 0.2795 -0.8036
Z 0.4419 -0.7175 -0.5385

PART 45
OFFSET -0.4141 -6.9261 -5.9994
SCALE 1 1 1
X -0.7271 -0.6380 0.2535
Y -0.5255 0.2795 -0.8036
Z 0.4419 -0.7175 -0.5385

PART 46
OFFSET 0.6455 -7.4526 -4.6943
SCALE 1 1 1
X -0.7271 -0.6380 0.2535
Y -0.5255 0.2795 -0.8036
Z 0.4419 -0.7175 -0.5385

PART 47
OFFSET 1.4334 -7.2850 -6.5551
SCALE 1 1 1
X -0.8878 -0.3961 0.2343
Y -0.1280 -0.2764 -0.9525
Z 0.4420 -0.8756 0.1947

PART 48
OFFSET 1.7748 -6.4805 -5.8213
SCALE 1 1 1
X -0.3377 -0.9364 0.0955
Y 0.2716 -0.1941 -0.9426
Z 0.9012 -0.2924 0.3199

PART 49
OFFSET 2.4263 -4.4242 -5.9512
SCALE 1 1 1
X -0.5599 -0.7727 0.2991
Y 0.3201 -0.5347 -0.7821
Z 0.7642 -0.3421 0.5467

PART 50
OFFSET 3.2637 -3.1704 -6.5420
SCALE 1 1 1
X -0.5281 -0.3942 0.7521
Y -0.0261 -0.8778 -0.4784
Z 0.8488 -0.2723 0.4533

PART 51
OFFSET 3.7964 -2.7167 -7.3679
SCALE 1 1 1
X -0.9404 -0.2970 0.1655
Y -0.3320 0.6971 -0.6355
Z 0.0734 -0.6525 -0.7542

PART 52
OFFSET 2.3003 -6.9203 -7.2040
SCALE 1 1 1
X -0.8029 -0.2973 0.5167
Y 0.4653 -0.8543 0.2315
Z 0.3726 0.4263 0.8243

PART 53
OFFSET 2.3003 -6.9203 -7.2040
SCALE 1 1 1
X -0.8029 -0.2973 0.5167
Y 0.4653 -0.8543 0.2315
Z 0.3726 0.4263 0.8243

PART 54
OFFSET 5.9840 -3.1050 -3.3894
SCALE 1 1 1
X 1.0000 0.0000 0.0000
Y 0.0000 1.0000 0.0000
Z 0.0000 -0.0000 1.0000

PART 55
OFFSET 1.4024 4.2672 -6.2573
SCALE 1 1 1
X 0.6884 0.2523 -0.6801
Y 0.0951 -0.9609 -0.2601
Z -0.7191 0.1144 -0.6854

PART 56
OFFSET 9.7274 7.3180 -14.4823
SCALE 1 1 1
X 0.5849 -0.6130 0.5312
Y -0.7595 -0.1840 0.6239
Z -0.2847 -0.7684 -0.5732

PART 57
OFFSET 14.7020 2.1044 -9.9642
SCALE 1 1 1
X 0.5849 -0.6130 0.5312
Y 0.7887 0.5827 -0.1960
Z -0.1894 0.5336 0.8243

PART 58
OFFSET 16.5486 2.7973 -8.5687
SCALE 1 1 1
X 0.5902 -0.6098 0.5290
Y 0.2939 0.7727 0.5627
Z -0.7519 -0.1766 0.6352

PART 59
OFFSET 16.0408 1.1526 -10.6275
SCALE 1 1 1
X 0.5902 -0.6098 0.5290
Y 0.2939 0.7727 0.5627
Z -0.7519 -0.1766 0.6352

PART 60
OFFSET 15.2122 1.8300 -7.2298
SCALE 1 1 1
X 0.5902 -0.6098 0.5290
Y 0.2939 0.7727 0.5627
Z -0.7519 -0.1766 0.6352

PART 61
OFFSET 14.6411 0.5979 -8.2103
SCALE 1 1 1
X 0.5902 -0.6098 0.5290
Y 0.2939 0.7727 0.5627
Z -0.7519 -0.1766 0.6352

PART 62
OFFSET 14.0956 -0.3572 -9.4292
SCALE 1 1 1
X 0.5902 -0.6098 0.5290
Y 0.2939 0.7727 0.5627
Z -0.7519 -0.1766 0.6352

PART 63
OFFSET 16.4950 0.2252 -8.3357
SCALE 1 1 1
X 0.8339 -0.3560 0.4217
Y 0.5227 0.7548 -0.3964
Z -0.1772 0.5510 0.8155

PART 64
OFFSET 17.3018 1.0196 -8.1936
SCALE 1 1 1
X 0.8342 0.3562 0.4210
Y -0.1144 0.8586 -0.4997
Z -0.5395 0.3687 0.7570

PART 65
OFFSET 19.0605 1.8945 -7.2929
SCALE 1 1 1
X 0.9043 0.2487 0.3471
Y -0.1579 0.9500 -0.2694
Z -0.3967 0.1888 0.8983

PART 66
OFFSET 20.4853 2.2604 -6.6159
SCALE 1 1 1
X 0.8539 0.0923 0.5122
Y 0.0334 0.9724 -0.2309
Z -0.5194 0.2143 0.8272

PART 67
OFFSET 21.3855 2.3866 -6.0281
SCALE 1 1 1
X 0.9708 0.1309 -0.2009
Y -0.1085 -0.5071 -0.8550
Z -0.2138 0.8519 -0.4781

PART 68
OFFSET 16.6052 -0.7729 -7.3896
SCALE 1 1 1
X 0.4003 -0.7507 0.5256
Y -0.2087 0.4838 0.8499
Z -0.8923 -0.4499 0.0370

PART 69
OFFSET 17.6090 -2.3346 -6.1098
SCALE 1 1 1
X -0.2132 0.4487 0.8679
Y -0.8047 0.4231 -0.4165
Z -0.5540 -0.7872 0.2709

PART 70
OFFSET 17.3071 -1.6993 -4.8811
SCALE 1 1 1
X -0.7515 0.6214 0.2214
Y -0.3728 -0.1233 -0.9197
Z -0.5442 -0.7737 0.3244

PART 71
OFFSET 12.7254 -1.0993 -5.9018
SCALE 1 1 1
X 0.9684 0.2488 -0.0150
Y -0.2292 0.8652 -0.4459
Z -0.0980 0.4353 0.8949

PART 72
OFFSET 11.4245 -3.3970 -8.3277
SCALE 1 1 1
X 0.1238 -0.5251 0.8420
Y 0.9637 0.2658 0.0241
Z -0.2365 0.8085 0.5389

PART 73
OFFSET 12.7678 -2.2540 -4.1043
SCALE 1 1 1
X 0.9662 0.2577 0.0033
Y -0.2292 0.8652 -0.4459
Z -0.1178 0.4301 0.8951

PART 74
OFFSET 39.5495 6.4932 -4.9577
SCALE 1 1 1
X 0.9684 0.2488 -0.0150
Y -0.2292 0.8652 -0.4459
Z -0.0980 0.4353 0.8949

PART 75
OFFSET 11.9838 -1.6620 -13.1234
SCALE 1 1 1
X 0.9425 0.3279 0.0649
Y -0.0422 0.3094 -0.9500
Z -0.3316 0.8926 0.3055

PART 76
OFFSET 10.6794 -1.4478 -5.4426
SCALE 1 1 1
X 0.9684 0.2488 -0.0150
Y -0.2292 0.8652 -0.4459
Z -0.0980 0.4353 0.8949

PART 77
OFFSET 8.9554 -0.9814 -4.7877
SCALE 1 1 1
X 0.9684 0.2488 -0.0150
Y -0.2292 0.8652 -0.4459
Z -0.0980 0.4353 0.8949

PART 78
OFFSET 35.5634 4.9081 -5.9844
SCALE 1 1 1
X 0.9662 0.2577 0.0033
Y -0.2292 0.8652 -0.4459
Z -0.1178 0.4301 0.8951

PART 79
OFFSET 19.8851 0.1774 -21.1541
SCALE 1 1 1
X 0.9788 -0.2036 -0.0215
Y 0.1069 0.4186 0.9018
Z -0.1746 -0.8850 0.4315


FRAME 151
PART 0
OFFSET 16.5845 0.5411 -7.9754
SCALE 1 1 1
X 0.6426 -0.3335 0.6898
Y -0.3587 0.6646 0.6555
Z -0.6770 -0.6687 0.3074

PART 1
OFFSET 16.5845 0.5411 -7.9754
SCALE 1 1 1
X 0.6426 -0.3335 0.6898
Y -0.3587 0.6646 0.6555
Z -0.6770 -0.6687 0.3074

PART 2
OFFSET 2.5184 -8.2491 -7.6900
SCALE 1 1 1
X -0.6763 -0.1730 0.7160
Y 0.5962 -0.6994 0.3942
Z 0.4326 0.6935 0.5761

PART 3
OFFSET 4.0278 -7.6737 -9.2633
SCALE 1 1 1
X 0.3341 -0.6441 0.6882
Y 0.6989 -0.3206 -0.6393
Z 0.6324 0.6946 0.3431

PART 4
OFFSET 3.5548 -6.7618 -10.2376
SCALE 1 1 1
X 0.7754 -0.5579 -0.2958
Y 0.0213 0.4913 -0.8707
Z 0.6311 0.6689 0.3928

PART 5
OFFSET 2.8673 -6.2672 -9.9753
SCALE 1 1 1
X 0.7098 -0.3317 -0.6214
Y -0.3266 0.6267 -0.7075
Z 0.6241 0.7052 0.3365

PART 6
OFFSET 2.1930 -5.9521 -9.3849
SCALE 1 1 1
X -0.4281 -0.2417 0.8708
Y -0.6244 0.7757 -0.0917
Z -0.6533 -0.5830 -0.4830

PART 7
OFFSET 2.7679 -7.9448 -7.0944
SCALE 1 1 1
X -0.8027 -0.3292 0.4972
Y 0.5557 -0.7155 0.4234
Z 0.2163 0.6162 0.7573

PART 8
OFFSET 4.8315 -7.1977 -8.4880
SCALE 1 1 1
X 0.4513 -0.7379 0.5019
Y 0.6698 -0.0916 -0.7369
Z 0.5897 0.6687 0.4528

PART 9
OFFSET 4.0632 -5.9415 -9.3425
SCALE 1 1 1
X 0.7956 -0.3971 -0.4576
Y -0.1098 0.6483 -0.7534
Z 0.5958 0.6496 0.4722

PART 10
OFFSET 2.9606 -5.3912 -8.7083
SCALE 1 1 1
X 0.4951 0.1722 -0.8516
Y -0.6370 0.7386 -0.2209
Z 0.5909 0.6518 0.4754

PART 11
OFFSET 2.4236 -5.5780 -7.7847
SCALE 1 1 1
X -0.0127 -0.5309 0.8473
Y -0.8304 0.4777 0.2868
Z -0.5570 -0.6999 -0.4470

PART 12
OFFSET -1.3298 -10.3726 -4.5307
SCALE 1 1 1
X -0.6450 -0.5785 0.4993
Y -0.7600 0.5541 -0.3397
Z -0.0801 -0.5986 -0.7970

PART 13
OFFSET 5.3653 -6.3629 -6.5490
SCALE 1 1 1
X -0.8576 -0.3904 0.3348
Y 0.5100 -0.7297 0.4555
Z 0.0665 0.5614 0.8249

PART 14
OFFSET 6.8752 -5.6755 -7.1385
SCALE 1 1 1
X -0.5352 -0.6603 0.5269
Y 0.8437 -0.4493 0.2938
Z 0.0428 0.6018 0.7975

PART 15
OFFSET 7.5284 -4.8363 -7.7306
SCALE 1 1 1
X 0.0634 -0.8374 0.5428
Y 0.9977 0.0410 -0.0533
Z 0.0224 0.5450 0.8381

PART 16
OFFSET 7.4567 -3.8904 -8.3437
SCALE 1 1 1
X -0.9150 0.3889 0.1072
Y 0.2354 0.7306 -0.6409
Z -0.3276 -0.5612 -0.7601

PART 17
OFFSET 5.1965 -6.7728 -7.5609
SCALE 1 1 1
X -0.1693 -0.8362 0.5216
Y 0.9830 -0.1811 0.0288
Z 0.0703 0.5176 0.8527

PART 18
OFFSET 5.5273 -5.1392 -8.5799
SCALE 1 1 1
X 0.9356 -0.3341 0.1141
Y 0.3403 0.7676 -0.5430
Z 0.0938 0.5469 0.8319

PART 19
OFFSET 4.1608 -4.6512 -8.7466
SCALE 1 1 1
X 0.9757 0.1112 -0.1887
Y -0.2011 0.7959 -0.5710
Z 0.0867 0.5951 0.7990

PART 20
OFFSET 3.0549 -4.7808 -8.5389
SCALE 1 1 1
X -0.6253 -0.6317 0.4583
Y -0.7733 0.5804 -0.2551
Z -0.1049 -0.5139 -0.8514

PART 21
OFFSET 0.0000 0.0000 0.0000
SCALE 1 1 1
X 1.0000 0.0000 0.0000
Y 0.0000 1.0000 0.0000
Z 0.0000 0.0000 1.0000

PART 22
OFFSET 0.0000 0.0000 0.0000
SCALE 1 1 1
X 1.0000 0.0000 0.0000
Y 0.0000 1.0000 0.0000
Z 0.0000 0.0000 1.0000

PART 23
OFFSET 1.5404 0.0000 4.1357
SCALE 1 1 1
X 1.0000 0.0000 0.0000
Y 0.0000 1.0000 0.0000
Z 0.0000 0.0000 1.0000

PART 24
OFFSET 15.9191 0.4194 -4.9308
SCALE 1 1 1
X -0.8374 0.5443 0.0504
Y -0.2576 -0.3116 -0.9146
Z -0.4821 -0.7789 0.4011

PART 25
OFFSET 15.1236 0.9364 -4.8829
SCALE 1 1 1
X 0.8719 -0.1080 0.4776
Y 0.2835 -0.6839 -0.6722
Z 0.3993 0.7215 -0.5657

PART 26
OFFSET 16.5845 0.5411 -7.9754
SCALE 1 1 1
X 0.6426 -0.3335 0.6898
Y -0.3587 0.6646 0.6555
Z -0.6770 -0.6687 0.3074

PART 27
OFFSET 18.1597 -0.4383 -6.1538
SCALE 1 1 1
X 0.0444 0.5213 0.8522
Y -0.8722 0.4363 -0.2213
Z -0.4872 -0.7335 0.4740

PART 28
OFFSET 18.2354 0.4492 -4.7029
SCALE 1 1 1
X -0.8127 0.5795 0.0604
Y -0.3325 -0.3761 -0.8649
Z -0.4785 -0.7230 0.4983

PART 29
OFFSET 17.1090 1.2523 -4.6191
SCALE 1 1 1
X -0.8661 0.4871 -0.1124
Y -0.1611 -0.4848 -0.8597
Z -0.4732 -0.7265 0.4983

PART 30
OFFSET 16.1697 1.7805 -4.7410
SCALE 1 1 1
X 0.7783 -0.1579 0.6077
Y 0.3849 -0.6447 -0.6605
Z 0.4960 0.7480 -0.4410

PART 31
OFFSET 19.0367 2.0048 -7.6420
SCALE 1 1 1
X 0.6113 -0.0807 0.7873
Y 0.5527 -0.6684 -0.4977
Z 0.5664 0.7394 -0.3640

PART 32
OFFSET 19.6110 0.6722 -7.3676
SCALE 1 1 1
X 0.6533 0.5065 0.5628
Y -0.7555 0.4849 0.4406
Z -0.0497 -0.7130 0.6994

PART 33
OFFSET 20.7612 1.5639 -6.3768
SCALE 1 1 1
X 0.2171 0.6541 0.7246
Y -0.9761 0.1545 0.1530
Z -0.0118 -0.7405 0.6720

PART 34
OFFSET 21.0258 2.4041 -5.5367
SCALE 1 1 1
X -0.2956 0.6950 0.6555
Y -0.9552 -0.2032 -0.2153
Z -0.0164 -0.6898 0.7239

PART 35
OFFSET 20.6919 3.1891 -4.7963
SCALE 1 1 1
X 0.9539 -0.2368 0.1846
Y -0.0042 -0.6251 -0.7805
Z 0.3002 0.7437 -0.5973

PART 36
OFFSET 18.9697 0.0353 -6.7325
SCALE 1 1 1
X 0.4692 0.3126 0.8259
Y -0.7588 0.6211 0.1960
Z -0.4517 -0.7187 0.5287

PART 37
OFFSET 19.8863 0.6460 -5.1191
SCALE 1 1 1
X -0.7354 0.6426 0.2151
Y -0.4755 -0.2632 -0.8394
Z -0.4828 -0.7196 0.4991

PART 38
OFFSET 18.8121 1.5846 -4.8048
SCALE 1 1 1
X -0.7792 0.6050 0.1640
Y -0.3942 -0.2695 -0.8786
Z -0.4873 -0.7492 0.4485

PART 39
OFFSET 17.9265 2.2647 -4.6153
SCALE 1 1 1
X 0.8804 -0.2438 0.4067
Y 0.1630 -0.6499 -0.7423
Z 0.4453 0.7198 -0.5324

PART 40
OFFSET 12.1347 -0.3208 -6.3253
SCALE 1 1 1
X 0.9299 0.3672 -0.0211
Y -0.2948 0.7097 -0.6399
Z -0.2199 0.6012 0.7682

PART 41
OFFSET -2.3317 -3.5648 -2.9073
SCALE 1 1 1
X 0.3937 0.9193 -0.0006
Y 0.0167 -0.0064 0.9998
Z 0.9191 -0.3936 -0.0179

PART 42
OFFSET -7.0925 -14.6823 -2.8996
SCALE 1 1 1
X -0.7769 -0.5492 0.3077
Y 0.4040 -0.8098 -0.4254
Z 0.4828 -0.2062 0.8511

PART 43
OFFSET -0.4842 -10.0108 -5.5169
SCALE 1 1 1
X -0.7769 -0.5492 0.3077
Y 0.0017 -0.4906 -0.8714
Z 0.6296 -0.6765 0.3820

PART 44
OFFSET -0.2592 -8.4689 -6.8694
SCALE 1 1 1
X -0.7807 -0.5438 0.3079
Y -0.4864 0.2193 -0.8458
Z 0.3924 -0.8100 -0.4357

PART 45
OFFSET 0.0705 -7.7174 -5.9401
SCALE 1 1 1
X -0.7807 -0.5438 0.3079
Y -0.4864 0.2193 -0.8458
Z 0.3924 -0.8100 -0.4357

PART 46
OFFSET 0.9891 -8.1200 -4.6584
SCALE 1 1 1
X -0.7807 -0.5438 0.3079
Y -0.4864 0.2193 -0.8458
Z 0.3924 -0.8100 -0.4357

PART 47
OFFSET 1.8976 -8.3270 -6.4603
SCALE 1 1 1
X -0.8416 -0.4875 0.2324
Y 0.0165 -0.4533 -0.8912
Z 0.5398 -0.7462 0.3895

PART 48
OFFSET 2.0387 -7.3639 -5.8648
SCALE 1 1 1
X -0.2079 -0.9474 0.2434
Y 0.3934 -0.3088 -0.8660
Z 0.8956 -0.0843 0.4369

PART 49
OFFSET 2.3983 -5.2840 -6.3279
SCALE 1 1 1
X -0.4736 -0.7856 0.3981
Y 0.4710 -0.6079 -0.6393
Z 0.7442 -0.1152 0.6579

PART 50
OFFSET 3.1076 -4.0390 -7.0825
SCALE 1 1 1
X -0.5419 -0.3342 0.7711
Y 0.1480 -0.9411 -0.3039
Z 0.8273 -0.0506 0.5595

PART 51
OFFSET 3.6532 -3.6593 -7.9368
SCALE 1 1 1
X -0.9010 -0.4082 0.1472
Y -0.3597 0.5131 -0.7793
Z 0.2426 -0.7551 -0.6091

PART 52
OFFSET 2.7679 -7.9448 -7.0944
SCALE 1 1 1
X -0.8027 -0.3292 0.4972
Y 0.5557 -0.7155 0.4234
Z 0.2163 0.6162 0.7573

PART 53
OFFSET 2.7679 -7.9448 -7.0944
SCALE 1 1 1
X -0.8027 -0.3292 0.4972
Y 0.5557 -0.7155 0.4234
Z 0.2163 0.6162 0.7573

PART 54
OFFSET 5.9840 -3.1050 -3.3894
SCALE 1 1 1
X 1.0000 0.0000 0.0000
Y 0.0000 1.0000 0.0000
Z 0.0000 -0.0000 1.0000

PART 55
OFFSET 1.4024 4.2672 -6.2573
SCALE 1 1 1
X 0.6276 0.3001 -0.7184
Y 0.1321 -0.9504 -0.2816
Z -0.7672 0.0818 -0.6361

PART 56
OFFSET 8.9925 7.8961 -14.9455
SCALE 1 1 1
X 0.5970 -0.6012 0.5312
Y -0.7527 -0.1908 0.6300
Z -0.2774 -0.7760 -0.5665

PART 57
OFFSET 14.0702 2.7824 -10.4277
SCALE 1 1 1
X 0.5970 -0.6012 0.5312
Y 0.7780 0.5954 -0.2005
Z -0.1957 0.5330 0.8232

PART 58
OFFSET 15.9158 3.5104 -9.0488
SCALE 1 1 1
X 0.6022 -0.5979 0.5289
Y 0.2865 0.7803 0.5559
Z -0.7451 -0.1832 0.6413

PART 59
OFFSET 15.4181 1.8456 -11.0938
SCALE 1 1 1
X 0.6022 -0.5979 0.5289
Y 0.2865 0.7803 0.5559
Z -0.7451 -0.1832 0.6413

PART 60
OFFSET 14.6020 2.5326 -7.6951
SCALE 1 1 1
X 0.6022 -0.5979 0.5289
Y 0.2865 0.7803 0.5559
Z -0.7451 -0.1832 0.6413

PART 61
OFFSET 14.0422 1.2864 -8.6641
SCALE 1 1 1
X 0.6022 -0.5979 0.5289
Y 0.2865 0.7803 0.5559
Z -0.7451 -0.1832 0.6413

PART 62
OFFSET 13.5025 0.3159 -9.8734
SCALE 1 1 1
X 0.6022 -0.5979 0.5289
Y 0.2865 0.7803 0.5559
Z -0.7451 -0.1832 0.6413

PART 63
OFFSET 15.9004 0.9393 -8.7994
SCALE 1 1 1
X 0.8344 -0.1414 0.5328
Y 0.4586 0.7143 -0.5286
