// Export filename: `C:/cod5/cod/cod5/xanim_export/viewmodel/US/m1garand/m1garand_ads_fire.XANIM_EXPORT`
// Source filename: `C:/cod5/cod/cod5/animation_assets/viewmodel/US/m1_garand/viewmodelanimation_m1garand.mb`
// Export time: Fri Aug 29 15:48:19 2008

ANIMATION
VERSION 3

NUMPARTS 92
PART 0 "RingPalm_FK_LE"
PART 1 "RingPalm_SDK_LE"
PART 2 "RingPalm_FK_RI"
PART 3 "RingPalm_SDK_RI"
PART 4 "tag_torso"
PART 5 "J_Shoulder_LE"
PART 6 "J_Elbow_LE"
PART 7 "J_WristTwist_LE"
PART 8 "J_Sleave_Reshape_Bottom_LE_1"
PART 9 "J_Sleave_Reshape_Bottom_LE_2"
PART 10 "J_Sleave_Reshape_Top_LE_1"
PART 11 "J_Sleave_Reshape_Top_LE_2"
PART 12 "J_Sleave_Reshape_Top_LE_3"
PART 13 "J_Wrist_LE"
PART 14 "J_Thumb_LE_0"
PART 15 "J_Thumb_LE_1"
PART 16 "J_Thumb_LE_2"
PART 17 "J_Thumb_LE_3"
PART 18 "J_PinkyPalm_LE"
PART 19 "J_Pinky_LE_0"
PART 20 "J_Pinky_LE_1"
PART 21 "J_Ring_RI_2"
PART 22 "J_Ring_RI_3"
PART 23 "J_Webbing_RI"
PART 24 "J_Index_RI_0"
PART 25 "J_Index_RI_1"
PART 26 "J_Index_RI_2"
PART 27 "J_Index_RI_3"
PART 28 "J_Mid_RI_0"
PART 29 "J_Mid_RI_1"
PART 30 "J_Mid_RI_2"
PART 31 "J_Mid_RI_3"
PART 32 "D_Sleave_Reshape_Top_RI_3"
PART 33 "D_Sleave_Reshape_Top_RI_2"
PART 34 "D_Sleave_Reshape_Top_RI_1"
PART 35 "tag_cambone"
PART 36 "tag_camera"
PART 37 "tag_gasmask"
PART 38 "J_Pinky_LE_2"
PART 39 "J_Pinky_LE_3"
PART 40 "J_RingPalm_LE"
PART 41 "J_Ring_LE_0"
PART 42 "J_Ring_LE_1"
PART 43 "J_Ring_LE_2"
PART 44 "J_Ring_LE_3"
PART 45 "J_Webbing_LE"
PART 46 "J_Index_LE_0"
PART 47 "J_Index_LE_1"
PART 48 "J_Index_LE_2"
PART 49 "J_Index_LE_3"
PART 50 "J_Mid_LE_0"
PART 51 "J_Mid_LE_1"
PART 52 "J_Mid_LE_2"
PART 53 "J_Mid_LE_3"
PART 54 "D_Sleave_Reshape_Bottom_LE_1"
PART 55 "D_Sleave_Reshape_Bottom_LE_2"
PART 56 "D_Sleave_Reshape_Top_LE_1"
PART 57 "D_Sleave_Reshape_Top_LE_2"
PART 58 "D_Sleave_Reshape_Top_LE_3"
PART 59 "tag_weapon"
PART 60 "J_Shoulder_RI"
PART 61 "J_Elbow_RI"
PART 62 "J_WristTwist_RI"
PART 63 "J_Sleave_Reshape_Top_RI_3"
PART 64 "J_Sleave_Reshape_Top_RI_2"
PART 65 "J_Sleave_Reshape_Top_RI_1"
PART 66 "J_Wrist_RI"
PART 67 "J_Thumb_RI_0"
PART 68 "J_Thumb_RI_1"
PART 69 "J_Thumb_RI_2"
PART 70 "J_Thumb_RI_3"
PART 71 "J_PinkyPalm_RI"
PART 72 "J_Pinky_RI_0"
PART 73 "J_Pinky_RI_1"
PART 74 "J_Pinky_RI_2"
PART 75 "J_Pinky_RI_3"
PART 76 "J_RingPalm_RI"
PART 77 "J_Ring_RI_0"
PART 78 "J_Ring_RI_1"
PART 79 "J_Gun"
PART 80 "tag_brass"
PART 81 "J_Bolt"
PART 82 "tag_flash"
PART 83 "j_stripper"
PART 84 "J_Clip"
PART 85 "TAG_APERTURE"
PART 86 "tag_bayonet"
PART 87 "tag_grenade"
PART 88 "tag_grenade_mount"
PART 89 "TAG_TELESCOPIC"
PART 90 "TAG_IRON_SIGHTS"
PART 91 "TAG_SUPPRESSOR"

FRAMERATE 24
NUMFRAMES 10

FRAME 181
PART 0
OFFSET 15.9842 0.3549 -4.1024
SCALE 1 1 1
X 0.4637 -0.8675 0.1804
Y -0.0871 0.1580 0.9836
Z -0.8817 -0.4718 -0.0023

PART 1
OFFSET 15.9842 0.3549 -4.1024
SCALE 1 1 1
X 0.4637 -0.8675 0.1804
Y -0.0871 0.1580 0.9836
Z -0.8817 -0.4718 -0.0023

PART 2
OFFSET 0.0269 -2.1253 -3.8142
SCALE 1 1 1
X -0.8100 -0.2953 0.5067
Y 0.2495 -0.9554 -0.1580
Z 0.5307 -0.0015 0.8475

PART 3
OFFSET 0.0269 -2.1253 -3.8142
SCALE 1 1 1
X -0.8100 -0.2953 0.5067
Y 0.2495 -0.9554 -0.1580
Z 0.5307 -0.0015 0.8475

PART 4
OFFSET 3.6644 -0.3533 -0.5071
SCALE 1 1 1
X 0.9999 0.0001 -0.0166
Y -0.0001 1.0000 -0.0000
Z 0.0166 0.0000 0.9999

PART 5
OFFSET -0.9647 7.0186 -3.2985
SCALE 1 1 1
X 0.8011 0.1254 -0.5853
Y 0.0079 -0.9799 -0.1992
Z -0.5985 0.1549 -0.7860

PART 6
OFFSET 8.7235 8.5355 -10.3766
SCALE 1 1 1
X 0.5863 -0.6196 0.5219
Y -0.7532 -0.1797 0.6328
Z -0.2983 -0.7641 -0.5720

PART 7
OFFSET 13.7102 3.2657 -5.9376
SCALE 1 1 1
X 0.5863 -0.6196 0.5219
Y 0.7587 0.6458 -0.0855
Z -0.2841 0.4461 0.8487

PART 8
OFFSET 15.5798 3.9387 -4.5632
SCALE 1 1 1
X 0.5916 -0.6164 0.5197
Y 0.3074 0.7683 0.5614
Z -0.7453 -0.1724 0.6440

PART 9
OFFSET 15.0326 2.3050 -6.6206
SCALE 1 1 1
X 0.5916 -0.6164 0.5197
Y 0.3074 0.7683 0.5614
Z -0.7453 -0.1724 0.6440

PART 10
OFFSET 14.2522 2.9781 -3.2108
SCALE 1 1 1
X 0.5916 -0.6164 0.5197
Y 0.3074 0.7683 0.5614
Z -0.7453 -0.1724 0.6440

PART 11
OFFSET 13.6586 1.7541 -4.1879
SCALE 1 1 1
X 0.5916 -0.6164 0.5197
Y 0.3074 0.7683 0.5614
Z -0.7453 -0.1724 0.6440

PART 12
OFFSET 13.0899 0.8076 -5.4030
SCALE 1 1 1
X 0.5916 -0.6164 0.5197
Y 0.3074 0.7683 0.5614
Z -0.7453 -0.1724 0.6440

PART 13
OFFSET 15.5076 1.3663 -4.3377
SCALE 1 1 1
X 0.7150 -0.6872 0.1289
Y 0.6985 0.7100 -0.0891
Z -0.0303 0.1537 0.9877

PART 14
OFFSET 16.4908 1.8055 -3.9601
SCALE 1 1 1
X 0.8976 -0.0707 0.4352
Y 0.1092 0.9920 -0.0640
Z -0.4272 0.1050 0.8981

PART 15
OFFSET 18.4148 1.7577 -2.9774
SCALE 1 1 1
X 0.9378 -0.1468 0.3147
Y 0.0906 0.9783 0.1864
Z -0.3352 -0.1463 0.9307

PART 16
OFFSET 19.8858 1.4460 -2.3763
SCALE 1 1 1
X 0.8490 -0.3442 0.4008
Y 0.2812 0.9367 0.2087
Z -0.4473 -0.0644 0.8921

PART 17
OFFSET 20.7883 1.0868 -1.8985
SCALE 1 1 1
X 0.9720 -0.0196 -0.2341
Y -0.2347 -0.0326 -0.9715
Z 0.0115 0.9993 -0.0363

PART 18
OFFSET 15.3585 0.0556 -3.9336
SCALE 1 1 1
X 0.1948 -0.9756 0.1012
Y -0.0779 0.0874 0.9931
Z -0.9777 -0.2014 -0.0590

PART 19
OFFSET 15.9291 -2.0964 -3.5760
SCALE 1 1 1
X -0.0913 0.0501 0.9946
Y -0.6696 0.7362 -0.0986
Z -0.7371 -0.6750 -0.0337

PART 20
OFFSET 15.7998 -2.0255 -2.1679
SCALE 1 1 1
X -0.5674 0.6112 0.5518
Y -0.3919 0.3889 -0.8338
Z -0.7242 -0.6894 0.0189

PART 21
OFFSET 1.4842 0.9633 -4.2587
SCALE 1 1 1
X 0.5024 0.2776 -0.8189
Y -0.1224 0.9604 0.2504
Z 0.8559 -0.0256 0.5164

PART 22
OFFSET 0.9393 0.6623 -3.3705
SCALE 1 1 1
X -0.2996 -0.7773 0.5533
Y -0.4249 0.6279 0.6521
Z -0.8543 -0.0397 -0.5183

PART 23
OFFSET -4.4153 -4.2296 -1.5567
SCALE 1 1 1
X -0.7707 -0.5373 0.3426
Y -0.4924 0.8434 0.2151
Z -0.4045 -0.0029 -0.9145

PART 24
OFFSET 3.0880 -1.9572 -3.4303
SCALE 1 1 1
X -0.9125 -0.2118 0.3499
Y 0.1886 -0.9770 -0.0995
Z 0.3630 -0.0248 0.9315

PART 25
OFFSET 4.6946 -1.5843 -4.0465
SCALE 1 1 1
X -0.6938 -0.6613 0.2853
Y 0.6258 -0.7496 -0.2156
Z 0.3564 0.0289 0.9339

PART 26
OFFSET 5.5597 -0.7786 -4.3366
SCALE 1 1 1
X -0.2150 -0.9758 0.0391
Y 0.9228 -0.2161 -0.3190
Z 0.3198 -0.0325 0.9469

PART 27
OFFSET 5.8025 0.3236 -4.3808
SCALE 1 1 1
X -0.6731 0.5036 0.5416
Y 0.4363 0.8617 -0.2590
Z -0.5971 0.0619 -0.7997

PART 28
OFFSET 2.6593 -1.6680 -4.4066
SCALE 1 1 1
X -0.5496 -0.8234 0.1415
Y 0.7502 -0.5609 -0.3503
Z 0.3678 -0.0864 0.9259

PART 29
OFFSET 3.7329 -0.0595 -4.6829
SCALE 1 1 1
X 0.6334 -0.7011 -0.3275
Y 0.6613 0.7102 -0.2415
Z 0.4019 -0.0636 0.9135

PART 30
OFFSET 2.8077 0.9645 -4.2046
SCALE 1 1 1
X 0.8820 -0.2339 -0.4091
Y 0.2155 0.9722 -0.0913
Z 0.4191 -0.0076 0.9079

PART 31
OFFSET 1.8059 1.2301 -3.7477
SCALE 1 1 1
X -0.8407 -0.4412 0.3139
Y -0.3705 0.8915 0.2606
Z -0.3949 0.1028 -0.9130

PART 32
OFFSET -2.8898 -3.1227 -4.1772
SCALE 1 1 1
X -0.5582 -0.8297 0.0046
Y -0.5323 0.3539 -0.7691
Z 0.6365 -0.4317 -0.6392

PART 33
OFFSET -2.7195 -2.7729 -2.9672
SCALE 1 1 1
X -0.5582 -0.8297 0.0046
Y -0.5323 0.3539 -0.7691
Z 0.6365 -0.4317 -0.6392

PART 34
OFFSET -1.4457 -3.4965 -1.4952
SCALE 1 1 1
X -0.5582 -0.8297 0.0046
Y -0.5323 0.3539 -0.7691
Z 0.6365 -0.4317 -0.6392

PART 35
OFFSET 0.0000 0.0000 0.0000
SCALE 1 1 1
X 1.0000 0.0000 0.0000
Y 0.0000 1.0000 0.0000
Z 0.0000 0.0000 1.0000

PART 36
OFFSET 0.0000 0.0000 0.0000
SCALE 1 1 1
X 1.0000 0.0000 0.0000
Y 0.0000 1.0000 0.0000
Z 0.0000 0.0000 1.0000

PART 37
OFFSET 1.5404 0.0000 4.1357
SCALE 1 1 1
X 1.0000 0.0000 0.0000
Y 0.0000 1.0000 0.0000
Z 0.0000 0.0000 1.0000

PART 38
OFFSET 15.2967 -1.4836 -1.6787
SCALE 1 1 1
X -0.5707 0.6009 0.5597
Y -0.3484 0.4400 -0.8277
Z -0.7436 -0.6674 -0.0417

PART 39
OFFSET 14.7545 -0.9127 -1.1469
SCALE 1 1 1
X 0.7628 -0.6393 0.0975
Y 0.0103 -0.1388 -0.9903
Z 0.6466 0.7564 -0.0993

PART 40
OFFSET 15.9842 0.3549 -4.1024
SCALE 1 1 1
X 0.4637 -0.8675 0.1804
Y -0.0871 0.1580 0.9836
Z -0.8817 -0.4718 -0.0023

PART 41
OFFSET 17.0585 -1.9701 -3.6563
SCALE 1 1 1
X 0.2306 -0.1885 0.9546
Y -0.6414 0.7083 0.2948
Z -0.7317 -0.6803 0.0425

PART 42
OFFSET 17.4512 -2.2909 -2.0310
SCALE 1 1 1
X -0.5347 0.6121 0.5826
Y -0.4425 0.3845 -0.8101
Z -0.7199 -0.6910 0.0653

PART 43
OFFSET 16.7102 -1.4425 -1.2236
SCALE 1 1 1
X -0.6175 0.6729 0.4073
Y -0.3248 0.2535 -0.9112
Z -0.7164 -0.6950 0.0620

PART 44
OFFSET 16.0404 -0.7128 -0.7819
SCALE 1 1 1
X 0.6563 -0.7303 0.1898
Y 0.1189 -0.1483 -0.9818
Z 0.7451 0.6669 -0.0105

PART 45
OFFSET 18.8044 0.4576 -3.5525
SCALE 1 1 1
X 0.5292 -0.7412 0.4131
Y 0.2640 -0.3189 -0.9103
Z 0.8064 0.5908 0.0269

PART 46
OFFSET 18.8315 -0.8330 -4.2698
SCALE 1 1 1
X 0.7913 -0.1932 0.5801
Y -0.5205 0.2849 0.8049
Z -0.3208 -0.9389 0.1249

PART 47
OFFSET 20.2247 -1.1731 -3.2485
SCALE 1 1 1
X 0.4417 -0.0634 0.8949
Y -0.8470 0.2994 0.4392
Z -0.2958 -0.9520 0.0785

PART 48
OFFSET 20.7796 -1.1923 -2.1653
SCALE 1 1 1
X -0.0172 0.1609 0.9868
Y -0.9594 0.2751 -0.0615
Z -0.2814 -0.9479 0.1497

PART 49
OFFSET 20.7603 -1.0106 -1.0506
SCALE 1 1 1
X 0.7926 -0.5673 -0.2236
Y -0.2331 0.0570 -0.9708
Z 0.5635 0.8215 -0.0871

PART 50
OFFSET 17.9921 -1.5024 -4.0098
SCALE 1 1 1
X 0.5456 -0.4449 0.7102
Y -0.4702 0.5390 0.6988
Z -0.6937 -0.7152 0.0849

PART 51
OFFSET 19.0579 -2.3715 -2.6223
SCALE 1 1 1
X -0.4406 0.5351 0.7208
Y -0.5326 0.4905 -0.6897
Z -0.7226 -0.6878 0.0690

PART 52
OFFSET 18.4143 -1.5898 -1.5695
SCALE 1 1 1
X -0.4949 0.5541 0.6694
Y -0.4594 0.4871 -0.7428
Z -0.7376 -0.6751 0.0135

PART 53
OFFSET 17.8490 -0.9674 -0.8107
SCALE 1 1 1
X 0.7200 -0.6928 -0.0398
Y -0.0880 -0.0343 -0.9955
Z 0.6883 0.7203 -0.0856

PART 54
OFFSET 15.5798 3.9387 -4.5632
SCALE 1 1 1
X 0.5916 -0.6164 0.5197
Y 0.3074 0.7683 0.5614
Z -0.7453 -0.1724 0.6440

PART 55
OFFSET 15.0326 2.3050 -6.6206
SCALE 1 1 1
X 0.5916 -0.6164 0.5197
Y 0.3074 0.7683 0.5614
Z -0.7453 -0.1724 0.6440

PART 56
OFFSET 14.2522 2.9781 -3.2108
SCALE 1 1 1
X 0.5916 -0.6164 0.5197
Y 0.3074 0.7683 0.5614
Z -0.7453 -0.1724 0.6440

PART 57
OFFSET 13.6586 1.7541 -4.1879
SCALE 1 1 1
X 0.5916 -0.6164 0.5197
Y 0.3074 0.7683 0.5614
Z -0.7453 -0.1724 0.6440

PART 58
OFFSET 13.0899 0.8076 -5.4030
SCALE 1 1 1
X 0.5916 -0.6164 0.5197
Y 0.3074 0.7683 0.5614
Z -0.7453 -0.1724 0.6440

PART 59
OFFSET 11.5244 -0.0013 -2.3000
SCALE 1 1 1
X 0.9999 0.0001 -0.0166
Y -0.0001 1.0000 -0.0000
Z 0.0166 0.0000 0.9999

PART 60
OFFSET -4.6421 -0.8136 0.1133
SCALE 1 1 1
X 0.2156 0.9381 0.2710
Y 0.0315 -0.2841 0.9583
Z 0.9760 -0.1981 -0.0908

PART 61
OFFSET -7.2493 -12.1593 -3.1642
SCALE 1 1 1
X -0.5529 -0.8333 0.0029
Y 0.6474 -0.4318 -0.6281
Z 0.5246 -0.3453 0.7782

PART 62
OFFSET -2.5467 -5.0722 -3.1892
SCALE 1 1 1
X -0.5529 -0.8333 0.0029
Y -0.1979 0.1279 -0.9718
Z 0.8094 -0.5379 -0.2357

PART 63
OFFSET -2.8898 -3.1227 -4.1772
SCALE 1 1 1
X -0.5582 -0.8297 0.0046
Y -0.5323 0.3539 -0.7691
Z 0.6365 -0.4317 -0.6392

PART 64
OFFSET -2.7195 -2.7729 -2.9672
SCALE 1 1 1
X -0.5582 -0.8297 0.0046
Y -0.5323 0.3539 -0.7691
Z 0.6365 -0.4317 -0.6392

PART 65
OFFSET -1.4457 -3.4965 -1.4952
SCALE 1 1 1
X -0.5582 -0.8297 0.0046
Y -0.5323 0.3539 -0.7691
Z 0.6365 -0.4317 -0.6392

PART 66
OFFSET -0.8518 -2.5177 -3.1982
SCALE 1 1 1
X -0.9386 -0.2610 0.2257
Y -0.2667 0.1341 -0.9544
Z 0.2188 -0.9560 -0.1955

PART 67
OFFSET -0.2620 -2.1371 -2.2984
SCALE 1 1 1
X -0.5571 -0.8093 -0.1861
Y 0.1527 0.1205 -0.9809
Z 0.8163 -0.5749 0.0564

PART 68
OFFSET 0.8795 -0.3707 -1.8021
SCALE 1 1 1
X -0.7150 -0.6948 0.0777
Y 0.1350 -0.2462 -0.9598
Z 0.6860 -0.6757 0.2698

PART 69
OFFSET 1.9650 0.8120 -2.0150
SCALE 1 1 1
X -0.5645 -0.5315 0.6315
Y -0.2708 -0.6035 -0.7500
Z 0.7798 -0.5944 0.1968

PART 70
OFFSET 2.5444 1.4242 -2.6942
SCALE 1 1 1
X -0.9734 -0.1349 0.1852
Y -0.1853 0.9390 -0.2897
Z -0.1349 -0.3163 -0.9390

PART 71
OFFSET -0.3874 -1.9601 -4.3716
SCALE 1 1 1
X -0.6079 -0.3316 0.7215
Y 0.2898 -0.9386 -0.1872
Z 0.7393 0.0953 0.6667

PART 72
OFFSET 1.0506 -1.0861 -5.8726
SCALE 1 1 1
X -0.0828 -0.9617 0.2611
Y 0.3696 -0.2730 -0.8882
Z 0.9255 0.0229 0.3781

PART 73
OFFSET 1.1679 0.2755 -6.2423
SCALE 1 1 1
X 0.2844 -0.6955 -0.6599
Y 0.2992 0.7183 -0.6281
Z 0.9108 -0.0189 0.4124

PART 74
OFFSET 0.9158 0.8921 -5.6572
SCALE 1 1 1
X 0.3645 -0.3392 -0.8672
Y 0.0967 0.9401 -0.3270
Z 0.9262 0.0354 0.3755

PART 75
OFFSET 0.5694 1.2144 -4.8333
SCALE 1 1 1
X -0.4734 -0.3358 0.8143
Y -0.0446 0.9324 0.3586
Z -0.8797 0.1335 -0.4564

PART 76
OFFSET 0.0269 -2.1253 -3.8142
SCALE 1 1 1
X -0.8100 -0.2953 0.5067
Y 0.2495 -0.9554 -0.1580
Z 0.5307 -0.0015 0.8475

PART 77
OFFSET 2.0557 -1.3797 -5.2587
SCALE 1 1 1
X -0.0242 -0.9990 0.0378
Y 0.5028 -0.0449 -0.8632
Z 0.8641 -0.0019 0.5034

PART 78
OFFSET 2.0970 0.3211 -5.3230
SCALE 1 1 1
X 0.4422 -0.4634 -0.7680
Y 0.2586 0.8857 -0.3855
Z 0.8588 -0.0281 0.5115

PART 79
OFFSET 11.5244 -0.0013 -2.3000
SCALE 1 1 1
X 0.9999 0.0001 -0.0166
Y -0.0001 1.0000 0.0000
Z 0.0166 0.0000 0.9999

PART 80
OFFSET 9.9816 -0.9547 -0.7737
SCALE 1 1 1
X -0.0148 -0.8582 0.5132
Y 0.9997 -0.0015 0.0262
Z -0.0217 0.5134 0.8579

PART 81
OFFSET 11.2697 -1.8116 -1.1938
SCALE 1 1 1
X 1.0000 0.0001 0.0038
Y -0.0001 1.0000 0.0000
Z -0.0038 -0.0000 1.0000

PART 82
OFFSET 39.3983 0.0006 -1.2428
SCALE 1 1 1
X 0.9999 0.0001 -0.0166
Y -0.0001 1.0000 0.0000
Z 0.0166 0.0000 0.9999

PART 83
OFFSET 9.8806 0.3533 -1.9537
SCALE 1 1 1
X 0.9871 0.0986 0.1259
Y -0.0898 0.9932 -0.0738
Z -0.1323 0.0616 0.9893

PART 84
OFFSET 9.4552 -0.0391 -1.9533
SCALE 1 1 1
X 0.9999 0.0001 -0.0166
Y -0.0001 1.0000 0.0000
Z 0.0166 0.0000 0.9999

PART 85
OFFSET 5.3821 0.0101 -0.4860
SCALE 1 1 1
X 0.9999 0.0001 -0.0166
Y -0.0001 1.0000 0.0000
Z 0.0166 0.0000 0.9999

PART 86
OFFSET 35.1392 0.0003 -2.3902
SCALE 1 1 1
X 1.0000 0.0001 0.0038
Y -0.0001 1.0000 0.0000
Z -0.0038 -0.0000 1.0000

PART 87
OFFSET 48.3195 0.0011 -1.2132
SCALE 1 1 1
X 1.0000 0.0001 0.0038
Y -0.0001 1.0000 0.0000
Z -0.0038 -0.0000 1.0000

PART 88
OFFSET 48.6609 0.0012 -1.2258
SCALE 1 1 1
X 1.0000 0.0001 0.0038
Y -0.0001 1.0000 0.0000
Z -0.0038 -0.0000 1.0000

PART 89
OFFSET 7.3606 1.3183 -1.3860
SCALE 1 1 1
X 0.9999 0.0001 -0.0166
Y -0.0001 1.0000 0.0000
Z 0.0166 0.0000 0.9999

PART 90
OFFSET 17.1596 -0.4108 -1.5490
SCALE 1 1 1
X 0.9999 0.0001 -0.0166
Y -0.0001 1.0000 0.0000
Z 0.0166 0.0000 0.9999

PART 91
OFFSET 40.9875 0.0007 -1.1303
SCALE 1 1 1
X 1.0000 0.0001 0.0038
Y -0.0001 1.0000 0.0000
Z -0.0038 -0.0000 1.0000


FRAME 182
PART 0
OFFSET 15.0198 0.3537 -4.0939
SCALE 1 1 1
X 0.4636 -0.8675 0.1807
Y -0.0877 0.1580 0.9835
Z -0.8817 -0.4718 -0.0028

PART 1
OFFSET 15.0198 0.3537 -4.0939
SCALE 1 1 1
X 0.4636 -0.8675 0.1807
Y -0.0877 0.1580 0.9835
Z -0.8817 -0.4718 -0.0028

PART 2
OFFSET -0.9374 -2.1265 -3.8151
SCALE 1 1 1
X -0.8103 -0.2953 0.5062
Y 0.2496 -0.9554 -0.1578
Z 0.5303 -0.0015 0.8478

PART 3
OFFSET -0.9374 -2.1265 -3.8151
SCALE 1 1 1
X -0.8103 -0.2953 0.5062
Y 0.2496 -0.9554 -0.1578
Z 0.5303 -0.0015 0.8478

PART 4
OFFSET 3.6644 -0.3533 -0.5071
SCALE 1 1 1
X 0.9999 0.0001 -0.0166
Y -0.0001 1.0000 -0.0000
Z 0.0166 0.0000 0.9999

PART 5
OFFSET -0.9647 7.0186 -3.2985
SCALE 1 1 1
X 0.7771 0.1524 -0.6106
Y 0.0102 -0.9732 -0.2299
Z -0.6293 0.1724 -0.7578

PART 6
OFFSET 8.4338 8.8613 -10.6833
SCALE 1 1 1
X 0.5280 -0.6478 0.5491
Y -0.7899 -0.1371 0.5978
Z -0.3120 -0.7494 -0.5841

PART 7
OFFSET 12.9246 3.3512 -6.0129
SCALE 1 1 1
X 0.5280 -0.6478 0.5491
Y 0.8039 0.5897 -0.0772
Z -0.2738 0.4822 0.8322

PART 8
OFFSET 14.7626 3.9292 -4.5549
SCALE 1 1 1
X 0.5336 -0.6449 0.5471
Y 0.3218 0.7531 0.5739
Z -0.7821 -0.1301 0.6094

PART 9
OFFSET 14.2240 2.3191 -6.6331
SCALE 1 1 1
X 0.5336 -0.6449 0.5471
Y 0.3218 0.7531 0.5739
Z -0.7821 -0.1301 0.6094

PART 10
OFFSET 13.3252 3.0456 -3.2636
SCALE 1 1 1
X 0.5336 -0.6449 0.5471
Y 0.3218 0.7531 0.5739
Z -0.7821 -0.1301 0.6094

PART 11
OFFSET 12.7127 1.8511 -4.2653
SCALE 1 1 1
X 0.5336 -0.6449 0.5471
Y 0.3218 0.7531 0.5739
Z -0.7821 -0.1301 0.6094

PART 12
OFFSET 12.1507 0.9315 -5.5039
SCALE 1 1 1
X 0.5336 -0.6449 0.5471
Y 0.3218 0.7531 0.5739
Z -0.7821 -0.1301 0.6094

PART 13
OFFSET 14.5433 1.3652 -4.3295
SCALE 1 1 1
X 0.7149 -0.6872 0.1293
Y 0.6986 0.7100 -0.0887
Z -0.0308 0.1537 0.9876

PART 14
OFFSET 15.5264 1.8044 -3.9514
SCALE 1 1 1
X 0.8973 -0.0707 0.4357
Y 0.1092 0.9920 -0.0640
Z -0.4277 0.1050 0.8978

PART 15
OFFSET 17.4498 1.7566 -2.9676
SCALE 1 1 1
X 0.9376 -0.1468 0.3152
Y 0.0905 0.9783 0.1865
Z -0.3357 -0.1463 0.9305

PART 16
OFFSET 18.9204 1.4449 -2.3656
SCALE 1 1 1
X 0.8488 -0.3442 0.4013
Y 0.2811 0.9367 0.2088
Z -0.4478 -0.0644 0.8918

PART 17
OFFSET 19.8226 1.0857 -1.8873
SCALE 1 1 1
X 0.9721 -0.0196 -0.2336
Y -0.2341 -0.0326 -0.9717
Z 0.0115 0.9993 -0.0363

PART 18
OFFSET 14.3940 0.0545 -3.9255
SCALE 1 1 1
X 0.1948 -0.9756 0.1013
Y -0.0785 0.0874 0.9931
Z -0.9777 -0.2014 -0.0596

PART 19
OFFSET 14.9644 -2.0975 -3.5675
SCALE 1 1 1
X -0.0919 0.0501 0.9945
Y -0.6695 0.7362 -0.0989
Z -0.7371 -0.6750 -0.0341

PART 20
OFFSET 14.8343 -2.0266 -2.1595
SCALE 1 1 1
X -0.5677 0.6112 0.5515
Y -0.3914 0.3889 -0.8340
Z -0.7242 -0.6894 0.0185

PART 21
OFFSET 0.5201 0.9620 -4.2587
SCALE 1 1 1
X 0.5028 0.2776 -0.8186
Y -0.1226 0.9604 0.2503
Z 0.8557 -0.0256 0.5169

PART 22
OFFSET -0.0252 0.6610 -3.3709
SCALE 1 1 1
X -0.2999 -0.7773 0.5531
Y -0.4252 0.6279 0.6518
Z -0.8540 -0.0397 -0.5188

PART 23
OFFSET -5.3809 -4.2309 -1.5601
SCALE 1 1 1
X -0.7709 -0.5373 0.3421
Y -0.4925 0.8434 0.2149
Z -0.4040 -0.0029 -0.9148

PART 24
OFFSET 2.1235 -1.9584 -3.4295
SCALE 1 1 1
X -0.9127 -0.2118 0.3494
Y 0.1886 -0.9770 -0.0994
Z 0.3624 -0.0248 0.9317

PART 25
OFFSET 3.7304 -1.5855 -4.0447
SCALE 1 1 1
X -0.6939 -0.6613 0.2849
Y 0.6259 -0.7496 -0.2153
Z 0.3559 0.0289 0.9341

PART 26
OFFSET 4.5957 -0.7799 -4.3343
SCALE 1 1 1
X -0.2150 -0.9758 0.0390
Y 0.9230 -0.2161 -0.3185
Z 0.3192 -0.0325 0.9471

PART 27
OFFSET 4.8385 0.3224 -4.3784
SCALE 1 1 1
X -0.6734 0.5036 0.5412
Y 0.4364 0.8617 -0.2588
Z -0.5967 0.0619 -0.8001

PART 28
OFFSET 1.6953 -1.6693 -4.4060
SCALE 1 1 1
X -0.5497 -0.8234 0.1411
Y 0.7504 -0.5609 -0.3498
Z 0.3672 -0.0864 0.9261

PART 29
OFFSET 2.7691 -0.0608 -4.6817
SCALE 1 1 1
X 0.6336 -0.7011 -0.3272
Y 0.6614 0.7102 -0.2411
Z 0.4014 -0.0636 0.9137

PART 30
OFFSET 1.8436 0.9633 -4.2039
SCALE 1 1 1
X 0.8823 -0.2339 -0.4086
Y 0.2155 0.9722 -0.0911
Z 0.4185 -0.0076 0.9082

PART 31
OFFSET 0.8416 1.2289 -3.7476
SCALE 1 1 1
X -0.8409 -0.4412 0.3134
Y -0.3706 0.8915 0.2604
Z -0.3943 0.1028 -0.9132

PART 32
OFFSET -3.9593 -3.1432 -3.8671
SCALE 1 1 1
X -0.5495 -0.8305 0.0911
Y -0.6321 0.3419 -0.6953
Z 0.5464 -0.4396 -0.7129

PART 33
OFFSET -3.6369 -2.7710 -2.6983
SCALE 1 1 1
X -0.5495 -0.8305 0.0911
Y -0.6321 0.3419 -0.6953
Z 0.5464 -0.4396 -0.7129

PART 34
OFFSET -2.1962 -3.4589 -1.4203
SCALE 1 1 1
X -0.5495 -0.8305 0.0911
Y -0.6321 0.3419 -0.6953
Z 0.5464 -0.4396 -0.7129

PART 35
OFFSET 0.0000 0.0000 0.0000
SCALE 1 1 1
X 1.0000 0.0000 0.0000
Y 0.0000 1.0000 0.0000
Z 0.0000 0.0000 1.0000

PART 36
OFFSET 0.0000 0.0000 0.0000
SCALE 1 1 1
X 1.0000 0.0000 0.0000
Y 0.0000 1.0000 0.0000
Z 0.0000 0.0000 1.0000

PART 37
OFFSET 1.5404 0.0000 4.1357
SCALE 1 1 1
X 1.0000 0.0000 0.0000
Y 0.0000 1.0000 0.0000
Z 0.0000 0.0000 1.0000

PART 38
OFFSET 14.3309 -1.4847 -1.6706
SCALE 1 1 1
X -0.5710 0.6009 0.5594
Y -0.3480 0.4400 -0.8279
Z -0.7435 -0.6674 -0.0422

PART 39
OFFSET 13.7884 -0.9138 -1.1392
SCALE 1 1 1
X 0.7627 -0.6393 0.0980
Y 0.0108 -0.1388 -0.9903
Z 0.6466 0.7564 -0.0990

PART 40
OFFSET 15.0198 0.3537 -4.0939
SCALE 1 1 1
X 0.4636 -0.8675 0.1807
Y -0.0877 0.1580 0.9835
Z -0.8817 -0.4718 -0.0028

PART 41
OFFSET 16.0939 -1.9712 -3.6472
SCALE 1 1 1
X 0.2301 -0.1885 0.9547
Y -0.6416 0.7083 0.2944
Z -0.7317 -0.6803 0.0421

PART 42
OFFSET 16.4856 -2.2920 -2.0217
SCALE 1 1 1
X -0.5350 0.6121 0.5823
Y -0.4421 0.3845 -0.8104
Z -0.7199 -0.6910 0.0649

PART 43
OFFSET 15.7441 -1.4436 -1.2147
SCALE 1 1 1
X -0.6177 0.6729 0.4070
Y -0.3243 0.2535 -0.9114
Z -0.7164 -0.6950 0.0616

PART 44
OFFSET 15.0742 -0.7139 -0.7733
SCALE 1 1 1
X 0.6561 -0.7303 0.1902
Y 0.1194 -0.1483 -0.9817
Z 0.7451 0.6669 -0.0101

PART 45
OFFSET 17.8397 0.4565 -3.5424
SCALE 1 1 1
X 0.5289 -0.7412 0.4134
Y 0.2645 -0.3189 -0.9101
Z 0.8064 0.5908 0.0274

PART 46
OFFSET 17.8672 -0.8341 -4.2597
SCALE 1 1 1
X 0.7910 -0.1932 0.5805
Y -0.5210 0.2849 0.8046
Z -0.3208 -0.9389 0.1247

PART 47
OFFSET 19.2599 -1.1742 -3.2376
SCALE 1 1 1
X 0.4412 -0.0634 0.8952
Y -0.8473 0.2994 0.4387
Z -0.2958 -0.9520 0.0784

PART 48
OFFSET 19.8142 -1.1934 -2.1541
SCALE 1 1 1
X -0.0177 0.1609 0.9868
Y -0.9594 0.2751 -0.0621
Z -0.2814 -0.9479 0.1495

PART 49
OFFSET 19.7941 -1.0117 -1.0394
SCALE 1 1 1
X 0.7927 -0.5673 -0.2231
Y -0.2325 0.0570 -0.9709
Z 0.5635 0.8215 -0.0867

PART 50
OFFSET 17.0276 -1.5035 -4.0001
SCALE 1 1 1
X 0.5452 -0.4449 0.7106
Y -0.4706 0.5390 0.6985
Z -0.6938 -0.7152 0.0845

PART 51
OFFSET 18.0926 -2.3726 -2.6120
SCALE 1 1 1
X -0.4410 0.5351 0.7205
Y -0.5323 0.4905 -0.6900
Z -0.7227 -0.6878 0.0685

PART 52
OFFSET 17.4485 -1.5909 -1.5596
SCALE 1 1 1
X -0.4952 0.5541 0.6691
Y -0.4590 0.4871 -0.7430
Z -0.7376 -0.6751 0.0131

PART 53
OFFSET 16.8827 -0.9685 -0.8011
SCALE 1 1 1
X 0.7201 -0.6928 -0.0394
Y -0.0874 -0.0343 -0.9956
Z 0.6884 0.7203 -0.0852

PART 54
OFFSET 14.7626 3.9292 -4.5549
SCALE 1 1 1
X 0.5336 -0.6449 0.5471
Y 0.3218 0.7531 0.5739
Z -0.7821 -0.1301 0.6094

PART 55
OFFSET 14.2240 2.3191 -6.6331
SCALE 1 1 1
X 0.5336 -0.6449 0.5471
Y 0.3218 0.7531 0.5739
Z -0.7821 -0.1301 0.6094

PART 56
OFFSET 13.3252 3.0456 -3.2636
SCALE 1 1 1
X 0.5336 -0.6449 0.5471
Y 0.3218 0.7531 0.5739
Z -0.7821 -0.1301 0.6094

PART 57
OFFSET 12.7127 1.8511 -4.2653
SCALE 1 1 1
X 0.5336 -0.6449 0.5471
Y 0.3218 0.7531 0.5739
Z -0.7821 -0.1301 0.6094

PART 58
OFFSET 12.1507 0.9315 -5.5039
SCALE 1 1 1
X 0.5336 -0.6449 0.5471
Y 0.3218 0.7531 0.5739
Z -0.7821 -0.1301 0.6094

PART 59
OFFSET 10.5590 -0.0024 -2.2941
SCALE 1 1 1
X 0.9999 0.0001 -0.0161
Y -0.0001 1.0000 0.0000
Z 0.0161 0.0000 0.9999

PART 60
OFFSET -4.6421 -0.8136 0.1133
SCALE 1 1 1
X 0.2872 0.9390 0.1889
Y 0.1686 -0.2437 0.9551
Z 0.9429 -0.2425 -0.2284

PART 61
OFFSET -8.1159 -12.1704 -2.1715
SCALE 1 1 1
X -0.5444 -0.8341 0.0888
Y 0.5586 -0.4395 -0.7034
Z 0.6257 -0.3333 0.7053

PART 62
OFFSET -3.4854 -5.0760 -2.9272
SCALE 1 1 1
X -0.5444 -0.8341 0.0888
Y -0.3033 0.0970 -0.9479
Z 0.7821 -0.5430 -0.3058

PART 63
OFFSET -3.9593 -3.1432 -3.8671
SCALE 1 1 1
X -0.5495 -0.8305 0.0911
Y -0.6321 0.3419 -0.6953
Z 0.5464 -0.4396 -0.7129

PART 64
OFFSET -3.6369 -2.7710 -2.6983
SCALE 1 1 1
X -0.5495 -0.8305 0.0911
Y -0.6321 0.3419 -0.6953
Z 0.5464 -0.4396 -0.7129

PART 65
OFFSET -2.1962 -3.4589 -1.4203
SCALE 1 1 1
X -0.5495 -0.8305 0.0911
Y -0.6321 0.3419 -0.6953
Z 0.5464 -0.4396 -0.7129

PART 66
OFFSET -1.8164 -2.5189 -3.1996
SCALE 1 1 1
X -0.9387 -0.2610 0.2251
Y -0.2662 0.1341 -0.9545
Z 0.2189 -0.9560 -0.1953

PART 67
OFFSET -1.2272 -2.1384 -2.2995
SCALE 1 1 1
X -0.5565 -0.8103 -0.1836
Y 0.1476 0.1210 -0.9816
Z 0.8176 -0.5734 0.0523

PART 68
OFFSET -0.0864 -0.3700 -1.8083
SCALE 1 1 1
X -0.7143 -0.6943 0.0879
Y 0.1256 -0.2508 -0.9599
Z 0.6885 -0.6745 0.2663

PART 69
OFFSET 0.9970 0.8115 -2.0373
SCALE 1 1 1
X -0.5591 -0.5301 0.6375
Y -0.2766 -0.6056 -0.7462
Z 0.7816 -0.5935 0.1920

PART 70
OFFSET 1.5706 1.4222 -2.7228
SCALE 1 1 1
X -0.9718 -0.1348 0.1935
Y -0.1880 0.9382 -0.2906
Z -0.1424 -0.3188 -0.9371

PART 71
OFFSET -1.3514 -1.9613 -4.3727
SCALE 1 1 1
X -0.6083 -0.3316 0.7211
Y 0.2899 -0.9386 -0.1870
Z 0.7389 0.0953 0.6671

PART 72
OFFSET 0.0875 -1.0874 -5.8729
SCALE 1 1 1
X -0.0830 -0.9617 0.2611
Y 0.3701 -0.2730 -0.8880
Z 0.9253 0.0229 0.3786

PART 73
OFFSET 0.2050 0.2743 -6.2425
SCALE 1 1 1
X 0.2847 -0.6955 -0.6597
Y 0.2996 0.7183 -0.6279
Z 0.9106 -0.0189 0.4129

PART 74
OFFSET -0.0475 0.8909 -5.6575
SCALE 1 1 1
X 0.3650 -0.3392 -0.8670
Y 0.0969 0.9401 -0.3270
Z 0.9259 0.0354 0.3760

PART 75
OFFSET -0.3943 1.2131 -4.8339
SCALE 1 1 1
X -0.4739 -0.3358 0.8140
Y -0.0448 0.9324 0.3586
Z -0.8794 0.1335 -0.4569

PART 76
OFFSET -0.9374 -2.1265 -3.8151
SCALE 1 1 1
X -0.8103 -0.2953 0.5062
Y 0.2496 -0.9554 -0.1578
Z 0.5303 -0.0015 0.8478

PART 77
OFFSET 1.0922 -1.3810 -5.2584
SCALE 1 1 1
X -0.0243 -0.9990 0.0378
Y 0.5033 -0.0449 -0.8629
Z 0.8638 -0.0019 0.5039

PART 78
OFFSET 1.1335 0.3198 -5.3227
SCALE 1 1 1
X 0.4426 -0.4634 -0.7677
Y 0.2588 0.8857 -0.3854
Z 0.8586 -0.0281 0.5120

PART 79
OFFSET 10.5590 -0.0024 -2.2941
SCALE 1 1 1
X 0.9999 0.0001 -0.0161
Y -0.0001 1.0000 0.0000
Z 0.0161 0.0000 0.9999

PART 80
OFFSET 9.0153 -0.9558 -0.7686
SCALE 1 1 1
X -0.0151 -0.8582 0.5132
Y 0.9996 -0.0015 0.0268
Z -0.0222 0.5134 0.8579

PART 81
OFFSET 7.9768 -1.8129 -1.1929
SCALE 1 1 1
X 1.0000 0.0001 0.0044
Y -0.0001 1.0000 0.0000
Z -0.0044 -0.0000 1.0000

PART 82
OFFSET 38.4323 -0.0006 -1.2210
SCALE 1 1 1
X 0.9999 0.0001 -0.0161
Y -0.0001 1.0000 0.0000
Z 0.0161 0.0000 0.9999

PART 83
OFFSET 8.8998 0.3037 -1.8028
SCALE 1 1 1
X 0.9868 0.1003 0.1275
Y -0.0932 0.9938 -0.0604
Z -0.1328 0.0477 0.9900

PART 84
OFFSET 8.4896 -0.0402 -1.9485
SCALE 1 1 1
X 0.9999 0.0001 -0.0161
Y -0.0001 1.0000 0.0000
Z 0.0161 0.0000 0.9999

PART 85
OFFSET 4.4156 0.0090 -0.4836
SCALE 1 1 1
X 0.9999 0.0001 -0.0161
Y -0.0001 1.0000 0.0000
Z 0.0161 0.0000 0.9999

PART 86
OFFSET 34.1739 -0.0008 -2.3708
SCALE 1 1 1
X 1.0000 0.0001 0.0044
Y -0.0001 1.0000 0.0000
Z -0.0044 -0.0000 1.0000

PART 87
OFFSET 47.3534 0.0000 -1.1864
SCALE 1 1 1
X 1.0000 0.0001 0.0044
Y -0.0001 1.0000 0.0000
Z -0.0044 -0.0000 1.0000

PART 88
OFFSET 47.6948 0.0001 -1.1987
SCALE 1 1 1
X 1.0000 0.0001 0.0044
Y -0.0001 1.0000 0.0000
Z -0.0044 -0.0000 1.0000

PART 89
OFFSET 6.3947 1.3172 -1.3824
SCALE 1 1 1
X 0.9999 0.0001 -0.0161
Y -0.0001 1.0000 0.0000
Z 0.0161 0.0000 0.9999

PART 90
OFFSET 16.1937 -0.4119 -1.5398
SCALE 1 1 1
X 0.9999 0.0001 -0.0161
Y -0.0001 1.0000 0.0000
Z 0.0161 0.0000 0.9999

PART 91
OFFSET 40.0214 -0.0004 -1.1076
SCALE 1 1 1
X 1.0000 0.0001 0.0044
Y -0.0001 1.0000 0.0000
Z -0.0044 -0.0000 1.0000


FRAME 183
PART 0
OFFSET 15.1537 0.3538 -4.0958
SCALE 1 1 1
X 0.4636 -0.8675 0.1806
Y -0.0876 0.1580 0.9835
Z -0.8817 -0.4718 -0.0028

PART 1
OFFSET 15.1537 0.3538 -4.0958
SCALE 1 1 1
X 0.4636 -0.8675 0.1806
Y -0.0876 0.1580 0.9835
Z -0.8817 -0.4718 -0.0028

PART 2
OFFSET -0.8036 -2.1264 -3.8166
SCALE 1 1 1
X -0.8103 -0.2953 0.5063
Y 0.2496 -0.9554 -0.1578
Z 0.5303 -0.0015 0.8478

PART 3
OFFSET -0.8036 -2.1264 -3.8166
SCALE 1 1 1
X -0.8103 -0.2953 0.5063
Y 0.2496 -0.9554 -0.1578
Z 0.5303 -0.0015 0.8478

PART 4
OFFSET 3.6644 -0.3533 -0.5071
SCALE 1 1 1
X 0.9999 0.0001 -0.0166
Y -0.0001 1.0000 -0.0000
Z 0.0166 0.0000 0.9999

PART 5
OFFSET -0.9647 7.0186 -3.2985
SCALE 1 1 1
X 0.7803 0.1488 -0.6074
Y 0.0101 -0.9742 -0.2256
Z -0.6253 0.1699 -0.7617

PART 6
OFFSET 8.4726 8.8177 -10.6444
SCALE 1 1 1
X 0.5362 -0.6441 0.5456
Y -0.7851 -0.1431 0.6026
Z -0.3101 -0.7515 -0.5824

PART 7
OFFSET 13.0333 3.3397 -6.0040
SCALE 1 1 1
X 0.5362 -0.6441 0.5456
Y 0.7978 0.5978 -0.0784
Z -0.2757 0.4773 0.8344

PART 8
OFFSET 14.8759 3.9309 -4.5573
SCALE 1 1 1
X 0.5417 -0.6411 0.5436
Y 0.3198 0.7553 0.5721
Z -0.7773 -0.1361 0.6142

PART 9
OFFSET 14.3364 2.3174 -6.6326
SCALE 1 1 1
X 0.5417 -0.6411 0.5436
Y 0.3198 0.7553 0.5721
Z -0.7773 -0.1361 0.6142

PART 10
OFFSET 13.4532 3.0363 -3.2573
SCALE 1 1 1
X 0.5417 -0.6411 0.5436
Y 0.3198 0.7553 0.5721
Z -0.7773 -0.1361 0.6142

PART 11
OFFSET 12.8434 1.8375 -4.2556
SCALE 1 1 1
X 0.5417 -0.6411 0.5436
Y 0.3198 0.7553 0.5721
Z -0.7773 -0.1361 0.6142

PART 12
OFFSET 12.2805 0.9141 -5.4910
SCALE 1 1 1
X 0.5417 -0.6411 0.5436
Y 0.3198 0.7553 0.5721
Z -0.7773 -0.1361 0.6142

PART 13
OFFSET 14.6772 1.3652 -4.3313
SCALE 1 1 1
X 0.7149 -0.6872 0.1292
Y 0.6986 0.7100 -0.0887
Z -0.0308 0.1537 0.9876

PART 14
OFFSET 15.6602 1.8044 -3.9533
SCALE 1 1 1
X 0.8973 -0.0707 0.4357
Y 0.1092 0.9920 -0.0640
Z -0.4276 0.1050 0.8978

PART 15
OFFSET 17.5837 1.7567 -2.9695
SCALE 1 1 1
X 0.9376 -0.1468 0.3152
Y 0.0905 0.9783 0.1865
Z -0.3357 -0.1463 0.9305

PART 16
OFFSET 19.0543 1.4450 -2.3676
SCALE 1 1 1
X 0.8488 -0.3442 0.4013
Y 0.2811 0.9367 0.2088
Z -0.4478 -0.0644 0.8918

PART 17
OFFSET 19.9565 1.0857 -1.8893
SCALE 1 1 1
X 0.9721 -0.0196 -0.2336
Y -0.2342 -0.0326 -0.9717
Z 0.0115 0.9993 -0.0363

PART 18
OFFSET 14.5279 0.0545 -3.9274
SCALE 1 1 1
X 0.1948 -0.9756 0.1013
Y -0.0785 0.0874 0.9931
Z -0.9777 -0.2014 -0.0595

PART 19
OFFSET 15.0982 -2.0975 -3.5694
SCALE 1 1 1
X -0.0918 0.0501 0.9945
Y -0.6696 0.7362 -0.0989
Z -0.7371 -0.6750 -0.0341

PART 20
OFFSET 14.9682 -2.0265 -2.1614
SCALE 1 1 1
X -0.5677 0.6112 0.5515
Y -0.3915 0.3889 -0.8340
Z -0.7242 -0.6894 0.0185

PART 21
OFFSET 0.6539 0.9621 -4.2602
SCALE 1 1 1
X 0.5028 0.2776 -0.8186
Y -0.1226 0.9604 0.2503
Z 0.8557 -0.0256 0.5169

PART 22
OFFSET 0.1086 0.6611 -3.3724
SCALE 1 1 1
X -0.2999 -0.7773 0.5531
Y -0.4252 0.6279 0.6518
Z -0.8540 -0.0397 -0.5188

PART 23
OFFSET -5.2470 -4.2308 -1.5614
SCALE 1 1 1
X -0.7709 -0.5373 0.3421
Y -0.4925 0.8434 0.2149
Z -0.4040 -0.0029 -0.9147

PART 24
OFFSET 2.2573 -1.9583 -3.4310
SCALE 1 1 1
X -0.9127 -0.2118 0.3494
Y 0.1886 -0.9770 -0.0994
Z 0.3625 -0.0248 0.9317

PART 25
OFFSET 3.8642 -1.5854 -4.0463
SCALE 1 1 1
X -0.6939 -0.6613 0.2849
Y 0.6259 -0.7496 -0.2153
Z 0.3559 0.0289 0.9341

PART 26
OFFSET 4.7295 -0.7798 -4.3359
SCALE 1 1 1
X -0.2150 -0.9758 0.0390
Y 0.9230 -0.2161 -0.3185
Z 0.3193 -0.0325 0.9471

PART 27
OFFSET 4.9723 0.3224 -4.3800
SCALE 1 1 1
X -0.6734 0.5036 0.5412
Y 0.4364 0.8617 -0.2588
Z -0.5967 0.0619 -0.8001

PART 28
OFFSET 1.8291 -1.6692 -4.4075
SCALE 1 1 1
X -0.5496 -0.8234 0.1412
Y 0.7503 -0.5609 -0.3499
Z 0.3672 -0.0864 0.9261

PART 29
OFFSET 2.9028 -0.0607 -4.6832
SCALE 1 1 1
X 0.6336 -0.7011 -0.3272
Y 0.6614 0.7102 -0.2411
Z 0.4014 -0.0636 0.9137

PART 30
OFFSET 1.9774 0.9634 -4.2054
SCALE 1 1 1
X 0.8822 -0.2339 -0.4086
Y 0.2155 0.9722 -0.0911
Z 0.4186 -0.0076 0.9082

PART 31
OFFSET 0.9754 1.2289 -3.7491
SCALE 1 1 1
X -0.8409 -0.4412 0.3135
Y -0.3706 0.8915 0.2604
Z -0.3944 0.1028 -0.9132

PART 32
OFFSET -3.8118 -3.1398 -3.9188
SCALE 1 1 1
X -0.5518 -0.8304 0.0771
Y -0.6169 0.3442 -0.7078
Z 0.5612 -0.4381 -0.7022

PART 33
OFFSET -3.5133 -2.7716 -2.7420
SCALE 1 1 1
X -0.5518 -0.8304 0.0771
Y -0.6169 0.3442 -0.7078
Z 0.5612 -0.4381 -0.7022

PART 34
OFFSET -2.0975 -3.4655 -1.4325
SCALE 1 1 1
X -0.5518 -0.8304 0.0771
Y -0.6169 0.3442 -0.7078
Z 0.5612 -0.4381 -0.7022

PART 35
OFFSET 0.0000 0.0000 0.0000
SCALE 1 1 1
X 1.0000 0.0000 0.0000
Y 0.0000 1.0000 0.0000
Z 0.0000 0.0000 1.0000

PART 36
OFFSET 0.0000 0.0000 0.0000
SCALE 1 1 1
X 1.0000 0.0000 0.0000
Y 0.0000 1.0000 0.0000
Z 0.0000 0.0000 1.0000

PART 37
OFFSET 1.5404 0.0000 4.1357
SCALE 1 1 1
X 1.0000 0.0000 0.0000
Y 0.0000 1.0000 0.0000
Z 0.0000 0.0000 1.0000

PART 38
OFFSET 14.4648 -1.4846 -1.6725
SCALE 1 1 1
X -0.5710 0.6009 0.5594
Y -0.3480 0.4400 -0.8278
Z -0.7435 -0.6674 -0.0422

PART 39
OFFSET 13.9224 -0.9138 -1.1410
SCALE 1 1 1
X 0.7627 -0.6393 0.0979
Y 0.0108 -0.1388 -0.9903
Z 0.6466 0.7564 -0.0990

PART 40
OFFSET 15.1537 0.3538 -4.0958
SCALE 1 1 1
X 0.4636 -0.8675 0.1806
Y -0.0876 0.1580 0.9835
Z -0.8817 -0.4718 -0.0028

PART 41
OFFSET 16.2278 -1.9711 -3.6491
SCALE 1 1 1
X 0.2301 -0.1885 0.9547
Y -0.6416 0.7083 0.2944
Z -0.7317 -0.6803 0.0421

PART 42
OFFSET 16.6195 -2.2920 -2.0237
SCALE 1 1 1
X -0.5350 0.6121 0.5823
Y -0.4421 0.3845 -0.8104
Z -0.7199 -0.6910 0.0649

PART 43
OFFSET 15.8780 -1.4436 -1.2167
SCALE 1 1 1
X -0.6177 0.6729 0.4070
Y -0.3243 0.2535 -0.9113
Z -0.7164 -0.6950 0.0616

PART 44
OFFSET 15.2081 -0.7138 -0.7753
SCALE 1 1 1
X 0.6562 -0.7303 0.1902
Y 0.1194 -0.1483 -0.9817
Z 0.7451 0.6669 -0.0101

PART 45
OFFSET 17.9736 0.4566 -3.5444
SCALE 1 1 1
X 0.5290 -0.7412 0.4134
Y 0.2645 -0.3189 -0.9101
Z 0.8064 0.5908 0.0274

PART 46
OFFSET 18.0011 -0.8340 -4.2617
SCALE 1 1 1
X 0.7910 -0.1932 0.5805
Y -0.5210 0.2849 0.8046
Z -0.3208 -0.9389 0.1247

PART 47
OFFSET 19.3937 -1.1742 -3.2396
SCALE 1 1 1
X 0.4412 -0.0634 0.8952
Y -0.8473 0.2994 0.4388
Z -0.2958 -0.9520 0.0784

PART 48
OFFSET 19.9480 -1.1934 -2.1561
SCALE 1 1 1
X -0.0177 0.1609 0.9868
Y -0.9594 0.2751 -0.0621
Z -0.2814 -0.9479 0.1495

PART 49
OFFSET 19.9281 -1.0116 -1.0415
SCALE 1 1 1
X 0.7927 -0.5673 -0.2232
Y -0.2326 0.0570 -0.9709
Z 0.5635 0.8215 -0.0868

PART 50
OFFSET 17.1615 -1.5035 -4.0021
SCALE 1 1 1
X 0.5452 -0.4449 0.7105
Y -0.4706 0.5390 0.6986
Z -0.6938 -0.7152 0.0845

PART 51
OFFSET 18.2265 -2.3725 -2.6140
SCALE 1 1 1
X -0.4410 0.5351 0.7205
Y -0.5323 0.4905 -0.6900
Z -0.7227 -0.6878 0.0686

PART 52
OFFSET 17.5824 -1.5909 -1.5616
SCALE 1 1 1
X -0.4952 0.5541 0.6692
Y -0.4590 0.4871 -0.7430
Z -0.7376 -0.6751 0.0131

PART 53
OFFSET 17.0167 -0.9685 -0.8031
SCALE 1 1 1
X 0.7201 -0.6928 -0.0394
Y -0.0874 -0.0343 -0.9956
Z 0.6884 0.7203 -0.0853

PART 54
OFFSET 14.8759 3.9309 -4.5573
SCALE 1 1 1
X 0.5417 -0.6411 0.5436
Y 0.3198 0.7553 0.5721
Z -0.7773 -0.1361 0.6142

PART 55
OFFSET 14.3364 2.3174 -6.6326
SCALE 1 1 1
X 0.5417 -0.6411 0.5436
Y 0.3198 0.7553 0.5721
Z -0.7773 -0.1361 0.6142

PART 56
OFFSET 13.4532 3.0363 -3.2573
SCALE 1 1 1
X 0.5417 -0.6411 0.5436
Y 0.3198 0.7553 0.5721
Z -0.7773 -0.1361 0.6142

PART 57
OFFSET 12.8434 1.8375 -4.2556
SCALE 1 1 1
X 0.5417 -0.6411 0.5436
Y 0.3198 0.7553 0.5721
Z -0.7773 -0.1361 0.6142

PART 58
OFFSET 12.2805 0.9141 -5.4910
SCALE 1 1 1
X 0.5417 -0.6411 0.5436
Y 0.3198 0.7553 0.5721
Z -0.7773 -0.1361 0.6142

PART 59
OFFSET 10.6929 -0.0023 -2.2959
SCALE 1 1 1
X 0.9999 0.0001 -0.0161
Y -0.0001 1.0000 -0.0000
Z 0.0161 0.0000 0.9999

PART 60
OFFSET -4.6421 -0.8136 0.1133
SCALE 1 1 1
X 0.2783 0.9389 0.2023
Y 0.1470 -0.2498 0.9571
Z 0.9492 -0.2366 -0.2075

PART 61
OFFSET -8.0082 -12.1690 -2.3338
SCALE 1 1 1
X -0.5467 -0.8340 0.0749
Y 0.5733 -0.4380 -0.6924
Z 0.6103 -0.3356 0.7176

PART 62
OFFSET -3.3585 -5.0756 -2.9712
SCALE 1 1 1
X -0.5467 -0.8340 0.0749
Y -0.2864 0.1021 -0.9527
Z 0.7869 -0.5423 -0.2946

PART 63
OFFSET -3.8118 -3.1398 -3.9188
SCALE 1 1 1
X -0.5518 -0.8304 0.0771
Y -0.6169 0.3442 -0.7078
Z 0.5612 -0.4381 -0.7022

PART 64
OFFSET -3.5133 -2.7716 -2.7420
SCALE 1 1 1
X -0.5518 -0.8304 0.0771
Y -0.6169 0.3442 -0.7078
Z 0.5612 -0.4381 -0.7022

PART 65
OFFSET -2.0975 -3.4655 -1.4325
SCALE 1 1 1
X -0.5518 -0.8304 0.0771
Y -0.6169 0.3442 -0.7078
Z 0.5612 -0.4381 -0.7022

PART 66
OFFSET -1.6826 -2.5188 -3.2010
SCALE 1 1 1
X -0.9387 -0.2610 0.2252
Y -0.2662 0.1341 -0.9545
Z 0.2189 -0.9560 -0.1953

PART 67
OFFSET -1.0933 -2.1383 -2.3009
SCALE 1 1 1
X -0.5564 -0.8105 -0.1828
Y 0.1462 0.1211 -0.9818
Z 0.8179 -0.5730 0.0511

PART 68
OFFSET 0.0473 -0.3694 -1.8112
SCALE 1 1 1
X -0.7140 -0.6942 0.0906
Y 0.1231 -0.2519 -0.9599
Z 0.6892 -0.6743 0.2653

PART 69
OFFSET 1.1301 0.8118 -2.0444
SCALE 1 1 1
X -0.5577 -0.5297 0.6391
Y -0.2782 -0.6061 -0.7451
Z 0.7821 -0.5933 0.1906

PART 70
OFFSET 1.7021 1.4221 -2.7316
SCALE 1 1 1
X -0.9713 -0.1348 0.1958
Y -0.1888 0.9380 -0.2909
Z -0.1444 -0.3195 -0.9365

PART 71
OFFSET -1.2176 -1.9612 -4.3741
SCALE 1 1 1
X -0.6083 -0.3316 0.7211
Y 0.2899 -0.9386 -0.1870
Z 0.7389 0.0953 0.6671

PART 72
OFFSET 0.2212 -1.0873 -5.8743
SCALE 1 1 1
X -0.0830 -0.9617 0.2611
Y 0.3701 -0.2730 -0.8880
Z 0.9253 0.0229 0.3786

PART 73
OFFSET 0.3387 0.2743 -6.2440
SCALE 1 1 1
X 0.2847 -0.6955 -0.6597
Y 0.2996 0.7183 -0.6279
Z 0.9106 -0.0189 0.4129

PART 74
OFFSET 0.0863 0.8910 -5.6590
SCALE 1 1 1
X 0.3650 -0.3392 -0.8670
Y 0.0969 0.9401 -0.3270
Z 0.9260 0.0354 0.3760

PART 75
OFFSET -0.2605 1.2132 -4.8353
SCALE 1 1 1
X -0.4739 -0.3358 0.8140
Y -0.0448 0.9324 0.3586
Z -0.8794 0.1335 -0.4569

PART 76
OFFSET -0.8036 -2.1264 -3.8166
SCALE 1 1 1
X -0.8103 -0.2953 0.5063
Y 0.2496 -0.9554 -0.1578
Z 0.5303 -0.0015 0.8478

PART 77
OFFSET 1.2260 -1.3809 -5.2599
SCALE 1 1 1
X -0.0243 -0.9990 0.0378
Y 0.5033 -0.0449 -0.8630
Z 0.8638 -0.0019 0.5039

PART 78
OFFSET 1.2673 0.3199 -5.3242
SCALE 1 1 1
X 0.4426 -0.4634 -0.7677
Y 0.2588 0.8857 -0.3854
Z 0.8586 -0.0281 0.5119

PART 79
OFFSET 10.6929 -0.0023 -2.2959
SCALE 1 1 1
X 0.9999 0.0001 -0.0161
Y -0.0001 1.0000 -0.0000
Z 0.0161 0.0000 0.9999

PART 80
OFFSET 9.1492 -0.9557 -0.7704
SCALE 1 1 1
X -0.0150 -0.8582 0.5132
Y 0.9996 -0.0015 0.0267
Z -0.0221 0.5134 0.8579

PART 81
OFFSET 8.7140 -1.8128 -1.1934
SCALE 1 1 1
X 1.0000 0.0001 0.0044
Y -0.0001 1.0000 -0.0000
Z -0.0044 -0.0000 1.0000

PART 82
OFFSET 38.5662 -0.0005 -1.2234
SCALE 1 1 1
X 0.9999 0.0001 -0.0161
Y -0.0001 1.0000 -0.0000
Z 0.0161 0.0000 0.9999

PART 83
OFFSET 9.0197 0.2596 -1.6713
SCALE 1 1 1
X 0.9865 0.1018 0.1285
Y -0.0964 0.9942 -0.0480
Z -0.1326 0.0350 0.9906

PART 84
OFFSET 8.6235 -0.0402 -1.9503
SCALE 1 1 1
X 0.9999 0.0001 -0.0161
Y -0.0001 1.0000 -0.0000
Z 0.0161 0.0000 0.9999

PART 85
OFFSET 4.5496 0.0091 -0.4852
SCALE 1 1 1
X 0.9999 0.0001 -0.0161
Y -0.0001 1.0000 -0.0000
Z 0.0161 0.0000 0.9999

PART 86
OFFSET 34.3078 -0.0008 -2.3732
SCALE 1 1 1
X 1.0000 0.0001 0.0044
Y -0.0001 1.0000 -0.0000
Z -0.0044 -0.0000 1.0000

PART 87
OFFSET 47.4873 0.0001 -1.1891
SCALE 1 1 1
X 1.0000 0.0001 0.0044
Y -0.0001 1.0000 -0.0000
Z -0.0044 -0.0000 1.0000

PART 88
OFFSET 47.8287 0.0001 -1.2014
SCALE 1 1 1
X 1.0000 0.0001 0.0044
Y -0.0001 1.0000 -0.0000
Z -0.0044 -0.0000 1.0000

PART 89
OFFSET 6.5286 1.3173 -1.3841
SCALE 1 1 1
X 0.9999 0.0001 -0.0161
Y -0.0001 1.0000 -0.0000
Z 0.0161 0.0000 0.9999

PART 90
OFFSET 16.3277 -0.4118 -1.5418
SCALE 1 1 1
X 0.9999 0.0001 -0.0161
Y -0.0001 1.0000 -0.0000
Z 0.0161 0.0000 0.9999

PART 91
OFFSET 40.1553 -0.0004 -1.1101
SCALE 1 1 1
X 1.0000 0.0001 0.0044
Y -0.0001 1.0000 -0.0000
Z -0.0044 -0.0000 1.0000


FRAME 184
PART 0
OFFSET 15.3063 0.3539 -4.0975
SCALE 1 1 1
X 0.4636 -0.8675 0.1806
Y -0.0876 0.1580 0.9835
Z -0.8817 -0.4718 -0.0027

PART 1
OFFSET 15.3063 0.3539 -4.0975
SCALE 1 1 1
X 0.4636 -0.8675 0.1806
Y -0.0876 0.1580 0.9835
Z -0.8817 -0.4718 -0.0027

PART 2
OFFSET -0.6510 -2.1263 -3.8171
SCALE 1 1 1
X -0.8102 -0.2953 0.5063
Y 0.2496 -0.9554 -0.1578
Z 0.5303 -0.0015 0.8478

PART 3
OFFSET -0.6510 -2.1263 -3.8171
SCALE 1 1 1
X -0.8102 -0.2953 0.5063
Y 0.2496 -0.9554 -0.1578
Z 0.5303 -0.0015 0.8478

PART 4
OFFSET 3.6644 -0.3533 -0.5071
SCALE 1 1 1
X 0.9999 0.0001 -0.0166
Y -0.0001 1.0000 -0.0000
Z 0.0166 0.0000 0.9999

PART 5
OFFSET -0.9647 7.0186 -3.2985
SCALE 1 1 1
X 0.7840 0.1446 -0.6036
Y 0.0099 -0.9753 -0.2208
Z -0.6206 0.1671 -0.7661

PART 6
OFFSET 8.5175 8.7672 -10.5987
SCALE 1 1 1
X 0.5455 -0.6397 0.5415
Y -0.7795 -0.1499 0.6082
Z -0.3078 -0.7539 -0.5804

PART 7
OFFSET 13.1574 3.3264 -5.9930
SCALE 1 1 1
X 0.5455 -0.6397 0.5415
Y 0.7908 0.6069 -0.0797
Z -0.2776 0.4717 0.8369

PART 8
OFFSET 15.0052 3.9327 -4.5593
SCALE 1 1 1
X 0.5510 -0.6367 0.5394
Y 0.3175 0.7578 0.5701
Z -0.7718 -0.1429 0.6197

PART 9
OFFSET 14.4645 2.3154 -6.6314
SCALE 1 1 1
X 0.5510 -0.6367 0.5394
Y 0.3175 0.7578 0.5701
Z -0.7718 -0.1429 0.6197

PART 10
OFFSET 13.5994 3.0256 -3.2496
SCALE 1 1 1
X 0.5510 -0.6367 0.5394
Y 0.3175 0.7578 0.5701
Z -0.7718 -0.1429 0.6197

PART 11
OFFSET 12.9926 1.8221 -4.2440
SCALE 1 1 1
X 0.5510 -0.6367 0.5394
Y 0.3175 0.7578 0.5701
Z -0.7718 -0.1429 0.6197

PART 12
OFFSET 12.4288 0.8944 -5.4757
SCALE 1 1 1
X 0.5510 -0.6367 0.5394
Y 0.3175 0.7578 0.5701
Z -0.7718 -0.1429 0.6197

PART 13
OFFSET 14.8298 1.3654 -4.3330
SCALE 1 1 1
X 0.7149 -0.6872 0.1292
Y 0.6986 0.7100 -0.0887
Z -0.0308 0.1537 0.9876

PART 14
OFFSET 15.8128 1.8046 -3.9550
SCALE 1 1 1
X 0.8973 -0.0707 0.4356
Y 0.1092 0.9920 -0.0640
Z -0.4276 0.1050 0.8979

PART 15
OFFSET 17.7364 1.7568 -2.9714
SCALE 1 1 1
X 0.9376 -0.1468 0.3151
Y 0.0905 0.9783 0.1865
Z -0.3357 -0.1463 0.9305

PART 16
OFFSET 19.2070 1.4451 -2.3696
SCALE 1 1 1
X 0.8489 -0.3442 0.4012
Y 0.2811 0.9367 0.2088
Z -0.4477 -0.0644 0.8919

PART 17
OFFSET 20.1093 1.0859 -1.8913
SCALE 1 1 1
X 0.9721 -0.0196 -0.2337
Y -0.2342 -0.0326 -0.9716
Z 0.0115 0.9993 -0.0363

PART 18
OFFSET 14.6805 0.0547 -3.9290
SCALE 1 1 1
X 0.1948 -0.9756 0.1013
Y -0.0784 0.0874 0.9931
Z -0.9777 -0.2014 -0.0595

PART 19
OFFSET 15.2509 -2.0973 -3.5711
SCALE 1 1 1
X -0.0918 0.0501 0.9945
Y -0.6696 0.7362 -0.0989
Z -0.7371 -0.6750 -0.0340

PART 20
OFFSET 15.1210 -2.0264 -2.1631
SCALE 1 1 1
X -0.5677 0.6112 0.5515
Y -0.3915 0.3889 -0.8340
Z -0.7242 -0.6894 0.0185

PART 21
OFFSET 0.8064 0.9623 -4.2609
SCALE 1 1 1
X 0.5028 0.2776 -0.8187
Y -0.1225 0.9604 0.2504
Z 0.8557 -0.0256 0.5168

PART 22
OFFSET 0.2612 0.6613 -3.3730
SCALE 1 1 1
X -0.2998 -0.7773 0.5531
Y -0.4252 0.6279 0.6519
Z -0.8540 -0.0397 -0.5188

PART 23
OFFSET -5.0943 -4.2306 -1.5617
SCALE 1 1 1
X -0.7708 -0.5373 0.3422
Y -0.4925 0.8434 0.2149
Z -0.4041 -0.0029 -0.9147

PART 24
OFFSET 2.4099 -1.9582 -3.4318
SCALE 1 1 1
X -0.9127 -0.2118 0.3495
