// Export filename: `C:/cod5/cod/cod5/xanim_export/viewmodel/US/m1garand/m1garand_first_pullout_a.XANIM_EXPORT`
// Source filename: `C:/cod5/cod/cod5/animation_assets/viewmodel/US/m1_garand/viewmodelanimation_m1garand.mb`
// Export time: Thu Jul 03 14:05:58 2008

ANIMATION
VERSION 3

NUMPARTS 92
PART 0 "RingPalm_FK_LE"
PART 1 "RingPalm_SDK_LE"
PART 2 "RingPalm_FK_RI"
PART 3 "RingPalm_SDK_RI"
PART 4 "tag_torso"
PART 5 "J_Shoulder_LE"
PART 6 "J_Elbow_LE"
PART 7 "J_WristTwist_LE"
PART 8 "J_Sleave_Reshape_Bottom_LE_1"
PART 9 "J_Sleave_Reshape_Bottom_LE_2"
PART 10 "J_Sleave_Reshape_Top_LE_1"
PART 11 "J_Sleave_Reshape_Top_LE_2"
PART 12 "J_Sleave_Reshape_Top_LE_3"
PART 13 "J_Wrist_LE"
PART 14 "J_Thumb_LE_0"
PART 15 "J_Thumb_LE_1"
PART 16 "J_Thumb_LE_2"
PART 17 "J_Thumb_LE_3"
PART 18 "J_PinkyPalm_LE"
PART 19 "J_Pinky_LE_0"
PART 20 "J_Pinky_LE_1"
PART 21 "J_Pinky_LE_2"
PART 22 "J_Pinky_LE_3"
PART 23 "J_RingPalm_LE"
PART 24 "J_Ring_LE_0"
PART 25 "J_Ring_LE_1"
PART 26 "J_Ring_LE_2"
PART 27 "J_Ring_LE_3"
PART 28 "J_Webbing_LE"
PART 29 "J_Index_LE_0"
PART 30 "J_Index_LE_1"
PART 31 "J_Index_LE_2"
PART 32 "J_Index_LE_3"
PART 33 "J_Mid_LE_0"
PART 34 "J_Mid_LE_1"
PART 35 "J_Mid_LE_2"
PART 36 "J_Mid_LE_3"
PART 37 "D_Sleave_Reshape_Bottom_LE_1"
PART 38 "D_Sleave_Reshape_Bottom_LE_2"
PART 39 "D_Sleave_Reshape_Top_LE_1"
PART 40 "D_Sleave_Reshape_Top_LE_2"
PART 41 "D_Sleave_Reshape_Top_LE_3"
PART 42 "tag_weapon"
PART 43 "J_Shoulder_RI"
PART 44 "J_Elbow_RI"
PART 45 "J_WristTwist_RI"
PART 46 "J_Sleave_Reshape_Top_RI_3"
PART 47 "J_Sleave_Reshape_Top_RI_2"
PART 48 "J_Sleave_Reshape_Top_RI_1"
PART 49 "J_Wrist_RI"
PART 50 "J_Thumb_RI_0"
PART 51 "J_Thumb_RI_1"
PART 52 "J_Thumb_RI_2"
PART 53 "J_Thumb_RI_3"
PART 54 "J_PinkyPalm_RI"
PART 55 "J_Pinky_RI_0"
PART 56 "J_Pinky_RI_1"
PART 57 "J_Pinky_RI_2"
PART 58 "J_Pinky_RI_3"
PART 59 "J_RingPalm_RI"
PART 60 "J_Ring_RI_0"
PART 61 "J_Ring_RI_1"
PART 62 "J_Ring_RI_2"
PART 63 "J_Ring_RI_3"
PART 64 "J_Webbing_RI"
PART 65 "J_Index_RI_0"
PART 66 "J_Index_RI_1"
PART 67 "J_Index_RI_2"
PART 68 "J_Index_RI_3"
PART 69 "J_Mid_RI_0"
PART 70 "J_Mid_RI_1"
PART 71 "J_Mid_RI_2"
PART 72 "J_Mid_RI_3"
PART 73 "D_Sleave_Reshape_Top_RI_3"
PART 74 "D_Sleave_Reshape_Top_RI_2"
PART 75 "D_Sleave_Reshape_Top_RI_1"
PART 76 "tag_cambone"
PART 77 "tag_camera"
PART 78 "tag_gasmask"
PART 79 "J_Gun"
PART 80 "tag_brass"
PART 81 "J_Bolt"
PART 82 "tag_flash"
PART 83 "j_stripper"
PART 84 "J_Clip"
PART 85 "TAG_APERTURE"
PART 86 "tag_bayonet"
PART 87 "tag_grenade"
PART 88 "tag_grenade_mount"
PART 89 "TAG_TELESCOPIC"
PART 90 "TAG_IRON_SIGHTS"
PART 91 "TAG_SUPPRESSOR"

FRAMERATE 24
NUMFRAMES 65

FRAME 950
PART 0
OFFSET 10.3289 -2.3977 -19.0884
SCALE 1 1 1
X 0.4952 -0.8675 -0.0472
Y 0.3643 0.1580 0.9178
Z -0.7887 -0.4717 0.3943

PART 1
OFFSET 10.3289 -2.3977 -19.0884
SCALE 1 1 1
X 0.4952 -0.8675 -0.0472
Y 0.3643 0.1580 0.9178
Z -0.7887 -0.4717 0.3943

PART 2
OFFSET -3.7963 -4.8767 -11.6583
SCALE 1 1 1
X -0.4958 -0.2952 0.8167
Y 0.1518 -0.9554 -0.2532
Z 0.8551 -0.0016 0.5185

PART 3
OFFSET -3.7963 -4.8767 -11.6583
SCALE 1 1 1
X -0.4958 -0.2952 0.8167
Y 0.1518 -0.9554 -0.2532
Z 0.8551 -0.0016 0.5185

PART 4
OFFSET 6.2061 -3.1050 -3.3894
SCALE 1 1 1
X 1.0000 0.0000 0.0000
Y 0.0000 1.0000 0.0000
Z 0.0000 -0.0000 1.0000

PART 5
OFFSET 1.6245 4.2672 -6.2573
SCALE 1 1 1
X -0.1697 -0.0260 -0.9852
Y 0.0560 -0.9983 0.0167
Z -0.9839 -0.0524 0.1709

PART 6
OFFSET -0.4277 3.9526 -18.1717
SCALE 1 1 1
X 0.8837 -0.4614 -0.0789
Y 0.1167 0.0539 0.9917
Z -0.4533 -0.8856 0.1015

PART 7
OFFSET 7.0884 0.0283 -18.8425
SCALE 1 1 1
X 0.8837 -0.4614 -0.0789
Y 0.4146 0.8497 -0.3257
Z 0.2173 0.2551 0.9422

PART 8
OFFSET 9.0879 0.9938 -19.7951
SCALE 1 1 1
X 0.8842 -0.4593 -0.0851
Y 0.4491 0.8860 -0.1155
Z 0.1284 0.0639 0.9897

PART 9
OFFSET 7.5070 -1.1541 -20.0936
SCALE 1 1 1
X 0.8842 -0.4593 -0.0851
Y 0.4491 0.8860 -0.1155
Z 0.1284 0.0639 0.9897

PART 10
OFFSET 9.6247 0.5465 -17.7886
SCALE 1 1 1
X 0.8842 -0.4593 -0.0851
Y 0.4491 0.8860 -0.1155
Z 0.1284 0.0639 0.9897

PART 11
OFFSET 8.7848 -0.8849 -17.5629
SCALE 1 1 1
X 0.8842 -0.4593 -0.0851
Y 0.4491 0.8860 -0.1155
Z 0.1284 0.0639 0.9897

PART 12
OFFSET 7.7083 -2.1245 -17.5408
SCALE 1 1 1
X 0.8842 -0.4593 -0.0851
Y 0.4491 0.8860 -0.1155
Z 0.1284 0.0639 0.9897

PART 13
OFFSET 9.7975 -1.3862 -19.0843
SCALE 1 1 1
X 0.6965 -0.6872 -0.2062
Y 0.5840 0.7100 -0.3935
Z 0.4169 0.1537 0.8959

PART 14
OFFSET 10.8455 -0.9471 -19.1890
SCALE 1 1 1
X 0.9974 -0.0708 -0.0147
Y 0.0688 0.9919 -0.1063
Z 0.0221 0.1050 0.9942

PART 15
OFFSET 13.0059 -0.9949 -19.1760
SCALE 1 1 1
X 0.9791 -0.1469 -0.1404
Y 0.1648 0.9783 0.1258
Z 0.1189 -0.1463 0.9821

PART 16
OFFSET 14.5901 -1.3068 -19.3002
SCALE 1 1 1
X 0.9386 -0.3442 -0.0236
Y 0.3450 0.9367 0.0600
Z 0.0014 -0.0644 0.9979

PART 17
OFFSET 15.6110 -1.6660 -19.2790
SCALE 1 1 1
X 0.7630 -0.0197 -0.6461
Y -0.6463 -0.0326 -0.7624
Z -0.0060 0.9993 -0.0376

PART 18
OFFSET 9.8458 -2.6969 -18.6564
SCALE 1 1 1
X 0.2194 -0.9756 0.0028
Y 0.3768 0.0874 0.9222
Z -0.8999 -0.2013 0.3868

PART 19
OFFSET 10.5162 -4.8489 -18.5933
SCALE 1 1 1
X 0.3655 0.0501 0.9295
Y -0.6424 0.7362 0.2129
Z -0.6736 -0.6749 0.3013

PART 20
OFFSET 11.0336 -4.7780 -17.2773
SCALE 1 1 1
X -0.2588 0.6112 0.7479
Y -0.7248 0.3889 -0.5687
Z -0.6384 -0.6893 0.3424

PART 21
OFFSET 10.8041 -4.2360 -16.6142
SCALE 1 1 1
X -0.2582 0.6009 0.7565
Y -0.6832 0.4400 -0.5827
Z -0.6830 -0.6673 0.2969

PART 22
OFFSET 10.5588 -3.6652 -15.8955
SCALE 1 1 1
X 0.7252 -0.6393 -0.2557
Y -0.4359 -0.1388 -0.8892
Z 0.5330 0.7563 -0.3794

PART 23
OFFSET 10.3289 -2.3977 -19.0884
SCALE 1 1 1
X 0.4952 -0.8675 -0.0472
Y 0.3643 0.1580 0.9178
Z -0.7887 -0.4717 0.3943

PART 24
OFFSET 11.4890 -4.7226 -19.1727
SCALE 1 1 1
X 0.6351 -0.1885 0.7491
Y -0.4404 0.7083 0.5516
Z -0.6346 -0.6802 0.3669

PART 25
OFFSET 12.5703 -5.0435 -17.8973
SCALE 1 1 1
X -0.2157 0.6122 0.7607
Y -0.7594 0.3845 -0.5248
Z -0.6138 -0.6909 0.3820

PART 26
OFFSET 12.2713 -4.1951 -16.8431
SCALE 1 1 1
X -0.3685 0.6729 0.6414
Y -0.6997 0.2535 -0.6679
Z -0.6121 -0.6949 0.3774

PART 27
OFFSET 11.8716 -3.4653 -16.1474
SCALE 1 1 1
X 0.6715 -0.7303 -0.1254
Y -0.3351 -0.1483 -0.9304
Z 0.6609 0.6668 -0.3443

PART 28
OFFSET 13.0954 -2.2950 -19.8648
SCALE 1 1 1
X 0.6583 -0.7412 0.1312
Y -0.1733 -0.3189 -0.9318
Z 0.7325 0.5907 -0.3384

PART 29
OFFSET 12.7971 -3.5857 -20.5177
SCALE 1 1 1
X 0.9676 -0.1932 0.1625
Y -0.1032 0.2849 0.9530
Z -0.2305 -0.9389 0.2557

PART 30
OFFSET 14.5007 -3.9259 -20.2315
SCALE 1 1 1
X 0.7968 -0.0634 0.6009
Y -0.5592 0.2995 0.7731
Z -0.2290 -0.9520 0.2031

PART 31
OFFSET 15.4833 -3.9452 -19.5134
SCALE 1 1 1
X 0.4282 0.1609 0.8892
Y -0.8847 0.2751 0.3763
Z -0.1841 -0.9478 0.2602

PART 32
OFFSET 15.9670 -3.7634 -18.5089
SCALE 1 1 1
X 0.6075 -0.5674 -0.5560
Y -0.6446 0.0570 -0.7624
Z 0.4643 0.8215 -0.3311

PART 33
OFFSET 12.1641 -4.2550 -19.9081
SCALE 1 1 1
X 0.8066 -0.4449 0.3892
Y -0.1059 0.5391 0.8356
Z -0.5816 -0.7152 0.3877

PART 34
OFFSET 13.7397 -5.1242 -19.1476
SCALE 1 1 1
X -0.0696 0.5352 0.8419
Y -0.7858 0.4905 -0.3767
Z -0.6146 -0.6877 0.3864

PART 35
OFFSET 13.6381 -4.3425 -17.9180
SCALE 1 1 1
X -0.1411 0.5541 0.8204
Y -0.7442 0.4871 -0.4570
Z -0.6528 -0.6751 0.3436

PART 36
OFFSET 13.4742 -3.7200 -16.9860
SCALE 1 1 1
X 0.6253 -0.6928 -0.3591
Y -0.5261 -0.0343 -0.8498
Z 0.5764 0.7203 -0.3859

PART 37
OFFSET 9.0879 0.9938 -19.7951
SCALE 1 1 1
X 0.8842 -0.4593 -0.0851
Y 0.4491 0.8860 -0.1155
Z 0.1284 0.0639 0.9897

PART 38
OFFSET 7.5070 -1.1541 -20.0936
SCALE 1 1 1
X 0.8842 -0.4593 -0.0851
Y 0.4491 0.8860 -0.1155
Z 0.1284 0.0639 0.9897

PART 39
OFFSET 9.6247 0.5465 -17.7886
SCALE 1 1 1
X 0.8842 -0.4593 -0.0851
Y 0.4491 0.8860 -0.1155
Z 0.1284 0.0639 0.9897

PART 40
OFFSET 8.7848 -0.8849 -17.5629
SCALE 1 1 1
X 0.8842 -0.4593 -0.0851
Y 0.4491 0.8860 -0.1155
Z 0.1284 0.0639 0.9897

PART 41
OFFSET 7.7083 -2.1245 -17.5408
SCALE 1 1 1
X 0.8842 -0.4593 -0.0851
Y 0.4491 0.8860 -0.1155
Z 0.1284 0.0639 0.9897

PART 42
OFFSET 7.1551 -2.7535 -15.4737
SCALE 1 1 1
X 0.8857 0.0000 -0.4643
Y 0.0000 1.0000 0.0000
Z 0.4643 -0.0000 0.8857

PART 43
OFFSET -2.1097 -3.5648 -2.9073
SCALE 1 1 1
X 0.8921 0.4446 0.0813
Y 0.3249 -0.7558 0.5686
Z 0.3142 -0.4808 -0.8186

PART 44
OFFSET -12.8981 -8.9413 -3.8902
SCALE 1 1 1
X -0.7427 -0.3174 0.5896
Y -0.5051 -0.3126 -0.8045
Z 0.4396 -0.8953 0.0719

PART 45
OFFSET -6.5812 -6.2420 -8.9054
SCALE 1 1 1
X -0.7427 -0.3174 0.5896
Y -0.6473 0.1146 -0.7536
Z 0.1716 -0.9414 -0.2905

PART 46
OFFSET -5.7303 -4.4708 -9.3192
SCALE 1 1 1
X -0.7409 -0.3130 0.5942
Y -0.4302 0.9006 -0.0620
Z -0.5158 -0.3016 -0.8019

PART 47
OFFSET -4.6660 -4.7211 -8.7637
SCALE 1 1 1
X -0.7409 -0.3130 0.5942
Y -0.4302 0.9006 -0.0620
Z -0.5158 -0.3016 -0.8019

PART 48
OFFSET -4.0363 -6.0072 -8.8305
SCALE 1 1 1
X -0.7409 -0.3130 0.5942
Y -0.4302 0.9006 -0.0620
Z -0.5158 -0.3016 -0.8019

PART 49
OFFSET -4.3043 -5.2690 -10.7131
SCALE 1 1 1
X -0.7370 -0.2609 0.6235
Y -0.6673 0.1341 -0.7327
Z 0.1076 -0.9560 -0.2729

PART 50
OFFSET -3.3730 -4.8886 -10.1744
SCALE 1 1 1
X -0.5813 -0.8093 0.0842
Y -0.3045 0.1205 -0.9449
Z 0.7545 -0.5749 -0.3165

PART 51
OFFSET -2.1301 -3.1222 -10.2442
SCALE 1 1 1
X -0.6038 -0.6948 0.3908
Y -0.3108 -0.2463 -0.9180
Z 0.7340 -0.6758 -0.0673

PART 52
OFFSET -1.2561 -1.9396 -10.9223
SCALE 1 1 1
X -0.2204 -0.5315 0.8179
Y -0.5790 -0.6035 -0.5482
Z 0.7850 -0.5944 -0.1747

PART 53
OFFSET -1.0438 -1.3274 -11.7895
SCALE 1 1 1
X -0.7863 -0.1349 0.6030
Y -0.2957 0.9390 -0.1755
Z -0.5426 -0.3163 -0.7782

PART 54
OFFSET -4.4169 -4.7115 -11.9700
SCALE 1 1 1
X -0.2188 -0.3315 0.9177
Y 0.1747 -0.9386 -0.2974
Z 0.9600 0.0952 0.2632

PART 55
OFFSET -3.8069 -3.8376 -13.9572
SCALE 1 1 1
X 0.0433 -0.9617 0.2705
Y -0.0690 -0.2730 -0.9595
Z 0.9967 0.0229 -0.0782

PART 56
OFFSET -3.8682 -2.4760 -14.3402
SCALE 1 1 1
X -0.0426 -0.6955 -0.7173
Y -0.0150 0.7183 -0.6956
Z 0.9990 -0.0189 -0.0410

PART 57
OFFSET -3.8304 -1.8594 -13.7042
SCALE 1 1 1
X -0.0642 -0.3392 -0.9385
Y -0.0606 0.9400 -0.3356
Z 0.9961 0.0353 -0.0809

PART 58
OFFSET -3.7695 -1.5371 -12.8126
SCALE 1 1 1
X -0.0569 -0.3358 0.9402
Y 0.1214 0.9324 0.3403
Z -0.9910 0.1336 -0.0123

PART 59
OFFSET -3.7963 -4.8767 -11.6583
SCALE 1 1 1
X -0.4958 -0.2952 0.8167
Y 0.1518 -0.9554 -0.2532
Z 0.8551 -0.0016 0.5185

PART 60
OFFSET -2.6331 -4.1313 -13.8606
SCALE 1 1 1
X -0.0047 -0.9990 0.0447
Y 0.0612 -0.0449 -0.9971
Z 0.9981 -0.0020 0.0613

PART 61
OFFSET -2.6251 -2.4305 -13.9366
SCALE 1 1 1
X 0.0498 -0.4634 -0.8847
Y 0.0577 0.8857 -0.4606
Z 0.9971 -0.0281 0.0709

PART 62
OFFSET -2.6941 -1.7883 -12.7105
SCALE 1 1 1
X 0.0807 0.2775 -0.9573
Y 0.0033 0.9604 0.2787
Z 0.9967 -0.0256 0.0766

PART 63
OFFSET -2.7816 -2.0892 -11.6722
SCALE 1 1 1
X -0.0190 -0.7772 0.6289
Y -0.0864 0.6280 0.7734
Z -0.9961 -0.0397 -0.0791

PART 64
OFFSET -6.7498 -6.9808 -7.6450
SCALE 1 1 1
X -0.5345 -0.5373 0.6524
Y -0.3431 0.8434 0.4135
Z -0.7724 -0.0028 -0.6351

PART 65
OFFSET -0.8892 -4.7088 -12.6913
SCALE 1 1 1
X -0.6579 -0.2117 0.7228
Y 0.1237 -0.9770 -0.1736
Z 0.7429 -0.0248 0.6689

PART 66
OFFSET 0.2690 -4.3360 -13.9639
SCALE 1 1 1
X -0.4916 -0.6612 0.5667
Y 0.4621 -0.7496 -0.4739
Z 0.7382 0.0289 0.6740

PART 67
OFFSET 0.9114 -3.5304 -14.6119
SCALE 1 1 1
X -0.1745 -0.9758 0.1316
Y 0.6809 -0.2161 -0.6997
Z 0.7113 -0.0325 0.7022

PART 68
OFFSET 1.1085 -2.4282 -14.7605
SCALE 1 1 1
X -0.3578 0.5036 0.7863
Y 0.2733 0.8617 -0.4275
Z -0.8929 0.0620 -0.4460

PART 69
OFFSET -1.7110 -4.4197 -13.3707
SCALE 1 1 1
X -0.4274 -0.8233 0.3734
Y 0.5126 -0.5609 -0.6501
Z 0.7447 -0.0864 0.6618

PART 70
OFFSET -0.8761 -2.8112 -14.1002
SCALE 1 1 1
X 0.4186 -0.7011 -0.5772
Y 0.4822 0.7102 -0.5130
Z 0.7696 -0.0636 0.6353

PART 71
OFFSET -1.4874 -1.7871 -13.2570
SCALE 1 1 1
X 0.6040 -0.2339 -0.7619
Y 0.1515 0.9722 -0.1784
Z 0.7824 -0.0077 0.6227

PART 72
OFFSET -2.1770 -1.5214 -12.3987
SCALE 1 1 1
X -0.6099 -0.4411 0.6583
Y -0.2138 0.8915 0.3993
Z -0.7631 0.1028 -0.6381

PART 73
OFFSET -5.7303 -4.4708 -9.3192
SCALE 1 1 1
X -0.7409 -0.3130 0.5942
Y -0.4302 0.9006 -0.0620
Z -0.5158 -0.3016 -0.8019

PART 74
OFFSET -4.6660 -4.7211 -8.7637
SCALE 1 1 1
X -0.7409 -0.3130 0.5942
Y -0.4302 0.9006 -0.0620
Z -0.5158 -0.3016 -0.8019

PART 75
OFFSET -4.0363 -6.0072 -8.8305
SCALE 1 1 1
X -0.7409 -0.3130 0.5942
Y -0.4302 0.9006 -0.0620
Z -0.5158 -0.3016 -0.8019

PART 76
OFFSET 0.0000 0.0000 0.0000
SCALE 1 1 1
X 1.0000 0.0000 0.0000
Y 0.0000 1.0000 0.0000
Z 0.0000 0.0000 1.0000

PART 77
OFFSET 0.0000 0.0000 0.0000
SCALE 1 1 1
X 1.0000 0.0000 0.0000
Y 0.0000 1.0000 0.0000
Z 0.0000 0.0000 1.0000

PART 78
OFFSET 1.5404 0.0000 4.1357
SCALE 1 1 1
X 1.0000 0.0000 0.0000
Y 0.0000 1.0000 0.0000
Z 0.0000 0.0000 1.0000

PART 79
OFFSET 7.1551 -2.7535 -15.4737
SCALE 1 1 1
X 0.8857 0.0000 -0.4643
Y 0.0000 1.0000 0.0000
Z 0.4643 -0.0000 0.8857

PART 80
OFFSET 4.1520 -3.3615 -17.3361
SCALE 1 1 1
X 0.2174 -0.8582 0.4651
Y 0.9048 -0.0016 -0.4259
Z 0.3663 0.5134 0.7761

PART 81
OFFSET 7.4248 -4.5638 -14.3710
SCALE 1 1 1
X 0.8950 0.0000 -0.4461
Y 0.0000 1.0000 0.0000
Z 0.4461 -0.0000 0.8950

PART 82
OFFSET 32.5299 -2.7535 -27.0579
SCALE 1 1 1
X 0.8857 0.0000 -0.4643
Y 0.0000 1.0000 0.0000
Z 0.4643 -0.0000 0.8857

PART 83
OFFSET 5.2966 -2.8062 -14.1569
SCALE 1 1 1
X 0.8892 -0.0649 -0.4529
Y 0.0720 0.9974 -0.0016
Z 0.4518 -0.0312 0.8916

PART 84
OFFSET 5.4626 -2.7912 -14.2340
SCALE 1 1 1
X 0.8857 0.0000 -0.4643
Y 0.0000 1.0000 0.0000
Z 0.4643 -0.0000 0.8857

PART 85
OFFSET 2.4836 -2.7417 -11.0925
SCALE 1 1 1
X 0.8857 0.0000 -0.4643
Y 0.0000 1.0000 0.0000
Z 0.4643 -0.0000 0.8857

PART 86
OFFSET 28.2096 -2.7535 -26.1686
SCALE 1 1 1
X 0.8950 0.0000 -0.4461
Y 0.0000 1.0000 0.0000
Z 0.4461 -0.0000 0.8950

PART 87
OFFSET 40.5124 -2.7535 -31.0414
SCALE 1 1 1
X 0.8950 0.0000 -0.4461
Y 0.0000 1.0000 0.0000
Z 0.4461 -0.0000 0.8950

PART 88
OFFSET 40.8117 -2.7535 -31.2061
SCALE 1 1 1
X 0.8950 0.0000 -0.4461
Y 0.0000 1.0000 0.0000
Z 0.4461 -0.0000 0.8950

PART 89
OFFSET 3.8465 -1.4336 -12.7858
SCALE 1 1 1
X 0.8857 0.0000 -0.4643
Y 0.0000 1.0000 0.0000
Z 0.4643 -0.0000 0.8857

PART 90
OFFSET 12.5265 -3.1633 -17.3357
SCALE 1 1 1
X 0.8857 0.0000 -0.4643
Y 0.0000 1.0000 0.0000
Z 0.4643 -0.0000 0.8857

PART 91
OFFSET 34.0000 -2.7535 -27.6718
SCALE 1 1 1
X 0.8950 0.0000 -0.4461
Y 0.0000 1.0000 0.0000
Z 0.4461 -0.0000 0.8950


FRAME 951
PART 0
OFFSET 10.3905 -2.3571 -18.7291
SCALE 1 1 1
X 0.5134 -0.8577 -0.0283
Y 0.3361 0.1706 0.9262
Z -0.7896 -0.4850 0.3759

PART 1
OFFSET 10.3905 -2.3571 -18.7291
SCALE 1 1 1
X 0.5134 -0.8577 -0.0283
Y 0.3361 0.1706 0.9262
Z -0.7896 -0.4850 0.3759

PART 2
OFFSET -3.6558 -5.1497 -11.6015
SCALE 1 1 1
X -0.5196 -0.2794 0.8074
Y 0.2064 -0.9581 -0.1987
Z 0.8291 0.0634 0.5555

PART 3
OFFSET -3.6558 -5.1497 -11.6015
SCALE 1 1 1
X -0.5196 -0.2794 0.8074
Y 0.2064 -0.9581 -0.1987
Z 0.8291 0.0634 0.5555

PART 4
OFFSET 6.2061 -3.1050 -3.3894
SCALE 1 1 1
X 1.0000 0.0000 0.0000
Y 0.0000 1.0000 0.0000
Z 0.0000 -0.0000 1.0000

PART 5
OFFSET 1.6245 4.2672 -6.2573
SCALE 1 1 1
X -0.1692 -0.0253 -0.9853
Y 0.0561 -0.9983 0.0160
Z -0.9840 -0.0525 0.1703

PART 6
OFFSET -0.4217 3.9611 -18.1730
SCALE 1 1 1
X 0.8868 -0.4595 -0.0495
Y 0.0901 0.0668 0.9937
Z -0.4533 -0.8856 0.1006

PART 7
OFFSET 7.1207 0.0524 -18.5941
SCALE 1 1 1
X 0.8868 -0.4595 -0.0495
Y 0.4209 0.8472 -0.3242
Z 0.1909 0.2667 0.9447

PART 8
OFFSET 9.1420 1.0122 -19.5054
SCALE 1 1 1
X 0.8875 -0.4575 -0.0557
Y 0.4495 0.8859 -0.1147
Z 0.1019 0.0768 0.9918

PART 9
OFFSET 7.5758 -1.1443 -19.8185
SCALE 1 1 1
X 0.8875 -0.4575 -0.0557
Y 0.4495 0.8859 -0.1147
Z 0.1019 0.0768 0.9918

PART 10
OFFSET 9.6266 0.5918 -17.4798
SCALE 1 1 1
X 0.8875 -0.4575 -0.0557
Y 0.4495 0.8859 -0.1147
Z 0.1019 0.0768 0.9918

PART 11
OFFSET 8.7850 -0.8393 -17.2583
SCALE 1 1 1
X 0.8875 -0.4575 -0.0557
Y 0.4495 0.8859 -0.1147
Z 0.1019 0.0768 0.9918

PART 12
OFFSET 7.7118 -2.0818 -17.2491
SCALE 1 1 1
X 0.8875 -0.4575 -0.0557
Y 0.4495 0.8859 -0.1147
Z 0.1019 0.0768 0.9918

PART 13
OFFSET 9.8392 -1.3564 -18.7459
SCALE 1 1 1
X 0.7153 -0.6744 -0.1830
Y 0.5803 0.7192 -0.3822
Z 0.3893 0.1672 0.9058

PART 14
OFFSET 10.8809 -0.8971 -18.8250
SCALE 1 1 1
X 0.9986 -0.0510 0.0127
Y 0.0521 0.9925 -0.1108
Z -0.0070 0.1113 0.9938

PART 15
OFFSET 13.0406 -0.9019 -18.7534
SCALE 1 1 1
X 0.9853 -0.1281 -0.1130
Y 0.1419 0.9821 0.1239
Z 0.0951 -0.1382 0.9858

PART 16
OFFSET 14.6334 -1.1828 -18.8328
SCALE 1 1 1
X 0.9455 -0.3256 0.0040
Y 0.3247 0.9437 0.0633
Z -0.0244 -0.0585 0.9980

PART 17
OFFSET 15.6603 -1.5215 -18.7817
SCALE 1 1 1
X 0.7805 -0.0083 -0.6251
Y -0.6246 -0.0499 -0.7793
Z -0.0248 0.9987 -0.0441

PART 18
OFFSET 9.9019 -2.6634 -18.3084
SCALE 1 1 1
X 0.2385 -0.9710 0.0150
Y 0.3498 0.1003 0.9314
Z -0.9059 -0.2169 0.3636

PART 19
OFFSET 10.6126 -4.8012 -18.2134
SCALE 1 1 1
X 0.3391 0.0628 0.9387
Y -0.6624 0.7245 0.1908
Z -0.6680 -0.6864 0.2873

PART 20
OFFSET 11.0927 -4.7123 -16.8845
SCALE 1 1 1
X -0.2911 0.6103 0.7367
Y -0.7167 0.3710 -0.5905
Z -0.6337 -0.6999 0.3294

PART 21
OFFSET 10.8346 -4.1711 -16.2313
SCALE 1 1 1
X -0.2905 0.6001 0.7454
Y -0.6758 0.4229 -0.6038
Z -0.6775 -0.6791 0.2827

PART 22
OFFSET 10.5587 -3.6011 -15.5232
SCALE 1 1 1
X 0.7443 -0.6262 -0.2320
Y -0.4088 -0.1527 -0.8997
Z 0.5280 0.7645 -0.3697

PART 23
OFFSET 10.3905 -2.3571 -18.7291
SCALE 1 1 1
X 0.5134 -0.8577 -0.0283
Y 0.3361 0.1706 0.9262
Z -0.7896 -0.4850 0.3759

PART 24
OFFSET 11.5982 -4.6590 -18.7672
SCALE 1 1 1
X 0.6181 -0.1714 0.7672
Y -0.4691 0.7026 0.5350
Z -0.6307 -0.6906 0.3539

PART 25
OFFSET 12.6505 -4.9508 -17.4611
SCALE 1 1 1
X -0.2483 0.6122 0.7507
Y -0.7524 0.3662 -0.5476
Z -0.6101 -0.7008 0.3697

PART 26
OFFSET 12.3064 -4.1023 -16.4207
SCALE 1 1 1
X -0.3990 0.6692 0.6269
Y -0.6862 0.2356 -0.6882
Z -0.6082 -0.7048 0.3652

PART 27
OFFSET 11.8737 -3.3765 -15.7408
SCALE 1 1 1
X 0.6890 -0.7175 -0.1026
Y -0.3068 -0.1604 -0.9382
Z 0.6567 0.6778 -0.3306

PART 28
OFFSET 13.1744 -2.2039 -19.4312
SCALE 1 1 1
X 0.6691 -0.7271 0.1536
Y -0.1417 -0.3277 -0.9341
Z 0.7296 0.6032 -0.3223

PART 29
OFFSET 12.9195 -3.5041 -20.0836
SCALE 1 1 1
X 0.9665 -0.1730 0.1898
Y -0.1346 0.2884 0.9480
Z -0.2187 -0.9418 0.2554

PART 30
OFFSET 14.6211 -3.8086 -19.7494
SCALE 1 1 1
X 0.7813 -0.0440 0.6226
Y -0.5858 0.2928 0.7558
Z -0.2155 -0.9552 0.2030

PART 31
OFFSET 15.5840 -3.8040 -19.0049
SCALE 1 1 1
X 0.4007 0.1746 0.8994
Y -0.8999 0.2597 0.3505
Z -0.1723 -0.9498 0.2612

PART 32
OFFSET 16.0366 -3.6068 -17.9890
SCALE 1 1 1
X 0.6334 -0.5584 -0.5357
Y -0.6246 0.0397 -0.7799
Z 0.4567 0.8286 -0.3237

PART 33
OFFSET 12.2835 -4.1823 -19.4870
SCALE 1 1 1
X 0.8044 -0.4264 0.4137
Y -0.1392 0.5417 0.8289
Z -0.5776 -0.7243 0.3764

PART 34
OFFSET 13.8549 -5.0154 -18.6788
SCALE 1 1 1
X -0.1029 0.5386 0.8363
Y -0.7848 0.4725 -0.4009
Z -0.6111 -0.6976 0.3741

PART 35
OFFSET 13.7045 -4.2287 -17.4574
SCALE 1 1 1
X -0.1742 0.5560 0.8127
Y -0.7411 0.4695 -0.4800
Z -0.6484 -0.6859 0.3302

PART 36
OFFSET 13.5031 -3.6042 -16.5342
SCALE 1 1 1
X 0.6484 -0.6823 -0.3377
Y -0.5020 -0.0497 -0.8634
Z 0.5723 0.7294 -0.3748

PART 37
OFFSET 9.1420 1.0122 -19.5054
SCALE 1 1 1
X 0.8875 -0.4575 -0.0557
Y 0.4495 0.8859 -0.1147
Z 0.1019 0.0768 0.9918

PART 38
OFFSET 7.5758 -1.1443 -19.8185
SCALE 1 1 1
X 0.8875 -0.4575 -0.0557
Y 0.4495 0.8859 -0.1147
Z 0.1019 0.0768 0.9918

PART 39
OFFSET 9.6266 0.5918 -17.4798
SCALE 1 1 1
X 0.8875 -0.4575 -0.0557
Y 0.4495 0.8859 -0.1147
Z 0.1019 0.0768 0.9918

PART 40
OFFSET 8.7850 -0.8393 -17.2583
SCALE 1 1 1
X 0.8875 -0.4575 -0.0557
Y 0.4495 0.8859 -0.1147
Z 0.1019 0.0768 0.9918

PART 41
OFFSET 7.7118 -2.0818 -17.2491
SCALE 1 1 1
X 0.8875 -0.4575 -0.0557
Y 0.4495 0.8859 -0.1147
Z 0.1019 0.0768 0.9918

PART 42
OFFSET 7.1275 -2.7550 -15.1992
SCALE 1 1 1
X 0.8978 0.0149 -0.4402
Y -0.0198 0.9998 -0.0064
Z 0.4400 0.0144 0.8979

PART 43
OFFSET -2.1097 -3.5648 -2.9073
SCALE 1 1 1
X 0.8935 0.4420 0.0789
Y 0.3118 -0.7373 0.5993
Z 0.3231 -0.5109 -0.7966

PART 44
OFFSET -12.9158 -8.9108 -3.8613
SCALE 1 1 1
X -0.7542 -0.2930 0.5877
Y -0.4937 -0.3371 -0.8016
Z 0.4330 -0.8947 0.1095

PART 45
OFFSET -6.5012 -6.4187 -8.8598
SCALE 1 1 1
X -0.7542 -0.2930 0.5877
Y -0.6252 0.0466 -0.7791
Z 0.2009 -0.9550 -0.2183

PART 46
OFFSET -5.6184 -4.6808 -9.3073
SCALE 1 1 1
X -0.7524 -0.2885 0.5922
Y -0.4237 0.9003 -0.0997
Z -0.5044 -0.3259 -0.7996

PART 47
OFFSET -4.5671 -4.9040 -8.7222
SCALE 1 1 1
X -0.7524 -0.2885 0.5922
Y -0.4237 0.9003 -0.0997
Z -0.5044 -0.3259 -0.7996

PART 48
OFFSET -3.9574 -6.1683 -8.7387
SCALE 1 1 1
X -0.7524 -0.2885 0.5922
Y -0.4237 0.9003 -0.0997
Z -0.5044 -0.3259 -0.7996

PART 49
OFFSET -4.1892 -5.5205 -10.6615
SCALE 1 1 1
X -0.7528 -0.2657 0.6022
Y -0.6377 0.0676 -0.7673
Z 0.1632 -0.9617 -0.2203

PART 50
OFFSET -3.3022 -5.0713 -10.1015
SCALE 1 1 1
X -0.5574 -0.8257 0.0873
Y -0.2684 0.0797 -0.9600
Z 0.7857 -0.5585 -0.2660

PART 51
OFFSET -2.1164 -3.2664 -10.1792
SCALE 1 1 1
X -0.5935 -0.6991 0.3987
Y -0.2702 -0.2936 -0.9170
Z 0.7581 -0.6520 -0.0146

PART 52
OFFSET -1.2592 -2.0824 -10.8759
SCALE 1 1 1
X -0.2337 -0.5088 0.8285
Y -0.5378 -0.6422 -0.5462
Z 0.8100 -0.5733 -0.1236

PART 53
OFFSET -1.0344 -1.4950 -11.7569
SCALE 1 1 1
X -0.8037 -0.1397 0.5784
Y -0.3193 0.9215 -0.2211
Z -0.5021 -0.3624 -0.7852

PART 54
OFFSET -4.2679 -5.0290 -11.9482
SCALE 1 1 1
X -0.2462 -0.2977 0.9224
Y 0.2305 -0.9423 -0.2426
Z 0.9414 0.1529 0.3006

PART 55
OFFSET -3.6059 -4.2222 -13.9471
SCALE 1 1 1
X 0.0458 -0.9351 0.3515
Y 0.0007 -0.3519 -0.9360
Z 0.9989 0.0431 -0.0155

PART 56
OFFSET -3.6707 -2.8984 -14.4448
SCALE 1 1 1
X 0.0196 -0.7691 -0.6389
Y 0.0164 0.6391 -0.7689
Z 0.9997 0.0046 0.0251

PART 57
OFFSET -3.6881 -2.2165 -13.8783
SCALE 1 1 1
X 0.0061 -0.4510 -0.8925
Y -0.0575 0.8909 -0.4506
Z 0.9983 0.0541 -0.0205

PART 58
OFFSET -3.6939 -1.7881 -13.0304
SCALE 1 1 1
X -0.1130 -0.2221 0.9684
Y 0.0788 0.9696 0.2316
Z -0.9905 0.1024 -0.0920

PART 59
OFFSET -3.6558 -5.1497 -11.6015
SCALE 1 1 1
X -0.5196 -0.2794 0.8074
Y 0.2064 -0.9581 -0.1987
Z 0.8291 0.0634 0.5555

PART 60
OFFSET -2.4258 -4.4551 -13.7839
SCALE 1 1 1
X 0.0098 -0.9913 0.1315
Y 0.1244 -0.1293 -0.9838
Z 0.9922 0.0260 0.1220

PART 61
OFFSET -2.4425 -2.7675 -14.0079
SCALE 1 1 1
X 0.1113 -0.5588 -0.8218
Y 0.0742 0.8293 -0.5539
Z 0.9910 0.0007 0.1338

PART 62
OFFSET -2.5968 -1.9930 -12.8690
SCALE 1 1 1
X 0.1372 0.1431 -0.9802
Y -0.0237 0.9897 0.1411
Z 0.9903 0.0039 0.1391

PART 63
OFFSET -2.7455 -2.1481 -11.8059
SCALE 1 1 1
X -0.0501 -0.6824 0.7293
Y -0.1405 0.7278 0.6713
Z -0.9888 -0.0688 -0.1324

PART 64
OFFSET -6.6956 -7.1990 -7.6243
SCALE 1 1 1
X -0.5396 -0.5305 0.6538
Y -0.3997 0.8449 0.3556
Z -0.7410 -0.0694 -0.6679

PART 65
OFFSET -0.7142 -4.8935 -12.5112
SCALE 1 1 1
X -0.6862 -0.2207 0.6932
Y 0.1837 -0.9745 -0.1285
Z 0.7039 0.0392 0.7092

PART 66
OFFSET 0.4939 -4.5049 -13.7316
SCALE 1 1 1
X -0.5007 -0.6479 0.5740
Y 0.5145 -0.7560 -0.4045
Z 0.6961 0.0928 0.7120

PART 67
OFFSET 1.1449 -3.7116 -14.3862
SCALE 1 1 1
X -0.1723 -0.9651 0.1971
Y 0.7224 -0.2598 -0.6408
Z 0.6697 0.0320 0.7419

PART 68
OFFSET 1.3395 -2.6214 -14.6088
SCALE 1 1 1
X -0.4076 0.5577 0.7230
Y 0.2892 0.8299 -0.4771
Z -0.8661 0.0146 -0.4996

PART 69
OFFSET -1.5156 -4.6760 -13.2399
SCALE 1 1 1
X -0.4179 -0.8150 0.4015
Y 0.5612 -0.5791 -0.5914
Z 0.7145 -0.0219 0.6993

PART 70
OFFSET -0.6992 -3.0839 -14.0242
SCALE 1 1 1
X 0.4514 -0.7416 -0.4963
Y 0.4988 0.6709 -0.5488
Z 0.7399 0.0002 0.6727

PART 71
OFFSET -1.3585 -2.0008 -13.2994
SCALE 1 1 1
X 0.6384 -0.3040 -0.7071
Y 0.1605 0.9511 -0.2640
Z 0.7528 0.0551 0.6560

PART 72
OFFSET -2.0868 -1.6562 -12.5033
SCALE 1 1 1
X -0.6401 -0.3779 0.6689
Y -0.2312 0.9251 0.3013
Z -0.7326 0.0382 -0.6796

PART 73
OFFSET -5.6184 -4.6808 -9.3073
SCALE 1 1 1
X -0.7524 -0.2885 0.5922
Y -0.4237 0.9003 -0.0997
Z -0.5044 -0.3259 -0.7996

PART 74
OFFSET -4.5671 -4.9040 -8.7222
SCALE 1 1 1
X -0.7524 -0.2885 0.5922
Y -0.4237 0.9003 -0.0997
Z -0.5044 -0.3259 -0.7996

PART 75
OFFSET -3.9574 -6.1683 -8.7387
SCALE 1 1 1
X -0.7524 -0.2885 0.5922
Y -0.4237 0.9003 -0.0997
Z -0.5044 -0.3259 -0.7996

PART 76
OFFSET 0.0000 0.0000 0.0000
SCALE 1 1 1
X 1.0000 0.0000 0.0000
Y 0.0000 1.0000 0.0000
Z 0.0000 0.0000 1.0000

PART 77
OFFSET 0.0000 0.0000 0.0000
SCALE 1 1 1
X 1.0000 0.0002 -0.0005
Y -0.0002 1.0000 -0.0003
Z 0.0005 0.0003 1.0000

PART 78
OFFSET 1.5425 0.0017 4.1350
SCALE 1 1 1
X 1.0000 0.0002 -0.0005
Y -0.0002 1.0000 -0.0003
Z 0.0005 0.0003 1.0000

PART 79
OFFSET 7.1275 -2.7550 -15.1992
SCALE 1 1 1
X 0.8978 0.0149 -0.4402
Y -0.0198 0.9998 -0.0064
Z 0.4400 0.0144 0.8979

PART 80
OFFSET 4.1886 -3.4336 -17.1380
SCALE 1 1 1
X 0.2216 -0.8509 0.4763
Y 0.9158 0.0139 -0.4013
Z 0.3349 0.5251 0.7824

PART 81
OFFSET 7.4029 -4.5531 -14.0781
SCALE 1 1 1
X 0.9066 0.0152 -0.4217
Y -0.0198 0.9998 -0.0064
Z 0.4216 0.0141 0.9067

PART 82
OFFSET 32.8020 -2.3170 -26.0940
SCALE 1 1 1
X 0.8978 0.0149 -0.4402
Y -0.0198 0.9998 -0.0064
Z 0.4400 0.0144 0.8979

PART 83
OFFSET 5.2373 -2.8370 -13.9328
SCALE 1 1 1
X 0.9023 -0.0499 -0.4282
Y 0.0523 0.9986 -0.0060
Z 0.4279 -0.0170 0.9037

PART 84
OFFSET 5.4030 -2.8191 -14.0054
SCALE 1 1 1
X 0.8978 0.0149 -0.4402
Y -0.0198 0.9998 -0.0064
Z 0.4400 0.0144 0.8979

PART 85
OFFSET 2.3395 -2.8106 -10.9458
SCALE 1 1 1
X 0.8978 0.0149 -0.4402
Y -0.0198 0.9998 -0.0064
Z 0.4400 0.0144 0.8979

PART 86
OFFSET 28.4600 -2.3980 -25.3216
SCALE 1 1 1
X 0.9066 0.0152 -0.4217
Y -0.0198 0.9998 -0.0064
Z 0.4216 0.0141 0.9067

PART 87
OFFSET 40.8880 -2.1813 -29.8605
SCALE 1 1 1
X 0.9066 0.0152 -0.4217
Y -0.0198 0.9998 -0.0064
Z 0.4216 0.0141 0.9067

PART 88
OFFSET 41.1916 -2.1763 -30.0171
SCALE 1 1 1
X 0.9066 0.0152 -0.4217
Y -0.0198 0.9998 -0.0064
Z 0.4216 0.0141 0.9067

PART 89
OFFSET 3.7218 -1.4856 -12.6100
SCALE 1 1 1
X 0.8978 0.0149 -0.4402
Y -0.0198 0.9998 -0.0064
Z 0.4400 0.0144 0.8979

PART 90
OFFSET 12.5545 -3.0686 -16.9129
SCALE 1 1 1
X 0.8978 0.0149 -0.4402
Y -0.0198 0.9998 -0.0064
Z 0.4400 0.0144 0.8979

PART 91
OFFSET 34.2880 -2.2913 -26.6680
SCALE 1 1 1
X 0.9066 0.0152 -0.4217
Y -0.0198 0.9998 -0.0064
Z 0.4216 0.0141 0.9067


FRAME 952
PART 0
OFFSET 10.6820 -2.2412 -17.9236
SCALE 1 1 1
X 0.5598 -0.8286 0.0083
Y 0.2867 0.2030 0.9363
Z -0.7774 -0.5217 0.3512

PART 1
OFFSET 10.6820 -2.2412 -17.9236
SCALE 1 1 1
X 0.5598 -0.8286 0.0083
Y 0.2867 0.2030 0.9363
Z -0.7774 -0.5217 0.3512

PART 2
OFFSET -2.8739 -5.8574 -11.1290
SCALE 1 1 1
X -0.5630 -0.2396 0.7910
Y 0.3340 -0.9414 -0.0474
Z 0.7560 0.2375 0.6100

PART 3
OFFSET -2.8739 -5.8574 -11.1290
SCALE 1 1 1
X -0.5630 -0.2396 0.7910
Y 0.3340 -0.9414 -0.0474
Z 0.7560 0.2375 0.6100

PART 4
OFFSET 6.2061 -3.1050 -3.3894
SCALE 1 1 1
X 1.0000 0.0000 0.0000
Y 0.0000 1.0000 0.0000
Z 0.0000 -0.0000 1.0000

PART 5
OFFSET 1.6245 4.2672 -6.2573
SCALE 1 1 1
X -0.1549 -0.0270 -0.9876
Y 0.0609 -0.9980 0.0177
Z -0.9860 -0.0574 0.1563

PART 6
OFFSET -0.2493 3.9405 -18.2007
SCALE 1 1 1
X 0.8926 -0.4505 0.0190
Y 0.0259 0.0933 0.9953
Z -0.4502 -0.8879 0.0949

PART 7
OFFSET 7.3423 0.1086 -18.0392
SCALE 1 1 1
X 0.8926 -0.4505 0.0190
Y 0.4306 0.8391 -0.3324
Z 0.1338 0.3049 0.9429

PART 8
OFFSET 9.4082 1.0676 -18.8453
SCALE 1 1 1
X 0.8936 -0.4486 0.0128
Y 0.4472 0.8877 -0.1093
Z 0.0377 0.1034 0.9939

PART 9
OFFSET 7.8862 -1.1139 -19.2003
SCALE 1 1 1
X 0.8936 -0.4486 0.0128
Y 0.4472 0.8877 -0.1093
Z 0.0377 0.1034 0.9939

PART 10
OFFSET 9.7667 0.7049 -16.7827
SCALE 1 1 1
X 0.8936 -0.4486 0.0128
Y 0.4472 0.8877 -0.1093
Z 0.0377 0.1034 0.9939

PART 11
OFFSET 8.9267 -0.7295 -16.5775
SCALE 1 1 1
X 0.8936 -0.4486 0.0128
Y 0.4472 0.8877 -0.1093
Z 0.0377 0.1034 0.9939

PART 12
OFFSET 7.8673 -1.9836 -16.6037
SCALE 1 1 1
X 0.8936 -0.4486 0.0128
Y 0.4472 0.8877 -0.1093
Z 0.0377 0.1034 0.9939

PART 13
OFFSET 10.0786 -1.2726 -17.9809
SCALE 1 1 1
X 0.7579 -0.6369 -0.1411
Y 0.5562 0.7439 -0.3704
Z 0.3409 0.2022 0.9181

PART 14
OFFSET 11.0963 -0.7582 -18.0249
SCALE 1 1 1
X 0.9985 0.0041 0.0551
Y 0.0029 0.9920 -0.1261
Z -0.0552 0.1260 0.9905

PART 15
OFFSET 13.2481 -0.6434 -17.8634
SCALE 1 1 1
X 0.9947 -0.0756 -0.0696
Y 0.0832 0.9902 0.1123
Z 0.0604 -0.1175 0.9912

PART 16
OFFSET 14.8557 -0.8377 -17.8715
SCALE 1 1 1
X 0.9607 -0.2732 0.0491
Y 0.2702 0.9609 0.0600
Z -0.0635 -0.0444 0.9970

PART 17
OFFSET 15.8963 -1.1188 -17.7718
SCALE 1 1 1
X 0.8057 0.0249 -0.5918
Y -0.5874 -0.0961 -0.8036
Z -0.0769 0.9951 -0.0628

PART 18
OFFSET 10.1933 -2.5673 -17.5182
SCALE 1 1 1
X 0.2899 -0.9561 0.0421
Y 0.3040 0.1337 0.9432
Z -0.9075 -0.2606 0.3294

PART 19
OFFSET 11.0140 -4.6612 -17.3559
SCALE 1 1 1
X 0.2950 0.0958 0.9507
Y -0.7081 0.6899 0.1502
Z -0.6415 -0.7175 0.2714

PART 20
OFFSET 11.4317 -4.5256 -16.0099
SCALE 1 1 1
X -0.3547 0.6047 0.7131
Y -0.7100 0.3220 -0.6263
Z -0.6083 -0.7284 0.3151

PART 21
OFFSET 11.1172 -3.9894 -15.3777
SCALE 1 1 1
X -0.3539 0.5946 0.7219
Y -0.6714 0.3758 -0.6387
Z -0.6511 -0.7107 0.2662

PART 22
OFFSET 10.7810 -3.4245 -14.6919
SCALE 1 1 1
X 0.7863 -0.5880 -0.1897
Y -0.3614 -0.1887 -0.9131
Z 0.5011 0.7866 -0.3609

PART 23
OFFSET 10.6820 -2.2412 -17.9236
SCALE 1 1 1
X 0.5598 -0.8286 0.0083
Y 0.2867 0.2030 0.9363
Z -0.7774 -0.5217 0.3512

PART 24
OFFSET 12.0130 -4.4737 -17.8706
SCALE 1 1 1
X 0.5934 -0.1254 0.7951
Y -0.5288 0.6840 0.5025
Z -0.6069 -0.7186 0.3396

PART 25
OFFSET 13.0233 -4.6872 -16.5170
SCALE 1 1 1
X -0.3128 0.6092 0.7288
Y -0.7472 0.3159 -0.5848
Z -0.5864 -0.7274 0.3563

PART 26
OFFSET 12.5898 -3.8429 -15.5070
SCALE 1 1 1
X -0.4609 0.6559 0.5978
Y -0.6681 0.1870 -0.7202
Z -0.5841 -0.7313 0.3520

PART 27
OFFSET 12.0899 -3.1316 -14.8586
SCALE 1 1 1
X 0.7305 -0.6802 -0.0611
Y -0.2575 -0.1915 -0.9471
Z 0.6325 0.7076 -0.3150

PART 28
OFFSET 13.4809 -1.9465 -18.5119
SCALE 1 1 1
X 0.7003 -0.6869 0.1942
Y -0.0839 -0.3494 -0.9332
Z 0.7089 0.6373 -0.3023

PART 29
OFFSET 13.3247 -3.2685 -19.1512
SCALE 1 1 1
X 0.9655 -0.1168 0.2329
Y -0.1902 0.2951 0.9363
Z -0.1781 -0.9483 0.2627

PART 30
OFFSET 15.0245 -3.4741 -18.7413
SCALE 1 1 1
X 0.7554 0.0085 0.6552
Y -0.6323 0.2718 0.7254
Z -0.1720 -0.9623 0.2107

PART 31
OFFSET 15.9533 -3.4053 -17.9575
SCALE 1 1 1
X 0.3521 0.2102 0.9121
Y -0.9267 0.2153 0.3081
Z -0.1316 -0.9537 0.2706

PART 32
OFFSET 16.3510 -3.1679 -16.9273
SCALE 1 1 1
X 0.6849 -0.5310 -0.4989
Y -0.5922 -0.0067 -0.8058
Z 0.4246 0.8473 -0.3190

PART 33
OFFSET 12.7016 -3.9713 -18.5697
SCALE 1 1 1
X 0.8080 -0.3753 0.4543
Y -0.2034 0.5460 0.8127
Z -0.5530 -0.7490 0.3648

PART 34
OFFSET 14.2799 -4.7045 -17.6822
SCALE 1 1 1
X -0.1674 0.5450 0.8216
Y -0.7915 0.4226 -0.4415
Z -0.5878 -0.7242 0.3606

PART 35
OFFSET 14.0355 -3.9084 -16.4822
SCALE 1 1 1
X -0.2385 0.5580 0.7948
Y -0.7443 0.4207 -0.5187
Z -0.6238 -0.7153 0.3151

PART 36
OFFSET 13.7615 -3.2818 -15.5794
SCALE 1 1 1
X 0.6981 -0.6509 -0.2983
Y -0.4615 -0.0905 -0.8825
Z 0.5474 0.7538 -0.3635

PART 37
OFFSET 9.4082 1.0676 -18.8453
SCALE 1 1 1
X 0.8936 -0.4486 0.0128
Y 0.4472 0.8877 -0.1093
Z 0.0377 0.1034 0.9939

PART 38
OFFSET 7.8862 -1.1139 -19.2003
SCALE 1 1 1
X 0.8936 -0.4486 0.0128
Y 0.4472 0.8877 -0.1093
Z 0.0377 0.1034 0.9939

PART 39
OFFSET 9.7667 0.7049 -16.7827
SCALE 1 1 1
X 0.8936 -0.4486 0.0128
Y 0.4472 0.8877 -0.1093
Z 0.0377 0.1034 0.9939

PART 40
OFFSET 8.9267 -0.7295 -16.5775
SCALE 1 1 1
X 0.8936 -0.4486 0.0128
Y 0.4472 0.8877 -0.1093
Z 0.0377 0.1034 0.9939

PART 41
OFFSET 7.8673 -1.9836 -16.6037
SCALE 1 1 1
X 0.8936 -0.4486 0.0128
Y 0.4472 0.8877 -0.1093
Z 0.0377 0.1034 0.9939

PART 42
OFFSET 7.2983 -2.7629 -14.5259
SCALE 1 1 1
X 0.9135 0.0574 -0.4027
Y -0.0736 0.9970 -0.0249
Z 0.4000 0.0524 0.9150

PART 43
OFFSET -2.1097 -3.5648 -2.9073
SCALE 1 1 1
X 0.8941 0.4367 0.0993
Y 0.2494 -0.6697 0.6996
Z 0.3719 -0.6007 -0.7077

PART 44
OFFSET -12.9232 -8.8457 -4.1079
SCALE 1 1 1
X -0.8184 -0.2311 0.5261
Y -0.4085 -0.4100 -0.8155
Z 0.4041 -0.8823 0.2411

PART 45
OFFSET -5.9624 -6.8805 -8.5829
SCALE 1 1 1
X -0.8184 -0.2311 0.5261
Y -0.5141 -0.1147 -0.8500
Z 0.2568 -0.9662 -0.0249

PART 46
OFFSET -4.9861 -5.2180 -9.0676
SCALE 1 1 1
X -0.8171 -0.2262 0.5303
Y -0.3959 0.8888 -0.2309
Z -0.4191 -0.3986 -0.8157

PART 47
OFFSET -4.0137 -5.3624 -8.3478
SCALE 1 1 1
X -0.8171 -0.2262 0.5303
Y -0.3959 0.8888 -0.2309
Z -0.4191 -0.3986 -0.8157

PART 48
OFFSET -3.4471 -6.5864 -8.1926
SCALE 1 1 1
X -0.8171 -0.2262 0.5303
Y -0.3959 0.8888 -0.2309
Z -0.4191 -0.3986 -0.8157

PART 49
OFFSET -3.4534 -6.1721 -10.1959
SCALE 1 1 1
X -0.7743 -0.2816 0.5667
Y -0.5604 -0.1109 -0.8208
Z 0.2939 -0.9531 -0.0719

PART 50
OFFSET -2.6849 -5.5471 -9.6293
SCALE 1 1 1
X -0.4889 -0.8642 0.1188
Y -0.1907 -0.0270 -0.9813
Z 0.8512 -0.5024 -0.1516

PART 51
OFFSET -1.6583 -3.6516 -9.7793
SCALE 1 1 1
X -0.5575 -0.7038 0.4402
Y -0.1803 -0.4149 -0.8918
Z 0.8103 -0.5766 0.1044

PART 52
OFFSET -0.8597 -2.4755 -10.5548
SCALE 1 1 1
X -0.2516 -0.4455 0.8592
Y -0.4387 -0.7388 -0.5116
Z 0.8627 -0.5057 -0.0096

PART 53
OFFSET -0.6196 -1.9580 -11.4748
SCALE 1 1 1
X -0.8303 -0.1563 0.5349
Y -0.3787 0.8625 -0.3358
Z -0.4089 -0.4814 -0.7753

PART 54
OFFSET -3.4577 -5.8600 -11.5398
SCALE 1 1 1
X -0.3023 -0.2085 0.9301
Y 0.3605 -0.9283 -0.0909
Z 0.8824 0.3078 0.3558

PART 55
OFFSET -2.6941 -5.2328 -13.5667
SCALE 1 1 1
X 0.0323 -0.8349 0.5494
Y 0.1721 -0.5368 -0.8259
Z 0.9845 0.1213 0.1264

PART 56
OFFSET -2.7398 -4.0508 -14.3445
SCALE 1 1 1
X 0.1540 -0.9095 -0.3861
Y 0.1227 0.4053 -0.9059
Z 0.9804 0.0921 0.1740

PART 57
OFFSET -2.8764 -3.2444 -14.0022
SCALE 1 1 1
X 0.1724 -0.6981 -0.6949
Y -0.0069 0.7046 -0.7096
Z 0.9850 0.1272 0.1167

PART 58
OFFSET -3.0402 -2.5811 -13.3420
SCALE 1 1 1
X -0.2700 0.0733 0.9601
Y 0.0083 0.9972 -0.0738
Z -0.9628 -0.0120 -0.2698

PART 59
OFFSET -2.8739 -5.8574 -11.1290
SCALE 1 1 1
X -0.5630 -0.2396 0.7910
Y 0.3340 -0.9414 -0.0474
Z 0.7560 0.2375 0.6100

PART 60
OFFSET -1.5176 -5.2915 -13.2735
SCALE 1 1 1
X 0.0243 -0.9347 0.3546
Y 0.2812 -0.3340 -0.8996
Z 0.9593 0.1216 0.2547

PART 61
OFFSET -1.5590 -3.7002 -13.8773
SCALE 1 1 1
X 0.2487 -0.7628 -0.5969
Y 0.1478 0.6390 -0.7549
Z 0.9572 0.0995 0.2716

PART 62
OFFSET -1.9037 -2.6431 -13.0500
SCALE 1 1 1
X 0.2918 -0.2042 -0.9344
Y -0.0409 0.9734 -0.2255
Z 0.9556 0.1040 0.2757

PART 63
OFFSET -2.2202 -2.4215 -12.0366
SCALE 1 1 1
X -0.1687 -0.3836 0.9080
Y -0.2418 0.9091 0.3391
Z -0.9556 -0.1623 -0.2461

PART 64
OFFSET -6.0445 -7.7611 -7.1817
SCALE 1 1 1
X -0.5384 -0.5085 0.6720
Y -0.5279 0.8251 0.2014
Z -0.6568 -0.2463 -0.7127

PART 65
OFFSET 0.0956 -5.3456 -11.8119
SCALE 1 1 1
X -0.7296 -0.2547 0.6346
Y 0.3292 -0.9443 -0.0006
Z 0.5994 0.2085 0.7728

PART 66
OFFSET 1.3802 -4.8971 -12.9293
SCALE 1 1 1
X -0.5147 -0.6136 0.5988
Y 0.6276 -0.7455 -0.2244
Z 0.5841 0.2603 0.7688

PART 67
OFFSET 2.0414 -4.1353 -13.6105
SCALE 1 1 1
X -0.1839 -0.9156 0.3576
Y 0.8083 -0.3479 -0.4750
Z 0.5593 0.2017 0.8040

PART 68
OFFSET 2.2492 -3.1011 -14.0145
SCALE 1 1 1
X -0.5124 0.6689 0.5385
Y 0.3407 0.7340 -0.5875
Z -0.7882 -0.1176 -0.6040

PART 69
OFFSET -0.6477 -5.3249 -12.6290
SCALE 1 1 1
X -0.3936 -0.7809 0.4850
Y 0.6659 -0.6059 -0.4352
Z 0.6337 0.1517 0.7586

PART 70
OFFSET 0.1213 -3.7994 -13.5765
SCALE 1 1 1
X 0.5115 -0.8158 -0.2700
Y 0.5502 0.5523 -0.6263
Z 0.6601 0.1718 0.7313

PART 71
OFFSET -0.6258 -2.6078 -13.1821
SCALE 1 1 1
X 0.7085 -0.4639 -0.5318
Y 0.2086 0.8576 -0.4701
Z 0.6742 0.2221 0.7044

PART 72
OFFSET -1.4328 -2.0834 -12.5851
SCALE 1 1 1
X -0.7196 -0.2063 0.6630
Y -0.2453 0.9688 0.0351
Z -0.6496 -0.1374 -0.7478

PART 73
OFFSET -4.9861 -5.2180 -9.0676
SCALE 1 1 1
X -0.8171 -0.2262 0.5303
Y -0.3959 0.8888 -0.2309
Z -0.4191 -0.3986 -0.8157

PART 74
OFFSET -4.0137 -5.3624 -8.3478
SCALE 1 1 1
X -0.8171 -0.2262 0.5303
Y -0.3959 0.8888 -0.2309
Z -0.4191 -0.3986 -0.8157

PART 75
OFFSET -3.4471 -6.5864 -8.1926
SCALE 1 1 1
X -0.8171 -0.2262 0.5303
Y -0.3959 0.8888 -0.2309
Z -0.4191 -0.3986 -0.8157

PART 76
OFFSET 0.0000 0.0000 0.0000
SCALE 1 1 1
X 1.0000 0.0000 0.0000
Y 0.0000 1.0000 0.0000
Z 0.0000 0.0000 1.0000

PART 77
OFFSET 0.0000 0.0000 0.0000
SCALE 1 1 1
X 1.0000 0.0007 -0.0019
Y -0.0007 1.0000 -0.0013
Z 0.0019 0.0013 1.0000

PART 78
OFFSET 1.5484 0.0065 4.1328
SCALE 1 1 1
X 1.0000 0.0007 -0.0019
Y -0.0007 1.0000 -0.0013
Z 0.0019 0.0013 1.0000

PART 79
OFFSET 7.2983 -2.7629 -14.5259
SCALE 1 1 1
X 0.9135 0.0574 -0.4027
Y -0.0736 0.9970 -0.0249
Z 0.4000 0.0524 0.9150

PART 80
OFFSET 4.4855 -3.6315 -16.5728
SCALE 1 1 1
X 0.2470 -0.8300 0.5000
Y 0.9299 0.0579 -0.3631
Z 0.2724 0.5547 0.7862

PART 81
OFFSET 7.6227 -4.5257 -13.3626
SCALE 1 1 1
X 0.9215 0.0584 -0.3839
Y -0.0736 0.9970 -0.0249
Z 0.3813 0.0512 0.9230

PART 82
OFFSET 33.3511 -1.0858 -24.3498
SCALE 1 1 1
X 0.9135 0.0574 -0.4027
Y -0.0736 0.9970 -0.0249
Z 0.4000 0.0524 0.9150

PART 83
OFFSET 5.3651 -2.9288 -13.3378
SCALE 1 1 1
X 0.9211 -0.0069 -0.3893
Y -0.0016 0.9998 -0.0214
Z 0.3894 0.0203 0.9208

PART 84
OFFSET 5.5307 -2.9031 -13.4038
SCALE 1 1 1
X 0.9135 0.0574 -0.4027
Y -0.0736 0.9970 -0.0249
Z 0.4000 0.0524 0.9150

PART 85
OFFSET 2.3440 -3.0154 -10.4749
SCALE 1 1 1
X 0.9135 0.0574 -0.4027
Y -0.0736 0.9970 -0.0249
Z 0.4000 0.0524 0.9150

PART 86
OFFSET 28.9910 -1.3928 -23.7573
SCALE 1 1 1
X 0.9215 0.0584 -0.3839
Y -0.0736 0.9970 -0.0249
Z 0.3813 0.0512 0.9230

PART 87
OFFSET 41.5706 -0.5650 -27.7787
SCALE 1 1 1
X 0.9215 0.0584 -0.3839
Y -0.0736 0.9970 -0.0249
Z 0.3813 0.0512 0.9230

PART 88
OFFSET 41.8799 -0.5457 -27.9225
SCALE 1 1 1
X 0.9215 0.0584 -0.3839
Y -0.0736 0.9970 -0.0249
Z 0.3813 0.0512 0.9230

PART 89
OFFSET 3.7220 -1.6424 -12.1034
SCALE 1 1 1
X 0.9135 0.0574 -0.4027
Y -0.0736 0.9970 -0.0249
Z 0.4000 0.0524 0.9150

PART 90
OFFSET 12.8022 -2.8048 -16.0066
SCALE 1 1 1
X 0.9135 0.0574 -0.4027
Y -0.0736 0.9970 -0.0249
Z 0.4000 0.0524 0.9150

PART 91
OFFSET 34.8565 -0.9875 -24.8619
SCALE 1 1 1
X 0.9215 0.0584 -0.3839
Y -0.0736 0.9970 -0.0249
Z 0.3813 0.0512 0.9230


FRAME 953
PART 0
OFFSET 11.1735 -2.0559 -16.7568
SCALE 1 1 1
X 0.6234 -0.7795 0.0605
Y 0.2154 0.2456 0.9451
Z -0.7516 -0.5762 0.3211

PART 1
OFFSET 11.1735 -2.0559 -16.7568
SCALE 1 1 1
X 0.6234 -0.7795 0.0605
Y 0.2154 0.2456 0.9451
Z -0.7516 -0.5762 0.3211

PART 2
OFFSET -1.5174 -6.7877 -10.2615
SCALE 1 1 1
X -0.6318 -0.1919 0.7510
Y 0.4796 -0.8579 0.1843
Z 0.6089 0.4767 0.6340

PART 3
OFFSET -1.5174 -6.7877 -10.2615
SCALE 1 1 1
X -0.6318 -0.1919 0.7510
Y 0.4796 -0.8579 0.1843
Z 0.6089 0.4767 0.6340

PART 4
OFFSET 6.2061 -3.1050 -3.3894
SCALE 1 1 1
X 1.0000 0.0000 0.0000
Y 0.0000 1.0000 0.0000
Z 0.0000 -0.0000 1.0000

PART 5
OFFSET 1.6245 4.2672 -6.2573
SCALE 1 1 1
X -0.1212 -0.0333 -0.9921
Y 0.0713 -0.9971 0.0247
Z -0.9901 -0.0677 0.1233

PART 6
OFFSET 0.1582 3.8648 -18.2553
SCALE 1 1 1
X 0.8936 -0.4327 0.1195
Y -0.0703 0.1281 0.9893
Z -0.4433 -0.8924 0.0841

PART 7
OFFSET 7.7587 0.1849 -17.2387
SCALE 1 1 1
X 0.8936 -0.4327 0.1195
Y 0.4463 0.8277 -0.3402
Z 0.0482 0.3573 0.9327

PART 8
OFFSET 9.8767 1.1543 -17.8804
SCALE 1 1 1
X 0.8952 -0.4310 0.1134
Y 0.4418 0.8917 -0.0987
Z -0.0586 0.1384 0.9886

PART 9
OFFSET 8.4294 -1.0665 -18.2982
SCALE 1 1 1
X 0.8952 -0.4310 0.1134
Y 0.4418 0.8917 -0.0987
Z -0.0586 0.1384 0.9886

PART 10
OFFSET 10.0432 0.8701 -15.7813
SCALE 1 1 1
X 0.8952 -0.4310 0.1134
Y 0.4418 0.8917 -0.0987
Z -0.0586 0.1384 0.9886

PART 11
OFFSET 9.2098 -0.5720 -15.6045
SCALE 1 1 1
X 0.8952 -0.4310 0.1134
Y 0.4418 0.8917 -0.0987
Z -0.0586 0.1384 0.9886

PART 12
OFFSET 8.1773 -1.8460 -15.6851
SCALE 1 1 1
X 0.8952 -0.4310 0.1134
Y 0.4418 0.8917 -0.0987
Z -0.0586 0.1384 0.9886

PART 13
OFFSET 10.4982 -1.1415 -16.8723
SCALE 1 1 1
X 0.8137 -0.5755 -0.0826
Y 0.5146 0.7790 -0.3581
Z 0.2704 0.2489 0.9300

PART 14
OFFSET 11.4719 -0.5464 -16.8732
SCALE 1 1 1
X 0.9901 0.0871 0.1100
Y -0.0699 0.9860 -0.1512
Z -0.1217 0.1420 0.9824

PART 15
OFFSET 13.5947 -0.2521 -16.5961
SCALE 1 1 1
X 0.9999 0.0047 -0.0126
Y -0.0036 0.9958 0.0912
Z 0.0130 -0.0912 0.9957

PART 16
OFFSET 15.2106 -0.3140 -16.5105
SCALE 1 1 1
X 0.9752 -0.1923 0.1090
Y 0.1879 0.9809 0.0501
Z -0.1166 -0.0284 0.9928

PART 17
OFFSET 16.2630 -0.5066 -16.3462
SCALE 1 1 1
X 0.8335 0.0784 -0.5469
Y -0.5308 -0.1609 -0.8321
Z -0.1532 0.9838 -0.0925

PART 18
OFFSET 10.6903 -2.4123 -16.3707
SCALE 1 1 1
X 0.3632 -0.9280 0.0826
Y 0.2378 0.1781 0.9548
Z -0.9008 -0.3272 0.2854

PART 19
OFFSET 11.6668 -4.4280 -16.1096
SCALE 1 1 1
X 0.2315 0.1397 0.9627
Y -0.7689 0.6325 0.0931
Z -0.5960 -0.7618 0.2539

PART 20
OFFSET 11.9946 -4.2301 -14.7466
SCALE 1 1 1
X -0.4425 0.5885 0.6766
Y -0.6967 0.2494 -0.6726
Z -0.5646 -0.7690 0.2997

PART 21
OFFSET 11.6022 -3.7083 -14.1467
SCALE 1 1 1
X -0.4414 0.5787 0.6857
Y -0.6619 0.3059 -0.6843
Z -0.6058 -0.7560 0.2481

PART 22
