// Export filename: `C:/cod5/cod/cod5/xanim_export/viewmodel/US/m1garand/m1garand_scoped_ADS_up.XANIM_EXPORT`
// Source filename: `C:/cod5/cod/cod5/animation_assets/viewmodel/US/m1_garand/viewmodelanimation_m1garand.mb`
// Export time: Sun Aug 24 13:22:42 2008

ANIMATION
VERSION 3

NUMPARTS 2
PART 0 "tag_view"
PART 1 "tag_torso"

FRAMERATE 24
NUMFRAMES 11

FRAME 1500
PART 0
OFFSET 0.0000 0.0000 0.0000
SCALE 1 1 1
X 1.0000 0.0000 0.0000
Y 0.0000 1.0000 0.0000
Z 0.0000 0.0000 1.0000

PART 1
OFFSET 6.2061 -3.1050 -3.3894
SCALE 1 1 1
X 1.0000 0.0000 0.0000
Y 0.0000 1.0000 0.0000
Z 0.0000 -0.0000 1.0000


FRAME 1501
PART 0
OFFSET 0.0000 0.0000 0.0000
SCALE 1 1 1
X 1.0000 0.0000 0.0000
Y 0.0000 1.0000 0.0000
Z 0.0000 0.0000 1.0000

PART 1
OFFSET 5.9645 -3.0194 -3.2268
SCALE 1 1 1
X 1.0000 0.0001 0.0021
Y -0.0001 1.0000 -0.0013
Z -0.0021 0.0013 1.0000


FRAME 1502
PART 0
OFFSET 0.0000 0.0000 0.0000
SCALE 1 1 1
X 1.0000 0.0000 0.0000
Y 0.0000 1.0000 0.0000
Z 0.0000 0.0000 1.0000

PART 1
OFFSET 5.3528 -2.8027 -2.8134
SCALE 1 1 1
X 1.0000 0.0003 0.0075
Y -0.0002 1.0000 -0.0046
Z -0.0075 0.0046 1.0000


FRAME 1503
PART 0
OFFSET 0.0000 0.0000 0.0000
SCALE 1 1 1
X 1.0000 0.0000 0.0000
Y 0.0000 1.0000 0.0000
Z 0.0000 0.0000 1.0000

PART 1
OFFSET 4.4664 -2.5146 -2.2603
SCALE 1 1 1
X 0.9999 0.0005 0.0145
Y -0.0004 1.0000 -0.0089
Z -0.0145 0.0089 0.9999


FRAME 1504
PART 0
OFFSET 0.0000 0.0000 0.0000
SCALE 1 1 1
X 1.0000 0.0000 0.0000
Y 0.0000 1.0000 0.0000
Z 0.0000 0.0000 1.0000

PART 1
OFFSET 3.4010 -2.2149 -1.6787
SCALE 1 1 1
X 0.9998 0.0008 0.0214
Y -0.0005 0.9999 -0.0132
Z -0.0215 0.0132 0.9997


FRAME 1505
PART 0
OFFSET 0.0000 0.0000 0.0000
SCALE 1 1 1
X 1.0000 0.0000 0.0000
Y 0.0000 1.0000 0.0000
Z 0.0000 0.0000 1.0000

PART 1
OFFSET 2.2521 -1.9635 -1.1799
SCALE 1 1 1
X 0.9996 0.0010 0.0268
Y -0.0005 0.9999 -0.0165
Z -0.0268 0.0164 0.9995


FRAME 1506
PART 0
OFFSET 0.0000 0.0000 0.0000
SCALE 1 1 1
X 1.0000 0.0000 0.0000
Y 0.0000 1.0000 0.0000
Z 0.0000 0.0000 1.0000

PART 1
OFFSET 1.1153 -1.8200 -0.8751
SCALE 1 1 1
X 0.9996 0.0010 0.0290
Y -0.0005 0.9998 -0.0178
Z -0.0290 0.0177 0.9994


FRAME 1507
PART 0
OFFSET 0.0000 0.0000 0.0000
SCALE 1 1 1
X 1.0000 0.0000 0.0000
Y 0.0000 1.0000 0.0000
Z 0.0000 0.0000 1.0000

PART 1
OFFSET 0.0860 -1.7755 -0.8031
SCALE 1 1 1
X 0.9997 0.0009 0.0257
Y -0.0005 0.9999 -0.0154
Z -0.0258 0.0154 0.9995


FRAME 1508
PART 0
OFFSET 0.0000 0.0000 0.0000
SCALE 1 1 1
X 1.0000 0.0000 0.0000
Y 0.0000 1.0000 0.0000
Z 0.0000 0.0000 1.0000

PART 1
OFFSET -0.7399 -1.7681 -0.8666
SCALE 1 1 1
X 0.9999 0.0006 0.0166
Y -0.0004 0.9999 -0.0100
Z -0.0166 0.0100 0.9998


FRAME 1509
PART 0
OFFSET 0.0000 0.0000 0.0000
SCALE 1 1 1
X 1.0000 0.0000 0.0000
Y 0.0000 1.0000 0.0000
Z 0.0000 0.0000 1.0000

PART 1
OFFSET -1.2672 -1.7780 -0.9728
SCALE 1 1 1
X 1.0000 0.0002 0.0022
Y -0.0002 1.0000 -0.0040
Z -0.0022 0.0040 1.0000


FRAME 1510
PART 0
OFFSET 0.0000 0.0000 0.0000
SCALE 1 1 1
X 1.0000 0.0000 0.0000
Y 0.0000 1.0000 0.0000
Z 0.0000 0.0000 1.0000

PART 1
OFFSET -1.4001 -1.7857 -1.0288
SCALE 1 1 1
X 0.9999 0.0001 -0.0166
Y -0.0001 1.0000 0.0000
Z 0.0166 0.0000 0.9999


NOTETRACKS

PART 0
NUMTRACKS 0

PART 1
NUMTRACKS 0

