// Export filename: `C:/cod5/cod/cod5/xanim_export/viewmodel/US/m1garand/m1garand_fire.XANIM_EXPORT`
// Source filename: `C:/cod5/cod/cod5/animation_assets/viewmodel/US/m1_garand/viewmodelanimation_m1garand.mb`
// Export time: Fri Aug 29 15:48:19 2008

ANIMATION
VERSION 3

NUMPARTS 92
PART 0 "RingPalm_FK_LE"
PART 1 "RingPalm_SDK_LE"
PART 2 "RingPalm_FK_RI"
PART 3 "RingPalm_SDK_RI"
PART 4 "tag_torso"
PART 5 "J_Shoulder_LE"
PART 6 "J_Elbow_LE"
PART 7 "J_WristTwist_LE"
PART 8 "J_Sleave_Reshape_Bottom_LE_1"
PART 9 "J_Sleave_Reshape_Bottom_LE_2"
PART 10 "J_Sleave_Reshape_Top_LE_1"
PART 11 "J_Sleave_Reshape_Top_LE_2"
PART 12 "J_Sleave_Reshape_Top_LE_3"
PART 13 "J_Wrist_LE"
PART 14 "J_Thumb_LE_0"
PART 15 "J_Thumb_LE_1"
PART 16 "J_Thumb_LE_2"
PART 17 "J_Thumb_LE_3"
PART 18 "J_PinkyPalm_LE"
PART 19 "J_Pinky_LE_0"
PART 20 "J_Pinky_LE_1"
PART 21 "J_Ring_RI_2"
PART 22 "J_Ring_RI_3"
PART 23 "J_Webbing_RI"
PART 24 "J_Index_RI_0"
PART 25 "J_Index_RI_1"
PART 26 "J_Index_RI_2"
PART 27 "J_Index_RI_3"
PART 28 "J_Mid_RI_0"
PART 29 "J_Mid_RI_1"
PART 30 "J_Mid_RI_2"
PART 31 "J_Mid_RI_3"
PART 32 "D_Sleave_Reshape_Top_RI_3"
PART 33 "D_Sleave_Reshape_Top_RI_2"
PART 34 "D_Sleave_Reshape_Top_RI_1"
PART 35 "tag_cambone"
PART 36 "tag_camera"
PART 37 "tag_gasmask"
PART 38 "J_Pinky_LE_2"
PART 39 "J_Pinky_LE_3"
PART 40 "J_RingPalm_LE"
PART 41 "J_Ring_LE_0"
PART 42 "J_Ring_LE_1"
PART 43 "J_Ring_LE_2"
PART 44 "J_Ring_LE_3"
PART 45 "J_Webbing_LE"
PART 46 "J_Index_LE_0"
PART 47 "J_Index_LE_1"
PART 48 "J_Index_LE_2"
PART 49 "J_Index_LE_3"
PART 50 "J_Mid_LE_0"
PART 51 "J_Mid_LE_1"
PART 52 "J_Mid_LE_2"
PART 53 "J_Mid_LE_3"
PART 54 "D_Sleave_Reshape_Bottom_LE_1"
PART 55 "D_Sleave_Reshape_Bottom_LE_2"
PART 56 "D_Sleave_Reshape_Top_LE_1"
PART 57 "D_Sleave_Reshape_Top_LE_2"
PART 58 "D_Sleave_Reshape_Top_LE_3"
PART 59 "tag_weapon"
PART 60 "J_Shoulder_RI"
PART 61 "J_Elbow_RI"
PART 62 "J_WristTwist_RI"
PART 63 "J_Sleave_Reshape_Top_RI_3"
PART 64 "J_Sleave_Reshape_Top_RI_2"
PART 65 "J_Sleave_Reshape_Top_RI_1"
PART 66 "J_Wrist_RI"
PART 67 "J_Thumb_RI_0"
PART 68 "J_Thumb_RI_1"
PART 69 "J_Thumb_RI_2"
PART 70 "J_Thumb_RI_3"
PART 71 "J_PinkyPalm_RI"
PART 72 "J_Pinky_RI_0"
PART 73 "J_Pinky_RI_1"
PART 74 "J_Pinky_RI_2"
PART 75 "J_Pinky_RI_3"
PART 76 "J_RingPalm_RI"
PART 77 "J_Ring_RI_0"
PART 78 "J_Ring_RI_1"
PART 79 "J_Gun"
PART 80 "tag_brass"
PART 81 "J_Bolt"
PART 82 "tag_flash"
PART 83 "j_stripper"
PART 84 "J_Clip"
PART 85 "TAG_APERTURE"
PART 86 "tag_bayonet"
PART 87 "tag_grenade"
PART 88 "tag_grenade_mount"
PART 89 "TAG_TELESCOPIC"
PART 90 "TAG_IRON_SIGHTS"
PART 91 "TAG_SUPPRESSOR"

FRAMERATE 24
NUMFRAMES 11

FRAME 55
PART 0
OFFSET 18.5839 -2.3977 -6.7794
SCALE 1 1 1
X 0.4605 -0.8675 0.1881
Y -0.1034 0.1580 0.9820
Z -0.8816 -0.4717 -0.0170

PART 1
OFFSET 18.5839 -2.3977 -6.7794
SCALE 1 1 1
X 0.4605 -0.8675 0.1881
Y -0.1034 0.1580 0.9820
Z -0.8816 -0.4717 -0.0170

PART 2
OFFSET 2.6239 -4.8767 -6.7566
SCALE 1 1 1
X -0.8183 -0.2952 0.4931
Y 0.2520 -0.9554 -0.1538
Z 0.5166 -0.0016 0.8562

PART 3
OFFSET 2.6239 -4.8767 -6.7566
SCALE 1 1 1
X -0.8183 -0.2952 0.4931
Y 0.2520 -0.9554 -0.1538
Z 0.5166 -0.0016 0.8562

PART 4
OFFSET 6.2061 -3.1050 -3.3894
SCALE 1 1 1
X 1.0000 0.0000 0.0000
Y 0.0000 1.0000 0.0000
Z 0.0000 -0.0000 1.0000

PART 5
OFFSET 1.6245 4.2672 -6.2573
SCALE 1 1 1
X 0.8107 0.1254 -0.5719
Y 0.0112 -0.9799 -0.1990
Z -0.5853 0.1550 -0.7958

PART 6
OFFSET 11.4291 5.7835 -13.1734
SCALE 1 1 1
X 0.5775 -0.6196 0.5316
Y -0.7636 -0.1797 0.6202
Z -0.2888 -0.7641 -0.5769

PART 7
OFFSET 16.3410 0.5134 -8.6521
SCALE 1 1 1
X 0.5775 -0.6196 0.5316
Y 0.7600 0.6458 -0.0729
Z -0.2981 0.4461 0.8439

PART 8
OFFSET 18.1875 1.1862 -7.2467
SCALE 1 1 1
X 0.5828 -0.6164 0.5294
Y 0.2981 0.7683 0.5664
Z -0.7559 -0.1723 0.6315

PART 9
OFFSET 17.6745 -0.4474 -9.3130
SCALE 1 1 1
X 0.5828 -0.6164 0.5294
Y 0.2981 0.7683 0.5664
Z -0.7559 -0.1723 0.6315

PART 10
OFFSET 16.8375 0.2257 -5.9166
SCALE 1 1 1
X 0.5828 -0.6164 0.5294
Y 0.2981 0.7683 0.5664
Z -0.7559 -0.1723 0.6315

PART 11
OFFSET 16.2602 -0.9983 -6.9035
SCALE 1 1 1
X 0.5828 -0.6164 0.5294
Y 0.2981 0.7683 0.5664
Z -0.7559 -0.1723 0.6315

PART 12
OFFSET 15.7117 -1.9448 -8.1279
SCALE 1 1 1
X 0.5828 -0.6164 0.5294
Y 0.2981 0.7683 0.5664
Z -0.7559 -0.1723 0.6315

PART 13
OFFSET 18.1114 -1.3862 -7.0225
SCALE 1 1 1
X 0.7127 -0.6872 0.1407
Y 0.6999 0.7100 -0.0774
Z -0.0467 0.1537 0.9870

PART 14
OFFSET 19.0882 -0.9471 -6.6286
SCALE 1 1 1
X 0.8902 -0.0708 0.4501
Y 0.1103 0.9919 -0.0622
Z -0.4420 0.1050 0.8908

PART 15
OFFSET 20.9956 -0.9949 -5.6141
SCALE 1 1 1
X 0.9324 -0.1469 0.3302
Y 0.0875 0.9783 0.1879
Z -0.3507 -0.1463 0.9250

PART 16
OFFSET 22.4564 -1.3068 -4.9886
SCALE 1 1 1
X 0.8422 -0.3442 0.4149
Y 0.2778 0.9367 0.2133
Z -0.4620 -0.0644 0.8845

PART 17
OFFSET 23.3507 -1.6660 -4.4958
SCALE 1 1 1
X 0.9758 -0.0197 -0.2179
Y -0.2185 -0.0326 -0.9753
Z 0.0121 0.9993 -0.0361

PART 18
OFFSET 17.9555 -2.6969 -6.6210
SCALE 1 1 1
X 0.1930 -0.9756 0.1044
Y -0.0944 0.0874 0.9917
Z -0.9766 -0.2013 -0.0753

PART 19
OFFSET 18.5199 -4.8489 -6.2539
SCALE 1 1 1
X -0.1078 0.0501 0.9929
Y -0.6678 0.7362 -0.1097
Z -0.7365 -0.6749 -0.0459

PART 20
OFFSET 18.3673 -4.7780 -4.8482
SCALE 1 1 1
X -0.5765 0.6112 0.5423
Y -0.3780 0.3889 -0.8402
Z -0.7244 -0.6893 0.0068

PART 21
OFFSET 4.0885 -1.7883 -7.1767
SCALE 1 1 1
X 0.5159 0.2775 -0.8104
Y -0.1265 0.9604 0.2483
Z 0.8472 -0.0256 0.5306

PART 22
OFFSET 3.5290 -2.0893 -6.2978
SCALE 1 1 1
X -0.3088 -0.7772 0.5482
Y -0.4356 0.6280 0.6449
Z -0.8455 -0.0397 -0.5325

PART 23
OFFSET -1.8554 -6.9808 -4.5732
SCALE 1 1 1
X -0.7763 -0.5373 0.3297
Y -0.4958 0.8434 0.2069
Z -0.3893 -0.0028 -0.9211

PART 24
OFFSET 5.6782 -4.7088 -6.3218
SCALE 1 1 1
X -0.9182 -0.2117 0.3347
Y 0.1901 -0.9770 -0.0964
Z 0.3474 -0.0248 0.9374

PART 25
OFFSET 7.2949 -4.3360 -6.9112
SCALE 1 1 1
X -0.6985 -0.6612 0.2737
Y 0.6292 -0.7496 -0.2052
Z 0.3409 0.0289 0.9397

PART 26
OFFSET 8.1647 -3.5304 -7.1869
SCALE 1 1 1
X -0.2156 -0.9758 0.0356
Y 0.9280 -0.2161 -0.3036
Z 0.3040 -0.0325 0.9521

PART 27
OFFSET 8.4083 -2.4282 -7.2270
SCALE 1 1 1
X -0.6820 0.5036 0.5303
Y 0.4406 0.8617 -0.2517
Z -0.5838 0.0620 -0.8096

PART 28
OFFSET 5.2658 -4.4197 -7.3051
SCALE 1 1 1
X -0.5519 -0.8233 0.1323
Y 0.7558 -0.5609 -0.3378
Z 0.3523 -0.0864 0.9319

PART 29
OFFSET 6.3440 -2.8112 -7.5635
SCALE 1 1 1
X 0.6387 -0.7011 -0.3169
Y 0.6652 0.7102 -0.2305
Z 0.3867 -0.0636 0.9200

PART 30
OFFSET 5.4110 -1.7871 -7.1006
SCALE 1 1 1
X 0.8887 -0.2339 -0.3944
Y 0.2170 0.9722 -0.0877
Z 0.4039 -0.0077 0.9148

PART 31
OFFSET 4.4018 -1.5215 -6.6605
SCALE 1 1 1
X -0.8459 -0.4411 0.2999
Y -0.3747 0.8915 0.2544
Z -0.3796 0.1028 -0.9194

PART 32
OFFSET -0.2864 -5.8739 -7.1680
SCALE 1 1 1
X -0.5582 -0.8297 -0.0047
Y -0.5194 0.3539 -0.7778
Z 0.6470 -0.4317 -0.6285

PART 33
OFFSET -0.1362 -5.5242 -5.9553
SCALE 1 1 1
X -0.5582 -0.8297 -0.0047
Y -0.5194 0.3539 -0.7778
Z 0.6470 -0.4317 -0.6285

PART 34
OFFSET 1.1128 -6.2479 -4.4624
SCALE 1 1 1
X -0.5582 -0.8297 -0.0047
Y -0.5194 0.3539 -0.7778
Z 0.6470 -0.4317 -0.6285

PART 35
OFFSET 0.0000 0.0000 0.0000
SCALE 1 1 1
X 1.0000 0.0000 0.0000
Y 0.0000 1.0000 0.0000
Z 0.0000 0.0000 1.0000

PART 36
OFFSET 0.0000 0.0000 0.0000
SCALE 1 1 1
X 1.0000 0.0000 0.0000
Y 0.0000 1.0000 0.0000
Z 0.0000 0.0000 1.0000

PART 37
OFFSET 1.5404 0.0000 4.1357
SCALE 1 1 1
X 1.0000 0.0000 0.0000
Y 0.0000 1.0000 0.0000
Z 0.0000 0.0000 1.0000

PART 38
OFFSET 17.8561 -4.2360 -4.3674
SCALE 1 1 1
X -0.5799 0.6009 0.5501
Y -0.3346 0.4400 -0.8333
Z -0.7428 -0.6673 -0.0541

PART 39
OFFSET 17.3052 -3.6652 -3.8448
SCALE 1 1 1
X 0.7610 -0.6393 0.1102
Y 0.0267 -0.1388 -0.9900
Z 0.6482 0.7563 -0.0886

PART 40
OFFSET 18.5839 -2.3977 -6.7794
SCALE 1 1 1
X 0.4605 -0.8675 0.1881
Y -0.1034 0.1580 0.9820
Z -0.8816 -0.4717 -0.0170

PART 41
OFFSET 19.6506 -4.7226 -6.3154
SCALE 1 1 1
X 0.2147 -0.1885 0.9583
Y -0.6462 0.7083 0.2841
Z -0.7324 -0.6802 0.0303

PART 42
OFFSET 20.0161 -5.0435 -4.6839
SCALE 1 1 1
X -0.5443 0.6122 0.5736
Y -0.4290 0.3845 -0.8174
Z -0.7209 -0.6909 0.0534

PART 43
OFFSET 19.2618 -4.1951 -3.8889
SCALE 1 1 1
X -0.6242 0.6729 0.3970
Y -0.3096 0.2535 -0.9164
Z -0.7173 -0.6949 0.0501

PART 44
OFFSET 18.5849 -3.4653 -3.4583
SCALE 1 1 1
X 0.6530 -0.7303 0.2007
Y 0.1352 -0.1483 -0.9797
Z 0.7452 0.6668 0.0019

PART 45
OFFSET 21.3946 -2.2950 -6.1826
SCALE 1 1 1
X 0.5222 -0.7412 0.4218
Y 0.2791 -0.3189 -0.9058
Z 0.8059 0.5907 0.0403

PART 46
OFFSET 21.4336 -3.5857 -6.8994
SCALE 1 1 1
X 0.7815 -0.1932 0.5932
Y -0.5338 0.2849 0.7962
Z -0.3228 -0.9389 0.1195

PART 47
OFFSET 22.8096 -3.9259 -5.8550
SCALE 1 1 1
X 0.4267 -0.0634 0.9022
Y -0.8542 0.2995 0.4251
Z -0.2971 -0.9520 0.0736

PART 48
OFFSET 23.3464 -3.9452 -4.7627
SCALE 1 1 1
X -0.0335 0.1609 0.9864
Y -0.9583 0.2751 -0.0775
Z -0.2839 -0.9478 0.1450

PART 49
OFFSET 23.3085 -3.7634 -3.6486
SCALE 1 1 1
X 0.7961 -0.5674 -0.2104
Y -0.2169 0.0570 -0.9745
Z 0.5649 0.8215 -0.0777

PART 50
OFFSET 20.5899 -4.2550 -6.6533
SCALE 1 1 1
X 0.5337 -0.4449 0.7192
Y -0.4817 0.5391 0.6909
Z -0.6951 -0.7152 0.0734

PART 51
OFFSET 21.6324 -5.1242 -5.2483
SCALE 1 1 1
X -0.4525 0.5352 0.7134
Y -0.5211 0.4905 -0.6985
Z -0.7237 -0.6877 0.0569

PART 52
OFFSET 20.9715 -4.3425 -4.2064
SCALE 1 1 1
X -0.5059 0.5541 0.6611
Y -0.4470 0.4871 -0.7503
Z -0.7378 -0.6751 0.0013

PART 53
OFFSET 20.3936 -3.7200 -3.4571
SCALE 1 1 1
X 0.7206 -0.6928 -0.0278
Y -0.0714 -0.0343 -0.9969
Z 0.6897 0.7203 -0.0742

PART 54
OFFSET 18.1875 1.1862 -7.2467
SCALE 1 1 1
X 0.5828 -0.6164 0.5294
Y 0.2981 0.7683 0.5664
Z -0.7559 -0.1723 0.6315

PART 55
OFFSET 17.6745 -0.4474 -9.3130
SCALE 1 1 1
X 0.5828 -0.6164 0.5294
Y 0.2981 0.7683 0.5664
Z -0.7559 -0.1723 0.6315

PART 56
OFFSET 16.8375 0.2257 -5.9166
SCALE 1 1 1
X 0.5828 -0.6164 0.5294
Y 0.2981 0.7683 0.5664
Z -0.7559 -0.1723 0.6315

PART 57
OFFSET 16.2602 -0.9983 -6.9035
SCALE 1 1 1
X 0.5828 -0.6164 0.5294
Y 0.2981 0.7683 0.5664
Z -0.7559 -0.1723 0.6315

PART 58
OFFSET 15.7117 -1.9448 -8.1279
SCALE 1 1 1
X 0.5828 -0.6164 0.5294
Y 0.2981 0.7683 0.5664
Z -0.7559 -0.1723 0.6315

PART 59
OFFSET 14.0948 -2.7535 -5.0514
SCALE 1 1 1
X 1.0000 0.0000 0.0000
Y 0.0000 1.0000 0.0000
Z 0.0000 -0.0000 1.0000

PART 60
OFFSET -2.1097 -3.5648 -2.9073
SCALE 1 1 1
X 0.2111 0.9381 0.2745
Y 0.0155 -0.2841 0.9587
Z 0.9773 -0.1981 -0.0745

PART 61
OFFSET -4.6628 -14.9103 -6.2277
SCALE 1 1 1
X -0.5529 -0.8332 -0.0063
Y 0.6577 -0.4318 -0.6172
Z 0.5116 -0.3454 0.7868

PART 62
OFFSET 0.0400 -7.8235 -6.1744
SCALE 1 1 1
X -0.5529 -0.8332 -0.0063
Y -0.1817 0.1279 -0.9750
Z 0.8132 -0.5379 -0.2222

PART 63
OFFSET -0.2864 -5.8739 -7.1680
SCALE 1 1 1
X -0.5582 -0.8297 -0.0047
Y -0.5194 0.3539 -0.7778
Z 0.6470 -0.4317 -0.6285

PART 64
OFFSET -0.1362 -5.5242 -5.9553
SCALE 1 1 1
X -0.5582 -0.8297 -0.0047
Y -0.5194 0.3539 -0.7778
Z 0.6470 -0.4317 -0.6285

PART 65
OFFSET 1.1128 -6.2479 -4.4624
SCALE 1 1 1
X -0.5582 -0.8297 -0.0047
Y -0.5194 0.3539 -0.7778
Z 0.6470 -0.4317 -0.6285

PART 66
OFFSET 1.7351 -5.2691 -6.1552
SCALE 1 1 1
X -0.9422 -0.2609 0.2100
Y -0.2508 0.1341 -0.9587
Z 0.2220 -0.9560 -0.1918

PART 67
OFFSET 2.3098 -4.8886 -5.2458
SCALE 1 1 1
X -0.5540 -0.8093 -0.1953
Y 0.1690 0.1205 -0.9782
Z 0.8152 -0.5749 0.0700

PART 68
OFFSET 3.4431 -3.1222 -4.7305
SCALE 1 1 1
X -0.7162 -0.6948 0.0658
Y 0.1509 -0.2463 -0.9574
Z 0.6814 -0.6758 0.2812

PART 69
OFFSET 4.5320 -1.9396 -4.9254
SCALE 1 1 1
X -0.5750 -0.5315 0.6221
Y -0.2583 -0.6035 -0.7544
Z 0.7763 -0.5944 0.2097

PART 70
OFFSET 5.1226 -1.3275 -5.5949
SCALE 1 1 1
X -0.9763 -0.1349 0.1690
Y -0.1804 0.9390 -0.2927
Z -0.1192 -0.3163 -0.9411

PART 71
OFFSET 2.2190 -4.7115 -7.3208
SCALE 1 1 1
X -0.6198 -0.3315 0.7113
Y 0.2928 -0.9386 -0.1824
Z 0.7281 0.0952 0.6789

PART 72
OFFSET 3.6818 -3.8376 -8.7976
SCALE 1 1 1
X -0.0872 -0.9617 0.2597
Y 0.3843 -0.2730 -0.8819
Z 0.9191 0.0229 0.3934

PART 73
OFFSET 3.8053 -2.4760 -9.1653
SCALE 1 1 1
X 0.2953 -0.6955 -0.6551
Y 0.3097 0.7183 -0.6230
Z 0.9038 -0.0189 0.4275

PART 74
OFFSET 3.5435 -1.8594 -8.5845
SCALE 1 1 1
X 0.3789 -0.3392 -0.8610
Y 0.1022 0.9400 -0.3254
Z 0.9198 0.0353 0.3908

PART 75
OFFSET 3.1835 -1.5371 -7.7665
SCALE 1 1 1
X -0.4869 -0.3358 0.8063
Y -0.0505 0.9324 0.3578
Z -0.8720 0.1336 -0.4710

PART 76
OFFSET 2.6239 -4.8767 -6.7566
SCALE 1 1 1
X -0.8183 -0.2952 0.4931
Y 0.2520 -0.9554 -0.1538
Z 0.5166 -0.0016 0.8562

PART 77
OFFSET 4.6765 -4.1313 -8.1671
SCALE 1 1 1
X -0.0249 -0.9990 0.0374
Y 0.5171 -0.0449 -0.8548
Z 0.8556 -0.0020 0.5177

PART 78
OFFSET 4.7190 -2.4305 -8.2307
SCALE 1 1 1
X 0.4549 -0.4634 -0.7605
Y 0.2650 0.8857 -0.3812
Z 0.8502 -0.0281 0.5257

PART 79
OFFSET 14.0948 -2.7535 -5.0514
SCALE 1 1 1
X 1.0000 0.0000 0.0000
Y 0.0000 1.0000 0.0000
Z 0.0000 -0.0000 1.0000

PART 80
OFFSET 12.5267 -3.7068 -3.5509
SCALE 1 1 1
X -0.0234 -0.8582 0.5129
Y 0.9991 -0.0016 0.0428
Z -0.0359 0.5134 0.8574

PART 81
OFFSET 13.8216 -4.5638 -3.9495
SCALE 1 1 1
X 0.9998 -0.0000 0.0204
Y 0.0000 1.0000 0.0000
Z -0.0204 -0.0000 0.9998

PART 82
OFFSET 41.9472 -2.7535 -3.5307
SCALE 1 1 1
X 1.0000 0.0000 0.0000
Y 0.0000 1.0000 0.0000
Z 0.0000 -0.0000 1.0000

PART 83
OFFSET 11.4010 -2.6476 -3.9980
SCALE 1 1 1
X 0.9832 0.1071 0.1476
Y -0.1074 0.9942 -0.0061
Z -0.1474 -0.0098 0.9890

PART 84
OFFSET 5.5836 -3.0527 -5.6436
SCALE 1 1 1
X 0.8493 0.0287 0.5271
Y -0.2622 0.8896 0.3741
Z -0.4582 -0.4559 0.7631

PART 85
OFFSET 7.9231 -2.7417 -3.3398
SCALE 1 1 1
X 1.0000 0.0000 0.0000
Y 0.0000 1.0000 0.0000
Z 0.0000 -0.0000 1.0000

PART 86
OFFSET 37.7078 -2.7535 -4.7488
SCALE 1 1 1
X 0.9998 -0.0000 0.0204
Y 0.0000 1.0000 0.0000
Z -0.0204 -0.0000 0.9998

PART 87
OFFSET 50.8667 -2.7535 -3.3528
SCALE 1 1 1
X 0.9998 -0.0000 0.0204
Y 0.0000 1.0000 0.0000
Z -0.0204 -0.0000 0.9998

PART 88
OFFSET 51.2082 -2.7535 -3.3597
SCALE 1 1 1
X 0.9998 -0.0000 0.0204
Y 0.0000 1.0000 0.0000
Z -0.0204 -0.0000 0.9998

PART 89
OFFSET 9.9164 -1.4336 -4.2067
SCALE 1 1 1
X 1.0000 0.0000 0.0000
Y 0.0000 1.0000 0.0000
Z 0.0000 -0.0000 1.0000

PART 90
OFFSET 19.7167 -3.1634 -4.2067
SCALE 1 1 1
X 1.0000 0.0000 0.0000
Y 0.0000 1.0000 0.0000
Z 0.0000 -0.0000 1.0000

PART 91
OFFSET 43.5343 -2.7535 -3.3919
SCALE 1 1 1
X 0.9998 -0.0000 0.0204
Y 0.0000 1.0000 0.0000
Z -0.0204 -0.0000 0.9998


FRAME 56
PART 0
OFFSET 16.8646 -2.3905 -6.5099
SCALE 1 1 1
X 0.4563 -0.8668 0.2012
Y -0.1359 0.1556 0.9784
Z -0.8794 -0.4738 -0.0468

PART 1
OFFSET 16.8646 -2.3905 -6.5099
SCALE 1 1 1
X 0.4563 -0.8668 0.2012
Y -0.1359 0.1556 0.9784
Z -0.8794 -0.4738 -0.0468

PART 2
OFFSET 0.9184 -4.9075 -7.0146
SCALE 1 1 1
X -0.8333 -0.2983 0.4655
Y 0.2593 -0.9545 -0.1475
Z 0.4883 -0.0022 0.8727

PART 3
OFFSET 0.9184 -4.9075 -7.0146
SCALE 1 1 1
X -0.8333 -0.2983 0.4655
Y 0.2593 -0.9545 -0.1475
Z 0.4883 -0.0022 0.8727

PART 4
OFFSET 5.9840 -3.1050 -3.3894
SCALE 1 1 1
X 1.0000 0.0000 0.0000
Y 0.0000 1.0000 0.0000
Z 0.0000 -0.0000 1.0000

PART 5
OFFSET 1.4024 4.2672 -6.2573
SCALE 1 1 1
X 0.7819 0.1586 -0.6029
Y 0.0179 -0.9724 -0.2325
Z -0.6231 0.1710 -0.7632

PART 6
OFFSET 10.8591 6.1848 -13.5482
SCALE 1 1 1
X 0.4787 -0.6537 0.5861
Y -0.8243 -0.1049 0.5563
Z -0.3022 -0.7494 -0.5891

PART 7
OFFSET 14.9303 0.6245 -8.5631
SCALE 1 1 1
X 0.4787 -0.6537 0.5861
Y 0.8204 0.5709 -0.0332
Z -0.3129 0.4967 0.8096

PART 8
OFFSET 16.7039 1.1732 -7.0168
SCALE 1 1 1
X 0.4844 -0.6510 0.5844
Y 0.3127 0.7527 0.5794
Z -0.8171 -0.0979 0.5682

PART 9
OFFSET 16.2301 -0.4541 -9.0974
SCALE 1 1 1
X 0.4844 -0.6510 0.5844
Y 0.3127 0.7527 0.5794
Z -0.8171 -0.0979 0.5682

PART 10
OFFSET 15.1742 0.3518 -5.7921
SCALE 1 1 1
X 0.4844 -0.6510 0.5844
Y 0.3127 0.7527 0.5794
Z -0.8171 -0.0979 0.5682

PART 11
OFFSET 14.5814 -0.8407 -6.8079
SCALE 1 1 1
X 0.4844 -0.6510 0.5844
Y 0.3127 0.7527 0.5794
Z -0.8171 -0.0979 0.5682

PART 12
OFFSET 14.0596 -1.7637 -8.0615
SCALE 1 1 1
X 0.4844 -0.6510 0.5844
Y 0.3127 0.7527 0.5794
Z -0.8171 -0.0979 0.5682

PART 13
OFFSET 16.3978 -1.3796 -6.7663
SCALE 1 1 1
X 0.7094 -0.6858 0.1625
Y 0.7004 0.7118 -0.0530
Z -0.0793 0.1514 0.9853

PART 14
OFFSET 17.3602 -0.9390 -6.3398
SCALE 1 1 1
X 0.8752 -0.0696 0.4788
Y 0.1099 0.9923 -0.0565
Z -0.4712 0.1021 0.8761

PART 15
OFFSET 19.2334 -0.9845 -5.2635
SCALE 1 1 1
X 0.9215 -0.1454 0.3603
Y 0.0789 0.9781 0.1927
Z -0.3804 -0.1491 0.9127

PART 16
OFFSET 20.6737 -1.2942 -4.5912
SCALE 1 1 1
X 0.8290 -0.3431 0.4415
Y 0.2683 0.9369 0.2242
Z -0.4906 -0.0674 0.8688

PART 17
OFFSET 21.5523 -1.6525 -4.0701
SCALE 1 1 1
X 0.9824 -0.0169 -0.1859
Y -0.1864 -0.0310 -0.9820
Z 0.0108 0.9994 -0.0336

PART 18
OFFSET 16.2321 -2.6915 -6.3729
SCALE 1 1 1
X 0.1919 -0.9754 0.1086
Y -0.1270 0.0851 0.9882
Z -0.9732 -0.2034 -0.1076

PART 19
OFFSET 16.7894 -4.8430 -5.9920
SCALE 1 1 1
X -0.1404 0.0477 0.9889
Y -0.6657 0.7348 -0.1299
Z -0.7329 -0.6766 -0.0714

PART 20
OFFSET 16.5907 -4.7755 -4.5919
SCALE 1 1 1
X -0.5954 0.6087 0.5244
Y -0.3512 0.3898 -0.8513
Z -0.7226 -0.6911 -0.0183

PART 21
OFFSET 2.3884 -1.8146 -7.3802
SCALE 1 1 1
X 0.5415 0.2805 -0.7925
Y -0.1369 0.9595 0.2461
Z 0.8295 -0.0247 0.5580

PART 22
OFFSET 1.8012 -2.1188 -6.5206
SCALE 1 1 1
X -0.3246 -0.7792 0.5362
Y -0.4580 0.6255 0.6316
Z -0.8275 -0.0405 -0.5599

PART 23
OFFSET -3.6248 -7.0269 -4.9834
SCALE 1 1 1
X -0.7854 -0.5398 0.3030
Y -0.5044 0.8418 0.1924
Z -0.3589 -0.0018 -0.9334

PART 24
OFFSET 3.9564 -4.7332 -6.4798
SCALE 1 1 1
X -0.9282 -0.2146 0.3040
Y 0.1956 -0.9763 -0.0921
Z 0.3166 -0.0260 0.9482

PART 25
OFFSET 5.5906 -4.3553 -7.0151
SCALE 1 1 1
X -0.7054 -0.6635 0.2493
Y 0.6375 -0.7477 -0.1860
Z 0.3099 0.0277 0.9504

PART 26
OFFSET 6.4670 -3.5471 -7.2605
SCALE 1 1 1
X -0.2143 -0.9764 0.0264
Y 0.9379 -0.2133 -0.2735
Z 0.2727 -0.0338 0.9615

PART 27
OFFSET 6.7090 -2.4442 -7.2904
SCALE 1 1 1
X -0.7002 0.5009 0.5088
Y 0.4465 0.8633 -0.2354
Z -0.5571 0.0623 -0.8281

PART 28
OFFSET 3.5757 -4.4429 -7.4754
SCALE 1 1 1
X -0.5539 -0.8249 0.1125
Y 0.7679 -0.5584 -0.3140
Z 0.3218 -0.0876 0.9427

PART 29
OFFSET 4.6578 -2.8314 -7.6951
SCALE 1 1 1
X 0.6505 -0.6989 -0.2973
Y 0.6707 0.7123 -0.2071
Z 0.3565 -0.0647 0.9320

PART 30
OFFSET 3.7077 -1.8105 -7.2608
SCALE 1 1 1
X 0.9017 -0.2310 -0.3655
Y 0.2174 0.9729 -0.0785
Z 0.3738 -0.0087 0.9275

PART 31
OFFSET 2.6840 -1.5482 -6.8534
SCALE 1 1 1
X -0.8541 -0.4438 0.2711
Y -0.3850 0.8901 0.2439
Z -0.3496 0.1039 -0.9311

PART 32
OFFSET -2.1866 -5.6615 -6.8975
SCALE 1 1 1
X -0.6333 -0.7705 0.0725
Y -0.6306 0.4594 -0.6255
Z 0.4486 -0.4418 -0.7769

PART 33
OFFSET -1.7928 -5.3832 -5.7384
SCALE 1 1 1
X -0.6333 -0.7705 0.0725
Y -0.6306 0.4594 -0.6255
Z 0.4486 -0.4418 -0.7769

PART 34
OFFSET -0.4825 -6.2280 -4.7030
SCALE 1 1 1
X -0.6333 -0.7705 0.0725
Y -0.6306 0.4594 -0.6255
Z 0.4486 -0.4418 -0.7769

PART 35
OFFSET 0.0000 0.0000 0.0000
SCALE 1 1 1
X 1.0000 0.0000 0.0000
Y 0.0000 1.0000 0.0000
Z 0.0000 0.0000 1.0000

PART 36
OFFSET 0.0000 0.0000 0.0000
SCALE 1 1 1
X 1.0000 0.0000 0.0000
Y 0.0000 1.0000 0.0000
Z 0.0000 0.0000 1.0000

PART 37
OFFSET 1.5404 0.0000 4.1357
SCALE 1 1 1
X 1.0000 0.0000 0.0000
Y 0.0000 1.0000 0.0000
Z 0.0000 0.0000 1.0000

PART 38
OFFSET 16.0628 -4.2358 -4.1269
SCALE 1 1 1
X -0.5991 0.5983 0.5321
Y -0.3082 0.4410 -0.8429
Z -0.7390 -0.6690 -0.0798

PART 39
OFFSET 15.4936 -3.6674 -3.6214
SCALE 1 1 1
X 0.7586 -0.6377 0.1337
Y 0.0594 -0.1366 -0.9888
Z 0.6489 0.7580 -0.0657

PART 40
OFFSET 16.8646 -2.3905 -6.5099
SCALE 1 1 1
X 0.4563 -0.8668 0.2012
Y -0.1359 0.1556 0.9784
Z -0.8794 -0.4738 -0.0468

PART 41
OFFSET 17.9212 -4.7139 -6.0162
SCALE 1 1 1
X 0.1837 -0.1900 0.9644
Y -0.6568 0.7062 0.2643
Z -0.7313 -0.6820 0.0049

PART 42
OFFSET 18.2339 -5.0374 -4.3742
SCALE 1 1 1
X -0.5642 0.6096 0.5568
Y -0.4030 0.3852 -0.8302
Z -0.7206 -0.6928 0.0283

PART 43
OFFSET 17.4519 -4.1925 -3.6026
SCALE 1 1 1
X -0.6385 0.6706 0.3778
Y -0.2801 0.2548 -0.9256
Z -0.7169 -0.6967 0.0252

PART 44
OFFSET 16.7595 -3.4653 -3.1929
SCALE 1 1 1
X 0.6478 -0.7292 0.2204
Y 0.1675 -0.1459 -0.9750
Z 0.7431 0.6686 0.0276

PART 45
OFFSET 19.6540 -2.2825 -5.8213
SCALE 1 1 1
X 0.5099 -0.7409 0.4372
Y 0.3093 -0.3163 -0.8968
Z 0.8027 0.5925 0.0679

PART 46
OFFSET 19.7195 -3.5714 -6.5391
SCALE 1 1 1
X 0.7622 -0.1927 0.6180
Y -0.5603 0.2819 0.7789
Z -0.3243 -0.9399 0.1069

PART 47
OFFSET 21.0615 -3.9107 -5.4510
SCALE 1 1 1
X 0.3971 -0.0644 0.9155
Y -0.8684 0.2965 0.3975
Z -0.2970 -0.9529 0.0619

PART 48
OFFSET 21.5623 -3.9310 -4.3418
SCALE 1 1 1
X -0.0662 0.1587 0.9851
Y -0.9559 0.2730 -0.1082
Z -0.2861 -0.9488 0.1336

PART 49
OFFSET 21.4875 -3.7517 -3.2291
SCALE 1 1 1
X 0.8040 -0.5650 -0.1854
Y -0.1850 0.0586 -0.9810
Z 0.5651 0.8230 -0.0574

PART 50
OFFSET 18.8699 -4.2433 -6.3222
SCALE 1 1 1
X 0.5109 -0.4452 0.7354
Y -0.5054 0.5364 0.6759
Z -0.6954 -0.7170 0.0491

PART 51
OFFSET 19.8680 -5.1130 -4.8856
SCALE 1 1 1
X -0.4769 0.5325 0.6993
Y -0.4991 0.4908 -0.7141
Z -0.7235 -0.6896 0.0318

PART 52
OFFSET 19.1715 -4.3352 -3.8642
SCALE 1 1 1
X -0.5286 0.5515 0.6453
Y -0.4234 0.4877 -0.7635
Z -0.7357 -0.6768 -0.0243

PART 53
OFFSET 18.5679 -3.7157 -3.1330
SCALE 1 1 1
X 0.7228 -0.6911 -0.0056
Y -0.0387 -0.0323 -0.9987
Z 0.6900 0.7221 -0.0501

PART 54
OFFSET 16.7039 1.1732 -7.0168
SCALE 1 1 1
X 0.4844 -0.6510 0.5844
Y 0.3127 0.7527 0.5794
Z -0.8171 -0.0979 0.5682

PART 55
OFFSET 16.2301 -0.4541 -9.0974
SCALE 1 1 1
X 0.4844 -0.6510 0.5844
Y 0.3127 0.7527 0.5794
Z -0.8171 -0.0979 0.5682

PART 56
OFFSET 15.1742 0.3518 -5.7921
SCALE 1 1 1
X 0.4844 -0.6510 0.5844
Y 0.3127 0.7527 0.5794
Z -0.8171 -0.0979 0.5682

PART 57
OFFSET 14.5814 -0.8407 -6.8079
SCALE 1 1 1
X 0.4844 -0.6510 0.5844
Y 0.3127 0.7527 0.5794
Z -0.8171 -0.0979 0.5682

PART 58
OFFSET 14.0596 -1.7637 -8.0615
SCALE 1 1 1
X 0.4844 -0.6510 0.5844
Y 0.3127 0.7527 0.5794
Z -0.8171 -0.0979 0.5682

PART 59
OFFSET 12.3222 -2.7607 -4.9306
SCALE 1 1 1
X 0.9995 0.0024 0.0327
Y -0.0024 1.0000 0.0021
Z -0.0327 -0.0022 0.9995

PART 60
OFFSET -2.3317 -3.5648 -2.9073
SCALE 1 1 1
X 0.4079 0.8847 0.2257
Y 0.1996 -0.3276 0.9235
Z 0.8909 -0.3316 -0.3102

PART 61
OFFSET -7.2648 -14.2641 -5.6371
SCALE 1 1 1
X -0.6288 -0.7744 0.0697
Y 0.4614 -0.4438 -0.7682
Z 0.6259 -0.4509 0.6364

PART 62
OFFSET -1.9164 -7.6773 -6.2298
SCALE 1 1 1
X -0.6288 -0.7744 0.0697
Y -0.2289 0.0987 -0.9684
Z 0.7431 -0.6249 -0.2393

PART 63
OFFSET -2.1866 -5.6615 -6.8975
SCALE 1 1 1
X -0.6333 -0.7705 0.0725
Y -0.6306 0.4594 -0.6255
Z 0.4486 -0.4418 -0.7769

PART 64
OFFSET -1.7928 -5.3832 -5.7384
SCALE 1 1 1
X -0.6333 -0.7705 0.0725
Y -0.6306 0.4594 -0.6255
Z 0.4486 -0.4418 -0.7769

PART 65
OFFSET -0.4825 -6.2280 -4.7030
SCALE 1 1 1
X -0.6333 -0.7705 0.0725
Y -0.6306 0.4594 -0.6255
Z 0.4486 -0.4418 -0.7769

PART 66
OFFSET 0.0113 -5.3032 -6.4435
SCALE 1 1 1
X -0.9480 -0.2636 0.1785
Y -0.2197 0.1356 -0.9661
Z 0.2305 -0.9551 -0.1864

PART 67
OFFSET 0.5551 -4.9233 -5.5150
SCALE 1 1 1
X -0.5450 -0.8112 -0.2121
Y 0.1948 0.1235 -0.9730
Z 0.8155 -0.5716 0.0907

PART 68
OFFSET 1.6663 -3.1533 -4.9652
SCALE 1 1 1
X -0.7160 -0.6961 0.0520
Y 0.1725 -0.2485 -0.9531
Z 0.6764 -0.6735 0.2980

PART 69
OFFSET 2.7567 -1.9689 -5.1394
SCALE 1 1 1
X -0.5881 -0.5327 0.6086
Y -0.2387 -0.6047 -0.7599
Z 0.7728 -0.5921 0.2284

PART 70
OFFSET 3.3613 -1.3555 -5.7951
SCALE 1 1 1
X -0.9797 -0.1375 0.1460
Y -0.1760 0.9383 -0.2976
Z -0.0961 -0.3172 -0.9435

PART 71
OFFSET 0.5317 -4.7420 -7.5914
SCALE 1 1 1
X -0.6420 -0.3345 0.6899
Y 0.3009 -0.9375 -0.1746
Z 0.7052 0.0955 0.7025

PART 72
OFFSET 2.0399 -3.8614 -9.0178
SCALE 1 1 1
X -0.0933 -0.9625 0.2547
Y 0.4136 -0.2702 -0.8694
Z 0.9056 0.0242 0.4234

PART 73
OFFSET 2.1721 -2.4987 -9.3784
SCALE 1 1 1
X 0.3182 -0.6934 -0.6465
Y 0.3281 0.7204 -0.6111
Z 0.8894 -0.0177 0.4568

PART 74
OFFSET 1.8899 -1.8840 -8.8051
SCALE 1 1 1
X 0.4077 -0.3365 -0.8489
Y 0.1105 0.9410 -0.3199
Z 0.9064 0.0367 0.4208

PART 75
OFFSET 1.5026 -1.5644 -7.9987
SCALE 1 1 1
X -0.5122 -0.3387 0.7892
Y -0.0644 0.9315 0.3579
Z -0.8564 0.1325 -0.4990

PART 76
OFFSET 0.9184 -4.9075 -7.0146
SCALE 1 1 1
X -0.8333 -0.2983 0.4655
Y 0.2593 -0.9545 -0.1475
Z 0.4883 -0.0022 0.8727

PART 77
OFFSET 3.0142 -4.1541 -8.3556
SCALE 1 1 1
X -0.0237 -0.9991 0.0345
Y 0.5449 -0.0418 -0.8375
Z 0.8382 -0.0011 0.5454

PART 78
OFFSET 3.0546 -2.4531 -8.4143
SCALE 1 1 1
X 0.4806 -0.4607 -0.7462
Y 0.2752 0.8872 -0.3705
Z 0.8326 -0.0273 0.5532

PART 79
OFFSET 12.3222 -2.7607 -4.9306
SCALE 1 1 1
X 0.9995 0.0024 0.0327
Y -0.0024 1.0000 0.0021
Z -0.0327 -0.0022 0.9995

PART 80
OFFSET 10.7082 -3.7209 -3.4842
SCALE 1 1 1
X -0.0380 -0.8593 0.5100
Y 0.9971 0.0007 0.0755
Z -0.0652 0.5114 0.8568

PART 81
OFFSET 9.7063 -4.5795 -3.9600
SCALE 1 1 1
X 0.9986 0.0023 0.0531
Y -0.0024 1.0000 0.0021
Z -0.0531 -0.0022 0.9986

PART 82
OFFSET 40.1098 -2.6978 -2.4992
SCALE 1 1 1
X 0.9995 0.0024 0.0327
Y -0.0024 1.0000 0.0021
Z -0.0327 -0.0022 0.9995

PART 83
OFFSET 9.5951 -2.6635 -3.9657
SCALE 1 1 1
X 0.9776 0.1092 0.1799
Y -0.1096 0.9939 -0.0076
Z -0.1797 -0.0123 0.9837

PART 84
OFFSET 3.8356 -3.0789 -5.8015
SCALE 1 1 1
X 0.8316 0.0295 0.5547
Y -0.2764 0.8881 0.3671
Z -0.4818 -0.4586 0.7467

PART 85
OFFSET 6.0978 -2.7673 -3.4218
SCALE 1 1 1
X 0.9995 0.0024 0.0327
Y -0.0024 1.0000 0.0021
Z -0.0327 -0.0022 0.9995

PART 86
OFFSET 35.9126 -2.7052 -3.8553
SCALE 1 1 1
X 0.9986 0.0023 0.0531
Y -0.0024 1.0000 0.0021
Z -0.0531 -0.0022 0.9986

PART 87
OFFSET 49.0187 -2.6770 -2.0295
SCALE 1 1 1
X 0.9986 0.0023 0.0531
Y -0.0024 1.0000 0.0021
Z -0.0531 -0.0022 0.9986

PART 88
OFFSET 49.3603 -2.6762 -2.0252
SCALE 1 1 1
X 0.9986 0.0023 0.0531
Y -0.0024 1.0000 0.0021
Z -0.0531 -0.0022 0.9986

PART 89
OFFSET 8.1152 -1.4526 -4.2204
SCALE 1 1 1
X 0.9995 0.0024 0.0327
Y -0.0024 1.0000 0.0021
Z -0.0327 -0.0022 0.9995

PART 90
OFFSET 17.9144 -3.1590 -3.9032
SCALE 1 1 1
X 0.9995 0.0024 0.0327
Y -0.0024 1.0000 0.0021
Z -0.0327 -0.0022 0.9995

PART 91
OFFSET 41.6916 -2.6943 -2.3084
SCALE 1 1 1
X 0.9986 0.0023 0.0531
Y -0.0024 1.0000 0.0021
Z -0.0531 -0.0022 0.9986


FRAME 57
PART 0
OFFSET 16.9867 -2.3911 -6.0713
SCALE 1 1 1
X 0.4536 -0.8668 0.2073
Y -0.1494 0.1554 0.9765
Z -0.8786 -0.4739 -0.0590

PART 1
OFFSET 16.9867 -2.3911 -6.0713
SCALE 1 1 1
X 0.4536 -0.8668 0.2073
Y -0.1494 0.1554 0.9765
Z -0.8786 -0.4739 -0.0590

PART 2
OFFSET 1.0493 -4.9102 -6.7970
SCALE 1 1 1
X -0.8396 -0.2985 0.4539
Y 0.2614 -0.9544 -0.1441
Z 0.4762 -0.0023 0.8794

PART 3
OFFSET 1.0493 -4.9102 -6.7970
SCALE 1 1 1
X -0.8396 -0.2985 0.4539
Y 0.2614 -0.9544 -0.1441
Z 0.4762 -0.0023 0.8794

PART 4
OFFSET 5.9840 -3.1050 -3.3894
SCALE 1 1 1
X 1.0000 0.0000 0.0000
Y 0.0000 1.0000 0.0000
Z 0.0000 -0.0000 1.0000

PART 5
OFFSET 1.4024 4.2672 -6.2573
SCALE 1 1 1
X 0.7965 0.1427 -0.5876
Y 0.0227 -0.9781 -0.2067
Z -0.6042 0.1512 -0.7823

PART 6
OFFSET 11.0352 5.9925 -13.3634
SCALE 1 1 1
X 0.4743 -0.6372 0.6075
Y -0.8318 -0.0983 0.5463
Z -0.2884 -0.7644 -0.5766

PART 7
OFFSET 15.0693 0.5732 -8.1963
SCALE 1 1 1
X 0.4743 -0.6372 0.6075
Y 0.8133 0.5813 -0.0252
Z -0.3371 0.5060 0.7939

PART 8
OFFSET 16.8160 1.1685 -6.6368
SCALE 1 1 1
X 0.4800 -0.6345 0.6058
Y 0.2990 0.7676 0.5669
Z -0.8247 -0.0910 0.5582

PART 9
OFFSET 16.3840 -0.5079 -8.6872
SCALE 1 1 1
X 0.4800 -0.6345 0.6058
Y 0.2990 0.7676 0.5669
Z -0.8247 -0.0910 0.5582

PART 10
OFFSET 15.2739 0.3638 -5.4166
SCALE 1 1 1
X 0.4800 -0.6345 0.6058
Y 0.2990 0.7676 0.5669
Z -0.8247 -0.0910 0.5582

PART 11
OFFSET 14.7041 -0.8551 -6.4141
SCALE 1 1 1
X 0.4800 -0.6345 0.6058
Y 0.2990 0.7676 0.5669
Z -0.8247 -0.0910 0.5582

PART 12
OFFSET 14.2072 -1.8094 -7.6543
SCALE 1 1 1
X 0.4800 -0.6345 0.6058
Y 0.2990 0.7676 0.5669
Z -0.8247 -0.0910 0.5582

PART 13
OFFSET 16.5233 -1.3802 -6.3338
SCALE 1 1 1
X 0.7071 -0.6858 0.1722
Y 0.7009 0.7119 -0.0431
Z -0.0930 0.1512 0.9841

PART 14
OFFSET 17.4797 -0.9396 -5.8940
SCALE 1 1 1
X 0.8685 -0.0696 0.4908
Y 0.1105 0.9924 -0.0547
Z -0.4833 0.1018 0.8695

PART 15
OFFSET 19.3379 -0.9851 -4.7918
SCALE 1 1 1
X 0.9164 -0.1453 0.3729
Y 0.0761 0.9780 0.1940
Z -0.3929 -0.1494 0.9073

PART 16
OFFSET 20.7687 -1.2948 -4.0998
SCALE 1 1 1
X 0.8229 -0.3431 0.4529
Y 0.2651 0.9368 0.2282
Z -0.5025 -0.0677 0.8619

PART 17
OFFSET 21.6402 -1.6530 -3.5667
SCALE 1 1 1
X 0.9849 -0.0167 -0.1723
Y -0.1728 -0.0308 -0.9845
Z 0.0112 0.9994 -0.0332

PART 18
OFFSET 16.3524 -2.6922 -5.9431
SCALE 1 1 1
X 0.1905 -0.9754 0.1110
Y -0.1407 0.0848 0.9864
Z -0.9715 -0.2036 -0.1211

PART 19
OFFSET 16.9047 -4.8437 -5.5550
SCALE 1 1 1
X -0.1540 0.0474 0.9869
Y -0.6639 0.7348 -0.1390
Z -0.7318 -0.6766 -0.0817

PART 20
OFFSET 16.6866 -4.7766 -4.1577
SCALE 1 1 1
X -0.6027 0.6085 0.5162
Y -0.3395 0.3900 -0.8560
Z -0.7221 -0.6912 -0.0285

PART 21
OFFSET 2.5239 -1.8171 -7.1414
SCALE 1 1 1
X 0.5524 0.2808 -0.7849
Y -0.1404 0.9595 0.2444
Z 0.8217 -0.0248 0.5694

PART 22
OFFSET 1.9248 -2.1216 -6.2902
SCALE 1 1 1
X -0.3319 -0.7793 0.5315
Y -0.4668 0.6253 0.6254
Z -0.8197 -0.0405 -0.5713

PART 23
OFFSET -3.5211 -7.0308 -4.8293
SCALE 1 1 1
X -0.7894 -0.5400 0.2920
Y -0.5071 0.8417 0.1856
Z -0.3460 -0.0016 -0.9383

PART 24
OFFSET 4.0797 -4.7357 -6.2202
SCALE 1 1 1
X -0.9322 -0.2148 0.2911
Y 0.1970 -0.9763 -0.0897
Z 0.3035 -0.0262 0.9525

PART 25
OFFSET 5.7210 -4.3574 -6.7328
SCALE 1 1 1
X -0.7087 -0.6636 0.2394
Y 0.6401 -0.7476 -0.1774
Z 0.2967 0.0275 0.9546

PART 26
OFFSET 6.6006 -3.5490 -6.9658
SCALE 1 1 1
X -0.2145 -0.9764 0.0232
Y 0.9416 -0.2131 -0.2606
Z 0.2594 -0.0340 0.9652

PART 27
OFFSET 6.8429 -2.4461 -6.9921
SCALE 1 1 1
X -0.7073 0.5006 0.4992
Y 0.4496 0.8634 -0.2290
Z -0.5456 0.0625 -0.8357

PART 28
OFFSET 3.7127 -4.4452 -7.2209
SCALE 1 1 1
X -0.5553 -0.8250 0.1046
Y 0.7722 -0.5582 -0.3035
Z 0.3088 -0.0878 0.9471

PART 29
OFFSET 4.7975 -2.8335 -7.4252
SCALE 1 1 1
X 0.6546 -0.6988 -0.2885
Y 0.6734 0.7124 -0.1976
Z 0.3436 -0.0649 0.9369

PART 30
OFFSET 3.8414 -1.8128 -7.0039
SCALE 1 1 1
X 0.9067 -0.2307 -0.3531
Y 0.2183 0.9730 -0.0752
Z 0.3609 -0.0089 0.9326

PART 31
OFFSET 2.8121 -1.5508 -6.6106
SCALE 1 1 1
X -0.8577 -0.4440 0.2592
Y -0.3885 0.8900 0.2388
Z -0.3367 0.1041 -0.9358

PART 32
OFFSET -2.0426 -5.7444 -6.7966
SCALE 1 1 1
X -0.6103 -0.7891 0.0704
Y -0.6210 0.4213 -0.6610
Z 0.4919 -0.4471 -0.7471

PART 33
OFFSET -1.6901 -5.4315 -5.6289
SCALE 1 1 1
X -0.6103 -0.7891 0.0704
Y -0.6210 0.4213 -0.6610
Z 0.4919 -0.4471 -0.7471

PART 34
OFFSET -0.3568 -6.2298 -4.4924
SCALE 1 1 1
X -0.6103 -0.7891 0.0704
Y -0.6210 0.4213 -0.6610
Z 0.4919 -0.4471 -0.7471

PART 35
OFFSET 0.0000 0.0000 0.0000
SCALE 1 1 1
X 1.0000 0.0000 0.0000
Y 0.0000 1.0000 0.0000
Z 0.0000 0.0000 1.0000

PART 36
OFFSET 0.0000 0.0000 0.0000
SCALE 1 1 1
X 1.0000 0.0000 0.0000
Y 0.0000 1.0000 0.0000
Z 0.0000 0.0000 1.0000

PART 37
OFFSET 1.5404 0.0000 4.1357
SCALE 1 1 1
X 1.0000 0.0000 0.0000
Y 0.0000 1.0000 0.0000
Z 0.0000 0.0000 1.0000

PART 38
OFFSET 16.1523 -4.2371 -3.7000
SCALE 1 1 1
X -0.6065 0.5981 0.5239
Y -0.2966 0.4412 -0.8470
Z -0.7377 -0.6691 -0.0902

PART 39
OFFSET 15.5761 -3.6689 -3.2023
SCALE 1 1 1
X 0.7567 -0.6377 0.1440
Y 0.0731 -0.1364 -0.9880
Z 0.6496 0.7581 -0.0566

PART 40
OFFSET 16.9867 -2.3911 -6.0713
SCALE 1 1 1
X 0.4536 -0.8668 0.2073
Y -0.1494 0.1554 0.9765
Z -0.8786 -0.4739 -0.0590

PART 41
OFFSET 18.0367 -4.7145 -5.5635
SCALE 1 1 1
X 0.1704 -0.1903 0.9668
Y -0.6605 0.7060 0.2553
Z -0.7312 -0.6821 -0.0054

PART 42
OFFSET 18.3268 -5.0384 -3.9175
SCALE 1 1 1
X -0.5720 0.6094 0.5490
Y -0.3915 0.3854 -0.8356
Z -0.7208 -0.6929 0.0182

PART 43
OFFSET 17.5341 -4.1937 -3.1566
SCALE 1 1 1
X -0.6437 0.6704 0.3691
Y -0.2673 0.2549 -0.9293
Z -0.7171 -0.6968 0.0151

PART 44
OFFSET 16.8359 -3.4667 -2.7563
SCALE 1 1 1
X 0.6448 -0.7292 0.2292
Y 0.1810 -0.1456 -0.9726
Z 0.7426 0.6687 0.0381

PART 45
OFFSET 19.7663 -2.2828 -5.3441
SCALE 1 1 1
X 0.5039 -0.7409 0.4440
Y 0.3218 -0.3160 -0.8925
Z 0.8016 0.5926 0.0792

PART 46
OFFSET 19.8420 -3.5716 -6.0613
SCALE 1 1 1
X 0.7536 -0.1927 0.6285
Y -0.5710 0.2816 0.7711
Z -0.3256 -0.9400 0.1022

PART 47
OFFSET 21.1688 -3.9109 -4.9548
SCALE 1 1 1
X 0.3844 -0.0645 0.9209
Y -0.8738 0.2963 0.3856
Z -0.2977 -0.9529 0.0575

PART 48
OFFSET 21.6542 -3.9315 -3.8388
SCALE 1 1 1
X -0.0798 0.1585 0.9841
Y -0.9544 0.2729 -0.1214
Z -0.2878 -0.9489 0.1294

PART 49
OFFSET 21.5640 -3.7525 -2.7271
SCALE 1 1 1
X 0.8065 -0.5649 -0.1744
Y -0.1715 0.0588 -0.9834
Z 0.5658 0.8231 -0.0494

PART 50
OFFSET 18.9895 -4.2437 -5.8563
SCALE 1 1 1
X 0.5008 -0.4453 0.7423
Y -0.5148 0.5362 0.6690
Z -0.6959 -0.7171 0.0393

PART 51
OFFSET 19.9678 -5.1136 -4.4063
SCALE 1 1 1
X -0.4866 0.5323 0.6927
Y -0.4893 0.4909 -0.7209
Z -0.7238 -0.6897 0.0216

PART 52
OFFSET 19.2571 -4.3361 -3.3944
SCALE 1 1 1
X -0.5375 0.5512 0.6381
Y -0.4129 0.4878 -0.7692
Z -0.7352 -0.6769 -0.0346

PART 53
OFFSET 18.6433 -3.7169 -2.6714
SCALE 1 1 1
X 0.7229 -0.6910 0.0042
Y -0.0248 -0.0321 -0.9992
Z 0.6905 0.7222 -0.0403

PART 54
OFFSET 16.8160 1.1685 -6.6368
SCALE 1 1 1
X 0.4800 -0.6345 0.6058
Y 0.2990 0.7676 0.5669
Z -0.8247 -0.0910 0.5582

PART 55
OFFSET 16.3840 -0.5079 -8.6872
SCALE 1 1 1
X 0.4800 -0.6345 0.6058
Y 0.2990 0.7676 0.5669
Z -0.8247 -0.0910 0.5582

PART 56
OFFSET 15.2739 0.3638 -5.4166
SCALE 1 1 1
X 0.4800 -0.6345 0.6058
Y 0.2990 0.7676 0.5669
Z -0.8247 -0.0910 0.5582

PART 57
OFFSET 14.7041 -0.8551 -6.4141
SCALE 1 1 1
X 0.4800 -0.6345 0.6058
Y 0.2990 0.7676 0.5669
Z -0.8247 -0.0910 0.5582

PART 58
OFFSET 14.2072 -1.8094 -7.6543
SCALE 1 1 1
X 0.4800 -0.6345 0.6058
Y 0.2990 0.7676 0.5669
Z -0.8247 -0.0910 0.5582

PART 59
OFFSET 12.4229 -2.7623 -4.5549
SCALE 1 1 1
X 0.9989 0.0025 0.0465
Y -0.0026 1.0000 0.0023
Z -0.0465 -0.0024 0.9989

PART 60
OFFSET -2.3317 -3.5648 -2.9073
SCALE 1 1 1
X 0.3755 0.9026 0.2105
Y 0.1764 -0.2926 0.9398
Z 0.9099 -0.3157 -0.2690

PART 61
OFFSET -6.8725 -14.4809 -5.4533
SCALE 1 1 1
X -0.6056 -0.7929 0.0679
Y 0.5044 -0.4484 -0.7380
Z 0.6155 -0.4127 0.6714

PART 62
OFFSET -1.7219 -7.7370 -6.0305
SCALE 1 1 1
X -0.6056 -0.7929 0.0679
Y -0.2339 0.0958 -0.9675
Z 0.7607 -0.6018 -0.2434

PART 63
OFFSET -2.0426 -5.7444 -6.7966
SCALE 1 1 1
X -0.6103 -0.7891 0.0704
Y -0.6210 0.4213 -0.6610
Z 0.4919 -0.4471 -0.7471

PART 64
OFFSET -1.6901 -5.4315 -5.6289
SCALE 1 1 1
X -0.6103 -0.7891 0.0704
Y -0.6210 0.4213 -0.6610
Z 0.4919 -0.4471 -0.7471

PART 65
OFFSET -0.3568 -6.2298 -4.4924
SCALE 1 1 1
X -0.6103 -0.7891 0.0704
Y -0.6210 0.4213 -0.6610
Z 0.4919 -0.4471 -0.7471

PART 66
OFFSET 0.1345 -5.3062 -6.2386
SCALE 1 1 1
X -0.9503 -0.2638 0.1653
Y -0.2063 0.1358 -0.9690
Z 0.2332 -0.9550 -0.1834

PART 67
OFFSET 0.6654 -4.9265 -5.3025
SCALE 1 1 1
X -0.5418 -0.8116 -0.2188
Y 0.2063 0.1239 -0.9706
Z 0.8148 -0.5710 0.1003

PART 68
OFFSET 1.7685 -3.1558 -4.7391
SCALE 1 1 1
X -0.7165 -0.6961 0.0456
Y 0.1822 -0.2499 -0.9510
Z 0.6734 -0.6731 0.3059

PART 69
OFFSET 2.8607 -1.9716 -4.9036
SCALE 1 1 1
X -0.5945 -0.5324 0.6026
Y -0.2304 -0.6052 -0.7620
Z 0.7704 -0.5918 0.2371

PART 70
OFFSET 3.4722 -1.3585 -5.5532
SCALE 1 1 1
X -0.9812 -0.1376 0.1355
Y -0.1730 0.9381 -0.3001
Z -0.0858 -0.3179 -0.9442

PART 71
OFFSET 0.6707 -4.7447 -7.3790
SCALE 1 1 1
X -0.6514 -0.3348 0.6809
Y 0.3034 -0.9374 -0.1707
Z 0.6954 0.0954 0.7122

PART 72
OFFSET 2.1983 -3.8636 -8.7842
SCALE 1 1 1
X -0.0967 -0.9626 0.2532
Y 0.4257 -0.2699 -0.8637
Z 0.8997 0.0242 0.4358

PART 73
OFFSET 2.3353 -2.5008 -9.1426
SCALE 1 1 1
X 0.3272 -0.6932 -0.6422
Y 0.3364 0.7206 -0.6063
Z 0.8830 -0.0177 0.4690

PART 74
OFFSET 2.0451 -1.8862 -8.5732
SCALE 1 1 1
X 0.4194 -0.3362 -0.8432
Y 0.1147 0.9411 -0.3181
Z 0.9005 0.0367 0.4333

PART 75
OFFSET 1.6466 -1.5668 -7.7721
SCALE 1 1 1
X -0.5231 -0.3389 0.7820
Y -0.0695 0.9314 0.3572
Z -0.8495 0.1325 -0.5107

PART 76
OFFSET 1.0493 -4.9102 -6.7970
SCALE 1 1 1
X -0.8396 -0.2985 0.4539
Y 0.2614 -0.9544 -0.1441
Z 0.4762 -0.0023 0.8794

PART 77
OFFSET 3.1634 -4.1563 -8.1087
SCALE 1 1 1
X -0.0240 -0.9991 0.0339
Y 0.5564 -0.0415 -0.8299
Z 0.8305 -0.0011 0.5569

PART 78
OFFSET 3.2043 -2.4552 -8.1664
SCALE 1 1 1
X 0.4910 -0.4604 -0.7396
Y 0.2801 0.8873 -0.3664
Z 0.8249 -0.0273 0.5646

PART 79
OFFSET 12.4229 -2.7623 -4.5549
SCALE 1 1 1
X 0.9989 0.0025 0.0465
Y -0.0026 1.0000 0.0023
Z -0.0465 -0.0024 0.9989

PART 80
OFFSET 10.7893 -3.7232 -3.1313
SCALE 1 1 1
X -0.0449 -0.8594 0.5092
Y 0.9960 0.0008 0.0893
Z -0.0771 0.5112 0.8560

PART 81
OFFSET 10.1550 -4.5808 -3.5976
SCALE 1 1 1
X 0.9978 0.0025 0.0669
Y -0.0026 1.0000 0.0023
Z -0.0669 -0.0025 0.9978

PART 82
OFFSET 40.1743 -2.6960 -1.7396
SCALE 1 1 1
X 0.9989 0.0025 0.0465
Y -0.0026 1.0000 0.0023
Z -0.0465 -0.0024 0.9989

PART 83
OFFSET 9.6828 -2.6658 -3.6279
SCALE 1 1 1
X 0.9750 0.1092 0.1934
Y -0.1096 0.9939 -0.0088
Z -0.1932 -0.0126 0.9811

PART 84
OFFSET 3.9492 -3.0815 -5.5433
SCALE 1 1 1
X 0.8238 0.0295 0.5661
Y -0.2816 0.8880 0.3635
Z -0.4920 -0.4589 0.7399

PART 85
OFFSET 6.1783 -2.7702 -3.1324
SCALE 1 1 1
X 0.9989 0.0025 0.0465
Y -0.0026 1.0000 0.0023
Z -0.0465 -0.0024 0.9989

PART 86
OFFSET 35.9963 -2.7037 -3.1537
SCALE 1 1 1
X 0.9978 0.0025 0.0669
Y -0.0026 1.0000 0.0023
Z -0.0669 -0.0025 0.9978

PART 87
OFFSET 49.0758 -2.6740 -1.1467
SCALE 1 1 1
X 0.9978 0.0025 0.0669
Y -0.0026 1.0000 0.0023
Z -0.0669 -0.0025 0.9978

PART 88
OFFSET 49.4173 -2.6732 -1.1377
SCALE 1 1 1
X 0.9978 0.0025 0.0669
Y -0.0026 1.0000 0.0023
Z -0.0669 -0.0025 0.9978

PART 89
OFFSET 8.2064 -1.4550 -3.9027
SCALE 1 1 1
X 0.9989 0.0025 0.0465
Y -0.0026 1.0000 0.0023
Z -0.0465 -0.0024 0.9989

PART 90
OFFSET 18.0005 -3.1601 -3.4505
SCALE 1 1 1
X 0.9989 0.0025 0.0465
Y -0.0026 1.0000 0.0023
Z -0.0465 -0.0024 0.9989

PART 91
OFFSET 41.7533 -2.6924 -1.5270
SCALE 1 1 1
X 0.9978 0.0025 0.0669
Y -0.0026 1.0000 0.0023
Z -0.0669 -0.0025 0.9978


FRAME 58
PART 0
OFFSET 17.3592 -2.3929 -5.8095
SCALE 1 1 1
X 0.4525 -0.8669 0.2092
Y -0.1529 0.1557 0.9759
Z -0.8786 -0.4736 -0.0621

PART 1
OFFSET 17.3592 -2.3929 -5.8095
SCALE 1 1 1
X 0.4525 -0.8669 0.2092
Y -0.1529 0.1557 0.9759
Z -0.8786 -0.4736 -0.0621

PART 2
OFFSET 1.4236 -4.9064 -6.5927
SCALE 1 1 1
X -0.8414 -0.2981 0.4509
Y 0.2616 -0.9545 -0.1429
Z 0.4730 -0.0023 0.8811

PART 3
OFFSET 1.4236 -4.9064 -6.5927
SCALE 1 1 1
X -0.8414 -0.2981 0.4509
Y 0.2616 -0.9545 -0.1429
Z 0.4730 -0.0023 0.8811

PART 4
OFFSET 5.9840 -3.1050 -3.3894
SCALE 1 1 1
X 1.0000 0.0000 0.0000
Y 0.0000 1.0000 0.0000
Z 0.0000 -0.0000 1.0000

PART 5
OFFSET 1.4024 4.2672 -6.2573
SCALE 1 1 1
X 0.8117 0.1263 -0.5703
Y 0.0243 -0.9828 -0.1830
Z -0.5836 0.1347 -0.8008

PART 6
OFFSET 11.2185 5.7950 -13.1546
SCALE 1 1 1
X 0.4908 -0.6202 0.6119
Y -0.8262 -0.1084 0.5528
Z -0.2765 -0.7769 -0.5657

PART 7
OFFSET 15.3926 0.5195 -7.9500
SCALE 1 1 1
X 0.4908 -0.6202 0.6119
Y 0.7970 0.6034 -0.0276
Z -0.3521 0.5012 0.7904

PART 8
OFFSET 17.1366 1.1683 -6.4088
SCALE 1 1 1
X 0.4964 -0.6175 0.6102
Y 0.2870 0.7801 0.5559
Z -0.8193 -0.1009 0.5645

PART 9
OFFSET 16.7257 -0.5408 -8.4366
SCALE 1 1 1
X 0.4964 -0.6175 0.6102
Y 0.2870 0.7801 0.5559
Z -0.8193 -0.1009 0.5645

PART 10
OFFSET 15.6186 0.3475 -5.1694
SCALE 1 1 1
X 0.4964 -0.6175 0.6102
Y 0.2870 0.7801 0.5559
Z -0.8193 -0.1009 0.5645

PART 11
OFFSET 15.0673 -0.8944 -6.1488
SCALE 1 1 1
X 0.4964 -0.6175 0.6102
Y 0.2870 0.7801 0.5559
Z -0.8193 -0.1009 0.5645

PART 12
OFFSET 14.5820 -1.8731 -7.3744
SCALE 1 1 1
X 0.4964 -0.6175 0.6102
Y 0.2870 0.7801 0.5559
Z -0.8193 -0.1009 0.5645

PART 13
OFFSET 16.8971 -1.3819 -6.0740
SCALE 1 1 1
X 0.7063 -0.6860 0.1749
Y 0.7013 0.7117 -0.0408
Z -0.0965 0.1515 0.9837

PART 14
OFFSET 17.8520 -0.9415 -5.6307
SCALE 1 1 1
X 0.8666 -0.0698 0.4940
Y 0.1111 0.9923 -0.0546
Z -0.4864 0.1022 0.8677

PART 15
OFFSET 19.7062 -0.9875 -4.5219
SCALE 1 1 1
X 0.9150 -0.1456 0.3763
Y 0.0758 0.9781 0.1941
Z -0.3963 -0.1491 0.9059

PART 16
OFFSET 21.1344 -1.2975 -3.8245
SCALE 1 1 1
X 0.8211 -0.3433 0.4559
Y 0.2646 0.9368 0.2289
Z -0.5057 -0.0673 0.8601

PART 17
OFFSET 22.0037 -1.6559 -3.2882
SCALE 1 1 1
X 0.9855 -0.0171 -0.1687
Y -0.1692 -0.0310 -0.9851
Z 0.0117 0.9994 -0.0334

PART 18
OFFSET 16.7243 -2.6938 -5.6835
SCALE 1 1 1
X 0.1898 -0.9754 0.1119
Y -0.1443 0.0851 0.9859
Z -0.9712 -0.2032 -0.1246

PART 19
OFFSET 17.2744 -4.8454 -5.2930
SCALE 1 1 1
X -0.1576 0.0477 0.9863
Y -0.6631 0.7350 -0.1415
Z -0.7317 -0.6764 -0.0842

PART 20
OFFSET 17.0512 -4.7778 -3.8965
SCALE 1 1 1
X -0.6044 0.6088 0.5139
Y -0.3362 0.3899 -0.8573
Z -0.7223 -0.6909 -0.0309

PART 21
OFFSET 2.9005 -1.8139 -6.9325
SCALE 1 1 1
X 0.5553 0.2804 -0.7829
Y -0.1410 0.9596 0.2436
Z 0.8196 -0.0249 0.5724

PART 22
OFFSET 2.2983 -2.1180 -6.0833
SCALE 1 1 1
X -0.3341 -0.7791 0.5305
Y -0.4688 0.6256 0.6235
Z -0.8176 -0.0404 -0.5743

PART 23
OFFSET -3.1548 -7.0249 -4.6411
SCALE 1 1 1
X -0.7907 -0.5396 0.2892
Y -0.5075 0.8419 0.1835
Z -0.3425 -0.0017 -0.9395

