// Export filename: `C:/cod5/cod/cod5/xanim_export/viewmodel/US/m1garand/m1garand_scoped_ADS_down.XANIM_EXPORT`
// Source filename: `C:/cod5/cod/cod5/animation_assets/viewmodel/US/m1_garand/viewmodelanimation_m1garand.mb`
// Export time: Sun Aug 24 13:22:43 2008

ANIMATION
VERSION 3

NUMPARTS 2
PART 0 "tag_view"
PART 1 "tag_torso"

FRAMERATE 24
NUMFRAMES 11

FRAME 1510
PART 0
OFFSET 0.0000 0.0000 0.0000
SCALE 1 1 1
X 1.0000 0.0000 0.0000
Y 0.0000 1.0000 0.0000
Z 0.0000 0.0000 1.0000

PART 1
OFFSET -1.4001 -1.7857 -1.0288
SCALE 1 1 1
X 0.9999 0.0001 -0.0166
Y -0.0001 1.0000 0.0000
Z 0.0166 0.0000 0.9999


FRAME 1511
PART 0
OFFSET 0.0000 0.0000 0.0000
SCALE 1 1 1
X 1.0000 0.0000 0.0000
Y 0.0000 1.0000 0.0000
Z 0.0000 0.0000 1.0000

PART 1
OFFSET -1.4880 -1.7857 -0.8421
SCALE 1 1 1
X 0.9981 0.0005 -0.0617
Y -0.0005 1.0000 -0.0009
Z 0.0617 0.0010 0.9981


FRAME 1512
PART 0
OFFSET 0.0000 0.0000 0.0000
SCALE 1 1 1
X 1.0000 0.0000 0.0000
Y 0.0000 1.0000 0.0000
Z 0.0000 0.0000 1.0000

PART 1
OFFSET -0.7038 -1.7857 -0.7062
SCALE 1 1 1
X 0.9954 0.0001 -0.0962
Y -0.0005 1.0000 -0.0043
Z 0.0962 0.0043 0.9954


FRAME 1513
PART 0
OFFSET 0.0000 0.0000 0.0000
SCALE 1 1 1
X 1.0000 0.0000 0.0000
Y 0.0000 1.0000 0.0000
Z 0.0000 0.0000 1.0000

PART 1
OFFSET 1.3611 -1.8386 -0.9934
SCALE 1 1 1
X 0.9977 -0.0317 -0.0593
Y 0.0316 0.9995 -0.0035
Z 0.0594 0.0016 0.9982


FRAME 1514
PART 0
OFFSET 0.0000 0.0000 0.0000
SCALE 1 1 1
X 1.0000 0.0000 0.0000
Y 0.0000 1.0000 0.0000
Z 0.0000 0.0000 1.0000

PART 1
OFFSET 3.2734 -1.9778 -1.4362
SCALE 1 1 1
X 0.9979 -0.0627 -0.0166
Y 0.0627 0.9980 -0.0010
Z 0.0166 0.0000 0.9999


FRAME 1515
PART 0
OFFSET 0.0000 0.0000 0.0000
SCALE 1 1 1
X 1.0000 0.0000 0.0000
Y 0.0000 1.0000 0.0000
Z 0.0000 0.0000 1.0000

PART 1
OFFSET 4.0939 -2.1813 -1.8676
SCALE 1 1 1
X 0.9983 -0.0581 -0.0073
Y 0.0581 0.9983 -0.0005
Z 0.0074 0.0001 1.0000


FRAME 1516
PART 0
OFFSET 0.0000 0.0000 0.0000
SCALE 1 1 1
X 1.0000 0.0000 0.0000
Y 0.0000 1.0000 0.0000
Z 0.0000 0.0000 1.0000

PART 1
OFFSET 4.8125 -2.4237 -2.3097
SCALE 1 1 1
X 0.9989 -0.0465 -0.0020
Y 0.0465 0.9989 -0.0001
Z 0.0020 0.0000 1.0000


FRAME 1517
PART 0
OFFSET 0.0000 0.0000 0.0000
SCALE 1 1 1
X 1.0000 0.0000 0.0000
Y 0.0000 1.0000 0.0000
Z 0.0000 0.0000 1.0000

PART 1
OFFSET 5.4060 -2.6710 -2.7225
SCALE 1 1 1
X 0.9995 -0.0314 0.0004
Y 0.0314 0.9995 0.0002
Z -0.0004 -0.0002 1.0000


FRAME 1518
PART 0
OFFSET 0.0000 0.0000 0.0000
SCALE 1 1 1
X 1.0000 0.0000 0.0000
Y 0.0000 1.0000 0.0000
Z 0.0000 0.0000 1.0000

PART 1
OFFSET 5.8515 -2.8896 -3.0665
SCALE 1 1 1
X 0.9999 -0.0163 0.0008
Y 0.0163 0.9999 0.0003
Z -0.0008 -0.0003 1.0000


FRAME 1519
PART 0
OFFSET 0.0000 0.0000 0.0000
SCALE 1 1 1
X 1.0000 0.0000 0.0000
Y 0.0000 1.0000 0.0000
Z 0.0000 0.0000 1.0000

PART 1
OFFSET 6.1259 -3.0455 -3.3021
SCALE 1 1 1
X 1.0000 -0.0046 0.0004
Y 0.0046 1.0000 0.0003
Z -0.0004 -0.0003 1.0000


FRAME 1520
PART 0
OFFSET 0.0000 0.0000 0.0000
SCALE 1 1 1
X 1.0000 0.0000 0.0000
Y 0.0000 1.0000 0.0000
Z 0.0000 0.0000 1.0000

PART 1
OFFSET 6.2061 -3.1050 -3.3894
SCALE 1 1 1
X 1.0000 0.0000 0.0000
Y 0.0000 1.0000 0.0000
Z 0.0000 -0.0000 1.0000


NOTETRACKS

PART 0
NUMTRACKS 0

PART 1
NUMTRACKS 0

