// Export filename: `C:/cod5/cod/cod5/xanim_export/viewmodel/US/m1garand/m1garand_sprint_out.XANIM_EXPORT`
// Source filename: `C:/cod5/cod/cod5/animation_assets/viewmodel/US/m1_garand/viewmodelanimation_m1garand.mb`
// Export time: Thu Mar 27 11:52:55 2008

ANIMATION
VERSION 3

NUMPARTS 80
PART 0 "RingPalm_FK_LE"
PART 1 "RingPalm_SDK_LE"
PART 2 "RingPalm_FK_RI"
PART 3 "RingPalm_SDK_RI"
PART 4 "tag_torso"
PART 5 "J_Shoulder_LE"
PART 6 "J_Elbow_LE"
PART 7 "J_WristTwist_LE"
PART 8 "J_Sleave_Reshape_Bottom_LE_1"
PART 9 "J_Sleave_Reshape_Bottom_LE_2"
PART 10 "J_Sleave_Reshape_Top_LE_1"
PART 11 "J_Sleave_Reshape_Top_LE_2"
PART 12 "J_Sleave_Reshape_Top_LE_3"
PART 13 "J_Wrist_LE"
PART 14 "J_Thumb_LE_0"
PART 15 "J_Thumb_LE_1"
PART 16 "J_Thumb_LE_2"
PART 17 "J_Thumb_LE_3"
PART 18 "J_PinkyPalm_LE"
PART 19 "J_Pinky_LE_0"
PART 20 "J_Pinky_LE_1"
PART 21 "J_Pinky_LE_2"
PART 22 "J_Pinky_LE_3"
PART 23 "J_RingPalm_LE"
PART 24 "J_Ring_LE_0"
PART 25 "J_Ring_LE_1"
PART 26 "J_Ring_LE_2"
PART 27 "J_Ring_LE_3"
PART 28 "J_Webbing_LE"
PART 29 "J_Index_LE_0"
PART 30 "J_Index_LE_1"
PART 31 "J_Index_LE_2"
PART 32 "J_Index_LE_3"
PART 33 "J_Mid_LE_0"
PART 34 "J_Mid_LE_1"
PART 35 "J_Mid_LE_2"
PART 36 "J_Mid_LE_3"
PART 37 "tag_weapon"
PART 38 "J_Shoulder_RI"
PART 39 "J_Elbow_RI"
PART 40 "J_WristTwist_RI"
PART 41 "J_Sleave_Reshape_Top_RI_3"
PART 42 "J_Sleave_Reshape_Top_RI_2"
PART 43 "J_Sleave_Reshape_Top_RI_1"
PART 44 "J_Wrist_RI"
PART 45 "J_Thumb_RI_0"
PART 46 "J_Thumb_RI_1"
PART 47 "J_Thumb_RI_2"
PART 48 "J_Thumb_RI_3"
PART 49 "J_PinkyPalm_RI"
PART 50 "J_Pinky_RI_0"
PART 51 "J_Pinky_RI_1"
PART 52 "J_Pinky_RI_2"
PART 53 "J_Pinky_RI_3"
PART 54 "J_RingPalm_RI"
PART 55 "J_Ring_RI_0"
PART 56 "J_Ring_RI_1"
PART 57 "J_Ring_RI_2"
PART 58 "J_Ring_RI_3"
PART 59 "J_Webbing_RI"
PART 60 "J_Index_RI_0"
PART 61 "J_Index_RI_1"
PART 62 "J_Index_RI_2"
PART 63 "J_Index_RI_3"
PART 64 "J_Mid_RI_0"
PART 65 "J_Mid_RI_1"
PART 66 "J_Mid_RI_2"
PART 67 "J_Mid_RI_3"
PART 68 "tag_cambone"
PART 69 "tag_camera"
PART 70 "tag_gasmask"
PART 71 "J_Gun"
PART 72 "tag_brass"
PART 73 "J_Bolt"
PART 74 "tag_flash"
PART 75 "j_stripper"
PART 76 "J_Clip"
PART 77 "joint1"
PART 78 "tag_bayonet"
PART 79 "tag_grenade"

FRAMERATE 24
NUMFRAMES 17

FRAME 604
PART 0
OFFSET 14.1332 7.6484 -6.8077
SCALE 1 1 1
X 0.7362 0.1491 0.6602
Y -0.5366 -0.4658 0.7036
Z 0.4124 -0.8723 -0.2628

PART 1
OFFSET 14.1332 7.6484 -6.8077
SCALE 1 1 1
X 0.7362 0.1491 0.6602
Y -0.5366 -0.4658 0.7036
Z 0.4124 -0.8723 -0.2628

PART 2
OFFSET 17.7874 -7.1095 -12.3953
SCALE 1 1 1
X 0.1175 -0.9642 0.2378
Y 0.8528 0.2206 0.4734
Z -0.5089 0.1472 0.8481

PART 3
OFFSET 17.7874 -7.1095 -12.3953
SCALE 1 1 1
X 0.1175 -0.9642 0.2378
Y 0.8528 0.2206 0.4734
Z -0.5089 0.1472 0.8481

PART 4
OFFSET 6.2061 -3.1050 -3.3894
SCALE 1 1 1
X 1.0000 0.0000 0.0000
Y 0.0000 1.0000 0.0000
Z 0.0000 -0.0000 1.0000

PART 5
OFFSET 1.6245 4.2672 -6.2573
SCALE 1 1 1
X 0.4247 0.1598 -0.8911
Y 0.6699 -0.7176 0.1906
Z -0.6090 -0.6779 -0.4118

PART 6
OFFSET 6.7609 6.1999 -17.0344
SCALE 1 1 1
X 0.5653 0.1171 0.8165
Y -0.7809 -0.2431 0.5755
Z 0.2659 -0.9629 -0.0460

PART 7
OFFSET 11.5691 7.1959 -10.0895
SCALE 1 1 1
X 0.5653 0.1171 0.8165
Y -0.4552 0.8698 0.1905
Z -0.6879 -0.4794 0.5450

PART 8
OFFSET 12.4068 9.2930 -9.2599
SCALE 1 1 1
X 0.5692 0.1212 0.8132
Y -0.2562 0.9660 0.0354
Z -0.7812 -0.2285 0.5809

PART 9
OFFSET 13.3170 6.9166 -10.0176
SCALE 1 1 1
X 0.5692 0.1212 0.8132
Y -0.2562 0.9660 0.0354
Z -0.7812 -0.2285 0.5809

PART 10
OFFSET 11.1811 8.5058 -7.6583
SCALE 1 1 1
X 0.5692 0.1212 0.8132
Y -0.2562 0.9660 0.0354
Z -0.7812 -0.2285 0.5809

PART 11
OFFSET 11.5358 6.9010 -7.7958
SCALE 1 1 1
X 0.5692 0.1212 0.8132
Y -0.2562 0.9660 0.0354
Z -0.7812 -0.2285 0.5809

PART 12
OFFSET 11.9077 5.4668 -8.3143
SCALE 1 1 1
X 0.5692 0.1212 0.8132
Y -0.2562 0.9660 0.0354
Z -0.7812 -0.2285 0.5809

PART 13
OFFSET 13.3022 7.5548 -7.5863
SCALE 1 1 1
X 0.5852 0.4188 0.6944
Y -0.5946 0.8039 0.0162
Z -0.5514 -0.4224 0.7194

PART 14
OFFSET 12.7653 8.3456 -6.9629
SCALE 1 1 1
X -0.0746 0.3863 0.9194
Y -0.8078 0.5172 -0.2828
Z -0.5847 -0.7638 0.2735

PART 15
OFFSET 12.4912 9.1882 -4.9920
SCALE 1 1 1
X -0.0171 0.4779 0.8782
Y -0.9261 0.3236 -0.1942
Z -0.3770 -0.8166 0.4371

PART 16
OFFSET 12.4766 9.8490 -3.5137
SCALE 1 1 1
X -0.4090 0.4855 0.7726
Y -0.8054 0.2060 -0.5558
Z -0.4290 -0.8496 0.3068

PART 17
OFFSET 12.0010 10.3387 -2.6736
SCALE 1 1 1
X -0.1923 0.9466 0.2587
Y 0.8031 0.3033 -0.5129
Z -0.5640 0.1091 -0.8185

PART 18
OFFSET 14.3226 6.9631 -6.8707
SCALE 1 1 1
X 0.7955 -0.1337 0.5910
Y -0.5759 -0.4699 0.6690
Z 0.1883 -0.8725 -0.4508

PART 19
OFFSET 16.0120 6.7323 -5.3952
SCALE 1 1 1
X -0.1124 -0.3397 0.9338
Y -0.9155 -0.3300 -0.2303
Z 0.3863 -0.8807 -0.2739

PART 20
OFFSET 15.8529 6.2513 -4.0732
SCALE 1 1 1
X -0.7859 -0.4590 0.4144
Y -0.4695 0.0068 -0.8829
Z 0.4024 -0.8884 -0.2208

PART 21
OFFSET 15.1561 5.8443 -3.7058
SCALE 1 1 1
X -0.9226 -0.3845 -0.0321
Y -0.0805 0.2732 -0.9586
Z 0.3773 -0.8818 -0.2830

PART 22
OFFSET 14.2796 5.4791 -3.7363
SCALE 1 1 1
X 0.7016 0.2501 0.6672
Y 0.5806 0.3422 -0.7388
Z -0.4131 0.9057 0.0949

PART 23
OFFSET 14.1332 7.6484 -6.8077
SCALE 1 1 1
X 0.7362 0.1491 0.6602
Y -0.5366 -0.4658 0.7036
Z 0.4124 -0.8723 -0.2628

PART 24
OFFSET 16.1169 7.9162 -5.1489
SCALE 1 1 1
X -0.0357 -0.2629 0.9642
Y -0.9114 -0.3872 -0.1393
Z 0.4099 -0.8837 -0.2258

PART 25
OFFSET 16.0561 7.4686 -3.5074
SCALE 1 1 1
X -0.8599 -0.4554 0.2305
Y -0.2951 0.0750 -0.9525
Z 0.4165 -0.8871 -0.1989

PART 26
OFFSET 14.8643 6.8374 -3.1879
SCALE 1 1 1
X -0.9002 -0.4348 0.0231
Y -0.1074 0.1702 -0.9795
Z 0.4220 -0.8843 -0.2000

PART 27
OFFSET 13.8880 6.3658 -3.1629
SCALE 1 1 1
X 0.8196 0.2155 0.5308
Y 0.4099 0.4265 -0.8062
Z -0.4002 0.8784 0.2613

PART 28
OFFSET 13.8665 9.8958 -5.0343
SCALE 1 1 1
X 0.5123 0.1211 0.8502
Y 0.6740 0.5569 -0.4854
Z -0.5323 0.8217 0.2037

PART 29
OFFSET 15.3388 9.9500 -5.1357
SCALE 1 1 1
X 0.3102 0.0329 0.9501
Y -0.7517 -0.6033 0.2664
Z 0.5820 -0.7968 -0.1624

PART 30
OFFSET 15.8850 10.0080 -3.4629
SCALE 1 1 1
X -0.6407 -0.6261 0.4445
Y -0.4525 -0.1598 -0.8773
Z 0.6203 -0.7632 -0.1809

PART 31
OFFSET 15.0685 9.2932 -2.9115
SCALE 1 1 1
X -0.8227 -0.5672 -0.0378
Y -0.0642 0.1589 -0.9852
Z 0.5648 -0.8081 -0.1672

PART 32
OFFSET 14.1392 8.6526 -2.9543
SCALE 1 1 1
X 0.4847 -0.1861 0.8547
Y 0.6826 0.6915 -0.2365
Z -0.5470 0.6980 0.4622

PART 33
OFFSET 15.8226 8.9575 -5.0983
SCALE 1 1 1
X 0.0080 -0.0572 0.9983
Y -0.8209 -0.5704 -0.0261
Z 0.5710 -0.8194 -0.0515

PART 34
OFFSET 15.8382 8.8457 -3.1481
SCALE 1 1 1
X -0.8203 -0.5631 0.1006
Y -0.1345 0.0188 -0.9907
Z 0.5560 -0.8262 -0.0912

PART 35
OFFSET 14.6402 8.0233 -3.0011
SCALE 1 1 1
X -0.7977 -0.5869 0.1389
Y -0.1978 0.0370 -0.9796
Z 0.5698 -0.8088 -0.1456

PART 36
OFFSET 13.7409 7.3528 -2.8442
SCALE 1 1 1
X 0.7015 0.4781 0.5285
Y 0.4036 0.3447 -0.8475
Z -0.5874 0.8079 0.0489

PART 37
OFFSET 14.4749 2.9028 -6.9584
SCALE 1 1 1
X -0.0817 0.9006 0.4268
Y -0.9056 0.1117 -0.4090
Z -0.4161 -0.4199 0.8065

PART 38
OFFSET 4.1297 -14.1858 -2.9073
SCALE 1 1 1
X -0.6028 0.2942 0.7416
Y 0.2782 -0.7937 0.5410
Z 0.7478 0.5324 0.3966

PART 39
OFFSET 11.4205 -17.7437 -11.8766
SCALE 1 1 1
X -0.5636 -0.8259 0.0149
Y 0.5452 -0.3855 -0.7444
Z 0.6205 -0.4114 0.6676

PART 40
OFFSET 16.2144 -10.7192 -12.0032
SCALE 1 1 1
X -0.5636 -0.8259 0.0149
Y 0.4549 -0.3254 -0.8290
Z 0.6895 -0.4605 0.5591

PART 41
OFFSET 15.9187 -8.7806 -12.2558
SCALE 1 1 1
X -0.5686 -0.8224 0.0175
Y -0.6267 0.4193 -0.6569
Z 0.5329 -0.3844 -0.7538

PART 42
OFFSET 16.0194 -8.3640 -11.1267
SCALE 1 1 1
X -0.5686 -0.8224 0.0175
Y -0.6267 0.4193 -0.6569
Z 0.5329 -0.3844 -0.7538

PART 43
OFFSET 16.9792 -8.8852 -10.3863
SCALE 1 1 1
X -0.5686 -0.8224 0.0175
Y -0.6267 0.4193 -0.6569
Z 0.5329 -0.3844 -0.7538

PART 44
OFFSET 17.9423 -8.1872 -12.0489
SCALE 1 1 1
X 0.2503 -0.9672 -0.0433
Y 0.4103 0.1465 -0.9001
Z 0.8769 0.2075 0.4335

PART 45
OFFSET 17.0737 -7.9787 -11.3388
SCALE 1 1 1
X 0.7796 -0.5576 0.2853
Y 0.4178 0.1238 -0.9001
Z 0.4665 0.8209 0.3294

PART 46
OFFSET 15.3237 -6.8336 -11.8828
SCALE 1 1 1
X 0.0779 -0.6582 0.7488
Y 0.8956 -0.2838 -0.3426
Z 0.4380 0.6973 0.5674

PART 47
OFFSET 15.2023 -5.8660 -13.1756
SCALE 1 1 1
X -0.1969 -0.3994 0.8954
Y 0.8551 -0.5167 -0.0424
Z 0.4796 0.7573 0.4432

PART 48
OFFSET 15.3787 -5.4600 -14.1635
SCALE 1 1 1
X -0.2771 -0.8878 0.3675
Y -0.5065 -0.1901 -0.8410
Z 0.8165 -0.4193 -0.3970

PART 49
OFFSET 17.9927 -7.2538 -13.0636
SCALE 1 1 1
X 0.0086 -0.8678 0.4969
Y 0.8472 0.2704 0.4574
Z -0.5312 0.4170 0.7375

PART 50
OFFSET 17.7920 -5.2765 -14.1288
SCALE 1 1 1
X 0.6965 -0.2507 0.6723
Y 0.6252 0.6718 -0.3972
Z -0.3521 0.6970 0.6247

PART 51
OFFSET 16.8058 -4.9216 -15.0806
SCALE 1 1 1
X 0.8811 0.4718 -0.0334
Y -0.3371 0.5769 -0.7441
Z -0.3318 0.6668 0.6673

PART 52
OFFSET 16.0246 -5.3399 -15.0510
SCALE 1 1 1
X 0.6715 0.6540 -0.3484
Y -0.6469 0.2880 -0.7061
Z -0.3614 0.6996 0.6164

PART 53
OFFSET 15.3867 -5.9612 -14.7200
SCALE 1 1 1
X -0.0553 -0.7822 0.6206
Y -0.9661 -0.1150 -0.2310
Z 0.2520 -0.6124 -0.7493

PART 54
OFFSET 17.7874 -7.1095 -12.3953
SCALE 1 1 1
X 0.1175 -0.9642 0.2378
Y 0.8528 0.2206 0.4734
Z -0.5089 0.1472 0.8481

PART 55
OFFSET 17.5769 -4.6241 -13.1281
SCALE 1 1 1
X 0.8323 -0.1108 0.5431
Y 0.3986 0.8005 -0.4476
Z -0.3851 0.5890 0.7104

PART 56
OFFSET 16.1599 -4.4354 -14.0526
SCALE 1 1 1
X 0.7148 0.6762 -0.1783
Y -0.5958 0.4553 -0.6616
Z -0.3662 0.5791 0.7284

PART 57
OFFSET 15.1692 -5.3726 -13.8055
SCALE 1 1 1
X 0.1026 0.8061 -0.5828
Y -0.9232 -0.1410 -0.3576
Z -0.3704 0.5747 0.7297

PART 58
OFFSET 15.0579 -6.2469 -13.1735
SCALE 1 1 1
X 0.4250 -0.5517 0.7176
Y -0.7984 -0.6021 0.0100
Z 0.4265 -0.5772 -0.6964

PART 59
OFFSET 19.1071 -12.2253 -11.2357
SCALE 1 1 1
X 0.4000 -0.8807 0.2539
Y -0.7496 -0.4737 -0.4622
Z 0.5273 -0.0054 -0.8496

PART 60
OFFSET 16.9835 -4.4519 -11.0400
SCALE 1 1 1
X 0.1416 -0.9893 0.0357
Y 0.8508 0.1401 0.5065
Z -0.5061 -0.0414 0.8615

PART 61
OFFSET 16.7342 -2.7101 -11.1029
SCALE 1 1 1
X 0.5225 -0.7967 0.3039
Y 0.6499 0.6028 0.4629
Z -0.5519 -0.0443 0.8327

PART 62
OFFSET 16.0655 -1.7443 -11.4217
SCALE 1 1 1
X 0.8411 -0.2840 0.4603
Y 0.2042 0.9548 0.2159
Z -0.5009 -0.0876 0.8611

PART 63
OFFSET 15.1155 -1.4235 -11.9417
SCALE 1 1 1
X -0.5991 -0.7941 -0.1026
Y -0.6666 0.5656 -0.4855
Z 0.4436 -0.2225 -0.8682

PART 64
OFFSET 17.2980 -4.4333 -12.0989
SCALE 1 1 1
X 0.7109 -0.6195 0.3330
Y 0.5390 0.7840 0.3078
Z -0.4518 -0.0393 0.8913

PART 65
OFFSET 15.9092 -3.2232 -12.7494
SCALE 1 1 1
X 0.6643 0.6579 0.3548
Y -0.5812 0.7531 -0.3083
Z -0.4700 -0.0014 0.8827

PART 66
OFFSET 14.9389 -4.1841 -13.2677
SCALE 1 1 1
X 0.2712 0.9521 0.1411
Y -0.8117 0.3050 -0.4981
Z -0.5173 0.0206 0.8556

PART 67
OFFSET 14.6349 -5.2624 -13.4338
SCALE 1 1 1
X 0.3436 -0.9262 0.1553
Y -0.8321 -0.3769 -0.4069
Z 0.4354 0.0106 -0.9002

PART 68
OFFSET 0.0000 0.0000 0.0000
SCALE 1 1 1
X 1.0000 0.0000 0.0000
Y 0.0000 1.0000 0.0000
Z 0.0000 0.0000 1.0000

PART 69
OFFSET 0.0000 -0.0388 0.0585
SCALE 1 1 1
X 0.9998 0.0209 0.0000
Y -0.0209 0.9998 0.0000
Z 0.0000 0.0000 1.0000

PART 70
OFFSET 1.5401 -0.0066 4.1943
SCALE 1 1 1
X 0.9998 0.0209 0.0000
Y -0.0209 0.9998 0.0000
Z 0.0000 0.0000 1.0000

PART 71
OFFSET 14.4749 2.9028 -6.9584
SCALE 1 1 1
X -0.0817 0.9006 0.4268
Y -0.9056 0.1117 -0.4090
Z -0.4161 -0.4199 0.8065

PART 72
OFFSET 16.4386 2.4962 -9.9308
SCALE 1 1 1
X 0.5657 -0.3323 0.7547
Y -0.0979 0.8817 0.4616
Z -0.8188 -0.3350 0.4662

PART 73
OFFSET 15.6783 1.9918 -5.4458
SCALE 1 1 1
X -0.0901 0.8919 0.4432
Y -0.9056 0.1117 -0.4090
Z -0.4143 -0.4383 0.7977

PART 74
OFFSET 11.5677 27.3494 6.1557
SCALE 1 1 1
X -0.0817 0.9006 0.4268
Y -0.9056 0.1117 -0.4090
Z -0.4161 -0.4199 0.8065

PART 75
OFFSET 14.4914 -0.8188 -8.0374
SCALE 1 1 1
X -0.1094 0.8784 0.4652
Y -0.9206 0.0869 -0.3806
Z -0.3748 -0.4700 0.7992

PART 76
OFFSET 14.5714 -0.8053 -8.1035
SCALE 1 1 1
X -0.0817 0.9006 0.4268
Y -0.9056 0.1117 -0.4090
Z -0.4161 -0.4199 0.8065

PART 77
OFFSET 13.9223 -2.7405 -8.4238
SCALE 1 1 1
X -0.0817 0.9006 0.4268
Y -0.9056 0.1117 -0.4090
Z -0.4161 -0.4199 0.8065

PART 78
OFFSET 12.4207 24.0428 3.3639
SCALE 1 1 1
X -0.0901 0.8919 0.4432
Y -0.9056 0.1117 -0.4090
Z -0.4143 -0.4383 0.7977

PART 79
OFFSET 11.4945 28.1561 6.5380
SCALE 1 1 1
X -0.0901 0.8919 0.4432
Y -0.9056 0.1117 -0.4090
Z -0.4143 -0.4383 0.7977


FRAME 605
PART 0
OFFSET 14.1899 7.5183 -6.9095
SCALE 1 1 1
X 0.7420 0.1296 0.6577
Y -0.5404 -0.4649 0.7013
Z 0.3967 -0.8758 -0.2750

PART 1
OFFSET 14.1899 7.5183 -6.9095
SCALE 1 1 1
X 0.7420 0.1296 0.6577
Y -0.5404 -0.4649 0.7013
Z 0.3967 -0.8758 -0.2750

PART 2
OFFSET 17.5727 -7.2325 -12.6837
SCALE 1 1 1
X 0.1030 -0.9686 0.2262
Y 0.8588 0.2013 0.4712
Z -0.5019 0.1458 0.8525

PART 3
OFFSET 17.5727 -7.2325 -12.6837
SCALE 1 1 1
X 0.1030 -0.9686 0.2262
Y 0.8588 0.2013 0.4712
Z -0.5019 0.1458 0.8525

PART 4
OFFSET 6.2061 -3.1050 -3.3894
SCALE 1 1 1
X 1.0000 0.0000 0.0000
Y 0.0000 1.0000 0.0000
Z 0.0000 -0.0000 1.0000

PART 5
OFFSET 1.6245 4.2672 -6.2573
SCALE 1 1 1
X 0.4189 0.1611 -0.8936
Y 0.6637 -0.7260 0.1802
Z -0.6197 -0.6686 -0.4111

PART 6
OFFSET 6.6909 6.2160 -17.0646
SCALE 1 1 1
X 0.5758 0.1064 0.8106
Y -0.7768 -0.2382 0.5830
Z 0.2551 -0.9654 -0.0545

PART 7
OFFSET 11.5882 7.1210 -10.1697
SCALE 1 1 1
X 0.5758 0.1064 0.8106
Y -0.4430 0.8739 0.2000
Z -0.6872 -0.4743 0.5503

PART 8
OFFSET 12.4571 9.2044 -9.3376
SCALE 1 1 1
X 0.5797 0.1105 0.8073
Y -0.2455 0.9684 0.0438
Z -0.7769 -0.2236 0.5885

PART 9
OFFSET 13.3338 6.8229 -10.1194
SCALE 1 1 1
X 0.5797 0.1105 0.8073
Y -0.2455 0.9684 0.0438
Z -0.7769 -0.2236 0.5885

PART 10
OFFSET 11.2419 8.4210 -7.7269
SCALE 1 1 1
X 0.5797 0.1105 0.8073
Y -0.2455 0.9684 0.0438
Z -0.7769 -0.2236 0.5885

PART 11
OFFSET 11.5779 6.8132 -7.8775
SCALE 1 1 1
X 0.5797 0.1105 0.8073
Y -0.2455 0.9684 0.0438
Z -0.7769 -0.2236 0.5885

PART 12
OFFSET 11.9282 5.3770 -8.4079
SCALE 1 1 1
X 0.5797 0.1105 0.8073
Y -0.2455 0.9684 0.0438
Z -0.7769 -0.2236 0.5885

PART 13
OFFSET 13.3534 7.4471 -7.6845
SCALE 1 1 1
X 0.5956 0.4013 0.6958
Y -0.5813 0.8132 0.0286
Z -0.5544 -0.4215 0.7176

PART 14
OFFSET 12.8328 8.2393 -7.0492
SCALE 1 1 1
X -0.0633 0.3769 0.9241
Y -0.8007 0.5334 -0.2725
Z -0.5956 -0.7572 0.2680

PART 15
OFFSET 12.5830 9.0638 -5.0674
SCALE 1 1 1
X -0.0046 0.4681 0.8837
Y -0.9217 0.3408 -0.1854
Z -0.3880 -0.8153 0.4299

PART 16
OFFSET 12.5871 9.7079 -3.5817
SCALE 1 1 1
X -0.3969 0.4833 0.7803
Y -0.8049 0.2254 -0.5490
Z -0.4412 -0.8459 0.2996

PART 17
OFFSET 12.1240 10.1956 -2.7335
SCALE 1 1 1
X -0.1754 0.9466 0.2705
Y 0.8052 0.2961 -0.5139
Z -0.5665 0.1276 -0.8141

PART 18
OFFSET 14.3678 6.8308 -6.9813
SCALE 1 1 1
X 0.7964 -0.1533 0.5850
Y -0.5799 -0.4681 0.6668
Z 0.1716 -0.8703 -0.4617

PART 19
OFFSET 16.0611 6.5556 -5.5179
SCALE 1 1 1
X -0.1130 -0.3485 0.9305
Y -0.9220 -0.3124 -0.2289
Z 0.3704 -0.8837 -0.2860

PART 20
OFFSET 15.9012 6.0623 -4.2005
SCALE 1 1 1
X -0.7911 -0.4508 0.4135
Y -0.4740 0.0245 -0.8802
Z 0.3867 -0.8923 -0.2331

PART 21
OFFSET 15.1998 5.6626 -3.8339
SCALE 1 1 1
X -0.9289 -0.3690 -0.0314
Y -0.0811 0.2853 -0.9550
Z 0.3613 -0.8845 -0.2950

PART 22
OFFSET 14.3173 5.3120 -3.8637
SCALE 1 1 1
X 0.7091 0.2310 0.6661
Y 0.5822 0.3411 -0.7381
Z -0.3977 0.9112 0.1074

PART 23
OFFSET 14.1899 7.5183 -6.9095
SCALE 1 1 1
X 0.7420 0.1296 0.6577
Y -0.5404 -0.4649 0.7013
Z 0.3967 -0.8758 -0.2750

PART 24
OFFSET 16.1866 7.7348 -5.2587
SCALE 1 1 1
X -0.0348 -0.2733 0.9613
Y -0.9184 -0.3707 -0.1387
Z 0.3942 -0.8876 -0.2380

PART 25
OFFSET 16.1273 7.2696 -3.6221
SCALE 1 1 1
X -0.8660 -0.4440 0.2301
Y -0.2989 0.0907 -0.9500
Z 0.4009 -0.8914 -0.2112

PART 26
OFFSET 14.9271 6.6543 -3.3032
SCALE 1 1 1
X -0.9071 -0.4204 0.0232
Y -0.1098 0.1831 -0.9769
Z 0.4064 -0.8887 -0.2123

PART 27
OFFSET 13.9433 6.1984 -3.2781
SCALE 1 1 1
X 0.8259 0.1961 0.5286
Y 0.4125 0.4290 -0.8036
Z -0.3844 0.8818 0.2734

PART 28
OFFSET 13.9695 9.7494 -5.1094
SCALE 1 1 1
X 0.5187 0.1031 0.8487
Y 0.6804 0.5514 -0.4828
Z -0.5177 0.8279 0.2159

PART 29
OFFSET 15.4419 9.7807 -5.2183
SCALE 1 1 1
X 0.3158 0.0171 0.9487
Y -0.7600 -0.5940 0.2637
Z 0.5680 -0.8043 -0.1746

PART 30
OFFSET 15.9979 9.8107 -3.5480
SCALE 1 1 1
X -0.6484 -0.6206 0.4409
Y -0.4598 -0.1424 -0.8765
Z 0.6068 -0.7711 -0.1929

PART 31
OFFSET 15.1728 9.1032 -3.0002
SCALE 1 1 1
X -0.8321 -0.5532 -0.0397
Y -0.0669 0.1712 -0.9830
Z 0.5506 -0.8153 -0.1794

PART 32
OFFSET 14.2329 8.4783 -3.0450
SCALE 1 1 1
X 0.4861 -0.2037 0.8498
Y 0.6925 0.6829 -0.2325
Z -0.5330 0.7015 0.4731

PART 33
OFFSET 15.9096 8.7801 -5.1948
SCALE 1 1 1
X 0.0124 -0.0687 0.9976
Y -0.8303 -0.5566 -0.0280
Z 0.5572 -0.8279 -0.0639

PART 34
OFFSET 15.9338 8.6459 -3.2460
SCALE 1 1 1
X -0.8288 -0.5508 0.0988
Y -0.1394 0.0323 -0.9897
Z 0.5419 -0.8340 -0.1036

PART 35
OFFSET 14.7233 7.8414 -3.1017
SCALE 1 1 1
X -0.8064 -0.5754 0.1366
Y -0.2024 0.0514 -0.9780
Z 0.5557 -0.8163 -0.1579

PART 36
OFFSET 13.8140 7.1840 -2.9474
SCALE 1 1 1
X 0.7121 0.4605 0.5300
Y 0.4046 0.3477 -0.8458
Z -0.5738 0.8167 0.0612

PART 37
OFFSET 14.4533 2.7698 -7.1157
SCALE 1 1 1
X -0.0647 0.8969 0.4374
Y -0.9059 0.1311 -0.4027
Z -0.4186 -0.4223 0.8040

PART 38
OFFSET 4.1297 -14.1858 -2.9073
SCALE 1 1 1
X -0.5839 0.3046 0.7526
Y 0.2861 -0.7903 0.5418
Z 0.7598 0.5317 0.3743

PART 39
OFFSET 11.1910 -17.8691 -12.0086
SCALE 1 1 1
X -0.5635 -0.8256 0.0295
Y 0.5303 -0.3889 -0.7534
Z 0.6334 -0.4089 0.6569

PART 40
OFFSET 15.9842 -10.8474 -12.2598
SCALE 1 1 1
X -0.5635 -0.8256 0.0295
Y 0.4466 -0.3345 -0.8299
Z 0.6950 -0.4545 0.5572

PART 41
OFFSET 15.6841 -8.9096 -12.5123
SCALE 1 1 1
X -0.5684 -0.8221 0.0322
Y -0.6394 0.4168 -0.6461
Z 0.5177 -0.3879 -0.7626

PART 42
OFFSET 15.8045 -8.4864 -11.3885
SCALE 1 1 1
X -0.5684 -0.8221 0.0322
Y -0.6394 0.4168 -0.6461
Z 0.5177 -0.3879 -0.7626

PART 43
OFFSET 16.7800 -9.0060 -10.6673
SCALE 1 1 1
X -0.5684 -0.8221 0.0322
Y -0.6394 0.4168 -0.6461
Z 0.5177 -0.3879 -0.7626

PART 44
OFFSET 17.7118 -8.3165 -12.3503
SCALE 1 1 1
X 0.2342 -0.9706 -0.0557
Y 0.4078 0.1501 -0.9006
Z 0.8825 0.1882 0.4310

PART 45
OFFSET 16.8505 -8.1020 -11.6331
SCALE 1 1 1
X 0.7719 -0.5734 0.2746
Y 0.4150 0.1272 -0.9009
Z 0.4816 0.8094 0.3361

PART 46
OFFSET 15.1166 -6.9224 -12.1545
SCALE 1 1 1
X 0.0711 -0.6679 0.7409
Y 0.8890 -0.2944 -0.3507
Z 0.4523 0.6836 0.5728

PART 47
OFFSET 15.0042 -5.9383 -13.4356
SCALE 1 1 1
X -0.1986 -0.4063 0.8919
Y 0.8463 -0.5300 -0.0530
Z 0.4942 0.7443 0.4491

PART 48
OFFSET 15.1819 -5.5240 -14.4198
SCALE 1 1 1
X -0.2896 -0.8873 0.3590
Y -0.5140 -0.1722 -0.8403
Z 0.8074 -0.4279 -0.4062

PART 49
OFFSET 17.7720 -7.3725 -13.3547
SCALE 1 1 1
X -0.0029 -0.8734 0.4870
Y 0.8539 0.2513 0.4557
Z -0.5204 0.4172 0.7451

PART 50
OFFSET 17.5979 -5.3802 -14.3963
SCALE 1 1 1
X 0.6959 -0.2696 0.6656
Y 0.6339 0.6661 -0.3930
Z -0.3373 0.6954 0.6345

PART 51
OFFSET 16.6127 -4.9984 -15.3386
SCALE 1 1 1
X 0.8885 0.4577 -0.0329
Y -0.3316 0.5907 -0.7356
Z -0.3172 0.6645 0.6766

PART 52
OFFSET 15.8249 -5.4043 -15.3094
SCALE 1 1 1
X 0.6803 0.6469 -0.3447
Y -0.6458 0.3065 -0.6992
Z -0.3467 0.6983 0.6263

PART 53
OFFSET 15.1787 -6.0188 -14.9819
SCALE 1 1 1
X -0.0647 -0.7882 0.6120
Y -0.9691 -0.0966 -0.2269
Z 0.2380 -0.6078 -0.7576

PART 54
OFFSET 17.5727 -7.2325 -12.6837
SCALE 1 1 1
X 0.1030 -0.9686 0.2262
Y 0.8588 0.2013 0.4712
Z -0.5019 0.1458 0.8525

PART 55
OFFSET 17.3989 -4.7358 -13.3871
SCALE 1 1 1
X 0.8333 -0.1305 0.5372
Y 0.4093 0.7989 -0.4407
Z -0.3716 0.5871 0.7192

PART 56
OFFSET 15.9802 -4.5135 -14.3017
SCALE 1 1 1
X 0.7248 0.6665 -0.1746
Y -0.5918 0.4725 -0.6531
Z -0.3528 0.5767 0.7369

PART 57
OFFSET 14.9757 -5.4372 -14.0597
SCALE 1 1 1
X 0.1127 0.8110 -0.5742
Y -0.9273 -0.1218 -0.3541
Z -0.3571 0.5723 0.7382

PART 58
OFFSET 14.8535 -6.3168 -13.4370
SCALE 1 1 1
X 0.4198 -0.5667 0.7090
Y -0.8080 -0.5891 0.0076
Z 0.4133 -0.5761 -0.7052

PART 59
OFFSET 18.8148 -12.3820 -11.5893
SCALE 1 1 1
X 0.3869 -0.8899 0.2417
Y -0.7597 -0.4561 -0.4634
Z 0.5226 -0.0043 -0.8526

PART 60
OFFSET 16.8195 -4.5778 -11.2940
SCALE 1 1 1
X 0.1256 -0.9918 0.0237
Y 0.8556 0.1204 0.5034
Z -0.5021 -0.0429 0.8638

PART 61
OFFSET 16.5984 -2.8316 -11.3358
SCALE 1 1 1
X 0.5110 -0.8085 0.2920
Y 0.6622 0.5868 0.4661
Z -0.5481 -0.0448 0.8352

PART 62
OFFSET 15.9439 -1.8514 -11.6400
SCALE 1 1 1
X 0.8388 -0.3029 0.4524
Y 0.2210 0.9488 0.2256
Z -0.4976 -0.0892 0.8628

PART 63
OFFSET 14.9964 -1.5093 -12.1511
SCALE 1 1 1
X -0.6125 -0.7830 -0.1082
Y -0.6599 0.5819 -0.4754
Z 0.4352 -0.2198 -0.8731

PART 64
OFFSET 17.1287 -4.5523 -12.3543
SCALE 1 1 1
X 0.7025 -0.6347 0.3221
Y 0.5534 0.7716 0.3136
Z -0.4476 -0.0421 0.8933

PART 65
OFFSET 15.7564 -3.3123 -12.9835
SCALE 1 1 1
X 0.6768 0.6429 0.3585
Y -0.5705 0.7659 -0.2965
Z -0.4652 -0.0038 0.8852

PART 66
OFFSET 14.7678 -4.2514 -13.5072
SCALE 1 1 1
X 0.2874 0.9459 0.1503
Y -0.8093 0.3238 -0.4901
Z -0.5123 0.0192 0.8586

PART 67
OFFSET 14.4453 -5.3227 -13.6838
SCALE 1 1 1
X 0.3292 -0.9334 0.1429
Y -0.8403 -0.3586 -0.4065
Z 0.4307 0.0138 -0.9024

PART 68
OFFSET 0.0000 0.0000 0.0000
SCALE 1 1 1
X 1.0000 0.0000 0.0000
Y 0.0000 1.0000 0.0000
Z 0.0000 0.0000 1.0000

PART 69
OFFSET 0.0000 -0.0384 0.0603
SCALE 1 1 1
X 0.9998 0.0207 0.0000
Y -0.0207 0.9998 0.0000
Z 0.0000 0.0000 1.0000

PART 70
OFFSET 1.5401 -0.0066 4.1960
SCALE 1 1 1
X 0.9998 0.0207 0.0000
Y -0.0207 0.9998 0.0000
Z 0.0000 0.0000 1.0000

PART 71
OFFSET 14.4533 2.7698 -7.1157
SCALE 1 1 1
X -0.0647 0.8969 0.4374
Y -0.9059 0.1311 -0.4027
Z -0.4186 -0.4223 0.8040

PART 72
OFFSET 16.3942 2.3651 -10.1033
SCALE 1 1 1
X 0.5642 -0.3500 0.7478
Y -0.0811 0.8778 0.4721
Z -0.8216 -0.3270 0.4669

PART 73
OFFSET 15.6496 1.8221 -5.6201
SCALE 1 1 1
X -0.0732 0.8881 0.4537
Y -0.9059 0.1311 -0.4027
Z -0.4172 -0.4405 0.7949

PART 74
OFFSET 12.0159 27.1094 6.2899
SCALE 1 1 1
X -0.0647 0.8969 0.4374
Y -0.9059 0.1311 -0.4027
Z -0.4186 -0.4223 0.8040

PART 75
OFFSET 14.4032 -0.9391 -8.2368
SCALE 1 1 1
X -0.0925 0.8747 0.4757
Y -0.9211 0.1062 -0.3745
Z -0.3781 -0.4729 0.7959

PART 76
OFFSET 14.4831 -0.9262 -8.3032
SCALE 1 1 1
X -0.0647 0.8969 0.4374
Y -0.9059 0.1311 -0.4027
Z -0.4186 -0.4223 0.8040

PART 77
OFFSET 13.8008 -2.8468 -8.6417
SCALE 1 1 1
X -0.0647 0.8969 0.4374
Y -0.9059 0.1311 -0.4027
Z -0.4186 -0.4223 0.8040

PART 78
OFFSET 12.7998 23.8214 3.4561
SCALE 1 1 1
X -0.0732 0.8881 0.4537
Y -0.9059 0.1311 -0.4027
Z -0.4172 -0.4405 0.7949

PART 79
OFFSET 11.9580 27.9128 6.6816
SCALE 1 1 1
X -0.0732 0.8881 0.4537
Y -0.9059 0.1311 -0.4027
Z -0.4172 -0.4405 0.7949


FRAME 606
PART 0
OFFSET 14.3555 7.1036 -7.2124
SCALE 1 1 1
X 0.7554 0.0918 0.6488
Y -0.5521 -0.4442 0.7056
Z 0.3529 -0.8912 -0.2848

PART 1
OFFSET 14.3555 7.1036 -7.2124
SCALE 1 1 1
X 0.7554 0.0918 0.6488
Y -0.5521 -0.4442 0.7056
Z 0.3529 -0.8912 -0.2848

PART 2
OFFSET 16.9907 -7.7504 -13.1103
SCALE 1 1 1
X 0.0617 -0.9736 0.2196
Y 0.8729 0.1593 0.4611
Z -0.4839 0.1633 0.8597

PART 3
OFFSET 16.9907 -7.7504 -13.1103
SCALE 1 1 1
X 0.0617 -0.9736 0.2196
Y 0.8729 0.1593 0.4611
Z -0.4839 0.1633 0.8597

PART 4
OFFSET 6.2061 -3.1050 -3.3894
SCALE 1 1 1
X 1.0000 0.0000 0.0000
Y 0.0000 1.0000 0.0000
Z 0.0000 -0.0000 1.0000

PART 5
OFFSET 1.6245 4.2672 -6.2573
SCALE 1 1 1
X 0.4022 0.1675 -0.9001
Y 0.6406 -0.7539 0.1459
Z -0.6542 -0.6353 -0.4105

PART 6
OFFSET 6.4883 6.2935 -17.1431
SCALE 1 1 1
X 0.6066 0.0675 0.7922
Y -0.7647 -0.2232 0.6045
Z 0.2177 -0.9724 -0.0838

PART 7
OFFSET 11.6474 6.8681 -10.4055
SCALE 1 1 1
X 0.6066 0.0675 0.7922
Y -0.3882 0.8947 0.2210
Z -0.6938 -0.4415 0.5689

PART 8
OFFSET 12.6145 8.9027 -9.5565
SCALE 1 1 1
X 0.6105 0.0716 0.7888
Y -0.2084 0.9753 0.0728
Z -0.7641 -0.2088 0.6104

PART 9
OFFSET 13.3816 6.5067 -10.4223
SCALE 1 1 1
X 0.6105 0.0716 0.7888
Y -0.2084 0.9753 0.0728
Z -0.7641 -0.2088 0.6104

PART 10
OFFSET 11.4336 8.1301 -7.9267
SCALE 1 1 1
X 0.6105 0.0716 0.7888
Y -0.2084 0.9753 0.0728
Z -0.7641 -0.2088 0.6104

PART 11
OFFSET 11.7039 6.5096 -8.1213
SCALE 1 1 1
X 0.6105 0.0716 0.7888
Y -0.2084 0.9753 0.0728
Z -0.7641 -0.2088 0.6104

PART 12
OFFSET 11.9755 5.0524 -8.6861
SCALE 1 1 1
X 0.6105 0.0716 0.7888
Y -0.2084 0.9753 0.0728
Z -0.7641 -0.2088 0.6104

PART 13
OFFSET 13.5069 7.0751 -7.9770
SCALE 1 1 1
X 0.6220 0.3696 0.6903
Y -0.5433 0.8386 0.0406
Z -0.5638 -0.4002 0.7224

PART 14
OFFSET 13.0309 7.8863 -7.3307
SCALE 1 1 1
X -0.0344 0.3738 0.9269
Y -0.7791 0.5709 -0.2592
Z -0.6260 -0.7310 0.2716

PART 15
OFFSET 12.8440 8.7093 -5.3414
SCALE 1 1 1
X 0.0279 0.4625 0.8862
Y -0.9075 0.3834 -0.1716
Z -0.4192 -0.7994 0.4304

PART 16
OFFSET 12.8962 9.3435 -3.8523
SCALE 1 1 1
X -0.3646 0.4961 0.7880
Y -0.8007 0.2650 -0.5373
Z -0.4754 -0.8268 0.3006

PART 17
OFFSET 12.4665 9.8467 -2.9955
SCALE 1 1 1
X -0.1288 0.9519 0.2779
Y 0.8112 0.2623 -0.5226
Z -0.5704 0.1581 -0.8060

PART 18
OFFSET 14.5010 6.4091 -7.2903
SCALE 1 1 1
X 0.7959 -0.1928 0.5738
Y -0.5921 -0.4453 0.6717
Z 0.1260 -0.8744 -0.4686

PART 19
OFFSET 16.1984 6.0486 -5.8504
SCALE 1 1 1
X -0.1169 -0.3486 0.9300
Y -0.9380 -0.2688 -0.2187
Z 0.3262 -0.8979 -0.2956

PART 20
OFFSET 16.0329 5.5551 -4.5338
SCALE 1 1 1
X -0.8054 -0.4170 0.4212
Y -0.4835 0.0513 -0.8738
Z 0.3427 -0.9075 -0.2429

PART 21
OFFSET 15.3188 5.1854 -4.1603
SCALE 1 1 1
X -0.9450 -0.3262 -0.0214
Y -0.0801 0.2945 -0.9523
Z 0.3170 -0.8982 -0.3045

PART 22
OFFSET 14.4210 4.8754 -4.1806
SCALE 1 1 1
X 0.7273 0.1946 0.6582
Y 0.5877 0.3188 -0.7436
Z -0.3545 0.9277 0.1175

PART 23
OFFSET 14.3555 7.1036 -7.2124
SCALE 1 1 1
X 0.7554 0.0918 0.6488
Y -0.5521 -0.4442 0.7056
Z 0.3529 -0.8912 -0.2848

PART 24
OFFSET 16.3807 7.2193 -5.5864
SCALE 1 1 1
X -0.0351 -0.2772 0.9602
Y -0.9359 -0.3278 -0.1288
Z 0.3504 -0.9032 -0.2480

PART 25
OFFSET 16.3210 6.7473 -3.9517
SCALE 1 1 1
X -0.8823 -0.4056 0.2388
Y -0.3065 0.1099 -0.9455
Z 0.3572 -0.9074 -0.2213

PART 26
OFFSET 15.0982 6.1852 -3.6207
SCALE 1 1 1
X -0.9249 -0.3789 0.0326
Y -0.1137 0.1938 -0.9744
Z 0.3629 -0.9049 -0.2223

PART 27
OFFSET 14.0951 5.7743 -3.5854
SCALE 1 1 1
X 0.8406 0.1552 0.5190
Y 0.4214 0.4146 -0.8065
Z -0.3404 0.8967 0.2831

PART 28
OFFSET 14.2596 9.3315 -5.3975
SCALE 1 1 1
X 0.5336 0.0743 0.8425
Y 0.6986 0.5228 -0.4885
Z -0.4768 0.8492 0.2271

PART 29
OFFSET 15.7304 9.2966 -5.5252
SCALE 1 1 1
X 0.3282 -0.0030 0.9446
Y -0.7829 -0.5605 0.2702
Z 0.5286 -0.8282 -0.1863

PART 30
OFFSET 16.3083 9.2912 -3.8621
SCALE 1 1 1
X -0.6703 -0.5931 0.4459
Y -0.4768 -0.1161 -0.8713
Z 0.5686 -0.7967 -0.2050

PART 31
OFFSET 15.4588 8.6185 -3.3076
SCALE 1 1 1
X -0.8568 -0.5146 -0.0320
Y -0.0715 0.1799 -0.9811
Z 0.5107 -0.8383 -0.1910

PART 32
OFFSET 14.4910 8.0372 -3.3437
SCALE 1 1 1
X 0.4871 -0.2307 0.8423
Y 0.7199 0.6522 -0.2376
Z -0.4945 0.7221 0.4837

PART 33
OFFSET 16.1523 8.2756 -5.5132
SCALE 1 1 1
X 0.0219 -0.0752 0.9969
Y -0.8550 -0.5182 -0.0203
Z 0.5181 -0.8519 -0.0757

PART 34
OFFSET 16.1951 8.1287 -3.5657
SCALE 1 1 1
X -0.8517 -0.5132 0.1065
Y -0.1503 0.0446 -0.9876
Z 0.5021 -0.8571 -0.1151

PART 35
OFFSET 14.9512 7.3792 -3.4102
SCALE 1 1 1
X -0.8299 -0.5390 0.1439
Y -0.2122 0.0664 -0.9750
Z 0.5160 -0.8397 -0.1695

PART 36
OFFSET 14.0150 6.7627 -3.2477
SCALE 1 1 1
X 0.7389 0.4245 0.5232
Y 0.4093 0.3341 -0.8490
Z -0.5353 0.8415 0.0731

PART 37
OFFSET 14.4000 2.3493 -7.4479
SCALE 1 1 1
X -0.0183 0.8963 0.4431
Y -0.9040 0.1745 -0.3903
Z -0.4271 -0.4077 0.8071

PART 38
OFFSET 4.1297 -14.1858 -2.9073
SCALE 1 1 1
X -0.5353 0.3493 0.7690
Y 0.2904 -0.7788 0.5559
Z 0.7931 0.5210 0.3155

PART 39
OFFSET 10.6040 -18.4103 -12.2078
SCALE 1 1 1
X -0.5601 -0.8269 0.0499
Y 0.5083 -0.3906 -0.7675
Z 0.6542 -0.4045 0.6391

PART 40
OFFSET 15.3676 -11.3768 -12.6318
SCALE 1 1 1
X -0.5601 -0.8269 0.0499
Y 0.4237 -0.3376 -0.8405
Z 0.7119 -0.4496 0.5395

PART 41
OFFSET 15.0546 -9.4408 -12.8825
SCALE 1 1 1
X -0.5649 -0.8235 0.0527
Y -0.6598 0.4124 -0.6282
Z 0.4956 -0.3896 -0.7763

PART 42
OFFSET 15.2073 -9.0124 -11.7647
SCALE 1 1 1
X -0.5649 -0.8235 0.0527
Y -0.6598 0.4124 -0.6282
Z 0.4956 -0.3896 -0.7763

PART 43
OFFSET 16.2058 -9.5266 -11.0717
SCALE 1 1 1
X -0.5649 -0.8235 0.0527
Y -0.6598 0.4124 -0.6282
Z 0.4956 -0.3896 -0.7763

PART 44
OFFSET 17.0846 -8.8416 -12.7847
SCALE 1 1 1
X 0.1891 -0.9799 -0.0640
Y 0.4028 0.1368 -0.9050
Z 0.8955 0.1454 0.4206

PART 45
OFFSET 16.2431 -8.5926 -12.0552
SCALE 1 1 1
X 0.7484 -0.6095 0.2615
Y 0.4089 0.1137 -0.9055
Z 0.5221 0.7846 0.3343

PART 46
OFFSET 14.5582 -7.3324 -12.5477
SCALE 1 1 1
X 0.0501 -0.6749 0.7362
Y 0.8702 -0.3323 -0.3638
Z 0.4902 0.6589 0.5706

PART 47
OFFSET 14.4744 -6.3365 -13.8219
SCALE 1 1 1
X -0.2055 -0.4022 0.8922
Y 0.8206 -0.5675 -0.0668
Z 0.5332 0.7184 0.4467

PART 48
OFFSET 14.6583 -5.9247 -14.8060
SCALE 1 1 1
X -0.3251 -0.8753 0.3579
Y -0.5319 -0.1436 -0.8345
Z 0.7819 -0.4617 -0.4189

PART 49
OFFSET 17.1749 -7.8953 -13.7846
SCALE 1 1 1
X -0.0364 -0.8753 0.4822
Y 0.8702 0.2095 0.4460
Z -0.4914 0.4359 0.7540

PART 50
OFFSET 17.0785 -5.8909 -14.8130
SCALE 1 1 1
X 0.6913 -0.3050 0.6550
Y 0.6586 0.6390 -0.3975
Z -0.2973 0.7062 0.6426

PART 51
OFFSET 16.0997 -5.4591 -15.7404
SCALE 1 1 1
X 0.9079 0.4171 -0.0419
Y -0.3137 0.6096 -0.7280
Z -0.2781 0.6741 0.6843

PART 52
OFFSET 15.2948 -5.8289 -15.7032
SCALE 1 1 1
X 0.7045 0.6174 -0.3499
Y -0.6400 0.3398 -0.6892
Z -0.3066 0.7095 0.6345

PART 53
OFFSET 14.6254 -6.4155 -15.3707
SCALE 1 1 1
X -0.0928 -0.7881 0.6085
Y -0.9753 -0.0511 -0.2149
Z 0.2005 -0.6134 -0.7639

PART 54
OFFSET 16.9907 -7.7504 -13.1103
SCALE 1 1 1
X 0.0617 -0.9736 0.2196
Y 0.8729 0.1593 0.4611
Z -0.4839 0.1633 0.8597

PART 55
OFFSET 16.9218 -5.2442 -13.7978
SCALE 1 1 1
X 0.8332 -0.1715 0.5256
Y 0.4396 0.7822 -0.4416
Z -0.3354 0.5990 0.7271

PART 56
OFFSET 15.5032 -4.9523 -14.6927
SCALE 1 1 1
X 0.7521 0.6339 -0.1803
Y -0.5779 0.5028 -0.6428
Z -0.3169 0.5876 0.7445

PART 57
OFFSET 14.4609 -5.8309 -14.4428
SCALE 1 1 1
X 0.1422 0.8085 -0.5711
Y -0.9362 -0.0775 -0.3427
Z -0.3213 0.5834 0.7459

PART 58
OFFSET 14.3067 -6.7077 -13.8234
SCALE 1 1 1
X 0.4025 -0.5894 0.7004
Y -0.8338 -0.5518 0.0148
Z 0.3777 -0.5900 -0.7136

PART 59
OFFSET 18.0111 -12.9575 -12.0602
SCALE 1 1 1
X 0.3491 -0.9080 0.2318
Y -0.7855 -0.4184 -0.4560
Z 0.5111 -0.0229 -0.8592

PART 60
OFFSET 16.3767 -5.0727 -11.6965
SCALE 1 1 1
X 0.0807 -0.9966 0.0167
Y 0.8665 0.0784 0.4929
Z -0.4925 -0.0253 0.8699

PART 61
OFFSET 16.2346 -3.3180 -11.7259
SCALE 1 1 1
X 0.4774 -0.8326 0.2809
Y 0.6940 0.5533 0.4607
Z -0.5390 -0.0249 0.8419

PART 62
OFFSET 15.6216 -2.3074 -12.0163
SCALE 1 1 1
X 0.8298 -0.3434 0.4399
Y 0.2667 0.9365 0.2279
Z -0.4902 -0.0718 0.8687

PART 63
OFFSET 14.6843 -1.9195 -12.5132
SCALE 1 1 1
X -0.6488 -0.7538 -0.1046
Y -0.6387 0.6141 -0.4637
Z 0.4137 -0.2340 -0.8798

PART 64
OFFSET 16.6732 -5.0548 -12.7606
SCALE 1 1 1
X 0.6769 -0.6679 0.3095
Y 0.5918 0.7438 0.3107
Z -0.4377 -0.0271 0.8987

PART 65
OFFSET 15.3509 -3.7501 -13.3652
SCALE 1 1 1
X 0.7098 0.6094 0.3532
Y -0.5388 0.7928 -0.2849
Z -0.4537 0.0119 0.8911

PART 66
OFFSET 14.3140 -4.6402 -13.8812
SCALE 1 1 1
X 0.3320 0.9310 0.1518
Y -0.7998 0.3632 -0.4779
Z -0.5000 0.0373 0.8652

PART 67
OFFSET 13.9410 -5.6946 -14.0595
SCALE 1 1 1
X 0.2882 -0.9482 0.1335
Y -0.8608 -0.3177 -0.3976
Z 0.4194 -0.0004 -0.9078

PART 68
OFFSET 0.0000 0.0000 0.0000
SCALE 1 1 1
X 1.0000 0.0000 0.0000
Y 0.0000 1.0000 0.0000
Z 0.0000 0.0000 1.0000

PART 69
OFFSET 0.0000 -0.0372 0.0602
SCALE 1 1 1
X 0.9998 0.0200 0.0000
Y -0.0200 0.9998 0.0000
Z 0.0000 0.0000 1.0000

PART 70
OFFSET 1.5401 -0.0064 4.1960
SCALE 1 1 1
X 0.9998 0.0200 0.0000
Y -0.0200 0.9998 0.0000
Z 0.0000 0.0000 1.0000

PART 71
OFFSET 14.4000 2.3493 -7.4479
SCALE 1 1 1
X -0.0183 0.8963 0.4431
Y -0.9040 0.1745 -0.3903
Z -0.4271 -0.4077 0.8071

PART 72
OFFSET 16.2826 1.8750 -10.4625
SCALE 1 1 1
X 0.5571 -0.3798 0.7385
Y -0.0351 0.8777 0.4779
Z -0.8297 -0.2921 0.4757

PART 73
OFFSET 15.5709 1.3393 -5.9732
SCALE 1 1 1
X -0.0270 0.8878 0.4595
Y -0.9040 0.1745 -0.3903
Z -0.4267 -0.4259 0.7978

PART 74
OFFSET 13.2418 26.6931 6.1206
SCALE 1 1 1
X -0.0183 0.8963 0.4431
Y -0.9040 0.1745 -0.3903
Z -0.4271 -0.4077 0.8071

PART 75
OFFSET 14.1672 -1.3466 -8.5885
SCALE 1 1 1
X -0.0466 0.8751 0.4817
Y -0.9200 0.1502 -0.3620
Z -0.3891 -0.4600 0.7981

PART 76
OFFSET 14.2467 -1.3369 -8.6559
SCALE 1 1 1
X -0.0183 0.8963 0.4431
Y -0.9040 0.1745 -0.3903
Z -0.4271 -0.4077 0.8071

PART 77
OFFSET 13.4736 -3.2225 -8.9961
SCALE 1 1 1
X -0.0183 0.8963 0.4431
Y -0.9040 0.1745 -0.3903
Z -0.4271 -0.4077 0.8071

PART 78
OFFSET 13.8395 23.3900 3.2591
SCALE 1 1 1
X -0.0270 0.8878 0.4595
Y -0.9040 0.1745 -0.3903
Z -0.4267 -0.4259 0.7978

PART 79
OFFSET 13.2254 27.4959 6.5175
SCALE 1 1 1
X -0.0270 0.8878 0.4595
Y -0.9040 0.1745 -0.3903
Z -0.4267 -0.4259 0.7978


FRAME 607
PART 0
OFFSET 14.6127 6.4586 -7.6667
SCALE 1 1 1
X 0.7722 0.0377 0.6343
Y -0.5680 -0.4063 0.7157
Z 0.2847 -0.9130 -0.2924

PART 1
OFFSET 14.6127 6.4586 -7.6667
SCALE 1 1 1
X 0.7722 0.0377 0.6343
Y -0.5680 -0.4063 0.7157
Z 0.2847 -0.9130 -0.2924

PART 2
OFFSET 16.0963 -8.5293 -13.6277
SCALE 1 1 1
X -0.0020 -0.9761 0.2175
Y 0.8905 0.0972 0.4444
Z -0.4549 0.1945 0.8690

PART 3
OFFSET 16.0963 -8.5293 -13.6277
SCALE 1 1 1
X -0.0020 -0.9761 0.2175
Y 0.8905 0.0972 0.4444
Z -0.4549 0.1945 0.8690

PART 4
OFFSET 6.2061 -3.1050 -3.3894
SCALE 1 1 1
X 1.0000 0.0000 0.0000
Y 0.0000 1.0000 0.0000
Z 0.0000 -0.0000 1.0000

PART 5
OFFSET 1.6245 4.2672 -6.2573
SCALE 1 1 1
X 0.3816 0.1817 -0.9063
Y 0.5989 -0.7955 0.0927
Z -0.7041 -0.5781 -0.4124

PART 6
OFFSET 6.2398 6.4648 -17.2178
SCALE 1 1 1
X 0.6490 0.0022 0.7608
Y -0.7445 -0.2036 0.6358
Z 0.1563 -0.9790 -0.1305

PART 7
OFFSET 11.7600 6.4840 -10.7472
SCALE 1 1 1
X 0.6490 0.0022 0.7608
Y -0.2958 0.9220 0.2497
Z -0.7009 -0.3871 0.5991

PART 8
OFFSET 12.8768 8.4324 -9.8699
SCALE 1 1 1
X 0.6530 0.0062 0.7573
Y -0.1475 0.9819 0.1192
Z -0.7428 -0.1895 0.6421

PART 9
OFFSET 13.4672 6.0269 -10.8692
SCALE 1 1 1
X 0.6530 0.0062 0.7573
Y -0.1475 0.9819 0.1192
Z -0.7428 -0.1895 0.6421

PART 10
OFFSET 11.7491 7.6679 -8.2187
SCALE 1 1 1
X 0.6530 0.0062 0.7573
Y -0.1475 0.9819 0.1192
Z -0.7428 -0.1895 0.6421

PART 11
OFFSET 11.9119 6.0334 -8.4837
SCALE 1 1 1
X 0.6530 0.0062 0.7573
Y -0.1475 0.9819 0.1192
Z -0.7428 -0.1895 0.6421

PART 12
OFFSET 12.0546 4.5498 -9.1020
SCALE 1 1 1
X 0.6530 0.0062 0.7573
Y -0.1475 0.9819 0.1192
Z -0.7428 -0.1895 0.6421

PART 13
OFFSET 13.7497 6.4909 -8.4149
SCALE 1 1 1
X 0.6593 0.3240 0.6785
Y -0.4828 0.8742 0.0517
Z -0.5764 -0.3617 0.7327

PART 14
OFFSET 13.3436 7.3317 -7.7589
SCALE 1 1 1
X 0.0093 0.3732 0.9277
Y -0.7423 0.6242 -0.2437
Z -0.6700 -0.6864 0.2829

PART 15
OFFSET 13.2524 8.1612 -5.7656
SCALE 1 1 1
X 0.0768 0.4575 0.8859
Y -0.8818 0.4459 -0.1538
Z -0.4654 -0.7693 0.4376

PART 16
OFFSET 13.3769 8.7869 -4.2772
SCALE 1 1 1
X -0.3141 0.5185 0.7953
Y -0.7905 0.3212 -0.5216
Z -0.5258 -0.7925 0.3089

PART 17
OFFSET 12.9997 9.3168 -3.4119
SCALE 1 1 1
X -0.0570 0.9580 0.2812
Y 0.8174 0.2065 -0.5378
Z -0.5733 0.1992 -0.7948

PART 18
OFFSET 14.7081 5.7559 -7.7480
SCALE 1 1 1
X 0.7914 -0.2489 0.5583
Y -0.6087 -0.4046 0.6825
Z 0.0560 -0.8800 -0.4717

PART 19
OFFSET 16.4035 5.2751 -6.3413
SCALE 1 1 1
X -0.1231 -0.3417 0.9317
Y -0.9584 -0.2025 -0.2009
Z 0.2573 -0.9177 -0.3026

PART 20
OFFSET 16.2292 4.7913 -5.0222
SCALE 1 1 1
X -0.8243 -0.3610 0.4362
Y -0.4954 0.0867 -0.8643
Z 0.2742 -0.9285 -0.2503

PART 21
OFFSET 15.4984 4.4712 -4.6354
SCALE 1 1 1
X -0.9657 -0.2598 -0.0035
Y -0.0776 0.3015 -0.9503
Z 0.2479 -0.9174 -0.3113

PART 22
OFFSET 14.5810 4.2244 -4.6388
SCALE 1 1 1
X 0.7515 0.1421 0.6443
Y 0.5941 0.2788 -0.7545
Z -0.2869 0.9498 0.1251

PART 23
OFFSET 14.6127 6.4586 -7.6667
SCALE 1 1 1
X 0.7722 0.0377 0.6343
Y -0.5680 -0.4063 0.7157
Z 0.2847 -0.9130 -0.2924

PART 24
OFFSET 16.6716 6.4297 -6.0798
SCALE 1 1 1
X -0.0359 -0.2763 0.9604
Y -0.9587 -0.2617 -0.1111
Z 0.2820 -0.9248 -0.2555

PART 25
OFFSET 16.6105 5.9593 -4.4447
SCALE 1 1 1
X -0.9036 -0.3439 0.2553
Y -0.3161 0.1330 -0.9394
Z 0.2890 -0.9296 -0.2289

PART 26
OFFSET 15.3581 5.4828 -4.0908
SCALE 1 1 1
X -0.9482 -0.3138 0.0500
Y -0.1185 0.2034 -0.9719
Z 0.2948 -0.9274 -0.2301

PART 27
OFFSET 14.3298 5.1425 -4.0366
SCALE 1 1 1
X 0.8591 0.0953 0.5029
Y 0.4337 0.3862 -0.8141
Z -0.2718 0.9175 0.2904

PART 28
OFFSET 14.7064 8.6837 -5.8482
SCALE 1 1 1
X 0.5534 0.0352 0.8322
Y 0.7238 0.4741 -0.5013
Z -0.4122 0.8797 0.2369

PART 29
OFFSET 16.1686 8.5470 -6.0042
SCALE 1 1 1
X 0.3452 -0.0279 0.9381
Y -0.8146 -0.5053 0.2847
Z 0.4661 -0.8625 -0.1972

PART 30
OFFSET 16.7763 8.4978 -4.3525
SCALE 1 1 1
X -0.7013 -0.5462 0.4581
Y -0.5003 -0.0808 -0.8621
Z 0.5078 -0.8338 -0.2166

PART 31
OFFSET 15.8929 7.8845 -3.7824
SCALE 1 1 1
X -0.8910 -0.4538 -0.0160
Y -0.0775 0.1867 -0.9794
Z 0.4474 -0.8713 -0.2015

PART 32
OFFSET 14.8865 7.3719 -3.8004
SCALE 1 1 1
X 0.4859 -0.2659 0.8326
Y 0.7588 0.6011 -0.2508
Z -0.4338 0.7536 0.4938

PART 33
OFFSET 16.5187 7.4992 -6.0013
SCALE 1 1 1
X 0.0356 -0.0788 0.9963
Y -0.8892 -0.4575 -0.0044
Z 0.4561 -0.8857 -0.0864

PART 34
OFFSET 16.5883 7.3453 -4.0550
SCALE 1 1 1
X -0.8831 -0.4530 0.1223
Y -0.1657 0.0571 -0.9845
Z 0.4390 -0.8897 -0.1255

PART 35
OFFSET 15.2985 6.6836 -3.8764
SCALE 1 1 1
X -0.8625 -0.4804 0.1593
Y -0.2256 0.0832 -0.9707
Z 0.4530 -0.8731 -0.1801

PART 36
OFFSET 14.3250 6.1333 -3.6966
SCALE 1 1 1
X 0.7765 0.3710 0.5094
Y 0.4152 0.3068 -0.8564
Z -0.4740 0.8765 0.0841

PART 37
OFFSET 14.3222 1.7132 -7.9074
SCALE 1 1 1
X 0.0525 0.8944 0.4442
Y -0.8970 0.2378 -0.3727
Z -0.4390 -0.3788 0.8147

PART 38
OFFSET 4.1297 -14.1858 -2.9073
SCALE 1 1 1
X -0.4614 0.4158 0.7837
Y 0.2986 -0.7591 0.5785
Z 0.8354 0.5009 0.2261

PART 39
OFFSET 9.7096 -19.2141 -12.3859
SCALE 1 1 1
X -0.5540 -0.8287 0.0794
Y 0.4763 -0.3938 -0.7861
Z 0.6828 -0.3977 0.6129

PART 40
OFFSET 14.4219 -12.1656 -13.0614
SCALE 1 1 1
X -0.5540 -0.8287 0.0794
Y 0.3894 -0.3423 -0.8551
Z 0.7358 -0.4428 0.5124

PART 41
OFFSET 14.0905 -10.2326 -13.3108
SCALE 1 1 1
X -0.5587 -0.8252 0.0824
Y -0.6880 0.4057 -0.6018
Z 0.4632 -0.3929 -0.7944

PART 42
OFFSET 14.2892 -9.7959 -12.2036
SCALE 1 1 1
X -0.5587 -0.8252 0.0824
Y -0.6880 0.4057 -0.6018
Z 0.4632 -0.3929 -0.7944

PART 43
OFFSET 15.3189 -10.3017 -11.5513
SCALE 1 1 1
X -0.5587 -0.8252 0.0824
Y -0.6880 0.4057 -0.6018
Z 0.4632 -0.3929 -0.7944

PART 44
OFFSET 16.1204 -9.6251 -13.3049
SCALE 1 1 1
X 0.1193 -0.9905 -0.0685
Y 0.3940 0.1106 -0.9124
Z 0.9113 0.0819 0.4034

PART 45
OFFSET 15.3123 -9.3198 -12.5593
SCALE 1 1 1
X 0.7091 -0.6606 0.2465
Y 0.3985 0.0870 -0.9130
Z 0.5817 0.7457 0.3249

PART 46
OFFSET 13.7099 -7.9445 -13.0182
SCALE 1 1 1
X 0.0171 -0.6784 0.7345
Y 0.8379 -0.3911 -0.3807
Z 0.5456 0.6219 0.5617

PART 47
OFFSET 13.6712 -6.9424 -14.2896
SCALE 1 1 1
X -0.2159 -0.3890 0.8956
Y 0.7778 -0.6230 -0.0831
Z 0.5903 0.6786 0.4371

PART 48
OFFSET 13.8645 -6.5422 -15.2766
SCALE 1 1 1
X -0.3783 -0.8515 0.3632
Y -0.5565 -0.1044 -0.8243
Z 0.7398 -0.5139 -0.4343

PART 49
OFFSET 16.2571 -8.6851 -14.3055
SCALE 1 1 1
X -0.0880 -0.8717 0.4821
Y 0.8910 0.1476 0.4294
Z -0.4455 0.4673 0.7637

PART 50
OFFSET 16.2806 -6.6765 -15.3301
SCALE 1 1 1
X 0.6808 -0.3537 0.6414
Y 0.6937 0.5926 -0.4095
Z -0.2352 0.7237 0.6488

PART 51
OFFSET 15.3167 -6.1757 -16.2381
SCALE 1 1 1
X 0.9337 0.3531 -0.0589
Y -0.2844 0.6315 -0.7213
Z -0.2175 0.6903 0.6901

PART 52
OFFSET 14.4888 -6.4888 -16.1858
SCALE 1 1 1
X 0.7389 0.5678 -0.3628
Y -0.6279 0.3849 -0.6764
Z -0.2444 0.7276 0.6409

PART 53
OFFSET 13.7868 -7.0282 -15.8411
SCALE 1 1 1
X -0.1357 -0.7811 0.6094
Y -0.9804 0.0172 -0.1962
Z 0.1428 -0.6241 -0.7682

PART 54
OFFSET 16.0963 -8.5293 -13.6277
SCALE 1 1 1
X -0.0020 -0.9761 0.2175
Y 0.8905 0.0972 0.4444
Z -0.4549 0.1945 0.8690

PART 55
OFFSET 16.1886 -6.0228 -14.3114
SCALE 1 1 1
X 0.8292 -0.2301 0.5094
Y 0.4843 0.7507 -0.4492
Z -0.2791 0.6192 0.7340

PART 56
OFFSET 14.7769 -5.6310 -15.1787
SCALE 1 1 1
X 0.7907 0.5806 -0.1941
Y -0.5537 0.5432 -0.6311
Z -0.2610 0.6065 0.7510

PART 57
OFFSET 13.6810 -6.4357 -14.9097
SCALE 1 1 1
X 0.1871 0.7979 -0.5730
Y -0.9457 -0.0115 -0.3247
Z -0.2657 0.6027 0.7525

PART 58
OFFSET 13.4781 -7.3010 -14.2882
SCALE 1 1 1
X 0.3739 -0.6175 0.6920
Y -0.8697 -0.4926 0.0303
Z 0.3221 -0.6132 -0.7213

PART 59
OFFSET 16.7723 -13.7971 -12.6022
SCALE 1 1 1
X 0.2895 -0.9306 0.2242
Y -0.8212 -0.3618 -0.4413
Z 0.4917 -0.0564 -0.8689

PART 60
OFFSET 15.6970 -5.8186 -12.2000
SCALE 1 1 1
X 0.0115 -0.9998 0.0142
Y 0.8791 0.0169 0.4763
Z -0.4764 0.0070 0.8792

PART 61
OFFSET 15.6766 -4.0582 -12.2250
SCALE 1 1 1
X 0.4236 -0.8644 0.2710
Y 0.7394 0.5027 0.4478
Z -0.5233 0.0107 0.8521

PART 62
