// Export filename: `C:/cod5/cod/cod5/xanim_export/viewmodel/US/m1garand/m1garand_aperture_ADS_up_.XANIM_EXPORT`
// Source filename: `C:/cod5/cod/cod5/animation_assets/viewmodel/US/m1_garand/viewmodelanimation_m1garand_aperature.mb`
// Export time: Sun Apr 20 14:24:23 2008

ANIMATION
VERSION 3

NUMPARTS 2
PART 0 "tag_view"
PART 1 "tag_torso"

FRAMERATE 24
NUMFRAMES 11

FRAME 11
PART 0
OFFSET 0.0000 0.0000 0.0000
SCALE 1 1 1
X 1.0000 0.0000 0.0000
Y 0.0000 1.0000 0.0000
Z 0.0000 0.0000 1.0000

PART 1
OFFSET 6.2061 -3.1050 -3.3894
SCALE 1 1 1
X 1.0000 0.0000 0.0000
Y 0.0000 1.0000 0.0000
Z 0.0000 -0.0000 1.0000


FRAME 12
PART 0
OFFSET 0.0000 0.0000 0.0000
SCALE 1 1 1
X 1.0000 0.0000 0.0000
Y 0.0000 1.0000 0.0000
Z 0.0000 0.0000 1.0000

PART 1
OFFSET 5.9059 -2.9387 -3.2242
SCALE 1 1 1
X 0.9998 0.0153 -0.0130
Y -0.0158 0.9993 -0.0339
Z 0.0125 0.0341 0.9993


FRAME 13
PART 0
OFFSET 0.0000 0.0000 0.0000
SCALE 1 1 1
X 1.0000 0.0000 0.0000
Y 0.0000 1.0000 0.0000
Z 0.0000 0.0000 1.0000

PART 1
OFFSET 5.7063 -2.5137 -2.8020
SCALE 1 1 1
X 0.9991 0.0322 -0.0286
Y -0.0342 0.9968 -0.0727
Z 0.0261 0.0736 0.9969


FRAME 14
PART 0
OFFSET 0.0000 0.0000 0.0000
SCALE 1 1 1
X 1.0000 0.0000 0.0000
Y 0.0000 1.0000 0.0000
Z 0.0000 0.0000 1.0000

PART 1
OFFSET 5.4372 -1.9409 -2.2330
SCALE 1 1 1
X 0.9979 0.0475 -0.0437
Y -0.0520 0.9927 -0.1086
Z 0.0382 0.1106 0.9931


FRAME 15
PART 0
OFFSET 0.0000 0.0000 0.0000
SCALE 1 1 1
X 1.0000 0.0000 0.0000
Y 0.0000 1.0000 0.0000
Z 0.0000 0.0000 1.0000

PART 1
OFFSET 5.1507 -1.3312 -1.7741
SCALE 1 1 1
X 0.9968 0.0584 -0.0552
Y -0.0654 0.9888 -0.1340
Z 0.0467 0.1372 0.9894


FRAME 16
PART 0
OFFSET 0.0000 0.0000 0.0000
SCALE 1 1 1
X 1.0000 0.0000 0.0000
Y 0.0000 1.0000 0.0000
Z 0.0000 0.0000 1.0000

PART 1
OFFSET 4.8990 -0.7954 -1.6089
SCALE 1 1 1
X 0.9963 0.0624 -0.0594
Y -0.0703 0.9874 -0.1418
Z 0.0498 0.1455 0.9881


FRAME 17
PART 0
OFFSET 0.0000 0.0000 0.0000
SCALE 1 1 1
X 1.0000 0.0000 0.0000
Y 0.0000 1.0000 0.0000
Z 0.0000 0.0000 1.0000

PART 1
OFFSET 4.5370 -0.6151 -1.4123
SCALE 1 1 1
X 0.9969 0.0578 -0.0542
Y -0.0643 0.9898 -0.1272
Z 0.0463 0.1302 0.9904


FRAME 18
PART 0
OFFSET 0.0000 0.0000 0.0000
SCALE 1 1 1
X 1.0000 0.0000 0.0000
Y 0.0000 1.0000 0.0000
Z 0.0000 0.0000 1.0000

PART 1
OFFSET 4.2016 -0.4682 -1.2497
SCALE 1 1 1
X 0.9981 0.0462 -0.0419
Y -0.0500 0.9942 -0.0948
Z 0.0373 0.0967 0.9946


FRAME 19
PART 0
OFFSET 0.0000 0.0000 0.0000
SCALE 1 1 1
X 1.0000 0.0000 0.0000
Y 0.0000 1.0000 0.0000
Z 0.0000 0.0000 1.0000

PART 1
OFFSET 3.9440 -0.4093 -1.1562
SCALE 1 1 1
X 0.9983 0.0267 -0.0515
Y -0.0297 0.9978 -0.0585
Z 0.0498 0.0599 0.9970


FRAME 20
PART 0
OFFSET 0.0000 0.0000 0.0000
SCALE 1 1 1
X 1.0000 0.0000 0.0000
Y 0.0000 1.0000 0.0000
Z 0.0000 0.0000 1.0000

PART 1
OFFSET 3.7125 -0.3685 -1.0784
SCALE 1 1 1
X 0.9975 0.0082 -0.0703
Y -0.0098 0.9997 -0.0223
Z 0.0701 0.0230 0.9973


FRAME 21
PART 0
OFFSET 0.0000 0.0000 0.0000
SCALE 1 1 1
X 1.0000 0.0000 0.0000
Y 0.0000 1.0000 0.0000
Z 0.0000 0.0000 1.0000

PART 1
OFFSET 3.6644 -0.3533 -1.0459
SCALE 1 1 1
X 0.9969 0.0001 -0.0787
Y -0.0001 1.0000 0.0000
Z 0.0787 0.0000 0.9969


NOTETRACKS

PART 0
NUMTRACKS 0

PART 1
NUMTRACKS 0

