// Export filename: `C:/cod5/cod/cod5/xanim_export/viewmodel/US/m1garand/m1garand_lastfire.XANIM_EXPORT`
// Source filename: `C:/cod5/cod/cod5/animation_assets/viewmodel/US/m1_garand/viewmodelanimation_m1garand.mb`
// Export time: Tue Aug 26 01:44:09 2008

ANIMATION
VERSION 3

NUMPARTS 92
PART 0 "RingPalm_FK_LE"
PART 1 "RingPalm_SDK_LE"
PART 2 "RingPalm_FK_RI"
PART 3 "RingPalm_SDK_RI"
PART 4 "tag_torso"
PART 5 "J_Shoulder_LE"
PART 6 "J_Elbow_LE"
PART 7 "J_WristTwist_LE"
PART 8 "J_Sleave_Reshape_Bottom_LE_1"
PART 9 "J_Sleave_Reshape_Bottom_LE_2"
PART 10 "J_Sleave_Reshape_Top_LE_1"
PART 11 "J_Sleave_Reshape_Top_LE_2"
PART 12 "J_Sleave_Reshape_Top_LE_3"
PART 13 "J_Wrist_LE"
PART 14 "J_Thumb_LE_0"
PART 15 "J_Thumb_LE_1"
PART 16 "J_Thumb_LE_2"
PART 17 "J_Thumb_LE_3"
PART 18 "J_PinkyPalm_LE"
PART 19 "J_Pinky_LE_0"
PART 20 "J_Pinky_LE_1"
PART 21 "J_Pinky_LE_2"
PART 22 "J_Pinky_LE_3"
PART 23 "J_RingPalm_LE"
PART 24 "J_Ring_LE_0"
PART 25 "J_Ring_LE_1"
PART 26 "J_Ring_LE_2"
PART 27 "J_Ring_LE_3"
PART 28 "J_Webbing_LE"
PART 29 "J_Index_LE_0"
PART 30 "J_Index_LE_1"
PART 31 "J_Index_LE_2"
PART 32 "J_Index_LE_3"
PART 33 "J_Mid_LE_0"
PART 34 "J_Mid_LE_1"
PART 35 "J_Mid_LE_2"
PART 36 "J_Mid_LE_3"
PART 37 "D_Sleave_Reshape_Bottom_LE_1"
PART 38 "D_Sleave_Reshape_Bottom_LE_2"
PART 39 "D_Sleave_Reshape_Top_LE_1"
PART 40 "D_Sleave_Reshape_Top_LE_2"
PART 41 "D_Sleave_Reshape_Top_LE_3"
PART 42 "tag_weapon"
PART 43 "J_Shoulder_RI"
PART 44 "J_Elbow_RI"
PART 45 "J_WristTwist_RI"
PART 46 "J_Sleave_Reshape_Top_RI_3"
PART 47 "J_Sleave_Reshape_Top_RI_2"
PART 48 "J_Sleave_Reshape_Top_RI_1"
PART 49 "J_Wrist_RI"
PART 50 "J_Thumb_RI_0"
PART 51 "J_Thumb_RI_1"
PART 52 "J_Thumb_RI_2"
PART 53 "J_Thumb_RI_3"
PART 54 "J_PinkyPalm_RI"
PART 55 "J_Pinky_RI_0"
PART 56 "J_Pinky_RI_1"
PART 57 "J_Pinky_RI_2"
PART 58 "J_Pinky_RI_3"
PART 59 "J_RingPalm_RI"
PART 60 "J_Ring_RI_0"
PART 61 "J_Ring_RI_1"
PART 62 "J_Ring_RI_2"
PART 63 "J_Ring_RI_3"
PART 64 "J_Webbing_RI"
PART 65 "J_Index_RI_0"
PART 66 "J_Index_RI_1"
PART 67 "J_Index_RI_2"
PART 68 "J_Index_RI_3"
PART 69 "J_Mid_RI_0"
PART 70 "J_Mid_RI_1"
PART 71 "J_Mid_RI_2"
PART 72 "J_Mid_RI_3"
PART 73 "D_Sleave_Reshape_Top_RI_3"
PART 74 "D_Sleave_Reshape_Top_RI_2"
PART 75 "D_Sleave_Reshape_Top_RI_1"
PART 76 "tag_cambone"
PART 77 "tag_camera"
PART 78 "tag_gasmask"
PART 79 "J_Gun"
PART 80 "tag_brass"
PART 81 "J_Bolt"
PART 82 "tag_flash"
PART 83 "j_stripper"
PART 84 "J_Clip"
PART 85 "TAG_APERTURE"
PART 86 "tag_bayonet"
PART 87 "tag_grenade"
PART 88 "tag_grenade_mount"
PART 89 "TAG_TELESCOPIC"
PART 90 "TAG_IRON_SIGHTS"
PART 91 "TAG_SUPPRESSOR"

FRAMERATE 24
NUMFRAMES 10

FRAME 65
PART 0
OFFSET 18.5839 -2.3977 -6.7794
SCALE 1 1 1
X 0.4605 -0.8675 0.1881
Y -0.1034 0.1580 0.9820
Z -0.8816 -0.4717 -0.0170

PART 1
OFFSET 18.5839 -2.3977 -6.7794
SCALE 1 1 1
X 0.4605 -0.8675 0.1881
Y -0.1034 0.1580 0.9820
Z -0.8816 -0.4717 -0.0170

PART 2
OFFSET 2.6239 -4.8767 -6.7566
SCALE 1 1 1
X -0.8183 -0.2952 0.4931
Y 0.2520 -0.9554 -0.1538
Z 0.5166 -0.0016 0.8562

PART 3
OFFSET 2.6239 -4.8767 -6.7566
SCALE 1 1 1
X -0.8183 -0.2952 0.4931
Y 0.2520 -0.9554 -0.1538
Z 0.5166 -0.0016 0.8562

PART 4
OFFSET 6.2061 -3.1050 -3.3894
SCALE 1 1 1
X 1.0000 0.0000 0.0000
Y 0.0000 1.0000 0.0000
Z 0.0000 -0.0000 1.0000

PART 5
OFFSET 1.6245 4.2672 -6.2573
SCALE 1 1 1
X 0.8107 0.1254 -0.5719
Y 0.0112 -0.9799 -0.1990
Z -0.5853 0.1550 -0.7958

PART 6
OFFSET 11.4291 5.7835 -13.1734
SCALE 1 1 1
X 0.5775 -0.6196 0.5316
Y -0.7636 -0.1797 0.6202
Z -0.2888 -0.7641 -0.5769

PART 7
OFFSET 16.3410 0.5134 -8.6521
SCALE 1 1 1
X 0.5775 -0.6196 0.5316
Y 0.7600 0.6458 -0.0729
Z -0.2981 0.4461 0.8439

PART 8
OFFSET 18.1875 1.1862 -7.2467
SCALE 1 1 1
X 0.5828 -0.6164 0.5294
Y 0.2981 0.7683 0.5664
Z -0.7559 -0.1723 0.6315

PART 9
OFFSET 17.6745 -0.4474 -9.3130
SCALE 1 1 1
X 0.5828 -0.6164 0.5294
Y 0.2981 0.7683 0.5664
Z -0.7559 -0.1723 0.6315

PART 10
OFFSET 16.8375 0.2257 -5.9166
SCALE 1 1 1
X 0.5828 -0.6164 0.5294
Y 0.2981 0.7683 0.5664
Z -0.7559 -0.1723 0.6315

PART 11
OFFSET 16.2602 -0.9983 -6.9035
SCALE 1 1 1
X 0.5828 -0.6164 0.5294
Y 0.2981 0.7683 0.5664
Z -0.7559 -0.1723 0.6315

PART 12
OFFSET 15.7117 -1.9448 -8.1279
SCALE 1 1 1
X 0.5828 -0.6164 0.5294
Y 0.2981 0.7683 0.5664
Z -0.7559 -0.1723 0.6315

PART 13
OFFSET 18.1114 -1.3862 -7.0225
SCALE 1 1 1
X 0.7127 -0.6872 0.1407
Y 0.6999 0.7100 -0.0774
Z -0.0467 0.1537 0.9870

PART 14
OFFSET 19.0882 -0.9471 -6.6286
SCALE 1 1 1
X 0.8902 -0.0708 0.4501
Y 0.1103 0.9919 -0.0622
Z -0.4420 0.1050 0.8908

PART 15
OFFSET 20.9956 -0.9949 -5.6141
SCALE 1 1 1
X 0.9324 -0.1469 0.3302
Y 0.0875 0.9783 0.1879
Z -0.3507 -0.1463 0.9250

PART 16
OFFSET 22.4564 -1.3068 -4.9886
SCALE 1 1 1
X 0.8422 -0.3442 0.4149
Y 0.2778 0.9367 0.2133
Z -0.4620 -0.0644 0.8845

PART 17
OFFSET 23.3507 -1.6660 -4.4958
SCALE 1 1 1
X 0.9758 -0.0197 -0.2179
Y -0.2185 -0.0326 -0.9753
Z 0.0121 0.9993 -0.0361

PART 18
OFFSET 17.9555 -2.6969 -6.6210
SCALE 1 1 1
X 0.1930 -0.9756 0.1044
Y -0.0944 0.0874 0.9917
Z -0.9766 -0.2013 -0.0753

PART 19
OFFSET 18.5199 -4.8489 -6.2539
SCALE 1 1 1
X -0.1078 0.0501 0.9929
Y -0.6678 0.7362 -0.1097
Z -0.7365 -0.6749 -0.0459

PART 20
OFFSET 18.3673 -4.7780 -4.8482
SCALE 1 1 1
X -0.5765 0.6112 0.5423
Y -0.3780 0.3889 -0.8402
Z -0.7244 -0.6893 0.0068

PART 21
OFFSET 17.8561 -4.2360 -4.3674
SCALE 1 1 1
X -0.5799 0.6009 0.5501
Y -0.3346 0.4400 -0.8333
Z -0.7428 -0.6673 -0.0541

PART 22
OFFSET 17.3052 -3.6652 -3.8448
SCALE 1 1 1
X 0.7610 -0.6393 0.1102
Y 0.0267 -0.1388 -0.9900
Z 0.6482 0.7563 -0.0886

PART 23
OFFSET 18.5839 -2.3977 -6.7794
SCALE 1 1 1
X 0.4605 -0.8675 0.1881
Y -0.1034 0.1580 0.9820
Z -0.8816 -0.4717 -0.0170

PART 24
OFFSET 19.6506 -4.7226 -6.3154
SCALE 1 1 1
X 0.2147 -0.1885 0.9583
Y -0.6462 0.7083 0.2841
Z -0.7324 -0.6802 0.0303

PART 25
OFFSET 20.0161 -5.0435 -4.6839
SCALE 1 1 1
X -0.5443 0.6122 0.5736
Y -0.4290 0.3845 -0.8174
Z -0.7209 -0.6909 0.0534

PART 26
OFFSET 19.2618 -4.1951 -3.8889
SCALE 1 1 1
X -0.6242 0.6729 0.3970
Y -0.3096 0.2535 -0.9164
Z -0.7173 -0.6949 0.0501

PART 27
OFFSET 18.5849 -3.4653 -3.4583
SCALE 1 1 1
X 0.6530 -0.7303 0.2007
Y 0.1352 -0.1483 -0.9797
Z 0.7452 0.6668 0.0019

PART 28
OFFSET 21.3946 -2.2950 -6.1826
SCALE 1 1 1
X 0.5222 -0.7412 0.4218
Y 0.2791 -0.3189 -0.9058
Z 0.8059 0.5907 0.0403

PART 29
OFFSET 21.4336 -3.5857 -6.8994
SCALE 1 1 1
X 0.7815 -0.1932 0.5932
Y -0.5338 0.2849 0.7962
Z -0.3228 -0.9389 0.1195

PART 30
OFFSET 22.8096 -3.9259 -5.8550
SCALE 1 1 1
X 0.4267 -0.0634 0.9022
Y -0.8542 0.2995 0.4251
Z -0.2971 -0.9520 0.0736

PART 31
OFFSET 23.3464 -3.9452 -4.7627
SCALE 1 1 1
X -0.0335 0.1609 0.9864
Y -0.9583 0.2751 -0.0775
Z -0.2839 -0.9478 0.1450

PART 32
OFFSET 23.3085 -3.7634 -3.6486
SCALE 1 1 1
X 0.7961 -0.5674 -0.2104
Y -0.2169 0.0570 -0.9745
Z 0.5649 0.8215 -0.0777

PART 33
OFFSET 20.5899 -4.2550 -6.6533
SCALE 1 1 1
X 0.5337 -0.4449 0.7192
Y -0.4817 0.5391 0.6909
Z -0.6951 -0.7152 0.0734

PART 34
OFFSET 21.6324 -5.1242 -5.2483
SCALE 1 1 1
X -0.4525 0.5352 0.7134
Y -0.5211 0.4905 -0.6985
Z -0.7237 -0.6877 0.0569

PART 35
OFFSET 20.9715 -4.3425 -4.2064
SCALE 1 1 1
X -0.5059 0.5541 0.6611
Y -0.4470 0.4871 -0.7503
Z -0.7378 -0.6751 0.0013

PART 36
OFFSET 20.3936 -3.7200 -3.4571
SCALE 1 1 1
X 0.7206 -0.6928 -0.0278
Y -0.0714 -0.0343 -0.9969
Z 0.6897 0.7203 -0.0742

PART 37
OFFSET 18.1875 1.1862 -7.2467
SCALE 1 1 1
X 0.5828 -0.6164 0.5294
Y 0.2981 0.7683 0.5664
Z -0.7559 -0.1723 0.6315

PART 38
OFFSET 17.6745 -0.4474 -9.3130
SCALE 1 1 1
X 0.5828 -0.6164 0.5294
Y 0.2981 0.7683 0.5664
Z -0.7559 -0.1723 0.6315

PART 39
OFFSET 16.8375 0.2257 -5.9166
SCALE 1 1 1
X 0.5828 -0.6164 0.5294
Y 0.2981 0.7683 0.5664
Z -0.7559 -0.1723 0.6315

PART 40
OFFSET 16.2602 -0.9983 -6.9035
SCALE 1 1 1
X 0.5828 -0.6164 0.5294
Y 0.2981 0.7683 0.5664
Z -0.7559 -0.1723 0.6315

PART 41
OFFSET 15.7117 -1.9448 -8.1279
SCALE 1 1 1
X 0.5828 -0.6164 0.5294
Y 0.2981 0.7683 0.5664
Z -0.7559 -0.1723 0.6315

PART 42
OFFSET 14.0948 -2.7535 -5.0514
SCALE 1 1 1
X 1.0000 0.0000 0.0000
Y 0.0000 1.0000 0.0000
Z 0.0000 -0.0000 1.0000

PART 43
OFFSET -2.1097 -3.5648 -2.9073
SCALE 1 1 1
X 0.2111 0.9381 0.2745
Y 0.0155 -0.2841 0.9587
Z 0.9773 -0.1981 -0.0745

PART 44
OFFSET -4.6628 -14.9103 -6.2277
SCALE 1 1 1
X -0.5529 -0.8332 -0.0063
Y 0.6577 -0.4318 -0.6172
Z 0.5116 -0.3454 0.7868

PART 45
OFFSET 0.0400 -7.8235 -6.1744
SCALE 1 1 1
X -0.5529 -0.8332 -0.0063
Y -0.1817 0.1279 -0.9750
Z 0.8132 -0.5379 -0.2222

PART 46
OFFSET -0.2864 -5.8739 -7.1680
SCALE 1 1 1
X -0.5582 -0.8297 -0.0047
Y -0.5194 0.3539 -0.7778
Z 0.6470 -0.4317 -0.6285

PART 47
OFFSET -0.1362 -5.5242 -5.9553
SCALE 1 1 1
X -0.5582 -0.8297 -0.0047
Y -0.5194 0.3539 -0.7778
Z 0.6470 -0.4317 -0.6285

PART 48
OFFSET 1.1128 -6.2479 -4.4624
SCALE 1 1 1
X -0.5582 -0.8297 -0.0047
Y -0.5194 0.3539 -0.7778
Z 0.6470 -0.4317 -0.6285

PART 49
OFFSET 1.7351 -5.2691 -6.1552
SCALE 1 1 1
X -0.9422 -0.2609 0.2100
Y -0.2508 0.1341 -0.9587
Z 0.2220 -0.9560 -0.1918

PART 50
OFFSET 2.3098 -4.8886 -5.2458
SCALE 1 1 1
X -0.5540 -0.8093 -0.1953
Y 0.1690 0.1205 -0.9782
Z 0.8152 -0.5749 0.0700

PART 51
OFFSET 3.4431 -3.1222 -4.7305
SCALE 1 1 1
X -0.7162 -0.6948 0.0658
Y 0.1509 -0.2463 -0.9574
Z 0.6814 -0.6758 0.2812

PART 52
OFFSET 4.5320 -1.9396 -4.9254
SCALE 1 1 1
X -0.5750 -0.5315 0.6221
Y -0.2583 -0.6035 -0.7544
Z 0.7763 -0.5944 0.2097

PART 53
OFFSET 5.1226 -1.3275 -5.5949
SCALE 1 1 1
X -0.9763 -0.1349 0.1690
Y -0.1804 0.9390 -0.2927
Z -0.1192 -0.3163 -0.9411

PART 54
OFFSET 2.2190 -4.7115 -7.3208
SCALE 1 1 1
X -0.6198 -0.3315 0.7113
Y 0.2928 -0.9386 -0.1824
Z 0.7281 0.0952 0.6789

PART 55
OFFSET 3.6818 -3.8376 -8.7976
SCALE 1 1 1
X -0.0872 -0.9617 0.2597
Y 0.3843 -0.2730 -0.8819
Z 0.9191 0.0229 0.3934

PART 56
OFFSET 3.8053 -2.4760 -9.1653
SCALE 1 1 1
X 0.2953 -0.6955 -0.6551
Y 0.3097 0.7183 -0.6230
Z 0.9038 -0.0189 0.4275

PART 57
OFFSET 3.5435 -1.8594 -8.5845
SCALE 1 1 1
X 0.3789 -0.3392 -0.8610
Y 0.1022 0.9400 -0.3254
Z 0.9198 0.0353 0.3908

PART 58
OFFSET 3.1835 -1.5371 -7.7665
SCALE 1 1 1
X -0.4869 -0.3358 0.8063
Y -0.0505 0.9324 0.3578
Z -0.8720 0.1336 -0.4710

PART 59
OFFSET 2.6239 -4.8767 -6.7566
SCALE 1 1 1
X -0.8183 -0.2952 0.4931
Y 0.2520 -0.9554 -0.1538
Z 0.5166 -0.0016 0.8562

PART 60
OFFSET 4.6765 -4.1313 -8.1671
SCALE 1 1 1
X -0.0249 -0.9990 0.0374
Y 0.5171 -0.0449 -0.8548
Z 0.8556 -0.0020 0.5177

PART 61
OFFSET 4.7190 -2.4305 -8.2307
SCALE 1 1 1
X 0.4549 -0.4634 -0.7605
Y 0.2650 0.8857 -0.3812
Z 0.8502 -0.0281 0.5257

PART 62
OFFSET 4.0885 -1.7883 -7.1767
SCALE 1 1 1
X 0.5159 0.2775 -0.8104
Y -0.1265 0.9604 0.2483
Z 0.8472 -0.0256 0.5306

PART 63
OFFSET 3.5290 -2.0893 -6.2978
SCALE 1 1 1
X -0.3088 -0.7772 0.5482
Y -0.4356 0.6280 0.6449
Z -0.8455 -0.0397 -0.5325

PART 64
OFFSET -1.8554 -6.9808 -4.5732
SCALE 1 1 1
X -0.7763 -0.5373 0.3297
Y -0.4958 0.8434 0.2069
Z -0.3893 -0.0028 -0.9211

PART 65
OFFSET 5.6782 -4.7088 -6.3218
SCALE 1 1 1
X -0.9182 -0.2117 0.3347
Y 0.1901 -0.9770 -0.0964
Z 0.3474 -0.0248 0.9374

PART 66
OFFSET 7.2949 -4.3360 -6.9112
SCALE 1 1 1
X -0.6985 -0.6612 0.2737
Y 0.6292 -0.7496 -0.2052
Z 0.3409 0.0289 0.9397

PART 67
OFFSET 8.1647 -3.5304 -7.1869
SCALE 1 1 1
X -0.2156 -0.9758 0.0356
Y 0.9280 -0.2161 -0.3036
Z 0.3040 -0.0325 0.9521

PART 68
OFFSET 8.4083 -2.4282 -7.2270
SCALE 1 1 1
X -0.6820 0.5036 0.5303
Y 0.4406 0.8617 -0.2517
Z -0.5838 0.0620 -0.8096

PART 69
OFFSET 5.2658 -4.4197 -7.3051
SCALE 1 1 1
X -0.5519 -0.8233 0.1323
Y 0.7558 -0.5609 -0.3378
Z 0.3523 -0.0864 0.9319

PART 70
OFFSET 6.3440 -2.8112 -7.5635
SCALE 1 1 1
X 0.6387 -0.7011 -0.3169
Y 0.6652 0.7102 -0.2305
Z 0.3867 -0.0636 0.9200

PART 71
OFFSET 5.4110 -1.7871 -7.1006
SCALE 1 1 1
X 0.8887 -0.2339 -0.3944
Y 0.2170 0.9722 -0.0877
Z 0.4039 -0.0077 0.9148

PART 72
OFFSET 4.4018 -1.5215 -6.6605
SCALE 1 1 1
X -0.8459 -0.4411 0.2999
Y -0.3747 0.8915 0.2544
Z -0.3796 0.1028 -0.9194

PART 73
OFFSET -0.2864 -5.8739 -7.1680
SCALE 1 1 1
X -0.5582 -0.8297 -0.0047
Y -0.5194 0.3539 -0.7778
Z 0.6470 -0.4317 -0.6285

PART 74
OFFSET -0.1362 -5.5242 -5.9553
SCALE 1 1 1
X -0.5582 -0.8297 -0.0047
Y -0.5194 0.3539 -0.7778
Z 0.6470 -0.4317 -0.6285

PART 75
OFFSET 1.1128 -6.2479 -4.4624
SCALE 1 1 1
X -0.5582 -0.8297 -0.0047
Y -0.5194 0.3539 -0.7778
Z 0.6470 -0.4317 -0.6285

PART 76
OFFSET 0.0000 0.0000 0.0000
SCALE 1 1 1
X 1.0000 0.0000 0.0000
Y 0.0000 1.0000 0.0000
Z 0.0000 0.0000 1.0000

PART 77
OFFSET 0.0000 0.0000 0.0000
SCALE 1 1 1
X 1.0000 0.0000 0.0000
Y 0.0000 1.0000 0.0000
Z 0.0000 0.0000 1.0000

PART 78
OFFSET 1.5404 0.0000 4.1357
SCALE 1 1 1
X 1.0000 0.0000 0.0000
Y 0.0000 1.0000 0.0000
Z 0.0000 0.0000 1.0000

PART 79
OFFSET 14.0948 -2.7535 -5.0514
SCALE 1 1 1
X 1.0000 0.0000 0.0000
Y 0.0000 1.0000 0.0000
Z 0.0000 -0.0000 1.0000

PART 80
OFFSET 12.2995 -3.3615 -8.0951
SCALE 1 1 1
X -0.0234 -0.8582 0.5129
Y 0.9991 -0.0016 0.0428
Z -0.0359 0.5134 0.8574

PART 81
OFFSET 13.8216 -4.5638 -3.9495
SCALE 1 1 1
X 0.9998 -0.0000 0.0204
Y 0.0000 1.0000 0.0000
Z -0.0204 -0.0000 0.9998

PART 82
OFFSET 41.9472 -2.7535 -3.5307
SCALE 1 1 1
X 1.0000 0.0000 0.0000
Y 0.0000 1.0000 0.0000
Z 0.0000 -0.0000 1.0000

PART 83
OFFSET 11.4010 -2.6476 -3.9980
SCALE 1 1 1
X 0.9832 0.1071 0.1476
Y -0.1074 0.9942 -0.0061
Z -0.1474 -0.0098 0.9890

PART 84
OFFSET 5.5836 -3.0527 -5.6436
SCALE 1 1 1
X 0.8493 0.0287 0.5271
Y -0.2622 0.8896 0.3741
Z -0.4582 -0.4559 0.7631

PART 85
OFFSET 7.9231 -2.7417 -3.3398
SCALE 1 1 1
X 1.0000 0.0000 0.0000
Y 0.0000 1.0000 0.0000
Z 0.0000 -0.0000 1.0000

PART 86
OFFSET 37.7078 -2.7535 -4.7488
SCALE 1 1 1
X 0.9998 -0.0000 0.0204
Y 0.0000 1.0000 0.0000
Z -0.0204 -0.0000 0.9998

PART 87
OFFSET 50.8540 -2.7535 -2.7344
SCALE 1 1 1
X 0.9998 -0.0000 0.0204
Y 0.0000 1.0000 0.0000
Z -0.0204 -0.0000 0.9998

PART 88
OFFSET 51.2082 -2.7535 -3.3597
SCALE 1 1 1
X 0.9998 -0.0000 0.0204
Y 0.0000 1.0000 0.0000
Z -0.0204 -0.0000 0.9998

PART 89
OFFSET 9.9164 -1.4336 -4.2067
SCALE 1 1 1
X 1.0000 0.0000 0.0000
Y 0.0000 1.0000 0.0000
Z 0.0000 -0.0000 1.0000

PART 90
OFFSET 19.7167 -3.1634 -4.2067
SCALE 1 1 1
X 1.0000 0.0000 0.0000
Y 0.0000 1.0000 0.0000
Z 0.0000 -0.0000 1.0000

PART 91
OFFSET 43.5343 -2.7535 -3.3919
SCALE 1 1 1
X 0.9998 -0.0000 0.0204
Y 0.0000 1.0000 0.0000
Z -0.0204 -0.0000 0.9998


FRAME 66
PART 0
OFFSET 15.5374 -2.3925 -6.7790
SCALE 1 1 1
X 0.4628 -0.8669 0.1852
Y -0.1016 0.1557 0.9826
Z -0.8806 -0.4736 -0.0161

PART 1
OFFSET 15.5374 -2.3925 -6.7790
SCALE 1 1 1
X 0.4628 -0.8669 0.1852
Y -0.1016 0.1557 0.9826
Z -0.8806 -0.4736 -0.0161

PART 2
OFFSET -0.4173 -4.9060 -6.7270
SCALE 1 1 1
X -0.8166 -0.2981 0.4943
Y 0.2538 -0.9545 -0.1564
Z 0.5184 -0.0023 0.8551

PART 3
OFFSET -0.4173 -4.9060 -6.7270
SCALE 1 1 1
X -0.8166 -0.2981 0.4943
Y 0.2538 -0.9545 -0.1564
Z 0.5184 -0.0023 0.8551

PART 4
OFFSET 5.9840 -3.1050 -3.3894
SCALE 1 1 1
X 1.0000 0.0000 0.0000
Y 0.0000 1.0000 0.0000
Z 0.0000 -0.0000 1.0000

PART 5
OFFSET 1.4024 4.2672 -6.2573
SCALE 1 1 1
X 0.7473 0.1987 -0.6340
Y 0.0094 -0.9573 -0.2890
Z -0.6644 0.2100 -0.7173

PART 6
OFFSET 10.4407 6.6706 -13.9251
SCALE 1 1 1
X 0.3994 -0.6959 0.5969
Y -0.8551 -0.0480 0.5162
Z -0.3306 -0.7165 -0.6142

PART 7
OFFSET 13.8377 0.7519 -8.8487
SCALE 1 1 1
X 0.3994 -0.6959 0.5969
Y 0.8829 0.4673 -0.0460
Z -0.2469 0.5453 0.8010

PART 8
OFFSET 15.5735 1.1431 -7.2142
SCALE 1 1 1
X 0.4054 -0.6936 0.5954
Y 0.3417 0.7191 0.6051
Z -0.8479 -0.0418 0.5285

PART 9
OFFSET 15.0750 -0.4169 -9.3401
SCALE 1 1 1
X 0.4054 -0.6936 0.5954
Y 0.3417 0.7191 0.6051
Z -0.8479 -0.0418 0.5285

PART 10
OFFSET 13.9299 0.4267 -6.0741
SCALE 1 1 1
X 0.4054 -0.6936 0.5954
Y 0.3417 0.7191 0.6051
Z -0.8479 -0.0418 0.5285

PART 11
OFFSET 13.2961 -0.7039 -7.1350
SCALE 1 1 1
X 0.4054 -0.6936 0.5954
Y 0.3417 0.7191 0.6051
Z -0.8479 -0.0418 0.5285

PART 12
OFFSET 12.7648 -1.5683 -8.4258
SCALE 1 1 1
X 0.4054 -0.6936 0.5954
Y 0.3417 0.7191 0.6051
Z -0.8479 -0.0418 0.5285

PART 13
OFFSET 15.0621 -1.3815 -7.0189
SCALE 1 1 1
X 0.7145 -0.6860 0.1377
Y 0.6982 0.7117 -0.0774
Z -0.0449 0.1515 0.9874

PART 14
OFFSET 16.0389 -0.9411 -6.6262
SCALE 1 1 1
X 0.8913 -0.0698 0.4480
Y 0.1081 0.9923 -0.0603
Z -0.4403 0.1022 0.8920

PART 15
OFFSET 17.9486 -0.9871 -5.6159
SCALE 1 1 1
X 0.9334 -0.1456 0.3279
Y 0.0858 0.9781 0.1898
Z -0.3483 -0.1491 0.9254

PART 16
OFFSET 19.4113 -1.2971 -4.9942
SCALE 1 1 1
X 0.8439 -0.3433 0.4123
Y 0.2762 0.9368 0.2147
Z -0.4600 -0.0673 0.8854

PART 17
OFFSET 20.3075 -1.6555 -4.5042
SCALE 1 1 1
X 0.9753 -0.0171 -0.2201
Y -0.2205 -0.0310 -0.9749
Z 0.0099 0.9994 -0.0340

PART 18
OFFSET 14.9100 -2.6934 -6.6199
SCALE 1 1 1
X 0.1954 -0.9754 0.1019
Y -0.0925 0.0851 0.9921
Z -0.9764 -0.2032 -0.0736

PART 19
OFFSET 15.4798 -4.8450 -6.2587
SCALE 1 1 1
X -0.1058 0.0477 0.9932
Y -0.6696 0.7350 -0.1066
Z -0.7351 -0.6764 -0.0458

PART 20
OFFSET 15.3300 -4.7774 -4.8525
SCALE 1 1 1
X -0.5766 0.6088 0.5448
Y -0.3806 0.3899 -0.8385
Z -0.7229 -0.6909 0.0069

PART 21
OFFSET 14.8188 -4.2376 -4.3694
SCALE 1 1 1
X -0.5800 0.5985 0.5527
Y -0.3373 0.4411 -0.8317
Z -0.7415 -0.6688 -0.0539

PART 22
OFFSET 14.2677 -3.6691 -3.8444
SCALE 1 1 1
X 0.7626 -0.6379 0.1072
Y 0.0249 -0.1366 -0.9903
Z 0.6464 0.7579 -0.0883

PART 23
OFFSET 15.5374 -2.3925 -6.7790
SCALE 1 1 1
X 0.4628 -0.8669 0.1852
Y -0.1016 0.1557 0.9826
Z -0.8806 -0.4736 -0.0161

PART 24
OFFSET 16.6100 -4.7161 -6.3223
SCALE 1 1 1
X 0.2172 -0.1901 0.9574
Y -0.6471 0.7063 0.2870
Z -0.7308 -0.6819 0.0304

PART 25
OFFSET 16.9798 -5.0398 -4.6923
SCALE 1 1 1
X -0.5443 0.6098 0.5761
Y -0.4316 0.3853 -0.8156
Z -0.7193 -0.6926 0.0534

PART 26
OFFSET 16.2254 -4.1947 -3.8939
SCALE 1 1 1
X -0.6247 0.6707 0.3998
Y -0.3121 0.2548 -0.9152
Z -0.7157 -0.6966 0.0502

PART 27
OFFSET 15.5478 -3.4673 -3.4603
SCALE 1 1 1
X 0.6550 -0.7293 0.1977
Y 0.1334 -0.1459 -0.9803
Z 0.7438 0.6684 0.0017

PART 28
OFFSET 18.3492 -2.2851 -6.1881
SCALE 1 1 1
X 0.5247 -0.7410 0.4191
Y 0.2778 -0.3163 -0.9071
Z 0.8047 0.5924 0.0399

PART 29
OFFSET 18.3893 -3.5741 -6.9077
SCALE 1 1 1
X 0.7832 -0.1928 0.5911
Y -0.5327 0.2820 0.7979
Z -0.3206 -0.9398 0.1182

PART 30
OFFSET 19.7683 -3.9136 -5.8670
SCALE 1 1 1
X 0.4288 -0.0644 0.9011
Y -0.8539 0.2967 0.4276
Z -0.2949 -0.9528 0.0722

PART 31
OFFSET 20.3075 -3.9340 -4.7760
SCALE 1 1 1
X -0.0318 0.1587 0.9868
Y -0.9590 0.2732 -0.0748
Z -0.2815 -0.9488 0.1435

PART 32
OFFSET 20.2717 -3.7548 -3.6613
SCALE 1 1 1
X 0.7969 -0.5652 -0.2133
Y -0.2191 0.0586 -0.9739
Z 0.5630 0.8229 -0.0771

PART 33
OFFSET 17.5476 -4.2458 -6.6613
SCALE 1 1 1
X 0.5362 -0.4453 0.7171
Y -0.4814 0.5365 0.6931
Z -0.6934 -0.7168 0.0733

PART 34
OFFSET 18.5950 -5.1157 -5.2604
SCALE 1 1 1
X -0.4521 0.5327 0.7155
Y -0.5236 0.4909 -0.6963
Z -0.7221 -0.6894 0.0570

PART 35
OFFSET 17.9347 -4.3377 -4.2153
SCALE 1 1 1
X -0.5056 0.5516 0.6634
Y -0.4497 0.4877 -0.7483
Z -0.7363 -0.6767 0.0014

PART 36
OFFSET 17.3571 -3.7181 -3.4634
SCALE 1 1 1
X 0.7220 -0.6912 -0.0308
Y -0.0735 -0.0323 -0.9968
Z 0.6880 0.7219 -0.0741

PART 37
OFFSET 15.5735 1.1431 -7.2142
SCALE 1 1 1
X 0.4054 -0.6936 0.5954
Y 0.3417 0.7191 0.6051
Z -0.8479 -0.0418 0.5285

PART 38
OFFSET 15.0750 -0.4169 -9.3401
SCALE 1 1 1
X 0.4054 -0.6936 0.5954
Y 0.3417 0.7191 0.6051
Z -0.8479 -0.0418 0.5285

PART 39
OFFSET 13.9299 0.4267 -6.0741
SCALE 1 1 1
X 0.4054 -0.6936 0.5954
Y 0.3417 0.7191 0.6051
Z -0.8479 -0.0418 0.5285

PART 40
OFFSET 13.2961 -0.7039 -7.1350
SCALE 1 1 1
X 0.4054 -0.6936 0.5954
Y 0.3417 0.7191 0.6051
Z -0.8479 -0.0418 0.5285

PART 41
OFFSET 12.7648 -1.5683 -8.4258
SCALE 1 1 1
X 0.4054 -0.6936 0.5954
Y 0.3417 0.7191 0.6051
Z -0.8479 -0.0418 0.5285

PART 42
OFFSET 11.0528 -2.7617 -5.0421
SCALE 1 1 1
X 1.0000 0.0022 -0.0022
Y -0.0022 1.0000 0.0022
Z 0.0022 -0.0022 1.0000

PART 43
OFFSET -2.3317 -3.5648 -2.9073
SCALE 1 1 1
X 0.4777 0.8782 0.0229
Y 0.4413 -0.2624 0.8582
Z 0.7596 -0.3999 -0.5129

PART 44
OFFSET -8.1093 -14.1858 -3.1840
SCALE 1 1 1
X -0.5881 -0.7678 0.2541
Y 0.2570 -0.4753 -0.8414
Z 0.7669 -0.4296 0.4769

PART 45
OFFSET -3.1070 -7.6554 -5.3455
SCALE 1 1 1
X -0.5881 -0.7678 0.2541
Y -0.4426 0.0425 -0.8957
Z 0.6769 -0.6393 -0.3648

PART 46
OFFSET -3.5317 -5.6687 -5.9837
SCALE 1 1 1
X -0.5918 -0.7638 0.2578
Y -0.7688 0.4385 -0.4654
Z 0.2424 -0.4737 -0.8467

PART 47
OFFSET -2.8700 -5.3421 -4.9708
SCALE 1 1 1
X -0.5918 -0.7638 0.2578
Y -0.7688 0.4385 -0.4654
Z 0.2424 -0.4737 -0.8467

PART 48
OFFSET -1.3658 -6.1372 -4.2755
SCALE 1 1 1
X -0.5918 -0.7638 0.2578
Y -0.7688 0.4385 -0.4654
Z 0.2424 -0.4737 -0.8467

PART 49
OFFSET -1.3039 -5.3015 -6.1246
SCALE 1 1 1
X -0.9412 -0.2634 0.2115
Y -0.2532 0.1356 -0.9579
Z 0.2236 -0.9551 -0.1943

PART 50
OFFSET -0.7280 -4.9218 -5.2156
SCALE 1 1 1
X -0.5522 -0.8110 -0.1930
Y 0.1610 0.1234 -0.9792
Z 0.8180 -0.5718 0.0624

PART 51
OFFSET 0.4020 -3.1521 -4.7048
SCALE 1 1 1
X -0.7140 -0.6960 0.0765
Y 0.1395 -0.2484 -0.9586
Z 0.6862 -0.6737 0.2744

PART 52
OFFSET 1.4861 -1.9679 -4.9161
SCALE 1 1 1
X -0.5668 -0.5326 0.6285
Y -0.2650 -0.6045 -0.7512
Z 0.7801 -0.5923 0.2015

PART 53
OFFSET 2.0679 -1.3545 -5.5923
SCALE 1 1 1
X -0.9741 -0.1373 0.1797
Y -0.1859 0.9384 -0.2912
Z -0.1287 -0.3171 -0.9396

PART 54
OFFSET -0.8238 -4.7404 -7.2900
SCALE 1 1 1
X -0.6176 -0.3344 0.7119
Y 0.2944 -0.9376 -0.1850
Z 0.7293 0.0953 0.6775

PART 55
OFFSET 0.6339 -3.8602 -8.7681
SCALE 1 1 1
X -0.0846 -0.9625 0.2578
Y 0.3830 -0.2703 -0.8833
Z 0.9199 0.0240 0.3915

PART 56
OFFSET 0.7537 -2.4975 -9.1331
SCALE 1 1 1
X 0.2953 -0.6934 -0.6572
Y 0.3068 0.7203 -0.6221
Z 0.9048 -0.0179 0.4255

PART 57
OFFSET 0.4919 -1.8827 -8.5504
SCALE 1 1 1
X 0.3778 -0.3365 -0.8626
Y 0.0994 0.9410 -0.3236
Z 0.9206 0.0365 0.3889

PART 58
OFFSET 0.1330 -1.5630 -7.7309
SCALE 1 1 1
X -0.4845 -0.3386 0.8066
Y -0.0517 0.9315 0.3599
Z -0.8733 0.1327 -0.4688

PART 59
OFFSET -0.4173 -4.9060 -6.7270
SCALE 1 1 1
X -0.8166 -0.2981 0.4943
Y 0.2538 -0.9545 -0.1564
Z 0.5184 -0.0023 0.8551

PART 60
OFFSET 1.6307 -4.1531 -8.1403
SCALE 1 1 1
X -0.0227 -0.9991 0.0353
Y 0.5153 -0.0419 -0.8560
Z 0.8567 -0.0012 0.5158

PART 61
OFFSET 1.6693 -2.4521 -8.2004
SCALE 1 1 1
X 0.4542 -0.4608 -0.7625
Y 0.2623 0.8871 -0.3798
Z 0.8514 -0.0274 0.5238

PART 62
OFFSET 1.0398 -1.8135 -7.1437
SCALE 1 1 1
X 0.5136 0.2804 -0.8109
Y -0.1280 0.9596 0.2507
Z 0.8484 -0.0249 0.5287

PART 63
OFFSET 0.4828 -2.1176 -6.2642
SCALE 1 1 1
X -0.3059 -0.7791 0.5472
Y -0.4356 0.6256 0.6472
Z -0.8466 -0.0404 -0.5307

PART 64
OFFSET -4.8873 -7.0244 -4.5385
SCALE 1 1 1
X -0.7744 -0.5396 0.3302
Y -0.4972 0.8419 0.2098
Z -0.3912 -0.0017 -0.9203

PART 65
OFFSET 2.6376 -4.7324 -6.2985
SCALE 1 1 1
X -0.9170 -0.2144 0.3362
Y 0.1920 -0.9764 -0.0989
Z 0.3495 -0.0261 0.9366

PART 66
OFFSET 4.2522 -4.3549 -6.8905
SCALE 1 1 1
X -0.6965 -0.6633 0.2738
Y 0.6304 -0.7478 -0.2082
Z 0.3428 0.0276 0.9390

PART 67
OFFSET 5.1197 -3.5468 -7.1664
SCALE 1 1 1
X -0.2135 -0.9764 0.0339
Y 0.9278 -0.2135 -0.3061
Z 0.3061 -0.0339 0.9514

PART 68
OFFSET 5.3608 -2.4440 -7.2046
SCALE 1 1 1
X -0.6819 0.5010 0.5329
Y 0.4382 0.8632 -0.2508
Z -0.5856 0.0625 -0.8082

PART 69
OFFSET 2.2224 -4.4421 -7.2802
SCALE 1 1 1
X -0.5498 -0.8248 0.1317
Y 0.7563 -0.5586 -0.3406
Z 0.3545 -0.0877 0.9309

PART 70
OFFSET 3.2966 -2.8307 -7.5375
SCALE 1 1 1
X 0.6395 -0.6991 -0.3198
Y 0.6632 0.7121 -0.2304
Z 0.3888 -0.0648 0.9190

PART 71
OFFSET 2.3625 -1.8096 -7.0704
SCALE 1 1 1
X 0.8883 -0.2312 -0.3968
Y 0.2147 0.9729 -0.0860
Z 0.4059 -0.0088 0.9139

PART 72
OFFSET 1.3536 -1.5471 -6.6275
SCALE 1 1 1
X -0.8443 -0.4436 0.3008
Y -0.3761 0.8902 0.2572
Z -0.3818 0.1040 -0.9184

PART 73
OFFSET -3.5317 -5.6687 -5.9837
SCALE 1 1 1
X -0.5918 -0.7638 0.2578
Y -0.7688 0.4385 -0.4654
Z 0.2424 -0.4737 -0.8467

PART 74
OFFSET -2.8700 -5.3421 -4.9708
SCALE 1 1 1
X -0.5918 -0.7638 0.2578
Y -0.7688 0.4385 -0.4654
Z 0.2424 -0.4737 -0.8467

PART 75
OFFSET -1.3658 -6.1372 -4.2755
SCALE 1 1 1
X -0.5918 -0.7638 0.2578
Y -0.7688 0.4385 -0.4654
Z 0.2424 -0.4737 -0.8467

PART 76
OFFSET 0.0000 0.0000 0.0000
SCALE 1 1 1
X 1.0000 0.0000 0.0000
Y 0.0000 1.0000 0.0000
Z 0.0000 0.0000 1.0000

PART 77
OFFSET 0.0000 0.0000 0.0000
SCALE 1 1 1
X 1.0000 0.0000 0.0000
Y 0.0000 1.0000 0.0000
Z 0.0000 0.0000 1.0000

PART 78
OFFSET 1.5404 0.0000 4.1357
SCALE 1 1 1
X 1.0000 0.0000 0.0000
Y 0.0000 1.0000 0.0000
Z 0.0000 0.0000 1.0000

PART 79
OFFSET 11.0528 -2.7617 -5.0421
SCALE 1 1 1
X 1.0000 0.0022 -0.0022
Y -0.0022 1.0000 0.0022
Z 0.0022 -0.0022 1.0000

PART 80
OFFSET 9.2523 -3.3670 -8.0832
SCALE 1 1 1
X -0.0204 -0.8593 0.5110
Y 0.9992 0.0005 0.0406
Z -0.0352 0.5115 0.8586

PART 81
OFFSET 8.7245 -4.5782 -3.9615
SCALE 1 1 1
X 0.9998 0.0021 0.0183
Y -0.0022 1.0000 0.0022
Z -0.0183 -0.0022 0.9998

PART 82
OFFSET 38.9083 -2.7049 -3.5815
SCALE 1 1 1
X 1.0000 0.0022 -0.0022
Y -0.0022 1.0000 0.0022
Z 0.0022 -0.0022 1.0000

PART 83
OFFSET 12.8789 -5.2889 -0.2141
SCALE 1 1 1
X 0.9833 0.0007 0.1819
Y -0.1096 0.8005 0.5893
Z -0.1452 -0.5994 0.7872

PART 84
OFFSET 2.5408 -3.0780 -5.6165
SCALE 1 1 1
X 0.8504 0.0294 0.5253
Y -0.2633 0.8882 0.3766
Z -0.4555 -0.4585 0.7631

PART 85
OFFSET 4.8848 -2.7669 -3.3171
SCALE 1 1 1
X 1.0000 0.0022 -0.0022
Y -0.0022 1.0000 0.0022
Z 0.0022 -0.0022 1.0000

PART 86
OFFSET 34.6664 -2.7114 -4.7904
SCALE 1 1 1
X 0.9998 0.0021 0.0183
Y -0.0022 1.0000 0.0022
Z -0.0183 -0.0022 0.9998

PART 87
OFFSET 47.8168 -2.6874 -2.8045
SCALE 1 1 1
X 0.9998 0.0021 0.0183
Y -0.0022 1.0000 0.0022
Z -0.0183 -0.0022 0.9998

PART 88
OFFSET 48.1697 -2.6853 -3.4305
SCALE 1 1 1
X 0.9998 0.0021 0.0183
Y -0.0022 1.0000 0.0022
Z -0.0183 -0.0022 0.9998

PART 89
OFFSET 6.8734 -1.4527 -4.1856
SCALE 1 1 1
X 1.0000 0.0022 -0.0022
Y -0.0022 1.0000 0.0022
Z 0.0022 -0.0022 1.0000

PART 90
OFFSET 16.6773 -3.1613 -4.2105
SCALE 1 1 1
X 1.0000 0.0022 -0.0022
Y -0.0022 1.0000 0.0022
Z 0.0022 -0.0022 1.0000

PART 91
OFFSET 40.4958 -2.7018 -3.4461
SCALE 1 1 1
X 0.9998 0.0021 0.0183
Y -0.0022 1.0000 0.0022
Z -0.0183 -0.0022 0.9998


FRAME 67
PART 0
OFFSET 16.3749 -2.3925 -6.5006
SCALE 1 1 1
X 0.4604 -0.8669 0.1913
Y -0.1145 0.1557 0.9812
Z -0.8803 -0.4736 -0.0276

PART 1
OFFSET 16.3749 -2.3925 -6.5006
SCALE 1 1 1
X 0.4604 -0.8669 0.1913
Y -0.1145 0.1557 0.9812
Z -0.8803 -0.4736 -0.0276

PART 2
OFFSET 0.4209 -4.9060 -6.6575
SCALE 1 1 1
X -0.8230 -0.2981 0.4835
Y 0.2558 -0.9545 -0.1531
Z 0.5072 -0.0023 0.8618

PART 3
OFFSET 0.4209 -4.9060 -6.6575
SCALE 1 1 1
X -0.8230 -0.2981 0.4835
Y 0.2558 -0.9545 -0.1531
Z 0.5072 -0.0023 0.8618

PART 4
OFFSET 5.9840 -3.1050 -3.3894
SCALE 1 1 1
X 1.0000 0.0000 0.0000
Y 0.0000 1.0000 0.0000
Z 0.0000 -0.0000 1.0000

PART 5
OFFSET 1.4024 4.2672 -6.2573
SCALE 1 1 1
X 0.7719 0.1699 -0.6126
Y 0.0173 -0.9689 -0.2470
Z -0.6354 0.1801 -0.7509

PART 6
OFFSET 10.7383 6.3223 -13.6655
SCALE 1 1 1
X 0.4463 -0.6658 0.5979
Y -0.8398 -0.0809 0.5368
Z -0.3090 -0.7418 -0.5952

PART 7
OFFSET 14.5345 0.6595 -8.5798
SCALE 1 1 1
X 0.4463 -0.6658 0.5979
Y 0.8481 0.5280 -0.0452
Z -0.2856 0.5273 0.8003

PART 8
OFFSET 16.2858 1.1613 -6.9927
SCALE 1 1 1
X 0.4522 -0.6632 0.5964
Y 0.3198 0.7447 0.5858
Z -0.8326 -0.0742 0.5489

PART 9
OFFSET 15.8159 -0.4558 -9.0821
SCALE 1 1 1
X 0.4522 -0.6632 0.5964
Y 0.3198 0.7447 0.5858
Z -0.8326 -0.0742 0.5489

PART 10
OFFSET 14.7055 0.3850 -5.8035
SCALE 1 1 1
X 0.4522 -0.6632 0.5964
Y 0.3198 0.7447 0.5858
Z -0.8326 -0.0742 0.5489

PART 11
OFFSET 14.1036 -0.7923 -6.8317
SCALE 1 1 1
X 0.4522 -0.6632 0.5964
Y 0.3198 0.7447 0.5858
Z -0.8326 -0.0742 0.5489

PART 12
OFFSET 13.5860 -1.7026 -8.0962
SCALE 1 1 1
X 0.4522 -0.6632 0.5964
Y 0.3198 0.7447 0.5858
Z -0.8326 -0.0742 0.5489

PART 13
OFFSET 15.9028 -1.3815 -6.7467
SCALE 1 1 1
X 0.7126 -0.6860 0.1470
Y 0.6992 0.7117 -0.0683
Z -0.0578 0.1515 0.9868

PART 14
OFFSET 16.8744 -0.9411 -6.3413
SCALE 1 1 1
X 0.8854 -0.0698 0.4596
Y 0.1088 0.9923 -0.0589
Z -0.4520 0.1022 0.8862

PART 15
OFFSET 18.7707 -0.9871 -5.3060
SCALE 1 1 1
X 0.9291 -0.1456 0.3401
Y 0.0833 0.9781 0.1909
Z -0.3604 -0.1491 0.9208

PART 16
OFFSET 20.2252 -1.2971 -4.6653
SCALE 1 1 1
X 0.8384 -0.3433 0.4233
Y 0.2734 0.9368 0.2183
Z -0.4715 -0.0673 0.8793

PART 17
OFFSET 21.1149 -1.6555 -4.1635
SCALE 1 1 1
X 0.9781 -0.0171 -0.2073
Y -0.2078 -0.0310 -0.9777
Z 0.0103 0.9994 -0.0338

PART 18
OFFSET 15.7455 -2.6934 -6.3497
SCALE 1 1 1
X 0.1940 -0.9754 0.1044
Y -0.1055 0.0851 0.9908
Z -0.9753 -0.2032 -0.0864

PART 19
OFFSET 16.3105 -4.8450 -5.9811
SCALE 1 1 1
X -0.1188 0.0477 0.9918
Y -0.6682 0.7350 -0.1154
Z -0.7344 -0.6764 -0.0554

PART 20
OFFSET 16.1424 -4.7774 -4.5769
SCALE 1 1 1
X -0.5837 0.6088 0.5372
Y -0.3696 0.3899 -0.8434
Z -0.7230 -0.6909 -0.0026

PART 21
OFFSET 15.6248 -4.2376 -4.1006
SCALE 1 1 1
X -0.5872 0.5985 0.5450
Y -0.3264 0.4411 -0.8360
Z -0.7407 -0.6688 -0.0636

PART 22
OFFSET 15.0670 -3.6691 -3.5828
SCALE 1 1 1
X 0.7612 -0.6379 0.1171
Y 0.0378 -0.1366 -0.9899
Z 0.6475 0.7579 -0.0799

PART 23
OFFSET 16.3749 -2.3925 -6.5006
SCALE 1 1 1
X 0.4604 -0.8669 0.1913
Y -0.1145 0.1557 0.9812
Z -0.8803 -0.4736 -0.0276

PART 24
OFFSET 17.4415 -4.7162 -6.0299
SCALE 1 1 1
X 0.2046 -0.1901 0.9602
Y -0.6508 0.7063 0.2785
Z -0.7312 -0.6819 0.0208

PART 25
OFFSET 17.7899 -5.0398 -4.3952
SCALE 1 1 1
X -0.5518 0.6098 0.5689
Y -0.4209 0.3853 -0.8212
Z -0.7200 -0.6926 0.0440

PART 26
OFFSET 17.0251 -4.1947 -3.6067
SCALE 1 1 1
X -0.6299 0.6707 0.3916
Y -0.3001 0.2548 -0.9192
Z -0.7163 -0.6966 0.0408

PART 27
OFFSET 16.3419 -3.4673 -3.1820
SCALE 1 1 1
X 0.6523 -0.7293 0.2063
Y 0.1462 -0.1459 -0.9784
Z 0.7437 0.6684 0.0114

PART 28
OFFSET 19.1787 -2.2851 -5.8729
SCALE 1 1 1
X 0.5192 -0.7410 0.4259
Y 0.2897 -0.3163 -0.9033
Z 0.8041 0.5924 0.0504

PART 29
OFFSET 19.2283 -3.5741 -6.5920
SCALE 1 1 1
X 0.7754 -0.1928 0.6013
Y -0.5431 0.2820 0.7909
Z -0.3221 -0.9398 0.1140

PART 30
OFFSET 20.5936 -3.9136 -5.5333
SCALE 1 1 1
X 0.4170 -0.0644 0.9066
Y -0.8594 0.2967 0.4164
Z -0.2958 -0.9528 0.0683

PART 31
OFFSET 21.1184 -3.9341 -4.4353
SCALE 1 1 1
X -0.0447 0.1587 0.9863
Y -0.9580 0.2732 -0.0874
Z -0.2834 -0.9488 0.1398

PART 32
OFFSET 21.0680 -3.7548 -3.3212
SCALE 1 1 1
X 0.7996 -0.5652 -0.2029
Y -0.2064 0.0586 -0.9767
Z 0.5639 0.8229 -0.0697

PART 33
OFFSET 18.3834 -4.2458 -6.3566
SCALE 1 1 1
X 0.5267 -0.4453 0.7241
Y -0.4904 0.5365 0.6867
Z -0.6943 -0.7168 0.0642

PART 34
OFFSET 19.4124 -5.1157 -4.9421
SCALE 1 1 1
X -0.4614 0.5327 0.7095
Y -0.5145 0.4909 -0.7031
Z -0.7228 -0.6894 0.0475

PART 35
OFFSET 18.7385 -4.3377 -3.9058
SCALE 1 1 1
X -0.5143 0.5516 0.6567
Y -0.4398 0.4877 -0.7541
Z -0.7363 -0.6767 -0.0082

PART 36
OFFSET 18.1511 -3.7181 -3.1615
SCALE 1 1 1
X 0.7223 -0.6912 -0.0214
Y -0.0604 -0.0323 -0.9977
Z 0.6889 0.7219 -0.0651

PART 37
OFFSET 16.2858 1.1613 -6.9927
SCALE 1 1 1
X 0.4522 -0.6632 0.5964
Y 0.3198 0.7447 0.5858
Z -0.8326 -0.0742 0.5489

PART 38
OFFSET 15.8159 -0.4558 -9.0821
SCALE 1 1 1
X 0.4522 -0.6632 0.5964
Y 0.3198 0.7447 0.5858
Z -0.8326 -0.0742 0.5489

PART 39
OFFSET 14.7055 0.3850 -5.8035
SCALE 1 1 1
X 0.4522 -0.6632 0.5964
Y 0.3198 0.7447 0.5858
Z -0.8326 -0.0742 0.5489

PART 40
OFFSET 14.1036 -0.7923 -6.8317
SCALE 1 1 1
X 0.4522 -0.6632 0.5964
Y 0.3198 0.7447 0.5858
Z -0.8326 -0.0742 0.5489

PART 41
OFFSET 13.5860 -1.7026 -8.0962
SCALE 1 1 1
X 0.4522 -0.6632 0.5964
Y 0.3198 0.7447 0.5858
Z -0.8326 -0.0742 0.5489

PART 42
OFFSET 11.8679 -2.7617 -4.8225
SCALE 1 1 1
X 0.9999 0.0022 0.0109
Y -0.0022 1.0000 0.0021
Z -0.0109 -0.0022 0.9999

PART 43
OFFSET -2.3317 -3.5648 -2.9073
SCALE 1 1 1
X 0.4319 0.8908 0.1415
Y 0.2580 -0.2723 0.9270
Z 0.8642 -0.3638 -0.3474

PART 44
OFFSET -7.5545 -14.3378 -4.6186
SCALE 1 1 1
X -0.6120 -0.7809 0.1251
Y 0.4319 -0.4626 -0.7742
Z 0.6625 -0.4197 0.6204

PART 45
OFFSET -2.3496 -7.6956 -5.6830
SCALE 1 1 1
X -0.6120 -0.7809 0.1251
Y -0.3027 0.0851 -0.9493
Z 0.7307 -0.6188 -0.2885

PART 46
OFFSET -2.6939 -5.7039 -6.4264
SCALE 1 1 1
X -0.6163 -0.7770 0.1281
Y -0.6669 0.4286 -0.6096
Z 0.4187 -0.4611 -0.7823

PART 47
OFFSET -2.2418 -5.3875 -5.2958
SCALE 1 1 1
X -0.6163 -0.7770 0.1281
Y -0.6669 0.4286 -0.6096
Z 0.4187 -0.4611 -0.7823

PART 48
OFFSET -0.8427 -6.1959 -4.2771
SCALE 1 1 1
X -0.6163 -0.7770 0.1281
Y -0.6669 0.4286 -0.6096
Z 0.4187 -0.4611 -0.7823

PART 49
OFFSET -0.4736 -5.3015 -6.0667
SCALE 1 1 1
X -0.9439 -0.2634 0.1992
Y -0.2406 0.1356 -0.9611
Z 0.2261 -0.9551 -0.1914

PART 50
OFFSET 0.0904 -4.9218 -5.1502
SCALE 1 1 1
X -0.5496 -0.8113 -0.1995
Y 0.1724 0.1236 -0.9772
Z 0.8175 -0.5715 0.0720

PART 51
OFFSET 1.2136 -3.1516 -4.6261
SCALE 1 1 1
X -0.7148 -0.6959 0.0698
Y 0.1495 -0.2495 -0.9568
Z 0.6832 -0.6734 0.2824

PART 52
OFFSET 2.2999 -1.9677 -4.8275
SCALE 1 1 1
X -0.5736 -0.5323 0.6227
Y -0.2567 -0.6050 -0.7537
Z 0.7779 -0.5921 0.2104

PART 53
OFFSET 2.8889 -1.3547 -5.4976
SCALE 1 1 1
X -0.9760 -0.1372 0.1692
Y -0.1828 0.9382 -0.2938
Z -0.1184 -0.3177 -0.9408

PART 54
OFFSET 0.0218 -4.7404 -7.2257
SCALE 1 1 1
X -0.6268 -0.3344 0.7037
Y 0.2968 -0.9376 -0.1812
Z 0.7204 0.0953 0.6870

PART 55
OFFSET 1.4987 -3.8602 -8.6846
SCALE 1 1 1
X -0.0880 -0.9625 0.2567
Y 0.3945 -0.2703 -0.8782
Z 0.9147 0.0240 0.4035

PART 56
OFFSET 1.6233 -2.4975 -9.0480
SCALE 1 1 1
X 0.3039 -0.6934 -0.6533
Y 0.3149 0.7203 -0.6181
Z 0.8992 -0.0179 0.4373

PART 57
OFFSET 1.3538 -1.8827 -8.4688
SCALE 1 1 1
X 0.3890 -0.3365 -0.8576
Y 0.1037 0.9410 -0.3222
Z 0.9154 0.0365 0.4009

PART 58
OFFSET 0.9843 -1.5630 -7.6541
SCALE 1 1 1
X -0.4950 -0.3386 0.8002
Y -0.0564 0.9315 0.3592
Z -0.8671 0.1327 -0.4802

PART 59
OFFSET 0.4209 -4.9060 -6.6575
SCALE 1 1 1
X -0.8230 -0.2981 0.4835
Y 0.2558 -0.9545 -0.1531
Z 0.5072 -0.0023 0.8618

PART 60
OFFSET 2.4872 -4.1531 -8.0438
SCALE 1 1 1
X -0.0231 -0.9991 0.0350
Y 0.5265 -0.0419 -0.8491
Z 0.8499 -0.0012 0.5270

PART 61
OFFSET 2.5266 -2.4521 -8.1034
SCALE 1 1 1
X 0.4642 -0.4608 -0.7565
Y 0.2672 0.8871 -0.3764
Z 0.8445 -0.0274 0.5349

PART 62
OFFSET 1.8833 -1.8135 -7.0550
SCALE 1 1 1
X 0.5242 0.2804 -0.8041
Y -0.1313 0.9596 0.2490
Z 0.8414 -0.0249 0.5398

PART 63
OFFSET 1.3149 -2.1176 -6.1829
SCALE 1 1 1
X -0.3131 -0.7791 0.5432
Y -0.4440 0.6256 0.6415
Z -0.8396 -0.0404 -0.5418

PART 64
OFFSET -4.0773 -7.0244 -4.5277
SCALE 1 1 1
X -0.7787 -0.5396 0.3200
Y -0.4999 0.8419 0.2033
Z -0.3792 -0.0017 -0.9253

PART 65
OFFSET 3.4699 -4.7324 -6.1890
SCALE 1 1 1
X -0.9214 -0.2144 0.3242
Y 0.1933 -0.9764 -0.0964
Z 0.3372 -0.0261 0.9411

PART 66
OFFSET 5.0921 -4.3549 -6.7598
SCALE 1 1 1
X -0.7000 -0.6633 0.2647
Y 0.6331 -0.7478 -0.1999
Z 0.3305 0.0276 0.9434

PART 67
OFFSET 5.9631 -3.5468 -7.0243
SCALE 1 1 1
X -0.2139 -0.9764 0.0311
Y 0.9317 -0.2135 -0.2939
Z 0.2936 -0.0339 0.9553

PART 68
OFFSET 6.2047 -2.4440 -7.0594
SCALE 1 1 1
X -0.6888 0.5010 0.5239
Y 0.4414 0.8632 -0.2451
Z -0.5750 0.0625 -0.8158

PART 69
OFFSET 3.0676 -4.4421 -7.1761
SCALE 1 1 1
X -0.5515 -0.8248 0.1245
Y 0.7607 -0.5586 -0.3307
Z 0.3423 -0.0877 0.9355

PART 70
OFFSET 4.1450 -2.8307 -7.4193
SCALE 1 1 1
X 0.6437 -0.6991 -0.3114
Y 0.6662 0.7121 -0.2217
Z 0.3767 -0.0648 0.9241

PART 71
OFFSET 3.2049 -1.8096 -6.9644
SCALE 1 1 1
X 0.8935 -0.2312 -0.3851
Y 0.2158 0.9729 -0.0832
Z 0.3939 -0.0088 0.9191

PART 72
OFFSET 2.1903 -1.5471 -6.5348
SCALE 1 1 1
X -0.8481 -0.4436 0.2897
Y -0.3794 0.8902 0.2522
Z -0.3698 0.1040 -0.9233

PART 73
OFFSET -2.6939 -5.7039 -6.4264
SCALE 1 1 1
X -0.6163 -0.7770 0.1281
Y -0.6669 0.4286 -0.6096
Z 0.4187 -0.4611 -0.7823

PART 74
OFFSET -2.2418 -5.3875 -5.2958
SCALE 1 1 1
X -0.6163 -0.7770 0.1281
Y -0.6669 0.4286 -0.6096
Z 0.4187 -0.4611 -0.7823

PART 75
OFFSET -0.8427 -6.1959 -4.2771
SCALE 1 1 1
X -0.6163 -0.7770 0.1281
Y -0.6669 0.4286 -0.6096
Z 0.4187 -0.4611 -0.7823

PART 76
OFFSET 0.0000 0.0000 0.0000
SCALE 1 1 1
X 1.0000 0.0000 0.0000
Y 0.0000 1.0000 0.0000
Z 0.0000 0.0000 1.0000

PART 77
OFFSET 0.0000 0.0000 0.0000
SCALE 1 1 1
X 1.0000 0.0000 0.0000
Y 0.0000 1.0000 0.0000
Z 0.0000 0.0000 1.0000

PART 78
OFFSET 1.5404 0.0000 4.1357
SCALE 1 1 1
X 1.0000 0.0000 0.0000
Y 0.0000 1.0000 0.0000
Z 0.0000 0.0000 1.0000

PART 79
OFFSET 11.8679 -2.7617 -4.8225
SCALE 1 1 1
X 0.9999 0.0022 0.0109
Y -0.0022 1.0000 0.0021
Z -0.0109 -0.0022 0.9999

PART 80
OFFSET 10.1074 -3.3670 -7.8870
SCALE 1 1 1
X -0.0271 -0.8593 0.5107
Y 0.9986 0.0005 0.0537
Z -0.0464 0.5115 0.8581

PART 81
OFFSET 9.2661 -4.5813 -3.7939
SCALE 1 1 1
X 0.9995 0.0021 0.0314
Y -0.0022 1.0000 0.0021
Z -0.0314 -0.0022 0.9995

PART 82
OFFSET 39.7020 -2.7049 -2.9975
SCALE 1 1 1
X 0.9999 0.0022 0.0109
Y -0.0022 1.0000 0.0021
Z -0.0109 -0.0022 0.9999

PART 83
OFFSET 13.4263 -7.5088 -1.1152
SCALE 1 1 1
X 0.9808 0.0007 0.1948
Y -0.0861 -0.8956 0.4364
Z 0.1747 -0.4448 -0.8784

PART 84
OFFSET 3.3642 -3.0780 -5.5083
SCALE 1 1 1
X 0.8435 0.0294 0.5364
Y -0.2682 0.8882 0.3731
Z -0.4655 -0.4585 0.7570

PART 85
OFFSET 5.6779 -2.7669 -3.1785
SCALE 1 1 1
X 0.9999 0.0022 0.0109
Y -0.0022 1.0000 0.0021
Z -0.0109 -0.0022 0.9999

PART 86
OFFSET 35.4762 -2.7114 -4.2618
SCALE 1 1 1
X 0.9995 0.0021 0.0314
Y -0.0022 1.0000 0.0021
Z -0.0314 -0.0022 0.9995

PART 87
OFFSET 48.5995 -2.6874 -2.1039
SCALE 1 1 1
X 0.9995 0.0021 0.0314
Y -0.0022 1.0000 0.0021
Z -0.0314 -0.0022 0.9995

PART 88
OFFSET 48.9606 -2.6853 -2.7253
SCALE 1 1 1
X 0.9995 0.0021 0.0314
Y -0.0022 1.0000 0.0021
Z -0.0314 -0.0022 0.9995

PART 89
OFFSET 7.6777 -1.4527 -4.0208
SCALE 1 1 1
X 0.9999 0.0022 0.0109
Y -0.0022 1.0000 0.0021
Z -0.0109 -0.0022 0.9999

PART 90
OFFSET 17.4811 -3.1613 -3.9174
SCALE 1 1 1
X 0.9999 0.0022 0.0109
Y -0.0022 1.0000 0.0021
Z -0.0109 -0.0022 0.9999

PART 91
OFFSET 41.2875 -2.7018 -2.8413
SCALE 1 1 1
X 0.9995 0.0021 0.0314
Y -0.0022 1.0000 0.0021
Z -0.0314 -0.0022 0.9995


FRAME 68
PART 0
OFFSET 17.5351 -2.3925 -6.2218
SCALE 1 1 1
X 0.4578 -0.8669 0.1973
Y -0.1273 0.1557 0.9796
Z -0.8799 -0.4736 -0.0391

PART 1
OFFSET 17.5351 -2.3925 -6.2218
SCALE 1 1 1
X 0.4578 -0.8669 0.1973
Y -0.1273 0.1557 0.9796
Z -0.8799 -0.4736 -0.0391

PART 2
OFFSET 1.5849 -4.9062 -6.5879
SCALE 1 1 1
X -0.8293 -0.2981 0.4727
Y 0.2578 -0.9545 -0.1497
Z 0.4959 -0.0023 0.8684

PART 3
OFFSET 1.5849 -4.9062 -6.5879
SCALE 1 1 1
X -0.8293 -0.2981 0.4727
Y 0.2578 -0.9545 -0.1497
Z 0.4959 -0.0023 0.8684

PART 4
OFFSET 5.9840 -3.1050 -3.3894
SCALE 1 1 1
X 1.0000 0.0000 0.0000
Y 0.0000 1.0000 0.0000
Z 0.0000 -0.0000 1.0000

PART 5
OFFSET 1.4024 4.2672 -6.2573
SCALE 1 1 1
X 0.8047 0.1334 -0.5785
Y 0.0204 -0.9801 -0.1976
Z -0.5934 0.1472 -0.7914

PART 6
OFFSET 11.1341 5.8801 -13.2541
SCALE 1 1 1
X 0.5127 -0.6276 0.5859
Y -0.8099 -0.1270 0.5726
Z -0.2849 -0.7681 -0.5734

PART 7
OFFSET 15.4946 0.5424 -8.2704
SCALE 1 1 1
X 0.5127 -0.6276 0.5859
Y 0.7949 0.6048 -0.0478
Z -0.3244 0.4903 0.8089

PART 8
OFFSET 17.2740 1.1770 -6.7643
SCALE 1 1 1
X 0.5183 -0.6247 0.5841
Y 0.2951 0.7717 0.5634
Z -0.8027 -0.1197 0.5843

PART 9
OFFSET 16.8233 -0.4955 -8.8139
SCALE 1 1 1
X 0.5183 -0.6247 0.5841
Y 0.2951 0.7717 0.5634
Z -0.8027 -0.1197 0.5843

PART 10
OFFSET 15.7976 0.3177 -5.5009
SCALE 1 1 1
X 0.5183 -0.6247 0.5841
Y 0.2951 0.7717 0.5634
Z -0.8027 -0.1197 0.5843

PART 11
OFFSET 15.2308 -0.9097 -6.4897
SCALE 1 1 1
X 0.5183 -0.6247 0.5841
Y 0.2951 0.7717 0.5634
Z -0.8027 -0.1197 0.5843

PART 12
OFFSET 14.7211 -1.8686 -7.7211
SCALE 1 1 1
X 0.5183 -0.6247 0.5841
Y 0.2951 0.7717 0.5634
Z -0.8027 -0.1197 0.5843

PART 13
OFFSET 17.0662 -1.3815 -6.4741
SCALE 1 1 1
X 0.7106 -0.6860 0.1564
Y 0.7000 0.7117 -0.0591
Z -0.0707 0.1515 0.9859

PART 14
OFFSET 18.0324 -0.9411 -6.0560
SCALE 1 1 1
X 0.8793 -0.0698 0.4712
Y 0.1096 0.9923 -0.0575
Z -0.4635 0.1022 0.8802

PART 15
OFFSET 19.9150 -0.9871 -4.9960
SCALE 1 1 1
X 0.9245 -0.1456 0.3522
Y 0.0808 0.9781 0.1920
Z -0.3724 -0.1491 0.9160

PART 16
OFFSET 21.3610 -1.2971 -4.3363
SCALE 1 1 1
X 0.8328 -0.3433 0.4343
Y 0.2705 0.9368 0.2219
Z -0.4830 -0.0673 0.8730

PART 17
OFFSET 22.2440 -1.6555 -3.8229
SCALE 1 1 1
X 0.9808 -0.0171 -0.1945
Y -0.1949 -0.0310 -0.9803
Z 0.0108 0.9994 -0.0337

PART 18
OFFSET 16.9037 -2.6934 -6.0792
SCALE 1 1 1
X 0.1926 -0.9754 0.1069
Y -0.1184 0.0851 0.9893
Z -0.9741 -0.2032 -0.0991

PART 19
OFFSET 17.4639 -4.8450 -5.7032
SCALE 1 1 1
X -0.1317 0.0477 0.9901
Y -0.6666 0.7350 -0.1241
Z -0.7337 -0.6764 -0.0650

PART 20
OFFSET 17.2773 -4.7774 -4.3014
SCALE 1 1 1
X -0.5907 0.6088 0.5295
Y -0.3585 0.3899 -0.8482
Z -0.7229 -0.6909 -0.0120

PART 21
OFFSET 16.7536 -4.2376 -3.8319
SCALE 1 1 1
X -0.5943 0.5985 0.5373
Y -0.3155 0.4411 -0.8402
Z -0.7398 -0.6688 -0.0733

PART 22
OFFSET 16.1890 -3.6691 -3.3214
SCALE 1 1 1
X 0.7596 -0.6379 0.1271
Y 0.0508 -0.1366 -0.9893
Z 0.6485 0.7579 -0.0714

PART 23
OFFSET 17.5351 -2.3925 -6.2218
SCALE 1 1 1
X 0.4578 -0.8669 0.1973
Y -0.1273 0.1557 0.9796
