// Export filename: `C:/cod5/cod/cod5/xanim_export/viewmodel/US/m1garand/m1garand_putaway_empty.XANIM_EXPORT`
// Source filename: `C:/cod5/cod/cod5/animation_assets/viewmodel/US/m1_garand/viewmodelanimation_m1garand.mb`
// Export time: Tue Aug 26 01:44:17 2008

ANIMATION
VERSION 3

NUMPARTS 92
PART 0 "RingPalm_FK_LE"
PART 1 "RingPalm_SDK_LE"
PART 2 "RingPalm_FK_RI"
PART 3 "RingPalm_SDK_RI"
PART 4 "tag_torso"
PART 5 "J_Shoulder_LE"
PART 6 "J_Elbow_LE"
PART 7 "J_WristTwist_LE"
PART 8 "J_Sleave_Reshape_Bottom_LE_1"
PART 9 "J_Sleave_Reshape_Bottom_LE_2"
PART 10 "J_Sleave_Reshape_Top_LE_1"
PART 11 "J_Sleave_Reshape_Top_LE_2"
PART 12 "J_Sleave_Reshape_Top_LE_3"
PART 13 "J_Wrist_LE"
PART 14 "J_Thumb_LE_0"
PART 15 "J_Thumb_LE_1"
PART 16 "J_Thumb_LE_2"
PART 17 "J_Thumb_LE_3"
PART 18 "J_PinkyPalm_LE"
PART 19 "J_Pinky_LE_0"
PART 20 "J_Pinky_LE_1"
PART 21 "J_Pinky_LE_2"
PART 22 "J_Pinky_LE_3"
PART 23 "J_RingPalm_LE"
PART 24 "J_Ring_LE_0"
PART 25 "J_Ring_LE_1"
PART 26 "J_Ring_LE_2"
PART 27 "J_Ring_LE_3"
PART 28 "J_Webbing_LE"
PART 29 "J_Index_LE_0"
PART 30 "J_Index_LE_1"
PART 31 "J_Index_LE_2"
PART 32 "J_Index_LE_3"
PART 33 "J_Mid_LE_0"
PART 34 "J_Mid_LE_1"
PART 35 "J_Mid_LE_2"
PART 36 "J_Mid_LE_3"
PART 37 "D_Sleave_Reshape_Bottom_LE_1"
PART 38 "D_Sleave_Reshape_Bottom_LE_2"
PART 39 "D_Sleave_Reshape_Top_LE_1"
PART 40 "D_Sleave_Reshape_Top_LE_2"
PART 41 "D_Sleave_Reshape_Top_LE_3"
PART 42 "tag_weapon"
PART 43 "J_Shoulder_RI"
PART 44 "J_Elbow_RI"
PART 45 "J_WristTwist_RI"
PART 46 "J_Sleave_Reshape_Top_RI_3"
PART 47 "J_Sleave_Reshape_Top_RI_2"
PART 48 "J_Sleave_Reshape_Top_RI_1"
PART 49 "J_Wrist_RI"
PART 50 "J_Thumb_RI_0"
PART 51 "J_Thumb_RI_1"
PART 52 "J_Thumb_RI_2"
PART 53 "J_Thumb_RI_3"
PART 54 "J_PinkyPalm_RI"
PART 55 "J_Pinky_RI_0"
PART 56 "J_Pinky_RI_1"
PART 57 "J_Pinky_RI_2"
PART 58 "J_Pinky_RI_3"
PART 59 "J_RingPalm_RI"
PART 60 "J_Ring_RI_0"
PART 61 "J_Ring_RI_1"
PART 62 "J_Ring_RI_2"
PART 63 "J_Ring_RI_3"
PART 64 "J_Webbing_RI"
PART 65 "J_Index_RI_0"
PART 66 "J_Index_RI_1"
PART 67 "J_Index_RI_2"
PART 68 "J_Index_RI_3"
PART 69 "J_Mid_RI_0"
PART 70 "J_Mid_RI_1"
PART 71 "J_Mid_RI_2"
PART 72 "J_Mid_RI_3"
PART 73 "D_Sleave_Reshape_Top_RI_3"
PART 74 "D_Sleave_Reshape_Top_RI_2"
PART 75 "D_Sleave_Reshape_Top_RI_1"
PART 76 "tag_cambone"
PART 77 "tag_camera"
PART 78 "tag_gasmask"
PART 79 "J_Gun"
PART 80 "tag_brass"
PART 81 "J_Bolt"
PART 82 "tag_flash"
PART 83 "j_stripper"
PART 84 "J_Clip"
PART 85 "TAG_APERTURE"
PART 86 "tag_bayonet"
PART 87 "tag_grenade"
PART 88 "tag_grenade_mount"
PART 89 "TAG_TELESCOPIC"
PART 90 "TAG_IRON_SIGHTS"
PART 91 "TAG_SUPPRESSOR"

FRAMERATE 24
NUMFRAMES 11

FRAME 640
PART 0
OFFSET 18.5839 -2.3977 -6.7794
SCALE 1 1 1
X 0.4605 -0.8675 0.1881
Y -0.1034 0.1580 0.9820
Z -0.8816 -0.4717 -0.0170

PART 1
OFFSET 18.5839 -2.3977 -6.7794
SCALE 1 1 1
X 0.4605 -0.8675 0.1881
Y -0.1034 0.1580 0.9820
Z -0.8816 -0.4717 -0.0170

PART 2
OFFSET 2.6239 -4.8767 -6.7566
SCALE 1 1 1
X -0.8183 -0.2952 0.4931
Y 0.2520 -0.9554 -0.1538
Z 0.5166 -0.0016 0.8562

PART 3
OFFSET 2.6239 -4.8767 -6.7566
SCALE 1 1 1
X -0.8183 -0.2952 0.4931
Y 0.2520 -0.9554 -0.1538
Z 0.5166 -0.0016 0.8562

PART 4
OFFSET 6.2061 -3.1050 -3.3894
SCALE 1 1 1
X 1.0000 0.0000 0.0000
Y 0.0000 1.0000 0.0000
Z 0.0000 -0.0000 1.0000

PART 5
OFFSET 1.6245 4.2672 -6.2573
SCALE 1 1 1
X 0.8107 0.1254 -0.5719
Y 0.0112 -0.9799 -0.1990
Z -0.5853 0.1550 -0.7958

PART 6
OFFSET 11.4291 5.7835 -13.1734
SCALE 1 1 1
X 0.5775 -0.6196 0.5316
Y -0.7636 -0.1797 0.6202
Z -0.2888 -0.7641 -0.5769

PART 7
OFFSET 16.3410 0.5134 -8.6521
SCALE 1 1 1
X 0.5775 -0.6196 0.5316
Y 0.7600 0.6458 -0.0729
Z -0.2981 0.4461 0.8439

PART 8
OFFSET 18.1875 1.1862 -7.2467
SCALE 1 1 1
X 0.5828 -0.6164 0.5294
Y 0.2981 0.7683 0.5664
Z -0.7559 -0.1723 0.6315

PART 9
OFFSET 17.6745 -0.4474 -9.3130
SCALE 1 1 1
X 0.5828 -0.6164 0.5294
Y 0.2981 0.7683 0.5664
Z -0.7559 -0.1723 0.6315

PART 10
OFFSET 16.8375 0.2257 -5.9166
SCALE 1 1 1
X 0.5828 -0.6164 0.5294
Y 0.2981 0.7683 0.5664
Z -0.7559 -0.1723 0.6315

PART 11
OFFSET 16.2602 -0.9983 -6.9035
SCALE 1 1 1
X 0.5828 -0.6164 0.5294
Y 0.2981 0.7683 0.5664
Z -0.7559 -0.1723 0.6315

PART 12
OFFSET 15.7117 -1.9448 -8.1279
SCALE 1 1 1
X 0.5828 -0.6164 0.5294
Y 0.2981 0.7683 0.5664
Z -0.7559 -0.1723 0.6315

PART 13
OFFSET 18.1114 -1.3862 -7.0225
SCALE 1 1 1
X 0.7127 -0.6872 0.1407
Y 0.6999 0.7100 -0.0774
Z -0.0467 0.1537 0.9870

PART 14
OFFSET 19.0882 -0.9471 -6.6286
SCALE 1 1 1
X 0.8902 -0.0708 0.4501
Y 0.1103 0.9919 -0.0622
Z -0.4420 0.1050 0.8908

PART 15
OFFSET 20.9956 -0.9949 -5.6141
SCALE 1 1 1
X 0.9324 -0.1469 0.3302
Y 0.0875 0.9783 0.1879
Z -0.3507 -0.1463 0.9250

PART 16
OFFSET 22.4564 -1.3068 -4.9886
SCALE 1 1 1
X 0.8422 -0.3442 0.4149
Y 0.2778 0.9367 0.2133
Z -0.4620 -0.0644 0.8845

PART 17
OFFSET 23.3507 -1.6660 -4.4958
SCALE 1 1 1
X 0.9758 -0.0197 -0.2179
Y -0.2185 -0.0326 -0.9753
Z 0.0121 0.9993 -0.0361

PART 18
OFFSET 17.9555 -2.6969 -6.6210
SCALE 1 1 1
X 0.1930 -0.9756 0.1044
Y -0.0944 0.0874 0.9917
Z -0.9766 -0.2013 -0.0753

PART 19
OFFSET 18.5199 -4.8489 -6.2539
SCALE 1 1 1
X -0.1078 0.0501 0.9929
Y -0.6678 0.7362 -0.1097
Z -0.7365 -0.6749 -0.0459

PART 20
OFFSET 18.3673 -4.7780 -4.8482
SCALE 1 1 1
X -0.5765 0.6112 0.5423
Y -0.3780 0.3889 -0.8402
Z -0.7244 -0.6893 0.0068

PART 21
OFFSET 17.8561 -4.2360 -4.3674
SCALE 1 1 1
X -0.5799 0.6009 0.5501
Y -0.3346 0.4400 -0.8333
Z -0.7428 -0.6673 -0.0541

PART 22
OFFSET 17.3052 -3.6652 -3.8448
SCALE 1 1 1
X 0.7610 -0.6393 0.1102
Y 0.0267 -0.1388 -0.9900
Z 0.6482 0.7563 -0.0886

PART 23
OFFSET 18.5839 -2.3977 -6.7794
SCALE 1 1 1
X 0.4605 -0.8675 0.1881
Y -0.1034 0.1580 0.9820
Z -0.8816 -0.4717 -0.0170

PART 24
OFFSET 19.6506 -4.7226 -6.3154
SCALE 1 1 1
X 0.2147 -0.1885 0.9583
Y -0.6462 0.7083 0.2841
Z -0.7324 -0.6802 0.0303

PART 25
OFFSET 20.0161 -5.0435 -4.6839
SCALE 1 1 1
X -0.5443 0.6122 0.5736
Y -0.4290 0.3845 -0.8174
Z -0.7209 -0.6909 0.0534

PART 26
OFFSET 19.2618 -4.1951 -3.8889
SCALE 1 1 1
X -0.6242 0.6729 0.3970
Y -0.3096 0.2535 -0.9164
Z -0.7173 -0.6949 0.0501

PART 27
OFFSET 18.5849 -3.4653 -3.4583
SCALE 1 1 1
X 0.6530 -0.7303 0.2007
Y 0.1352 -0.1483 -0.9797
Z 0.7452 0.6668 0.0019

PART 28
OFFSET 21.3946 -2.2950 -6.1826
SCALE 1 1 1
X 0.5222 -0.7412 0.4218
Y 0.2791 -0.3189 -0.9058
Z 0.8059 0.5907 0.0403

PART 29
OFFSET 21.4336 -3.5857 -6.8994
SCALE 1 1 1
X 0.7815 -0.1932 0.5932
Y -0.5338 0.2849 0.7962
Z -0.3228 -0.9389 0.1195

PART 30
OFFSET 22.8096 -3.9259 -5.8550
SCALE 1 1 1
X 0.4267 -0.0634 0.9022
Y -0.8542 0.2995 0.4251
Z -0.2971 -0.9520 0.0736

PART 31
OFFSET 23.3464 -3.9452 -4.7627
SCALE 1 1 1
X -0.0335 0.1609 0.9864
Y -0.9583 0.2751 -0.0775
Z -0.2839 -0.9478 0.1450

PART 32
OFFSET 23.3085 -3.7634 -3.6486
SCALE 1 1 1
X 0.7961 -0.5674 -0.2104
Y -0.2169 0.0570 -0.9745
Z 0.5649 0.8215 -0.0777

PART 33
OFFSET 20.5899 -4.2550 -6.6533
SCALE 1 1 1
X 0.5337 -0.4449 0.7192
Y -0.4817 0.5391 0.6909
Z -0.6951 -0.7152 0.0734

PART 34
OFFSET 21.6324 -5.1242 -5.2483
SCALE 1 1 1
X -0.4525 0.5352 0.7134
Y -0.5211 0.4905 -0.6985
Z -0.7237 -0.6877 0.0569

PART 35
OFFSET 20.9715 -4.3425 -4.2064
SCALE 1 1 1
X -0.5059 0.5541 0.6611
Y -0.4470 0.4871 -0.7503
Z -0.7378 -0.6751 0.0013

PART 36
OFFSET 20.3936 -3.7200 -3.4571
SCALE 1 1 1
X 0.7206 -0.6928 -0.0278
Y -0.0714 -0.0343 -0.9969
Z 0.6897 0.7203 -0.0742

PART 37
OFFSET 18.1875 1.1862 -7.2467
SCALE 1 1 1
X 0.5828 -0.6164 0.5294
Y 0.2981 0.7683 0.5664
Z -0.7559 -0.1723 0.6315

PART 38
OFFSET 17.6745 -0.4474 -9.3130
SCALE 1 1 1
X 0.5828 -0.6164 0.5294
Y 0.2981 0.7683 0.5664
Z -0.7559 -0.1723 0.6315

PART 39
OFFSET 16.8375 0.2257 -5.9166
SCALE 1 1 1
X 0.5828 -0.6164 0.5294
Y 0.2981 0.7683 0.5664
Z -0.7559 -0.1723 0.6315

PART 40
OFFSET 16.2602 -0.9983 -6.9035
SCALE 1 1 1
X 0.5828 -0.6164 0.5294
Y 0.2981 0.7683 0.5664
Z -0.7559 -0.1723 0.6315

PART 41
OFFSET 15.7117 -1.9448 -8.1279
SCALE 1 1 1
X 0.5828 -0.6164 0.5294
Y 0.2981 0.7683 0.5664
Z -0.7559 -0.1723 0.6315

PART 42
OFFSET 14.0948 -2.7535 -5.0514
SCALE 1 1 1
X 1.0000 0.0000 0.0000
Y 0.0000 1.0000 0.0000
Z 0.0000 -0.0000 1.0000

PART 43
OFFSET -2.1097 -3.5648 -2.9073
SCALE 1 1 1
X 0.2111 0.9381 0.2745
Y 0.0155 -0.2841 0.9587
Z 0.9773 -0.1981 -0.0745

PART 44
OFFSET -4.6627 -14.9103 -6.2277
SCALE 1 1 1
X -0.5529 -0.8332 -0.0063
Y 0.6577 -0.4318 -0.6172
Z 0.5116 -0.3454 0.7868

PART 45
OFFSET 0.0400 -7.8235 -6.1744
SCALE 1 1 1
X -0.5529 -0.8332 -0.0063
Y -0.1817 0.1279 -0.9750
Z 0.8132 -0.5379 -0.2222

PART 46
OFFSET -0.2864 -5.8739 -7.1680
SCALE 1 1 1
X -0.5582 -0.8297 -0.0047
Y -0.5194 0.3539 -0.7778
Z 0.6470 -0.4317 -0.6285

PART 47
OFFSET -0.1362 -5.5242 -5.9553
SCALE 1 1 1
X -0.5582 -0.8297 -0.0047
Y -0.5194 0.3539 -0.7778
Z 0.6470 -0.4317 -0.6285

PART 48
OFFSET 1.1128 -6.2479 -4.4624
SCALE 1 1 1
X -0.5582 -0.8297 -0.0047
Y -0.5194 0.3539 -0.7778
Z 0.6470 -0.4317 -0.6285

PART 49
OFFSET 1.7351 -5.2691 -6.1552
SCALE 1 1 1
X -0.9422 -0.2609 0.2100
Y -0.2508 0.1341 -0.9587
Z 0.2220 -0.9560 -0.1918

PART 50
OFFSET 2.3098 -4.8886 -5.2458
SCALE 1 1 1
X -0.5540 -0.8093 -0.1953
Y 0.1690 0.1205 -0.9782
Z 0.8152 -0.5749 0.0700

PART 51
OFFSET 3.4431 -3.1222 -4.7305
SCALE 1 1 1
X -0.7162 -0.6948 0.0658
Y 0.1509 -0.2463 -0.9574
Z 0.6814 -0.6758 0.2812

PART 52
OFFSET 4.5320 -1.9396 -4.9254
SCALE 1 1 1
X -0.5750 -0.5315 0.6221
Y -0.2583 -0.6035 -0.7544
Z 0.7763 -0.5944 0.2097

PART 53
OFFSET 5.1226 -1.3275 -5.5949
SCALE 1 1 1
X -0.9763 -0.1349 0.1690
Y -0.1804 0.9390 -0.2927
Z -0.1192 -0.3163 -0.9411

PART 54
OFFSET 2.2190 -4.7115 -7.3208
SCALE 1 1 1
X -0.6198 -0.3315 0.7113
Y 0.2928 -0.9386 -0.1824
Z 0.7281 0.0952 0.6789

PART 55
OFFSET 3.6818 -3.8376 -8.7976
SCALE 1 1 1
X -0.0872 -0.9617 0.2597
Y 0.3843 -0.2730 -0.8819
Z 0.9191 0.0229 0.3934

PART 56
OFFSET 3.8053 -2.4760 -9.1653
SCALE 1 1 1
X 0.2953 -0.6955 -0.6551
Y 0.3097 0.7183 -0.6230
Z 0.9038 -0.0189 0.4275

PART 57
OFFSET 3.5435 -1.8594 -8.5845
SCALE 1 1 1
X 0.3789 -0.3392 -0.8610
Y 0.1022 0.9400 -0.3254
Z 0.9198 0.0353 0.3908

PART 58
OFFSET 3.1835 -1.5371 -7.7665
SCALE 1 1 1
X -0.4869 -0.3358 0.8063
Y -0.0505 0.9324 0.3578
Z -0.8720 0.1336 -0.4710

PART 59
OFFSET 2.6239 -4.8767 -6.7566
SCALE 1 1 1
X -0.8183 -0.2952 0.4931
Y 0.2520 -0.9554 -0.1538
Z 0.5166 -0.0016 0.8562

PART 60
OFFSET 4.6765 -4.1313 -8.1671
SCALE 1 1 1
X -0.0249 -0.9990 0.0374
Y 0.5171 -0.0449 -0.8548
Z 0.8556 -0.0020 0.5177

PART 61
OFFSET 4.7190 -2.4305 -8.2307
SCALE 1 1 1
X 0.4549 -0.4634 -0.7605
Y 0.2650 0.8857 -0.3812
Z 0.8502 -0.0281 0.5257

PART 62
OFFSET 4.0885 -1.7883 -7.1767
SCALE 1 1 1
X 0.5159 0.2775 -0.8104
Y -0.1265 0.9604 0.2483
Z 0.8472 -0.0256 0.5306

PART 63
OFFSET 3.5290 -2.0893 -6.2978
SCALE 1 1 1
X -0.3088 -0.7772 0.5482
Y -0.4356 0.6280 0.6449
Z -0.8455 -0.0397 -0.5325

PART 64
OFFSET -1.8554 -6.9808 -4.5732
SCALE 1 1 1
X -0.7763 -0.5373 0.3297
Y -0.4958 0.8434 0.2069
Z -0.3893 -0.0028 -0.9211

PART 65
OFFSET 5.6782 -4.7088 -6.3218
SCALE 1 1 1
X -0.9182 -0.2117 0.3347
Y 0.1901 -0.9770 -0.0964
Z 0.3474 -0.0248 0.9374

PART 66
OFFSET 7.2949 -4.3360 -6.9112
SCALE 1 1 1
X -0.6985 -0.6612 0.2737
Y 0.6292 -0.7496 -0.2052
Z 0.3409 0.0289 0.9397

PART 67
OFFSET 8.1647 -3.5304 -7.1869
SCALE 1 1 1
X -0.2156 -0.9758 0.0356
Y 0.9280 -0.2161 -0.3036
Z 0.3040 -0.0325 0.9521

PART 68
OFFSET 8.4083 -2.4282 -7.2270
SCALE 1 1 1
X -0.6820 0.5036 0.5303
Y 0.4406 0.8617 -0.2517
Z -0.5838 0.0620 -0.8096

PART 69
OFFSET 5.2658 -4.4197 -7.3051
SCALE 1 1 1
X -0.5519 -0.8233 0.1323
Y 0.7558 -0.5609 -0.3378
Z 0.3523 -0.0864 0.9319

PART 70
OFFSET 6.3440 -2.8112 -7.5635
SCALE 1 1 1
X 0.6387 -0.7011 -0.3169
Y 0.6652 0.7102 -0.2305
Z 0.3867 -0.0636 0.9200

PART 71
OFFSET 5.4110 -1.7871 -7.1006
SCALE 1 1 1
X 0.8887 -0.2339 -0.3944
Y 0.2170 0.9722 -0.0877
Z 0.4039 -0.0077 0.9148

PART 72
OFFSET 4.4018 -1.5215 -6.6605
SCALE 1 1 1
X -0.8459 -0.4411 0.2999
Y -0.3747 0.8915 0.2544
Z -0.3796 0.1028 -0.9194

PART 73
OFFSET -0.2864 -5.8739 -7.1680
SCALE 1 1 1
X -0.5582 -0.8297 -0.0047
Y -0.5194 0.3539 -0.7778
Z 0.6470 -0.4317 -0.6285

PART 74
OFFSET -0.1362 -5.5242 -5.9553
SCALE 1 1 1
X -0.5582 -0.8297 -0.0047
Y -0.5194 0.3539 -0.7778
Z 0.6470 -0.4317 -0.6285

PART 75
OFFSET 1.1128 -6.2479 -4.4624
SCALE 1 1 1
X -0.5582 -0.8297 -0.0047
Y -0.5194 0.3539 -0.7778
Z 0.6470 -0.4317 -0.6285

PART 76
OFFSET 0.0000 0.0000 0.0000
SCALE 1 1 1
X 1.0000 0.0000 0.0000
Y 0.0000 1.0000 0.0000
Z 0.0000 0.0000 1.0000

PART 77
OFFSET 0.0000 0.0000 0.0000
SCALE 1 1 1
X 1.0000 0.0000 0.0000
Y 0.0000 1.0000 0.0000
Z 0.0000 0.0000 1.0000

PART 78
OFFSET 1.5404 0.0000 4.1357
SCALE 1 1 1
X 1.0000 0.0000 0.0000
Y 0.0000 1.0000 0.0000
Z 0.0000 0.0000 1.0000

PART 79
OFFSET 14.0948 -2.7535 -5.0514
SCALE 1 1 1
X 1.0000 0.0000 0.0000
Y 0.0000 1.0000 0.0000
Z 0.0000 -0.0000 1.0000

PART 80
OFFSET 12.2995 -3.3615 -8.0951
SCALE 1 1 1
X -0.0234 -0.8582 0.5129
Y 0.9991 -0.0016 0.0428
Z -0.0359 0.5134 0.8574

PART 81
OFFSET 11.5005 -4.5652 -3.9904
SCALE 1 1 1
X 0.9998 -0.0000 0.0204
Y 0.0000 1.0000 0.0000
Z -0.0204 -0.0000 0.9998

PART 82
OFFSET 41.9472 -2.7535 -3.5307
SCALE 1 1 1
X 1.0000 0.0000 0.0000
Y 0.0000 1.0000 0.0000
Z 0.0000 -0.0000 1.0000

PART 83
OFFSET 11.4927 -2.7781 -5.0545
SCALE 1 1 1
X 0.9976 -0.0635 -0.0267
Y 0.0630 0.9978 -0.0221
Z 0.0280 0.0204 0.9994

PART 84
OFFSET 12.0201 -2.7912 -4.7391
SCALE 1 1 1
X 1.0000 0.0000 0.0000
Y 0.0000 1.0000 0.0000
Z 0.0000 -0.0000 1.0000

PART 85
OFFSET 7.9231 -2.7417 -3.3398
SCALE 1 1 1
X 1.0000 0.0000 0.0000
Y 0.0000 1.0000 0.0000
Z 0.0000 -0.0000 1.0000

PART 86
OFFSET 37.7078 -2.7535 -4.7488
SCALE 1 1 1
X 0.9998 -0.0000 0.0204
Y 0.0000 1.0000 0.0000
Z -0.0204 -0.0000 0.9998

PART 87
OFFSET 50.8662 -2.7535 -3.3390
SCALE 1 1 1
X 0.9998 -0.0000 0.0204
Y 0.0000 1.0000 0.0000
Z -0.0204 -0.0000 0.9998

PART 88
OFFSET 51.2082 -2.7535 -3.3597
SCALE 1 1 1
X 0.9998 -0.0000 0.0204
Y 0.0000 1.0000 0.0000
Z -0.0204 -0.0000 0.9998

PART 89
OFFSET 9.9164 -1.4336 -4.2067
SCALE 1 1 1
X 1.0000 0.0000 0.0000
Y 0.0000 1.0000 0.0000
Z 0.0000 -0.0000 1.0000

PART 90
OFFSET 19.7167 -3.1634 -4.2067
SCALE 1 1 1
X 1.0000 0.0000 0.0000
Y 0.0000 1.0000 0.0000
Z 0.0000 -0.0000 1.0000

PART 91
OFFSET 43.5343 -2.7535 -3.3919
SCALE 1 1 1
X 0.9998 -0.0000 0.0204
Y 0.0000 1.0000 0.0000
Z -0.0204 -0.0000 0.9998


FRAME 641
PART 0
OFFSET 19.8587 -1.4863 -7.4928
SCALE 1 1 1
X 0.5127 -0.8486 0.1306
Y -0.2197 0.0173 0.9754
Z -0.8300 -0.5288 -0.1775

PART 1
OFFSET 19.8587 -1.4863 -7.4928
SCALE 1 1 1
X 0.5127 -0.8486 0.1306
Y -0.2197 0.0173 0.9754
Z -0.8300 -0.5288 -0.1775

PART 2
OFFSET 4.2571 -4.7849 -9.2733
SCALE 1 1 1
X -0.8398 -0.3772 0.3905
Y 0.3090 -0.9235 -0.2274
Z 0.4463 -0.0703 0.8921

PART 3
OFFSET 4.2571 -4.7849 -9.2733
SCALE 1 1 1
X -0.8398 -0.3772 0.3905
Y 0.3090 -0.9235 -0.2274
Z 0.4463 -0.0703 0.8921

PART 4
OFFSET 5.9840 -3.1050 -3.3894
SCALE 1 1 1
X 1.0000 0.0000 0.0000
Y 0.0000 1.0000 0.0000
Z 0.0000 -0.0000 1.0000

PART 5
OFFSET 1.4024 4.2672 -6.2573
SCALE 1 1 1
X 0.8206 0.1417 -0.5537
Y 0.0449 -0.9818 -0.1847
Z -0.5698 0.1267 -0.8120

PART 6
OFFSET 11.3261 5.9810 -12.9540
SCALE 1 1 1
X 0.6915 -0.5591 0.4574
Y -0.6771 -0.2809 0.6802
Z -0.2518 -0.7800 -0.5728

PART 7
OFFSET 17.2073 1.2252 -9.0634
SCALE 1 1 1
X 0.6915 -0.5591 0.4574
Y 0.5919 0.8015 0.0849
Z -0.4141 0.2120 0.8852

PART 8
OFFSET 19.0874 2.0789 -7.8088
SCALE 1 1 1
X 0.6962 -0.5553 0.4549
Y 0.2596 0.7856 0.5617
Z -0.6693 -0.2729 0.6911

PART 9
OFFSET 18.5748 0.4411 -9.8719
SCALE 1 1 1
X 0.6962 -0.5553 0.4549
Y 0.2596 0.7856 0.5617
Z -0.6693 -0.2729 0.6911

PART 10
OFFSET 17.9856 0.9390 -6.3942
SCALE 1 1 1
X 0.6962 -0.5553 0.4549
Y 0.2596 0.7856 0.5617
Z -0.6693 -0.2729 0.6911

PART 11
OFFSET 17.4629 -0.3227 -7.3640
SCALE 1 1 1
X 0.6962 -0.5553 0.4549
Y 0.2596 0.7856 0.5617
Z -0.6693 -0.2729 0.6911

PART 12
OFFSET 16.9149 -1.3003 -8.5638
SCALE 1 1 1
X 0.6962 -0.5553 0.4549
Y 0.2596 0.7856 0.5617
Z -0.6693 -0.2729 0.6911

PART 13
OFFSET 19.3272 -0.4890 -7.6611
SCALE 1 1 1
X 0.7516 -0.6455 0.1355
Y 0.6390 0.7635 0.0932
Z -0.1637 0.0166 0.9864

PART 14
OFFSET 20.2147 -0.0357 -7.1052
SCALE 1 1 1
X 0.8406 -0.0646 0.5377
Y 0.0285 0.9968 0.0751
Z -0.5408 -0.0478 0.8398

PART 15
OFFSET 22.0015 -0.0782 -5.8906
SCALE 1 1 1
X 0.9018 -0.1206 0.4151
Y -0.0192 0.9482 0.3172
Z -0.4318 -0.2940 0.8527

PART 16
OFFSET 23.4100 -0.3624 -5.1439
SCALE 1 1 1
X 0.8209 -0.3337 0.4635
Y 0.1702 0.9176 0.3591
Z -0.5451 -0.2159 0.8101

PART 17
OFFSET 24.2757 -0.7175 -4.5996
SCALE 1 1 1
X 0.9912 0.0815 -0.1043
Y -0.1109 0.0820 -0.9904
Z -0.0721 0.9933 0.0903

PART 18
OFFSET 19.2459 -1.8494 -7.4468
SCALE 1 1 1
X 0.2661 -0.9639 0.0036
Y -0.2056 -0.0531 0.9772
Z -0.9418 -0.2608 -0.2123

PART 19
OFFSET 19.9557 -3.9838 -7.2879
SCALE 1 1 1
X -0.2157 -0.0911 0.9722
Y -0.7148 0.6931 -0.0937
Z -0.6653 -0.7151 -0.2146

PART 20
OFFSET 19.6503 -4.1127 -5.9115
SCALE 1 1 1
X -0.6819 0.4892 0.5438
Y -0.3202 0.4688 -0.8232
Z -0.6576 -0.7355 -0.1630

PART 21
OFFSET 19.0457 -3.6790 -5.4294
SCALE 1 1 1
X -0.6852 0.4777 0.5498
Y -0.2825 0.5216 -0.8051
Z -0.6714 -0.7070 -0.2225

PART 22
OFFSET 18.3947 -3.2252 -4.9070
SCALE 1 1 1
X 0.7985 -0.5905 0.1170
Y 0.1429 -0.0030 -0.9897
Z 0.5848 0.8070 0.0820

PART 23
OFFSET 19.8587 -1.4863 -7.4928
SCALE 1 1 1
X 0.5127 -0.8486 0.1306
Y -0.2197 0.0173 0.9754
Z -0.8300 -0.5288 -0.1775

PART 24
OFFSET 21.0710 -3.7675 -7.2019
SCALE 1 1 1
X 0.1284 -0.2985 0.9457
Y -0.7323 0.6145 0.2934
Z -0.6688 -0.7302 -0.1397

PART 25
OFFSET 21.2896 -4.2758 -5.5918
SCALE 1 1 1
X -0.6534 0.4883 0.5785
Y -0.3727 0.4576 -0.8072
Z -0.6589 -0.7431 -0.1170

PART 26
OFFSET 20.3841 -3.5990 -4.7900
SCALE 1 1 1
X -0.7193 0.5660 0.4028
Y -0.2326 0.3502 -0.9073
Z -0.6547 -0.7463 -0.1203

PART 27
OFFSET 19.6041 -2.9851 -4.3531
SCALE 1 1 1
X 0.6899 -0.7005 0.1824
Y 0.2501 -0.0058 -0.9682
Z 0.6793 0.7136 0.1712

PART 28
OFFSET 22.5710 -1.2577 -6.5666
SCALE 1 1 1
X 0.5381 -0.7504 0.3838
Y 0.3998 -0.1736 -0.9000
Z 0.7420 0.6377 0.2066

PART 29
OFFSET 22.7986 -2.4346 -7.4293
SCALE 1 1 1
X 0.7287 -0.2127 0.6509
Y -0.6376 0.1359 0.7583
Z -0.2497 -0.9676 -0.0366

PART 30
OFFSET 24.0816 -2.8091 -6.2832
SCALE 1 1 1
X 0.3333 -0.1518 0.9305
Y -0.9172 0.1763 0.3573
Z -0.2183 -0.9726 -0.0805

PART 31
OFFSET 24.5001 -2.9346 -5.1471
SCALE 1 1 1
X -0.1512 0.0248 0.9882
Y -0.9653 0.2117 -0.1530
Z -0.2130 -0.9770 -0.0081

PART 32
OFFSET 24.3293 -2.9066 -4.0309
SCALE 1 1 1
X 0.8607 -0.4740 -0.1859
Y -0.1173 0.1706 -0.9783
Z 0.4954 0.8638 0.0912

PART 33
OFFSET 21.9958 -3.1911 -7.3679
SCALE 1 1 1
X 0.4921 -0.4965 0.7151
Y -0.5973 0.4050 0.6922
Z -0.6333 -0.7678 -0.0973

PART 34
OFFSET 22.9571 -4.1611 -5.9709
SCALE 1 1 1
X -0.5704 0.4003 0.7173
Y -0.4858 0.5397 -0.6875
Z -0.6623 -0.7406 -0.1134

PART 35
OFFSET 22.1241 -3.5764 -4.9233
SCALE 1 1 1
X -0.6194 0.4220 0.6620
Y -0.4067 0.5487 -0.7304
Z -0.6715 -0.7216 -0.1683

PART 36
OFFSET 21.4180 -3.1039 -4.1742
SCALE 1 1 1
X 0.7776 -0.6280 -0.0303
Y 0.0372 0.0941 -0.9949
Z 0.6276 0.7725 0.0965

PART 37
OFFSET 19.0874 2.0789 -7.8088
SCALE 1 1 1
X 0.6962 -0.5553 0.4549
Y 0.2596 0.7856 0.5617
Z -0.6693 -0.2729 0.6911

PART 38
OFFSET 18.5748 0.4411 -9.8719
SCALE 1 1 1
X 0.6962 -0.5553 0.4549
Y 0.2596 0.7856 0.5617
Z -0.6693 -0.2729 0.6911

PART 39
OFFSET 17.9856 0.9390 -6.3942
SCALE 1 1 1
X 0.6962 -0.5553 0.4549
Y 0.2596 0.7856 0.5617
Z -0.6693 -0.2729 0.6911

PART 40
OFFSET 17.4629 -0.3227 -7.3640
SCALE 1 1 1
X 0.6962 -0.5553 0.4549
Y 0.2596 0.7856 0.5617
Z -0.6693 -0.2729 0.6911

PART 41
OFFSET 16.9149 -1.3003 -8.5638
SCALE 1 1 1
X 0.6962 -0.5553 0.4549
Y 0.2596 0.7856 0.5617
Z -0.6693 -0.2729 0.6911

PART 42
OFFSET 15.2614 -2.3993 -6.3541
SCALE 1 1 1
X 0.9905 0.0736 0.1158
Y -0.0880 0.9883 0.1246
Z -0.1052 -0.1336 0.9854

PART 43
OFFSET -2.3317 -3.5648 -2.9073
SCALE 1 1 1
X 0.0955 0.9092 0.4052
Y 0.1244 -0.4148 0.9014
Z 0.9876 -0.0357 -0.1527

PART 44
OFFSET -3.4871 -14.5608 -7.8079
SCALE 1 1 1
X -0.5903 -0.8027 0.0850
Y 0.5281 -0.4637 -0.7114
Z 0.6105 -0.3751 0.6976

PART 45
OFFSET 1.5335 -7.7334 -8.5307
SCALE 1 1 1
X -0.5903 -0.8027 0.0850
Y -0.3292 0.1433 -0.9333
Z 0.7370 -0.5789 -0.3489

PART 46
OFFSET 1.1571 -5.7652 -9.4714
SCALE 1 1 1
X -0.5951 -0.7989 0.0873
Y -0.6163 0.3839 -0.6876
Z 0.5158 -0.4630 -0.7209

PART 47
OFFSET 1.5163 -5.4293 -8.2991
SCALE 1 1 1
X -0.5951 -0.7989 0.0873
Y -0.6163 0.3839 -0.6876
Z 0.5158 -0.4630 -0.7209

PART 48
OFFSET 2.9481 -6.2256 -7.0168
SCALE 1 1 1
X -0.5951 -0.7989 0.0873
Y -0.6163 0.3839 -0.6876
Z 0.5158 -0.4630 -0.7209

PART 49
OFFSET 3.3432 -5.2726 -8.7912
SCALE 1 1 1
X -0.9423 -0.3185 0.1028
Y -0.1800 0.2232 -0.9580
Z 0.2821 -0.9213 -0.2676

PART 50
OFFSET 3.8249 -4.9664 -7.8031
SCALE 1 1 1
X -0.4970 -0.8071 -0.3187
Y 0.2345 0.2287 -0.9448
Z 0.8355 -0.5443 0.0756

PART 51
OFFSET 4.8274 -3.2173 -7.0252
SCALE 1 1 1
X -0.6853 -0.7263 -0.0537
Y 0.2282 -0.1440 -0.9629
Z 0.6916 -0.6721 0.2644

PART 52
OFFSET 5.8699 -1.9781 -7.0255
SCALE 1 1 1
X -0.5912 -0.6147 0.5222
Y -0.1750 -0.5342 -0.8270
Z 0.7873 -0.5803 0.2082

PART 53
OFFSET 6.4762 -1.2778 -7.5856
SCALE 1 1 1
X -0.9782 -0.1911 0.0813
Y -0.2043 0.9556 -0.2122
Z -0.0371 -0.2242 -0.9738

PART 54
OFFSET 3.8909 -4.5779 -9.8500
SCALE 1 1 1
X -0.6578 -0.4281 0.6197
Y 0.3511 -0.9022 -0.2506
Z 0.6664 0.0527 0.7438

PART 55
OFFSET 5.4229 -3.4977 -11.1033
SCALE 1 1 1
X -0.0615 -0.9862 0.1535
Y 0.4659 -0.1643 -0.8694
Z 0.8827 0.0181 0.4696

PART 56
OFFSET 5.5099 -2.1014 -11.3206
SCALE 1 1 1
X 0.3794 -0.6113 -0.6945
Y 0.3235 0.7909 -0.5194
Z 0.8668 -0.0276 0.4979

PART 57
OFFSET 5.1735 -1.5595 -10.7048
SCALE 1 1 1
X 0.4620 -0.2325 -0.8559
Y 0.0826 0.9721 -0.2195
Z 0.8830 0.0307 0.4683

PART 58
OFFSET 4.7345 -1.3386 -9.8917
SCALE 1 1 1
X -0.5329 -0.4369 0.7247
Y -0.1234 0.8874 0.4442
Z -0.8371 0.1473 -0.5268

PART 59
OFFSET 4.2571 -4.7849 -9.2733
SCALE 1 1 1
X -0.8398 -0.3772 0.3905
Y 0.3090 -0.9235 -0.2274
Z 0.4463 -0.0703 0.8921

PART 60
OFFSET 6.3773 -3.8159 -10.4242
SCALE 1 1 1
X 0.0201 -0.9977 -0.0655
Y 0.5850 0.0648 -0.8084
Z 0.8108 -0.0221 0.5849

PART 61
OFFSET 6.3431 -2.1174 -10.3127
SCALE 1 1 1
X 0.5356 -0.3633 -0.7623
Y 0.2517 0.9304 -0.2666
Z 0.8061 -0.0491 0.5898

PART 62
OFFSET 5.6007 -1.6138 -9.2562
SCALE 1 1 1
X 0.5649 0.3806 -0.7322
Y -0.1917 0.9235 0.3321
Z 0.8026 -0.0472 0.5947

PART 63
OFFSET 4.9881 -2.0266 -8.4621
SCALE 1 1 1
X -0.3138 -0.8417 0.4394
Y -0.5151 0.5397 0.6659
Z -0.7976 -0.0174 -0.6030

PART 64
OFFSET -0.2754 -7.2805 -7.6967
SCALE 1 1 1
X -0.7734 -0.5990 0.2076
Y -0.5506 0.7970 0.2483
Z -0.3142 0.0778 -0.9462

PART 65
OFFSET 7.2556 -4.5424 -8.5688
SCALE 1 1 1
X -0.9307 -0.2816 0.2334
Y 0.2438 -0.9534 -0.1778
Z 0.2726 -0.1086 0.9560

PART 66
OFFSET 8.8943 -4.0467 -8.9798
SCALE 1 1 1
X -0.6855 -0.7132 0.1462
Y 0.6788 -0.6987 -0.2260
Z 0.2633 -0.0557 0.9631

PART 67
OFFSET 9.7436 -3.1830 -9.0990
SCALE 1 1 1
X -0.1707 -0.9820 -0.0810
Y 0.9584 -0.1464 -0.2448
Z 0.2285 -0.1194 0.9662

PART 68
OFFSET 9.9364 -2.0738 -9.0075
SCALE 1 1 1
X -0.7454 0.4183 0.5191
Y 0.4174 0.9000 -0.1259
Z -0.5199 0.1228 -0.8454

PART 69
OFFSET 6.9093 -4.1690 -9.5491
SCALE 1 1 1
X -0.5205 -0.8538 0.0020
Y 0.8063 -0.4923 -0.3278
Z 0.2808 -0.1690 0.9448

PART 70
OFFSET 7.9262 -2.5010 -9.5530
SCALE 1 1 1
X 0.6948 -0.6385 -0.3311
Y 0.6466 0.7561 -0.1012
Z 0.3149 -0.1438 0.9382

PART 71
OFFSET 6.9113 -1.5684 -9.0694
SCALE 1 1 1
X 0.9274 -0.1562 -0.3398
Y 0.1764 0.9839 0.0291
Z 0.3298 -0.0869 0.9400

PART 72
OFFSET 5.8587 -1.3902 -8.6912
SCALE 1 1 1
X -0.8449 -0.5031 0.1819
Y -0.4361 0.8447 0.3104
Z -0.3098 0.1830 -0.9330

PART 73
OFFSET 1.1571 -5.7652 -9.4714
SCALE 1 1 1
X -0.5951 -0.7989 0.0873
Y -0.6163 0.3839 -0.6876
Z 0.5158 -0.4630 -0.7209

PART 74
OFFSET 1.5163 -5.4293 -8.2991
SCALE 1 1 1
X -0.5951 -0.7989 0.0873
Y -0.6163 0.3839 -0.6876
Z 0.5158 -0.4630 -0.7209

PART 75
OFFSET 2.9481 -6.2256 -7.0168
SCALE 1 1 1
X -0.5951 -0.7989 0.0873
Y -0.6163 0.3839 -0.6876
Z 0.5158 -0.4630 -0.7209

PART 76
OFFSET 0.0000 0.0000 0.0000
SCALE 1 1 1
X 1.0000 0.0000 0.0000
Y 0.0000 1.0000 0.0000
Z 0.0000 0.0000 1.0000

PART 77
OFFSET 0.0000 0.0000 0.0000
SCALE 1 1 1
X 0.9999 -0.0003 -0.0120
Y 0.0001 0.9999 -0.0160
Z 0.0120 0.0160 0.9998

PART 78
OFFSET 1.5899 0.0657 4.1165
SCALE 1 1 1
X 0.9999 -0.0003 -0.0120
Y 0.0001 0.9999 -0.0160
Z 0.0120 0.0160 0.9998

PART 79
OFFSET 15.2614 -2.3993 -6.3541
SCALE 1 1 1
X 0.9905 0.0736 0.1158
Y -0.0880 0.9883 0.1246
Z -0.1052 -0.1336 0.9854

PART 80
OFFSET 13.8570 -2.7256 -9.6370
SCALE 1 1 1
X -0.0016 -0.9184 0.3957
Y 0.9853 0.0662 0.1576
Z -0.1710 0.3902 0.9047

PART 81
OFFSET 12.7394 -4.5226 -5.8347
SCALE 1 1 1
X 0.9882 0.0709 0.1359
Y -0.0880 0.9883 0.1246
Z -0.1255 -0.1351 0.9829

PART 82
OFFSET 42.6905 -0.5523 -1.6311
SCALE 1 1 1
X 0.9905 0.0736 0.1158
Y -0.0880 0.9883 0.1246
Z -0.1052 -0.1336 0.9854

PART 83
OFFSET 12.6870 -2.6149 -6.6604
SCALE 1 1 1
X 0.9966 0.0142 0.0815
Y -0.0231 0.9937 0.1101
Z -0.0794 -0.1116 0.9906

PART 84
OFFSET 13.1768 -2.6310 -6.2913
SCALE 1 1 1
X 0.9905 0.0736 0.1158
Y -0.0880 0.9883 0.1246
Z -0.1052 -0.1336 0.9854

PART 85
OFFSET 8.9670 -3.0706 -5.3804
SCALE 1 1 1
X 0.9905 0.0736 0.1158
Y -0.0880 0.9883 0.1246
Z -0.1052 -0.1336 0.9854

PART 86
OFFSET 38.6194 -0.7016 -3.3222
SCALE 1 1 1
X 0.9882 0.0709 0.1359
Y -0.0880 0.9883 0.1246
Z -0.1255 -0.1351 0.9829

PART 87
OFFSET 51.5051 0.0787 -0.4101
SCALE 1 1 1
X 0.9882 0.0709 0.1359
Y -0.0880 0.9883 0.1246
Z -0.1255 -0.1351 0.9829

PART 88
OFFSET 51.8459 0.1066 -0.3905
SCALE 1 1 1
X 0.9882 0.0709 0.1359
Y -0.0880 0.9883 0.1246
Z -0.1255 -0.1351 0.9829

PART 89
OFFSET 10.9175 -1.5153 -5.8410
SCALE 1 1 1
X 0.9905 0.0736 0.1158
Y -0.0880 0.9883 0.1246
Z -0.1052 -0.1336 0.9854

PART 90
OFFSET 20.7773 -2.5034 -4.9220
SCALE 1 1 1
X 0.9905 0.0736 0.1158
Y -0.0880 0.9883 0.1246
Z -0.1052 -0.1336 0.9854

PART 91
OFFSET 44.2480 -0.4540 -1.3106
SCALE 1 1 1
X 0.9882 0.0709 0.1359
Y -0.0880 0.9883 0.1246
Z -0.1255 -0.1351 0.9829


FRAME 642
PART 0
OFFSET 20.6898 -0.6986 -8.3301
SCALE 1 1 1
X 0.5748 -0.8125 0.0971
Y -0.3179 -0.1124 0.9414
Z -0.7540 -0.5720 -0.3229

PART 1
OFFSET 20.6898 -0.6986 -8.3301
SCALE 1 1 1
X 0.5748 -0.8125 0.0971
Y -0.3179 -0.1124 0.9414
Z -0.7540 -0.5720 -0.3229

PART 2
OFFSET 5.8787 -4.8733 -12.0417
SCALE 1 1 1
X -0.8413 -0.4801 0.2484
Y 0.4092 -0.8659 -0.2877
Z 0.3532 -0.1403 0.9249

PART 3
OFFSET 5.8787 -4.8733 -12.0417
SCALE 1 1 1
X -0.8413 -0.4801 0.2484
Y 0.4092 -0.8659 -0.2877
Z 0.3532 -0.1403 0.9249

PART 4
OFFSET 5.9840 -3.1050 -3.3894
SCALE 1 1 1
X 1.0000 0.0000 0.0000
Y 0.0000 1.0000 0.0000
Z 0.0000 -0.0000 1.0000

PART 5
OFFSET 1.4024 4.2672 -6.2573
SCALE 1 1 1
X 0.8237 0.1892 -0.5345
Y 0.0629 -0.9674 -0.2455
Z -0.5635 0.1686 -0.8087

PART 6
OFFSET 11.3644 6.5557 -12.7213
SCALE 1 1 1
X 0.7538 -0.5437 0.3691
Y -0.6144 -0.3839 0.6893
Z -0.2331 -0.7463 -0.6235

PART 7
OFFSET 17.7754 1.9309 -9.5824
SCALE 1 1 1
X 0.7538 -0.5437 0.3691
Y 0.4881 0.8393 0.2395
Z -0.4400 -0.0004 0.8980

PART 8
OFFSET 19.6664 2.8113 -8.3630
SCALE 1 1 1
X 0.7580 -0.5394 0.3666
Y 0.2398 0.7533 0.6124
Z -0.6065 -0.3764 0.7003

PART 9
OFFSET 19.1411 1.3164 -10.5289
SCALE 1 1 1
X 0.7580 -0.5394 0.3666
Y 0.2398 0.7533 0.6124
Z -0.6065 -0.3764 0.7003

PART 10
OFFSET 18.7309 1.4825 -6.9942
SCALE 1 1 1
X 0.7580 -0.5394 0.3666
Y 0.2398 0.7533 0.6124
Z -0.6065 -0.3764 0.7003

PART 11
OFFSET 18.2363 0.2707 -8.0394
SCALE 1 1 1
X 0.7580 -0.5394 0.3666
Y 0.2398 0.7533 0.6124
Z -0.6065 -0.3764 0.7003

PART 12
OFFSET 17.6837 -0.6416 -9.2875
SCALE 1 1 1
X 0.7580 -0.5394 0.3666
Y 0.2398 0.7533 0.6124
Z -0.6065 -0.3764 0.7003

PART 13
OFFSET 20.0862 0.2640 -8.4510
SCALE 1 1 1
X 0.7916 -0.5923 0.1498
Y 0.5513 0.7982 0.2430
Z -0.2635 -0.1098 0.9584

PART 14
OFFSET 20.8661 0.7227 -7.7556
SCALE 1 1 1
X 0.7842 -0.0557 0.6180
Y -0.0735 0.9806 0.1817
Z -0.6161 -0.1879 0.7649

PART 15
OFFSET 22.5168 0.6899 -6.3614
SCALE 1 1 1
X 0.8625 -0.0922 0.4976
Y -0.1407 0.9009 0.4106
Z -0.4862 -0.4242 0.7640

PART 16
OFFSET 23.8631 0.4399 -5.4969
SCALE 1 1 1
X 0.7976 -0.3153 0.5142
Y 0.0456 0.8816 0.4698
Z -0.6014 -0.3513 0.7175

PART 17
OFFSET 24.6989 0.0978 -4.9000
SCALE 1 1 1
X 0.9845 0.1746 0.0155
Y -0.0174 0.1851 -0.9826
Z -0.1744 0.9671 0.1853

PART 18
OFFSET 20.1126 -1.1141 -8.3907
SCALE 1 1 1
X 0.3542 -0.9327 -0.0678
Y -0.2975 -0.1811 0.9374
Z -0.8866 -0.3119 -0.3416

PART 19
OFFSET 21.0012 -3.1865 -8.3783
SCALE 1 1 1
X -0.3034 -0.2190 0.9273
Y -0.7639 0.6377 -0.0993
Z -0.5696 -0.7385 -0.3608

PART 20
OFFSET 20.5716 -3.4966 -7.0654
SCALE 1 1 1
X -0.7766 0.3658 0.5130
Y -0.2781 0.5316 -0.8001
Z -0.5653 -0.7640 -0.3111

PART 21
OFFSET 19.8830 -3.1723 -6.6106
SCALE 1 1 1
X -0.7794 0.3534 0.5174
Y -0.2475 0.5849 -0.7724
Z -0.5756 -0.7301 -0.3684

PART 22
OFFSET 19.1426 -2.8366 -6.1191
SCALE 1 1 1
X 0.8347 -0.5319 0.1424
Y 0.2419 0.1219 -0.9626
Z 0.4946 0.8380 0.2304

PART 23
OFFSET 20.6898 -0.6986 -8.3301
SCALE 1 1 1
X 0.5748 -0.8125 0.0971
Y -0.3179 -0.1124 0.9414
Z -0.7540 -0.5720 -0.3229

PART 24
OFFSET 22.0766 -2.8899 -8.1469
SCALE 1 1 1
X 0.0597 -0.3929 0.9176
Y -0.8130 0.5143 0.2731
Z -0.5792 -0.7623 -0.2887

PART 25
OFFSET 22.1782 -3.5588 -6.5846
SCALE 1 1 1
X -0.7517 0.3633 0.5504
Y -0.3307 0.5144 -0.7912
Z -0.5705 -0.7768 -0.2665

PART 26
OFFSET 21.1363 -3.0553 -5.8218
SCALE 1 1 1
X -0.8066 0.4548 0.3776
Y -0.1716 0.4311 -0.8859
Z -0.5657 -0.7793 -0.2696

PART 27
OFFSET 20.2616 -2.5620 -5.4123
SCALE 1 1 1
X 0.7310 -0.6572 0.1834
Y 0.3462 0.1255 -0.9297
Z 0.5880 0.7432 0.3193

PART 28
OFFSET 23.2607 -0.3536 -7.0898
SCALE 1 1 1
X 0.5650 -0.7422 0.3604
Y 0.5035 -0.0360 -0.8633
Z 0.6537 0.6692 0.3533

PART 29
OFFSET 23.6846 -1.4013 -8.0403
SCALE 1 1 1
X 0.6759 -0.2246 0.7019
Y -0.7211 -0.0048 0.6928
Z -0.1522 -0.9744 -0.1652

PART 30
OFFSET 24.8747 -1.7967 -6.8045
SCALE 1 1 1
X 0.2503 -0.2289 0.9407
Y -0.9612 0.0578 0.2698
Z -0.1161 -0.9717 -0.2056

PART 31
OFFSET 25.1860 -2.0160 -5.6484
SCALE 1 1 1
X -0.2521 -0.1008 0.9624
Y -0.9605 0.1472 -0.2362
Z -0.1178 -0.9840 -0.1340

PART 32
OFFSET 24.9012 -2.1299 -4.5613
SCALE 1 1 1
X 0.9160 -0.3768 -0.1378
Y -0.0333 0.2709 -0.9620
Z 0.3998 0.8858 0.2356

PART 33
OFFSET 22.9549 -2.2237 -8.1479
SCALE 1 1 1
X 0.4619 -0.5325 0.7093
Y -0.6999 0.2724 0.6602
Z -0.5448 -0.8014 -0.2468

PART 34
OFFSET 23.8572 -3.2639 -6.7622
SCALE 1 1 1
X -0.6753 0.2672 0.6875
Y -0.4625 0.5726 -0.6769
Z -0.5745 -0.7751 -0.2631

PART 35
OFFSET 22.8708 -2.8737 -5.7580
SCALE 1 1 1
X -0.7203 0.2910 0.6296
Y -0.3807 0.5930 -0.7095
Z -0.5798 -0.7508 -0.3164

PART 36
OFFSET 22.0512 -2.5499 -5.0467
SCALE 1 1 1
X 0.8326 -0.5539 -0.0094
Y 0.1286 0.2098 -0.9692
Z 0.5388 0.8057 0.2459

PART 37
OFFSET 19.6664 2.8113 -8.3630
SCALE 1 1 1
X 0.7580 -0.5394 0.3666
Y 0.2398 0.7533 0.6124
Z -0.6065 -0.3764 0.7003

PART 38
OFFSET 19.1411 1.3164 -10.5289
SCALE 1 1 1
X 0.7580 -0.5394 0.3666
Y 0.2398 0.7533 0.6124
Z -0.6065 -0.3764 0.7003

PART 39
OFFSET 18.7309 1.4825 -6.9942
SCALE 1 1 1
X 0.7580 -0.5394 0.3666
Y 0.2398 0.7533 0.6124
Z -0.6065 -0.3764 0.7003

PART 40
OFFSET 18.2363 0.2707 -8.0394
SCALE 1 1 1
X 0.7580 -0.5394 0.3666
Y 0.2398 0.7533 0.6124
Z -0.6065 -0.3764 0.7003

PART 41
OFFSET 17.6837 -0.6416 -9.2875
SCALE 1 1 1
X 0.7580 -0.5394 0.3666
Y 0.2398 0.7533 0.6124
Z -0.6065 -0.3764 0.7003

PART 42
OFFSET 16.1079 -2.1131 -7.8104
SCALE 1 1 1
X 0.9623 0.1417 0.2320
Y -0.1932 0.9569 0.2169
Z -0.1913 -0.2535 0.9482

PART 43
OFFSET -2.3317 -3.5648 -2.9073
SCALE 1 1 1
X 0.0095 0.8599 0.5105
Y 0.1956 -0.5022 0.8423
Z 0.9806 0.0918 -0.1729

PART 44
OFFSET -2.4468 -13.9638 -9.0806
SCALE 1 1 1
X -0.6404 -0.7333 0.2284
Y 0.3788 -0.5602 -0.7367
Z 0.6681 -0.3853 0.6365

PART 45
OFFSET 3.0003 -7.7270 -11.0231
SCALE 1 1 1
X -0.6404 -0.7333 0.2284
Y -0.4452 0.1122 -0.8884
Z 0.6258 -0.6706 -0.3983

PART 46
OFFSET 2.6682 -5.7993 -12.0601
SCALE 1 1 1
X -0.6445 -0.7289 0.2310
Y -0.6717 0.3954 -0.6265
Z 0.3653 -0.5590 -0.7444

PART 47
OFFSET 3.2187 -5.4220 -10.9779
SCALE 1 1 1
X -0.6445 -0.7289 0.2310
Y -0.6717 0.3954 -0.6265
Z 0.3653 -0.5590 -0.7444

PART 48
OFFSET 4.7433 -6.2671 -9.8407
SCALE 1 1 1
X -0.6445 -0.7289 0.2310
Y -0.6717 0.3954 -0.6265
Z 0.3653 -0.5590 -0.7444

PART 49
OFFSET 4.9637 -5.4790 -11.7232
SCALE 1 1 1
X -0.9173 -0.3962 -0.0412
Y -0.0954 0.3189 -0.9430
Z 0.3867 -0.8610 -0.3303

PART 50
OFFSET 5.3096 -5.2549 -10.6591
SCALE 1 1 1
X -0.3894 -0.7994 -0.4574
Y 0.3115 0.3531 -0.8822
Z 0.8668 -0.4860 0.1115

PART 51
OFFSET 6.0706 -3.5380 -9.5901
SCALE 1 1 1
X -0.6115 -0.7639 -0.2061
Y 0.3377 -0.0164 -0.9411
Z 0.7155 -0.6451 0.2680

PART 52
OFFSET 6.9979 -2.2336 -9.3435
SCALE 1 1 1
X -0.5872 -0.7123 0.3844
Y -0.0420 -0.4474 -0.8933
Z 0.8083 -0.5407 0.2328

PART 53
OFFSET 7.5966 -1.4309 -9.7547
SCALE 1 1 1
X -0.9614 -0.2707 -0.0499
Y -0.2623 0.9560 -0.1315
Z 0.0833 -0.1133 -0.9901

PART 54
OFFSET 5.5595 -4.6283 -12.6314
SCALE 1 1 1
X -0.6810 -0.5438 0.4904
Y 0.4515 -0.8391 -0.3035
Z 0.5765 0.0148 0.8170

PART 55
OFFSET 7.1183 -3.3013 -13.5770
SCALE 1 1 1
X 0.0068 -0.9992 0.0391
Y 0.5682 -0.0284 -0.8224
Z 0.8228 0.0278 0.5676

PART 56
OFFSET 7.1087 -1.8866 -13.6324
SCALE 1 1 1
X 0.5020 -0.4977 -0.7074
Y 0.3085 0.8671 -0.3911
Z 0.8080 -0.0219 0.5888

PART 57
OFFSET 6.6636 -1.4454 -13.0052
SCALE 1 1 1
X 0.5687 -0.0976 -0.8167
Y 0.0224 0.9944 -0.1033
Z 0.8222 0.0405 0.5677

PART 58
OFFSET 6.1233 -1.3526 -12.2293
SCALE 1 1 1
X -0.5679 -0.5554 0.6074
Y -0.2452 0.8187 0.5193
Z -0.7857 0.1460 -0.6011

PART 59
OFFSET 5.8787 -4.8733 -12.0417
SCALE 1 1 1
X -0.8413 -0.4801 0.2484
Y 0.4092 -0.8659 -0.2877
Z 0.3532 -0.1403 0.9249

PART 60
OFFSET 8.0187 -3.6254 -12.8303
SCALE 1 1 1
X 0.1120 -0.9792 -0.1689
Y 0.6602 0.2004 -0.7239
Z 0.7427 -0.0305 0.6689

PART 61
OFFSET 7.8281 -1.9583 -12.5426
SCALE 1 1 1
X 0.6428 -0.2327 -0.7298
Y 0.1984 0.9708 -0.1348
Z 0.7399 -0.0582 0.6702

PART 62
OFFSET 6.9372 -1.6357 -11.5312
SCALE 1 1 1
X 0.6052 0.5029 -0.6172
Y -0.3041 0.8625 0.4045
Z 0.7357 -0.0571 0.6749

PART 63
OFFSET 6.2808 -2.1811 -10.8618
SCALE 1 1 1
X -0.2859 -0.9075 0.3078
Y -0.6273 0.4201 0.6558
Z -0.7244 -0.0056 -0.6894

PART 64
OFFSET 1.4341 -7.8589 -11.2742
SCALE 1 1 1
X -0.7371 -0.6738 0.0518
Y -0.6400 0.7205 0.2670
Z -0.2172 0.1636 -0.9623

PART 65
OFFSET 8.7535 -4.4958 -10.9744
SCALE 1 1 1
X -0.9228 -0.3738 0.0932
Y 0.3419 -0.9061 -0.2494
Z 0.1777 -0.1983 0.9639

PART 66
OFFSET 10.3782 -3.8376 -11.1385
SCALE 1 1 1
X -0.6337 -0.7735 -0.0108
Y 0.7562 -0.6164 -0.2196
Z 0.1632 -0.1474 0.9755

PART 67
OFFSET 11.1585 -2.9062 -11.0660
SCALE 1 1 1
X -0.0766 -0.9758 -0.2046
Y 0.9880 -0.0468 -0.1470
Z 0.1339 -0.2134 0.9677

PART 68
OFFSET 11.2450 -1.8040 -10.8349
SCALE 1 1 1
X -0.8293 0.2998 0.4715
Y 0.3499 0.9366 0.0199
Z -0.4356 0.1815 -0.8816

PART 69
OFFSET 8.4828 -4.0376 -11.9425
SCALE 1 1 1
X -0.4429 -0.8840 -0.1494
Y 0.8757 -0.3909 -0.2833
Z 0.1921 -0.2563 0.9473

PART 70
OFFSET 9.3480 -2.3106 -11.6507
SCALE 1 1 1
X 0.7781 -0.5434 -0.3151
Y 0.5867 0.8079 0.0555
Z 0.2244 -0.2280 0.9474

PART 71
OFFSET 8.2115 -1.5169 -11.1905
SCALE 1 1 1
X 0.9683 -0.0477 -0.2454
Y 0.0876 0.9841 0.1543
Z 0.2341 -0.1709 0.9571

PART 72
OFFSET 7.1133 -1.4610 -10.9193
SCALE 1 1 1
X -0.8133 -0.5811 0.0284
Y -0.5372 0.7689 0.3466
Z -0.2233 0.2666 -0.9376

PART 73
OFFSET 2.6682 -5.7993 -12.0601
SCALE 1 1 1
X -0.6445 -0.7289 0.2310
Y -0.6717 0.3954 -0.6265
Z 0.3653 -0.5590 -0.7444

PART 74
OFFSET 3.2187 -5.4220 -10.9779
SCALE 1 1 1
X -0.6445 -0.7289 0.2310
Y -0.6717 0.3954 -0.6265
Z 0.3653 -0.5590 -0.7444

PART 75
OFFSET 4.7433 -6.2671 -9.8407
SCALE 1 1 1
X -0.6445 -0.7289 0.2310
Y -0.6717 0.3954 -0.6265
Z 0.3653 -0.5590 -0.7444

PART 76
OFFSET 0.0000 0.0000 0.0000
SCALE 1 1 1
X 1.0000 0.0000 0.0000
Y 0.0000 1.0000 0.0000
Z 0.0000 0.0000 1.0000

PART 77
OFFSET 0.0000 0.0000 0.0000
SCALE 1 1 1
X 0.9997 -0.0007 -0.0240
Y -0.0001 0.9995 -0.0320
Z 0.0240 0.0320 0.9992

PART 78
OFFSET 1.6392 0.1312 4.0955
SCALE 1 1 1
X 0.9997 -0.0007 -0.0240
Y -0.0001 0.9995 -0.0320
Z 0.0240 0.0320 0.9992

PART 79
OFFSET 16.1079 -2.1131 -7.8104
SCALE 1 1 1
X 0.9623 0.1417 0.2320
Y -0.1932 0.9569 0.2169
Z -0.1913 -0.2535 0.9482

PART 80
OFFSET 15.0800 -2.1776 -11.2450
SCALE 1 1 1
X 0.0452 -0.9545 0.2948
Y 0.9536 0.1291 0.2721
Z -0.2978 0.2688 0.9160

PART 81
OFFSET 13.7582 -4.4833 -7.7993
SCALE 1 1 1
X 0.9582 0.1365 0.2514
Y -0.1932 0.9569 0.2169
Z -0.2110 -0.2564 0.9433

PART 82
OFFSET 42.6203 1.4470 0.0945
SCALE 1 1 1
X 0.9623 0.1417 0.2320
Y -0.1932 0.9569 0.2169
Z -0.1913 -0.2535 0.9482

PART 83
OFFSET 13.6100 -2.5051 -8.4203
SCALE 1 1 1
X 0.9774 0.0872 0.1927
Y -0.1280 0.9692 0.2104
Z -0.1684 -0.2303 0.9584

PART 84
OFFSET 14.0589 -2.5223 -8.0040
SCALE 1 1 1
X 0.9623 0.1417 0.2320
Y -0.1932 0.9569 0.2169
Z -0.1913 -0.2535 0.9482

PART 85
OFFSET 9.8389 -3.4101 -7.6170
SCALE 1 1 1
X 0.9623 0.1417 0.2320
Y -0.1932 0.9569 0.2169
Z -0.1913 -0.2535 0.9482

PART 86
OFFSET 38.7736 1.1552 -2.0442
SCALE 1 1 1
X 0.9582 0.1365 0.2514
Y -0.1932 0.9569 0.2169
Z -0.2110 -0.2564 0.9433

PART 87
OFFSET 51.1669 2.6621 2.3452
SCALE 1 1 1
X 0.9582 0.1365 0.2514
Y -0.1932 0.9569 0.2169
Z -0.2110 -0.2564 0.9433

PART 88
OFFSET 51.4997 2.7156 2.4057
SCALE 1 1 1
X 0.9582 0.1365 0.2514
Y -0.1932 0.9569 0.2169
Z -0.2110 -0.2564 0.9433

PART 89
OFFSET 11.6704 -1.6562 -7.6929
SCALE 1 1 1
X 0.9623 0.1417 0.2320
Y -0.1932 0.9569 0.2169
Z -0.1913 -0.2535 0.9482

PART 90
OFFSET 21.4356 -1.9231 -5.7939
SCALE 1 1 1
X 0.9623 0.1417 0.2320
Y -0.1932 0.9569 0.2169
Z -0.1913 -0.2535 0.9482

PART 91
OFFSET 44.1210 1.6366 0.5945
SCALE 1 1 1
X 0.9582 0.1365 0.2514
Y -0.1932 0.9569 0.2169
Z -0.2110 -0.2564 0.9433


FRAME 643
PART 0
OFFSET 20.8135 -0.0226 -9.3142
SCALE 1 1 1
X 0.6390 -0.7642 0.0875
Y -0.3966 -0.2299 0.8888
Z -0.6591 -0.6026 -0.4499

PART 1
OFFSET 20.8135 -0.0226 -9.3142
SCALE 1 1 1
X 0.6390 -0.7642 0.0875
Y -0.3966 -0.2299 0.8888
Z -0.6591 -0.6026 -0.4499

PART 2
OFFSET 7.0909 -4.9485 -14.8151
SCALE 1 1 1
X -0.8182 -0.5647 0.1078
Y 0.5104 -0.7998 -0.3158
Z 0.2645 -0.2034 0.9427

PART 3
OFFSET 7.0909 -4.9485 -14.8151
SCALE 1 1 1
X -0.8182 -0.5647 0.1078
Y 0.5104 -0.7998 -0.3158
Z 0.2645 -0.2034 0.9427

PART 4
OFFSET 5.9840 -3.1050 -3.3894
SCALE 1 1 1
X 1.0000 0.0000 0.0000
Y 0.0000 1.0000 0.0000
Z 0.0000 -0.0000 1.0000

PART 5
OFFSET 1.4024 4.2672 -6.2573
SCALE 1 1 1
X 0.8054 0.2578 -0.5337
Y 0.0704 -0.9357 -0.3458
Z -0.5885 0.2410 -0.7717

PART 6
OFFSET 11.1429 7.3854 -12.7120
SCALE 1 1 1
X 0.7770 -0.5613 0.2849
Y -0.5822 -0.4686 0.6644
Z -0.2395 -0.6821 -0.6909

PART 7
OFFSET 17.7516 2.6109 -10.2888
SCALE 1 1 1
X 0.7770 -0.5613 0.2849
Y 0.4445 0.8097 0.3832
Z -0.4458 -0.1711 0.8786

PART 8
OFFSET 19.6655 3.4034 -9.0453
SCALE 1 1 1
X 0.7811 -0.5567 0.2828
Y 0.2456 0.6904 0.6805
Z -0.5741 -0.4621 0.6760

PART 9
OFFSET 19.0956 2.1319 -11.3387
SCALE 1 1 1
X 0.7811 -0.5567 0.2828
Y 0.2456 0.6904 0.6805
Z -0.5741 -0.4621 0.6760

PART 10
OFFSET 18.8054 1.9165 -7.7949
SCALE 1 1 1
X 0.7811 -0.5567 0.2828
Y 0.2456 0.6904 0.6805
Z -0.5741 -0.4621 0.6760

PART 11
OFFSET 18.2994 0.8096 -8.9456
SCALE 1 1 1
X 0.7811 -0.5567 0.2828
Y 0.2456 0.6904 0.6805
Z -0.5741 -0.4621 0.6760

PART 12
OFFSET 17.7223 0.0202 -10.2645
SCALE 1 1 1
X 0.7811 -0.5567 0.2828
Y 0.2456 0.6904 0.6805
Z -0.5741 -0.4621 0.6760

PART 13
OFFSET 20.1336 0.8900 -9.4154
SCALE 1 1 1
X 0.8271 -0.5318 0.1819
Y 0.4440 0.8167 0.3686
Z -0.3446 -0.2241 0.9116

PART 14
OFFSET 20.7927 1.3470 -8.6035
SCALE 1 1 1
X 0.7212 -0.0453 0.6912
Y -0.1865 0.9483 0.2568
Z -0.6671 -0.3141 0.6755

PART 15
OFFSET 22.2934 1.3263 -7.0488
SCALE 1 1 1
X 0.8141 -0.0630 0.5772
Y -0.2678 0.8414 0.4695
Z -0.5153 -0.5368 0.6681

PART 16
OFFSET 23.5659 1.1143 -6.0701
SCALE 1 1 1
X 0.7701 -0.2915 0.5674
Y -0.0873 0.8330 0.5464
Z -0.6319 -0.4703 0.6160

PART 17
OFFSET 24.3683 0.7916 -5.4190
SCALE 1 1 1
X 0.9564 0.2585 0.1358
Y 0.0615 0.2763 -0.9591
Z -0.2855 0.9256 0.2484

PART 18
OFFSET 20.2884 -0.4797 -9.4718
SCALE 1 1 1
X 0.4486 -0.8870 -0.1098
Y -0.3692 -0.2958 0.8810
Z -0.8139 -0.3547 -0.4602

PART 19
OFFSET 21.3696 -2.4572 -9.5435
SCALE 1 1 1
X -0.3704 -0.3329 0.8672
Y -0.8090 0.5743 -0.1250
Z -0.4564 -0.7479 -0.4821

PART 20
OFFSET 20.8452 -2.9286 -8.3157
SCALE 1 1 1
X -0.8553 0.2449 0.4566
Y -0.2486 0.5793 -0.7763
Z -0.4546 -0.7775 -0.4346

PART 21
OFFSET 20.0869 -2.7115 -7.9109
SCALE 1 1 1
X -0.8573 0.2319 0.4596
Y -0.2262 0.6322 -0.7410
Z -0.4624 -0.7393 -0.4895

PART 22
OFFSET 19.2724 -2.4911 -7.4743
SCALE 1 1 1
X 0.8646 -0.4673 0.1845
Y 0.3225 0.2346 -0.9171
Z 0.3853 0.8524 0.3535

PART 23
OFFSET 20.8135 -0.0226 -9.3142
SCALE 1 1 1
X 0.6390 -0.7642 0.0875
