// Export filename: `C:/cod5/cod/cod5/xanim_export/viewmodel/US/m1garand/m1garand_pullout.XANIM_EXPORT`
// Source filename: `C:/cod5/cod/cod5/animation_assets/viewmodel/US/m1_garand/viewmodelanimation_m1garand.mb`
// Export time: Tue Aug 26 01:44:12 2008

ANIMATION
VERSION 3

NUMPARTS 92
PART 0 "RingPalm_FK_LE"
PART 1 "RingPalm_SDK_LE"
PART 2 "RingPalm_FK_RI"
PART 3 "RingPalm_SDK_RI"
PART 4 "tag_torso"
PART 5 "J_Shoulder_LE"
PART 6 "J_Elbow_LE"
PART 7 "J_WristTwist_LE"
PART 8 "J_Sleave_Reshape_Bottom_LE_1"
PART 9 "J_Sleave_Reshape_Bottom_LE_2"
PART 10 "J_Sleave_Reshape_Top_LE_1"
PART 11 "J_Sleave_Reshape_Top_LE_2"
PART 12 "J_Sleave_Reshape_Top_LE_3"
PART 13 "J_Wrist_LE"
PART 14 "J_Thumb_LE_0"
PART 15 "J_Thumb_LE_1"
PART 16 "J_Thumb_LE_2"
PART 17 "J_Thumb_LE_3"
PART 18 "J_PinkyPalm_LE"
PART 19 "J_Pinky_LE_0"
PART 20 "J_Pinky_LE_1"
PART 21 "J_Pinky_LE_2"
PART 22 "J_Pinky_LE_3"
PART 23 "J_RingPalm_LE"
PART 24 "J_Ring_LE_0"
PART 25 "J_Ring_LE_1"
PART 26 "J_Ring_LE_2"
PART 27 "J_Ring_LE_3"
PART 28 "J_Webbing_LE"
PART 29 "J_Index_LE_0"
PART 30 "J_Index_LE_1"
PART 31 "J_Index_LE_2"
PART 32 "J_Index_LE_3"
PART 33 "J_Mid_LE_0"
PART 34 "J_Mid_LE_1"
PART 35 "J_Mid_LE_2"
PART 36 "J_Mid_LE_3"
PART 37 "D_Sleave_Reshape_Bottom_LE_1"
PART 38 "D_Sleave_Reshape_Bottom_LE_2"
PART 39 "D_Sleave_Reshape_Top_LE_1"
PART 40 "D_Sleave_Reshape_Top_LE_2"
PART 41 "D_Sleave_Reshape_Top_LE_3"
PART 42 "tag_weapon"
PART 43 "J_Shoulder_RI"
PART 44 "J_Elbow_RI"
PART 45 "J_WristTwist_RI"
PART 46 "J_Sleave_Reshape_Top_RI_3"
PART 47 "J_Sleave_Reshape_Top_RI_2"
PART 48 "J_Sleave_Reshape_Top_RI_1"
PART 49 "J_Wrist_RI"
PART 50 "J_Thumb_RI_0"
PART 51 "J_Thumb_RI_1"
PART 52 "J_Thumb_RI_2"
PART 53 "J_Thumb_RI_3"
PART 54 "J_PinkyPalm_RI"
PART 55 "J_Pinky_RI_0"
PART 56 "J_Pinky_RI_1"
PART 57 "J_Pinky_RI_2"
PART 58 "J_Pinky_RI_3"
PART 59 "J_RingPalm_RI"
PART 60 "J_Ring_RI_0"
PART 61 "J_Ring_RI_1"
PART 62 "J_Ring_RI_2"
PART 63 "J_Ring_RI_3"
PART 64 "J_Webbing_RI"
PART 65 "J_Index_RI_0"
PART 66 "J_Index_RI_1"
PART 67 "J_Index_RI_2"
PART 68 "J_Index_RI_3"
PART 69 "J_Mid_RI_0"
PART 70 "J_Mid_RI_1"
PART 71 "J_Mid_RI_2"
PART 72 "J_Mid_RI_3"
PART 73 "D_Sleave_Reshape_Top_RI_3"
PART 74 "D_Sleave_Reshape_Top_RI_2"
PART 75 "D_Sleave_Reshape_Top_RI_1"
PART 76 "tag_cambone"
PART 77 "tag_camera"
PART 78 "tag_gasmask"
PART 79 "J_Gun"
PART 80 "tag_brass"
PART 81 "J_Bolt"
PART 82 "tag_flash"
PART 83 "j_stripper"
PART 84 "J_Clip"
PART 85 "TAG_APERTURE"
PART 86 "tag_bayonet"
PART 87 "tag_grenade"
PART 88 "tag_grenade_mount"
PART 89 "TAG_TELESCOPIC"
PART 90 "TAG_IRON_SIGHTS"
PART 91 "TAG_SUPPRESSOR"

FRAMERATE 24
NUMFRAMES 12

FRAME 134
PART 0
OFFSET 12.9961 15.0865 -14.2853
SCALE 1 1 1
X 0.9622 0.2268 0.1505
Y -0.1984 0.2060 0.9582
Z 0.1863 -0.9519 0.2433

PART 1
OFFSET 12.9961 15.0865 -14.2853
SCALE 1 1 1
X 0.9622 0.2268 0.1505
Y -0.1984 0.2060 0.9582
Z 0.1863 -0.9519 0.2433

PART 2
OFFSET 10.5817 -0.3341 -10.1321
SCALE 1 1 1
X 0.0282 -0.7101 0.7036
Y 0.9895 -0.0798 -0.1203
Z 0.1416 0.6996 0.7004

PART 3
OFFSET 10.5817 -0.3341 -10.1321
SCALE 1 1 1
X 0.0282 -0.7101 0.7036
Y 0.9895 -0.0798 -0.1203
Z 0.1416 0.6996 0.7004

PART 4
OFFSET 5.9840 -3.1050 -3.3894
SCALE 1 1 1
X 1.0000 0.0000 0.0000
Y 0.0000 1.0000 0.0000
Z 0.0000 -0.0000 1.0000

PART 5
OFFSET 1.4024 4.2672 -6.2573
SCALE 1 1 1
X -0.0467 0.6152 -0.7870
Y 0.7321 -0.5149 -0.4459
Z -0.6796 -0.5970 -0.4264

PART 6
OFFSET 0.8380 11.7075 -15.7750
SCALE 1 1 1
X 0.9555 0.2738 0.1102
Y 0.0822 -0.6055 0.7916
Z 0.2835 -0.7473 -0.6010

PART 7
OFFSET 8.9646 14.0360 -14.8375
SCALE 1 1 1
X 0.9555 0.2738 0.1102
Y -0.2352 0.9319 -0.2761
Z -0.1783 0.2379 0.9548

PART 8
OFFSET 9.7182 16.2061 -14.0888
SCALE 1 1 1
X 0.9542 0.2794 0.1072
Y -0.2873 0.7551 0.5892
Z 0.0837 -0.5930 0.8008

PART 9
OFFSET 10.0375 14.5280 -16.1585
SCALE 1 1 1
X 0.9542 0.2794 0.1072
Y -0.2873 0.7551 0.5892
Z 0.0837 -0.5930 0.8008

PART 10
OFFSET 10.4851 14.8547 -12.6397
SCALE 1 1 1
X 0.9542 0.2794 0.1072
Y -0.2873 0.7551 0.5892
Z 0.0837 -0.5930 0.8008

PART 11
OFFSET 10.8677 13.5490 -13.6166
SCALE 1 1 1
X 0.9542 0.2794 0.1072
Y -0.2873 0.7551 0.5892
Z 0.0837 -0.5930 0.8008

PART 12
OFFSET 10.9396 12.3612 -14.7478
SCALE 1 1 1
X 0.9542 0.2794 0.1072
Y -0.2873 0.7551 0.5892
Z 0.0837 -0.5930 0.8008

PART 13
OFFSET 11.8938 14.8752 -14.4995
SCALE 1 1 1
X 0.8666 0.4983 0.0263
Y -0.4664 0.8276 -0.3124
Z -0.1774 0.2585 0.9496

PART 14
OFFSET 11.7607 16.0041 -14.3993
SCALE 1 1 1
X 0.3264 0.9184 0.2236
Y -0.9122 0.3680 -0.1802
Z -0.2477 -0.1452 0.9579

PART 15
OFFSET 12.3602 18.0147 -13.8815
SCALE 1 1 1
X 0.4137 0.9044 0.1048
Y -0.9102 0.4084 0.0681
Z 0.0188 -0.1235 0.9922

PART 16
OFFSET 13.0844 19.4365 -13.6053
SCALE 1 1 1
X 0.5735 0.7871 0.2270
Y -0.8140 0.5787 0.0501
Z -0.0920 -0.2135 0.9726

PART 17
OFFSET 13.6865 20.2877 -13.3144
SCALE 1 1 1
X 0.3147 0.8374 -0.4468
Y -0.0177 -0.4655 -0.8849
Z -0.9490 0.2864 -0.1317

PART 18
OFFSET 13.0906 14.4630 -13.9509
SCALE 1 1 1
X 0.9867 -0.0726 0.1452
Y -0.1286 0.1968 0.9720
Z -0.0991 -0.9778 0.1848

PART 19
OFFSET 15.3063 14.4664 -13.5323
SCALE 1 1 1
X -0.0970 0.1741 0.9799
Y -0.9004 -0.4349 -0.0119
Z 0.4241 -0.8835 0.1990

PART 20
OFFSET 15.1690 14.7129 -12.1450
SCALE 1 1 1
X -0.7650 -0.2160 0.6068
Y -0.4698 -0.4572 -0.7551
Z 0.4406 -0.8627 0.2483

PART 21
OFFSET 14.4908 14.5214 -11.6070
SCALE 1 1 1
X -0.7563 -0.2201 0.6162
Y -0.5057 -0.4009 -0.7639
Z 0.4151 -0.8893 0.1919

PART 22
OFFSET 13.7723 14.3124 -11.0216
SCALE 1 1 1
X 0.8359 0.5486 -0.0195
Y 0.1573 -0.2734 -0.9489
Z -0.5259 0.7901 -0.3148

PART 23
OFFSET 12.9961 15.0865 -14.2853
SCALE 1 1 1
X 0.9622 0.2268 0.1505
Y -0.1984 0.2060 0.9582
Z 0.1863 -0.9519 0.2433

PART 24
OFFSET 15.5255 15.5292 -13.8797
SCALE 1 1 1
X 0.2278 0.3946 0.8902
Y -0.8741 -0.3200 0.3655
Z 0.4291 -0.8613 0.2720

PART 25
OFFSET 15.9132 16.2010 -12.3642
SCALE 1 1 1
X -0.7567 -0.1778 0.6291
Y -0.4813 -0.4996 -0.7202
Z 0.4424 -0.8478 0.2925

PART 26
OFFSET 14.8644 15.9545 -11.4924
SCALE 1 1 1
X -0.8356 -0.2803 0.4724
Y -0.3189 -0.4527 -0.8327
Z 0.4473 -0.8465 0.2888

PART 27
OFFSET 13.9582 15.6505 -10.9800
SCALE 1 1 1
X 0.8888 0.4466 0.1028
Y 0.1987 -0.1734 -0.9646
Z -0.4130 0.8778 -0.2429

PART 28
OFFSET 13.7296 17.8639 -14.4055
SCALE 1 1 1
X 0.8562 0.3807 0.3492
Y 0.4032 -0.0700 -0.9124
Z -0.3229 0.9221 -0.2134

PART 29
OFFSET 14.9847 17.3450 -14.9856
SCALE 1 1 1
X 0.4082 0.8207 0.3998
Y -0.4452 -0.2033 0.8720
Z 0.7970 -0.5340 0.2824

PART 30
OFFSET 15.7035 18.7900 -14.2818
SCALE 1 1 1
X 0.1729 0.6111 0.7724
Y -0.5487 -0.5915 0.5908
Z 0.8180 -0.5260 0.2330

PART 31
OFFSET 15.8640 19.5648 -13.3569
SCALE 1 1 1
X -0.1804 0.2725 0.9451
Y -0.5481 -0.8257 0.1334
Z 0.8167 -0.4939 0.2983

PART 32
OFFSET 15.6602 19.8726 -12.2894
SCALE 1 1 1
X 0.7832 0.5178 -0.3442
Y -0.1027 -0.4383 -0.8929
Z -0.6132 0.7347 -0.2901

PART 33
OFFSET 15.3664 16.4405 -14.4792
SCALE 1 1 1
X 0.5719 0.5533 0.6056
Y -0.6703 -0.1103 0.7339
Z 0.4729 -0.8256 0.3077

PART 34
OFFSET 16.4838 17.5214 -13.2962
SCALE 1 1 1
X -0.6582 -0.0786 0.7488
Y -0.6120 -0.5233 -0.5929
Z 0.4384 -0.8485 0.2963

PART 35
OFFSET 15.5224 17.4065 -12.2025
SCALE 1 1 1
X -0.6913 -0.1361 0.7096
Y -0.5857 -0.4695 -0.6607
Z 0.4231 -0.8724 0.2448

PART 36
OFFSET 14.7428 17.2465 -11.3966
SCALE 1 1 1
X 0.8772 0.4600 -0.1378
Y 0.0283 -0.3359 -0.9415
Z -0.4793 0.8219 -0.3077

PART 37
OFFSET 9.7182 16.2061 -14.0888
SCALE 1 1 1
X 0.9542 0.2794 0.1072
Y -0.2873 0.7551 0.5892
Z 0.0837 -0.5930 0.8008

PART 38
OFFSET 10.0375 14.5280 -16.1585
SCALE 1 1 1
X 0.9542 0.2794 0.1072
Y -0.2873 0.7551 0.5892
Z 0.0837 -0.5930 0.8008

PART 39
OFFSET 10.4851 14.8547 -12.6397
SCALE 1 1 1
X 0.9542 0.2794 0.1072
Y -0.2873 0.7551 0.5892
Z 0.0837 -0.5930 0.8008

PART 40
OFFSET 10.8677 13.5490 -13.6166
SCALE 1 1 1
X 0.9542 0.2794 0.1072
Y -0.2873 0.7551 0.5892
Z 0.0837 -0.5930 0.8008

PART 41
OFFSET 10.9396 12.3612 -14.7478
SCALE 1 1 1
X 0.9542 0.2794 0.1072
Y -0.2873 0.7551 0.5892
Z 0.0837 -0.5930 0.8008

PART 42
OFFSET 11.9619 11.2959 -11.4876
SCALE 1 1 1
X 0.2994 0.9223 -0.2443
Y -0.9540 0.2848 -0.0939
Z -0.0170 0.2611 0.9652

PART 43
OFFSET -2.3317 -3.5648 -2.9073
SCALE 1 1 1
X -0.5406 0.5864 0.6033
Y 0.0417 -0.6975 0.7153
Z 0.8403 0.4118 0.3526

PART 44
OFFSET 4.2057 -10.6563 -10.2035
SCALE 1 1 1
X -0.5595 -0.8251 -0.0783
Y 0.6867 -0.4085 -0.6013
Z 0.4642 -0.3902 0.7952

PART 45
OFFSET 8.9644 -3.6382 -9.5377
SCALE 1 1 1
X -0.5595 -0.8251 -0.0783
Y -0.1142 0.1703 -0.9788
Z 0.8209 -0.5387 -0.1895

PART 46
OFFSET 8.7123 -1.6395 -10.4383
SCALE 1 1 1
X -0.5648 -0.8216 -0.0769
Y -0.4724 0.3984 -0.7862
Z 0.6766 -0.4078 -0.6132

PART 47
OFFSET 8.7952 -1.3497 -9.2049
SCALE 1 1 1
X -0.5648 -0.8216 -0.0769
Y -0.4724 0.3984 -0.7862
Z 0.6766 -0.4078 -0.6132

PART 48
OFFSET 9.9448 -2.1548 -7.6953
SCALE 1 1 1
X -0.5648 -0.8216 -0.0769
Y -0.4724 0.3984 -0.7862
Z 0.6766 -0.4078 -0.6132

PART 49
OFFSET 10.6796 -1.1086 -9.2977
SCALE 1 1 1
X -0.0368 -0.8885 0.4574
Y -0.1867 -0.4435 -0.8766
Z 0.9817 -0.1176 -0.1495

PART 50
OFFSET 10.4732 -0.2326 -8.5961
SCALE 1 1 1
X 0.6095 -0.7925 0.0228
Y -0.0477 -0.0653 -0.9967
Z 0.7914 0.6064 -0.0776

PART 51
OFFSET 9.1187 1.4503 -8.5415
SCALE 1 1 1
X 0.4472 -0.8413 0.3037
Y 0.2964 -0.1810 -0.9378
Z 0.8439 0.5094 0.1684

PART 52
OFFSET 8.3199 2.7406 -9.1066
SCALE 1 1 1
X 0.3242 -0.5192 0.7907
Y 0.5112 -0.6071 -0.6083
Z 0.7959 0.6015 0.0686

PART 53
OFFSET 7.9242 3.2849 -9.9545
SCALE 1 1 1
X -0.1666 -0.8948 0.4143
Y -0.9448 0.0246 -0.3267
Z 0.2821 -0.4458 -0.8495

PART 54
OFFSET 10.3124 -0.8078 -10.5932
SCALE 1 1 1
X 0.1185 -0.4804 0.8690
Y 0.9862 -0.0449 -0.1594
Z 0.1156 0.8759 0.4684

PART 55
OFFSET 9.9419 0.4046 -12.4579
SCALE 1 1 1
X 0.8796 -0.2958 0.3727
Y 0.4037 0.0494 -0.9136
Z 0.2518 0.9540 0.1628

PART 56
OFFSET 8.6967 0.8234 -12.9856
SCALE 1 1 1
X 0.7715 -0.0988 -0.6285
Y -0.5684 0.3368 -0.7507
Z 0.2858 0.9364 0.2037

PART 57
OFFSET 8.0127 0.9110 -12.4283
SCALE 1 1 1
X 0.4608 0.0314 -0.8870
Y -0.8544 0.2863 -0.4337
Z 0.2403 0.9576 0.1588

PART 58
OFFSET 7.5749 0.8811 -11.5857
SCALE 1 1 1
X 0.1491 -0.3423 0.9277
Y -0.9111 0.3169 0.2634
Z -0.3842 -0.8845 -0.2646

PART 59
OFFSET 10.5817 -0.3341 -10.1321
SCALE 1 1 1
X 0.0282 -0.7101 0.7036
Y 0.9895 -0.0798 -0.1203
Z 0.1416 0.6996 0.7004

PART 60
OFFSET 10.5092 1.4031 -12.0648
SCALE 1 1 1
X 0.9422 -0.3030 0.1429
Y 0.2220 0.2453 -0.9437
Z 0.2509 0.9209 0.2984

PART 61
OFFSET 8.9051 1.9189 -12.3080
SCALE 1 1 1
X 0.5989 0.0907 -0.7957
Y -0.7525 0.4036 -0.5204
Z 0.2739 0.9104 0.3100

PART 62
OFFSET 8.0750 1.7932 -11.2053
SCALE 1 1 1
X -0.0863 0.3490 -0.9331
Y -0.9588 0.2252 0.1730
Z 0.2705 0.9097 0.3152

PART 63
OFFSET 8.1687 1.4148 -10.1932
SCALE 1 1 1
X 0.6318 -0.3698 0.6812
Y -0.7468 -0.0548 0.6628
Z -0.2078 -0.9275 -0.3108

PART 64
OFFSET 11.2104 -4.4946 -6.7331
SCALE 1 1 1
X 0.2745 -0.7829 0.5583
Y -0.9566 -0.1630 0.2416
Z -0.0982 -0.6004 -0.7937

PART 65
OFFSET 11.3286 2.6444 -10.4743
SCALE 1 1 1
X -0.0831 -0.8172 0.5704
Y 0.9903 -0.1317 -0.0444
Z 0.1114 0.5612 0.8202

PART 66
OFFSET 11.4749 4.0831 -11.4785
SCALE 1 1 1
X 0.4158 -0.7595 0.5003
Y 0.9076 0.3113 -0.2816
Z 0.0581 0.5712 0.8188

PART 67
OFFSET 10.9730 5.0411 -12.0370
SCALE 1 1 1
X 0.8652 -0.4675 0.1813
Y 0.4902 0.7127 -0.5018
Z 0.1054 0.5230 0.8458

PART 68
OFFSET 9.9957 5.5691 -12.2418
SCALE 1 1 1
X -0.6945 -0.3441 0.6318
Y -0.6850 0.5849 -0.4344
Z -0.2201 -0.7345 -0.6419

PART 69
OFFSET 10.9461 2.0895 -11.3497
SCALE 1 1 1
X 0.6179 -0.7090 0.3398
Y 0.7672 0.4492 -0.4579
Z 0.1720 0.5437 0.8215

PART 70
OFFSET 9.7389 3.4746 -12.0135
SCALE 1 1 1
X 0.8655 0.3066 -0.3961
Y -0.4744 0.7556 -0.4516
Z 0.1608 0.5788 0.7995

PART 71
OFFSET 8.4747 3.0268 -11.4351
SCALE 1 1 1
X 0.4960 0.6501 -0.5757
Y -0.8610 0.4542 -0.2289
Z 0.1127 0.6092 0.7850

PART 72
OFFSET 7.9116 2.2865 -10.7887
SCALE 1 1 1
X 0.1624 -0.8275 0.5375
Y -0.9670 -0.0252 0.2534
Z -0.1961 -0.5609 -0.8043

PART 73
OFFSET 8.7123 -1.6395 -10.4383
SCALE 1 1 1
X -0.5648 -0.8216 -0.0769
Y -0.4724 0.3984 -0.7862
Z 0.6766 -0.4078 -0.6132

PART 74
OFFSET 8.7952 -1.3497 -9.2049
SCALE 1 1 1
X -0.5648 -0.8216 -0.0769
Y -0.4724 0.3984 -0.7862
Z 0.6766 -0.4078 -0.6132

PART 75
OFFSET 9.9448 -2.1548 -7.6953
SCALE 1 1 1
X -0.5648 -0.8216 -0.0769
Y -0.4724 0.3984 -0.7862
Z 0.6766 -0.4078 -0.6132

PART 76
OFFSET 0.0000 0.0000 0.0000
SCALE 1 1 1
X 1.0000 0.0000 0.0000
Y 0.0000 1.0000 0.0000
Z 0.0000 0.0000 1.0000

PART 77
OFFSET 0.0000 0.0000 0.0000
SCALE 1 1 1
X 1.0000 0.0000 0.0000
Y 0.0000 1.0000 0.0000
Z 0.0000 0.0000 1.0000

PART 78
OFFSET 1.5404 0.0000 4.1357
SCALE 1 1 1
X 1.0000 0.0000 0.0000
Y 0.0000 1.0000 0.0000
Z 0.0000 0.0000 1.0000

PART 79
OFFSET 11.9619 11.2959 -11.4876
SCALE 1 1 1
X 0.2994 0.9223 -0.2443
Y -0.9540 0.2848 -0.0939
Z -0.0170 0.2611 0.9652

PART 80
OFFSET 12.0562 8.6721 -13.9297
SCALE 1 1 1
X 0.8029 -0.1320 0.5813
Y 0.3000 0.9322 -0.2026
Z -0.5151 0.3370 0.7881

PART 81
OFFSET 13.5883 10.8161 -10.1875
SCALE 1 1 1
X 0.2990 0.9275 -0.2245
Y -0.9540 0.2848 -0.0939
Z -0.0232 0.2422 0.9699

PART 82
OFFSET 20.2757 37.3820 -16.8231
SCALE 1 1 1
X 0.2994 0.9223 -0.2443
Y -0.9540 0.2848 -0.0939
Z -0.0170 0.2611 0.9652

PART 83
OFFSET 10.8939 9.5210 -11.9768
SCALE 1 1 1
X 0.2903 0.9379 -0.1897
Y -0.9456 0.2507 -0.2075
Z -0.1471 0.2397 0.9596

PART 84
OFFSET 11.3713 9.4532 -10.6759
SCALE 1 1 1
X 0.2994 0.9223 -0.2443
Y -0.9540 0.2848 -0.0939
Z -0.0170 0.2611 0.9652

PART 85
OFFSET 10.0735 6.0540 -8.3293
SCALE 1 1 1
X 0.2994 0.9223 -0.2443
Y -0.9540 0.2848 -0.0939
Z -0.0170 0.2611 0.9652

PART 86
OFFSET 19.0271 33.1538 -16.9632
SCALE 1 1 1
X 0.2990 0.9275 -0.2245
Y -0.9540 0.2848 -0.0939
Z -0.0232 0.2422 0.9699

PART 87
OFFSET 22.9293 45.8018 -18.2417
SCALE 1 1 1
X 0.2990 0.9275 -0.2245
Y -0.9540 0.2848 -0.0939
Z -0.0232 0.2422 0.9699

PART 88
OFFSET 23.0458 45.9683 -18.9201
SCALE 1 1 1
X 0.2990 0.9275 -0.2245
Y -0.9540 0.2848 -0.0939
Z -0.0232 0.2422 0.9699

PART 89
OFFSET 9.4373 8.0386 -9.7758
SCALE 1 1 1
X 0.2994 0.9223 -0.2443
Y -0.9540 0.2848 -0.0939
Z -0.0170 0.2611 0.9652

PART 90
OFFSET 14.0218 16.5849 -12.0071
SCALE 1 1 1
X 0.2994 0.9223 -0.2443
Y -0.9540 0.2848 -0.0939
Z -0.0170 0.2611 0.9652

PART 91
OFFSET 20.7486 38.8820 -17.0767
SCALE 1 1 1
X 0.2990 0.9275 -0.2245
Y -0.9540 0.2848 -0.0939
Z -0.0232 0.2422 0.9699


FRAME 135
PART 0
OFFSET 14.2470 11.7313 -11.4536
SCALE 1 1 1
X 0.9825 -0.0381 0.1823
Y -0.1708 0.2048 0.9638
Z -0.0740 -0.9781 0.1948

PART 1
OFFSET 14.2470 11.7313 -11.4536
SCALE 1 1 1
X 0.9825 -0.0381 0.1823
Y -0.1708 0.2048 0.9638
Z -0.0740 -0.9781 0.1948

PART 2
OFFSET 7.7948 -2.7133 -8.1975
SCALE 1 1 1
X -0.1799 -0.7256 0.6642
Y 0.9389 -0.3281 -0.1042
Z 0.2936 0.6049 0.7402

PART 3
OFFSET 7.7948 -2.7133 -8.1975
SCALE 1 1 1
X -0.1799 -0.7256 0.6642
Y 0.9389 -0.3281 -0.1042
Z 0.2936 0.6049 0.7402

PART 4
OFFSET 5.9840 -3.1050 -3.3894
SCALE 1 1 1
X 1.0000 0.0000 0.0000
Y 0.0000 1.0000 0.0000
Z 0.0000 -0.0000 1.0000

PART 5
OFFSET 1.4024 4.2672 -6.2573
SCALE 1 1 1
X 0.0855 0.5779 -0.8116
Y 0.7164 -0.6018 -0.3531
Z -0.6924 -0.5512 -0.4655

PART 6
OFFSET 2.4367 11.2568 -16.0725
SCALE 1 1 1
X 0.9246 0.0490 0.3778
Y -0.2752 -0.5997 0.7514
Z 0.2634 -0.7987 -0.5410

PART 7
OFFSET 10.3009 11.6735 -12.8596
SCALE 1 1 1
X 0.9246 0.0490 0.3778
Y 0.0480 0.9688 -0.2431
Z -0.3779 0.2429 0.8934

PART 8
OFFSET 11.2843 13.6214 -11.8222
SCALE 1 1 1
X 0.9255 0.0548 0.3747
Y -0.2620 0.8071 0.5291
Z -0.2735 -0.5879 0.7613

PART 9
OFFSET 11.7765 11.8929 -13.8150
SCALE 1 1 1
X 0.9255 0.0548 0.3747
Y -0.2620 0.8071 0.5291
Z -0.2735 -0.5879 0.7613

PART 10
OFFSET 11.3031 12.1459 -10.2935
SCALE 1 1 1
X 0.9255 0.0548 0.3747
Y -0.2620 0.8071 0.5291
Z -0.2735 -0.5879 0.7613

PART 11
OFFSET 11.6377 10.7770 -11.1987
SCALE 1 1 1
X 0.9255 0.0548 0.3747
Y -0.2620 0.8071 0.5291
Z -0.2735 -0.5879 0.7613

PART 12
OFFSET 11.7505 9.5923 -12.3298
SCALE 1 1 1
X 0.9255 0.0548 0.3747
Y -0.2620 0.8071 0.5291
Z -0.2735 -0.5879 0.7613

PART 13
OFFSET 13.1355 11.8237 -11.7015
SCALE 1 1 1
X 0.9645 0.2545 0.0711
Y -0.2261 0.9341 -0.2762
Z -0.1367 0.2503 0.9585

PART 14
OFFSET 13.2949 12.9424 -11.5425
SCALE 1 1 1
X 0.5446 0.7906 0.2800
Y -0.7796 0.6003 -0.1784
Z -0.3091 -0.1211 0.9433

PART 15
OFFSET 14.3752 14.7016 -10.9037
SCALE 1 1 1
X 0.6293 0.7600 0.1624
Y -0.7757 0.6270 0.0717
Z -0.0473 -0.1711 0.9841

PART 16
OFFSET 15.4321 15.8720 -10.5357
SCALE 1 1 1
X 0.7492 0.5996 0.2813
Y -0.6383 0.7671 0.0649
Z -0.1768 -0.2282 0.9574

PART 17
OFFSET 16.2233 16.5230 -10.1866
SCALE 1 1 1
X 0.5351 0.7473 -0.3940
Y -0.1073 -0.4025 -0.9091
Z -0.8379 0.5288 -0.1352

PART 18
OFFSET 14.1661 11.0895 -11.1518
SCALE 1 1 1
X 0.9291 -0.3330 0.1612
Y -0.1063 0.1771 0.9784
Z -0.3543 -0.9262 0.1292

PART 19
OFFSET 16.2921 10.4979 -10.6885
SCALE 1 1 1
X -0.0819 0.1467 0.9858
Y -0.9812 -0.1853 -0.0540
Z 0.1747 -0.9717 0.1591

PART 20
OFFSET 16.1762 10.7056 -9.2928
SCALE 1 1 1
X -0.8149 -0.0386 0.5783
Y -0.5461 -0.2833 -0.7883
Z 0.1943 -0.9582 0.2098

PART 21
OFFSET 15.4537 10.6714 -8.7801
SCALE 1 1 1
X -0.8078 -0.0452 0.5877
Y -0.5659 -0.2192 -0.7948
Z 0.1648 -0.9746 0.1515

PART 22
OFFSET 14.6862 10.6285 -8.2218
SCALE 1 1 1
X 0.9493 0.3131 0.0275
Y 0.1134 -0.2596 -0.9590
Z -0.2932 0.9135 -0.2820

PART 23
OFFSET 14.2470 11.7313 -11.4536
SCALE 1 1 1
X 0.9825 -0.0381 0.1823
Y -0.1708 0.2048 0.9638
Z -0.0740 -0.9781 0.1948

PART 24
OFFSET 16.7898 11.4826 -10.9729
SCALE 1 1 1
X 0.2916 0.2793 0.9148
Y -0.9389 -0.0992 0.3296
Z 0.1828 -0.9551 0.2333

PART 25
OFFSET 17.2863 11.9582 -9.4154
SCALE 1 1 1
X -0.7978 -0.0049 0.6028
Y -0.5693 -0.3229 -0.7561
Z 0.1984 -0.9464 0.2548

PART 26
OFFSET 16.1805 11.9513 -8.5799
SCALE 1 1 1
X -0.8951 -0.0759 0.4393
Y -0.3966 -0.3144 -0.8625
Z 0.2036 -0.9462 0.2513

PART 27
OFFSET 15.2097 11.8690 -8.1035
SCALE 1 1 1
X 0.9700 0.1953 0.1451
Y 0.1797 -0.1731 -0.9684
Z -0.1640 0.9653 -0.2030

PART 28
OFFSET 15.6762 14.2256 -11.4072
SCALE 1 1 1
X 0.9132 0.1284 0.3868
Y 0.4021 -0.1289 -0.9065
Z -0.0665 0.9833 -0.1693

PART 29
OFFSET 16.7738 13.4269 -11.9889
SCALE 1 1 1
X 0.5925 0.6667 0.4522
Y -0.5118 -0.1219 0.8504
Z 0.6221 -0.7353 0.2690

PART 30
OFFSET 17.8169 14.6007 -11.1928
SCALE 1 1 1
X 0.2985 0.5080 0.8080
Y -0.7025 -0.4562 0.5463
Z 0.6461 -0.7307 0.2207

PART 31
OFFSET 18.1406 15.2627 -10.2240
SCALE 1 1 1
X -0.1358 0.2649 0.9547
Y -0.7468 -0.6605 0.0770
Z 0.6510 -0.7025 0.2875

PART 32
OFFSET 17.9872 15.5618 -9.1456
SCALE 1 1 1
X 0.9015 0.3125 -0.2994
Y -0.1821 -0.3538 -0.9174
Z -0.3926 0.8816 -0.2621

PART 33
OFFSET 16.8917 12.4313 -11.5249
SCALE 1 1 1
X 0.6745 0.3566 0.6464
Y -0.7005 0.0327 0.7129
Z 0.2330 -0.9337 0.2719

PART 34
OFFSET 18.2095 13.1278 -10.2621
SCALE 1 1 1
X -0.6811 0.0595 0.7298
Y -0.7059 -0.3178 -0.6330
Z 0.1942 -0.9463 0.2585

PART 35
OFFSET 17.2146 13.2148 -9.1962
SCALE 1 1 1
X -0.7267 0.0145 0.6869
Y -0.6643 -0.2695 -0.6971
Z 0.1750 -0.9629 0.2055

PART 36
OFFSET 16.3933 13.2246 -8.4163
SCALE 1 1 1
X 0.9703 0.2226 -0.0945
Y -0.0275 -0.2868 -0.9576
Z -0.2402 0.9318 -0.2721

PART 37
OFFSET 11.2843 13.6214 -11.8222
SCALE 1 1 1
X 0.9255 0.0548 0.3747
Y -0.2620 0.8071 0.5291
Z -0.2735 -0.5879 0.7613

PART 38
OFFSET 11.7765 11.8929 -13.8150
SCALE 1 1 1
X 0.9255 0.0548 0.3747
Y -0.2620 0.8071 0.5291
Z -0.2735 -0.5879 0.7613

PART 39
OFFSET 11.3031 12.1459 -10.2935
SCALE 1 1 1
X 0.9255 0.0548 0.3747
Y -0.2620 0.8071 0.5291
Z -0.2735 -0.5879 0.7613

PART 40
OFFSET 11.6377 10.7770 -11.1987
SCALE 1 1 1
X 0.9255 0.0548 0.3747
Y -0.2620 0.8071 0.5291
Z -0.2735 -0.5879 0.7613

PART 41
OFFSET 11.7505 9.5923 -12.3298
SCALE 1 1 1
X 0.9255 0.0548 0.3747
Y -0.2620 0.8071 0.5291
Z -0.2735 -0.5879 0.7613

PART 42
OFFSET 12.1752 8.2107 -8.8884
SCALE 1 1 1
X 0.5354 0.8235 -0.1874
Y -0.8444 0.5268 -0.0977
Z 0.0183 0.2106 0.9774

PART 43
OFFSET -2.3317 -3.5648 -2.9073
SCALE 1 1 1
X -0.3450 0.8191 0.4582
Y -0.0996 -0.5174 0.8499
Z 0.9333 0.2476 0.2601

PART 44
OFFSET 1.8409 -13.4713 -8.4493
SCALE 1 1 1
X -0.5030 -0.8596 -0.0903
Y 0.7713 -0.3993 -0.4957
Z 0.3900 -0.3190 0.8638

PART 45
OFFSET 6.1191 -6.1604 -7.6816
SCALE 1 1 1
X -0.5030 -0.8596 -0.0903
Y -0.0669 0.1428 -0.9875
Z 0.8617 -0.4907 -0.1293

PART 46
OFFSET 5.8684 -4.2272 -8.7667
SCALE 1 1 1
X -0.5087 -0.8563 -0.0897
Y -0.3996 0.3271 -0.8563
Z 0.7626 -0.3998 -0.5086

PART 47
OFFSET 5.8094 -3.8769 -7.5416
SCALE 1 1 1
X -0.5087 -0.8563 -0.0897
Y -0.3996 0.3271 -0.8563
Z 0.7626 -0.3998 -0.5086

PART 48
OFFSET 6.8516 -4.5554 -5.8155
SCALE 1 1 1
X -0.5087 -0.8563 -0.0897
Y -0.3996 0.3271 -0.8563
Z 0.7626 -0.3998 -0.5086

PART 49
OFFSET 7.6612 -3.5253 -7.4049
SCALE 1 1 1
X -0.2804 -0.8692 0.4074
Y -0.2650 -0.3378 -0.9031
Z 0.9226 -0.3612 -0.1357

PART 50
OFFSET 7.6643 -2.6600 -6.6609
SCALE 1 1 1
X 0.3841 -0.9233 -0.0055
Y -0.0322 -0.0074 -0.9995
Z 0.9227 0.3841 -0.0325

PART 51
OFFSET 6.7873 -0.6883 -6.5474
SCALE 1 1 1
X 0.2045 -0.9393 0.2755
Y 0.2699 -0.2164 -0.9382
Z 0.9409 0.2662 0.2093

PART 52
OFFSET 6.3679 0.7853 -7.0715
SCALE 1 1 1
X 0.1540 -0.6165 0.7722
Y 0.3561 -0.6943 -0.6254
Z 0.9217 0.3713 0.1126

PART 53
OFFSET 6.1532 1.4468 -7.9010
SCALE 1 1 1
X -0.4050 -0.8366 0.3688
Y -0.8956 0.2818 -0.3443
Z 0.1841 -0.4697 -0.8634

PART 54
OFFSET 7.4282 -3.0785 -8.6892
SCALE 1 1 1
X -0.0389 -0.5353 0.8438
Y 0.9460 -0.2917 -0.1414
Z 0.3218 0.7927 0.5178

PART 55
OFFSET 7.4466 -1.7245 -10.4923
SCALE 1 1 1
X 0.7608 -0.5308 0.3734
Y 0.4327 -0.0138 -0.9014
Z 0.4836 0.8474 0.2192

PART 56
OFFSET 6.3694 -0.9730 -11.0209
SCALE 1 1 1
X 0.7403 -0.2655 -0.6177
Y -0.4373 0.5076 -0.7423
Z 0.5106 0.8197 0.2597

PART 57
OFFSET 5.7131 -0.7376 -10.4732
SCALE 1 1 1
X 0.4825 -0.0473 -0.8746
Y -0.7368 0.5180 -0.4345
Z 0.4736 0.8541 0.2151

PART 58
OFFSET 5.2547 -0.6927 -9.6423
SCALE 1 1 1
X 0.0250 -0.4125 0.9106
Y -0.8069 0.5294 0.2620
Z -0.5902 -0.7413 -0.3196

PART 59
OFFSET 7.7948 -2.7133 -8.1975
SCALE 1 1 1
X -0.1799 -0.7256 0.6642
Y 0.9389 -0.3281 -0.1042
Z 0.2936 0.6049 0.7402

PART 60
OFFSET 8.2387 -0.9273 -10.0337
SCALE 1 1 1
X 0.8269 -0.5433 0.1450
Y 0.3090 0.2236 -0.9244
Z 0.4698 0.8092 0.3528

PART 61
OFFSET 6.8309 -0.0023 -10.2805
SCALE 1 1 1
X 0.6282 -0.0302 -0.7775
Y -0.6052 0.6090 -0.5127
Z 0.4890 0.7926 0.3643

PART 62
OFFSET 5.9602 0.0396 -9.2030
SCALE 1 1 1
X 0.0377 0.4031 -0.9144
Y -0.8735 0.4577 0.1658
Z 0.4853 0.7925 0.3694

PART 63
OFFSET 5.9194 -0.3976 -8.2113
SCALE 1 1 1
X 0.4920 -0.5527 0.6726
Y -0.7573 0.1094 0.6438
Z -0.4295 -0.8262 -0.3647

PART 64
OFFSET 7.2130 -7.0506 -5.0184
SCALE 1 1 1
X 0.0440 -0.8529 0.5202
Y -0.9739 0.0796 0.2128
Z -0.2229 -0.5160 -0.8271

PART 65
OFFSET 9.2964 -0.0180 -8.3615
SCALE 1 1 1
X -0.3103 -0.7939 0.5230
Y 0.9237 -0.3817 -0.0314
Z 0.2246 0.4733 0.8518

PART 66
OFFSET 9.8427 1.3797 -9.2823
SCALE 1 1 1
X 0.1885 -0.8643 0.4664
Y 0.9662 0.0782 -0.2456
Z 0.1758 0.4969 0.8498

PART 67
OFFSET 9.6242 2.4606 -9.7976
SCALE 1 1 1
X 0.7086 -0.6841 0.1730
Y 0.6742 0.5841 -0.4519
Z 0.2081 0.4369 0.8751

PART 68
OFFSET 8.8238 3.2332 -9.9930
SCALE 1 1 1
X -0.7808 -0.1818 0.5978
Y -0.4957 0.7626 -0.4156
Z -0.3803 -0.6209 -0.6855

PART 69
OFFSET 8.8135 -0.4124 -9.2735
SCALE 1 1 1
X 0.4021 -0.8604 0.3132
Y 0.8722 0.2558 -0.4170
Z 0.2786 0.4408 0.8532

PART 70
OFFSET 8.0279 1.2683 -9.8853
SCALE 1 1 1
X 0.9282 0.0899 -0.3610
Y -0.2477 0.8734 -0.4193
Z 0.2776 0.4786 0.8330

PART 71
OFFSET 6.6721 1.1370 -9.3581
SCALE 1 1 1
X 0.6662 0.5256 -0.5292
Y -0.7063 0.6724 -0.2213
Z 0.2395 0.5212 0.8191

PART 72
OFFSET 5.9155 0.5385 -8.7647
SCALE 1 1 1
X -0.0750 -0.8658 0.4948
Y -0.9488 0.2146 0.2318
Z -0.3069 -0.4520 -0.8375

PART 73
OFFSET 5.8684 -4.2272 -8.7667
SCALE 1 1 1
X -0.5087 -0.8563 -0.0897
Y -0.3996 0.3271 -0.8563
Z 0.7626 -0.3998 -0.5086

PART 74
OFFSET 5.8094 -3.8769 -7.5416
SCALE 1 1 1
X -0.5087 -0.8563 -0.0897
Y -0.3996 0.3271 -0.8563
Z 0.7626 -0.3998 -0.5086

PART 75
OFFSET 6.8516 -4.5554 -5.8155
SCALE 1 1 1
X -0.5087 -0.8563 -0.0897
Y -0.3996 0.3271 -0.8563
Z 0.7626 -0.3998 -0.5086

PART 76
OFFSET 0.0000 0.0000 0.0000
SCALE 1 1 1
X 1.0000 0.0000 0.0000
Y 0.0000 1.0000 0.0000
Z 0.0000 0.0000 1.0000

PART 77
OFFSET 0.0000 0.0000 0.0000
SCALE 1 1 1
X 1.0000 0.0000 0.0059
Y -0.0000 1.0000 0.0000
Z -0.0059 -0.0000 1.0000

PART 78
OFFSET 1.5159 0.0000 4.1448
SCALE 1 1 1
X 1.0000 0.0000 0.0059
Y -0.0000 1.0000 0.0000
Z -0.0059 -0.0000 1.0000

PART 79
OFFSET 12.1752 8.2107 -8.8884
SCALE 1 1 1
X 0.5354 0.8235 -0.1874
Y -0.8444 0.5268 -0.0977
Z 0.0183 0.2106 0.9774

PART 80
OFFSET 11.6718 5.7711 -11.4674
SCALE 1 1 1
X 0.7215 -0.3633 0.5895
Y 0.5371 0.8309 -0.1453
Z -0.4370 0.4214 0.7946

PART 81
OFFSET 13.5777 7.2642 -7.5834
SCALE 1 1 1
X 0.5357 0.8276 -0.1674
Y -0.8444 0.5268 -0.0977
Z 0.0073 0.1937 0.9810

PART 82
OFFSET 27.1163 31.4677 -12.6225
SCALE 1 1 1
X 0.5354 0.8235 -0.1874
Y -0.8444 0.5268 -0.0977
Z 0.0183 0.2106 0.9774

PART 83
OFFSET 10.6567 6.8236 -9.6733
SCALE 1 1 1
X 0.5285 0.8387 -0.1315
Y -0.8389 0.4923 -0.2320
Z -0.1298 0.2329 0.9638

PART 84
OFFSET 11.1019 6.5481 -8.1906
SCALE 1 1 1
X 0.5354 0.8235 -0.1874
Y -0.8444 0.5268 -0.0977
Z 0.0183 0.2106 0.9774

PART 85
OFFSET 8.8920 3.4949 -6.0599
SCALE 1 1 1
X 0.5354 0.8235 -0.1874
Y -0.8444 0.5268 -0.0977
Z 0.0183 0.2106 0.9774

PART 86
OFFSET 24.8241 27.7201 -13.0185
SCALE 1 1 1
X 0.5357 0.8276 -0.1674
Y -0.8444 0.5268 -0.0977
Z 0.0073 0.1937 0.9810

PART 87
OFFSET 31.8997 38.9676 -13.5264
SCALE 1 1 1
X 0.5357 0.8276 -0.1674
Y -0.8444 0.5268 -0.0977
Z 0.0073 0.1937 0.9810

PART 88
OFFSET 32.0782 39.1303 -14.1912
SCALE 1 1 1
X 0.5357 0.8276 -0.1674
Y -0.8444 0.5268 -0.0977
Z 0.0073 0.1937 0.9810

PART 89
OFFSET 8.8389 5.6429 -7.4086
SCALE 1 1 1
X 0.5354 0.8235 -0.1874
Y -0.8444 0.5268 -0.0977
Z 0.0183 0.2106 0.9774

PART 90
OFFSET 15.5469 12.8023 -9.0765
SCALE 1 1 1
X 0.5354 0.8235 -0.1874
Y -0.8444 0.5268 -0.0977
Z 0.0183 0.2106 0.9774

PART 91
OFFSET 27.9687 32.8040 -12.7843
SCALE 1 1 1
X 0.5357 0.8276 -0.1674
Y -0.8444 0.5268 -0.0977
Z 0.0073 0.1937 0.9810


FRAME 136
PART 0
OFFSET 15.9854 5.9851 -9.0688
SCALE 1 1 1
X 0.8770 -0.4346 0.2047
Y -0.1307 0.1940 0.9722
Z -0.4623 -0.8795 0.1133

PART 1
OFFSET 15.9854 5.9851 -9.0688
SCALE 1 1 1
X 0.8770 -0.4346 0.2047
Y -0.1307 0.1940 0.9722
Z -0.4623 -0.8795 0.1133

PART 2
OFFSET 4.2163 -4.9104 -7.1590
SCALE 1 1 1
X -0.4868 -0.6361 0.5986
Y 0.7394 -0.6650 -0.1053
Z 0.4651 0.3914 0.7941

PART 3
OFFSET 4.2163 -4.9104 -7.1590
SCALE 1 1 1
X -0.4868 -0.6361 0.5986
Y 0.7394 -0.6650 -0.1053
Z 0.4651 0.3914 0.7941

PART 4
OFFSET 5.9840 -3.1050 -3.3894
SCALE 1 1 1
X 1.0000 0.0000 0.0000
Y 0.0000 1.0000 0.0000
Z 0.0000 -0.0000 1.0000

PART 5
OFFSET 1.4024 4.2672 -6.2573
SCALE 1 1 1
X 0.3869 0.4778 -0.7886
Y 0.4937 -0.8297 -0.2604
Z -0.7788 -0.2886 -0.5570

PART 6
OFFSET 6.0820 10.0461 -15.7951
SCALE 1 1 1
X 0.7720 -0.3043 0.5580
Y -0.6350 -0.4077 0.6562
Z 0.0278 -0.8609 -0.5080

PART 7
OFFSET 12.6482 7.4577 -11.0487
SCALE 1 1 1
X 0.7720 -0.3043 0.5580
Y 0.4651 0.8688 -0.1697
Z -0.4332 0.3905 0.8123

PART 8
OFFSET 14.0933 8.9012 -9.7581
SCALE 1 1 1
X 0.7757 -0.2995 0.5555
Y -0.0209 0.8675 0.4969
Z -0.6308 -0.3971 0.6667

PART 9
OFFSET 14.2487 7.0322 -11.6776
SCALE 1 1 1
X 0.7757 -0.2995 0.5555
Y -0.0209 0.8675 0.4969
Z -0.6308 -0.3971 0.6667

PART 10
OFFSET 13.2186 7.6084 -8.3166
SCALE 1 1 1
X 0.7757 -0.2995 0.5555
Y -0.0209 0.8675 0.4969
Z -0.6308 -0.3971 0.6667

PART 11
OFFSET 13.1573 6.1800 -9.1892
SCALE 1 1 1
X 0.7757 -0.2995 0.5555
Y -0.0209 0.8675 0.4969
Z -0.6308 -0.3971 0.6667

PART 12
OFFSET 13.0155 4.9984 -10.3203
SCALE 1 1 1
X 0.7757 -0.2995 0.5555
Y -0.0209 0.8675 0.4969
Z -0.6308 -0.3971 0.6667

PART 13
OFFSET 15.0149 6.5247 -9.3379
SCALE 1 1 1
X 0.9814 -0.1523 0.1170
Y 0.1740 0.9629 -0.2061
Z -0.0813 0.2226 0.9715

PART 14
OFFSET 15.5909 7.4769 -9.0852
SCALE 1 1 1
X 0.7943 0.4916 0.3571
Y -0.4706 0.8695 -0.1502
Z -0.3843 -0.0488 0.9219

PART 15
OFFSET 17.2364 8.6218 -8.2784
SCALE 1 1 1
X 0.8666 0.4376 0.2397
Y -0.4706 0.8765 0.1013
Z -0.1658 -0.2006 0.9656

PART 16
OFFSET 18.6450 9.2535 -7.7893
SCALE 1 1 1
X 0.9072 0.2357 0.3485
Y -0.2891 0.9510 0.1095
Z -0.3056 -0.2001 0.9309

PART 17
OFFSET 19.6071 9.5154 -7.3680
SCALE 1 1 1
X 0.8064 0.4985 -0.3182
Y -0.2052 -0.2687 -0.9411
Z -0.5546 0.8242 -0.1144

PART 18
OFFSET 15.6426 5.4098 -8.8219
SCALE 1 1 1
X 0.7136 -0.6824 0.1585
Y -0.0831 0.1422 0.9863
Z -0.6956 -0.7170 0.0447

PART 19
OFFSET 17.3370 3.9983 -8.3514
SCALE 1 1 1
X -0.0731 0.1042 0.9919
Y -0.9706 0.2213 -0.0948
Z -0.2294 -0.9696 0.0849

PART 20
OFFSET 17.2335 4.1458 -6.9471
SCALE 1 1 1
X -0.7959 0.2498 0.5515
Y -0.5682 0.0061 -0.8228
Z -0.2090 -0.9683 0.1371

PART 21
OFFSET 16.5278 4.3673 -6.4581
SCALE 1 1 1
X -0.7925 0.2404 0.5604
Y -0.5609 0.0731 -0.8246
Z -0.2392 -0.9679 0.0769

PART 22
OFFSET 15.7749 4.5957 -5.9257
SCALE 1 1 1
X 0.9929 -0.0898 0.0779
Y 0.0563 -0.2218 -0.9735
Z 0.1047 0.9709 -0.2152

PART 23
OFFSET 15.9854 5.9851 -9.0688
SCALE 1 1 1
X 0.8770 -0.4346 0.2047
Y -0.1307 0.1940 0.9722
Z -0.4623 -0.8795 0.1133

PART 24
OFFSET 18.1959 4.7222 -8.5422
SCALE 1 1 1
X 0.3259 0.0827 0.9418
Y -0.9196 0.2591 0.2954
Z -0.2196 -0.9623 0.1605

PART 25
OFFSET 18.7507 4.8630 -6.9388
SCALE 1 1 1
X -0.7684 0.2724 0.5791
Y -0.6068 -0.0230 -0.7945
Z -0.2031 -0.9619 0.1829

PART 26
OFFSET 17.6857 5.2405 -6.1363
SCALE 1 1 1
X -0.8764 0.2561 0.4078
Y -0.4390 -0.0767 -0.8952
Z -0.1980 -0.9636 0.1797

PART 27
OFFSET 16.7352 5.5183 -5.6940
SCALE 1 1 1
X 0.9591 -0.2134 0.1861
Y 0.1516 -0.1682 -0.9740
Z 0.2392 0.9624 -0.1289

PART 28
OFFSET 18.2729 7.7035 -8.7837
SCALE 1 1 1
X 0.8671 -0.2676 0.4201
Y 0.3697 -0.2194 -0.9029
Z 0.3338 0.9382 -0.0913

PART 29
OFFSET 19.0003 6.5749 -9.3985
SCALE 1 1 1
X 0.7800 0.3482 0.5200
Y -0.5656 0.0365 0.8239
Z 0.2679 -0.9367 0.2254

PART 30
OFFSET 20.3736 7.1880 -8.4830
SCALE 1 1 1
X 0.4278 0.2963 0.8539
Y -0.8545 -0.1752 0.4890
Z 0.2945 -0.9389 0.1782

PART 31
OFFSET 20.8758 7.6053 -7.4558
SCALE 1 1 1
X -0.0745 0.2358 0.9690
Y -0.9490 -0.3152 0.0037
Z 0.3063 -0.9193 0.2472

PART 32
OFFSET 20.7916 7.8716 -6.3613
SCALE 1 1 1
X 0.9671 -0.0508 -0.2492
Y -0.2543 -0.1941 -0.9474
Z -0.0002 0.9797 -0.2006

PART 33
OFFSET 18.6923 5.5864 -9.0132
SCALE 1 1 1
X 0.7229 0.0192 0.6907
Y -0.6705 0.2615 0.6944
Z -0.1672 -0.9650 0.2019

PART 34
OFFSET 20.1045 5.6240 -7.6638
SCALE 1 1 1
X -0.6431 0.2773 0.7138
Y -0.7373 0.0278 -0.6750
Z -0.2070 -0.9604 0.1865

PART 35
OFFSET 19.1651 6.0290 -6.6212
SCALE 1 1 1
X -0.7002 0.2567 0.6662
Y -0.6765 0.0597 -0.7340
Z -0.2282 -0.9646 0.1319

PART 36
OFFSET 18.3710 6.3129 -5.8652
SCALE 1 1 1
X 0.9836 -0.1734 -0.0505
Y -0.0839 -0.1911 -0.9780
Z 0.1599 0.9661 -0.2025

PART 37
OFFSET 14.0933 8.9012 -9.7581
SCALE 1 1 1
X 0.7757 -0.2995 0.5555
Y -0.0209 0.8675 0.4969
Z -0.6308 -0.3971 0.6667

PART 38
OFFSET 14.2487 7.0322 -11.6776
SCALE 1 1 1
X 0.7757 -0.2995 0.5555
Y -0.0209 0.8675 0.4969
Z -0.6308 -0.3971 0.6667

PART 39
OFFSET 13.2186 7.6084 -8.3166
SCALE 1 1 1
X 0.7757 -0.2995 0.5555
Y -0.0209 0.8675 0.4969
Z -0.6308 -0.3971 0.6667

PART 40
OFFSET 13.1573 6.1800 -9.1892
SCALE 1 1 1
X 0.7757 -0.2995 0.5555
Y -0.0209 0.8675 0.4969
Z -0.6308 -0.3971 0.6667

PART 41
OFFSET 13.0155 4.9984 -10.3203
SCALE 1 1 1
X 0.7757 -0.2995 0.5555
Y -0.0209 0.8675 0.4969
Z -0.6308 -0.3971 0.6667

PART 42
OFFSET 12.5592 3.4143 -6.8514
SCALE 1 1 1
X 0.8250 0.5551 -0.1062
Y -0.5634 0.8225 -0.0774
Z 0.0444 0.1237 0.9913

PART 43
OFFSET -2.3317 -3.5648 -2.9073
SCALE 1 1 1
X 0.0287 0.9680 0.2491
Y -0.0938 -0.2455 0.9648
Z 0.9952 -0.0510 0.0837

PART 44
OFFSET -2.6783 -15.2722 -5.9204
SCALE 1 1 1
X -0.5539 -0.8314 0.0447
Y 0.7150 -0.5025 -0.4861
Z 0.4266 -0.2373 0.8728

PART 45
OFFSET 2.0328 -8.2009 -6.3009
SCALE 1 1 1
X -0.5539 -0.8314 0.0447
Y -0.1299 0.0332 -0.9910
Z 0.8224 -0.5547 -0.1264

PART 46
OFFSET 1.8186 -6.3992 -7.6053
SCALE 1 1 1
X -0.5593 -0.8277 0.0452
Y -0.4353 0.2468 -0.8658
Z 0.7055 -0.5040 -0.4983

PART 47
OFFSET 1.8595 -5.9038 -6.4296
SCALE 1 1 1
X -0.5593 -0.8277 0.0452
Y -0.4353 0.2468 -0.8658
Z 0.7055 -0.5040 -0.4983

PART 48
OFFSET 2.9764 -6.4377 -4.6880
SCALE 1 1 1
X -0.5593 -0.8277 0.0452
Y -0.4353 0.2468 -0.8658
Z 0.7055 -0.5040 -0.4983

PART 49
OFFSET 3.7308 -5.6521 -6.4381
SCALE 1 1 1
X -0.6210 -0.7117 0.3285
Y -0.3251 -0.1475 -0.9341
Z 0.7132 -0.6869 -0.1397

PART 50
OFFSET 4.0310 -4.9076 -5.6270
SCALE 1 1 1
X -0.0088 -0.9975 -0.0696
Y 0.0237 0.0694 -0.9973
Z 0.9997 -0.0105 0.0231

PART 51
OFFSET 3.9921 -2.7614 -5.3785
SCALE 1 1 1
X -0.1959 -0.9591 0.2043
Y 0.2157 -0.2454 -0.9451
Z 0.9566 -0.1411 0.2550

PART 52
OFFSET 4.2140 -1.2119 -5.7933
SCALE 1 1 1
X -0.1436 -0.6749 0.7238
Y 0.0900 -0.7373 -0.6695
Z 0.9855 -0.0310 0.1666

PART 53
OFFSET 4.3227 -0.4681 -6.5723
SCALE 1 1 1
X -0.7205 -0.6302 0.2893
Y -0.6926 0.6339 -0.3442
Z 0.0335 -0.4484 -0.8932

PART 54
OFFSET 3.7641 -5.0691 -7.6880
SCALE 1 1 1
X -0.2930 -0.5288 0.7966
Y 0.7623 -0.6321 -0.1392
Z 0.5771 0.5664 0.5883

PART 55
OFFSET 4.4129 -3.7210 -9.3751
SCALE 1 1 1
X 0.4714 -0.8102 0.3483
Y 0.4409 -0.1254 -0.8887
Z 0.7638 0.5725 0.2981

PART 56
OFFSET 3.7456 -2.5738 -9.8681
SCALE 1 1 1
X 0.6098 -0.4954 -0.6186
Y -0.1634 0.6852 -0.7098
Z 0.7755 0.5339 0.3369

PART 57
OFFSET 3.2049 -2.1346 -9.3196
SCALE 1 1 1
X 0.4724 -0.1779 -0.8632
Y -0.4507 0.7929 -0.4101
Z 0.7574 0.5828 0.2944

PART 58
OFFSET 2.7561 -1.9656 -8.4995
SCALE 1 1 1
X -0.1879 -0.4459 0.8751
Y -0.5486 0.7867 0.2831
Z -0.8147 -0.4269 -0.3925

PART 59
OFFSET 4.2163 -4.9104 -7.1590
SCALE 1 1 1
X -0.4868 -0.6361 0.5986
Y 0.7394 -0.6650 -0.1053
Z 0.4651 0.3914 0.7941

PART 60
OFFSET 5.4271 -3.3324 -8.8330
SCALE 1 1 1
X 0.5391 -0.8334 0.1218
Y 0.4219 0.1420 -0.8955
Z 0.7289 0.5342 0.4281

PART 61
OFFSET 4.5092 -1.9136 -9.0404
SCALE 1 1 1
X 0.6078 -0.2259 -0.7613
Y -0.2896 0.8296 -0.4774
Z 0.7394 0.5106 0.4388

PART 62
OFFSET 3.6669 -1.6005 -7.9853
SCALE 1 1 1
X 0.2423 0.4129 -0.8779
Y -0.6324 0.7535 0.1798
Z 0.7357 0.5117 0.4437

PART 63
OFFSET 3.4041 -2.0482 -7.0331
SCALE 1 1 1
X 0.1989 -0.7435 0.6385
Y -0.6880 0.3580 0.6312
Z -0.6979 -0.5648 -0.4404

PART 64
OFFSET 1.8034 -8.8574 -4.3559
SCALE 1 1 1
X -0.3231 -0.8321 0.4509
Y -0.8750 0.4441 0.1925
Z -0.3604 -0.3323 -0.8716

PART 65
OFFSET 6.6608 -3.0231 -7.0654
SCALE 1 1 1
X -0.6251 -0.6388 0.4484
Y 0.7008 -0.7124 -0.0379
Z 0.3437 0.2906 0.8930

PART 66
OFFSET 7.7614 -1.8984 -7.8550
SCALE 1 1 1
X -0.1918 -0.8964 0.3996
Y 0.9318 -0.2942 -0.2127
Z 0.3082 0.3315 0.8917

PART 67
OFFSET 8.0133 -0.7885 -8.2866
SCALE 1 1 1
X 0.3730 -0.9179 0.1358
Y 0.8735 0.2980 -0.3849
Z 0.3129 0.2622 0.9129

PART 68
OFFSET 7.5920 0.2483 -8.4400
SCALE 1 1 1
X -0.8220 0.1035 0.5601
Y -0.1330 0.9213 -0.3655
Z -0.5538 -0.3749 -0.7435

PART 69
OFFSET 6.1140 -3.1359 -8.0187
SCALE 1 1 1
X 0.0145 -0.9672 0.2535
Y 0.9246 -0.0836 -0.3717
Z 0.3807 0.2398 0.8931

PART 70
OFFSET 6.0857 -1.2463 -8.5139
SCALE 1 1 1
X 0.9079 -0.2614 -0.3278
Y 0.1384 0.9249 -0.3541
Z 0.3957 0.2761 0.8759

PART 71
OFFSET 4.7597 -0.8645 -8.0352
SCALE 1 1 1
X 0.8474 0.2521 -0.4672
Y -0.3726 0.9093 -0.1852
Z 0.3782 0.3310 0.8645

PART 72
OFFSET 3.7969 -1.1518 -7.5123
SCALE 1 1 1
X -0.4360 -0.7953 0.4213
Y -0.8001 0.5568 0.2230
Z -0.4119 -0.2399 -0.8791

PART 73
OFFSET 1.8186 -6.3992 -7.6053
SCALE 1 1 1
X -0.5593 -0.8277 0.0452
Y -0.4353 0.2468 -0.8658
Z 0.7055 -0.5040 -0.4983

PART 74
OFFSET 1.8595 -5.9038 -6.4296
SCALE 1 1 1
X -0.5593 -0.8277 0.0452
Y -0.4353 0.2468 -0.8658
Z 0.7055 -0.5040 -0.4983

PART 75
OFFSET 2.9764 -6.4377 -4.6880
SCALE 1 1 1
X -0.5593 -0.8277 0.0452
Y -0.4353 0.2468 -0.8658
Z 0.7055 -0.5040 -0.4983

PART 76
OFFSET 0.0000 0.0000 0.0000
SCALE 1 1 1
X 1.0000 0.0000 0.0000
Y 0.0000 1.0000 0.0000
Z 0.0000 0.0000 1.0000

PART 77
OFFSET 0.0000 0.0000 0.0000
SCALE 1 1 1
X 0.9999 0.0000 0.0169
Y -0.0000 1.0000 0.0000
Z -0.0169 -0.0000 0.9999

PART 78
OFFSET 1.4702 0.0000 4.1612
SCALE 1 1 1
X 0.9999 0.0000 0.0169
Y -0.0000 1.0000 0.0000
Z -0.0169 -0.0000 0.9999

PART 79
OFFSET 12.5592 3.4143 -6.8514
SCALE 1 1 1
X 0.8250 0.5551 -0.1062
Y -0.5634 0.8225 -0.0774
Z 0.0444 0.1237 0.9913

PART 80
OFFSET 11.2855 1.5412 -9.6310
SCALE 1 1 1
X 0.4870 -0.6554 0.5773
Y 0.8270 0.5586 -0.0636
Z -0.2808 0.5084 0.8141

PART 81
OFFSET 13.4027 1.9099 -5.5900
SCALE 1 1 1
X 0.8257 0.5575 -0.0859
Y -0.5634 0.8225 -0.0774
Z 0.0275 0.1123 0.9933

PART 82
OFFSET 35.6044 19.0630 -8.3025
SCALE 1 1 1
X 0.8250 0.5551 -0.1062
Y -0.5634 0.8225 -0.0774
Z 0.0444 0.1237 0.9913

PART 83
OFFSET 10.6429 2.8455 -7.9646
SCALE 1 1 1
X 0.8212 0.5686 -0.0485
Y -0.5628 0.7930 -0.2333
Z -0.0942 0.2189 0.9712

PART 84
OFFSET 10.8827 2.2703 -6.3186
SCALE 1 1 1
X 0.8250 0.5551 -0.1062
Y -0.5634 0.8225 -0.0774
Z 0.0444 0.1237 0.9913

PART 85
OFFSET 7.5370 0.2099 -4.5000
SCALE 1 1 1
X 0.8250 0.5551 -0.1062
Y -0.5634 0.8225 -0.0774
Z 0.0444 0.1237 0.9913

PART 86
OFFSET 32.0529 16.5591 -9.0597
SCALE 1 1 1
X 0.8257 0.5575 -0.0859
Y -0.5634 0.8225 -0.0774
Z 0.0275 0.1123 0.9933

PART 87
OFFSET 42.9871 24.1038 -8.4732
SCALE 1 1 1
X 0.8257 0.5575 -0.0859
Y -0.5634 0.8225 -0.0774
Z 0.0275 0.1123 0.9933

PART 88
OFFSET 43.2522 24.2248 -9.1167
SCALE 1 1 1
X 0.8257 0.5575 -0.0859
Y -0.5634 0.8225 -0.0774
Z 0.0275 0.1123 0.9933

PART 89
OFFSET 8.4060 2.2851 -5.6724
SCALE 1 1 1
X 0.8250 0.5551 -0.1062
Y -0.5634 0.8225 -0.0774
Z 0.0444 0.1237 0.9913

PART 90
OFFSET 17.4655 6.3023 -6.5796
SCALE 1 1 1
X 0.8250 0.5551 -0.1062
Y -0.5634 0.8225 -0.0774
Z 0.0444 0.1237 0.9913

PART 91
OFFSET 36.9199 19.9611 -8.3334
SCALE 1 1 1
X 0.8257 0.5575 -0.0859
Y -0.5634 0.8225 -0.0774
Z 0.0275 0.1123 0.9933


FRAME 137
PART 0
OFFSET 17.6184 0.4739 -7.4130
SCALE 1 1 1
X 0.6466 -0.7314 0.2166
Y -0.1155 0.1868 0.9756
Z -0.7540 -0.6559 0.0363

PART 1
OFFSET 17.6184 0.4739 -7.4130
SCALE 1 1 1
X 0.6466 -0.7314 0.2166
Y -0.1155 0.1868 0.9756
Z -0.7540 -0.6559 0.0363

PART 2
OFFSET 2.6202 -5.4817 -6.7355
SCALE 1 1 1
X -0.7211 -0.4410 0.5344
Y 0.4559 -0.8828 -0.1133
Z 0.5217 0.1620 0.8376

PART 3
OFFSET 2.6202 -5.4817 -6.7355
SCALE 1 1 1
X -0.7211 -0.4410 0.5344
Y 0.4559 -0.8828 -0.1133
Z 0.5217 0.1620 0.8376

PART 4
OFFSET 5.9840 -3.1050 -3.3894
SCALE 1 1 1
X 1.0000 0.0000 0.0000
Y 0.0000 1.0000 0.0000
Z 0.0000 -0.0000 1.0000

PART 5
OFFSET 1.4024 4.2672 -6.2573
SCALE 1 1 1
X 0.6900 0.2613 -0.6750
Y 0.1783 -0.9652 -0.1914
Z -0.7015 0.0117 -0.7125

PART 6
OFFSET 9.7470 7.4270 -14.4211
SCALE 1 1 1
X 0.6205 -0.5261 0.5816
Y -0.7572 -0.2087 0.6190
Z -0.2042 -0.8244 -0.5278

PART 7
OFFSET 15.0245 2.9525 -9.4744
SCALE 1 1 1
X 0.6205 -0.5261 0.5816
Y 0.7003 0.7054 -0.1091
Z -0.3529 0.4750 0.8061

PART 8
OFFSET 16.7697 3.8872 -8.0896
SCALE 1 1 1
X 0.6256 -0.5226 0.5793
Y 0.2133 0.8288 0.5172
Z -0.7504 -0.2000 0.6299

PART 9
OFFSET 16.4552 2.0789 -10.0473
SCALE 1 1 1
X 0.6256 -0.5226 0.5793
Y 0.2133 0.8288 0.5172
Z -0.7504 -0.2000 0.6299

PART 10
OFFSET 15.4854 2.8951 -6.7183
SCALE 1 1 1
X 0.6256 -0.5226 0.5793
Y 0.2133 0.8288 0.5172
Z -0.7504 -0.2000 0.6299

PART 11
OFFSET 15.0454 1.5595 -7.6282
SCALE 1 1 1
X 0.6256 -0.5226 0.5793
Y 0.2133 0.8288 0.5172
Z -0.7504 -0.2000 0.6299

PART 12
OFFSET 14.6137 0.4865 -8.7935
SCALE 1 1 1
X 0.6256 -0.5226 0.5793
Y 0.2133 0.8288 0.5172
Z -0.7504 -0.2000 0.6299

PART 13
OFFSET 16.9267 1.3397 -7.6915
SCALE 1 1 1
X 0.8510 -0.5027 0.1518
Y 0.5218 0.8421 -0.1366
Z -0.0592 0.1954 0.9789

PART 14
OFFSET 17.7887 2.0065 -7.3531
SCALE 1 1 1
X 0.8927 0.1544 0.4233
Y -0.1155 0.9865 -0.1162
Z -0.4356 0.0548 0.8985

PART 15
OFFSET 19.6793 2.4412 -6.4011
SCALE 1 1 1
X 0.9483 0.0829 0.3062
Y -0.1294 0.9824 0.1349
Z -0.2896 -0.1676 0.9424

PART 16
OFFSET 21.1856 2.4976 -5.8093
SCALE 1 1 1
X 0.9064 -0.1244 0.4037
Y 0.0658 0.9856 0.1561
Z -0.4173 -0.1149 0.9015

PART 17
OFFSET 22.1478 2.3746 -5.3288
SCALE 1 1 1
X 0.9507 0.1851 -0.2489
Y -0.2261 -0.1358 -0.9646
Z -0.2123 0.9733 -0.0873

PART 18
OFFSET 17.0762 0.0521 -7.2189
SCALE 1 1 1
X 0.4084 -0.9008 0.1474
Y -0.0908 0.1206 0.9885
Z -0.9083 -0.4171 -0.0325

PART 19
OFFSET 18.1149 -1.8964 -6.7618
SCALE 1 1 1
X -0.0955 0.0814 0.9921
Y -0.8176 0.5621 -0.1248
Z -0.5678 -0.8231 0.0129

PART 20
OFFSET 17.9797 -1.7811 -5.3572
SCALE 1 1 1
X -0.6870 0.4978 0.5293
Y -0.4729 0.2467 -0.8459
Z -0.5517 -0.8314 0.0659

PART 21
OFFSET 17.3706 -1.3397 -4.8879
SCALE 1 1 1
X -0.6879 0.4875 0.5378
Y -0.4419 0.3065 -0.8431
Z -0.5758 -0.8176 0.0045

PART 22
OFFSET 16.7170 -0.8766 -4.3770
SCALE 1 1 1
X 0.8868 -0.4470 0.1173
Y 0.0363 -0.1856 -0.9820
Z 0.4607 0.8751 -0.1483

PART 23
OFFSET 17.6184 0.4739 -7.4130
SCALE 1 1 1
X 0.6466 -0.7314 0.2166
Y -0.1155 0.1868 0.9756
Z -0.7540 -0.6559 0.0363

PART 24
