// Export filename: `C:/cod5/cod/cod5/xanim_export/viewmodel/US/m1garand/m1garand_sprint_loop.XANIM_EXPORT`
// Source filename: `C:/cod5/cod/cod5/animation_assets/viewmodel/US/m1_garand/viewmodelanimation_m1garand.mb`
// Export time: Thu Mar 27 11:52:54 2008

ANIMATION
VERSION 3

NUMPARTS 80
PART 0 "RingPalm_FK_LE"
PART 1 "RingPalm_SDK_LE"
PART 2 "RingPalm_FK_RI"
PART 3 "RingPalm_SDK_RI"
PART 4 "tag_torso"
PART 5 "J_Shoulder_LE"
PART 6 "J_Elbow_LE"
PART 7 "J_WristTwist_LE"
PART 8 "J_Sleave_Reshape_Bottom_LE_1"
PART 9 "J_Sleave_Reshape_Bottom_LE_2"
PART 10 "J_Sleave_Reshape_Top_LE_1"
PART 11 "J_Sleave_Reshape_Top_LE_2"
PART 12 "J_Sleave_Reshape_Top_LE_3"
PART 13 "J_Wrist_LE"
PART 14 "J_Thumb_LE_0"
PART 15 "J_Thumb_LE_1"
PART 16 "J_Thumb_LE_2"
PART 17 "J_Thumb_LE_3"
PART 18 "J_PinkyPalm_LE"
PART 19 "J_Pinky_LE_0"
PART 20 "J_Pinky_LE_1"
PART 21 "J_Pinky_LE_2"
PART 22 "J_Pinky_LE_3"
PART 23 "J_RingPalm_LE"
PART 24 "J_Ring_LE_0"
PART 25 "J_Ring_LE_1"
PART 26 "J_Ring_LE_2"
PART 27 "J_Ring_LE_3"
PART 28 "J_Webbing_LE"
PART 29 "J_Index_LE_0"
PART 30 "J_Index_LE_1"
PART 31 "J_Index_LE_2"
PART 32 "J_Index_LE_3"
PART 33 "J_Mid_LE_0"
PART 34 "J_Mid_LE_1"
PART 35 "J_Mid_LE_2"
PART 36 "J_Mid_LE_3"
PART 37 "tag_weapon"
PART 38 "J_Shoulder_RI"
PART 39 "J_Elbow_RI"
PART 40 "J_WristTwist_RI"
PART 41 "J_Sleave_Reshape_Top_RI_3"
PART 42 "J_Sleave_Reshape_Top_RI_2"
PART 43 "J_Sleave_Reshape_Top_RI_1"
PART 44 "J_Wrist_RI"
PART 45 "J_Thumb_RI_0"
PART 46 "J_Thumb_RI_1"
PART 47 "J_Thumb_RI_2"
PART 48 "J_Thumb_RI_3"
PART 49 "J_PinkyPalm_RI"
PART 50 "J_Pinky_RI_0"
PART 51 "J_Pinky_RI_1"
PART 52 "J_Pinky_RI_2"
PART 53 "J_Pinky_RI_3"
PART 54 "J_RingPalm_RI"
PART 55 "J_Ring_RI_0"
PART 56 "J_Ring_RI_1"
PART 57 "J_Ring_RI_2"
PART 58 "J_Ring_RI_3"
PART 59 "J_Webbing_RI"
PART 60 "J_Index_RI_0"
PART 61 "J_Index_RI_1"
PART 62 "J_Index_RI_2"
PART 63 "J_Index_RI_3"
PART 64 "J_Mid_RI_0"
PART 65 "J_Mid_RI_1"
PART 66 "J_Mid_RI_2"
PART 67 "J_Mid_RI_3"
PART 68 "tag_cambone"
PART 69 "tag_camera"
PART 70 "tag_gasmask"
PART 71 "J_Gun"
PART 72 "tag_brass"
PART 73 "J_Bolt"
PART 74 "tag_flash"
PART 75 "j_stripper"
PART 76 "J_Clip"
PART 77 "joint1"
PART 78 "tag_bayonet"
PART 79 "tag_grenade"

FRAMERATE 24
NUMFRAMES 29

FRAME 576
PART 0
OFFSET 14.1332 7.6484 -6.8077
SCALE 1 1 1
X 0.7362 0.1491 0.6602
Y -0.5366 -0.4658 0.7036
Z 0.4124 -0.8723 -0.2628

PART 1
OFFSET 14.1332 7.6484 -6.8077
SCALE 1 1 1
X 0.7362 0.1491 0.6602
Y -0.5366 -0.4658 0.7036
Z 0.4124 -0.8723 -0.2628

PART 2
OFFSET 17.7874 -7.1095 -12.3953
SCALE 1 1 1
X 0.1175 -0.9642 0.2378
Y 0.8528 0.2206 0.4734
Z -0.5089 0.1472 0.8481

PART 3
OFFSET 17.7874 -7.1095 -12.3953
SCALE 1 1 1
X 0.1175 -0.9642 0.2378
Y 0.8528 0.2206 0.4734
Z -0.5089 0.1472 0.8481

PART 4
OFFSET 6.2061 -3.1050 -3.3894
SCALE 1 1 1
X 1.0000 0.0000 0.0000
Y 0.0000 1.0000 0.0000
Z 0.0000 -0.0000 1.0000

PART 5
OFFSET 1.6245 4.2672 -6.2573
SCALE 1 1 1
X 0.4247 0.1598 -0.8911
Y 0.6699 -0.7176 0.1906
Z -0.6090 -0.6779 -0.4118

PART 6
OFFSET 6.7609 6.1999 -17.0344
SCALE 1 1 1
X 0.5653 0.1171 0.8165
Y -0.7809 -0.2431 0.5755
Z 0.2659 -0.9629 -0.0460

PART 7
OFFSET 11.5691 7.1959 -10.0895
SCALE 1 1 1
X 0.5653 0.1171 0.8165
Y -0.4552 0.8698 0.1905
Z -0.6879 -0.4794 0.5450

PART 8
OFFSET 12.4068 9.2930 -9.2599
SCALE 1 1 1
X 0.5692 0.1212 0.8132
Y -0.2562 0.9660 0.0354
Z -0.7812 -0.2285 0.5809

PART 9
OFFSET 13.3170 6.9166 -10.0176
SCALE 1 1 1
X 0.5692 0.1212 0.8132
Y -0.2562 0.9660 0.0354
Z -0.7812 -0.2285 0.5809

PART 10
OFFSET 11.1811 8.5058 -7.6583
SCALE 1 1 1
X 0.5692 0.1212 0.8132
Y -0.2562 0.9660 0.0354
Z -0.7812 -0.2285 0.5809

PART 11
OFFSET 11.5358 6.9010 -7.7958
SCALE 1 1 1
X 0.5692 0.1212 0.8132
Y -0.2562 0.9660 0.0354
Z -0.7812 -0.2285 0.5809

PART 12
OFFSET 11.9077 5.4668 -8.3143
SCALE 1 1 1
X 0.5692 0.1212 0.8132
Y -0.2562 0.9660 0.0354
Z -0.7812 -0.2285 0.5809

PART 13
OFFSET 13.3022 7.5548 -7.5863
SCALE 1 1 1
X 0.5852 0.4188 0.6944
Y -0.5946 0.8039 0.0162
Z -0.5514 -0.4224 0.7194

PART 14
OFFSET 12.7653 8.3456 -6.9629
SCALE 1 1 1
X -0.0746 0.3863 0.9194
Y -0.8078 0.5172 -0.2828
Z -0.5847 -0.7638 0.2735

PART 15
OFFSET 12.4912 9.1882 -4.9920
SCALE 1 1 1
X -0.0171 0.4779 0.8782
Y -0.9261 0.3236 -0.1942
Z -0.3770 -0.8166 0.4371

PART 16
OFFSET 12.4766 9.8490 -3.5137
SCALE 1 1 1
X -0.4090 0.4855 0.7726
Y -0.8054 0.2060 -0.5558
Z -0.4290 -0.8496 0.3068

PART 17
OFFSET 12.0010 10.3387 -2.6736
SCALE 1 1 1
X -0.1923 0.9466 0.2587
Y 0.8031 0.3033 -0.5129
Z -0.5640 0.1091 -0.8185

PART 18
OFFSET 14.3226 6.9631 -6.8707
SCALE 1 1 1
X 0.7955 -0.1337 0.5910
Y -0.5759 -0.4699 0.6690
Z 0.1883 -0.8725 -0.4508

PART 19
OFFSET 16.0120 6.7323 -5.3952
SCALE 1 1 1
X -0.1124 -0.3397 0.9338
Y -0.9155 -0.3300 -0.2303
Z 0.3863 -0.8807 -0.2739

PART 20
OFFSET 15.8529 6.2513 -4.0732
SCALE 1 1 1
X -0.7859 -0.4590 0.4144
Y -0.4695 0.0068 -0.8829
Z 0.4024 -0.8884 -0.2208

PART 21
OFFSET 15.1561 5.8443 -3.7058
SCALE 1 1 1
X -0.9226 -0.3845 -0.0321
Y -0.0805 0.2732 -0.9586
Z 0.3773 -0.8818 -0.2830

PART 22
OFFSET 14.2796 5.4791 -3.7363
SCALE 1 1 1
X 0.7016 0.2501 0.6672
Y 0.5806 0.3422 -0.7388
Z -0.4131 0.9057 0.0949

PART 23
OFFSET 14.1332 7.6484 -6.8077
SCALE 1 1 1
X 0.7362 0.1491 0.6602
Y -0.5366 -0.4658 0.7036
Z 0.4124 -0.8723 -0.2628

PART 24
OFFSET 16.1169 7.9162 -5.1489
SCALE 1 1 1
X -0.0357 -0.2629 0.9642
Y -0.9114 -0.3872 -0.1393
Z 0.4099 -0.8837 -0.2258

PART 25
OFFSET 16.0561 7.4686 -3.5074
SCALE 1 1 1
X -0.8599 -0.4554 0.2305
Y -0.2951 0.0750 -0.9525
Z 0.4165 -0.8871 -0.1989

PART 26
OFFSET 14.8643 6.8374 -3.1879
SCALE 1 1 1
X -0.9002 -0.4348 0.0231
Y -0.1074 0.1702 -0.9795
Z 0.4220 -0.8843 -0.2000

PART 27
OFFSET 13.8880 6.3658 -3.1629
SCALE 1 1 1
X 0.8196 0.2155 0.5308
Y 0.4099 0.4265 -0.8062
Z -0.4002 0.8784 0.2613

PART 28
OFFSET 13.8665 9.8958 -5.0343
SCALE 1 1 1
X 0.5123 0.1211 0.8502
Y 0.6740 0.5569 -0.4854
Z -0.5323 0.8217 0.2037

PART 29
OFFSET 15.3388 9.9500 -5.1357
SCALE 1 1 1
X 0.3102 0.0329 0.9501
Y -0.7517 -0.6033 0.2664
Z 0.5820 -0.7968 -0.1624

PART 30
OFFSET 15.8850 10.0080 -3.4629
SCALE 1 1 1
X -0.6407 -0.6261 0.4445
Y -0.4525 -0.1598 -0.8773
Z 0.6203 -0.7632 -0.1809

PART 31
OFFSET 15.0685 9.2932 -2.9115
SCALE 1 1 1
X -0.8227 -0.5672 -0.0378
Y -0.0642 0.1589 -0.9852
Z 0.5648 -0.8081 -0.1672

PART 32
OFFSET 14.1392 8.6526 -2.9543
SCALE 1 1 1
X 0.4847 -0.1861 0.8547
Y 0.6826 0.6915 -0.2365
Z -0.5470 0.6980 0.4622

PART 33
OFFSET 15.8226 8.9575 -5.0983
SCALE 1 1 1
X 0.0080 -0.0572 0.9983
Y -0.8209 -0.5704 -0.0261
Z 0.5710 -0.8194 -0.0515

PART 34
OFFSET 15.8382 8.8457 -3.1481
SCALE 1 1 1
X -0.8203 -0.5631 0.1006
Y -0.1345 0.0188 -0.9907
Z 0.5560 -0.8262 -0.0912

PART 35
OFFSET 14.6402 8.0233 -3.0011
SCALE 1 1 1
X -0.7977 -0.5869 0.1389
Y -0.1978 0.0370 -0.9796
Z 0.5698 -0.8088 -0.1456

PART 36
OFFSET 13.7409 7.3528 -2.8442
SCALE 1 1 1
X 0.7015 0.4781 0.5285
Y 0.4036 0.3447 -0.8475
Z -0.5874 0.8079 0.0489

PART 37
OFFSET 14.4749 2.9028 -6.9584
SCALE 1 1 1
X -0.0817 0.9006 0.4268
Y -0.9056 0.1117 -0.4090
Z -0.4161 -0.4199 0.8065

PART 38
OFFSET 4.1297 -14.1858 -2.9073
SCALE 1 1 1
X -0.6028 0.2942 0.7416
Y 0.2782 -0.7937 0.5410
Z 0.7478 0.5324 0.3966

PART 39
OFFSET 11.4205 -17.7437 -11.8766
SCALE 1 1 1
X -0.5636 -0.8259 0.0149
Y 0.5452 -0.3855 -0.7444
Z 0.6205 -0.4114 0.6676

PART 40
OFFSET 16.2144 -10.7192 -12.0032
SCALE 1 1 1
X -0.5636 -0.8259 0.0149
Y 0.4549 -0.3254 -0.8290
Z 0.6895 -0.4605 0.5591

PART 41
OFFSET 15.9187 -8.7806 -12.2558
SCALE 1 1 1
X -0.5686 -0.8224 0.0175
Y -0.6267 0.4193 -0.6569
Z 0.5329 -0.3844 -0.7538

PART 42
OFFSET 16.0194 -8.3640 -11.1267
SCALE 1 1 1
X -0.5686 -0.8224 0.0175
Y -0.6267 0.4193 -0.6569
Z 0.5329 -0.3844 -0.7538

PART 43
OFFSET 16.9792 -8.8852 -10.3863
SCALE 1 1 1
X -0.5686 -0.8224 0.0175
Y -0.6267 0.4193 -0.6569
Z 0.5329 -0.3844 -0.7538

PART 44
OFFSET 17.9423 -8.1872 -12.0489
SCALE 1 1 1
X 0.2503 -0.9672 -0.0433
Y 0.4103 0.1465 -0.9001
Z 0.8769 0.2075 0.4335

PART 45
OFFSET 17.0737 -7.9787 -11.3388
SCALE 1 1 1
X 0.7796 -0.5576 0.2853
Y 0.4178 0.1238 -0.9001
Z 0.4665 0.8209 0.3294

PART 46
OFFSET 15.3237 -6.8336 -11.8828
SCALE 1 1 1
X 0.0779 -0.6582 0.7488
Y 0.8956 -0.2838 -0.3426
Z 0.4380 0.6973 0.5674

PART 47
OFFSET 15.2023 -5.8660 -13.1756
SCALE 1 1 1
X -0.1969 -0.3994 0.8954
Y 0.8551 -0.5167 -0.0424
Z 0.4796 0.7573 0.4432

PART 48
OFFSET 15.3787 -5.4600 -14.1635
SCALE 1 1 1
X -0.2771 -0.8878 0.3675
Y -0.5065 -0.1901 -0.8410
Z 0.8165 -0.4193 -0.3970

PART 49
OFFSET 17.9927 -7.2538 -13.0636
SCALE 1 1 1
X 0.0086 -0.8678 0.4969
Y 0.8472 0.2704 0.4574
Z -0.5312 0.4170 0.7375

PART 50
OFFSET 17.7920 -5.2765 -14.1288
SCALE 1 1 1
X 0.6965 -0.2507 0.6723
Y 0.6252 0.6718 -0.3972
Z -0.3521 0.6970 0.6247

PART 51
OFFSET 16.8058 -4.9216 -15.0806
SCALE 1 1 1
X 0.8811 0.4718 -0.0334
Y -0.3371 0.5769 -0.7441
Z -0.3318 0.6668 0.6673

PART 52
OFFSET 16.0246 -5.3399 -15.0510
SCALE 1 1 1
X 0.6715 0.6540 -0.3484
Y -0.6469 0.2880 -0.7061
Z -0.3614 0.6996 0.6164

PART 53
OFFSET 15.3867 -5.9612 -14.7200
SCALE 1 1 1
X -0.0553 -0.7822 0.6206
Y -0.9661 -0.1150 -0.2310
Z 0.2520 -0.6124 -0.7493

PART 54
OFFSET 17.7874 -7.1095 -12.3953
SCALE 1 1 1
X 0.1175 -0.9642 0.2378
Y 0.8528 0.2206 0.4734
Z -0.5089 0.1472 0.8481

PART 55
OFFSET 17.5769 -4.6241 -13.1281
SCALE 1 1 1
X 0.8323 -0.1108 0.5431
Y 0.3986 0.8005 -0.4476
Z -0.3851 0.5890 0.7104

PART 56
OFFSET 16.1599 -4.4354 -14.0526
SCALE 1 1 1
X 0.7148 0.6762 -0.1783
Y -0.5958 0.4553 -0.6616
Z -0.3662 0.5791 0.7284

PART 57
OFFSET 15.1692 -5.3726 -13.8055
SCALE 1 1 1
X 0.1026 0.8061 -0.5828
Y -0.9232 -0.1410 -0.3576
Z -0.3704 0.5747 0.7297

PART 58
OFFSET 15.0579 -6.2469 -13.1735
SCALE 1 1 1
X 0.4250 -0.5517 0.7176
Y -0.7984 -0.6021 0.0100
Z 0.4265 -0.5772 -0.6964

PART 59
OFFSET 19.1071 -12.2253 -11.2357
SCALE 1 1 1
X 0.4000 -0.8807 0.2539
Y -0.7496 -0.4737 -0.4622
Z 0.5273 -0.0054 -0.8496

PART 60
OFFSET 16.9835 -4.4519 -11.0400
SCALE 1 1 1
X 0.1416 -0.9893 0.0357
Y 0.8508 0.1401 0.5065
Z -0.5061 -0.0414 0.8615

PART 61
OFFSET 16.7342 -2.7101 -11.1029
SCALE 1 1 1
X 0.5225 -0.7967 0.3039
Y 0.6499 0.6028 0.4629
Z -0.5519 -0.0443 0.8327

PART 62
OFFSET 16.0655 -1.7443 -11.4217
SCALE 1 1 1
X 0.8411 -0.2840 0.4603
Y 0.2042 0.9548 0.2159
Z -0.5009 -0.0876 0.8611

PART 63
OFFSET 15.1155 -1.4235 -11.9417
SCALE 1 1 1
X -0.5991 -0.7941 -0.1026
Y -0.6666 0.5656 -0.4855
Z 0.4436 -0.2225 -0.8682

PART 64
OFFSET 17.2980 -4.4333 -12.0989
SCALE 1 1 1
X 0.7109 -0.6195 0.3330
Y 0.5390 0.7840 0.3078
Z -0.4518 -0.0393 0.8913

PART 65
OFFSET 15.9092 -3.2232 -12.7494
SCALE 1 1 1
X 0.6643 0.6579 0.3548
Y -0.5812 0.7531 -0.3083
Z -0.4700 -0.0014 0.8827

PART 66
OFFSET 14.9389 -4.1841 -13.2677
SCALE 1 1 1
X 0.2712 0.9521 0.1411
Y -0.8117 0.3050 -0.4981
Z -0.5173 0.0206 0.8556

PART 67
OFFSET 14.6349 -5.2624 -13.4338
SCALE 1 1 1
X 0.3436 -0.9262 0.1553
Y -0.8321 -0.3769 -0.4069
Z 0.4354 0.0106 -0.9002

PART 68
OFFSET 0.0000 0.0000 0.0000
SCALE 1 1 1
X 1.0000 0.0000 0.0000
Y 0.0000 1.0000 0.0000
Z 0.0000 0.0000 1.0000

PART 69
OFFSET 0.0000 -0.0388 0.0585
SCALE 1 1 1
X 0.9998 0.0209 0.0000
Y -0.0209 0.9998 0.0000
Z 0.0000 0.0000 1.0000

PART 70
OFFSET 1.5401 -0.0066 4.1943
SCALE 1 1 1
X 0.9998 0.0209 0.0000
Y -0.0209 0.9998 0.0000
Z 0.0000 0.0000 1.0000

PART 71
OFFSET 14.4749 2.9028 -6.9584
SCALE 1 1 1
X -0.0817 0.9006 0.4268
Y -0.9056 0.1117 -0.4090
Z -0.4161 -0.4199 0.8065

PART 72
OFFSET 16.4386 2.4962 -9.9308
SCALE 1 1 1
X 0.5657 -0.3323 0.7547
Y -0.0979 0.8817 0.4616
Z -0.8188 -0.3350 0.4662

PART 73
OFFSET 15.6783 1.9918 -5.4458
SCALE 1 1 1
X -0.0901 0.8919 0.4432
Y -0.9056 0.1117 -0.4090
Z -0.4143 -0.4383 0.7977

PART 74
OFFSET 11.5677 27.3494 6.1557
SCALE 1 1 1
X -0.0817 0.9006 0.4268
Y -0.9056 0.1117 -0.4090
Z -0.4161 -0.4199 0.8065

PART 75
OFFSET 14.4914 -0.8188 -8.0374
SCALE 1 1 1
X -0.1094 0.8784 0.4652
Y -0.9206 0.0869 -0.3806
Z -0.3748 -0.4700 0.7992

PART 76
OFFSET 14.5714 -0.8053 -8.1035
SCALE 1 1 1
X -0.0817 0.9006 0.4268
Y -0.9056 0.1117 -0.4090
Z -0.4161 -0.4199 0.8065

PART 77
OFFSET 13.9223 -2.7405 -8.4238
SCALE 1 1 1
X -0.0817 0.9006 0.4268
Y -0.9056 0.1117 -0.4090
Z -0.4161 -0.4199 0.8065

PART 78
OFFSET 12.4207 24.0428 3.3639
SCALE 1 1 1
X -0.0901 0.8919 0.4432
Y -0.9056 0.1117 -0.4090
Z -0.4143 -0.4383 0.7977

PART 79
OFFSET 11.4945 28.1561 6.5380
SCALE 1 1 1
X -0.0901 0.8919 0.4432
Y -0.9056 0.1117 -0.4090
Z -0.4143 -0.4383 0.7977


FRAME 577
PART 0
OFFSET 14.2163 7.4025 -6.9276
SCALE 1 1 1
X 0.7407 0.1362 0.6579
Y -0.5365 -0.4696 0.7012
Z 0.4044 -0.8723 -0.2747

PART 1
OFFSET 14.2163 7.4025 -6.9276
SCALE 1 1 1
X 0.7407 0.1362 0.6579
Y -0.5365 -0.4696 0.7012
Z 0.4044 -0.8723 -0.2747

PART 2
OFFSET 17.7296 -7.3189 -12.6991
SCALE 1 1 1
X 0.1114 -0.9677 0.2264
Y 0.8568 0.2089 0.4714
Z -0.5034 0.1415 0.8524

PART 3
OFFSET 17.7296 -7.3189 -12.6991
SCALE 1 1 1
X 0.1114 -0.9677 0.2264
Y 0.8568 0.2089 0.4714
Z -0.5034 0.1415 0.8524

PART 4
OFFSET 6.2061 -3.1050 -3.3894
SCALE 1 1 1
X 1.0000 0.0000 0.0000
Y 0.0000 1.0000 0.0000
Z 0.0000 -0.0000 1.0000

PART 5
OFFSET 1.6245 4.2672 -6.2573
SCALE 1 1 1
X 0.4173 0.1637 -0.8939
Y 0.6560 -0.7350 0.1717
Z -0.6289 -0.6581 -0.4141

PART 6
OFFSET 6.6710 6.2466 -17.0683
SCALE 1 1 1
X 0.5799 0.0931 0.8094
Y -0.7774 -0.2341 0.5839
Z 0.2438 -0.9677 -0.0634

PART 7
OFFSET 11.6030 7.0385 -10.1842
SCALE 1 1 1
X 0.5799 0.0931 0.8094
Y -0.4371 0.8739 0.2126
Z -0.6875 -0.4771 0.5474

PART 8
OFFSET 12.5004 9.1041 -9.3392
SCALE 1 1 1
X 0.5838 0.0972 0.8060
Y -0.2343 0.9707 0.0527
Z -0.7773 -0.2196 0.5895

PART 9
OFFSET 13.3452 6.7200 -10.1427
SCALE 1 1 1
X 0.5838 0.0972 0.8060
Y -0.2343 0.9707 0.0527
Z -0.7773 -0.2196 0.5895

PART 10
OFFSET 11.2799 8.3205 -7.7290
SCALE 1 1 1
X 0.5838 0.0972 0.8060
Y -0.2343 0.9707 0.0527
Z -0.7773 -0.2196 0.5895

PART 11
OFFSET 11.5974 6.7119 -7.8945
SCALE 1 1 1
X 0.5838 0.0972 0.8060
Y -0.2343 0.9707 0.0527
Z -0.7773 -0.2196 0.5895

PART 12
OFFSET 11.9317 5.2831 -8.4406
SCALE 1 1 1
X 0.5838 0.0972 0.8060
Y -0.2343 0.9707 0.0527
Z -0.7773 -0.2196 0.5895

PART 13
OFFSET 13.3807 7.3239 -7.7029
SCALE 1 1 1
X 0.5919 0.4066 0.6960
Y -0.5884 0.8081 0.0283
Z -0.5509 -0.4263 0.7175

PART 14
OFFSET 12.8529 8.1116 -7.0679
SCALE 1 1 1
X -0.0669 0.3765 0.9240
Y -0.8053 0.5264 -0.2728
Z -0.5891 -0.7624 0.2679

PART 15
OFFSET 12.5954 8.9341 -5.0862
SCALE 1 1 1
X -0.0090 0.4682 0.8836
Y -0.9246 0.3327 -0.1857
Z -0.3809 -0.8186 0.4299

PART 16
OFFSET 12.5934 9.5783 -3.6006
SCALE 1 1 1
X -0.4013 0.4799 0.7802
Y -0.8067 0.2183 -0.5492
Z -0.4338 -0.8497 0.2995

PART 17
OFFSET 12.1259 10.0621 -2.7525
SCALE 1 1 1
X -0.1838 0.9451 0.2703
Y 0.8027 0.3030 -0.5137
Z -0.5674 0.1226 -0.8143

PART 18
OFFSET 14.4002 6.7165 -6.9993
SCALE 1 1 1
X 0.7975 -0.1463 0.5853
Y -0.5760 -0.4731 0.6667
Z 0.1793 -0.8688 -0.4615

PART 19
OFFSET 16.0954 6.4564 -5.5353
SCALE 1 1 1
X -0.1102 -0.3493 0.9305
Y -0.9191 -0.3205 -0.2291
Z 0.3782 -0.8805 -0.2858

PART 20
OFFSET 15.9394 5.9618 -4.2180
SCALE 1 1 1
X -0.7872 -0.4577 0.4133
Y -0.4740 0.0202 -0.8803
Z 0.3946 -0.8889 -0.2329

PART 21
OFFSET 15.2415 5.5560 -3.8515
SCALE 1 1 1
X -0.9256 -0.3771 -0.0316
Y -0.0833 0.2845 -0.9550
Z 0.3691 -0.8814 -0.2948

PART 22
OFFSET 14.3621 5.1977 -3.8815
SCALE 1 1 1
X 0.7069 0.2373 0.6663
Y 0.5794 0.3461 -0.7379
Z -0.4057 0.9077 0.1072

PART 23
OFFSET 14.2163 7.4025 -6.9276
SCALE 1 1 1
X 0.7407 0.1362 0.6579
Y -0.5365 -0.4696 0.7012
Z 0.4044 -0.8723 -0.2747

PART 24
OFFSET 16.2105 7.6366 -5.2763
SCALE 1 1 1
X -0.0327 -0.2734 0.9613
Y -0.9150 -0.3787 -0.1389
Z 0.4021 -0.8842 -0.2378

PART 25
OFFSET 16.1548 7.1711 -3.6396
SCALE 1 1 1
X -0.8621 -0.4515 0.2299
Y -0.2994 0.0880 -0.9501
Z 0.4087 -0.8879 -0.2110

PART 26
OFFSET 14.9599 6.5453 -3.3210
SCALE 1 1 1
X -0.9034 -0.4283 0.0229
Y -0.1111 0.1820 -0.9770
Z 0.4143 -0.8851 -0.2120

PART 27
OFFSET 13.9802 6.0809 -3.2961
SCALE 1 1 1
X 0.8240 0.2034 0.5289
Y 0.4090 0.4325 -0.8035
Z -0.3921 0.8784 0.2732

PART 28
OFFSET 13.9758 9.6317 -5.1278
SCALE 1 1 1
X 0.5175 0.1077 0.8489
Y 0.6757 0.5573 -0.4826
Z -0.5250 0.8233 0.2156

PART 29
OFFSET 15.4480 9.6759 -5.2363
SCALE 1 1 1
X 0.3153 0.0199 0.9488
Y -0.7549 -0.6006 0.2635
Z 0.5751 -0.7993 -0.1744

PART 30
OFFSET 16.0032 9.7110 -3.5658
SCALE 1 1 1
X -0.6431 -0.6262 0.4408
Y -0.4582 -0.1466 -0.8767
Z 0.6135 -0.7658 -0.1927

PART 31
OFFSET 15.1841 8.9963 -3.0182
SCALE 1 1 1
X -0.8272 -0.5605 -0.0399
Y -0.0681 0.1704 -0.9830
Z 0.5578 -0.8104 -0.1792

PART 32
OFFSET 14.2498 8.3632 -3.0633
SCALE 1 1 1
X 0.4877 -0.1994 0.8500
Y 0.6866 0.6889 -0.2323
Z -0.5393 0.6969 0.4728

PART 33
OFFSET 15.9244 8.6794 -5.2126
SCALE 1 1 1
X 0.0127 -0.0685 0.9976
Y -0.8254 -0.5639 -0.0282
Z 0.5644 -0.8230 -0.0637

PART 34
OFFSET 15.9492 8.5457 -3.2638
SCALE 1 1 1
X -0.8240 -0.5580 0.0986
Y -0.1394 0.0310 -0.9898
Z 0.5492 -0.8293 -0.1033

PART 35
OFFSET 14.7457 7.7307 -3.1197
SCALE 1 1 1
X -0.8014 -0.5824 0.1364
Y -0.2025 0.0495 -0.9780
Z 0.5628 -0.8114 -0.1576

PART 36
OFFSET 13.8422 7.0653 -2.9656
SCALE 1 1 1
X 0.7078 0.4668 0.5301
Y 0.4018 0.3511 -0.8457
Z -0.5809 0.8117 0.0610

PART 37
OFFSET 14.5212 2.6564 -7.1332
SCALE 1 1 1
X -0.0726 0.8964 0.4373
Y -0.9069 0.1231 -0.4030
Z -0.4151 -0.4258 0.8040

PART 38
OFFSET 4.1297 -14.1858 -2.9073
SCALE 1 1 1
X -0.5891 0.3055 0.7481
Y 0.2807 -0.7908 0.5439
Z 0.7578 0.5304 0.3801

PART 39
OFFSET 11.2539 -17.8800 -11.9550
SCALE 1 1 1
X -0.5725 -0.8191 0.0355
Y 0.5275 -0.4011 -0.7489
Z 0.6277 -0.4100 0.6617

PART 40
OFFSET 16.1231 -10.9128 -12.2568
SCALE 1 1 1
X -0.5725 -0.8191 0.0355
Y 0.4492 -0.3495 -0.8222
Z 0.6859 -0.4548 0.5680

PART 41
OFFSET 15.8444 -8.9740 -12.5253
SCALE 1 1 1
X -0.5773 -0.8156 0.0381
Y -0.6336 0.4181 -0.6510
Z 0.5150 -0.4000 -0.7582

PART 42
OFFSET 15.9657 -8.5414 -11.4056
SCALE 1 1 1
X -0.5773 -0.8156 0.0381
Y -0.6336 0.4181 -0.6510
Z 0.5150 -0.4000 -0.7582

PART 43
OFFSET 16.9350 -9.0660 -10.6793
SCALE 1 1 1
X -0.5773 -0.8156 0.0381
Y -0.6336 0.4181 -0.6510
Z 0.5150 -0.4000 -0.7582

PART 44
OFFSET 17.8782 -8.4015 -12.3656
SCALE 1 1 1
X 0.2427 -0.9685 -0.0555
Y 0.4068 0.1535 -0.9005
Z 0.8807 0.1960 0.4312

PART 45
OFFSET 17.0149 -8.1945 -11.6486
SCALE 1 1 1
X 0.7768 -0.5666 0.2749
Y 0.4141 0.1307 -0.9008
Z 0.4744 0.8136 0.3362

PART 46
OFFSET 15.2708 -7.0302 -12.1707
SCALE 1 1 1
X 0.0768 -0.6671 0.7410
Y 0.8916 -0.2866 -0.3504
Z 0.4462 0.6876 0.5729

PART 47
OFFSET 15.1501 -6.0473 -13.4519
SCALE 1 1 1
X -0.1953 -0.4079 0.8919
Y 0.8510 -0.5226 -0.0527
Z 0.4876 0.7487 0.4491

PART 48
OFFSET 15.3245 -5.6315 -14.4361
SCALE 1 1 1
X -0.2820 -0.8897 0.3590
Y -0.5123 -0.1768 -0.8404
Z 0.8112 -0.4209 -0.4059

PART 49
OFFSET 17.9304 -7.4572 -13.3701
SCALE 1 1 1
X 0.0046 -0.8733 0.4871
Y 0.8515 0.2588 0.4559
Z -0.5243 0.4127 0.7449

PART 50
OFFSET 17.7392 -5.4666 -14.4120
SCALE 1 1 1
X 0.6981 -0.2635 0.6658
Y 0.6282 0.6715 -0.3929
Z -0.3436 0.6925 0.6343

PART 51
OFFSET 16.7509 -5.0936 -15.3546
SCALE 1 1 1
X 0.8845 0.4655 -0.0327
Y -0.3365 0.5877 -0.7358
Z -0.3232 0.6618 0.6764

PART 52
OFFSET 15.9667 -5.5063 -15.3255
SCALE 1 1 1
X 0.6747 0.6528 -0.3446
Y -0.6483 0.3008 -0.6995
Z -0.3529 0.6953 0.6261

PART 53
OFFSET 15.3258 -6.1265 -14.9982
SCALE 1 1 1
X -0.0580 -0.7886 0.6121
Y -0.9682 -0.1051 -0.2272
Z 0.2435 -0.6058 -0.7574

PART 54
OFFSET 17.7296 -7.3189 -12.6991
SCALE 1 1 1
X 0.1114 -0.9677 0.2264
Y 0.8568 0.2089 0.4714
Z -0.5034 0.1415 0.8524

PART 55
OFFSET 17.5343 -4.8239 -13.4029
SCALE 1 1 1
X 0.8343 -0.1232 0.5374
Y 0.4024 0.8024 -0.4407
Z -0.3770 0.5839 0.7190

PART 56
OFFSET 16.1140 -4.6141 -14.3179
SCALE 1 1 1
X 0.7190 0.6728 -0.1745
Y -0.5957 0.4672 -0.6533
Z -0.3580 0.5737 0.7367

PART 57
OFFSET 15.1175 -5.5465 -14.0761
SCALE 1 1 1
X 0.1057 0.8118 -0.5742
Y -0.9261 -0.1300 -0.3543
Z -0.3623 0.5692 0.7381

PART 58
OFFSET 15.0028 -6.4270 -13.4533
SCALE 1 1 1
X 0.4245 -0.5629 0.7092
Y -0.8029 -0.5961 0.0074
Z 0.4186 -0.5725 -0.7050

PART 59
OFFSET 19.0164 -12.4572 -11.6038
SCALE 1 1 1
X 0.3946 -0.8865 0.2419
Y -0.7556 -0.4628 -0.4636
Z 0.5229 0.0002 -0.8524

PART 60
OFFSET 16.9529 -4.6707 -11.3100
SCALE 1 1 1
X 0.1343 -0.9907 0.0239
Y 0.8544 0.1280 0.5036
Z -0.5019 -0.0472 0.8636

PART 61
OFFSET 16.7165 -2.9264 -11.3520
SCALE 1 1 1
X 0.5180 -0.8039 0.2922
Y 0.6569 0.5926 0.4662
Z -0.5480 -0.0495 0.8350

PART 62
OFFSET 16.0535 -1.9521 -11.6566
SCALE 1 1 1
X 0.8413 -0.2955 0.4527
Y 0.2126 0.9508 0.2255
Z -0.4971 -0.0935 0.8627

PART 63
OFFSET 15.1033 -1.6184 -12.1679
SCALE 1 1 1
X -0.6056 -0.7884 -0.1083
Y -0.6648 0.5760 -0.4757
Z 0.4374 -0.2161 -0.8729

PART 64
OFFSET 17.2621 -4.6426 -12.3702
SCALE 1 1 1
X 0.7079 -0.6285 0.3223
Y 0.5465 0.7765 0.3137
Z -0.4474 -0.0459 0.8931

PART 65
OFFSET 15.8792 -3.4148 -12.9999
SCALE 1 1 1
X 0.6711 0.6489 0.3586
Y -0.5771 0.7609 -0.2968
Z -0.4654 -0.0078 0.8850

PART 66
OFFSET 14.8990 -4.3625 -13.5238
SCALE 1 1 1
X 0.2791 0.9484 0.1503
Y -0.8119 0.3167 -0.4904
Z -0.5127 0.0148 0.8584

PART 67
OFFSET 14.5860 -5.4366 -13.7004
SCALE 1 1 1
X 0.3373 -0.9304 0.1431
Y -0.8370 -0.3660 -0.4067
Z 0.4308 0.0174 -0.9023

PART 68
OFFSET 0.0000 0.0000 0.0000
SCALE 1 1 1
X 1.0000 0.0000 0.0000
Y 0.0000 1.0000 0.0000
Z 0.0000 0.0000 1.0000

PART 69
OFFSET 0.0000 -0.0380 0.0542
SCALE 1 1 1
X 0.9998 0.0205 0.0000
Y -0.0205 0.9998 0.0000
Z 0.0000 0.0000 1.0000

PART 70
OFFSET 1.5401 -0.0065 4.1899
SCALE 1 1 1
X 0.9998 0.0205 0.0000
Y -0.0205 0.9998 0.0000
Z 0.0000 0.0000 1.0000

PART 71
OFFSET 14.5212 2.6564 -7.1332
SCALE 1 1 1
X -0.0726 0.8964 0.4373
Y -0.9069 0.1231 -0.4030
Z -0.4151 -0.4258 0.8040

PART 72
OFFSET 16.4665 2.2684 -10.1202
SCALE 1 1 1
X 0.5670 -0.3450 0.7480
Y -0.0889 0.8771 0.4719
Z -0.8189 -0.3341 0.4667

PART 73
OFFSET 15.7254 1.7194 -5.6372
SCALE 1 1 1
X -0.0811 0.8875 0.4536
Y -0.9069 0.1231 -0.4030
Z -0.4135 -0.4441 0.7949

PART 74
OFFSET 11.8671 26.9753 6.2688
SCALE 1 1 1
X -0.0726 0.8964 0.4373
Y -0.9069 0.1231 -0.4030
Z -0.4151 -0.4258 0.8040

PART 75
OFFSET 14.5040 -1.0529 -8.2538
SCALE 1 1 1
X -0.1003 0.8739 0.4756
Y -0.9219 0.0981 -0.3748
Z -0.3742 -0.4761 0.7958

PART 76
OFFSET 14.5837 -1.0393 -8.3203
SCALE 1 1 1
X -0.0726 0.8964 0.4373
Y -0.9069 0.1231 -0.4030
Z -0.4151 -0.4258 0.8040

PART 77
OFFSET 13.9184 -2.9658 -8.6588
SCALE 1 1 1
X -0.0726 0.8964 0.4373
Y -0.9069 0.1231 -0.4030
Z -0.4151 -0.4258 0.8040

PART 78
OFFSET 12.6806 23.6939 3.4357
SCALE 1 1 1
X -0.0811 0.8875 0.4536
Y -0.9069 0.1231 -0.4030
Z -0.4135 -0.4441 0.7949

PART 79
OFFSET 11.8020 27.7782 6.6604
SCALE 1 1 1
X -0.0811 0.8875 0.4536
Y -0.9069 0.1231 -0.4030
Z -0.4135 -0.4441 0.7949


FRAME 578
PART 0
OFFSET 14.4476 6.6763 -7.2774
SCALE 1 1 1
X 0.7511 0.1175 0.6496
Y -0.5376 -0.4623 0.7052
Z 0.3832 -0.8789 -0.2841

PART 1
OFFSET 14.4476 6.6763 -7.2774
SCALE 1 1 1
X 0.7511 0.1175 0.6496
Y -0.5376 -0.4623 0.7052
Z 0.3832 -0.8789 -0.2841

PART 2
OFFSET 17.5897 -8.0822 -13.1670
SCALE 1 1 1
X 0.0943 -0.9709 0.2200
Y 0.8665 0.1888 0.4620
Z -0.4902 0.1471 0.8591

PART 3
OFFSET 17.5897 -8.0822 -13.1670
SCALE 1 1 1
X 0.0943 -0.9709 0.2200
Y 0.8665 0.1888 0.4620
Z -0.4902 0.1471 0.8591

PART 4
OFFSET 6.2061 -3.1050 -3.3894
SCALE 1 1 1
X 1.0000 0.0000 0.0000
Y 0.0000 1.0000 0.0000
Z 0.0000 -0.0000 1.0000

PART 5
OFFSET 1.6245 4.2672 -6.2573
SCALE 1 1 1
X 0.3988 0.1786 -0.8995
Y 0.6091 -0.7848 0.1142
Z -0.6855 -0.5934 -0.4218

PART 6
OFFSET 6.4475 6.4272 -17.1356
SCALE 1 1 1
X 0.6183 0.0166 0.7858
Y -0.7663 -0.2094 0.6074
Z 0.1746 -0.9777 -0.1167

PART 7
OFFSET 11.7059 6.5681 -10.4519
SCALE 1 1 1
X 0.6183 0.0166 0.7858
Y -0.3645 0.8918 0.2680
Z -0.6963 -0.4521 0.5574

PART 8
OFFSET 12.7754 8.5286 -9.5575
SCALE 1 1 1
X 0.6223 0.0205 0.7825
Y -0.1653 0.9806 0.1058
Z -0.7651 -0.1952 0.6136

PART 9
OFFSET 13.4226 6.1338 -10.5029
SCALE 1 1 1
X 0.6223 0.0205 0.7825
Y -0.1653 0.9806 0.1058
Z -0.7651 -0.1952 0.6136

PART 10
OFFSET 11.5742 7.7532 -7.9310
SCALE 1 1 1
X 0.6223 0.0205 0.7825
Y -0.1653 0.9806 0.1058
Z -0.7651 -0.1952 0.6136

PART 11
OFFSET 11.7740 6.1357 -8.1809
SCALE 1 1 1
X 0.6223 0.0205 0.7825
Y -0.1653 0.9806 0.1058
Z -0.7651 -0.1952 0.6136

PART 12
OFFSET 11.9856 4.7112 -8.8024
SCALE 1 1 1
X 0.6223 0.0205 0.7825
Y -0.1653 0.9806 0.1058
Z -0.7651 -0.1952 0.6136

PART 13
OFFSET 13.6013 6.6189 -8.0429
SCALE 1 1 1
X 0.6084 0.3906 0.6908
Y -0.5714 0.8197 0.0396
Z -0.5508 -0.4188 0.7219

PART 14
OFFSET 13.0974 7.4138 -7.3975
SCALE 1 1 1
X -0.0481 0.3727 0.9267
Y -0.7976 0.5442 -0.2603
Z -0.6013 -0.7516 0.2711

PART 15
OFFSET 12.8805 8.2306 -5.4086
SCALE 1 1 1
X 0.0112 0.4635 0.8860
Y -0.9197 0.3525 -0.1728
Z -0.3924 -0.8130 0.4302

PART 16
OFFSET 12.9096 8.8667 -3.9198
SCALE 1 1 1
X -0.3820 0.4838 0.7874
Y -0.8086 0.2376 -0.5383
Z -0.4475 -0.8423 0.3004

PART 17
OFFSET 12.4622 9.3553 -3.0637
SCALE 1 1 1
X -0.1612 0.9471 0.2774
Y 0.8025 0.2894 -0.5218
Z -0.5745 0.1385 -0.8067

PART 18
OFFSET 14.6166 5.9871 -7.3548
SCALE 1 1 1
X 0.8013 -0.1657 0.5748
Y -0.5775 -0.4648 0.6711
Z 0.1560 -0.8698 -0.4682

PART 19
OFFSET 16.3235 5.6846 -5.9129
SCALE 1 1 1
X -0.1061 -0.3520 0.9299
Y -0.9282 -0.3004 -0.2197
Z 0.3567 -0.8865 -0.2949

PART 20
OFFSET 16.1733 5.1861 -4.5963
SCALE 1 1 1
X -0.7914 -0.4438 0.4204
Y -0.4840 0.0347 -0.8744
Z 0.3735 -0.8955 -0.2422

PART 21
OFFSET 15.4716 4.7927 -4.2235
SCALE 1 1 1
X -0.9335 -0.3580 -0.0223
Y -0.0889 0.2913 -0.9525
Z 0.3475 -0.8871 -0.3038

PART 22
OFFSET 14.5848 4.4526 -4.2447
SCALE 1 1 1
X 0.7196 0.2192 0.6589
Y 0.5774 0.3382 -0.7431
Z -0.3857 0.9152 0.1168

PART 23
OFFSET 14.4476 6.6763 -7.2774
SCALE 1 1 1
X 0.7511 0.1175 0.6496
Y -0.5376 -0.4623 0.7052
Z 0.3832 -0.8789 -0.2841

PART 24
OFFSET 16.4658 6.8608 -5.6491
SCALE 1 1 1
X -0.0268 -0.2779 0.9602
Y -0.9242 -0.3592 -0.1297
Z 0.3810 -0.8909 -0.2472

PART 25
OFFSET 16.4202 6.3877 -4.0143
SCALE 1 1 1
X -0.8684 -0.4351 0.2380
Y -0.3089 0.0992 -0.9459
Z 0.3879 -0.8949 -0.2205

PART 26
OFFSET 15.2167 5.7847 -3.6845
SCALE 1 1 1
X -0.9116 -0.4099 0.0317
Y -0.1191 0.1896 -0.9746
Z 0.3935 -0.8922 -0.2216

PART 27
OFFSET 14.2281 5.3401 -3.6502
SCALE 1 1 1
X 0.8343 0.1837 0.5199
Y 0.4081 0.4284 -0.8062
Z -0.3708 0.8847 0.2824

PART 28
OFFSET 14.2743 8.9002 -5.4634
SCALE 1 1 1
X 0.5298 0.0925 0.8431
Y 0.6811 0.5460 -0.4879
Z -0.5054 0.8327 0.2262

PART 29
OFFSET 15.7457 8.9150 -5.5894
SCALE 1 1 1
X 0.3270 0.0084 0.9450
Y -0.7638 -0.5865 0.2695
Z 0.5565 -0.8099 -0.1854

PART 30
OFFSET 16.3215 8.9297 -3.9256
SCALE 1 1 1
X -0.6504 -0.6153 0.4453
Y -0.4716 -0.1324 -0.8718
Z 0.5954 -0.7771 -0.2040

PART 31
OFFSET 15.4946 8.2289 -3.3718
SCALE 1 1 1
X -0.8389 -0.5433 -0.0328
Y -0.0764 0.1771 -0.9812
Z 0.5389 -0.8206 -0.1901

PART 32
OFFSET 14.5470 7.6152 -3.4088
SCALE 1 1 1
X 0.4936 -0.2138 0.8430
Y 0.6977 0.6760 -0.2371
Z -0.5192 0.7052 0.4829

PART 33
OFFSET 16.2018 7.9089 -5.5766
SCALE 1 1 1
X 0.0233 -0.0741 0.9970
Y -0.8370 -0.5468 -0.0211
Z 0.5467 -0.8340 -0.0748

PART 34
OFFSET 16.2473 7.7641 -3.6289
SCALE 1 1 1
X -0.8340 -0.5416 0.1057
Y -0.1506 0.0392 -0.9878
Z 0.5309 -0.8397 -0.1142

PART 35
OFFSET 15.0292 6.9730 -3.4746
SCALE 1 1 1
X -0.8114 -0.5667 0.1431
Y -0.2132 0.0589 -0.9752
Z 0.5442 -0.8218 -0.1686

PART 36
OFFSET 14.1142 6.3254 -3.3130
SCALE 1 1 1
X 0.7235 0.4494 0.5239
Y 0.3987 0.3474 -0.8487
Z -0.5635 0.8230 0.0722

PART 37
OFFSET 14.6529 1.9261 -7.5111
SCALE 1 1 1
X -0.0490 0.8953 0.4428
Y -0.9089 0.1438 -0.3914
Z -0.4141 -0.4216 0.8067

PART 38
OFFSET 4.1297 -14.1858 -2.9073
SCALE 1 1 1
X -0.5559 0.3522 0.7529
Y 0.2686 -0.7811 0.5637
Z 0.7867 0.5156 0.3396

PART 39
OFFSET 10.8529 -18.4456 -12.0131
SCALE 1 1 1
X -0.5935 -0.8017 0.0715
Y 0.4983 -0.4358 -0.7495
Z 0.6320 -0.4092 0.6581

PART 40
OFFSET 15.9007 -11.6271 -12.6215
SCALE 1 1 1
X -0.5935 -0.8017 0.0715
Y 0.4320 -0.3923 -0.8121
Z 0.6791 -0.4510 0.5791

PART 41
OFFSET 15.6679 -9.6887 -12.9341
SCALE 1 1 1
X -0.5982 -0.7979 0.0742
Y -0.6375 0.4177 -0.6475
Z 0.4856 -0.4346 -0.7585

PART 42
OFFSET 15.8236 -9.2266 -11.8319
SCALE 1 1 1
X -0.5982 -0.7979 0.0742
Y -0.6375 0.4177 -0.6475
Z 0.4856 -0.4346 -0.7585

PART 43
OFFSET 16.7983 -9.7603 -11.1172
SCALE 1 1 1
X -0.5982 -0.7979 0.0742
Y -0.6375 0.4177 -0.6475
Z 0.4856 -0.4346 -0.7585

PART 44
OFFSET 17.7201 -9.1694 -12.8408
SCALE 1 1 1
X 0.2222 -0.9729 -0.0634
Y 0.3990 0.1501 -0.9046
Z 0.8896 0.1757 0.4215

PART 45
OFFSET 16.8698 -8.9487 -12.1124
SCALE 1 1 1
X 0.7683 -0.5838 0.2626
Y 0.4059 0.1271 -0.9050
Z 0.4950 0.8019 0.3346

PART 46
OFFSET 15.1438 -7.7463 -12.6073
SCALE 1 1 1
X 0.0720 -0.6726 0.7365
Y 0.8813 -0.3028 -0.3627
Z 0.4670 0.6752 0.5710

PART 47
OFFSET 15.0279 -6.7542 -13.8819
SCALE 1 1 1
X -0.1929 -0.4087 0.8921
Y 0.8394 -0.5395 -0.0657
Z 0.5081 0.7362 0.4471

PART 48
OFFSET 15.1989 -6.3368 -14.8659
SCALE 1 1 1
X -0.2958 -0.8857 0.3578
Y -0.5258 -0.1618 -0.8351
Z 0.7975 -0.4351 -0.4179

PART 49
OFFSET 17.7795 -8.2209 -13.8410
SCALE 1 1 1
X -0.0074 -0.8759 0.4825
Y 0.8621 0.2389 0.4469
Z -0.5067 0.4193 0.7533

PART 50
OFFSET 17.6166 -6.2213 -14.8702
SCALE 1 1 1
X 0.7005 -0.2812 0.6559
Y 0.6371 0.6607 -0.3970
Z -0.3217 0.6960 0.6420

PART 51
OFFSET 16.6249 -5.8231 -15.7988
SCALE 1 1 1
X 0.8933 0.4475 -0.0410
Y -0.3332 0.5984 -0.7286
Z -0.3015 0.6646 0.6837

PART 52
OFFSET 15.8329 -6.2199 -15.7624
SCALE 1 1 1
X 0.6837 0.6407 -0.3493
Y -0.6503 0.3177 -0.6900
Z -0.3311 0.6989 0.6339

PART 53
OFFSET 15.1833 -6.8286 -15.4306
SCALE 1 1 1
X -0.0668 -0.7906 0.6087
Y -0.9728 -0.0841 -0.2160
Z 0.2220 -0.6065 -0.7634

PART 54
OFFSET 17.5897 -8.0822 -13.1670
SCALE 1 1 1
X 0.0943 -0.9709 0.2200
Y 0.8665 0.1888 0.4620
Z -0.4902 0.1471 0.8591

PART 55
OFFSET 17.4370 -5.5799 -13.8554
SCALE 1 1 1
X 0.8379 -0.1431 0.5267
Y 0.4134 0.7964 -0.4414
Z -0.3563 0.5876 0.7265

PART 56
OFFSET 16.0104 -5.3363 -14.7520
SCALE 1 1 1
X 0.7304 0.6589 -0.1797
Y -0.5938 0.4828 -0.6436
Z -0.3374 0.5768 0.7439

PART 57
OFFSET 14.9981 -6.2495 -14.5030
SCALE 1 1 1
X 0.1154 0.8126 -0.5713
Y -0.9327 -0.1092 -0.3437
Z -0.3417 0.5725 0.7453

PART 58
OFFSET 14.8728 -7.1309 -13.8835
SCALE 1 1 1
X 0.4214 -0.5753 0.7011
Y -0.8147 -0.5797 0.0141
Z 0.3983 -0.5771 -0.7130

PART 59
OFFSET 18.7842 -13.2515 -12.1138
SCALE 1 1 1
X 0.3793 -0.8956 0.2325
Y -0.7704 -0.4448 -0.4568
Z 0.5125 -0.0059 -0.8587

PART 60
OFFSET 16.8840 -5.4262 -11.7548
SCALE 1 1 1
X 0.1143 -0.9933 0.0171
Y 0.8628 0.1078 0.4939
Z -0.4924 -0.0417 0.8694

PART 61
OFFSET 16.6828 -3.6774 -11.7850
SCALE 1 1 1
X 0.5049 -0.8159 0.2818
Y 0.6744 0.5766 0.4613
Z -0.5388 -0.0429 0.8413

PART 62
OFFSET 16.0363 -2.6881 -12.0765
SCALE 1 1 1
X 0.8404 -0.3150 0.4410
Y 0.2347 0.9450 0.2278
Z -0.4885 -0.0880 0.8681

PART 63
OFFSET 15.0870 -2.3323 -12.5745
SCALE 1 1 1
X -0.6228 -0.7753 -0.1050
Y -0.6585 0.5920 -0.4646
Z 0.4224 -0.2202 -0.8793

PART 64
OFFSET 17.1810 -5.3987 -12.8186
SCALE 1 1 1
X 0.6987 -0.6445 0.3105
Y 0.5660 0.7635 0.3111
Z -0.4375 -0.0416 0.8982

PART 65
OFFSET 15.8160 -4.1396 -13.4251
SCALE 1 1 1
X 0.6885 0.6331 0.3538
Y -0.5649 0.7741 -0.2858
Z -0.4549 -0.0031 0.8906

PART 66
OFFSET 14.8105 -5.0643 -13.9420
SCALE 1 1 1
X 0.3002 0.9417 0.1518
Y -0.8111 0.3358 -0.4789
Z -0.5020 0.0207 0.8646

PART 67
OFFSET 14.4734 -6.1308 -14.1203
SCALE 1 1 1
X 0.3199 -0.9379 0.1342
Y -0.8491 -0.3467 -0.3985
Z 0.4202 0.0135 -0.9073

PART 68
OFFSET 0.0000 0.0000 0.0000
SCALE 1 1 1
X 1.0000 0.0000 0.0000
Y 0.0000 1.0000 0.0000
Z 0.0000 0.0000 1.0000

PART 69
OFFSET 0.0000 -0.0358 0.0503
SCALE 1 1 1
X 0.9998 0.0193 0.0000
Y -0.0193 0.9998 0.0000
Z 0.0000 0.0000 1.0000

PART 70
OFFSET 1.5402 -0.0060 4.1860
SCALE 1 1 1
X 0.9998 0.0193 0.0000
Y -0.0193 0.9998 0.0000
Z 0.0000 0.0000 1.0000

PART 71
OFFSET 14.6529 1.9261 -7.5111
SCALE 1 1 1
X -0.0490 0.8953 0.4428
Y -0.9089 0.1438 -0.3914
Z -0.4141 -0.4216 0.8067

PART 72
OFFSET 16.5539 1.5147 -10.5234
SCALE 1 1 1
X 0.5688 -0.3605 0.7393
Y -0.0653 0.8762 0.4775
Z -0.8199 -0.3198 0.4749

PART 73
OFFSET 15.8556 0.9568 -6.0347
SCALE 1 1 1
X -0.0575 0.8865 0.4591
Y -0.9089 0.1438 -0.3914
Z -0.4130 -0.4398 0.7975

PART 74
OFFSET 12.6575 26.2213 6.0474
SCALE 1 1 1
X -0.0490 0.8953 0.4428
Y -0.9089 0.1438 -0.3914
Z -0.4141 -0.4216 0.8067

PART 75
OFFSET 14.5464 -1.7759 -8.6507
SCALE 1 1 1
X -0.0767 0.8732 0.4813
Y -0.9241 0.1189 -0.3631
Z -0.3743 -0.4726 0.7978

PART 76
OFFSET 14.6256 -1.7636 -8.7180
SCALE 1 1 1
X -0.0490 0.8953 0.4428
Y -0.9089 0.1438 -0.3914
Z -0.4141 -0.4216 0.8067

PART 77
OFFSET 13.9170 -3.6743 -9.0584
SCALE 1 1 1
X -0.0490 0.8953 0.4428
Y -0.9089 0.1438 -0.3914
Z -0.4141 -0.4216 0.8067

PART 78
OFFSET 13.3697 22.9394 3.1877
SCALE 1 1 1
X -0.0575 0.8865 0.4591
Y -0.9089 0.1438 -0.3914
Z -0.4130 -0.4398 0.7975

PART 79
OFFSET 12.6136 27.0232 6.4439
SCALE 1 1 1
X -0.0575 0.8865 0.4591
Y -0.9089 0.1438 -0.3914
Z -0.4130 -0.4398 0.7975


FRAME 579
PART 0
OFFSET 14.7905 5.5788 -7.7958
SCALE 1 1 1
X 0.7657 0.0944 0.6362
Y -0.5386 -0.4465 0.7145
Z 0.3515 -0.8898 -0.2911

PART 1
OFFSET 14.7905 5.5788 -7.7958
SCALE 1 1 1
X 0.7657 0.0944 0.6362
Y -0.5386 -0.4465 0.7145
Z 0.3515 -0.8898 -0.2911

PART 2
OFFSET 17.3831 -9.2629 -13.7436
SCALE 1 1 1
X 0.0690 -0.9735 0.2181
Y 0.8799 0.1624 0.4466
Z -0.4702 0.1611 0.8677

PART 3
OFFSET 17.3831 -9.2629 -13.7436
SCALE 1 1 1
X 0.0690 -0.9735 0.2181
Y 0.8799 0.1624 0.4466
Z -0.4702 0.1611 0.8677

PART 4
OFFSET 6.2061 -3.1050 -3.3894
SCALE 1 1 1
X 1.0000 0.0000 0.0000
Y 0.0000 1.0000 0.0000
Z 0.0000 -0.0000 1.0000

PART 5
OFFSET 1.6245 4.2672 -6.2573
SCALE 1 1 1
X 0.3845 0.2070 -0.8996
Y 0.5254 -0.8504 0.0289
Z -0.7590 -0.4837 -0.4358

PART 6
OFFSET 6.2749 6.7710 -17.1370
SCALE 1 1 1
X 0.6615 -0.1057 0.7424
Y -0.7471 -0.1788 0.6402
Z 0.0651 -0.9782 -0.1973

PART 7
OFFSET 11.9014 5.8716 -10.8223
SCALE 1 1 1
X 0.6615 -0.1057 0.7424
Y -0.2422 0.9068 0.3449
Z -0.7098 -0.4080 0.5743

PART 8
OFFSET 13.2158 7.6434 -9.8600
SCALE 1 1 1
X 0.6658 -0.1020 0.7391
Y -0.0562 0.9809 0.1860
Z -0.7440 -0.1654 0.6474

PART 9
OFFSET 13.5578 5.2745 -11.0173
SCALE 1 1 1
X 0.6658 -0.1020 0.7391
Y -0.0562 0.9809 0.1860
Z -0.7440 -0.1654 0.6474

PART 10
OFFSET 12.0425 6.8687 -8.2210
SCALE 1 1 1
X 0.6658 -0.1020 0.7391
Y -0.0562 0.9809 0.1860
Z -0.7440 -0.1654 0.6474

PART 11
OFFSET 12.0569 5.2598 -8.5972
SCALE 1 1 1
X 0.6658 -0.1020 0.7391
Y -0.0562 0.9809 0.1860
Z -0.7440 -0.1654 0.6474

PART 12
OFFSET 12.0754 3.8584 -9.3266
SCALE 1 1 1
X 0.6658 -0.1020 0.7391
Y -0.0562 0.9809 0.1860
Z -0.7440 -0.1654 0.6474

PART 13
OFFSET 13.9294 5.5474 -8.5462
SCALE 1 1 1
X 0.6320 0.3717 0.6800
Y -0.5457 0.8365 0.0500
Z -0.5503 -0.4027 0.7315

PART 14
OFFSET 13.4612 6.3565 -7.8917
SCALE 1 1 1
X -0.0204 0.3733 0.9275
Y -0.7854 0.5680 -0.2459
Z -0.6187 -0.7335 0.2816

PART 15
OFFSET 13.3043 7.1780 -5.8992
SCALE 1 1 1
X 0.0408 0.4622 0.8858
Y -0.9116 0.3801 -0.1563
Z -0.4089 -0.8012 0.4369

PART 16
OFFSET 13.3788 7.8119 -4.4109
SCALE 1 1 1
X -0.3533 0.4944 0.7942
Y -0.8105 0.2622 -0.5238
Z -0.4672 -0.8287 0.3081

PART 17
OFFSET 12.9616 8.3130 -3.5469
SCALE 1 1 1
X -0.1277 0.9513 0.2804
Y 0.8014 0.2656 -0.5359
Z -0.5843 0.1563 -0.7964

PART 18
OFFSET 14.9373 4.8849 -7.8764
SCALE 1 1 1
X 0.8061 -0.1901 0.5604
Y -0.5792 -0.4478 0.6812
Z 0.1215 -0.8737 -0.4710

PART 19
OFFSET 16.6598 4.5302 -6.4651
SCALE 1 1 1
X -0.1001 -0.3494 0.9316
Y -0.9405 -0.2723 -0.2032
Z 0.3246 -0.8965 -0.3014

PART 20
OFFSET 16.5180 4.0355 -5.1461
SCALE 1 1 1
X -0.7968 -0.4202 0.4343
Y -0.4982 0.0498 -0.8657
Z 0.3421 -0.9061 -0.2490

PART 21
OFFSET 15.8116 3.6630 -4.7610
SCALE 1 1 1
X -0.9440 -0.3298 -0.0058
Y -0.0971 0.2946 -0.9507
Z 0.3152 -0.8969 -0.3101

PART 22
OFFSET 14.9147 3.3496 -4.7665
SCALE 1 1 1
X 0.7374 0.1970 0.6461
Y 0.5741 0.3213 -0.7532
Z -0.3560 0.9263 0.1238

PART 23
OFFSET 14.7905 5.5788 -7.7958
SCALE 1 1 1
X 0.7657 0.0944 0.6362
Y -0.5386 -0.4465 0.7145
Z 0.3515 -0.8898 -0.2911

PART 24
OFFSET 16.8420 5.7014 -6.2037
SCALE 1 1 1
X -0.0181 -0.2777 0.9605
Y -0.9367 -0.3312 -0.1134
Z 0.3496 -0.9018 -0.2542

PART 25
OFFSET 16.8112 5.2286 -4.5684
SCALE 1 1 1
X -0.8767 -0.4090 0.2533
Y -0.3225 0.1091 -0.9402
Z 0.3569 -0.9060 -0.2276

PART 26
OFFSET 15.5962 4.6618 -4.2174
SCALE 1 1 1
X -0.9228 -0.3824 0.0478
Y -0.1306 0.1938 -0.9723
Z 0.3625 -0.9035 -0.2288

PART 27
OFFSET 14.5954 4.2471 -4.1656
SCALE 1 1 1
X 0.8485 0.1582 0.5050
Y 0.4064 0.4165 -0.8132
Z -0.3390 0.8953 0.2892

PART 28
OFFSET 14.7164 7.8056 -5.9785
SCALE 1 1 1
X 0.5472 0.0760 0.8336
Y 0.6884 0.5256 -0.4998
Z -0.4761 0.8473 0.2353

PART 29
OFFSET 16.1850 7.7762 -6.1307
SCALE 1 1 1
X 0.3439 -0.0022 0.9390
Y -0.7761 -0.5635 0.2829
Z 0.5285 -0.8261 -0.1955

PART 30
OFFSET 16.7904 7.7724 -4.4774
SCALE 1 1 1
X -0.6606 -0.5958 0.4567
Y -0.4908 -0.1176 -0.8633
Z 0.5681 -0.7944 -0.2148

PART 31
OFFSET 15.9528 7.0963 -3.9091
SCALE 1 1 1
X -0.8553 -0.5179 -0.0180
Y -0.0885 0.1801 -0.9797
Z 0.5106 -0.8363 -0.1998

PART 32
OFFSET 14.9868 6.5114 -3.9294
SCALE 1 1 1
X 0.5019 -0.2292 0.8340
Y 0.7134 0.6550 -0.2493
Z -0.4891 0.7201 0.4922

PART 33
OFFSET 16.6109 6.7569 -6.1262
SCALE 1 1 1
X 0.0387 -0.0755 0.9964
Y -0.8533 -0.5214 -0.0063
Z 0.5200 -0.8500 -0.0846

PART 34
OFFSET 16.6866 6.6094 -4.1797
SCALE 1 1 1
X -0.8478 -0.5164 0.1204
Y -0.1669 0.0444 -0.9850
Z 0.5033 -0.8552 -0.1238

PART 35
OFFSET 15.4482 5.8551 -4.0039
SCALE 1 1 1
X -0.8254 -0.5422 0.1574
Y -0.2286 0.0660 -0.9713
Z 0.5162 -0.8377 -0.1784

PART 36
OFFSET 14.5172 5.2350 -3.8262
SCALE 1 1 1
X 0.7459 0.4271 0.5111
Y 0.3939 0.3360 -0.8556
Z -0.5371 0.8395 0.0824

PART 37
OFFSET 14.8490 0.8248 -8.0343
SCALE 1 1 1
X -0.0143 0.8960 0.4438
Y -0.9110 0.1713 -0.3751
Z -0.4121 -0.4096 0.8139

PART 38
OFFSET 4.1297 -14.1858 -2.9073
SCALE 1 1 1
X -0.5070 0.4212 0.7520
Y 0.2478 -0.7644 0.5953
Z 0.8255 0.4881 0.2832

PART 39
OFFSET 10.2618 -19.2803 -12.0016
SCALE 1 1 1
X -0.6244 -0.7714 0.1226
Y 0.4563 -0.4876 -0.7443
Z 0.6340 -0.4088 0.6565

PART 40
OFFSET 15.5724 -12.7188 -13.0442
SCALE 1 1 1
X -0.6244 -0.7714 0.1226
Y 0.4032 -0.4527 -0.7953
Z 0.6690 -0.4472 0.5937

PART 41
OFFSET 15.4118 -10.7858 -13.4292
SCALE 1 1 1
X -0.6288 -0.7674 0.1252
Y -0.6387 0.4179 -0.6461
Z 0.4434 -0.4862 -0.7529

PART 42
OFFSET 15.6161 -10.2826 -12.3547
SCALE 1 1 1
X -0.6288 -0.7674 0.1252
Y -0.6387 0.4179 -0.6461
Z 0.4434 -0.4862 -0.7529

PART 43
OFFSET 16.5925 -10.8317 -11.6493
SCALE 1 1 1
X -0.6288 -0.7674 0.1252
Y -0.6387 0.4179 -0.6461
Z 0.4434 -0.4862 -0.7529

PART 44
OFFSET 17.4865 -10.3538 -13.4201
SCALE 1 1 1
X 0.1917 -0.9791 -0.0676
Y 0.3872 0.1387 -0.9115
Z 0.9018 0.1486 0.4057

PART 45
OFFSET 16.6563 -10.1082 -12.6766
SCALE 1 1 1
X 0.7550 -0.6068 0.2487
Y 0.3934 0.1156 -0.9121
Z 0.5247 0.7864 0.3259

PART 46
OFFSET 14.9587 -8.8542 -13.1405
SCALE 1 1 1
X 0.0648 -0.6750 0.7350
Y 0.8653 -0.3289 -0.3784
Z 0.4971 0.6605 0.5627

PART 47
OFFSET 14.8500 -7.8581 -14.4126
SCALE 1 1 1
X -0.1892 -0.4034 0.8953
Y 0.8215 -0.5644 -0.0807
Z 0.5379 0.7202 0.4381

PART 48
OFFSET 15.0160 -7.4453 -15.3994
SCALE 1 1 1
X -0.3158 -0.8767 0.3628
Y -0.5452 -0.1453 -0.8256
Z 0.7765 -0.4586 -0.4321

PART 49
OFFSET 17.5566 -9.4068 -14.4209
SCALE 1 1 1
X -0.0251 -0.8756 0.4824
Y 0.8767 0.2126 0.4316
Z -0.4805 0.4337 0.7623

PART 50
OFFSET 17.4356 -7.4023 -15.4466
SCALE 1 1 1
X 0.7032 -0.3026 0.6433
Y 0.6495 0.6416 -0.4081
Z -0.2892 0.7048 0.6477

PART 51
OFFSET 16.4400 -6.9738 -16.3574
SCALE 1 1 1
X 0.9055 0.4205 -0.0568
Y -0.3280 0.6087 -0.7224
Z -0.2692 0.6728 0.6891

PART 52
OFFSET 15.6371 -7.3467 -16.3070
SCALE 1 1 1
X 0.6963 0.6202 -0.3613
Y -0.6527 0.3376 -0.6783
Z -0.2987 0.7081 0.6399

PART 53
OFFSET 14.9756 -7.9359 -15.9638
SCALE 1 1 1
X -0.0797 -0.7887 0.6096
Y -0.9785 -0.0547 -0.1987
Z 0.1901 -0.6123 -0.7674

PART 54
OFFSET 17.3831 -9.2629 -13.7436
SCALE 1 1 1
X 0.0690 -0.9735 0.2181
Y 0.8799 0.1624 0.4466
Z -0.4702 0.1611 0.8677

PART 55
OFFSET 17.2934 -6.7566 -14.4287
SCALE 1 1 1
X 0.8425 -0.1686 0.5117
Y 0.4292 0.7840 -0.4485
Z -0.3255 0.5975 0.7329

PART 56
OFFSET 15.8590 -6.4697 -15.2998
SCALE 1 1 1
X 0.7466 0.6368 -0.1925
Y -0.5904 0.5009 -0.6329
Z -0.3066 0.5861 0.7499

PART 57
OFFSET 14.8243 -7.3523 -15.0330
SCALE 1 1 1
X 0.1296 0.8092 -0.5730
Y -0.9415 -0.0809 -0.3271
Z -0.3111 0.5819 0.7514

PART 58
OFFSET 14.6837 -8.2299 -14.4115
SCALE 1 1 1
X 0.4163 -0.5882 0.6933
Y -0.8314 -0.5550 0.0284
Z 0.3680 -0.5883 -0.7201

PART 59
OFFSET 18.4404 -14.4665 -12.7130
SCALE 1 1 1
X 0.3563 -0.9068 0.2255
Y -0.7914 -0.4211 -0.4431
Z 0.4968 -0.0206 -0.8676

PART 60
OFFSET 16.7826 -6.5880 -12.3186
SCALE 1 1 1
X 0.0847 -0.9963 0.0149
Y 0.8743 0.0815 0.4785
Z -0.4779 -0.0275 0.8780

PART 61
OFFSET 16.6335 -4.8339 -12.3448
SCALE 1 1 1
X 0.4851 -0.8309 0.2726
Y 0.6995 0.5557 0.4493
Z -0.5248 -0.0273 0.8508

PART 62
