// Export filename: `C:/cod5/cod/cod5/xanim_export/viewmodel/US/m1garand/m1garand_first_pullout.XANIM_EXPORT`
// Source filename: `C:/cod5/cod/cod5/animation_assets/viewmodel/US/m1_garand/viewmodelanimation_m1garand.mb`
// Export time: Fri Jul 11 15:26:15 2008

ANIMATION
VERSION 3

NUMPARTS 92
PART 0 "RingPalm_FK_LE"
PART 1 "RingPalm_SDK_LE"
PART 2 "RingPalm_FK_RI"
PART 3 "RingPalm_SDK_RI"
PART 4 "tag_torso"
PART 5 "J_Shoulder_LE"
PART 6 "J_Elbow_LE"
PART 7 "J_WristTwist_LE"
PART 8 "J_Sleave_Reshape_Bottom_LE_1"
PART 9 "J_Sleave_Reshape_Bottom_LE_2"
PART 10 "J_Sleave_Reshape_Top_LE_1"
PART 11 "J_Sleave_Reshape_Top_LE_2"
PART 12 "J_Sleave_Reshape_Top_LE_3"
PART 13 "J_Wrist_LE"
PART 14 "J_Thumb_LE_0"
PART 15 "J_Thumb_LE_1"
PART 16 "J_Thumb_LE_2"
PART 17 "J_Thumb_LE_3"
PART 18 "J_PinkyPalm_LE"
PART 19 "J_Pinky_LE_0"
PART 20 "J_Pinky_LE_1"
PART 21 "J_Pinky_LE_2"
PART 22 "J_Pinky_LE_3"
PART 23 "J_RingPalm_LE"
PART 24 "J_Ring_LE_0"
PART 25 "J_Ring_LE_1"
PART 26 "J_Ring_LE_2"
PART 27 "J_Ring_LE_3"
PART 28 "J_Webbing_LE"
PART 29 "J_Index_LE_0"
PART 30 "J_Index_LE_1"
PART 31 "J_Index_LE_2"
PART 32 "J_Index_LE_3"
PART 33 "J_Mid_LE_0"
PART 34 "J_Mid_LE_1"
PART 35 "J_Mid_LE_2"
PART 36 "J_Mid_LE_3"
PART 37 "D_Sleave_Reshape_Bottom_LE_1"
PART 38 "D_Sleave_Reshape_Bottom_LE_2"
PART 39 "D_Sleave_Reshape_Top_LE_1"
PART 40 "D_Sleave_Reshape_Top_LE_2"
PART 41 "D_Sleave_Reshape_Top_LE_3"
PART 42 "tag_weapon"
PART 43 "J_Shoulder_RI"
PART 44 "J_Elbow_RI"
PART 45 "J_WristTwist_RI"
PART 46 "J_Sleave_Reshape_Top_RI_3"
PART 47 "J_Sleave_Reshape_Top_RI_2"
PART 48 "J_Sleave_Reshape_Top_RI_1"
PART 49 "J_Wrist_RI"
PART 50 "J_Thumb_RI_0"
PART 51 "J_Thumb_RI_1"
PART 52 "J_Thumb_RI_2"
PART 53 "J_Thumb_RI_3"
PART 54 "J_PinkyPalm_RI"
PART 55 "J_Pinky_RI_0"
PART 56 "J_Pinky_RI_1"
PART 57 "J_Pinky_RI_2"
PART 58 "J_Pinky_RI_3"
PART 59 "J_RingPalm_RI"
PART 60 "J_Ring_RI_0"
PART 61 "J_Ring_RI_1"
PART 62 "J_Ring_RI_2"
PART 63 "J_Ring_RI_3"
PART 64 "J_Webbing_RI"
PART 65 "J_Index_RI_0"
PART 66 "J_Index_RI_1"
PART 67 "J_Index_RI_2"
PART 68 "J_Index_RI_3"
PART 69 "J_Mid_RI_0"
PART 70 "J_Mid_RI_1"
PART 71 "J_Mid_RI_2"
PART 72 "J_Mid_RI_3"
PART 73 "D_Sleave_Reshape_Top_RI_3"
PART 74 "D_Sleave_Reshape_Top_RI_2"
PART 75 "D_Sleave_Reshape_Top_RI_1"
PART 76 "tag_cambone"
PART 77 "tag_camera"
PART 78 "tag_gasmask"
PART 79 "J_Gun"
PART 80 "tag_brass"
PART 81 "J_Bolt"
PART 82 "tag_flash"
PART 83 "j_stripper"
PART 84 "J_Clip"
PART 85 "TAG_APERTURE"
PART 86 "tag_bayonet"
PART 87 "tag_grenade"
PART 88 "tag_grenade_mount"
PART 89 "TAG_TELESCOPIC"
PART 90 "TAG_IRON_SIGHTS"
PART 91 "TAG_SUPPRESSOR"

FRAMERATE 24
NUMFRAMES 33

FRAME 912
PART 0
OFFSET 10.2025 -2.8106 -23.6962
SCALE 1 1 1
X 0.3968 -0.8871 -0.2358
Y 0.3350 -0.0992 0.9370
Z -0.8546 -0.4508 0.2578

PART 1
OFFSET 10.2025 -2.8106 -23.6962
SCALE 1 1 1
X 0.3968 -0.8871 -0.2358
Y 0.3350 -0.0992 0.9370
Z -0.8546 -0.4508 0.2578

PART 2
OFFSET 3.0007 -4.8767 -13.3085
SCALE 1 1 1
X -0.5638 -0.2952 0.7714
Y 0.1729 -0.9554 -0.2393
Z 0.8076 -0.0016 0.5897

PART 3
OFFSET 3.0007 -4.8767 -13.3085
SCALE 1 1 1
X -0.5638 -0.2952 0.7714
Y 0.1729 -0.9554 -0.2393
Z 0.8076 -0.0016 0.5897

PART 4
OFFSET 6.2061 -3.1050 -3.3894
SCALE 1 1 1
X 1.0000 0.0000 0.0000
Y 0.0000 1.0000 0.0000
Z 0.0000 -0.0000 1.0000

PART 5
OFFSET 1.6245 4.2672 -6.2573
SCALE 1 1 1
X -0.0357 -0.0198 -0.9992
Y -0.0409 -0.9989 0.0212
Z -0.9985 0.0416 0.0349

PART 6
OFFSET 1.1922 4.0279 -18.3411
SCALE 1 1 1
X 0.7422 -0.5010 -0.4452
Y 0.3912 -0.2155 0.8947
Z -0.5441 -0.8382 0.0361

PART 7
OFFSET 7.5049 -0.2329 -22.1277
SCALE 1 1 1
X 0.7422 -0.5010 -0.4452
Y 0.5117 0.8526 -0.1062
Z 0.4328 -0.1490 0.8891

PART 8
OFFSET 9.2945 0.7671 -23.4064
SCALE 1 1 1
X 0.7413 -0.4974 -0.4506
Y 0.5364 0.8426 -0.0477
Z 0.4034 -0.2064 0.8914

PART 9
OFFSET 7.3689 -1.0825 -23.6762
SCALE 1 1 1
X 0.7413 -0.4974 -0.4506
Y 0.5364 0.8426 -0.0477
Z 0.4034 -0.2064 0.8914

PART 10
OFFSET 10.2819 -0.2305 -21.8114
SCALE 1 1 1
X 0.7413 -0.4974 -0.4506
Y 0.5364 0.8426 -0.0477
Z 0.4034 -0.2064 0.8914

PART 11
OFFSET 9.3177 -1.5920 -21.6632
SCALE 1 1 1
X 0.7413 -0.4974 -0.4506
Y 0.5364 0.8426 -0.0477
Z 0.4034 -0.2064 0.8914

PART 12
OFFSET 8.1041 -2.6953 -21.5888
SCALE 1 1 1
X 0.7413 -0.4974 -0.4506
Y 0.5364 0.8426 -0.0477
Z 0.4034 -0.2064 0.8914

PART 13
OFFSET 9.7802 -1.7686 -23.4925
SCALE 1 1 1
X 0.6314 -0.7036 -0.3260
Y 0.6762 0.7054 -0.2127
Z 0.3796 -0.0862 0.9211

PART 14
OFFSET 10.8726 -1.4397 -23.4662
SCALE 1 1 1
X 0.9844 0.1707 -0.0423
Y -0.1755 0.9368 -0.3025
Z -0.0120 0.3053 0.9522

PART 15
OFFSET 12.9787 -0.9609 -23.5347
SCALE 1 1 1
X 0.9850 -0.1093 -0.1337
Y 0.0960 0.9901 -0.1019
Z 0.1435 0.0876 0.9858

PART 16
OFFSET 14.5792 -1.1866 -23.6340
SCALE 1 1 1
X 0.9763 -0.2159 0.0152
Y 0.2155 0.9627 -0.1635
Z 0.0207 0.1629 0.9864

PART 17
OFFSET 15.6396 -1.3962 -23.5752
SCALE 1 1 1
X 0.7518 -0.0657 -0.6561
Y -0.6440 -0.2872 -0.7091
Z -0.1419 0.9556 -0.2582

PART 18
OFFSET 9.6673 -3.1367 -23.3545
SCALE 1 1 1
X 0.1431 -0.9823 -0.1210
Y 0.3205 -0.0697 0.9447
Z -0.9364 -0.1740 0.3049

PART 19
OFFSET 10.1644 -5.3269 -23.5549
SCALE 1 1 1
X 0.3864 -0.9219 -0.0284
Y 0.2604 0.0795 0.9622
Z -0.8848 -0.3792 0.2708

PART 20
OFFSET 10.7115 -6.6321 -23.5951
SCALE 1 1 1
X 0.4913 -0.7182 0.4928
Y -0.0341 0.5495 0.8348
Z -0.8703 -0.4270 0.2455

PART 21
OFFSET 11.1471 -7.2689 -23.1582
SCALE 1 1 1
X 0.4789 -0.5958 0.6447
Y -0.0704 0.7060 0.7047
Z -0.8750 -0.3829 0.2961

PART 22
OFFSET 11.6021 -7.8349 -22.5457
SCALE 1 1 1
X -0.1956 0.0679 -0.9783
Y -0.4719 0.8680 0.1546
Z 0.8597 0.4919 -0.1377

PART 23
OFFSET 10.2025 -2.8106 -23.6962
SCALE 1 1 1
X 0.3968 -0.8871 -0.2358
Y 0.3350 -0.0992 0.9370
Z -0.8546 -0.4508 0.2578

PART 24
OFFSET 11.0981 -5.1777 -24.2905
SCALE 1 1 1
X 0.4544 -0.8899 -0.0391
Y 0.2545 0.0877 0.9631
Z -0.8536 -0.4476 0.2664

PART 25
OFFSET 11.8718 -6.6928 -24.3570
SCALE 1 1 1
X 0.5284 -0.6411 0.5566
Y -0.0978 0.6053 0.7900
Z -0.8434 -0.4718 0.2571

PART 26
OFFSET 12.6041 -7.5813 -23.5855
SCALE 1 1 1
X 0.4986 -0.5312 0.6850
Y -0.1860 0.7062 0.6831
Z -0.8466 -0.4681 0.2533

PART 27
OFFSET 13.1448 -8.1574 -22.8427
SCALE 1 1 1
X -0.3439 0.0088 -0.9390
Y -0.4016 0.9025 0.1556
Z 0.8488 0.4306 -0.3068

PART 28
OFFSET 13.0038 -2.8636 -24.3415
SCALE 1 1 1
X 0.5689 -0.8224 -0.0095
Y -0.1530 -0.0945 -0.9837
Z 0.8080 0.5611 -0.1796

PART 29
OFFSET 12.6095 -3.9460 -25.2656
SCALE 1 1 1
X 0.7939 -0.5958 -0.1214
Y 0.1777 0.0364 0.9834
Z -0.5815 -0.8023 0.1347

PART 30
OFFSET 14.0073 -4.9950 -25.4794
SCALE 1 1 1
X 0.7995 -0.5985 -0.0517
Y 0.0904 0.0349 0.9953
Z -0.5939 -0.8004 0.0820

PART 31
OFFSET 15.0153 -5.6740 -25.5472
SCALE 1 1 1
X 0.8302 -0.5435 -0.1240
Y 0.1575 0.0153 0.9874
Z -0.5347 -0.8393 0.0983

PART 32
OFFSET 15.9530 -6.2878 -25.6872
SCALE 1 1 1
X -0.5629 -0.0730 -0.8233
Y -0.6658 0.6303 0.3993
Z 0.4898 0.7729 -0.4034

PART 33
OFFSET 11.8767 -4.6517 -24.8349
SCALE 1 1 1
X 0.6790 -0.7300 -0.0779
Y 0.2100 0.0915 0.9734
Z -0.7034 -0.6773 0.2155

PART 34
OFFSET 13.2032 -6.0778 -24.9870
SCALE 1 1 1
X 0.6650 -0.5723 0.4798
Y -0.1756 0.5047 0.8453
Z -0.7259 -0.6464 0.2351

PART 35
OFFSET 14.1746 -6.9136 -24.2862
SCALE 1 1 1
X 0.6258 -0.5242 0.5776
Y -0.2091 0.6007 0.7717
Z -0.7515 -0.6036 0.2663

PART 36
OFFSET 14.8782 -7.5120 -23.6306
SCALE 1 1 1
X -0.2982 0.0569 -0.9528
Y -0.6173 0.7499 0.2380
Z 0.7280 0.6591 -0.1885

PART 37
OFFSET 9.2945 0.7671 -23.4064
SCALE 1 1 1
X 0.7413 -0.4974 -0.4506
Y 0.5364 0.8426 -0.0477
Z 0.4034 -0.2064 0.8914

PART 38
OFFSET 7.3689 -1.0825 -23.6762
SCALE 1 1 1
X 0.7413 -0.4974 -0.4506
Y 0.5364 0.8426 -0.0477
Z 0.4034 -0.2064 0.8914

PART 39
OFFSET 10.2819 -0.2305 -21.8114
SCALE 1 1 1
X 0.7413 -0.4974 -0.4506
Y 0.5364 0.8426 -0.0477
Z 0.4034 -0.2064 0.8914

PART 40
OFFSET 9.3177 -1.5920 -21.6632
SCALE 1 1 1
X 0.7413 -0.4974 -0.4506
Y 0.5364 0.8426 -0.0477
Z 0.4034 -0.2064 0.8914

PART 41
OFFSET 8.1041 -2.6953 -21.5888
SCALE 1 1 1
X 0.7413 -0.4974 -0.4506
Y 0.5364 0.8426 -0.0477
Z 0.4034 -0.2064 0.8914

PART 42
OFFSET 14.2380 -2.7535 -16.1744
SCALE 1 1 1
X 0.9221 0.0000 -0.3869
Y 0.0000 1.0000 0.0000
Z 0.3869 -0.0000 0.9221

PART 43
OFFSET -2.1097 -3.5648 -2.9073
SCALE 1 1 1
X 0.3975 0.6805 0.6155
Y 0.1397 -0.7079 0.6924
Z 0.9069 -0.1892 -0.3765

PART 44
OFFSET -6.9170 -11.7951 -10.3514
SCALE 1 1 1
X -0.8064 -0.5640 0.1779
Y 0.1022 -0.4292 -0.8974
Z 0.5825 -0.7055 0.4038

PART 45
OFFSET -0.0583 -6.9981 -11.8646
SCALE 1 1 1
X -0.8064 -0.5640 0.1779
Y -0.3263 0.1734 -0.9292
Z 0.4932 -0.8074 -0.3238

PART 46
OFFSET 0.2299 -4.9602 -12.1797
SCALE 1 1 1
X -0.8086 -0.5595 0.1822
Y -0.5816 0.7131 -0.3914
Z 0.0891 -0.4224 -0.9020

PART 47
OFFSET 0.9237 -4.9477 -11.1476
SCALE 1 1 1
X -0.8086 -0.5595 0.1822
Y -0.5816 0.7131 -0.3914
Z 0.0891 -0.4224 -0.9020

PART 48
OFFSET 1.9971 -6.1456 -10.6300
SCALE 1 1 1
X -0.8086 -0.5595 0.1822
Y -0.5816 0.7131 -0.3914
Z 0.0891 -0.4224 -0.9020

PART 49
OFFSET 2.4138 -5.2690 -12.4100
SCALE 1 1 1
X -0.7876 -0.2609 0.5582
Y -0.6022 0.1341 -0.7870
Z 0.1305 -0.9560 -0.2627

PART 50
OFFSET 3.2956 -4.8886 -11.7938
SCALE 1 1 1
X -0.5806 -0.8130 0.0437
Y -0.2437 0.1223 -0.9621
Z 0.7768 -0.5693 -0.2692

PART 51
OFFSET 4.5297 -3.1147 -11.7772
SCALE 1 1 1
X -0.6164 -0.6928 0.3744
Y -0.2667 -0.2637 -0.9270
Z 0.7409 -0.6712 -0.0222

PART 52
OFFSET 5.4259 -1.9369 -12.4344
SCALE 1 1 1
X -0.2597 -0.5258 0.8100
Y -0.5465 -0.6115 -0.5722
Z 0.7962 -0.5913 -0.1285

PART 53
OFFSET 5.6796 -1.3309 -13.2947
SCALE 1 1 1
X -0.8158 -0.1343 0.5626
Y -0.2913 0.9357 -0.1989
Z -0.4997 -0.3261 -0.8025

PART 54
OFFSET 2.4090 -4.7115 -13.6720
SCALE 1 1 1
X -0.2964 -0.3315 0.8957
Y 0.1994 -0.9386 -0.2814
Z 0.9340 0.0952 0.3443

PART 55
OFFSET 3.1865 -3.8376 -15.5998
SCALE 1 1 1
X 0.0200 -0.9617 0.2732
Y 0.0132 -0.2730 -0.9619
Z 0.9997 0.0229 0.0072

PART 56
OFFSET 3.1581 -2.4760 -15.9867
SCALE 1 1 1
X 0.0188 -0.6955 -0.7183
Y 0.0445 0.7183 -0.6943
Z 0.9988 -0.0189 0.0445

PART 57
OFFSET 3.1414 -1.8594 -15.3498
SCALE 1 1 1
X 0.0162 -0.3392 -0.9406
Y -0.0317 0.9400 -0.3396
Z 0.9994 0.0353 0.0045

PART 58
OFFSET 3.1260 -1.5371 -14.4562
SCALE 1 1 1
X -0.1370 -0.3358 0.9319
Y 0.0919 0.9324 0.3495
Z -0.9863 0.1336 -0.0969

PART 59
OFFSET 3.0007 -4.8767 -13.3085
SCALE 1 1 1
X -0.5638 -0.2952 0.7714
Y 0.1729 -0.9554 -0.2393
Z 0.8076 -0.0016 0.5897

PART 60
OFFSET 4.3477 -4.1313 -15.4033
SCALE 1 1 1
X -0.0085 -0.9990 0.0441
Y 0.1461 -0.0449 -0.9883
Z 0.9892 -0.0020 0.1463

PART 61
OFFSET 4.3622 -2.4305 -15.4784
SCALE 1 1 1
X 0.1252 -0.4634 -0.8773
Y 0.0969 0.8857 -0.4540
Z 0.9874 -0.0281 0.1558

PART 62
OFFSET 4.1887 -1.7883 -14.2626
SCALE 1 1 1
X 0.1622 0.2775 -0.9469
Y -0.0206 0.9604 0.2779
Z 0.9865 -0.0256 0.1615

PART 63
OFFSET 4.0128 -2.0892 -13.2356
SCALE 1 1 1
X -0.0726 -0.7772 0.6250
Y -0.1522 0.6280 0.7632
Z -0.9857 -0.0397 -0.1639

PART 64
OFFSET -0.2849 -6.9808 -9.5621
SCALE 1 1 1
X -0.5883 -0.5373 0.6044
Y -0.3771 0.8434 0.3827
Z -0.7153 -0.0028 -0.6988

PART 65
OFFSET 5.9853 -4.7088 -14.0893
SCALE 1 1 1
X -0.7172 -0.2117 0.6639
Y 0.1380 -0.9770 -0.1624
Z 0.6831 -0.0248 0.7299

PART 66
OFFSET 7.2481 -4.3360 -15.2583
SCALE 1 1 1
X -0.5382 -0.6612 0.5227
Y 0.5008 -0.7496 -0.4327
Z 0.6779 0.0289 0.7346

PART 67
OFFSET 7.9435 -3.5304 -15.8490
SCALE 1 1 1
X -0.1851 -0.9758 0.1162
Y 0.7382 -0.2161 -0.6390
Z 0.6487 -0.0325 0.7604

PART 68
OFFSET 8.1526 -2.4282 -15.9803
SCALE 1 1 1
X -0.4237 0.5036 0.7529
Y 0.3089 0.8617 -0.4026
Z -0.8515 0.0620 -0.5206

PART 69
OFFSET 5.2246 -4.4197 -14.8364
SCALE 1 1 1
X -0.4577 -0.8233 0.3355
Y 0.5663 -0.5609 -0.6039
Z 0.6854 -0.0864 0.7230

PART 70
OFFSET 6.1188 -2.8112 -15.4919
SCALE 1 1 1
X 0.4663 -0.7011 -0.5394
Y 0.5242 0.7102 -0.4699
Z 0.7125 -0.0636 0.6988

PART 71
OFFSET 5.4377 -1.7871 -14.7041
SCALE 1 1 1
X 0.6669 -0.2339 -0.7075
Y 0.1662 0.9722 -0.1648
Z 0.7264 -0.0077 0.6872

PART 72
OFFSET 4.6773 -1.5214 -13.9078
SCALE 1 1 1
X -0.6639 -0.4411 0.6038
Y -0.2471 0.8915 0.3796
Z -0.7058 0.1028 -0.7009

PART 73
OFFSET 0.2299 -4.9602 -12.1797
SCALE 1 1 1
X -0.8086 -0.5595 0.1822
Y -0.5816 0.7131 -0.3914
Z 0.0891 -0.4224 -0.9020

PART 74
OFFSET 0.9237 -4.9477 -11.1476
SCALE 1 1 1
X -0.8086 -0.5595 0.1822
Y -0.5816 0.7131 -0.3914
Z 0.0891 -0.4224 -0.9020

PART 75
OFFSET 1.9971 -6.1456 -10.6300
SCALE 1 1 1
X -0.8086 -0.5595 0.1822
Y -0.5816 0.7131 -0.3914
Z 0.0891 -0.4224 -0.9020

PART 76
OFFSET 0.0000 0.0000 0.0000
SCALE 1 1 1
X 1.0000 0.0000 0.0000
Y 0.0000 1.0000 0.0000
Z 0.0000 0.0000 1.0000

PART 77
OFFSET 0.0000 0.0000 0.0000
SCALE 1 1 1
X 1.0000 0.0000 0.0000
Y 0.0000 1.0000 0.0000
Z 0.0000 0.0000 1.0000

PART 78
OFFSET 1.5404 0.0000 4.1357
SCALE 1 1 1
X 1.0000 0.0000 0.0000
Y 0.0000 1.0000 0.0000
Z 0.0000 0.0000 1.0000

PART 79
OFFSET 14.2380 -2.7535 -16.1744
SCALE 1 1 1
X 0.9221 0.0000 -0.3869
Y -0.0000 1.0000 0.0000
Z 0.3869 -0.0000 0.9221

PART 80
OFFSET 11.4049 -3.3615 -18.2864
SCALE 1 1 1
X 0.1769 -0.8582 0.4819
Y 0.9378 -0.0016 -0.3471
Z 0.2986 0.5134 0.8045

PART 81
OFFSET 14.4124 -4.5638 -15.0527
SCALE 1 1 1
X 0.9298 0.0000 -0.3680
Y -0.0000 1.0000 0.0000
Z 0.3680 -0.0000 0.9298

PART 82
OFFSET 40.5095 -2.7535 -25.5486
SCALE 1 1 1
X 0.9221 0.0000 -0.3869
Y -0.0000 1.0000 0.0000
Z 0.3869 -0.0000 0.9221

PART 83
OFFSET 12.2037 -2.8042 -15.0260
SCALE 1 1 1
X 0.9236 -0.0648 -0.3778
Y 0.0704 0.9975 0.0010
Z 0.3767 -0.0276 0.9259

PART 84
OFFSET 12.4457 -2.7912 -15.0837
SCALE 1 1 1
X 0.9221 0.0000 -0.3869
Y -0.0000 1.0000 0.0000
Z 0.3869 -0.0000 0.9221

PART 85
OFFSET 9.2093 -2.7417 -12.2082
SCALE 1 1 1
X 0.9221 0.0000 -0.3869
Y -0.0000 1.0000 0.0000
Z 0.3869 -0.0000 0.9221

PART 86
OFFSET 36.1291 -2.7535 -25.0316
SCALE 1 1 1
X 0.9298 0.0000 -0.3680
Y -0.0000 1.0000 0.0000
Z 0.3680 -0.0000 0.9298

PART 87
OFFSET 48.8031 -2.7535 -28.8356
SCALE 1 1 1
X 0.9298 0.0000 -0.3680
Y -0.0000 1.0000 0.0000
Z 0.3680 -0.0000 0.9298

PART 88
OFFSET 49.1154 -2.7535 -28.9741
SCALE 1 1 1
X 0.9298 0.0000 -0.3680
Y -0.0000 1.0000 0.0000
Z 0.3680 -0.0000 0.9298

PART 89
OFFSET 10.7119 -1.4336 -13.7789
SCALE 1 1 1
X 0.9221 0.0000 -0.3869
Y -0.0000 1.0000 0.0000
Z 0.3869 -0.0000 0.9221

PART 90
OFFSET 19.7488 -3.1633 -17.5707
SCALE 1 1 1
X 0.9221 0.0000 -0.3869
Y -0.0000 1.0000 0.0000
Z 0.3869 -0.0000 0.9221

PART 91
OFFSET 42.0268 -2.7535 -26.0346
SCALE 1 1 1
X 0.9298 0.0000 -0.3680
Y -0.0000 1.0000 0.0000
Z 0.3680 -0.0000 0.9298


FRAME 913
PART 0
OFFSET 10.4345 -2.6413 -23.6280
SCALE 1 1 1
X 0.3905 -0.8866 -0.2480
Y 0.3307 -0.1163 0.9365
Z -0.8592 -0.4477 0.2478

PART 1
OFFSET 10.4345 -2.6413 -23.6280
SCALE 1 1 1
X 0.3905 -0.8866 -0.2480
Y 0.3307 -0.1163 0.9365
Z -0.8592 -0.4477 0.2478

PART 2
OFFSET 2.9822 -4.8770 -13.0210
SCALE 1 1 1
X -0.5673 -0.2951 0.7688
Y 0.1741 -0.9555 -0.2384
Z 0.8049 -0.0014 0.5934

PART 3
OFFSET 2.9822 -4.8770 -13.0210
SCALE 1 1 1
X -0.5673 -0.2951 0.7688
Y 0.1741 -0.9555 -0.2384
Z 0.8049 -0.0014 0.5934

PART 4
OFFSET 6.2061 -3.1050 -3.3894
SCALE 1 1 1
X 1.0000 0.0000 0.0000
Y 0.0000 1.0000 0.0000
Z 0.0000 -0.0000 1.0000

PART 5
OFFSET 1.6245 4.2672 -6.2573
SCALE 1 1 1
X -0.0290 -0.0194 -0.9994
Y -0.0216 -0.9996 0.0201
Z -0.9993 0.0221 0.0286

PART 6
OFFSET 1.2732 4.0323 -18.3439
SCALE 1 1 1
X 0.7559 -0.4867 -0.4380
Y 0.3872 -0.2072 0.8984
Z -0.5280 -0.8487 0.0318

PART 7
OFFSET 7.7022 -0.1071 -22.0689
SCALE 1 1 1
X 0.7559 -0.4867 -0.4380
Y 0.5039 0.8595 -0.0853
Z 0.4180 -0.1562 0.8949

PART 8
OFFSET 9.4835 0.9268 -23.3321
SCALE 1 1 1
X 0.7550 -0.4831 -0.4434
Y 0.5202 0.8529 -0.0435
Z 0.3992 -0.1978 0.8953

PART 9
OFFSET 7.5970 -0.9603 -23.6178
SCALE 1 1 1
X 0.7550 -0.4831 -0.4434
Y 0.5202 0.8529 -0.0435
Z 0.3992 -0.1978 0.8953

PART 10
OFFSET 10.4757 -0.0502 -21.7273
SCALE 1 1 1
X 0.7550 -0.4831 -0.4434
Y 0.5202 0.8529 -0.0435
Z 0.3992 -0.1978 0.8953

PART 11
OFFSET 9.5369 -1.4302 -21.5867
SCALE 1 1 1
X 0.7550 -0.4831 -0.4434
Y 0.5202 0.8529 -0.0435
Z 0.3992 -0.1978 0.8953

PART 12
OFFSET 8.3445 -2.5570 -21.5224
SCALE 1 1 1
X 0.7550 -0.4831 -0.4434
Y 0.5202 0.8529 -0.0435
Z 0.3992 -0.1978 0.8953

PART 13
OFFSET 10.0195 -1.5990 -23.4115
SCALE 1 1 1
X 0.6274 -0.7038 -0.3332
Y 0.6825 0.7030 -0.1998
Z 0.3749 -0.1020 0.9215

PART 14
OFFSET 11.1143 -1.2791 -23.3759
SCALE 1 1 1
X 0.9810 0.1899 -0.0388
Y -0.1923 0.9282 -0.3187
Z -0.0245 0.3201 0.9471

PART 15
OFFSET 13.2107 -0.7589 -23.4388
SCALE 1 1 1
X 0.9867 -0.1049 -0.1241
Y 0.0901 0.9888 -0.1189
Z 0.1352 0.1062 0.9851

PART 16
OFFSET 14.8134 -0.9753 -23.5217
SCALE 1 1 1
X 0.9786 -0.2042 0.0257
Y 0.2055 0.9621 -0.1792
Z 0.0119 0.1807 0.9835

PART 17
OFFSET 15.8757 -1.1715 -23.4520
SCALE 1 1 1
X 0.7571 -0.0685 -0.6497
Y -0.6356 -0.3072 -0.7082
Z -0.1511 0.9492 -0.2762

PART 18
OFFSET 9.8953 -2.9680 -23.2933
SCALE 1 1 1
X 0.1380 -0.9821 -0.1282
Y 0.3150 -0.0792 0.9458
Z -0.9390 -0.1709 0.2984

PART 19
OFFSET 10.3807 -5.1594 -23.5088
SCALE 1 1 1
X 0.3520 -0.9263 -0.1343
Y 0.3131 -0.0187 0.9495
Z -0.8821 -0.3763 0.2835

PART 20
OFFSET 10.8791 -6.4709 -23.6990
SCALE 1 1 1
X 0.4903 -0.7864 0.3758
Y 0.0404 0.4512 0.8915
Z -0.8706 -0.4219 0.2531

PART 21
OFFSET 11.3138 -7.1681 -23.3658
SCALE 1 1 1
X 0.4924 -0.6720 0.5531
Y -0.0049 0.6333 0.7739
Z -0.8704 -0.3838 0.3086

PART 22
OFFSET 11.7816 -7.8065 -22.8403
SCALE 1 1 1
X -0.2477 0.1719 -0.9535
Y -0.4305 0.8621 0.2673
Z 0.8679 0.4767 -0.1395

PART 23
OFFSET 10.4345 -2.6413 -23.6280
SCALE 1 1 1
X 0.3905 -0.8866 -0.2480
Y 0.3307 -0.1163 0.9365
Z -0.8592 -0.4477 0.2478

PART 24
OFFSET 11.3130 -5.0063 -24.2555
SCALE 1 1 1
X 0.4218 -0.8994 -0.1150
Y 0.2962 0.0168 0.9550
Z -0.8570 -0.4368 0.2735

PART 25
OFFSET 12.0310 -6.5375 -24.4513
SCALE 1 1 1
X 0.5297 -0.7163 0.4543
Y -0.0214 0.5241 0.8514
Z -0.8479 -0.4607 0.2623

PART 26
OFFSET 12.7651 -7.5302 -23.8217
SCALE 1 1 1
X 0.5132 -0.6206 0.5928
Y -0.1098 0.6376 0.7625
Z -0.8512 -0.4564 0.2591

PART 27
OFFSET 13.3217 -8.2033 -23.1787
SCALE 1 1 1
X -0.3996 0.1218 -0.9085
Y -0.3474 0.8971 0.2731
Z 0.8483 0.4248 -0.3162

PART 28
OFFSET 13.2382 -2.7072 -24.2620
SCALE 1 1 1
X 0.5625 -0.8266 -0.0186
Y -0.1494 -0.0795 -0.9856
Z 0.8132 0.5572 -0.1682

PART 29
OFFSET 12.8396 -3.7734 -25.2029
SCALE 1 1 1
X 0.7738 -0.6160 -0.1478
Y 0.1991 0.0150 0.9799
Z -0.6013 -0.7876 0.1342

PART 30
OFFSET 14.2020 -4.8579 -25.4631
SCALE 1 1 1
X 0.7767 -0.6202 -0.1100
Y 0.1370 -0.0041 0.9906
Z -0.6148 -0.7845 0.0818

PART 31
OFFSET 15.1836 -5.5642 -25.6018
SCALE 1 1 1
X 0.7961 -0.5618 -0.2251
Y 0.2387 -0.0504 0.9698
Z -0.5562 -0.8257 0.0940

PART 32
OFFSET 16.0827 -6.1987 -25.8561
SCALE 1 1 1
X -0.6311 -0.0039 -0.7757
Y -0.6064 0.6262 0.4901
Z 0.4838 0.7797 -0.3975

PART 33
OFFSET 12.0995 -4.4793 -24.7853
SCALE 1 1 1
X 0.6648 -0.7381 -0.1151
Y 0.2287 0.0544 0.9720
Z -0.7111 -0.6725 0.2049

PART 34
OFFSET 13.3983 -5.9212 -25.0102
SCALE 1 1 1
X 0.6726 -0.6323 0.3844
Y -0.1039 0.4336 0.8951
Z -0.7327 -0.6420 0.2260

PART 35
OFFSET 14.3807 -6.8447 -24.4488
SCALE 1 1 1
X 0.6409 -0.5902 0.4908
Y -0.1403 0.5385 0.8308
Z -0.7547 -0.6013 0.2623

PART 36
OFFSET 15.1013 -7.5179 -23.8916
SCALE 1 1 1
X -0.3535 0.1471 -0.9238
Y -0.5747 0.7450 0.3386
Z 0.7380 0.6506 -0.1789

PART 37
OFFSET 9.4835 0.9268 -23.3321
SCALE 1 1 1
X 0.7550 -0.4831 -0.4434
Y 0.5202 0.8529 -0.0435
Z 0.3992 -0.1978 0.8953

PART 38
OFFSET 7.5970 -0.9603 -23.6178
SCALE 1 1 1
X 0.7550 -0.4831 -0.4434
Y 0.5202 0.8529 -0.0435
Z 0.3992 -0.1978 0.8953

PART 39
OFFSET 10.4757 -0.0502 -21.7273
SCALE 1 1 1
X 0.7550 -0.4831 -0.4434
Y 0.5202 0.8529 -0.0435
Z 0.3992 -0.1978 0.8953

PART 40
OFFSET 9.5369 -1.4302 -21.5867
SCALE 1 1 1
X 0.7550 -0.4831 -0.4434
Y 0.5202 0.8529 -0.0435
Z 0.3992 -0.1978 0.8953

PART 41
OFFSET 8.3445 -2.5570 -21.5224
SCALE 1 1 1
X 0.7550 -0.4831 -0.4434
Y 0.5202 0.8529 -0.0435
Z 0.3992 -0.1978 0.8953

PART 42
OFFSET 14.2325 -2.7536 -15.8353
SCALE 1 1 1
X 0.9239 -0.0000 -0.3826
Y -0.0001 1.0000 -0.0002
Z 0.3826 0.0002 0.9239

PART 43
OFFSET -2.1097 -3.5648 -2.9073
SCALE 1 1 1
X 0.3891 0.6977 0.6015
Y 0.1500 -0.6922 0.7059
Z 0.9089 -0.1845 -0.3740

PART 44
OFFSET -6.8158 -12.0030 -10.1814
SCALE 1 1 1
X -0.7957 -0.5819 0.1680
Y 0.1267 -0.4311 -0.8934
Z 0.5923 -0.6896 0.4167

PART 45
OFFSET -0.0482 -7.0533 -11.6103
SCALE 1 1 1
X -0.7957 -0.5819 0.1680
Y -0.3229 0.1729 -0.9305
Z 0.5125 -0.7946 -0.3254

PART 46
OFFSET 0.1926 -5.0068 -11.9391
SCALE 1 1 1
X -0.7981 -0.5775 0.1722
Y -0.5918 0.6973 -0.4043
Z 0.1134 -0.4246 -0.8983

PART 47
OFFSET 0.8719 -4.9767 -10.8966
SCALE 1 1 1
X -0.7981 -0.5775 0.1722
Y -0.5918 0.6973 -0.4043
Z 0.1134 -0.4246 -0.8983

PART 48
OFFSET 1.9735 -6.1573 -10.3513
SCALE 1 1 1
X -0.7981 -0.5775 0.1722
Y -0.5918 0.6973 -0.4043
Z 0.1134 -0.4246 -0.8983

PART 49
OFFSET 2.3911 -5.2692 -12.1253
SCALE 1 1 1
X -0.7901 -0.2609 0.5546
Y -0.5986 0.1339 -0.7898
Z 0.1318 -0.9560 -0.2620

PART 50
OFFSET 3.2701 -4.8885 -11.5051
SCALE 1 1 1
X -0.5816 -0.8125 0.0399
Y -0.2365 0.1219 -0.9640
Z 0.7784 -0.5700 -0.2630

PART 51
OFFSET 4.5054 -3.1156 -11.4803
SCALE 1 1 1
X -0.6206 -0.6930 0.3668
Y -0.2576 -0.2615 -0.9302
Z 0.7406 -0.6718 -0.0162

PART 52
OFFSET 5.4090 -1.9372 -12.1261
SCALE 1 1 1
X -0.2675 -0.5265 0.8070
Y -0.5416 -0.6106 -0.5778
Z 0.7969 -0.5917 -0.1218

PART 53
OFFSET 5.6710 -1.3304 -12.9834
SCALE 1 1 1
X -0.8210 -0.1344 0.5549
Y -0.2888 0.9361 -0.2006
Z -0.4925 -0.3249 -0.8073

PART 54
OFFSET 2.3922 -4.7119 -13.3874
SCALE 1 1 1
X -0.3005 -0.3314 0.8944
Y 0.2008 -0.9387 -0.2804
Z 0.9324 0.0953 0.3486

PART 55
OFFSET 3.1785 -3.8383 -15.3117
SCALE 1 1 1
X 0.0188 -0.9617 0.2735
Y 0.0176 -0.2732 -0.9618
Z 0.9997 0.0230 0.0118

PART 56
OFFSET 3.1518 -2.4767 -15.6989
SCALE 1 1 1
X 0.0222 -0.6956 -0.7181
Y 0.0477 0.7182 -0.6942
Z 0.9986 -0.0188 0.0491

PART 57
OFFSET 3.1322 -1.8600 -15.0622
SCALE 1 1 1
X 0.0206 -0.3394 -0.9404
Y -0.0302 0.9400 -0.3399
Z 0.9993 0.0354 0.0091

PART 58
OFFSET 3.1126 -1.5376 -14.1688
SCALE 1 1 1
X -0.1413 -0.3356 0.9313
Y 0.0902 0.9325 0.3497
Z -0.9858 0.1335 -0.1015

PART 59
OFFSET 2.9822 -4.8770 -13.0210
SCALE 1 1 1
X -0.5673 -0.2951 0.7688
Y 0.1741 -0.9555 -0.2384
Z 0.8049 -0.0014 0.5934

PART 60
OFFSET 4.3388 -4.1318 -15.1098
SCALE 1 1 1
X -0.0087 -0.9990 0.0442
Y 0.1507 -0.0450 -0.9876
Z 0.9885 -0.0019 0.1509

PART 61
OFFSET 4.3536 -2.4311 -15.1851
SCALE 1 1 1
X 0.1293 -0.4635 -0.8766
Y 0.0989 0.8856 -0.4537
Z 0.9867 -0.0280 0.1603

PART 62
OFFSET 4.1744 -1.7886 -13.9702
SCALE 1 1 1
X 0.1665 0.2774 -0.9462
Y -0.0219 0.9604 0.2777
Z 0.9858 -0.0255 0.1660

PART 63
OFFSET 3.9938 -2.0894 -12.9440
SCALE 1 1 1
X -0.0754 -0.7771 0.6248
Y -0.1557 0.6281 0.7624
Z -0.9849 -0.0398 -0.1684

PART 64
OFFSET -0.3206 -6.9806 -9.2895
SCALE 1 1 1
X -0.5910 -0.5372 0.6018
Y -0.3789 0.8435 0.3808
Z -0.7121 -0.0030 -0.7021

PART 65
OFFSET 5.9704 -4.7090 -13.7881
SCALE 1 1 1
X -0.7202 -0.2117 0.6606
Y 0.1389 -0.9770 -0.1616
Z 0.6797 -0.0247 0.7331

PART 66
OFFSET 7.2385 -4.3364 -14.9513
SCALE 1 1 1
X -0.5405 -0.6612 0.5203
Y 0.5029 -0.7497 -0.4302
Z 0.6745 0.0291 0.7377

PART 67
OFFSET 7.9366 -3.5308 -15.5390
SCALE 1 1 1
X -0.1856 -0.9758 0.1155
Y 0.7412 -0.2162 -0.6356
Z 0.6452 -0.0323 0.7634

PART 68
OFFSET 8.1462 -2.4286 -15.6695
SCALE 1 1 1
X -0.4272 0.5037 0.7508
Y 0.3107 0.8616 -0.4013
Z -0.8491 0.0618 -0.5246

PART 69
OFFSET 5.2131 -4.4201 -14.5388
SCALE 1 1 1
X -0.4592 -0.8233 0.3336
Y 0.5691 -0.5610 -0.6012
Z 0.6821 -0.0862 0.7262

PART 70
OFFSET 6.1102 -2.8117 -15.1904
SCALE 1 1 1
X 0.4689 -0.7012 -0.5371
Y 0.5264 0.7101 -0.4676
Z 0.7093 -0.0635 0.7020

PART 71
OFFSET 5.4254 -1.7874 -14.4059
SCALE 1 1 1
X 0.6702 -0.2340 -0.7044
Y 0.1669 0.9722 -0.1642
Z 0.7232 -0.0075 0.6906

PART 72
OFFSET 4.6613 -1.5217 -13.6132
SCALE 1 1 1
X -0.6667 -0.4411 0.6008
Y -0.2489 0.8916 0.3783
Z -0.7025 0.1027 -0.7042

PART 73
OFFSET 0.1926 -5.0068 -11.9391
SCALE 1 1 1
X -0.7981 -0.5775 0.1722
Y -0.5918 0.6973 -0.4043
Z 0.1134 -0.4246 -0.8983

PART 74
OFFSET 0.8719 -4.9767 -10.8966
SCALE 1 1 1
X -0.7981 -0.5775 0.1722
Y -0.5918 0.6973 -0.4043
Z 0.1134 -0.4246 -0.8983

PART 75
OFFSET 1.9735 -6.1573 -10.3513
SCALE 1 1 1
X -0.7981 -0.5775 0.1722
Y -0.5918 0.6973 -0.4043
Z 0.1134 -0.4246 -0.8983

PART 76
OFFSET 0.0000 0.0000 0.0000
SCALE 1 1 1
X 1.0000 0.0000 0.0000
Y 0.0000 1.0000 0.0000
Z 0.0000 0.0000 1.0000

PART 77
OFFSET 0.0000 0.0000 0.0000
SCALE 1 1 1
X 1.0000 0.0000 -0.0003
Y 0.0000 1.0000 0.0000
Z 0.0003 0.0000 1.0000

PART 78
OFFSET 1.5416 0.0000 4.1353
SCALE 1 1 1
X 1.0000 0.0000 -0.0003
Y 0.0000 1.0000 0.0000
Z 0.0003 0.0000 1.0000

PART 79
OFFSET 14.2325 -2.7536 -15.8353
SCALE 1 1 1
X 0.9239 -0.0000 -0.3826
Y -0.0001 1.0000 -0.0002
Z 0.3826 0.0002 0.9239

PART 80
OFFSET 11.4092 -3.3621 -17.9604
SCALE 1 1 1
X 0.1747 -0.8581 0.4829
Y 0.9394 -0.0016 -0.3427
Z 0.2949 0.5135 0.8058

PART 81
OFFSET 14.4018 -4.5637 -14.7126
SCALE 1 1 1
X 0.9315 -0.0000 -0.3637
Y -0.0001 1.0000 -0.0002
Z 0.3637 0.0002 0.9315

PART 82
OFFSET 40.5470 -2.7535 -25.0881
SCALE 1 1 1
X 0.9239 -0.0000 -0.3826
Y -0.0001 1.0000 -0.0002
Z 0.3826 0.0002 0.9239

PART 83
OFFSET 12.1947 -2.8042 -14.6961
SCALE 1 1 1
X 0.9254 -0.0648 -0.3734
Y 0.0704 0.9975 0.0013
Z 0.3724 -0.0275 0.9277

PART 84
OFFSET 12.4352 -2.7912 -14.7530
SCALE 1 1 1
X 0.9239 -0.0000 -0.3826
Y -0.0001 1.0000 -0.0002
Z 0.3826 0.0002 0.9239

PART 85
OFFSET 9.1854 -2.7414 -11.8924
SCALE 1 1 1
X 0.9239 -0.0000 -0.3826
Y -0.0001 1.0000 -0.0002
Z 0.3826 0.0002 0.9239

PART 86
OFFSET 36.1642 -2.7537 -24.5913
SCALE 1 1 1
X 0.9315 -0.0000 -0.3637
Y -0.0001 1.0000 -0.0002
Z 0.3637 0.0002 0.9315

PART 87
OFFSET 48.8557 -2.7535 -28.3367
SCALE 1 1 1
X 0.9315 -0.0000 -0.3637
Y -0.0001 1.0000 -0.0002
Z 0.3637 0.0002 0.9315

PART 88
OFFSET 49.1687 -2.7535 -28.4738
SCALE 1 1 1
X 0.9315 -0.0000 -0.3637
Y -0.0001 1.0000 -0.0002
Z 0.3637 0.0002 0.9315

PART 89
OFFSET 10.6952 -1.4335 -13.4564
SCALE 1 1 1
X 0.9239 -0.0000 -0.3826
Y -0.0001 1.0000 -0.0002
Z 0.3826 0.0002 0.9239

PART 90
OFFSET 19.7497 -3.1633 -17.2061
SCALE 1 1 1
X 0.9239 -0.0000 -0.3826
Y -0.0001 1.0000 -0.0002
Z 0.3826 0.0002 0.9239

PART 91
OFFSET 42.0665 -2.7535 -25.5671
SCALE 1 1 1
X 0.9315 -0.0000 -0.3637
Y -0.0001 1.0000 -0.0002
Z 0.3637 0.0002 0.9315


FRAME 914
PART 0
OFFSET 10.7491 -2.4893 -23.0060
SCALE 1 1 1
X 0.3890 -0.8862 -0.2518
Y 0.3169 -0.1279 0.9398
Z -0.8650 -0.4454 0.2310

PART 1
OFFSET 10.7491 -2.4893 -23.0060
SCALE 1 1 1
X 0.3890 -0.8862 -0.2518
Y 0.3169 -0.1279 0.9398
Z -0.8650 -0.4454 0.2310

PART 2
OFFSET 2.9304 -4.8777 -12.2491
SCALE 1 1 1
X -0.5775 -0.2949 0.7613
Y 0.1774 -0.9555 -0.2356
Z 0.7969 -0.0010 0.6041

PART 3
OFFSET 2.9304 -4.8777 -12.2491
SCALE 1 1 1
X -0.5775 -0.2949 0.7613
Y 0.1774 -0.9555 -0.2356
Z 0.7969 -0.0010 0.6041

PART 4
OFFSET 6.2061 -3.1050 -3.3894
SCALE 1 1 1
X 1.0000 0.0000 0.0000
Y 0.0000 1.0000 0.0000
Z 0.0000 -0.0000 1.0000

PART 5
OFFSET 1.6245 4.2672 -6.2573
SCALE 1 1 1
X -0.0316 -0.0087 -0.9995
Y -0.0081 -0.9999 0.0089
Z -0.9995 0.0083 0.0315

PART 6
OFFSET 1.2422 4.1624 -18.3447
SCALE 1 1 1
X 0.7859 -0.4848 -0.3838
Y 0.3401 -0.1795 0.9231
Z -0.5164 -0.8560 0.0238

PART 7
OFFSET 7.9269 0.0393 -21.6091
SCALE 1 1 1
X 0.7859 -0.4848 -0.3838
Y 0.5000 0.8635 -0.0668
Z 0.3638 -0.1394 0.9210

PART 8
OFFSET 9.7598 1.0713 -22.7980
SCALE 1 1 1
X 0.7853 -0.4813 -0.3894
Y 0.5092 0.8599 -0.0359
Z 0.3521 -0.1701 0.9204

PART 9
OFFSET 7.9199 -0.8521 -23.1401
SCALE 1 1 1
X 0.7853 -0.4813 -0.3894
Y 0.5092 0.8599 -0.0359
Z 0.3521 -0.1701 0.9204

PART 10
OFFSET 10.6763 0.1487 -21.1176
SCALE 1 1 1
X 0.7853 -0.4813 -0.3894
Y 0.5092 0.8599 -0.0359
Z 0.3521 -0.1701 0.9204

PART 11
OFFSET 9.7515 -1.2424 -20.9948
SCALE 1 1 1
X 0.7853 -0.4813 -0.3894
Y 0.5092 0.8599 -0.0359
Z 0.3521 -0.1701 0.9204

PART 12
OFFSET 8.5741 -2.3863 -20.9681
SCALE 1 1 1
X 0.7853 -0.4813 -0.3894
Y 0.5092 0.8599 -0.0359
Z 0.3521 -0.1701 0.9204

PART 13
OFFSET 10.3364 -1.4468 -22.7858
SCALE 1 1 1
X 0.6285 -0.7041 -0.3306
Y 0.6891 0.7012 -0.1832
Z 0.3608 -0.1127 0.9258

PART 14
OFFSET 11.4322 -1.1331 -22.7312
SCALE 1 1 1
X 0.9784 0.2052 -0.0251
Y -0.2016 0.9205 -0.3347
Z -0.0456 0.3325 0.9420

PART 15
OFFSET 13.5209 -0.5799 -22.7663
SCALE 1 1 1
X 0.9894 -0.1009 -0.1047
Y 0.0867 0.9874 -0.1323
Z 0.1168 0.1218 0.9857

PART 16
OFFSET 15.1260 -0.7881 -22.8171
SCALE 1 1 1
X 0.9799 -0.1944 0.0456
Y 0.1996 0.9612 -0.1902
Z -0.0069 0.1955 0.9807

PART 17
OFFSET 16.1887 -0.9730 -22.7261
SCALE 1 1 1
X 0.7689 -0.0710 -0.6355
Y -0.6203 -0.3239 -0.7143
Z -0.1551 0.9434 -0.2931

PART 18
OFFSET 10.2033 -2.8161 -22.6822
SCALE 1 1 1
X 0.1362 -0.9820 -0.1308
Y 0.3000 -0.0849 0.9501
Z -0.9442 -0.1686 0.2831

PART 19
OFFSET 10.6836 -5.0084 -22.9008
SCALE 1 1 1
X 0.3265 -0.9215 -0.2103
Y 0.3401 -0.0930 0.9358
Z -0.8819 -0.3771 0.2830

PART 20
OFFSET 11.1458 -6.3131 -23.1985
SCALE 1 1 1
X 0.4813 -0.8282 0.2872
Y 0.0855 0.3705 0.9249
Z -0.8724 -0.4206 0.2491

PART 21
OFFSET 11.5726 -7.0473 -22.9438
SCALE 1 1 1
X 0.4935 -0.7230 0.4834
Y 0.0352 0.5719 0.8196
Z -0.8690 -0.3875 0.3077

PART 22
OFFSET 12.0414 -7.7342 -22.4846
SCALE 1 1 1
X -0.2739 0.2500 -0.9287
Y -0.4009 0.8481 0.3465
Z 0.8742 0.4672 -0.1320

PART 23
OFFSET 10.7491 -2.4893 -23.0060
SCALE 1 1 1
X 0.3890 -0.8862 -0.2518
Y 0.3169 -0.1279 0.9398
Z -0.8650 -0.4454 0.2310

PART 24
OFFSET 11.6232 -4.8525 -23.6459
SCALE 1 1 1
X 0.3980 -0.9020 -0.1676
Y 0.3161 -0.0367 0.9480
Z -0.8612 -0.4303 0.2705

PART 25
OFFSET 12.3008 -6.3881 -23.9313
SCALE 1 1 1
X 0.5213 -0.7655 0.3771
Y 0.0264 0.4561 0.8895
Z -0.8530 -0.4538 0.2580

PART 26
OFFSET 13.0232 -7.4490 -23.4086
SCALE 1 1 1
X 0.5131 -0.6816 0.5217
Y -0.0603 0.5776 0.8141
Z -0.8562 -0.4492 0.2552

PART 27
OFFSET 13.5797 -8.1883 -22.8428
SCALE 1 1 1
X -0.4280 0.2064 -0.8799
Y -0.3066 0.8826 0.3562
Z 0.8502 0.4223 -0.3145

PART 28
OFFSET 13.5613 -2.5643 -23.5997
SCALE 1 1 1
X 0.5584 -0.8294 -0.0182
Y -0.1354 -0.0695 -0.9884
Z 0.8184 0.5544 -0.1511

PART 29
OFFSET 13.1709 -3.6195 -24.5563
SCALE 1 1 1
X 0.7600 -0.6302 -0.1590
Y 0.2046 -0.0002 0.9788
Z -0.6169 -0.7764 0.1288

PART 30
OFFSET 14.5090 -4.7290 -24.8363
SCALE 1 1 1
X 0.7593 -0.6342 -0.1458
Y 0.1611 -0.0339 0.9864
Z -0.6305 -0.7724 0.0765

PART 31
OFFSET 15.4703 -5.4531 -25.0181
SCALE 1 1 1
X 0.7677 -0.5701 -0.2926
Y 0.2876 -0.1014 0.9524
Z -0.5726 -0.8153 0.0861

PART 32
OFFSET 16.3375 -6.0971 -25.3486
SCALE 1 1 1
X -0.6706 0.0478 -0.7403
Y -0.5628 0.6173 0.5497
Z 0.4833 0.7852 -0.3871

PART 33
OFFSET 12.4211 -4.3253 -24.1562
SCALE 1 1 1
X 0.6556 -0.7428 -0.1355
Y 0.2317 0.0271 0.9724
Z -0.7186 -0.6690 0.1899

PART 34
OFFSET 13.7019 -5.7764 -24.4209
SCALE 1 1 1
X 0.6702 -0.6717 0.3156
Y -0.0594 0.3754 0.9250
Z -0.7398 -0.6387 0.2118

PART 35
OFFSET 14.6809 -6.7574 -23.9599
SCALE 1 1 1
X 0.6433 -0.6349 0.4278
Y -0.0970 0.4866 0.8682
Z -0.7594 -0.6001 0.2515

PART 36
OFFSET 15.4043 -7.4811 -23.4742
SCALE 1 1 1
X -0.3828 0.2144 -0.8986
Y -0.5436 0.7342 0.4067
Z 0.7469 0.6442 -0.1645

PART 37
OFFSET 9.7598 1.0713 -22.7980
SCALE 1 1 1
X 0.7853 -0.4813 -0.3894
Y 0.5092 0.8599 -0.0359
Z 0.3521 -0.1701 0.9204

PART 38
OFFSET 7.9199 -0.8521 -23.1401
SCALE 1 1 1
X 0.7853 -0.4813 -0.3894
Y 0.5092 0.8599 -0.0359
Z 0.3521 -0.1701 0.9204

PART 39
OFFSET 10.6763 0.1487 -21.1176
SCALE 1 1 1
X 0.7853 -0.4813 -0.3894
Y 0.5092 0.8599 -0.0359
Z 0.3521 -0.1701 0.9204

PART 40
OFFSET 9.7515 -1.2424 -20.9948
SCALE 1 1 1
X 0.7853 -0.4813 -0.3894
Y 0.5092 0.8599 -0.0359
Z 0.3521 -0.1701 0.9204

PART 41
OFFSET 8.5741 -2.3863 -20.9681
SCALE 1 1 1
X 0.7853 -0.4813 -0.3894
Y 0.5092 0.8599 -0.0359
Z 0.3521 -0.1701 0.9204

PART 42
OFFSET 14.2169 -2.7537 -14.9134
SCALE 1 1 1
X 0.9289 -0.0000 -0.3702
Y -0.0002 1.0000 -0.0006
Z 0.3702 0.0007 0.9289

PART 43
OFFSET -2.1097 -3.5648 -2.9073
SCALE 1 1 1
X 0.3836 0.7216 0.5763
Y 0.1482 -0.6641 0.7328
Z 0.9115 -0.1957 -0.3617

PART 44
OFFSET -6.7488 -12.2917 -9.8774
SCALE 1 1 1
X -0.7844 -0.6069 0.1282
Y 0.1847 -0.4259 -0.8857
Z 0.5921 -0.6711 0.4461

PART 45
OFFSET -0.0772 -7.1301 -10.9680
SCALE 1 1 1
X -0.7844 -0.6069 0.1282
Y -0.2902 0.1764 -0.9406
Z 0.5482 -0.7750 -0.3145

PART 46
OFFSET 0.1105 -5.0724 -11.2942
SCALE 1 1 1
X -0.7871 -0.6025 0.1323
Y -0.5925 0.6789 -0.4337
Z 0.1715 -0.4198 -0.8913

PART 47
OFFSET 0.7384 -5.0262 -10.2194
SCALE 1 1 1
X -0.7871 -0.6025 0.1323
Y -0.5925 0.6789 -0.4337
Z 0.1715 -0.4198 -0.8913

PART 48
OFFSET 1.8581 -6.1841 -9.6137
SCALE 1 1 1
X -0.7871 -0.6025 0.1323
Y -0.5925 0.6789 -0.4337
Z 0.1715 -0.4198 -0.8913

PART 49
OFFSET 2.3275 -5.2696 -11.3611
SCALE 1 1 1
X -0.7975 -0.2607 0.5441
Y -0.5880 0.1335 -0.7978
Z 0.1354 -0.9561 -0.2597

PART 50
OFFSET 3.1980 -4.8885 -10.7294
SCALE 1 1 1
X -0.5828 -0.8120 0.0310
Y -0.2203 0.1212 -0.9679
Z 0.7822 -0.5709 -0.2495

PART 51
OFFSET 4.4341 -3.1165 -10.6858
SCALE 1 1 1
X -0.6282 -0.6933 0.3532
Y -0.2397 -0.2593 -0.9356
Z 0.7402 -0.6724 -0.0033

PART 52
OFFSET 5.3510 -1.9375 -11.3114
SCALE 1 1 1
X -0.2827 -0.5270 0.8015
Y -0.5312 -0.6097 -0.5883
Z 0.7987 -0.5920 -0.1076

PART 53
OFFSET 5.6291 -1.3301 -12.1632
SCALE 1 1 1
X -0.8312 -0.1344 0.5395
Y -0.2845 0.9365 -0.2050
Z -0.4777 -0.3239 -0.8166

PART 54
OFFSET 2.3453 -4.7128 -12.6233
SCALE 1 1 1
X -0.3124 -0.3310 0.8904
Y 0.2047 -0.9388 -0.2772
Z 0.9277 0.0956 0.3610

PART 55
OFFSET 3.1571 -3.8400 -14.5374
SCALE 1 1 1
X 0.0153 -0.9616 0.2742
Y 0.0306 -0.2736 -0.9614
Z 0.9994 0.0231 0.0252

PART 56
OFFSET 3.1354 -2.4787 -14.9255
SCALE 1 1 1
X 0.0319 -0.6959 -0.7174
Y 0.0568 0.7179 -0.6939
Z 0.9979 -0.0187 0.0624

PART 57
OFFSET 3.1072 -1.8616 -14.2895
SCALE 1 1 1
X 0.0332 -0.3398 -0.9399
Y -0.0258 0.9398 -0.3407
Z 0.9991 0.0355 0.0225

PART 58
OFFSET 3.0756 -1.5388 -13.3965
SCALE 1 1 1
X -0.1537 -0.3352 0.9295
Y 0.0854 0.9327 0.3505
Z -0.9844 0.1333 -0.1147

PART 59
OFFSET 2.9304 -4.8777 -12.2491
SCALE 1 1 1
X -0.5775 -0.2949 0.7613
Y 0.1774 -0.9555 -0.2356
Z 0.7969 -0.0010 0.6041

PART 60
OFFSET 4.3147 -4.1333 -14.3198
SCALE 1 1 1
X -0.0091 -0.9990 0.0446
Y 0.1639 -0.0455 -0.9854
Z 0.9864 -0.0016 0.1641

PART 61
OFFSET 4.3302 -2.4325 -14.3957
SCALE 1 1 1
X 0.1411 -0.4639 -0.8746
Y 0.1048 0.8854 -0.4528
Z 0.9844 -0.0278 0.1735

PART 62
OFFSET 4.1347 -1.7896 -13.1836
SCALE 1 1 1
X 0.1791 0.2770 -0.9440
Y -0.0258 0.9605 0.2769
Z 0.9835 -0.0253 0.1792

PART 63
OFFSET 3.9404 -2.0900 -12.1597
SCALE 1 1 1
X -0.0837 -0.7769 0.6241
Y -0.1660 0.6284 0.7600
Z -0.9826 -0.0400 -0.1816

PART 64
OFFSET -0.4217 -6.9802 -8.5611
SCALE 1 1 1
X -0.5989 -0.5370 0.5940
Y -0.3841 0.8436 0.3753
Z -0.7026 -0.0034 -0.7115

PART 65
OFFSET 5.9286 -4.7096 -12.9762
SCALE 1 1 1
X -0.7290 -0.2115 0.6510
Y 0.1412 -0.9771 -0.1593
Z 0.6698 -0.0242 0.7421

PART 66
OFFSET 7.2120 -4.3373 -14.1224
SCALE 1 1 1
X -0.5473 -0.6610 0.5133
Y 0.5087 -0.7498 -0.4231
Z 0.6645 0.0295 0.7467

PART 67
OFFSET 7.9178 -3.5319 -14.7011
SCALE 1 1 1
X -0.1869 -0.9758 0.1135
Y 0.7496 -0.2164 -0.6255
Z 0.6349 -0.0318 0.7719

PART 68
OFFSET 8.1289 -2.4297 -14.8293
SCALE 1 1 1
X -0.4373 0.5040 0.7448
Y 0.3159 0.8615 -0.3975
Z -0.8420 0.0614 -0.5359

PART 69
OFFSET 5.1813 -4.4211 -13.7370
SCALE 1 1 1
X -0.4635 -0.8232 0.3278
Y 0.5772 -0.5612 -0.5932
Z 0.6723 -0.0858 0.7353

PART 70
OFFSET 6.0868 -2.8129 -14.3773
SCALE 1 1 1
X 0.4761 -0.7014 -0.5305
Y 0.5325 0.7100 -0.4608
Z 0.6998 -0.0630 0.7115

PART 71
OFFSET 5.3914 -1.7884 -13.6026
SCALE 1 1 1
X 0.6796 -0.2342 -0.6952
Y 0.1689 0.9722 -0.1624
Z 0.7139 -0.0071 0.7002

PART 72
OFFSET 4.6168 -1.5224 -12.8202
SCALE 1 1 1
X -0.6746 -0.4409 0.5920
Y -0.2541 0.8917 0.3745
Z -0.6931 0.1022 -0.7136

PART 73
OFFSET 0.1105 -5.0724 -11.2942
SCALE 1 1 1
X -0.7871 -0.6025 0.1323
Y -0.5925 0.6789 -0.4337
Z 0.1715 -0.4198 -0.8913

PART 74
OFFSET 0.7384 -5.0262 -10.2194
SCALE 1 1 1
X -0.7871 -0.6025 0.1323
Y -0.5925 0.6789 -0.4337
Z 0.1715 -0.4198 -0.8913

PART 75
OFFSET 1.8581 -6.1841 -9.6137
SCALE 1 1 1
X -0.7871 -0.6025 0.1323
Y -0.5925 0.6789 -0.4337
Z 0.1715 -0.4198 -0.8913

PART 76
OFFSET 0.0000 0.0000 0.0000
SCALE 1 1 1
X 1.0000 0.0000 0.0000
Y 0.0000 1.0000 0.0000
Z 0.0000 0.0000 1.0000

PART 77
OFFSET 0.0000 0.0000 0.0000
SCALE 1 1 1
X 1.0000 0.0000 -0.0010
Y 0.0000 1.0000 0.0000
Z 0.0010 0.0000 1.0000

PART 78
OFFSET 1.5445 0.0000 4.1342
SCALE 1 1 1
X 1.0000 0.0000 -0.0010
Y 0.0000 1.0000 0.0000
Z 0.0010 0.0000 1.0000

PART 79
OFFSET 14.2169 -2.7537 -14.9134
SCALE 1 1 1
X 0.9289 -0.0000 -0.3702
Y -0.0002 1.0000 -0.0006
Z 0.3702 0.0007 0.9289

PART 80
OFFSET 11.4225 -3.3637 -17.0758
SCALE 1 1 1
X 0.1684 -0.8578 0.4856
Y 0.9439 -0.0016 -0.3301
Z 0.2840 0.5140 0.8094

PART 81
OFFSET 14.3715 -4.5633 -13.7876
SCALE 1 1 1
X 0.9363 -0.0000 -0.3512
Y -0.0002 1.0000 -0.0006
Z 0.3512 0.0007 0.9363

PART 82
OFFSET 40.6530 -2.7535 -23.8132
SCALE 1 1 1
X 0.9289 -0.0000 -0.3702
Y -0.0002 1.0000 -0.0006
Z 0.3702 0.0007 0.9289

PART 83
OFFSET 12.1659 -2.8043 -13.8013
SCALE 1 1 1
X 0.9304 -0.0649 -0.3609
Y 0.0703 0.9975 0.0019
Z 0.3599 -0.0271 0.9326

PART 84
OFFSET 12.4053 -2.7911 -13.8552
SCALE 1 1 1
X 0.9289 -0.0000 -0.3702
Y -0.0002 1.0000 -0.0006
Z 0.3702 0.0007 0.9289

PART 85
OFFSET 9.1176 -2.7405 -11.0384
SCALE 1 1 1
X 0.9289 -0.0000 -0.3702
Y -0.0002 1.0000 -0.0006
Z 0.3702 0.0007 0.9289

PART 86
OFFSET 36.2639 -2.7542 -23.3751
SCALE 1 1 1
X 0.9363 -0.0000 -0.3512
Y -0.0002 1.0000 -0.0006
Z 0.3512 0.0007 0.9363

PART 87
OFFSET 49.0044 -2.7537 -26.9504
SCALE 1 1 1
X 0.9363 -0.0000 -0.3512
Y -0.0002 1.0000 -0.0006
Z 0.3512 0.0007 0.9363

PART 88
OFFSET 49.3191 -2.7537 -27.0832
SCALE 1 1 1
X 0.9363 -0.0000 -0.3512
Y -0.0002 1.0000 -0.0006
Z 0.3512 0.0007 0.9363

PART 89
OFFSET 10.6479 -1.4331 -12.5826
SCALE 1 1 1
X 0.9289 -0.0000 -0.3702
Y -0.0002 1.0000 -0.0006
Z 0.3702 0.0007 0.9289

PART 90
OFFSET 19.7521 -3.1632 -16.2101
SCALE 1 1 1
X 0.9289 -0.0000 -0.3702
Y -0.0002 1.0000 -0.0006
Z 0.3702 0.0007 0.9289

PART 91
OFFSET 42.1787 -2.7535 -24.2718
SCALE 1 1 1
X 0.9363 -0.0000 -0.3512
Y -0.0002 1.0000 -0.0006
Z 0.3512 0.0007 0.9363


FRAME 915
PART 0
OFFSET 11.1506 -2.3579 -21.9580
SCALE 1 1 1
X 0.3927 -0.8860 -0.2466
Y 0.2940 -0.1331 0.9465
Z -0.8714 -0.4442 0.2082

PART 1
OFFSET 11.1506 -2.3579 -21.9580
SCALE 1 1 1
X 0.3927 -0.8860 -0.2466
Y 0.2940 -0.1331 0.9465
Z -0.8714 -0.4442 0.2082

PART 2
OFFSET 2.8529 -4.8787 -11.1277
SCALE 1 1 1
X -0.5936 -0.2945 0.7489
Y 0.1826 -0.9556 -0.2311
Z 0.7838 -0.0004 0.6211

PART 3
OFFSET 2.8529 -4.8787 -11.1277
SCALE 1 1 1
X -0.5936 -0.2945 0.7489
Y 0.1826 -0.9556 -0.2311
Z 0.7838 -0.0004 0.6211

PART 4
OFFSET 6.2061 -3.1050 -3.3894
SCALE 1 1 1
X 1.0000 0.0000 0.0000
Y 0.0000 1.0000 0.0000
Z 0.0000 -0.0000 1.0000

PART 5
OFFSET 1.6245 4.2672 -6.2573
SCALE 1 1 1
X -0.0332 0.0051 -0.9994
Y 0.0028 -1.0000 -0.0052
Z -0.9994 -0.0030 0.0331

PART 6
OFFSET 1.2234 4.3295 -18.3444
SCALE 1 1 1
X 0.8220 -0.4878 -0.2938
Y 0.2592 -0.1388 0.9558
Z -0.5070 -0.8618 0.0124

PART 7
OFFSET 8.2151 0.1802 -20.8430
SCALE 1 1 1
X 0.8220 -0.4878 -0.2938
Y 0.4964 0.8666 -0.0501
Z 0.2790 -0.1047 0.9546

PART 8
OFFSET 10.1343 1.1918 -21.9066
SCALE 1 1 1
X 0.8218 -0.4846 -0.2995
Y 0.5009 0.8651 -0.0253
Z 0.2714 -0.1292 0.9538

PART 9
OFFSET 8.3529 -0.7697 -22.3320
SCALE 1 1 1
X 0.8218 -0.4846 -0.2995
Y 0.5009 0.8651 -0.0253
Z 0.2714 -0.1292 0.9538

PART 10
OFFSET 10.9089 0.3482 -20.1169
SCALE 1 1 1
X 0.8218 -0.4846 -0.2995
Y 0.5009 0.8651 -0.0253
Z 0.2714 -0.1292 0.9538

PART 11
OFFSET 9.9923 -1.0503 -20.0204
SCALE 1 1 1
X 0.8218 -0.4846 -0.2995
Y 0.5009 0.8651 -0.0253
Z 0.2714 -0.1292 0.9538

PART 12
OFFSET 8.8297 -2.2092 -20.0517
SCALE 1 1 1
X 0.8218 -0.4846 -0.2995
Y 0.5009 0.8651 -0.0253
Z 0.2714 -0.1292 0.9538

PART 13
OFFSET 10.7351 -1.3153 -21.7436
SCALE 1 1 1
X 0.6347 -0.7043 -0.3181
Y 0.6949 0.7002 -0.1636
Z 0.3380 -0.1172 0.9338

PART 14
OFFSET 11.8300 -1.0045 -21.6612
SCALE 1 1 1
X 0.9764 0.2159 -0.0020
Y -0.2030 0.9144 -0.3501
Z -0.0738 0.3423 0.9367

PART 15
OFFSET 13.9127 -0.4282 -21.6484
SCALE 1 1 1
X 0.9923 -0.0975 -0.0770
Y 0.0859 0.9862 -0.1416
Z 0.0897 0.1338 0.9869

PART 16
OFFSET 15.5194 -0.6295 -21.6537
SCALE 1 1 1
X 0.9796 -0.1870 0.0737
Y 0.1981 0.9603 -0.1964
Z -0.0341 0.2069 0.9778

PART 17
OFFSET 16.5806 -0.8059 -21.5326
SCALE 1 1 1
X 0.7858 -0.0731 -0.6141
Y -0.5991 -0.3366 -0.7265
Z -0.1536 0.9388 -0.3083

PART 18
OFFSET 10.5964 -2.6847 -21.6489
SCALE 1 1 1
X 0.1379 -0.9821 -0.1284
Y 0.2763 -0.0863 0.9572
Z -0.9511 -0.1674 0.2594

PART 19
OFFSET 11.0786 -4.8775 -21.8577
SCALE 1 1 1
X 0.3149 -0.9150 -0.2523
Y 0.3425 -0.1383 0.9293
Z -0.8852 -0.3790 0.2699

PART 20
OFFSET 11.5244 -6.1729 -22.2149
SCALE 1 1 1
X 0.4715 -0.8494 0.2372
Y 0.0989 0.3182 0.9429
Z -0.8763 -0.4211 0.2340

PART 21
OFFSET 11.9425 -6.9260 -22.0046
SCALE 1 1 1
X 0.4873 -0.7512 0.4452
