// Export filename: `C:\cod5\cod\cod5\xanim_export\viewmodel\US\m1garand\m1garand_melee_bayonet_hold.XANIM_EXPORT`
// Source filename: `C:\cod5\cod\cod5\animation_assets\viewmodel\US\m1_garand\viewmodelanimation_m1_garand.fbx`
// Export time: Mon Aug 27 15:36:47 2007

ANIMATION
VERSION 3

NUMPARTS 75
PART 0 "tag_camera"
PART 1 "tag_cambone"
PART 2 "J_WristTwist_LE"
PART 3 "J_Sleave_Reshape_Bottom_LE_1"
PART 4 "J_Sleave_Reshape_Bottom_LE_2"
PART 5 "J_Sleave_Reshape_Top_LE_1"
PART 6 "J_Sleave_Reshape_Top_LE_2"
PART 7 "J_Sleave_Reshape_Top_LE_3"
PART 8 "J_Thumb_LE_3"
PART 9 "J_Thumb_LE_2"
PART 10 "J_Thumb_LE_1"
PART 11 "J_Thumb_LE_0"
PART 12 "J_Pinky_LE_3"
PART 13 "J_Pinky_LE_2"
PART 14 "J_Pinky_LE_1"
PART 15 "J_Pinky_LE_0"
PART 16 "J_PinkyPalm_LE"
PART 17 "J_Ring_LE_3"
PART 18 "J_Ring_LE_2"
PART 19 "J_Ring_LE_1"
PART 20 "J_Ring_LE_0"
PART 21 "J_RingPalm_LE"
PART 22 "J_Webbing_LE"
PART 23 "Webbing_group_LE"
PART 24 "J_Index_LE_3"
PART 25 "J_Index_LE_2"
PART 26 "J_Index_LE_1"
PART 27 "J_Index_LE_0"
PART 28 "J_Mid_LE_3"
PART 29 "J_Mid_LE_2"
PART 30 "J_Mid_LE_1"
PART 31 "J_Mid_LE_0"
PART 32 "J_Wrist_LE"
PART 33 "J_Elbow_LE"
PART 34 "J_Shoulder_LE"
PART 35 "J_WristTwist_RI"
PART 36 "J_Sleave_Reshape_Top_RI_3"
PART 37 "J_Sleave_Reshape_Top_RI_2"
PART 38 "J_Sleave_Reshape_Top_RI_1"
PART 39 "J_Thumb_RI_3"
PART 40 "J_Thumb_RI_2"
PART 41 "J_Thumb_RI_1"
PART 42 "J_Thumb_RI_0"
PART 43 "J_Pinky_RI_3"
PART 44 "J_Pinky_RI_2"
PART 45 "J_Pinky_RI_1"
PART 46 "J_Pinky_RI_0"
PART 47 "J_PinkyPalm_RI"
PART 48 "J_Ring_RI_3"
PART 49 "J_Ring_RI_2"
PART 50 "J_Ring_RI_1"
PART 51 "J_Ring_RI_0"
PART 52 "J_RingPalm_RI"
PART 53 "J_Webbing_RI"
PART 54 "Webbing_group_LE1"
PART 55 "J_Index_RI_3"
PART 56 "J_Index_RI_2"
PART 57 "J_Index_RI_1"
PART 58 "J_Index_RI_0"
PART 59 "J_Mid_RI_3"
PART 60 "J_Mid_RI_2"
PART 61 "J_Mid_RI_1"
PART 62 "J_Mid_RI_0"
PART 63 "J_Wrist_RI"
PART 64 "J_Elbow_RI"
PART 65 "J_Shoulder_RI"
PART 66 "tag_torso"
PART 67 "tag_brass"
PART 68 "J_Bolt"
PART 69 "tag_flash"
PART 70 "j_stripper"
PART 71 "J_Clip"
PART 72 "joint1"
PART 73 "tag_weapon"
PART 74 "J_Gun"

FRAMERATE 30
NUMFRAMES 1

FRAME 7
PART 0
OFFSET 0.0000 1.1090 0.0000
SCALE 1 1 1
X 0.9989 -0.0000 -0.0459
Y 0.0022 0.9989 0.0472
Z 0.0458 -0.0472 0.9978

PART 1
OFFSET 0.0000 0.0000 0.0000
SCALE 1 1 1
X 1.0000 0.0000 -0.0000
Y -0.0000 1.0000 0.0000
Z 0.0000 -0.0000 1.0000

PART 2
OFFSET 13.4884 -6.0718 -10.6345
SCALE 1 1 1
X 0.8909 -0.3395 0.3018
Y -0.0839 0.5300 0.8439
Z -0.4465 -0.7771 0.4437

PART 3
OFFSET 15.2217 -6.4090 -11.5021
SCALE 1 1 1
X 0.8926 -0.3405 0.2955
Y 0.4451 0.7703 -0.4566
Z -0.0722 0.5391 0.8392

PART 4
OFFSET 14.1711 -7.6491 -11.0640
SCALE 1 1 1
X 0.8926 -0.3405 0.2955
Y 0.4451 0.7703 -0.4566
Z -0.0722 0.5391 0.8392

PART 5
OFFSET 15.4270 -5.3272 -9.1518
SCALE 1 1 1
X 0.8926 -0.3405 0.2955
Y 0.4451 0.7703 -0.4566
Z -0.0722 0.5391 0.8392

PART 6
OFFSET 14.7288 -6.2085 -8.4119
SCALE 1 1 1
X 0.8926 -0.3405 0.2955
Y 0.4451 0.7703 -0.4566
Z -0.0722 0.5391 0.8392

PART 7
OFFSET 14.1964 -7.0577 -9.0685
SCALE 1 1 1
X 0.8926 -0.3405 0.2955
Y 0.4451 0.7703 -0.4566
Z -0.0722 0.5391 0.8392

PART 8
OFFSET 20.1641 -9.6911 -7.9025
SCALE 1 1 1
X 0.9580 0.0170 -0.2863
Y -0.0155 0.9999 0.0076
Z 0.2864 -0.0029 0.9581

PART 9
OFFSET 19.5187 -9.0411 -7.3256
SCALE 1 1 1
X 0.6162 -0.5638 -0.5499
Y 0.4689 -0.2984 0.8313
Z -0.6328 -0.7701 0.0805

PART 10
OFFSET 18.1750 -8.1374 -7.3348
SCALE 1 1 1
X 0.7921 -0.5978 0.1233
Y -0.0548 0.1315 0.9898
Z -0.6079 -0.7908 0.0714

PART 11
OFFSET 17.0394 -7.2087 -8.9214
SCALE 1 1 1
X 0.5649 -0.4373 0.6997
Y -0.4496 0.5480 0.7054
Z -0.6919 -0.7131 0.1129

PART 12
OFFSET 17.0738 -10.1444 -9.9993
SCALE 1 1 1
X 0.6580 -0.6623 -0.3583
Y 0.0535 0.5158 -0.8551
Z 0.7511 0.5435 0.3748

PART 13
OFFSET 17.5634 -10.3257 -10.7930
SCALE 1 1 1
X -0.5153 0.1909 0.8355
Y -0.2302 0.9082 -0.3495
Z -0.8255 -0.3724 -0.4241

PART 14
OFFSET 17.8408 -10.0602 -11.5921
SCALE 1 1 1
X -0.3129 -0.2995 0.9013
Y -0.5344 0.8400 0.0936
Z -0.7852 -0.4523 -0.4229

PART 15
OFFSET 17.7096 -8.9182 -12.4186
SCALE 1 1 1
X 0.0926 -0.8066 0.5838
Y -0.5779 0.4339 0.6912
Z -0.8108 -0.4014 -0.4260

PART 16
OFFSET 16.5051 -7.8759 -10.8226
SCALE 1 1 1
X -0.9215 -0.1839 -0.3421
Y -0.0530 -0.8130 0.5799
Z -0.3847 0.5525 0.7394

PART 17
OFFSET 18.1524 -9.9754 -9.1774
SCALE 1 1 1
X 0.4405 -0.7566 -0.4832
Y 0.1420 0.5902 -0.7946
Z 0.8864 0.2814 0.3675

PART 18
OFFSET 18.6472 -10.2761 -10.0944
SCALE 1 1 1
X -0.4562 0.2772 0.8456
Y -0.1916 0.8974 -0.3975
Z -0.8690 -0.3434 -0.3563

PART 19
OFFSET 18.9969 -9.8906 -11.3789
SCALE 1 1 1
X -0.2523 -0.2781 0.9268
Y -0.6765 0.7355 0.0365
Z -0.6918 -0.6178 -0.3737

PART 20
OFFSET 18.7636 -8.3851 -12.1388
SCALE 1 1 1
X 0.1370 -0.8843 0.4463
Y -0.4430 0.3483 0.8261
Z -0.8860 -0.3109 -0.3440

PART 21
OFFSET 16.9973 -7.5426 -10.4274
SCALE 1 1 1
X -0.7691 -0.3065 -0.5608
Y -0.0711 -0.8310 0.5517
Z -0.6351 0.4642 0.6173

PART 22
OFFSET 19.6751 -7.6263 -9.3839
SCALE 1 1 1
X 0.7546 -0.5177 -0.4032
Y 0.2969 0.8173 -0.4938
Z 0.5852 0.2530 0.7705

PART 23
OFFSET 16.2693 -6.5394 -8.5092
SCALE 1 1 1
X 0.8981 -0.2056 -0.3887
Y 0.4393 0.3801 0.8140
Z -0.0196 -0.9018 0.4317

PART 24
OFFSET 20.4158 -9.6976 -8.7778
SCALE 1 1 1
X 0.4206 -0.8752 -0.2390
Y 0.4087 0.4180 -0.8113
Z 0.8100 0.2435 0.5335

PART 25
OFFSET 20.9731 -9.5833 -9.7536
SCALE 1 1 1
X -0.4934 -0.1011 0.8639
Y -0.5080 0.8397 -0.1918
Z -0.7060 -0.5335 -0.4657

PART 26
OFFSET 21.0003 -8.7751 -10.6634
SCALE 1 1 1
X -0.0223 -0.6640 0.7474
Y -0.7288 0.5225 0.4424
Z -0.6843 -0.5349 -0.4956

PART 27
OFFSET 20.0577 -7.2919 -10.7705
SCALE 1 1 1
X 0.5354 -0.8424 0.0609
Y -0.4281 -0.2085 0.8793
Z -0.7281 -0.4968 -0.4723

PART 28
OFFSET 19.1108 -9.5524 -8.8317
SCALE 1 1 1
X 0.5095 -0.8439 -0.1682
Y 0.2424 0.3283 -0.9130
Z 0.8256 0.4244 0.3718

PART 29
OFFSET 19.7343 -10.0442 -9.6393
SCALE 1 1 1
X -0.5453 0.4368 0.7154
Y -0.0594 0.8312 -0.5528
Z -0.8361 -0.3439 -0.4273

PART 30
OFFSET 20.1553 -9.5857 -10.9607
SCALE 1 1 1
X -0.2882 -0.3139 0.9047
Y -0.9079 0.3900 -0.1539
Z -0.3045 -0.8657 -0.3973

PART 31
OFFSET 19.4818 -7.8441 -11.5347
SCALE 1 1 1
X 0.3448 -0.8915 0.2938
Y -0.4836 0.0996 0.8696
Z -0.8045 -0.4419 -0.3968

PART 32
OFFSET 16.2195 -7.1127 -9.7093
SCALE 1 1 1
X 0.8981 -0.2056 -0.3887
Y 0.4393 0.3801 0.8140
Z -0.0196 -0.9018 0.4317

PART 33
OFFSET 5.9111 -3.1840 -13.2014
SCALE 1 1 1
X 0.8909 -0.3395 0.3018
Y -0.0839 0.5300 0.8439
Z -0.4465 -0.7771 0.4437

PART 34
OFFSET -2.0574 0.2718 -4.7858
SCALE 1 1 1
X 0.6589 -0.2858 -0.6959
Y 0.0201 -0.9180 0.3960
Z -0.7520 -0.2750 -0.5991

PART 35
OFFSET -1.1334 -12.8461 -15.2835
SCALE 1 1 1
X -0.9575 -0.2720 -0.0964
Y 0.0740 0.0912 -0.9931
Z 0.2789 -0.9580 -0.0672

PART 36
OFFSET -0.1304 -11.4257 -14.3335
SCALE 1 1 1
X -0.9587 -0.2699 -0.0902
Y -0.2772 0.9573 0.0818
Z 0.0643 0.1034 -0.9926

PART 37
OFFSET 0.3353 -11.9895 -13.3843
SCALE 1 1 1
X -0.9587 -0.2699 -0.0902
Y -0.2772 0.9573 0.0818
Z 0.0643 0.1034 -0.9926

PART 38
OFFSET 0.8162 -13.2120 -13.6784
SCALE 1 1 1
X -0.9587 -0.2699 -0.0902
Y -0.2772 0.9573 0.0818
Z 0.0643 0.1034 -0.9926

PART 39
OFFSET 5.3194 -8.6076 -13.0497
SCALE 1 1 1
X -0.9799 -0.0689 0.1874
Y -0.0444 0.9902 0.1322
Z -0.1946 0.1212 -0.9734

PART 40
OFFSET 4.6632 -9.3630 -12.6366
SCALE 1 1 1
X -0.6298 -0.6650 0.4014
Y -0.3700 -0.1976 -0.9078
Z 0.6830 -0.7203 -0.1216

PART 41
OFFSET 3.4048 -10.3814 -12.6743
SCALE 1 1 1
X -0.8190 -0.5711 -0.0558
Y 0.0098 0.0833 -0.9965
Z 0.5737 -0.8166 -0.0626

PART 42
OFFSET 2.1620 -11.5285 -14.0194
SCALE 1 1 1
X -0.6077 -0.5405 -0.5819
Y 0.2709 0.5477 -0.7916
Z 0.7466 -0.6387 -0.1864

PART 43
OFFSET 2.0611 -8.8495 -16.1508
SCALE 1 1 1
X -0.8064 -0.5691 -0.1608
Y -0.5541 0.6318 0.5421
Z -0.2069 0.5262 -0.8248

PART 44
OFFSET 2.9799 -8.8073 -16.3887
SCALE 1 1 1
X 0.9671 0.0444 -0.2504
Y 0.0487 0.9341 0.3537
Z 0.2497 -0.3543 0.9012

PART 45
OFFSET 3.6705 -9.2322 -16.7474
SCALE 1 1 1
X 0.7789 -0.4793 -0.4046
Y 0.5918 0.7751 0.2211
Z 0.2076 -0.4117 0.8874

PART 46
OFFSET 4.0135 -10.4695 -17.3440
SCALE 1 1 1
X 0.2422 -0.8739 -0.4214
Y 0.9411 0.3172 -0.1168
Z 0.2358 -0.3683 0.8993

PART 47
OFFSET 2.4189 -11.4497 -16.0865
SCALE 1 1 1
X -0.6390 -0.6201 0.4552
Y 0.6969 -0.7172 0.0013
Z 0.3257 0.3181 0.8904

PART 48
OFFSET 2.7313 -8.3278 -15.1122
SCALE 1 1 1
X -0.6638 -0.6276 0.4067
Y -0.5382 0.7785 0.3229
Z -0.5193 -0.0046 -0.8546

PART 49
OFFSET 3.6646 -8.2539 -15.6597
SCALE 1 1 1
X 0.8605 0.0681 -0.5049
Y -0.0283 0.9959 0.0860
Z 0.5086 -0.0597 0.8589

PART 50
OFFSET 4.6714 -8.9445 -16.3156
SCALE 1 1 1
X 0.7265 -0.4983 -0.4732
Y 0.4557 0.8648 -0.2110
Z 0.5143 -0.0624 0.8553

PART 51
OFFSET 4.9079 -10.6160 -16.5365
SCALE 1 1 1
X 0.1389 -0.9818 -0.1298
Y 0.8424 0.1860 -0.5057
Z 0.5206 -0.0391 0.8529

PART 52
OFFSET 2.7339 -11.5419 -15.4525
SCALE 1 1 1
X -0.7918 -0.5447 0.2763
Y 0.5762 -0.8162 0.0420
Z 0.2026 0.1925 0.9602

PART 53
OFFSET -1.7999 -14.0732 -13.9375
SCALE 1 1 1
X -0.7581 -0.6119 0.2253
Y -0.6145 0.7861 0.0673
Z -0.2183 -0.0874 -0.9720

PART 54
OFFSET 1.4113 -12.2850 -13.7453
SCALE 1 1 1
X -0.9299 -0.3626 0.0624
Y -0.0914 0.0633 -0.9938
Z 0.3564 -0.9298 -0.0920

PART 55
OFFSET 7.8972 -8.1573 -13.9608
SCALE 1 1 1
X -0.8598 0.2393 0.4511
Y 0.3247 0.9380 0.1212
Z -0.3941 0.2507 -0.8842

PART 56
OFFSET 7.8506 -9.2360 -14.2925
SCALE 1 1 1
X -0.0413 -0.9550 -0.2937
Y 0.9952 -0.0131 -0.0975
Z 0.0892 -0.2963 0.9509

PART 57
OFFSET 7.2246 -10.2539 -14.5241
SCALE 1 1 1
X -0.5097 -0.8486 -0.1421
Y 0.8539 -0.4785 -0.2048
Z 0.1058 -0.2257 0.9684

PART 58
OFFSET 5.6265 -10.9928 -14.5158
SCALE 1 1 1
X -0.9077 -0.4197 0.0047
Y 0.3984 -0.8650 -0.3052
Z 0.1322 -0.2751 0.9523

PART 59
OFFSET 3.5698 -8.1090 -14.0871
SCALE 1 1 1
X -0.7988 -0.5994 -0.0515
Y -0.5603 0.7101 0.4264
Z -0.2190 0.3695 -0.9031

PART 60
OFFSET 4.6722 -8.1068 -14.3472
SCALE 1 1 1
X 0.9719 0.0042 -0.2352
Y 0.0611 0.9610 0.2696
Z 0.2272 -0.2764 0.9338

PART 61
OFFSET 5.6935 -8.9885 -14.9066
SCALE 1 1 1
X 0.6992 -0.6036 -0.3830
Y 0.6813 0.7250 0.1012
Z 0.2166 -0.3317 0.9182

PART 62
OFFSET 5.3643 -10.7960 -15.5708
SCALE 1 1 1
X -0.1685 -0.9252 -0.3400
Y 0.9661 -0.0865 -0.2434
Z 0.1958 -0.3694 0.9084

PART 63
OFFSET 1.8019 -12.0122 -14.9881
SCALE 1 1 1
X -0.9299 -0.3626 0.0624
Y -0.0914 0.0633 -0.9938
Z 0.3564 -0.9298 -0.0920

PART 64
OFFSET -9.2770 -15.1593 -16.1031
SCALE 1 1 1
X -0.9575 -0.2720 -0.0964
Y 0.0740 0.0912 -0.9931
Z 0.2789 -0.9580 -0.0672

PART 65
OFFSET -10.3420 -11.2068 -4.7231
SCALE 1 1 1
X -0.0881 0.3268 0.9410
Y -0.2932 -0.9113 0.2891
Z 0.9520 -0.2504 0.1761

PART 66
OFFSET -5.8078 -5.6719 -0.5851
SCALE 1 1 1
X 1.0000 0.0000 0.0000
Y -0.0000 1.0000 0.0000
Z 0.0000 -0.0000 1.0000

PART 67
OFFSET 11.2601 -9.9317 -9.7686
SCALE 1 1 1
X 0.9826 0.0531 0.1782
Y -0.0740 0.9909 0.1127
Z -0.1706 -0.1239 0.9775

PART 68
OFFSET 10.0156 -11.1288 -10.7287
SCALE 1 1 1
X 0.9789 0.0506 0.1982
Y -0.0740 0.9909 0.1127
Z -0.1907 -0.1250 0.9737

PART 69
OFFSET 40.3655 -7.7406 -4.5300
SCALE 1 1 1
X 0.9826 0.0531 0.1782
Y -0.0740 0.9909 0.1127
Z -0.1706 -0.1239 0.9775

PART 70
OFFSET 10.7023 -9.1329 -11.7066
SCALE 1 1 1
X 0.9946 -0.0000 0.1036
Y -0.0045 0.9991 0.0432
Z -0.1035 -0.0435 0.9937

PART 71
OFFSET 11.5967 -9.1753 -11.2135
SCALE 1 1 1
X 0.9826 0.0531 0.1782
Y -0.0740 0.9909 0.1127
Z -0.1706 -0.1239 0.9775

PART 72
OFFSET 7.3979 -9.0434 -10.5547
SCALE 1 1 1
X 0.9826 0.0531 0.1782
Y -0.0740 0.9909 0.1127
Z -0.1706 -0.1239 0.9775

PART 73
OFFSET 13.2584 -9.0310 -10.9806
SCALE 1 1 1
X 0.9826 0.0531 0.1782
Y -0.0740 0.9909 0.1127
Z -0.1706 -0.1239 0.9775

PART 74
OFFSET 13.2584 -9.0310 -10.9806
SCALE 1 1 1
X 0.9826 0.0531 0.1782
Y -0.0740 0.9909 0.1127
Z -0.1706 -0.1239 0.9775


NOTETRACKS

PART 0
NUMTRACKS 0

PART 1
NUMTRACKS 0

PART 2
NUMTRACKS 0

PART 3
NUMTRACKS 0

PART 4
NUMTRACKS 0

PART 5
NUMTRACKS 0

PART 6
NUMTRACKS 0

PART 7
NUMTRACKS 0

PART 8
NUMTRACKS 0

PART 9
NUMTRACKS 0

PART 10
NUMTRACKS 0

PART 11
NUMTRACKS 0

PART 12
NUMTRACKS 0

PART 13
NUMTRACKS 0

PART 14
NUMTRACKS 0

PART 15
NUMTRACKS 0

PART 16
NUMTRACKS 0

PART 17
NUMTRACKS 0

PART 18
NUMTRACKS 0

PART 19
NUMTRACKS 0

PART 20
NUMTRACKS 0

PART 21
NUMTRACKS 0

PART 22
NUMTRACKS 0

PART 23
NUMTRACKS 0

PART 24
NUMTRACKS 0

PART 25
NUMTRACKS 0

PART 26
NUMTRACKS 0

PART 27
NUMTRACKS 0

PART 28
NUMTRACKS 0

PART 29
NUMTRACKS 0

PART 30
NUMTRACKS 0

PART 31
NUMTRACKS 0

PART 32
NUMTRACKS 0

PART 33
NUMTRACKS 0

PART 34
NUMTRACKS 0

PART 35
NUMTRACKS 0

PART 36
NUMTRACKS 0

PART 37
NUMTRACKS 0

PART 38
NUMTRACKS 0

PART 39
NUMTRACKS 0

PART 40
NUMTRACKS 0

PART 41
NUMTRACKS 0

PART 42
NUMTRACKS 0

PART 43
NUMTRACKS 0

PART 44
NUMTRACKS 0

PART 45
NUMTRACKS 0

PART 46
NUMTRACKS 0

PART 47
NUMTRACKS 0

PART 48
NUMTRACKS 0

PART 49
NUMTRACKS 0

PART 50
NUMTRACKS 0

PART 51
NUMTRACKS 0

PART 52
NUMTRACKS 0

PART 53
NUMTRACKS 0

PART 54
NUMTRACKS 0

PART 55
NUMTRACKS 0

PART 56
NUMTRACKS 0

PART 57
NUMTRACKS 0

PART 58
NUMTRACKS 0

PART 59
NUMTRACKS 0

PART 60
NUMTRACKS 0

PART 61
NUMTRACKS 0

PART 62
NUMTRACKS 0

PART 63
NUMTRACKS 0

PART 64
NUMTRACKS 0

PART 65
NUMTRACKS 0

PART 66
NUMTRACKS 0

PART 67
NUMTRACKS 0

PART 68
NUMTRACKS 0

PART 69
NUMTRACKS 0

PART 70
NUMTRACKS 0

PART 71
NUMTRACKS 0

PART 72
NUMTRACKS 0

PART 73
NUMTRACKS 0

PART 74
NUMTRACKS 0

