// Export filename: `C:/cod5/cod/cod5/xanim_export/viewmodel/US/m1garand/m1garand_XENON_ADS_down.XANIM_EXPORT`
// Source filename: `C:/cod5/cod/cod5/animation_assets/viewmodel/US/m1_garand/viewmodelanimation_m1garand.mb`
// Export time: Tue Apr 29 13:25:27 2008

ANIMATION
VERSION 3

NUMPARTS 80
PART 0 "RingPalm_FK_LE"
PART 1 "RingPalm_SDK_LE"
PART 2 "J_PinkyPalm_RI"
PART 3 "J_Pinky_RI_0"
PART 4 "J_Pinky_RI_1"
PART 5 "J_Pinky_RI_2"
PART 6 "J_Pinky_RI_3"
PART 7 "J_RingPalm_RI"
PART 8 "J_Ring_RI_0"
PART 9 "J_Ring_RI_1"
PART 10 "J_Ring_RI_2"
PART 11 "J_Ring_RI_3"
PART 12 "J_Webbing_RI"
PART 13 "J_Index_RI_0"
PART 14 "J_Index_RI_1"
PART 15 "J_Index_RI_2"
PART 16 "J_Index_RI_3"
PART 17 "J_Mid_RI_0"
PART 18 "J_Mid_RI_1"
PART 19 "J_Mid_RI_2"
PART 20 "J_Mid_RI_3"
PART 21 "tag_cambone"
PART 22 "tag_camera"
PART 23 "tag_gasmask"
PART 24 "J_Pinky_LE_2"
PART 25 "J_Pinky_LE_3"
PART 26 "J_RingPalm_LE"
PART 27 "J_Ring_LE_0"
PART 28 "J_Ring_LE_1"
PART 29 "J_Ring_LE_2"
PART 30 "J_Ring_LE_3"
PART 31 "J_Webbing_LE"
PART 32 "J_Index_LE_0"
PART 33 "J_Index_LE_1"
PART 34 "J_Index_LE_2"
PART 35 "J_Index_LE_3"
PART 36 "J_Mid_LE_0"
PART 37 "J_Mid_LE_1"
PART 38 "J_Mid_LE_2"
PART 39 "J_Mid_LE_3"
PART 40 "tag_weapon"
PART 41 "J_Shoulder_RI"
PART 42 "J_Elbow_RI"
PART 43 "J_WristTwist_RI"
PART 44 "J_Sleave_Reshape_Top_RI_3"
PART 45 "J_Sleave_Reshape_Top_RI_2"
PART 46 "J_Sleave_Reshape_Top_RI_1"
PART 47 "J_Wrist_RI"
PART 48 "J_Thumb_RI_0"
PART 49 "J_Thumb_RI_1"
PART 50 "J_Thumb_RI_2"
PART 51 "J_Thumb_RI_3"
PART 52 "RingPalm_FK_RI"
PART 53 "RingPalm_SDK_RI"
PART 54 "tag_torso"
PART 55 "J_Shoulder_LE"
PART 56 "J_Elbow_LE"
PART 57 "J_WristTwist_LE"
PART 58 "J_Sleave_Reshape_Bottom_LE_1"
PART 59 "J_Sleave_Reshape_Bottom_LE_2"
PART 60 "J_Sleave_Reshape_Top_LE_1"
PART 61 "J_Sleave_Reshape_Top_LE_2"
PART 62 "J_Sleave_Reshape_Top_LE_3"
PART 63 "J_Wrist_LE"
PART 64 "J_Thumb_LE_0"
PART 65 "J_Thumb_LE_1"
PART 66 "J_Thumb_LE_2"
PART 67 "J_Thumb_LE_3"
PART 68 "J_PinkyPalm_LE"
PART 69 "J_Pinky_LE_0"
PART 70 "J_Pinky_LE_1"
PART 71 "J_Gun"
PART 72 "tag_brass"
PART 73 "J_Bolt"
PART 74 "tag_flash"
PART 75 "j_stripper"
PART 76 "J_Clip"
PART 77 "joint1"
PART 78 "tag_bayonet"
PART 79 "tag_grenade"

FRAMERATE 24
NUMFRAMES 11

FRAME 21
PART 0
OFFSET 15.9842 0.3549 -4.1024
SCALE 1 1 1
X 0.4637 -0.8675 0.1804
Y -0.0871 0.1580 0.9836
Z -0.8817 -0.4718 -0.0023

PART 1
OFFSET 15.9842 0.3549 -4.1024
SCALE 1 1 1
X 0.4637 -0.8675 0.1804
Y -0.0871 0.1580 0.9836
Z -0.8817 -0.4718 -0.0023

PART 2
OFFSET -0.3874 -1.9601 -4.3716
SCALE 1 1 1
X -0.6079 -0.3316 0.7215
Y 0.2898 -0.9386 -0.1872
Z 0.7393 0.0953 0.6667

PART 3
OFFSET 1.0506 -1.0861 -5.8726
SCALE 1 1 1
X -0.0828 -0.9617 0.2611
Y 0.3696 -0.2730 -0.8882
Z 0.9255 0.0229 0.3781

PART 4
OFFSET 1.1679 0.2755 -6.2423
SCALE 1 1 1
X 0.2844 -0.6955 -0.6599
Y 0.2992 0.7183 -0.6281
Z 0.9108 -0.0189 0.4124

PART 5
OFFSET 0.9158 0.8921 -5.6572
SCALE 1 1 1
X 0.3645 -0.3392 -0.8672
Y 0.0967 0.9401 -0.3270
Z 0.9262 0.0354 0.3755

PART 6
OFFSET 0.5694 1.2144 -4.8333
SCALE 1 1 1
X -0.4734 -0.3358 0.8143
Y -0.0446 0.9324 0.3586
Z -0.8797 0.1335 -0.4564

PART 7
OFFSET 0.0269 -2.1253 -3.8142
SCALE 1 1 1
X -0.8100 -0.2953 0.5067
Y 0.2495 -0.9554 -0.1580
Z 0.5307 -0.0015 0.8475

PART 8
OFFSET 2.0557 -1.3797 -5.2587
SCALE 1 1 1
X -0.0242 -0.9990 0.0378
Y 0.5028 -0.0449 -0.8632
Z 0.8641 -0.0019 0.5034

PART 9
OFFSET 2.0970 0.3211 -5.3230
SCALE 1 1 1
X 0.4422 -0.4634 -0.7680
Y 0.2586 0.8857 -0.3855
Z 0.8588 -0.0281 0.5115

PART 10
OFFSET 1.4842 0.9633 -4.2587
SCALE 1 1 1
X 0.5024 0.2776 -0.8189
Y -0.1224 0.9604 0.2504
Z 0.8559 -0.0256 0.5164

PART 11
OFFSET 0.9393 0.6623 -3.3705
SCALE 1 1 1
X -0.2996 -0.7773 0.5533
Y -0.4249 0.6279 0.6521
Z -0.8543 -0.0397 -0.5183

PART 12
OFFSET -4.4153 -4.2296 -1.5567
SCALE 1 1 1
X -0.7707 -0.5373 0.3426
Y -0.4924 0.8434 0.2151
Z -0.4045 -0.0029 -0.9145

PART 13
OFFSET 3.0880 -1.9572 -3.4303
SCALE 1 1 1
X -0.9125 -0.2118 0.3499
Y 0.1886 -0.9770 -0.0995
Z 0.3630 -0.0248 0.9315

PART 14
OFFSET 4.6946 -1.5843 -4.0465
SCALE 1 1 1
X -0.6938 -0.6613 0.2853
Y 0.6258 -0.7496 -0.2156
Z 0.3564 0.0289 0.9339

PART 15
OFFSET 5.5597 -0.7786 -4.3366
SCALE 1 1 1
X -0.2150 -0.9758 0.0391
Y 0.9228 -0.2161 -0.3190
Z 0.3198 -0.0325 0.9469

PART 16
OFFSET 5.8025 0.3236 -4.3808
SCALE 1 1 1
X -0.6731 0.5036 0.5416
Y 0.4363 0.8617 -0.2590
Z -0.5971 0.0619 -0.7997

PART 17
OFFSET 2.6593 -1.6680 -4.4066
SCALE 1 1 1
X -0.5496 -0.8234 0.1415
Y 0.7502 -0.5609 -0.3503
Z 0.3678 -0.0864 0.9259

PART 18
OFFSET 3.7329 -0.0595 -4.6829
SCALE 1 1 1
X 0.6334 -0.7011 -0.3275
Y 0.6613 0.7102 -0.2415
Z 0.4019 -0.0636 0.9135

PART 19
OFFSET 2.8077 0.9645 -4.2046
SCALE 1 1 1
X 0.8820 -0.2339 -0.4091
Y 0.2155 0.9722 -0.0913
Z 0.4191 -0.0076 0.9079

PART 20
OFFSET 1.8059 1.2301 -3.7477
SCALE 1 1 1
X -0.8407 -0.4412 0.3139
Y -0.3705 0.8915 0.2606
Z -0.3949 0.1028 -0.9130

PART 21
OFFSET 0.0000 0.0000 0.0000
SCALE 1 1 1
X 1.0000 0.0000 0.0000
Y 0.0000 1.0000 0.0000
Z 0.0000 0.0000 1.0000

PART 22
OFFSET 0.0000 0.0000 0.0000
SCALE 1 1 1
X 1.0000 0.0000 0.0000
Y 0.0000 1.0000 0.0000
Z 0.0000 0.0000 1.0000

PART 23
OFFSET 1.5404 0.0000 4.1357
SCALE 1 1 1
X 1.0000 0.0000 0.0000
Y 0.0000 1.0000 0.0000
Z 0.0000 0.0000 1.0000

PART 24
OFFSET 15.2967 -1.4836 -1.6787
SCALE 1 1 1
X -0.5707 0.6009 0.5597
Y -0.3484 0.4400 -0.8277
Z -0.7436 -0.6674 -0.0417

PART 25
OFFSET 14.7545 -0.9127 -1.1469
SCALE 1 1 1
X 0.7628 -0.6393 0.0975
Y 0.0103 -0.1388 -0.9903
Z 0.6466 0.7564 -0.0993

PART 26
OFFSET 15.9842 0.3549 -4.1024
SCALE 1 1 1
X 0.4637 -0.8675 0.1804
Y -0.0871 0.1580 0.9836
Z -0.8817 -0.4718 -0.0023

PART 27
OFFSET 17.0585 -1.9701 -3.6563
SCALE 1 1 1
X 0.2306 -0.1885 0.9546
Y -0.6414 0.7083 0.2948
Z -0.7317 -0.6803 0.0425

PART 28
OFFSET 17.4512 -2.2909 -2.0310
SCALE 1 1 1
X -0.5347 0.6121 0.5826
Y -0.4425 0.3845 -0.8101
Z -0.7199 -0.6910 0.0653

PART 29
OFFSET 16.7102 -1.4425 -1.2236
SCALE 1 1 1
X -0.6175 0.6729 0.4073
Y -0.3248 0.2535 -0.9112
Z -0.7164 -0.6950 0.0620

PART 30
OFFSET 16.0404 -0.7128 -0.7819
SCALE 1 1 1
X 0.6563 -0.7303 0.1898
Y 0.1189 -0.1483 -0.9818
Z 0.7451 0.6669 -0.0105

PART 31
OFFSET 18.8044 0.4576 -3.5525
SCALE 1 1 1
X 0.5292 -0.7412 0.4131
Y 0.2640 -0.3189 -0.9103
Z 0.8064 0.5908 0.0269

PART 32
OFFSET 18.8315 -0.8330 -4.2698
SCALE 1 1 1
X 0.7913 -0.1932 0.5801
Y -0.5205 0.2849 0.8049
Z -0.3208 -0.9389 0.1249

PART 33
OFFSET 20.2247 -1.1731 -3.2485
SCALE 1 1 1
X 0.4417 -0.0634 0.8949
Y -0.8470 0.2994 0.4392
Z -0.2958 -0.9520 0.0785

PART 34
OFFSET 20.7796 -1.1923 -2.1653
SCALE 1 1 1
X -0.0172 0.1609 0.9868
Y -0.9594 0.2751 -0.0615
Z -0.2814 -0.9479 0.1497

PART 35
OFFSET 20.7603 -1.0106 -1.0506
SCALE 1 1 1
X 0.7926 -0.5673 -0.2236
Y -0.2331 0.0570 -0.9708
Z 0.5635 0.8215 -0.0871

PART 36
OFFSET 17.9921 -1.5024 -4.0098
SCALE 1 1 1
X 0.5456 -0.4449 0.7102
Y -0.4702 0.5390 0.6988
Z -0.6937 -0.7152 0.0849

PART 37
OFFSET 19.0579 -2.3715 -2.6223
SCALE 1 1 1
X -0.4406 0.5351 0.7208
Y -0.5326 0.4905 -0.6897
Z -0.7226 -0.6878 0.0690

PART 38
OFFSET 18.4143 -1.5898 -1.5695
SCALE 1 1 1
X -0.4949 0.5541 0.6694
Y -0.4594 0.4871 -0.7428
Z -0.7376 -0.6751 0.0135

PART 39
OFFSET 17.8490 -0.9674 -0.8107
SCALE 1 1 1
X 0.7200 -0.6928 -0.0398
Y -0.0880 -0.0343 -0.9955
Z 0.6883 0.7203 -0.0856

PART 40
OFFSET 11.5244 -0.0013 -2.3000
SCALE 1 1 1
X 0.9999 0.0001 -0.0166
Y -0.0001 1.0000 0.0000
Z 0.0166 0.0000 0.9999

PART 41
OFFSET -4.6421 -0.8136 0.1133
SCALE 1 1 1
X 0.2156 0.9381 0.2710
Y 0.0315 -0.2841 0.9583
Z 0.9760 -0.1981 -0.0908

PART 42
OFFSET -7.2493 -12.1593 -3.1642
SCALE 1 1 1
X -0.5529 -0.8333 0.0029
Y 0.6474 -0.4318 -0.6281
Z 0.5246 -0.3453 0.7782

PART 43
OFFSET -2.5467 -5.0722 -3.1892
SCALE 1 1 1
X -0.5529 -0.8333 0.0029
Y -0.1979 0.1279 -0.9718
Z 0.8094 -0.5379 -0.2357

PART 44
OFFSET -2.8898 -3.1227 -4.1772
SCALE 1 1 1
X -0.5582 -0.8297 0.0046
Y -0.5323 0.3539 -0.7691
Z 0.6365 -0.4317 -0.6392

PART 45
OFFSET -2.7195 -2.7729 -2.9672
SCALE 1 1 1
X -0.5582 -0.8297 0.0046
Y -0.5323 0.3539 -0.7691
Z 0.6365 -0.4317 -0.6392

PART 46
OFFSET -1.4457 -3.4965 -1.4952
SCALE 1 1 1
X -0.5582 -0.8297 0.0046
Y -0.5323 0.3539 -0.7691
Z 0.6365 -0.4317 -0.6392

PART 47
OFFSET -0.8518 -2.5177 -3.1982
SCALE 1 1 1
X -0.9386 -0.2610 0.2257
Y -0.2667 0.1341 -0.9544
Z 0.2188 -0.9560 -0.1955

PART 48
OFFSET -0.2620 -2.1371 -2.2984
SCALE 1 1 1
X -0.5571 -0.8093 -0.1861
Y 0.1527 0.1205 -0.9809
Z 0.8163 -0.5749 0.0564

PART 49
OFFSET 0.8795 -0.3707 -1.8021
SCALE 1 1 1
X -0.7150 -0.6948 0.0777
Y 0.1350 -0.2462 -0.9598
Z 0.6860 -0.6757 0.2698

PART 50
OFFSET 1.9650 0.8120 -2.0150
SCALE 1 1 1
X -0.5645 -0.5315 0.6315
Y -0.2708 -0.6035 -0.7500
Z 0.7798 -0.5944 0.1968

PART 51
OFFSET 2.5444 1.4242 -2.6942
SCALE 1 1 1
X -0.9734 -0.1349 0.1852
Y -0.1853 0.9390 -0.2897
Z -0.1349 -0.3163 -0.9390

PART 52
OFFSET 0.0269 -2.1253 -3.8142
SCALE 1 1 1
X -0.8100 -0.2953 0.5067
Y 0.2495 -0.9554 -0.1580
Z 0.5307 -0.0015 0.8475

PART 53
OFFSET 0.0269 -2.1253 -3.8142
SCALE 1 1 1
X -0.8100 -0.2953 0.5067
Y 0.2495 -0.9554 -0.1580
Z 0.5307 -0.0015 0.8475

PART 54
OFFSET 3.6644 -0.3533 -0.5071
SCALE 1 1 1
X 0.9999 0.0001 -0.0166
Y -0.0001 1.0000 0.0000
Z 0.0166 0.0000 0.9999

PART 55
OFFSET -0.9647 7.0186 -3.2985
SCALE 1 1 1
X 0.8011 0.1254 -0.5853
Y 0.0079 -0.9799 -0.1992
Z -0.5985 0.1549 -0.7860

PART 56
OFFSET 8.7235 8.5355 -10.3766
SCALE 1 1 1
X 0.5863 -0.6196 0.5219
Y -0.7532 -0.1797 0.6328
Z -0.2983 -0.7641 -0.5720

PART 57
OFFSET 13.7102 3.2657 -5.9376
SCALE 1 1 1
X 0.5863 -0.6196 0.5219
Y 0.7587 0.6458 -0.0855
Z -0.2841 0.4461 0.8487

PART 58
OFFSET 15.5798 3.9387 -4.5632
SCALE 1 1 1
X 0.5916 -0.6164 0.5197
Y 0.3074 0.7683 0.5614
Z -0.7453 -0.1724 0.6440

PART 59
OFFSET 15.0326 2.3050 -6.6206
SCALE 1 1 1
X 0.5916 -0.6164 0.5197
Y 0.3074 0.7683 0.5614
Z -0.7453 -0.1724 0.6440

PART 60
OFFSET 14.2522 2.9781 -3.2108
SCALE 1 1 1
X 0.5916 -0.6164 0.5197
Y 0.3074 0.7683 0.5614
Z -0.7453 -0.1724 0.6440

PART 61
OFFSET 13.6586 1.7541 -4.1879
SCALE 1 1 1
X 0.5916 -0.6164 0.5197
Y 0.3074 0.7683 0.5614
Z -0.7453 -0.1724 0.6440

PART 62
OFFSET 13.0899 0.8076 -5.4030
SCALE 1 1 1
X 0.5916 -0.6164 0.5197
Y 0.3074 0.7683 0.5614
Z -0.7453 -0.1724 0.6440

PART 63
OFFSET 15.5076 1.3663 -4.3377
SCALE 1 1 1
X 0.7150 -0.6872 0.1289
Y 0.6985 0.7100 -0.0891
Z -0.0303 0.1537 0.9877

PART 64
OFFSET 16.4908 1.8055 -3.9601
SCALE 1 1 1
X 0.8976 -0.0707 0.4352
Y 0.1092 0.9920 -0.0640
Z -0.4272 0.1050 0.8981

PART 65
OFFSET 18.4148 1.7577 -2.9774
SCALE 1 1 1
X 0.9378 -0.1468 0.3147
Y 0.0906 0.9783 0.1864
Z -0.3352 -0.1463 0.9307

PART 66
OFFSET 19.8858 1.4460 -2.3763
SCALE 1 1 1
X 0.8490 -0.3442 0.4008
Y 0.2812 0.9367 0.2087
Z -0.4473 -0.0644 0.8921

PART 67
OFFSET 20.7883 1.0868 -1.8985
SCALE 1 1 1
X 0.9720 -0.0196 -0.2341
Y -0.2347 -0.0326 -0.9715
Z 0.0115 0.9993 -0.0363

PART 68
OFFSET 15.3585 0.0556 -3.9336
SCALE 1 1 1
X 0.1948 -0.9756 0.1012
Y -0.0779 0.0874 0.9931
Z -0.9777 -0.2014 -0.0590

PART 69
OFFSET 15.9291 -2.0964 -3.5760
SCALE 1 1 1
X -0.0913 0.0501 0.9946
Y -0.6696 0.7362 -0.0986
Z -0.7371 -0.6750 -0.0337

PART 70
OFFSET 15.7998 -2.0255 -2.1679
SCALE 1 1 1
X -0.5674 0.6112 0.5518
Y -0.3919 0.3889 -0.8338
Z -0.7242 -0.6894 0.0189

PART 71
OFFSET 11.5244 -0.0013 -2.3000
SCALE 1 1 1
X 0.9999 0.0001 -0.0166
Y -0.0001 1.0000 0.0000
Z 0.0166 0.0000 0.9999

PART 72
OFFSET 9.6788 -0.6094 -5.3134
SCALE 1 1 1
X -0.0148 -0.8582 0.5132
Y 0.9997 -0.0015 0.0262
Z -0.0217 0.5134 0.8579

PART 73
OFFSET 11.2697 -1.8116 -1.1938
SCALE 1 1 1
X 1.0000 0.0001 0.0038
Y -0.0001 1.0000 0.0000
Z -0.0038 -0.0000 1.0000

PART 74
OFFSET 39.3983 0.0006 -1.2428
SCALE 1 1 1
X 0.9999 0.0001 -0.0166
Y -0.0001 1.0000 0.0000
Z 0.0166 0.0000 0.9999

PART 75
OFFSET 8.8485 0.1045 -1.2020
SCALE 1 1 1
X 0.9855 0.1072 0.1312
Y -0.1076 0.9942 -0.0043
Z -0.1309 -0.0098 0.9913

PART 76
OFFSET 3.0045 -0.3011 -2.7506
SCALE 1 1 1
X 0.8580 0.0287 0.5129
Y -0.2560 0.8896 0.3784
Z -0.4454 -0.4559 0.7706

PART 77
OFFSET 7.9101 0.4678 -0.8219
SCALE 1 1 1
X 0.9999 0.0001 -0.0166
Y -0.0001 1.0000 0.0000
Z 0.0166 0.0000 0.9999

PART 78
OFFSET 35.1392 0.0003 -2.3902
SCALE 1 1 1
X 1.0000 0.0001 0.0038
Y -0.0001 1.0000 0.0000
Z -0.0038 -0.0000 1.0000

PART 79
OFFSET 18.7731 6.2643 -16.2185
SCALE 1 1 1
X 0.8941 -0.3908 -0.2187
Y 0.2104 -0.0644 0.9755
Z -0.3953 -0.9182 0.0246


FRAME 22
PART 0
OFFSET 16.1903 0.2205 -4.4854
SCALE 1 1 1
X 0.4626 -0.8673 0.1836
Y -0.1000 0.1547 0.9829
Z -0.8809 -0.4731 -0.0152

PART 1
OFFSET 16.1903 0.2205 -4.4854
SCALE 1 1 1
X 0.4626 -0.8673 0.1836
Y -0.1000 0.1547 0.9829
Z -0.8809 -0.4731 -0.0152

PART 2
OFFSET -0.1728 -2.1184 -4.9737
SCALE 1 1 1
X -0.6167 -0.3348 0.7125
Y 0.2936 -0.9376 -0.1864
Z 0.7304 0.0942 0.6765

PART 3
OFFSET 1.2831 -1.2374 -6.4531
SCALE 1 1 1
X -0.0847 -0.9627 0.2570
Y 0.3815 -0.2696 -0.8842
Z 0.9205 0.0231 0.3901

PART 4
OFFSET 1.4031 0.1256 -6.8169
SCALE 1 1 1
X 0.2940 -0.6929 -0.6584
Y 0.3062 0.7208 -0.6219
Z 0.9054 -0.0188 0.4240

PART 5
OFFSET 1.1424 0.7399 -6.2331
SCALE 1 1 1
X 0.3762 -0.3358 -0.8635
Y 0.0994 0.9412 -0.3227
Z 0.9212 0.0356 0.3875

PART 6
OFFSET 0.7850 1.0590 -5.4128
SCALE 1 1 1
X -0.4834 -0.3391 0.8070
Y -0.0506 0.9312 0.3610
Z -0.8739 0.1336 -0.4673

PART 7
OFFSET 0.2345 -2.2848 -4.4115
SCALE 1 1 1
X -0.8160 -0.2982 0.4952
Y 0.2530 -0.9545 -0.1578
Z 0.5197 -0.0035 0.8543

PART 8
OFFSET 2.2807 -1.5315 -5.8272
SCALE 1 1 1
X -0.0232 -0.9991 0.0343
Y 0.5140 -0.0413 -0.8568
Z 0.8575 -0.0022 0.5145

PART 9
OFFSET 2.3201 0.1696 -5.8856
SCALE 1 1 1
X 0.4528 -0.4602 -0.7637
Y 0.2621 0.8873 -0.3793
Z 0.8522 -0.0284 0.5224

PART 10
OFFSET 1.6926 0.8074 -4.8272
SCALE 1 1 1
X 0.5125 0.2810 -0.8114
Y -0.1271 0.9594 0.2519
Z 0.8492 -0.0259 0.5274

PART 11
OFFSET 1.1368 0.5027 -3.9472
SCALE 1 1 1
X -0.3055 -0.7795 0.5469
Y -0.4342 0.6252 0.6485
Z -0.8474 -0.0394 -0.5295

PART 12
OFFSET -4.2332 -4.4031 -2.2184
SCALE 1 1 1
X -0.7742 -0.5396 0.3308
Y -0.4964 0.8419 0.2115
Z -0.3927 -0.0005 -0.9197

PART 13
OFFSET 3.2901 -2.1132 -3.9875
SCALE 1 1 1
X -0.9166 -0.2143 0.3374
Y 0.1914 -0.9764 -0.1002
Z 0.3509 -0.0273 0.9360

PART 14
OFFSET 4.9040 -1.7359 -4.5817
SCALE 1 1 1
X -0.6964 -0.6632 0.2742
Y 0.6297 -0.7479 -0.2099
Z 0.3443 0.0265 0.9385

PART 15
OFFSET 5.7715 -0.9280 -4.8580
SCALE 1 1 1
X -0.2139 -0.9763 0.0332
Y 0.9272 -0.2136 -0.3077
Z 0.3075 -0.0350 0.9509

PART 16
OFFSET 6.0131 0.1747 -4.8955
SCALE 1 1 1
X -0.6808 0.5008 0.5345
Y 0.4382 0.8632 -0.2506
Z -0.5869 0.0636 -0.8072

PART 17
OFFSET 2.8736 -1.8216 -4.9683
SCALE 1 1 1
X -0.5501 -0.8247 0.1317
Y 0.7555 -0.5586 -0.3423
Z 0.3559 -0.0888 0.9303

PART 18
OFFSET 3.9482 -0.2106 -5.2256
SCALE 1 1 1
X 0.6387 -0.6991 -0.3215
Y 0.6632 0.7120 -0.2307
Z 0.3902 -0.0659 0.9184

PART 19
OFFSET 3.0153 0.8105 -4.7560
SCALE 1 1 1
X 0.8876 -0.2312 -0.3984
Y 0.2151 0.9729 -0.0854
Z 0.4073 -0.0099 0.9132

PART 20
OFFSET 2.0073 1.0731 -4.3113
SCALE 1 1 1
X -0.8440 -0.4435 0.3016
Y -0.3752 0.8901 0.2587
Z -0.3832 0.1052 -0.9177

PART 21
OFFSET 0.0000 0.0000 0.0000
SCALE 1 1 1
X 1.0000 0.0000 0.0000
Y 0.0000 1.0000 0.0000
Z 0.0000 0.0000 1.0000

PART 22
OFFSET 0.0000 0.0000 0.0000
SCALE 1 1 1
X 1.0000 0.0000 0.0000
Y 0.0000 1.0000 0.0000
Z 0.0000 0.0000 1.0000

PART 23
OFFSET 1.5404 0.0000 4.1357
SCALE 1 1 1
X 1.0000 0.0000 0.0000
Y 0.0000 1.0000 0.0000
Z 0.0000 0.0000 1.0000

PART 24
OFFSET 15.4744 -1.6267 -2.0766
SCALE 1 1 1
X -0.5788 0.5982 0.5542
Y -0.3384 0.4421 -0.8307
Z -0.7419 -0.6684 -0.0535

PART 25
OFFSET 14.9245 -1.0585 -1.5501
SCALE 1 1 1
X 0.7625 -0.6384 0.1053
Y 0.0233 -0.1356 -0.9905
Z 0.6466 0.7577 -0.0885

PART 26
OFFSET 16.1903 0.2205 -4.4854
SCALE 1 1 1
X 0.4626 -0.8673 0.1836
Y -0.1000 0.1547 0.9829
Z -0.8809 -0.4731 -0.0152

PART 27
OFFSET 17.2624 -2.1042 -4.0328
SCALE 1 1 1
X 0.2186 -0.1912 0.9569
Y -0.6463 0.7064 0.2887
Z -0.7311 -0.6815 0.0308

PART 28
OFFSET 17.6345 -2.4297 -2.4037
SCALE 1 1 1
X -0.5431 0.6095 0.5776
Y -0.4326 0.3864 -0.8146
Z -0.7196 -0.6923 0.0538

PART 29
OFFSET 16.8818 -1.5850 -1.6032
SCALE 1 1 1
X -0.6238 0.6706 0.4015
Y -0.3134 0.2559 -0.9145
Z -0.7160 -0.6963 0.0505

PART 30
OFFSET 16.2053 -0.8577 -1.1678
SCALE 1 1 1
X 0.6549 -0.7299 0.1959
Y 0.1318 -0.1450 -0.9806
Z 0.7441 0.6680 0.0012

PART 31
OFFSET 19.0030 0.3258 -3.8987
SCALE 1 1 1
X 0.5250 -0.7417 0.4175
Y 0.2762 -0.3155 -0.9078
Z 0.8051 0.5919 0.0392

PART 32
OFFSET 19.0414 -0.9624 -4.6197
SCALE 1 1 1
X 0.7840 -0.1939 0.5897
Y -0.5313 0.2815 0.7990
Z -0.3209 -0.9398 0.1177

PART 33
OFFSET 20.4218 -1.3037 -3.5815
SCALE 1 1 1
X 0.4302 -0.0656 0.9004
Y -0.8531 0.2967 0.4292
Z -0.2953 -0.9527 0.0717

PART 34
OFFSET 20.9627 -1.3256 -2.4913
SCALE 1 1 1
X -0.0302 0.1577 0.9870
Y -0.9590 0.2738 -0.0731
Z -0.2818 -0.9488 0.1430

PART 35
OFFSET 20.9286 -1.1475 -1.3764
SCALE 1 1 1
X 0.7963 -0.5654 -0.2151
Y -0.2206 0.0598 -0.9735
Z 0.5633 0.8227 -0.0771

PART 36
OFFSET 18.1997 -1.6340 -4.3727
SCALE 1 1 1
X 0.5370 -0.4463 0.7158
Y -0.4800 0.5361 0.6944
Z -0.6936 -0.7165 0.0736

PART 37
OFFSET 19.2488 -2.5059 -2.9743
SCALE 1 1 1
X -0.4507 0.5321 0.7167
Y -0.5244 0.4919 -0.6950
Z -0.7224 -0.6891 0.0574

PART 38
OFFSET 18.5905 -1.7286 -1.9274
SCALE 1 1 1
X -0.5043 0.5512 0.6647
Y -0.4506 0.4888 -0.7471
Z -0.7366 -0.6763 0.0018

PART 39
OFFSET 18.0144 -1.1095 -1.1740
SCALE 1 1 1
X 0.7216 -0.6916 -0.0327
Y -0.0750 -0.0312 -0.9967
Z 0.6883 0.7216 -0.0744

PART 40
OFFSET 11.7081 -0.1482 -2.7419
SCALE 1 1 1
X 1.0000 0.0016 -0.0037
Y -0.0016 1.0000 0.0032
Z 0.0037 -0.0032 1.0000

PART 41
OFFSET -4.4869 -0.9929 -0.5406
SCALE 1 1 1
X 0.2106 0.9376 0.2768
Y 0.0196 -0.2871 0.9577
Z 0.9774 -0.1963 -0.0788

PART 42
OFFSET -7.0338 -12.3319 -3.8878
SCALE 1 1 1
X -0.5516 -0.8341 -0.0069
Y 0.6561 -0.4288 -0.6210
Z 0.5150 -0.3471 0.7838

PART 43
OFFSET -2.3424 -5.2376 -3.8293
SCALE 1 1 1
X -0.5516 -0.8341 -0.0069
Y -0.1856 0.1307 -0.9739
Z 0.8132 -0.5359 -0.2269

PART 44
OFFSET -2.6757 -3.2854 -4.8154
SCALE 1 1 1
X -0.5569 -0.8306 -0.0053
Y -0.5228 0.3555 -0.7747
Z 0.6454 -0.4287 -0.6322

PART 45
OFFSET -2.5216 -2.9393 -3.6022
SCALE 1 1 1
X -0.5569 -0.8306 -0.0053
Y -0.5228 0.3555 -0.7747
Z 0.6454 -0.4287 -0.6322

PART 46
OFFSET -1.2658 -3.6657 -2.1162
SCALE 1 1 1
X -0.5569 -0.8306 -0.0053
Y -0.5228 0.3555 -0.7747
Z 0.6454 -0.4287 -0.6322

PART 47
OFFSET -0.6514 -2.6805 -3.8082
SCALE 1 1 1
X -0.9410 -0.2631 0.2127
Y -0.2546 0.1367 -0.9573
Z 0.2228 -0.9550 -0.1957

PART 48
OFFSET -0.0739 -2.3019 -2.8997
SCALE 1 1 1
X -0.5529 -0.8106 -0.1929
Y 0.1593 0.1244 -0.9794
Z 0.8178 -0.5723 0.0604

PART 49
OFFSET 1.0578 -0.5333 -2.3890
SCALE 1 1 1
X -0.7142 -0.6957 0.0773
Y 0.1375 -0.2477 -0.9590
Z 0.6863 -0.6743 0.2725

PART 50
OFFSET 2.1421 0.6505 -2.6015
SCALE 1 1 1
X -0.5659 -0.5329 0.6291
Y -0.2667 -0.6037 -0.7513
Z 0.7802 -0.5929 0.1995

PART 51
OFFSET 2.7229 1.2642 -3.2781
SCALE 1 1 1
X -0.9738 -0.1369 0.1814
Y -0.1860 0.9388 -0.2900
Z -0.1306 -0.3161 -0.9397

PART 52
OFFSET 0.2345 -2.2848 -4.4115
SCALE 1 1 1
X -0.8160 -0.2982 0.4952
Y 0.2530 -0.9545 -0.1578
Z 0.5197 -0.0035 0.8543

PART 53
OFFSET 0.2345 -2.2848 -4.4115
SCALE 1 1 1
X -0.8160 -0.2982 0.4952
Y 0.2530 -0.9545 -0.1578
Z 0.5197 -0.0035 0.8543

PART 54
OFFSET 3.8262 -0.5179 -1.0519
SCALE 1 1 1
X 1.0000 0.0016 -0.0037
Y -0.0016 1.0000 0.0032
Z 0.0037 -0.0032 1.0000

PART 55
OFFSET -0.7780 6.8559 -3.8793
SCALE 1 1 1
X 0.8084 0.1285 -0.5745
Y 0.0120 -0.9793 -0.2022
Z -0.5885 0.1566 -0.7932

PART 56
OFFSET 8.9986 8.4104 -10.8267
SCALE 1 1 1
X 0.5805 -0.6204 0.5274
Y -0.7610 -0.1829 0.6224
Z -0.2897 -0.7627 -0.5783

PART 57
OFFSET 13.9357 3.1339 -6.3405
SCALE 1 1 1
X 0.5805 -0.6204 0.5274
Y 0.7587 0.6473 -0.0737
Z -0.2957 0.4429 0.8464

PART 58
OFFSET 15.7863 3.8052 -4.9398
SCALE 1 1 1
X 0.5858 -0.6172 0.5253
Y 0.2989 0.7670 0.5678
Z -0.7533 -0.1756 0.6338

PART 59
OFFSET 15.2683 2.1773 -7.0094
SCALE 1 1 1
X 0.5858 -0.6172 0.5253
Y 0.2989 0.7670 0.5678
Z -0.7533 -0.1756 0.6338

PART 60
OFFSET 14.4428 2.8382 -3.6078
SCALE 1 1 1
X 0.5858 -0.6172 0.5253
Y 0.2989 0.7670 0.5678
Z -0.7533 -0.1756 0.6338

PART 61
OFFSET 13.8638 1.6165 -4.5965
SCALE 1 1 1
X 0.5858 -0.6172 0.5253
Y 0.2989 0.7670 0.5678
Z -0.7533 -0.1756 0.6338

PART 62
OFFSET 13.3124 0.6730 -5.8218
SCALE 1 1 1
X 0.5858 -0.6172 0.5253
Y 0.2989 0.7670 0.5678
Z -0.7533 -0.1756 0.6338

PART 63
OFFSET 15.7152 1.2320 -4.7235
SCALE 1 1 1
X 0.7143 -0.6865 0.1359
Y 0.6985 0.7114 -0.0777
Z -0.0433 0.1505 0.9877

PART 64
OFFSET 16.6928 1.6715 -4.3319
SCALE 1 1 1
X 0.8920 -0.0708 0.4465
Y 0.1085 0.9923 -0.0595
Z -0.4389 0.1015 0.8928

PART 65
OFFSET 18.6040 1.6235 -3.3245
SCALE 1 1 1
X 0.9339 -0.1464 0.3263
Y 0.0866 0.9778 0.1907
Z -0.3470 -0.1498 0.9258

PART 66
OFFSET 20.0675 1.3120 -2.7055
SCALE 1 1 1
X 0.8443 -0.3442 0.4107
Y 0.2770 0.9364 0.2153
Z -0.4587 -0.0680 0.8860

PART 67
OFFSET 20.9643 0.9527 -2.2171
SCALE 1 1 1
X 0.9750 -0.0174 -0.2216
Y -0.2221 -0.0298 -0.9746
Z 0.0104 0.9994 -0.0330

PART 68
OFFSET 15.5629 -0.0802 -4.3257
SCALE 1 1 1
X 0.1950 -0.9756 0.1005
Y -0.0909 0.0841 0.9923
Z -0.9766 -0.2026 -0.0723

PART 69
OFFSET 16.1322 -2.2325 -3.9675
SCALE 1 1 1
X -0.1042 0.0468 0.9935
Y -0.6694 0.7354 -0.1048
Z -0.7355 -0.6760 -0.0454

PART 70
OFFSET 15.9846 -2.1663 -2.5610
SCALE 1 1 1
X -0.5755 0.6086 0.5463
Y -0.3817 0.3910 -0.8375
Z -0.7233 -0.6905 0.0073

PART 71
OFFSET 11.7081 -0.1482 -2.7419
SCALE 1 1 1
X 1.0000 0.0016 -0.0037
Y -0.0016 1.0000 0.0032
Z 0.0037 -0.0032 1.0000

PART 72
OFFSET 9.9026 -0.7494 -5.7809
SCALE 1 1 1
X -0.0201 -0.8598 0.5102
Y 0.9992 -0.0001 0.0391
Z -0.0336 0.5106 0.8592

PART 73
OFFSET 11.4420 -1.9625 -1.6449
SCALE 1 1 1
X 0.9999 0.0016 0.0167
Y -0.0016 1.0000 0.0032
Z -0.0167 -0.0032 0.9999

PART 74
OFFSET 39.5660 -0.1074 -1.3242
SCALE 1 1 1
X 1.0000 0.0016 -0.0037
Y -0.0016 1.0000 0.0032
Z 0.0037 -0.0032 1.0000

PART 75
OFFSET 9.0181 -0.0501 -1.6783
SCALE 1 1 1
X 0.9836 0.1083 0.1443
Y -0.1090 0.9940 -0.0025
Z -0.1437 -0.0132 0.9895

PART 76
OFFSET 3.1953 -0.4595 -3.3036
SCALE 1 1 1
X 0.8512 0.0284 0.5240
Y -0.2622 0.8879 0.3779
Z -0.4546 -0.4591 0.7633

PART 77
OFFSET 8.0743 0.3107 -1.3092
SCALE 1 1 1
X 1.0000 0.0016 -0.0037
Y -0.0016 1.0000 0.0032
Z 0.0037 -0.0032 1.0000

PART 78
OFFSET 35.3221 -0.1105 -2.5266
SCALE 1 1 1
X 0.9999 0.0016 0.0167
Y -0.0016 1.0000 0.0032
Z -0.0167 -0.0032 0.9999

PART 79
OFFSET 19.1264 6.1733 -16.5453
SCALE 1 1 1
X 0.8975 -0.3888 -0.2084
Y 0.1979 -0.0673 0.9779
Z -0.3942 -0.9189 0.0166


FRAME 23
PART 0
OFFSET 16.5072 -0.1503 -5.5516
SCALE 1 1 1
X 0.4631 -0.8644 0.1959
Y -0.1138 0.1613 0.9803
Z -0.8790 -0.4763 -0.0237

PART 1
OFFSET 16.5072 -0.1503 -5.5516
SCALE 1 1 1
X 0.4631 -0.8644 0.1959
Y -0.1138 0.1613 0.9803
Z -0.8790 -0.4763 -0.0237

PART 2
OFFSET 0.1601 -2.5497 -6.2432
SCALE 1 1 1
X -0.6251 -0.3319 0.7065
Y 0.2993 -0.9378 -0.1758
Z 0.7209 0.1015 0.6855

PART 3
OFFSET 1.6328 -1.6740 -7.7091
SCALE 1 1 1
X -0.0849 -0.9612 0.2626
Y 0.3943 -0.2745 -0.8770
Z 0.9151 0.0291 0.4023

PART 4
OFFSET 1.7531 -0.3133 -8.0809
SCALE 1 1 1
X 0.3051 -0.6965 -0.6495
Y 0.3121 0.7175 -0.6228
Z 0.8997 -0.0127 0.4363

PART 5
OFFSET 1.4825 0.3043 -7.5051
SCALE 1 1 1
X 0.3890 -0.3406 -0.8560
Y 0.1006 0.9393 -0.3281
Z 0.9157 0.0415 0.3996

PART 6
OFFSET 1.1129 0.6278 -6.6919
SCALE 1 1 1
X -0.4931 -0.3351 0.8028
Y -0.0587 0.9335 0.3537
Z -0.8680 0.1273 -0.4800

PART 7
OFFSET 0.5604 -2.7106 -5.6745
SCALE 1 1 1
X -0.8216 -0.2975 0.4863
Y 0.2583 -0.9547 -0.1476
Z 0.5082 0.0044 0.8612

PART 8
OFFSET 2.6229 -1.9602 -7.0678
SCALE 1 1 1
X -0.0202 -0.9990 0.0410
Y 0.5256 -0.0455 -0.8495
Z 0.8505 0.0044 0.5260

PART 9
OFFSET 2.6573 -0.2595 -7.1377
SCALE 1 1 1
X 0.4646 -0.4640 -0.7542
Y 0.2642 0.8856 -0.3821
Z 0.8452 -0.0218 0.5340

PART 10
OFFSET 2.0134 0.3836 -6.0924
SCALE 1 1 1
X 0.5224 0.2770 -0.8064
Y -0.1338 0.9607 0.2433
Z 0.8421 -0.0192 0.5389

PART 11
OFFSET 1.4469 0.0832 -5.2178
SCALE 1 1 1
X -0.3102 -0.7767 0.5482
Y -0.4451 0.6282 0.6382
Z -0.8401 -0.0461 -0.5405

PART 12
OFFSET -3.9292 -4.8291 -3.5266
SCALE 1 1 1
X -0.7768 -0.5399 0.3242
Y -0.5021 0.8417 0.1988
Z -0.3802 -0.0084 -0.9249

PART 13
OFFSET 3.6094 -2.5255 -5.2106
SCALE 1 1 1
X -0.9204 -0.2151 0.3266
Y 0.1960 -0.9764 -0.0907
Z 0.3384 -0.0195 0.9408

PART 14
OFFSET 5.2299 -2.1467 -5.7857
SCALE 1 1 1
X -0.6978 -0.6637 0.2695
Y 0.6350 -0.7472 -0.1961
Z 0.3315 0.0343 0.9428

PART 15
OFFSET 6.0983 -1.3378 -6.0560
SCALE 1 1 1
X -0.2110 -0.9768 0.0373
Y 0.9320 -0.2126 -0.2937
Z 0.2948 -0.0272 0.9552

PART 16
OFFSET 6.3366 -0.2345 -6.0981
SCALE 1 1 1
X -0.6897 0.5022 0.5217
Y 0.4386 0.8630 -0.2508
Z -0.5761 0.0559 -0.8154

PART 17
OFFSET 3.2052 -2.2422 -6.1990
SCALE 1 1 1
X -0.5490 -0.8256 0.1301
Y 0.7619 -0.5584 -0.3282
Z 0.3436 -0.0810 0.9356

PART 18
OFFSET 4.2777 -0.6293 -6.4532
SCALE 1 1 1
X 0.6453 -0.6991 -0.3080
Y 0.6638 0.7127 -0.2268
Z 0.3780 -0.0581 0.9240

PART 19
OFFSET 3.3351 0.3918 -6.0034
SCALE 1 1 1
X 0.8937 -0.2309 -0.3848
Y 0.2129 0.9730 -0.0893
Z 0.3950 -0.0021 0.9187

PART 20
OFFSET 2.3203 0.6540 -5.5742
SCALE 1 1 1
X -0.8465 -0.4443 0.2934
Y -0.3817 0.8906 0.2473
Z -0.3711 0.0973 -0.9235

PART 21
OFFSET 0.0000 0.0000 0.0000
SCALE 1 1 1
X 1.0000 0.0000 0.0000
Y 0.0000 1.0000 0.0000
Z 0.0000 0.0000 1.0000

PART 22
OFFSET 0.0000 0.0000 0.0000
SCALE 1 1 1
X 1.0000 0.0000 0.0000
Y 0.0000 1.0000 0.0000
Z 0.0000 0.0000 1.0000

PART 23
OFFSET 1.5404 0.0000 4.1357
SCALE 1 1 1
X 1.0000 0.0000 0.0000
Y 0.0000 1.0000 0.0000
Z 0.0000 0.0000 1.0000

PART 24
OFFSET 15.7652 -1.9830 -3.1396
SCALE 1 1 1
X -0.5883 0.6001 0.5421
Y -0.3287 0.4351 -0.8383
Z -0.7389 -0.6713 -0.0587

PART 25
OFFSET 15.2063 -1.4130 -2.6246
SCALE 1 1 1
X 0.7631 -0.6350 0.1201
Y 0.0371 -0.1425 -0.9891
Z 0.6452 0.7593 -0.0852

PART 26
OFFSET 16.5072 -0.1503 -5.5516
SCALE 1 1 1
X 0.4631 -0.8644 0.1959
Y -0.1138 0.1613 0.9803
Z -0.8790 -0.4763 -0.0237

PART 27
OFFSET 17.5810 -2.4680 -5.0682
SCALE 1 1 1
X 0.2063 -0.1837 0.9611
Y -0.6525 0.7061 0.2750
Z -0.7292 -0.6838 0.0258

PART 28
OFFSET 17.9322 -2.7807 -3.4319
SCALE 1 1 1
X -0.5529 0.6116 0.5659
Y -0.4229 0.3791 -0.8230
Z -0.7179 -0.6944 0.0490

PART 29
OFFSET 17.1659 -1.9331 -2.6476
SCALE 1 1 1
X -0.6314 0.6712 0.3883
Y -0.3019 0.2484 -0.9204
Z -0.7143 -0.6984 0.0458

PART 30
OFFSET 16.4811 -1.2051 -2.2265
SCALE 1 1 1
X 0.6547 -0.7262 0.2099
Y 0.1455 -0.1514 -0.9777
Z 0.7418 0.6706 0.0065

PART 31
OFFSET 19.3113 -0.0311 -4.9279
SCALE 1 1 1
X 0.5218 -0.7369 0.4298
Y 0.2895 -0.3210 -0.9018
Z 0.8024 0.5950 0.0459

PART 32
OFFSET 19.3638 -1.3242 -5.6392
SCALE 1 1 1
X 0.7767 -0.1870 0.6015
Y -0.5430 0.2852 0.7898
Z -0.3192 -0.9400 0.1200

PART 33
OFFSET 20.7313 -1.6534 -4.5802
SCALE 1 1 1
X 0.4182 -0.0578 0.9065
Y -0.8598 0.2967 0.4156
Z -0.2930 -0.9532 0.0744

PART 34
OFFSET 21.2575 -1.6657 -3.4826
SCALE 1 1 1
X -0.0440 0.1646 0.9854
Y -0.9589 0.2700 -0.0879
Z -0.2805 -0.9487 0.1459

PART 35
OFFSET 21.2078 -1.4798 -2.3696
SCALE 1 1 1
X 0.8010 -0.5641 -0.2004
Y -0.2077 0.0521 -0.9768
Z 0.5615 0.8241 -0.0754

PART 36
OFFSET 18.5211 -1.9969 -5.3988
SCALE 1 1 1
X 0.5289 -0.4394 0.7261
Y -0.4912 0.5393 0.6841
Z -0.6921 -0.7184 0.0694

PART 37
OFFSET 19.5543 -2.8553 -3.9802
SCALE 1 1 1
X -0.4621 0.5356 0.7068
Y -0.5167 0.4851 -0.7054
Z -0.7207 -0.6912 0.0526

PART 38
OFFSET 18.8793 -2.0730 -2.9478
SCALE 1 1 1
X -0.5151 0.5541 0.6540
Y -0.4421 0.4819 -0.7565
Z -0.7343 -0.6788 -0.0033

PART 39
OFFSET 18.2910 -1.4506 -2.2067
SCALE 1 1 1
X 0.7243 -0.6893 -0.0181
Y -0.0615 -0.0385 -0.9974
Z 0.6867 0.7235 -0.0703

PART 40
OFFSET 12.0032 -0.5224 -3.8660
SCALE 1 1 1
X 0.9999 0.0051 0.0097
Y -0.0051 1.0000 -0.0039
Z -0.0098 0.0039 0.9999

PART 41
OFFSET -4.2171 -1.4080 -1.8766
SCALE 1 1 1
X 0.2037 0.9402 0.2729
Y 0.0076 -0.2803 0.9599
Z 0.9790 -0.1934 -0.0643

PART 42
OFFSET -6.6802 -12.7791 -5.1772
SCALE 1 1 1
X -0.5486 -0.8360 -0.0084
Y 0.6659 -0.4308 -0.6091
Z 0.5056 -0.3397 0.7931

PART 43
OFFSET -2.0141 -5.6682 -5.1059
SCALE 1 1 1
X -0.5486 -0.8360 -0.0084
Y -0.1729 0.1232 -0.9772
Z 0.8180 -0.5346 -0.2121

PART 44
OFFSET -2.3407 -3.7243 -6.1102
SCALE 1 1 1
X -0.5540 -0.8325 -0.0069
Y -0.5136 0.3482 -0.7842
Z 0.6553 -0.4309 -0.6205

PART 45
OFFSET -2.2041 -3.3690 -4.8976
SCALE 1 1 1
X -0.5540 -0.8325 -0.0069
Y -0.5136 0.3482 -0.7842
Z 0.6553 -0.4309 -0.6205

PART 46
OFFSET -0.9660 -4.0806 -3.3897
SCALE 1 1 1
X -0.5540 -0.8325 -0.0069
Y -0.5136 0.3482 -0.7842
Z 0.6553 -0.4309 -0.6205

PART 47
OFFSET -0.3322 -3.1052 -5.0802
SCALE 1 1 1
X -0.9429 -0.2649 0.2019
Y -0.2421 0.1291 -0.9616
Z 0.2287 -0.9556 -0.1859

PART 48
OFFSET 0.2317 -2.7182 -4.1668
SCALE 1 1 1
X -0.5474 -0.8142 -0.1936
Y 0.1702 0.1182 -0.9783
Z 0.8194 -0.5685 0.0738

PART 49
OFFSET 1.3503 -0.9415 -3.6555
SCALE 1 1 1
X -0.7126 -0.6974 0.0763
Y 0.1478 -0.2555 -0.9554
Z 0.6858 -0.6696 0.2851

PART 50
OFFSET 2.4327 0.2442 -3.8676
SCALE 1 1 1
X -0.5705 -0.5299 0.6274
Y -0.2567 -0.6106 -0.7492
Z 0.7801 -0.5885 0.2124

PART 51
OFFSET 3.0184 0.8545 -4.5431
SCALE 1 1 1
X -0.9752 -0.1390 0.1724
Y -0.1863 0.9358 -0.2994
Z -0.1197 -0.3241 -0.9384

PART 52
OFFSET 0.5604 -2.7106 -5.6745
SCALE 1 1 1
X -0.8216 -0.2975 0.4863
Y 0.2583 -0.9547 -0.1476
Z 0.5082 0.0044 0.8612

PART 53
OFFSET 0.5604 -2.7106 -5.6745
SCALE 1 1 1
X -0.8216 -0.2975 0.4863
Y 0.2583 -0.9547 -0.1476
Z 0.5082 0.0044 0.8612

PART 54
OFFSET 4.1005 -0.9076 -2.2795
SCALE 1 1 1
X 0.9999 0.0051 0.0097
Y -0.0051 1.0000 -0.0039
Z -0.0098 0.0039 0.9999

PART 55
OFFSET -0.4901 6.4300 -5.2207
SCALE 1 1 1
X 0.8156 0.1273 -0.5644
Y 0.0181 -0.9806 -0.1951
Z -0.5783 0.1489 -0.8021

PART 56
OFFSET 9.3737 7.9695 -12.0469
SCALE 1 1 1
X 0.5754 -0.6146 0.5396
Y -0.7687 -0.1811 0.6134
Z -0.2793 -0.7678 -0.5767

PART 57
OFFSET 14.2678 2.7420 -7.4575
SCALE 1 1 1
X 0.5754 -0.6146 0.5396
Y 0.7574 0.6494 -0.0680
Z -0.3086 0.4478 0.8392

PART 58
OFFSET 16.0972 3.4296 -6.0368
SCALE 1 1 1
X 0.5808 -0.6114 0.5375
Y 0.2886 0.7720 0.5663
Z -0.7612 -0.1737 0.6248

PART 59
OFFSET 15.6126 1.7854 -8.1016
SCALE 1 1 1
X 0.5808 -0.6114 0.5375
Y 0.2886 0.7720 0.5663
Z -0.7612 -0.1737 0.6248

PART 60
OFFSET 14.7391 2.4674 -4.7161
SCALE 1 1 1
X 0.5808 -0.6114 0.5375
Y 0.2886 0.7720 0.5663
Z -0.7612 -0.1737 0.6248

PART 61
OFFSET 14.1776 1.2367 -5.7038
SCALE 1 1 1
X 0.5808 -0.6114 0.5375
Y 0.2886 0.7720 0.5663
Z -0.7612 -0.1737 0.6248

PART 62
OFFSET 13.6460 0.2827 -6.9297
SCALE 1 1 1
X 0.5808 -0.6114 0.5375
Y 0.2886 0.7720 0.5663
Z -0.7612 -0.1737 0.6248

PART 63
OFFSET 16.0319 0.8578 -5.8032
SCALE 1 1 1
X 0.7147 -0.6830 0.1503
Y 0.6971 0.7132 -0.0734
Z -0.0571 0.1573 0.9859

PART 64
OFFSET 17.0026 1.3034 -5.4016
SCALE 1 1 1
X 0.8861 -0.0645 0.4590
Y 0.1059 0.9922 -0.0650
Z -0.4512 0.1062 0.8861

PART 65
OFFSET 18.9002 1.2692 -4.3684
SCALE 1 1 1
X 0.9299 -0.1408 0.3399
Y 0.0807 0.9794 0.1849
Z -0.3589 -0.1445 0.9221

PART 66
OFFSET 20.3564 0.9672 -3.7275
SCALE 1 1 1
X 0.8399 -0.3383 0.4244
Y 0.2709 0.9389 0.2123
Z -0.4703 -0.0634 0.8802

PART 67
OFFSET 21.2477 0.6144 -3.2246
SCALE 1 1 1
X 0.9779 -0.0156 -0.2084
Y -0.2088 -0.0375 -0.9772
Z 0.0074 0.9992 -0.0399

PART 68
OFFSET 15.8787 -0.4521 -5.3982
SCALE 1 1 1
X 0.1969 -0.9742 0.1101
Y -0.1045 0.0908 0.9904
Z -0.9748 -0.2066 -0.0840

PART 69
OFFSET 16.4504 -2.5998 -5.0172
SCALE 1 1 1
X -0.1178 0.0534 0.9916
Y -0.6704 0.7324 -0.1191
Z -0.7326 -0.6788 -0.0504

PART 70
OFFSET 16.2837 -2.5242 -3.6133
SCALE 1 1 1
X -0.5848 0.6104 0.5342
Y -0.3717 0.3837 -0.8453
Z -0.7210 -0.6930 0.0025

PART 71
OFFSET 12.0032 -0.5224 -3.8660
SCALE 1 1 1
X 0.9999 0.0051 0.0097
Y -0.0051 1.0000 -0.0039
Z -0.0098 0.0039 0.9999

PART 72
OFFSET 10.2408 -1.1513 -6.9246
SCALE 1 1 1
X -0.0240 -0.8563 0.5160
Y 0.9986 0.0037 0.0525
Z -0.0469 0.5165 0.8550

PART 73
OFFSET 11.7285 -2.3298 -2.7598
SCALE 1 1 1
X 0.9995 0.0052 0.0302
Y -0.0051 1.0000 -0.0039
Z -0.0302 0.0038 0.9995

PART 74
OFFSET 39.8391 -0.3745 -2.0743
SCALE 1 1 1
X 0.9999 0.0051 0.0097
Y -0.0051 1.0000 -0.0039
Z -0.0098 0.0039 0.9999

PART 75
OFFSET 9.2988 -0.4261 -2.8393
SCALE 1 1 1
X 0.9812 0.1127 0.1567
Y -0.1124 0.9936 -0.0111
Z -0.1570 -0.0068 0.9876

PART 76
OFFSET 3.4998 -0.8673 -4.5398
SCALE 1 1 1
X 0.8440 0.0350 0.5352
Y -0.2703 0.8897 0.3680
Z -0.4633 -0.4553 0.7603

PART 77
OFFSET 8.3489 -0.0661 -2.4855
SCALE 1 1 1
X 0.9999 0.0051 0.0097
Y -0.0051 1.0000 -0.0039
Z -0.0098 0.0039 0.9999

PART 78
OFFSET 35.6119 -0.4008 -3.3336
SCALE 1 1 1
X 0.9995 0.0052 0.0302
Y -0.0051 1.0000 -0.0039
Z -0.0302 0.0038 0.9995

PART 79
OFFSET 19.5852 5.7275 -17.6129
SCALE 1 1 1
X 0.9015 -0.3871 -0.1935
Y 0.1850 -0.0597 0.9809
Z -0.3913 -0.9201 0.0178


FRAME 24
PART 0
OFFSET 16.8975 -0.5990 -6.7268
SCALE 1 1 1
X 0.4638 -0.8609 0.2093
Y -0.1247 0.1704 0.9774
Z -0.8771 -0.4794 -0.0283

PART 1
OFFSET 16.8975 -0.5990 -6.7268
SCALE 1 1 1
X 0.4638 -0.8609 0.2093
Y -0.1247 0.1704 0.9774
Z -0.8771 -0.4794 -0.0283

PART 2
OFFSET 0.5666 -3.0600 -7.5680
SCALE 1 1 1
X -0.6314 -0.3271 0.7030
Y 0.3042 -0.9385 -0.1635
Z 0.7133 0.1106 0.6921

PART 3
OFFSET 2.0520 -2.1938 -9.0268
SCALE 1 1 1
X -0.0845 -0.9588 0.2711
Y 0.4045 -0.2817 -0.8701
Z 0.9106 0.0361 0.4116

PART 4
OFFSET 2.1717 -0.8363 -9.4106
SCALE 1 1 1
X 0.3143 -0.7018 -0.6393
Y 0.3164 0.7124 -0.6264
Z 0.8951 -0.0054 0.4459

PART 5
OFFSET 1.8930 -0.2141 -8.8437
SCALE 1 1 1
X 0.3992 -0.3476 -0.8484
Y 0.1010 0.9364 -0.3361
Z 0.9113 0.0485 0.4089

PART 6
OFFSET 1.5138 0.1162 -8.0377
SCALE 1 1 1
X -0.5005 -0.3289 0.8008
Y -0.0655 0.9367 0.3439
Z -0.8633 0.1197 -0.4904

PART 7
OFFSET 0.9613 -3.2141 -6.9936
SCALE 1 1 1
X -0.8257 -0.2955 0.4805
Y 0.2630 -0.9552 -0.1355
Z 0.4990 0.0145 0.8665

PART 8
OFFSET 3.0361 -2.4703 -8.3723
SCALE 1 1 1
X -0.0174 -0.9986 0.0506
Y 0.5348 -0.0521 -0.8434
Z 0.8448 0.0124 0.5349

PART 9
OFFSET 3.0657 -0.7703 -8.4584
SCALE 1 1 1
X 0.4741 -0.4698 -0.7447
Y 0.2654 0.8827 -0.3879
Z 0.8395 -0.0137 0.5431

PART 10
OFFSET 2.4086 -0.1192 -7.4264
SCALE 1 1 1
X 0.5300 0.2709 -0.8035
Y -0.1395 0.9625 0.2325
Z 0.8364 -0.0112 0.5480

PART 11
OFFSET 1.8338 -0.4130 -6.5549
SCALE 1 1 1
X -0.3134 -0.7723 0.5525
Y -0.4539 0.6329 0.6273
Z -0.8341 -0.0541 -0.5489

PART 12
OFFSET -3.5439 -5.3266 -4.8727
SCALE 1 1 1
X -0.7784 -0.5394 0.3213
Y -0.5069 0.8419 0.1852
Z -0.3704 -0.0187 -0.9287

PART 13
OFFSET 4.0047 -3.0141 -6.4993
SCALE 1 1 1
X -0.9231 -0.2150 0.3189
Y 0.2002 -0.9766 -0.0791
Z 0.3284 -0.0091 0.9445

PART 14
OFFSET 5.6299 -2.6356 -7.0608
SCALE 1 1 1
X -0.6984 -0.6634 0.2686
Y 0.6395 -0.7469 -0.1821
Z 0.3214 0.0446 0.9459

PART 15
OFFSET 6.4984 -1.8264 -7.3299
SCALE 1 1 1
X -0.2082 -0.9771 0.0446
Y 0.9357 -0.2123 -0.2818
Z 0.2848 -0.0169 0.9584

PART 16
OFFSET 6.7336 -0.7228 -7.3802
SCALE 1 1 1
X -0.6968 0.5049 0.5094
Y 0.4385 0.8619 -0.2546
Z -0.5676 0.0460 -0.8220

PART 17
OFFSET 3.6100 -2.7419 -7.4946
SCALE 1 1 1
X -0.5476 -0.8262 0.1324
Y 0.7672 -0.5590 -0.3146
Z 0.3339 -0.0707 0.9399

PART 18
OFFSET 4.6799 -1.1280 -7.7532
SCALE 1 1 1
X 0.6508 -0.6999 -0.2943
Y 0.6639 0.7127 -0.2267
Z 0.3684 -0.0478 0.9285

PART 19
OFFSET 3.7292 -0.1057 -7.3235
SCALE 1 1 1
X 0.8985 -0.2316 -0.3730
Y 0.2107 0.9728 -0.0966
Z 0.3852 0.0082 0.9228

PART 20
OFFSET 2.7091 0.1573 -6.9076
SCALE 1 1 1
X -0.8481 -0.4442 0.2887
Y -0.3872 0.8917 0.2345
Z -0.3616 0.0871 -0.9282

PART 21
OFFSET 0.0000 0.0000 0.0000
SCALE 1 1 1
X 1.0000 0.0000 0.0000
Y 0.0000 1.0000 0.0000
Z 0.0000 0.0000 1.0000

PART 22
OFFSET 0.0000 0.0000 0.0000
SCALE 1 1 1
X 1.0000 0.0000 0.0000
Y 0.0000 1.0000 0.0000
Z 0.0000 0.0000 1.0000

PART 23
OFFSET 1.5404 0.0000 4.1357
SCALE 1 1 1
X 1.0000 0.0000 0.0000
Y 0.0000 1.0000 0.0000
Z 0.0000 0.0000 1.0000

PART 24
OFFSET 16.1359 -2.4107 -4.3051
SCALE 1 1 1
X -0.5960 0.6033 0.5299
Y -0.3212 0.4258 -0.8459
Z -0.7360 -0.6743 -0.0600

PART 25
OFFSET 15.5697 -1.8375 -3.8016
SCALE 1 1 1
X 0.7639 -0.6312 0.1344
Y 0.0480 -0.1520 -0.9872
Z 0.6436 0.7606 -0.0858

PART 26
OFFSET 16.8975 -0.5990 -6.7268
SCALE 1 1 1
X 0.4638 -0.8609 0.2093
Y -0.1247 0.1704 0.9774
Z -0.8771 -0.4794 -0.0283

PART 27
OFFSET 17.9736 -2.9083 -6.2094
SCALE 1 1 1
X 0.1967 -0.1736 0.9650
Y -0.6577 0.7066 0.2612
Z -0.7272 -0.6860 0.0248

PART 28
OFFSET 18.3085 -3.2039 -4.5666
SCALE 1 1 1
X -0.5609 0.6152 0.5540
Y -0.4154 0.3697 -0.8311
Z -0.7161 -0.6963 0.0482

PART 29
OFFSET 17.5311 -2.3512 -3.7988
SCALE 1 1 1
X -0.6377 0.6729 0.3750
Y -0.2930 0.2384 -0.9259
Z -0.7124 -0.7003 0.0451

PART 30
OFFSET 16.8395 -1.6214 -3.3921
SCALE 1 1 1
X 0.6548 -0.7219 0.2239
Y 0.1563 -0.1605 -0.9746
Z 0.7395 0.6731 0.0078

PART 31
OFFSET 19.6945 -0.4643 -6.0747
SCALE 1 1 1
X 0.5196 -0.7309 0.4425
Y 0.3001 -0.3288 -0.8955
Z 0.8000 0.5981 0.0485

PART 32
OFFSET 19.7587 -1.7641 -6.7727
SCALE 1 1 1
X 0.7709 -0.1785 0.6115
Y -0.5523 0.2911 0.7812
Z -0.3174 -0.9399 0.1258

PART 33
OFFSET 21.1159 -2.0784 -5.6961
SCALE 1 1 1
X 0.4088 -0.0475 0.9114
Y -0.8651 0.2979 0.4035
Z -0.2907 -0.9534 0.0807

PART 34
OFFSET 21.6305 -2.0782 -4.5930
SCALE 1 1 1
X -0.0550 0.1740 0.9832
Y -0.9587 0.2659 -0.1007
Z -0.2789 -0.9482 0.1522

PART 35
OFFSET 21.5684 -1.8817 -3.4824
SCALE 1 1 1
X 0.8049 -0.5633 -0.1864
Y -0.1975 0.0419 -0.9794
Z 0.5596 0.8252 -0.0775

PART 36
OFFSET 18.9157 -2.4373 -6.5347
SCALE 1 1 1
X 0.5225 -0.4305 0.7359
Y -0.5002 0.5443 0.6735
Z -0.6905 -0.7200 0.0691

PART 37
OFFSET 19.9365 -3.2783 -5.0970
SCALE 1 1 1
X -0.4713 0.5409 0.6966
Y -0.5108 0.4765 -0.7156
Z -0.7190 -0.6931 0.0517

PART 38
OFFSET 19.2481 -2.4882 -4.0795
SCALE 1 1 1
X -0.5238 0.5587 0.6430
Y -0.4356 0.4730 -0.7658
Z -0.7320 -0.6813 -0.0044

PART 39
OFFSET 18.6499 -1.8607 -3.3507
SCALE 1 1 1
X 0.7267 -0.6870 -0.0036
Y -0.0508 -0.0484 -0.9975
Z 0.6851 0.7251 -0.0701

PART 40
OFFSET 12.3771 -0.9698 -5.0855
SCALE 1 1 1
X 0.9998 0.0086 0.0203
Y -0.0083 0.9999 -0.0137
Z -0.0204 0.0136 0.9997

PART 41
OFFSET -3.8604 -1.8906 -3.2594
SCALE 1 1 1
X 0.1977 0.9435 0.2658
Y -0.0017 -0.2709 0.9626
Z 0.9803 -0.1907 -0.0520

PART 42
OFFSET -6.2512 -13.3015 -6.4745
SCALE 1 1 1
X -0.5458 -0.8379 -0.0060
Y 0.6737 -0.4345 -0.5977
Z 0.4983 -0.3303 0.8017

PART 43
OFFSET -1.6094 -6.1746 -6.4234
SCALE 1 1 1
X -0.5458 -0.8379 -0.0060
Y -0.1629 0.1131 -0.9801
Z 0.8220 -0.5339 -0.1982

PART 44
OFFSET -1.9316 -4.2416 -7.4501
SCALE 1 1 1
X -0.5511 -0.8344 -0.0046
Y -0.5063 0.3389 -0.7930
Z 0.6632 -0.4347 -0.6092

PART 45
OFFSET -1.8091 -3.8742 -6.2396
SCALE 1 1 1
X -0.5511 -0.8344 -0.0046
Y -0.5063 0.3389 -0.7930
Z 0.6632 -0.4347 -0.6092

PART 46
OFFSET -0.5848 -4.5668 -4.7118
SCALE 1 1 1
X -0.5511 -0.8344 -0.0046
Y -0.5063 0.3389 -0.7930
Z 0.6632 -0.4347 -0.6092

PART 47
OFFSET 0.0637 -3.6058 -6.4050
SCALE 1 1 1
X -0.9441 -0.2661 0.1945
Y -0.2323 0.1189 -0.9653
Z 0.2337 -0.9566 -0.1741

PART 48
OFFSET 0.6167 -3.2081 -5.4894
SCALE 1 1 1
X -0.5427 -0.8177 -0.1919
Y 0.1811 0.1092 -0.9774
Z 0.8202 -0.5652 0.0889

PART 49
OFFSET 1.7241 -1.4230 -4.9827
SCALE 1 1 1
X -0.7112 -0.6992 0.0737
Y 0.1605 -0.2635 -0.9512
Z 0.6845 -0.6646 0.2996

PART 50
OFFSET 2.8051 -0.2356 -5.1921
SCALE 1 1 1
X -0.5764 -0.5260 0.6254
Y -0.2456 -0.6184 -0.7465
Z 0.7794 -0.5839 0.2273

PART 51
OFFSET 3.3969 0.3704 -5.8660
SCALE 1 1 1
X -0.9767 -0.1406 0.1618
Y -0.1856 0.9323 -0.3104
Z -0.1072 -0.3332 -0.9367

PART 52
OFFSET 0.9613 -3.2141 -6.9936
SCALE 1 1 1
X -0.8257 -0.2955 0.4805
Y 0.2630 -0.9552 -0.1355
Z 0.4990 0.0145 0.8665

PART 53
OFFSET 0.9613 -3.2141 -6.9936
SCALE 1 1 1
X -0.8257 -0.2955 0.4805
Y 0.2630 -0.9552 -0.1355
Z 0.4990 0.0145 0.8665

PART 54
OFFSET 4.4593 -1.3662 -3.5791
SCALE 1 1 1
X 0.9998 0.0086 0.0203
Y -0.0083 0.9999 -0.0137
Z -0.0204 0.0136 0.9997

PART 55
OFFSET -0.1237 5.9269 -6.6405
SCALE 1 1 1
X 0.8211 0.1245 -0.5570
Y 0.0233 -0.9824 -0.1853
Z -0.5703 0.1391 -0.8096

PART 56
OFFSET 9.8070 7.4330 -13.3765
SCALE 1 1 1
X 0.5716 -0.6074 0.5516
Y -0.7746 -0.1777 0.6070
Z -0.2706 -0.7743 -0.5721

PART 57
OFFSET 14.6691 2.2670 -8.6846
SCALE 1 1 1
X 0.5716 -0.6074 0.5516
Y 0.7560 0.6512 -0.0664
Z -0.3189 0.4550 0.8314

PART 58
OFFSET 16.4810 2.9746 -7.2514
SCALE 1 1 1
X 0.5770 -0.6042 0.5496
Y 0.2801 0.7785 0.5617
Z -0.7672 -0.1702 0.6184

PART 59
OFFSET 16.0237 1.3087 -9.3050
SCALE 1 1 1
X 0.5770 -0.6042 0.5496
Y 0.2801 0.7785 0.5617
Z -0.7672 -0.1702 0.6184

PART 60
OFFSET 15.1121 2.0207 -5.9359
SCALE 1 1 1
X 0.5770 -0.6042 0.5496
Y 0.2801 0.7785 0.5617
Z -0.7672 -0.1702 0.6184

PART 61
OFFSET 14.5652 0.7786 -6.9173
SCALE 1 1 1
X 0.5770 -0.6042 0.5496
Y 0.2801 0.7785 0.5617
Z -0.7672 -0.1702 0.6184

PART 62
OFFSET 14.0497 -0.1891 -8.1394
SCALE 1 1 1
X 0.5770 -0.6042 0.5496
Y 0.2801 0.7785 0.5617
Z -0.7672 -0.1702 0.6184

PART 63
OFFSET 16.4216 0.4050 -6.9934
SCALE 1 1 1
