// Export filename: `C:\cod5\cod\cod5\xanim_export\viewmodel\US\m1garand\m1garand_melee_bayonet.XANIM_EXPORT`
// Source filename: `C:\cod5\cod\cod5\animation_assets\viewmodel\US\m1_garand\viewmodelanimation_m1_garand.fbx`
// Export time: Mon Aug 27 15:36:46 2007

ANIMATION
VERSION 3

NUMPARTS 75
PART 0 "tag_camera"
PART 1 "tag_cambone"
PART 2 "J_WristTwist_LE"
PART 3 "J_Sleave_Reshape_Bottom_LE_1"
PART 4 "J_Sleave_Reshape_Bottom_LE_2"
PART 5 "J_Sleave_Reshape_Top_LE_1"
PART 6 "J_Sleave_Reshape_Top_LE_2"
PART 7 "J_Sleave_Reshape_Top_LE_3"
PART 8 "J_Thumb_LE_3"
PART 9 "J_Thumb_LE_2"
PART 10 "J_Thumb_LE_1"
PART 11 "J_Thumb_LE_0"
PART 12 "J_Pinky_LE_3"
PART 13 "J_Pinky_LE_2"
PART 14 "J_Pinky_LE_1"
PART 15 "J_Pinky_LE_0"
PART 16 "J_PinkyPalm_LE"
PART 17 "J_Ring_LE_3"
PART 18 "J_Ring_LE_2"
PART 19 "J_Ring_LE_1"
PART 20 "J_Ring_LE_0"
PART 21 "J_RingPalm_LE"
PART 22 "J_Webbing_LE"
PART 23 "Webbing_group_LE"
PART 24 "J_Index_LE_3"
PART 25 "J_Index_LE_2"
PART 26 "J_Index_LE_1"
PART 27 "J_Index_LE_0"
PART 28 "J_Mid_LE_3"
PART 29 "J_Mid_LE_2"
PART 30 "J_Mid_LE_1"
PART 31 "J_Mid_LE_0"
PART 32 "J_Wrist_LE"
PART 33 "J_Elbow_LE"
PART 34 "J_Shoulder_LE"
PART 35 "J_WristTwist_RI"
PART 36 "J_Sleave_Reshape_Top_RI_3"
PART 37 "J_Sleave_Reshape_Top_RI_2"
PART 38 "J_Sleave_Reshape_Top_RI_1"
PART 39 "J_Thumb_RI_3"
PART 40 "J_Thumb_RI_2"
PART 41 "J_Thumb_RI_1"
PART 42 "J_Thumb_RI_0"
PART 43 "J_Pinky_RI_3"
PART 44 "J_Pinky_RI_2"
PART 45 "J_Pinky_RI_1"
PART 46 "J_Pinky_RI_0"
PART 47 "J_PinkyPalm_RI"
PART 48 "J_Ring_RI_3"
PART 49 "J_Ring_RI_2"
PART 50 "J_Ring_RI_1"
PART 51 "J_Ring_RI_0"
PART 52 "J_RingPalm_RI"
PART 53 "J_Webbing_RI"
PART 54 "Webbing_group_LE1"
PART 55 "J_Index_RI_3"
PART 56 "J_Index_RI_2"
PART 57 "J_Index_RI_1"
PART 58 "J_Index_RI_0"
PART 59 "J_Mid_RI_3"
PART 60 "J_Mid_RI_2"
PART 61 "J_Mid_RI_1"
PART 62 "J_Mid_RI_0"
PART 63 "J_Wrist_RI"
PART 64 "J_Elbow_RI"
PART 65 "J_Shoulder_RI"
PART 66 "tag_torso"
PART 67 "tag_brass"
PART 68 "J_Bolt"
PART 69 "tag_flash"
PART 70 "j_stripper"
PART 71 "J_Clip"
PART 72 "joint1"
PART 73 "tag_weapon"
PART 74 "J_Gun"

FRAMERATE 30
NUMFRAMES 144

FRAME 7
PART 0
OFFSET 0.0000 1.1090 0.0000
SCALE 1 1 1
X 0.9989 -0.0000 -0.0459
Y 0.0022 0.9989 0.0472
Z 0.0458 -0.0472 0.9978

PART 1
OFFSET 0.0000 0.0000 0.0000
SCALE 1 1 1
X 1.0000 0.0000 -0.0000
Y -0.0000 1.0000 0.0000
Z 0.0000 -0.0000 1.0000

PART 2
OFFSET 13.4884 -6.0718 -10.6345
SCALE 1 1 1
X 0.8909 -0.3395 0.3018
Y -0.0839 0.5300 0.8439
Z -0.4465 -0.7771 0.4437

PART 3
OFFSET 15.2217 -6.4090 -11.5021
SCALE 1 1 1
X 0.8926 -0.3405 0.2955
Y 0.4451 0.7703 -0.4566
Z -0.0722 0.5391 0.8392

PART 4
OFFSET 14.1711 -7.6491 -11.0640
SCALE 1 1 1
X 0.8926 -0.3405 0.2955
Y 0.4451 0.7703 -0.4566
Z -0.0722 0.5391 0.8392

PART 5
OFFSET 15.4270 -5.3272 -9.1518
SCALE 1 1 1
X 0.8926 -0.3405 0.2955
Y 0.4451 0.7703 -0.4566
Z -0.0722 0.5391 0.8392

PART 6
OFFSET 14.7288 -6.2085 -8.4119
SCALE 1 1 1
X 0.8926 -0.3405 0.2955
Y 0.4451 0.7703 -0.4566
Z -0.0722 0.5391 0.8392

PART 7
OFFSET 14.1964 -7.0577 -9.0685
SCALE 1 1 1
X 0.8926 -0.3405 0.2955
Y 0.4451 0.7703 -0.4566
Z -0.0722 0.5391 0.8392

PART 8
OFFSET 20.1641 -9.6911 -7.9025
SCALE 1 1 1
X 0.9580 0.0170 -0.2863
Y -0.0155 0.9999 0.0076
Z 0.2864 -0.0029 0.9581

PART 9
OFFSET 19.5187 -9.0411 -7.3256
SCALE 1 1 1
X 0.6162 -0.5638 -0.5499
Y 0.4689 -0.2984 0.8313
Z -0.6328 -0.7701 0.0805

PART 10
OFFSET 18.1750 -8.1374 -7.3348
SCALE 1 1 1
X 0.7921 -0.5978 0.1233
Y -0.0548 0.1315 0.9898
Z -0.6079 -0.7908 0.0714

PART 11
OFFSET 17.0394 -7.2087 -8.9214
SCALE 1 1 1
X 0.5649 -0.4373 0.6997
Y -0.4496 0.5480 0.7054
Z -0.6919 -0.7131 0.1129

PART 12
OFFSET 17.0738 -10.1444 -9.9993
SCALE 1 1 1
X 0.6580 -0.6623 -0.3583
Y 0.0535 0.5158 -0.8551
Z 0.7511 0.5435 0.3748

PART 13
OFFSET 17.5634 -10.3257 -10.7930
SCALE 1 1 1
X -0.5153 0.1909 0.8355
Y -0.2302 0.9082 -0.3495
Z -0.8255 -0.3724 -0.4241

PART 14
OFFSET 17.8408 -10.0602 -11.5921
SCALE 1 1 1
X -0.3129 -0.2995 0.9013
Y -0.5344 0.8400 0.0936
Z -0.7852 -0.4523 -0.4229

PART 15
OFFSET 17.7096 -8.9182 -12.4186
SCALE 1 1 1
X 0.0926 -0.8066 0.5838
Y -0.5779 0.4339 0.6912
Z -0.8108 -0.4014 -0.4260

PART 16
OFFSET 16.5051 -7.8759 -10.8226
SCALE 1 1 1
X -0.9215 -0.1839 -0.3421
Y -0.0530 -0.8130 0.5799
Z -0.3847 0.5525 0.7394

PART 17
OFFSET 18.1524 -9.9754 -9.1774
SCALE 1 1 1
X 0.4405 -0.7566 -0.4832
Y 0.1420 0.5902 -0.7946
Z 0.8864 0.2814 0.3675

PART 18
OFFSET 18.6472 -10.2761 -10.0944
SCALE 1 1 1
X -0.4562 0.2772 0.8456
Y -0.1916 0.8974 -0.3975
Z -0.8690 -0.3434 -0.3563

PART 19
OFFSET 18.9969 -9.8906 -11.3789
SCALE 1 1 1
X -0.2523 -0.2781 0.9268
Y -0.6765 0.7355 0.0365
Z -0.6918 -0.6178 -0.3737

PART 20
OFFSET 18.7636 -8.3851 -12.1388
SCALE 1 1 1
X 0.1370 -0.8843 0.4463
Y -0.4430 0.3483 0.8261
Z -0.8860 -0.3109 -0.3440

PART 21
OFFSET 16.9973 -7.5426 -10.4274
SCALE 1 1 1
X -0.7691 -0.3065 -0.5608
Y -0.0711 -0.8310 0.5517
Z -0.6351 0.4642 0.6173

PART 22
OFFSET 19.6751 -7.6263 -9.3839
SCALE 1 1 1
X 0.7546 -0.5177 -0.4032
Y 0.2969 0.8173 -0.4938
Z 0.5852 0.2530 0.7705

PART 23
OFFSET 16.2693 -6.5394 -8.5092
SCALE 1 1 1
X 0.8981 -0.2056 -0.3887
Y 0.4393 0.3801 0.8140
Z -0.0196 -0.9018 0.4317

PART 24
OFFSET 20.4158 -9.6976 -8.7778
SCALE 1 1 1
X 0.4206 -0.8752 -0.2390
Y 0.4087 0.4180 -0.8113
Z 0.8100 0.2435 0.5335

PART 25
OFFSET 20.9731 -9.5833 -9.7536
SCALE 1 1 1
X -0.4934 -0.1011 0.8639
Y -0.5080 0.8397 -0.1918
Z -0.7060 -0.5335 -0.4657

PART 26
OFFSET 21.0003 -8.7751 -10.6634
SCALE 1 1 1
X -0.0223 -0.6640 0.7474
Y -0.7288 0.5225 0.4424
Z -0.6843 -0.5349 -0.4956

PART 27
OFFSET 20.0577 -7.2919 -10.7705
SCALE 1 1 1
X 0.5354 -0.8424 0.0609
Y -0.4281 -0.2085 0.8793
Z -0.7281 -0.4968 -0.4723

PART 28
OFFSET 19.1108 -9.5524 -8.8317
SCALE 1 1 1
X 0.5095 -0.8439 -0.1682
Y 0.2424 0.3283 -0.9130
Z 0.8256 0.4244 0.3718

PART 29
OFFSET 19.7343 -10.0442 -9.6393
SCALE 1 1 1
X -0.5453 0.4368 0.7154
Y -0.0594 0.8312 -0.5528
Z -0.8361 -0.3439 -0.4273

PART 30
OFFSET 20.1553 -9.5857 -10.9607
SCALE 1 1 1
X -0.2882 -0.3139 0.9047
Y -0.9079 0.3900 -0.1539
Z -0.3045 -0.8657 -0.3973

PART 31
OFFSET 19.4818 -7.8441 -11.5347
SCALE 1 1 1
X 0.3448 -0.8915 0.2938
Y -0.4836 0.0996 0.8696
Z -0.8045 -0.4419 -0.3968

PART 32
OFFSET 16.2195 -7.1127 -9.7093
SCALE 1 1 1
X 0.8981 -0.2056 -0.3887
Y 0.4393 0.3801 0.8140
Z -0.0196 -0.9018 0.4317

PART 33
OFFSET 5.9111 -3.1840 -13.2014
SCALE 1 1 1
X 0.8909 -0.3395 0.3018
Y -0.0839 0.5300 0.8439
Z -0.4465 -0.7771 0.4437

PART 34
OFFSET -2.0574 0.2718 -4.7858
SCALE 1 1 1
X 0.6589 -0.2858 -0.6959
Y 0.0201 -0.9180 0.3960
Z -0.7520 -0.2750 -0.5991

PART 35
OFFSET -1.1334 -12.8461 -15.2835
SCALE 1 1 1
X -0.9575 -0.2720 -0.0964
Y 0.0740 0.0912 -0.9931
Z 0.2789 -0.9580 -0.0672

PART 36
OFFSET -0.1304 -11.4257 -14.3335
SCALE 1 1 1
X -0.9587 -0.2699 -0.0902
Y -0.2772 0.9573 0.0818
Z 0.0643 0.1034 -0.9926

PART 37
OFFSET 0.3353 -11.9895 -13.3843
SCALE 1 1 1
X -0.9587 -0.2699 -0.0902
Y -0.2772 0.9573 0.0818
Z 0.0643 0.1034 -0.9926

PART 38
OFFSET 0.8162 -13.2120 -13.6784
SCALE 1 1 1
X -0.9587 -0.2699 -0.0902
Y -0.2772 0.9573 0.0818
Z 0.0643 0.1034 -0.9926

PART 39
OFFSET 5.3194 -8.6076 -13.0497
SCALE 1 1 1
X -0.9799 -0.0689 0.1874
Y -0.0444 0.9902 0.1322
Z -0.1946 0.1212 -0.9734

PART 40
OFFSET 4.6632 -9.3630 -12.6366
SCALE 1 1 1
X -0.6298 -0.6650 0.4014
Y -0.3700 -0.1976 -0.9078
Z 0.6830 -0.7203 -0.1216

PART 41
OFFSET 3.4048 -10.3814 -12.6743
SCALE 1 1 1
X -0.8190 -0.5711 -0.0558
Y 0.0098 0.0833 -0.9965
Z 0.5737 -0.8166 -0.0626

PART 42
OFFSET 2.1620 -11.5285 -14.0194
SCALE 1 1 1
X -0.6077 -0.5405 -0.5819
Y 0.2709 0.5477 -0.7916
Z 0.7466 -0.6387 -0.1864

PART 43
OFFSET 2.0611 -8.8495 -16.1508
SCALE 1 1 1
X -0.8064 -0.5691 -0.1608
Y -0.5541 0.6318 0.5421
Z -0.2069 0.5262 -0.8248

PART 44
OFFSET 2.9799 -8.8073 -16.3887
SCALE 1 1 1
X 0.9671 0.0444 -0.2504
Y 0.0487 0.9341 0.3537
Z 0.2497 -0.3543 0.9012

PART 45
OFFSET 3.6705 -9.2322 -16.7474
SCALE 1 1 1
X 0.7789 -0.4793 -0.4046
Y 0.5918 0.7751 0.2211
Z 0.2076 -0.4117 0.8874

PART 46
OFFSET 4.0135 -10.4695 -17.3440
SCALE 1 1 1
X 0.2422 -0.8739 -0.4214
Y 0.9411 0.3172 -0.1168
Z 0.2358 -0.3683 0.8993

PART 47
OFFSET 2.4189 -11.4497 -16.0865
SCALE 1 1 1
X -0.6390 -0.6201 0.4552
Y 0.6969 -0.7172 0.0013
Z 0.3257 0.3181 0.8904

PART 48
OFFSET 2.7313 -8.3278 -15.1122
SCALE 1 1 1
X -0.6638 -0.6276 0.4067
Y -0.5382 0.7785 0.3229
Z -0.5193 -0.0046 -0.8546

PART 49
OFFSET 3.6646 -8.2539 -15.6597
SCALE 1 1 1
X 0.8605 0.0681 -0.5049
Y -0.0283 0.9959 0.0860
Z 0.5086 -0.0597 0.8589

PART 50
OFFSET 4.6714 -8.9445 -16.3156
SCALE 1 1 1
X 0.7265 -0.4983 -0.4732
Y 0.4557 0.8648 -0.2110
Z 0.5143 -0.0624 0.8553

PART 51
OFFSET 4.9079 -10.6160 -16.5365
SCALE 1 1 1
X 0.1389 -0.9818 -0.1298
Y 0.8424 0.1860 -0.5057
Z 0.5206 -0.0391 0.8529

PART 52
OFFSET 2.7339 -11.5419 -15.4525
SCALE 1 1 1
X -0.7918 -0.5447 0.2763
Y 0.5762 -0.8162 0.0420
Z 0.2026 0.1925 0.9602

PART 53
OFFSET -1.7999 -14.0732 -13.9375
SCALE 1 1 1
X -0.7581 -0.6119 0.2253
Y -0.6145 0.7861 0.0673
Z -0.2183 -0.0874 -0.9720

PART 54
OFFSET 1.4113 -12.2850 -13.7453
SCALE 1 1 1
X -0.9299 -0.3626 0.0624
Y -0.0914 0.0633 -0.9938
Z 0.3564 -0.9298 -0.0920

PART 55
OFFSET 7.8972 -8.1573 -13.9608
SCALE 1 1 1
X -0.8598 0.2393 0.4511
Y 0.3247 0.9380 0.1212
Z -0.3941 0.2507 -0.8842

PART 56
OFFSET 7.8506 -9.2360 -14.2925
SCALE 1 1 1
X -0.0413 -0.9550 -0.2937
Y 0.9952 -0.0131 -0.0975
Z 0.0892 -0.2963 0.9509

PART 57
OFFSET 7.2246 -10.2539 -14.5241
SCALE 1 1 1
X -0.5097 -0.8486 -0.1421
Y 0.8539 -0.4785 -0.2048
Z 0.1058 -0.2257 0.9684

PART 58
OFFSET 5.6265 -10.9928 -14.5158
SCALE 1 1 1
X -0.9077 -0.4197 0.0047
Y 0.3984 -0.8650 -0.3052
Z 0.1322 -0.2751 0.9523

PART 59
OFFSET 3.5698 -8.1090 -14.0871
SCALE 1 1 1
X -0.7988 -0.5994 -0.0515
Y -0.5603 0.7101 0.4264
Z -0.2190 0.3695 -0.9031

PART 60
OFFSET 4.6722 -8.1068 -14.3472
SCALE 1 1 1
X 0.9719 0.0042 -0.2352
Y 0.0611 0.9610 0.2696
Z 0.2272 -0.2764 0.9338

PART 61
OFFSET 5.6935 -8.9885 -14.9066
SCALE 1 1 1
X 0.6992 -0.6036 -0.3830
Y 0.6813 0.7250 0.1012
Z 0.2166 -0.3317 0.9182

PART 62
OFFSET 5.3643 -10.7960 -15.5708
SCALE 1 1 1
X -0.1685 -0.9252 -0.3400
Y 0.9661 -0.0865 -0.2434
Z 0.1958 -0.3694 0.9084

PART 63
OFFSET 1.8019 -12.0122 -14.9881
SCALE 1 1 1
X -0.9299 -0.3626 0.0624
Y -0.0914 0.0633 -0.9938
Z 0.3564 -0.9298 -0.0920

PART 64
OFFSET -9.2770 -15.1593 -16.1031
SCALE 1 1 1
X -0.9575 -0.2720 -0.0964
Y 0.0740 0.0912 -0.9931
Z 0.2789 -0.9580 -0.0672

PART 65
OFFSET -10.3420 -11.2068 -4.7231
SCALE 1 1 1
X -0.0881 0.3268 0.9410
Y -0.2932 -0.9113 0.2891
Z 0.9520 -0.2504 0.1761

PART 66
OFFSET -5.8078 -5.6719 -0.5851
SCALE 1 1 1
X 1.0000 0.0000 0.0000
Y -0.0000 1.0000 0.0000
Z 0.0000 -0.0000 1.0000

PART 67
OFFSET 11.2601 -9.9317 -9.7686
SCALE 1 1 1
X 0.9826 0.0531 0.1782
Y -0.0740 0.9909 0.1127
Z -0.1706 -0.1239 0.9775

PART 68
OFFSET 10.0156 -11.1288 -10.7287
SCALE 1 1 1
X 0.9789 0.0506 0.1982
Y -0.0740 0.9909 0.1127
Z -0.1907 -0.1250 0.9737

PART 69
OFFSET 40.3655 -7.7406 -4.5300
SCALE 1 1 1
X 0.9826 0.0531 0.1782
Y -0.0740 0.9909 0.1127
Z -0.1706 -0.1239 0.9775

PART 70
OFFSET 10.7023 -9.1329 -11.7066
SCALE 1 1 1
X 0.9946 -0.0000 0.1036
Y -0.0045 0.9991 0.0432
Z -0.1035 -0.0435 0.9937

PART 71
OFFSET 11.5967 -9.1753 -11.2135
SCALE 1 1 1
X 0.9826 0.0531 0.1782
Y -0.0740 0.9909 0.1127
Z -0.1706 -0.1239 0.9775

PART 72
OFFSET 7.3979 -9.0434 -10.5547
SCALE 1 1 1
X 0.9826 0.0531 0.1782
Y -0.0740 0.9909 0.1127
Z -0.1706 -0.1239 0.9775

PART 73
OFFSET 13.2584 -9.0310 -10.9806
SCALE 1 1 1
X 0.9826 0.0531 0.1782
Y -0.0740 0.9909 0.1127
Z -0.1706 -0.1239 0.9775

PART 74
OFFSET 13.2584 -9.0310 -10.9806
SCALE 1 1 1
X 0.9826 0.0531 0.1782
Y -0.0740 0.9909 0.1127
Z -0.1706 -0.1239 0.9775


FRAME 8
PART 0
OFFSET 0.0000 1.1454 0.0000
SCALE 1 1 1
X 0.9991 -0.0000 -0.0432
Y 0.0023 0.9986 0.0526
Z 0.0432 -0.0526 0.9977

PART 1
OFFSET 0.0000 0.0000 0.0000
SCALE 1 1 1
X 1.0000 0.0000 -0.0000
Y -0.0000 1.0000 0.0000
Z 0.0000 -0.0000 1.0000

PART 2
OFFSET 12.3207 -7.5305 -10.4440
SCALE 1 1 1
X 0.8327 -0.3130 0.4569
Y -0.0249 0.8029 0.5955
Z -0.5532 -0.5073 0.6608

PART 3
OFFSET 14.0062 -8.3608 -11.0273
SCALE 1 1 1
X 0.8343 -0.3164 0.4515
Y 0.5512 0.4966 -0.6705
Z -0.0120 0.8083 0.5887

PART 4
OFFSET 12.7924 -9.2265 -10.2458
SCALE 1 1 1
X 0.8343 -0.3164 0.4515
Y 0.5512 0.4966 -0.6705
Z -0.0120 0.8083 0.5887

PART 5
OFFSET 14.3189 -6.5422 -9.2022
SCALE 1 1 1
X 0.8343 -0.3164 0.4515
Y 0.5512 0.4966 -0.6705
Z -0.0120 0.8083 0.5887

PART 6
OFFSET 13.4977 -7.0097 -8.2438
SCALE 1 1 1
X 0.8343 -0.3164 0.4515
Y 0.5512 0.4966 -0.6705
Z -0.0120 0.8083 0.5887

PART 7
OFFSET 12.8664 -7.9674 -8.5901
SCALE 1 1 1
X 0.8343 -0.3164 0.4515
Y 0.5512 0.4966 -0.6705
Z -0.0120 0.8083 0.5887

PART 8
OFFSET 18.5766 -10.8946 -6.5985
SCALE 1 1 1
X 0.9393 -0.1853 -0.2889
Y 0.0995 0.9525 -0.2877
Z 0.3285 0.2415 0.9131

PART 9
OFFSET 18.0374 -10.0303 -6.2323
SCALE 1 1 1
X 0.5213 -0.7711 -0.3656
Y 0.4698 -0.0983 0.8773
Z -0.7124 -0.6291 0.3110

PART 10
OFFSET 16.8071 -9.0103 -6.4933
SCALE 1 1 1
X 0.7233 -0.6287 0.2857
Y 0.0068 0.4202 0.9074
Z -0.6905 -0.6544 0.3082

PART 11
OFFSET 15.7126 -8.4523 -8.2711
SCALE 1 1 1
X 0.5431 -0.2803 0.7915
Y -0.3505 0.7809 0.5170
Z -0.7630 -0.5582 0.3258

PART 12
OFFSET 15.3604 -11.5555 -8.4347
SCALE 1 1 1
X 0.5604 -0.8138 -0.1539
Y 0.0724 0.2332 -0.9697
Z 0.8250 0.5323 0.1896

PART 13
OFFSET 15.7885 -12.0194 -9.1447
SCALE 1 1 1
X -0.4506 0.4882 0.7474
Y -0.1407 0.7879 -0.5995
Z -0.8816 -0.3753 -0.2863

PART 14
OFFSET 16.0570 -12.0348 -9.9896
SCALE 1 1 1
X -0.3028 0.0173 0.9529
Y -0.4297 0.8900 -0.1528
Z -0.8507 -0.4557 -0.2621

PART 15
OFFSET 16.0191 -11.1764 -11.1149
SCALE 1 1 1
X 0.0267 -0.6063 0.7948
Y -0.4916 0.6843 0.5385
Z -0.8704 -0.4051 -0.2797

PART 16
OFFSET 15.0176 -9.5739 -9.8848
SCALE 1 1 1
X -0.9514 -0.1607 -0.2626
Y -0.1187 -0.5955 0.7945
Z -0.2841 0.7871 0.5475

PART 17
OFFSET 16.4883 -11.2884 -7.7109
SCALE 1 1 1
X 0.3280 -0.9129 -0.2431
Y 0.1715 0.3106 -0.9349
Z 0.9290 0.2649 0.2585

PART 18
OFFSET 16.9022 -11.9020 -8.5037
SCALE 1 1 1
X -0.3816 0.5658 0.7309
Y -0.1059 0.7588 -0.6426
Z -0.9182 -0.3226 -0.2297

PART 19
OFFSET 17.2336 -11.9541 -9.8484
SCALE 1 1 1
X -0.2391 0.0376 0.9703
Y -0.5854 0.7916 -0.1749
Z -0.7747 -0.6098 -0.1673

PART 20
OFFSET 17.1391 -10.7189 -11.0163
SCALE 1 1 1
X 0.0555 -0.7255 0.6860
Y -0.3612 0.6259 0.6912
Z -0.9308 -0.2861 -0.2273

PART 21
OFFSET 15.5626 -9.2031 -9.6109
SCALE 1 1 1
X -0.8244 -0.3596 -0.4370
Y -0.1401 -0.6185 0.7732
Z -0.5483 0.6986 0.4596

PART 22
OFFSET 18.2588 -9.3079 -8.6180
SCALE 1 1 1
X 0.6708 -0.7016 -0.2405
Y 0.3652 0.5947 -0.7162
Z 0.6455 0.3926 0.6551

PART 23
OFFSET 15.0444 -7.6023 -8.0666
SCALE 1 1 1
X 0.8496 -0.4190 -0.3204
Y 0.5174 0.5438 0.6607
Z -0.1026 -0.7271 0.6788

PART 24
OFFSET 18.7848 -11.1870 -7.4356
SCALE 1 1 1
X 0.3060 -0.9517 0.0254
Y 0.4157 0.1095 -0.9029
Z 0.8565 0.2868 0.4291

PART 25
OFFSET 19.3055 -11.4319 -8.4075
SCALE 1 1 1
X -0.4610 0.2168 0.8605
Y -0.4168 0.8032 -0.4257
Z -0.7834 -0.5549 -0.2799

PART 26
OFFSET 19.3826 -10.9340 -9.5156
SCALE 1 1 1
X -0.0633 -0.4090 0.9103
Y -0.6428 0.7145 0.2763
Z -0.7634 -0.5677 -0.3082

PART 27
OFFSET 18.6121 -9.4423 -10.0456
SCALE 1 1 1
X 0.4376 -0.8473 0.3011
Y -0.4078 0.1114 0.9063
Z -0.8014 -0.5194 -0.2967

PART 28
OFFSET 17.5040 -10.9044 -7.5159
SCALE 1 1 1
X 0.4011 -0.9123 0.0829
Y 0.2356 0.0152 -0.9717
Z 0.8852 0.4093 0.2210

PART 29
OFFSET 18.0288 -11.6832 -8.1490
SCALE 1 1 1
X -0.4578 0.6902 0.5604
Y 0.0105 0.6345 -0.7729
Z -0.8890 -0.3479 -0.2977

PART 30
OFFSET 18.4375 -11.6856 -9.5513
SCALE 1 1 1
X -0.2798 0.0017 0.9601
Y -0.8634 0.4368 -0.2524
Z -0.4198 -0.8995 -0.1208

PART 31
OFFSET 17.9419 -10.1180 -10.6065
SCALE 1 1 1
X 0.2537 -0.8024 0.5401
Y -0.4280 0.4077 0.8066
Z -0.8674 -0.4358 -0.2400

PART 32
OFFSET 14.8733 -8.4900 -9.0434
SCALE 1 1 1
X 0.8496 -0.4190 -0.3204
Y 0.5174 0.5438 0.6607
Z -0.1026 -0.7271 0.6788

PART 33
OFFSET 5.2387 -4.8683 -14.3298
SCALE 1 1 1
X 0.8327 -0.3130 0.4569
Y -0.0249 0.8029 0.5955
Z -0.5532 -0.5073 0.6608

PART 34
OFFSET -1.7530 -0.4718 -5.4952
SCALE 1 1 1
X 0.5781 -0.3635 -0.7305
Y 0.0072 -0.8930 0.4501
Z -0.8159 -0.2655 -0.5136

PART 35
OFFSET -3.1390 -13.6412 -13.1563
SCALE 1 1 1
X -0.9455 -0.2413 -0.2189
Y 0.2787 -0.2510 -0.9270
Z 0.1687 -0.9374 0.3045

PART 36
OFFSET -2.1786 -12.0354 -12.5044
SCALE 1 1 1
X -0.9476 -0.2372 -0.2142
Y -0.1700 0.9416 -0.2905
Z 0.2706 -0.2389 -0.9326

PART 37
OFFSET -1.9806 -12.2702 -11.3462
SCALE 1 1 1
X -0.9476 -0.2372 -0.2142
Y -0.1700 0.9416 -0.2905
Z 0.2706 -0.2389 -0.9326

PART 38
OFFSET -1.6027 -13.5425 -11.1213
SCALE 1 1 1
X -0.9476 -0.2372 -0.2142
Y -0.1700 0.9416 -0.2905
Z 0.2706 -0.2389 -0.9326

PART 39
OFFSET 3.7301 -9.5399 -11.6761
SCALE 1 1 1
X -0.9715 0.1100 0.2099
Y 0.0755 0.9833 -0.1655
Z -0.2246 -0.1450 -0.9636

PART 40
OFFSET 3.0117 -10.0551 -11.0514
SCALE 1 1 1
X -0.6825 -0.4361 0.5866
Y -0.4320 -0.4067 -0.8050
Z 0.5896 -0.8028 0.0891

PART 41
OFFSET 1.6446 -10.8771 -10.7732
SCALE 1 1 1
X -0.8807 -0.4571 0.1241
Y -0.0271 -0.2128 -0.9767
Z 0.4729 -0.8636 0.1750

PART 42
OFFSET 0.2173 -12.2045 -11.7063
SCALE 1 1 1
X -0.6920 -0.6075 -0.3899
Y 0.2947 0.2553 -0.9209
Z 0.6590 -0.7521 0.0024

PART 43
OFFSET 0.3248 -10.2726 -14.5323
SCALE 1 1 1
X -0.8728 -0.4875 0.0230
Y -0.4522 0.8257 0.3374
Z -0.1835 0.2840 -0.9411

PART 44
OFFSET 1.2303 -10.4151 -14.7820
SCALE 1 1 1
X 0.9531 -0.1500 -0.2628
Y 0.1717 0.9832 0.0617
Z 0.2491 -0.1039 0.9629

PART 45
OFFSET 1.8502 -11.0078 -15.0067
SCALE 1 1 1
X 0.6992 -0.6685 -0.2534
Y 0.6864 0.7269 -0.0239
Z 0.2002 -0.1572 0.9671

PART 46
OFFSET 2.0210 -12.3977 -15.2151
SCALE 1 1 1
X 0.1207 -0.9817 -0.1472
Y 0.9648 0.1509 -0.2154
Z 0.2337 -0.1160 0.9654

PART 47
OFFSET 0.3850 -12.7644 -13.7072
SCALE 1 1 1
X -0.6839 -0.3767 0.6248
Y 0.6095 -0.7657 0.2055
Z 0.4011 0.5213 0.7533

PART 48
OFFSET 1.0979 -9.5573 -13.7013
SCALE 1 1 1
X -0.7117 -0.3949 0.5810
Y -0.4299 0.8989 0.0845
Z -0.5556 -0.1897 -0.8095

PART 49
OFFSET 2.0070 -9.7619 -14.2563
SCALE 1 1 1
X 0.8382 -0.1886 -0.5117
Y 0.0899 0.9732 -0.2115
Z 0.5379 0.1312 0.8327

PART 50
OFFSET 2.8965 -10.7323 -14.6898
SCALE 1 1 1
X 0.6418 -0.7002 -0.3128
Y 0.5414 0.7026 -0.4617
Z 0.5431 0.1269 0.8300

PART 51
OFFSET 2.9294 -12.4113 -14.4101
SCALE 1 1 1
X 0.0194 -0.9862 0.1643
Y 0.8337 -0.0748 -0.5471
Z 0.5519 0.1476 0.8208

PART 52
OFFSET 0.7166 -12.7057 -13.0777
SCALE 1 1 1
X -0.8352 -0.3386 0.4333
Y 0.4802 -0.8329 0.2749
Z 0.2678 0.4377 0.8583

PART 53
OFFSET -4.0018 -14.1064 -10.8343
SCALE 1 1 1
X -0.8119 -0.4214 0.4040
Y -0.5166 0.8409 -0.1612
Z -0.2719 -0.3396 -0.9004

PART 54
OFFSET -0.6015 -12.7496 -11.2131
SCALE 1 1 1
X -0.9614 -0.2112 0.1766
Y -0.1297 -0.2186 -0.9672
Z 0.2429 -0.9527 0.1827

PART 55
OFFSET 6.2974 -9.6960 -12.7072
SCALE 1 1 1
X -0.8048 0.4645 0.3696
Y 0.4353 0.8851 -0.1646
Z -0.4036 0.0284 -0.9145

PART 56
OFFSET 6.1121 -10.8102 -12.7052
SCALE 1 1 1
X -0.1640 -0.9865 0.0017
Y 0.9815 -0.1634 -0.1000
Z 0.0989 -0.0147 0.9950

PART 57
OFFSET 5.3635 -11.7662 -12.6193
SCALE 1 1 1
X -0.6095 -0.7836 0.1202
Y 0.7830 -0.6188 -0.0636
Z 0.1242 0.0553 0.9907

PART 58
OFFSET 3.6935 -12.2678 -12.3760
SCALE 1 1 1
X -0.9485 -0.2849 0.1382
Y 0.2820 -0.9585 -0.0405
Z 0.1440 0.0005 0.9896

PART 59
OFFSET 2.0028 -9.1540 -12.7956
SCALE 1 1 1
X -0.8637 -0.4852 0.1363
Y -0.4548 0.8670 0.2038
Z -0.2170 0.1140 -0.9695

PART 60
OFFSET 3.0848 -9.3636 -13.0565
SCALE 1 1 1
X 0.9540 -0.1844 -0.2364
Y 0.1833 0.9827 -0.0267
Z 0.2373 -0.0178 0.9713

PART 61
OFFSET 3.9712 -10.4889 -13.3417
SCALE 1 1 1
X 0.6069 -0.7704 -0.1953
Y 0.7638 0.6333 -0.1246
Z 0.2197 -0.0735 0.9728

PART 62
OFFSET 3.4067 -12.3566 -13.4392
SCALE 1 1 1
X -0.2890 -0.9560 -0.0499
Y 0.9374 -0.2720 -0.2174
Z 0.1943 -0.1096 0.9748

PART 63
OFFSET -0.2405 -12.9016 -12.4852
SCALE 1 1 1
X -0.9614 -0.2112 0.1766
Y -0.1297 -0.2186 -0.9672
Z 0.2429 -0.9527 0.1827

PART 64
OFFSET -11.1804 -15.6932 -15.0181
SCALE 1 1 1
X -0.9455 -0.2413 -0.2189
Y 0.2787 -0.2510 -0.9270
Z 0.1687 -0.9374 0.3045

PART 65
OFFSET -10.8305 -11.3675 -3.7297
SCALE 1 1 1
X 0.0289 0.3577 0.9334
Y -0.3597 -0.8675 0.3436
Z 0.9326 -0.3457 0.1036

PART 66
OFFSET -5.8078 -5.6719 -0.5851
SCALE 1 1 1
X 1.0000 0.0000 0.0000
Y -0.0000 1.0000 0.0000
Z 0.0000 -0.0000 1.0000

PART 67
OFFSET 9.6264 -10.5705 -8.2145
SCALE 1 1 1
X 0.9894 -0.0187 0.1440
Y 0.0453 0.9819 -0.1840
Z -0.1380 0.1886 0.9723

PART 68
OFFSET 8.2097 -11.8328 -8.7650
SCALE 1 1 1
X 0.9864 -0.0148 0.1639
Y 0.0453 0.9819 -0.1840
Z -0.1582 0.1889 0.9692

PART 69
OFFSET 39.0034 -10.5488 -4.1697
SCALE 1 1 1
X 0.9894 -0.0187 0.1440
Y 0.0453 0.9819 -0.1840
Z -0.1380 0.1886 0.9723

PART 70
OFFSET 9.0741 -10.3094 -10.2959
SCALE 1 1 1
X 0.9918 -0.0923 0.0883
Y 0.1120 0.9608 -0.2536
Z -0.0615 0.2614 0.9633

PART 71
OFFSET 9.9798 -10.3159 -9.8218
SCALE 1 1 1
X 0.9894 -0.0187 0.1440
Y 0.0453 0.9819 -0.1840
Z -0.1380 0.1886 0.9723

PART 72
OFFSET 5.8589 -9.4815 -9.1862
SCALE 1 1 1
X 0.9894 -0.0187 0.1440
Y 0.0453 0.9819 -0.1840
Z -0.1380 0.1886 0.9723

PART 73
OFFSET 11.6561 -10.3157 -9.6598
SCALE 1 1 1
X 0.9894 -0.0187 0.1440
Y 0.0453 0.9819 -0.1840
Z -0.1380 0.1886 0.9723

PART 74
OFFSET 11.6561 -10.3157 -9.6598
SCALE 1 1 1
X 0.9894 -0.0187 0.1440
Y 0.0453 0.9819 -0.1840
Z -0.1380 0.1886 0.9723


FRAME 9
PART 0
OFFSET -0.0400 1.0783 0.0473
SCALE 1 1 1
X 0.9995 -0.0008 -0.0331
Y 0.0027 0.9984 0.0566
Z 0.0330 -0.0567 0.9978

PART 1
OFFSET 0.0000 0.0000 0.0000
SCALE 1 1 1
X 1.0000 0.0000 -0.0000
Y -0.0000 1.0000 0.0000
Z 0.0000 -0.0000 1.0000

PART 2
OFFSET 10.0180 -9.4393 -9.9663
SCALE 1 1 1
X 0.7331 -0.1837 0.6548
Y 0.1718 0.9816 0.0830
Z -0.6581 0.0516 0.7512

PART 3
OFFSET 11.4507 -10.7789 -9.8129
SCALE 1 1 1
X 0.7339 -0.1897 0.6523
Y 0.6534 -0.0652 -0.7542
Z 0.1856 0.9797 0.0761

PART 4
OFFSET 10.0651 -10.8204 -8.8578
SCALE 1 1 1
X 0.7339 -0.1897 0.6523
Y 0.6534 -0.0652 -0.7542
Z 0.1856 0.9797 0.0761

PART 5
OFFSET 12.1991 -8.3769 -9.1754
SCALE 1 1 1
X 0.7339 -0.1897 0.6523
Y 0.6534 -0.0652 -0.7542
Z 0.1856 0.9797 0.0761

PART 6
OFFSET 11.2914 -8.0784 -8.2276
SCALE 1 1 1
X 0.7339 -0.1897 0.6523
Y 0.6534 -0.0652 -0.7542
Z 0.1856 0.9797 0.0761

PART 7
OFFSET 10.4460 -8.9183 -8.1033
SCALE 1 1 1
X 0.7339 -0.1897 0.6523
Y 0.6534 -0.0652 -0.7542
Z 0.1856 0.9797 0.0761

PART 8
OFFSET 15.8529 -11.3151 -4.6603
SCALE 1 1 1
X 0.9026 -0.3978 -0.1645
Y 0.1712 0.6824 -0.7106
Z 0.3950 0.6132 0.6841

PART 9
OFFSET 15.4141 -10.3300 -4.7550
SCALE 1 1 1
X 0.4296 -0.9016 0.0503
Y 0.5027 0.2851 0.8161
Z -0.7501 -0.3253 0.5758

PART 10
OFFSET 14.2703 -9.4373 -5.4741
SCALE 1 1 1
X 0.6765 -0.4868 0.5526
Y 0.0910 0.7999 0.5932
Z -0.7308 -0.3510 0.5854

PART 11
OFFSET 13.1427 -9.6875 -7.3004
SCALE 1 1 1
X 0.5546 0.0778 0.8285
Y -0.2512 0.9648 0.0776
Z -0.7933 -0.2511 0.5546

PART 12
OFFSET 12.5011 -12.4345 -5.9502
SCALE 1 1 1
X 0.4754 -0.8416 0.2564
Y 0.0441 -0.2683 -0.9623
Z 0.8787 0.4688 -0.0904

PART 13
OFFSET 12.8485 -13.2234 -6.3496
SCALE 1 1 1
X -0.3658 0.8303 0.4204
Y -0.0984 0.4147 -0.9046
Z -0.9255 -0.3722 -0.0700

PART 14
OFFSET 13.0714 -13.6691 -7.0829
SCALE 1 1 1
X -0.2514 0.5027 0.8271
Y -0.3539 0.7476 -0.5620
Z -0.9009 -0.4340 -0.0100

PART 15
OFFSET 13.0551 -13.4554 -8.4824
SCALE 1 1 1
X 0.0115 -0.1510 0.9885
Y -0.3992 0.9056 0.1430
Z -0.9168 -0.3963 -0.0498

PART 16
OFFSET 12.2674 -11.3651 -8.1748
SCALE 1 1 1
X -0.9742 -0.1666 -0.1524
Y -0.1322 -0.1265 0.9831
Z -0.1830 0.9779 0.1013

PART 17
OFFSET 13.6839 -11.9729 -5.4449
SCALE 1 1 1
X 0.2306 -0.9464 0.2261
Y 0.1516 -0.1946 -0.9691
Z 0.9612 0.2578 0.0986

PART 18
OFFSET 13.9994 -12.9304 -5.8447
SCALE 1 1 1
X -0.2909 0.8829 0.3686
Y -0.0686 0.3651 -0.9285
Z -0.9543 -0.2954 -0.0456

PART 19
OFFSET 14.2561 -13.6540 -6.9985
SCALE 1 1 1
X -0.1852 0.5221 0.8325
Y -0.5189 0.6675 -0.5340
Z -0.8345 -0.5309 0.1473

PART 20
OFFSET 14.2157 -13.1262 -8.6167
SCALE 1 1 1
X 0.0237 -0.3100 0.9504
Y -0.2672 0.9142 0.3048
Z -0.9634 -0.2612 -0.0611

PART 21
OFFSET 12.8571 -10.9676 -8.1135
SCALE 1 1 1
X -0.8749 -0.4366 -0.2096
Y -0.1566 -0.1546 0.9755
Z -0.4584 0.8862 0.0669

PART 22
OFFSET 15.5794 -10.8651 -7.1940
SCALE 1 1 1
X 0.5910 -0.7967 0.1265
Y 0.3812 0.1376 -0.9142
Z 0.7110 0.5885 0.3850

PART 23
OFFSET 12.5660 -8.7788 -7.5299
SCALE 1 1 1
X 0.7905 -0.6072 -0.0796
Y 0.5976 0.7364 0.3172
Z -0.1340 -0.2983 0.9450

PART 24
OFFSET 15.9910 -11.9923 -5.2534
SCALE 1 1 1
X 0.2188 -0.8495 0.4801
Y 0.3777 -0.3800 -0.8444
Z 0.8997 0.3661 0.2377

PART 25
OFFSET 16.4373 -12.7253 -5.9878
SCALE 1 1 1
X -0.3951 0.6489 0.6502
Y -0.3628 0.5400 -0.7595
Z -0.8439 -0.5360 0.0221

PART 26
OFFSET 16.5033 -12.8296 -7.1988
SCALE 1 1 1
X -0.0542 0.0856 0.9948
Y -0.5601 0.8222 -0.1013
Z -0.8266 -0.5628 0.0034

PART 27
OFFSET 15.8462 -11.7023 -8.3809
SCALE 1 1 1
X 0.3732 -0.6402 0.6714
Y -0.3495 0.5734 0.7410
Z -0.8594 -0.5112 -0.0098

PART 28
OFFSET 14.7389 -11.6507 -5.4592
SCALE 1 1 1
X 0.3199 -0.7975 0.5115
Y 0.1865 -0.4763 -0.8593
Z 0.9289 0.3703 -0.0037

PART 29
OFFSET 15.1577 -12.6874 -5.6397
SCALE 1 1 1
X -0.3640 0.9177 0.1593
Y 0.0292 0.1822 -0.9828
Z -0.9310 -0.3531 -0.0931

PART 30
OFFSET 15.4929 -13.4033 -6.8679
SCALE 1 1 1
X -0.2295 0.4901 0.8409
Y -0.8316 0.3501 -0.4311
Z -0.5057 -0.7983 0.3272

PART 31
OFFSET 15.0896 -12.4899 -8.5471
SCALE 1 1 1
X 0.2065 -0.4675 0.8595
Y -0.3476 0.7861 0.5111
Z -0.9146 -0.4043 -0.0002

PART 32
OFFSET 12.2654 -10.0024 -7.9588
SCALE 1 1 1
X 0.7905 -0.6072 -0.0796
Y 0.5976 0.7364 0.3172
Z -0.1340 -0.2983 0.9450

PART 33
OFFSET 3.7826 -7.8771 -15.5360
SCALE 1 1 1
X 0.7331 -0.1837 0.6548
Y 0.1718 0.9816 0.0830
Z -0.6581 0.0516 0.7512

PART 34
OFFSET -1.3358 -1.8478 -6.3866
SCALE 1 1 1
X 0.4232 -0.4985 -0.7565
Y -0.0096 -0.8374 0.5465
Z -0.9060 -0.2241 -0.3592

PART 35
OFFSET -6.1314 -14.7020 -9.8495
SCALE 1 1 1
X -0.9097 -0.2554 -0.3275
Y 0.4037 -0.7288 -0.5530
Z -0.0975 -0.6353 0.7661

PART 36
OFFSET -5.0101 -13.0684 -9.8465
SCALE 1 1 1
X -0.9118 -0.2493 -0.3263
Y 0.0943 0.6464 -0.7572
Z 0.3997 -0.7211 -0.5659

PART 37
OFFSET -5.1072 -12.6560 -8.7257
SCALE 1 1 1
X -0.9118 -0.2493 -0.3263
Y 0.0943 0.6464 -0.7572
Z 0.3997 -0.7211 -0.5659

PART 38
OFFSET -5.0586 -13.6298 -7.7975
SCALE 1 1 1
X -0.9118 -0.2493 -0.3263
Y 0.0943 0.6464 -0.7572
Z 0.3997 -0.7211 -0.5659

PART 39
OFFSET 0.9540 -11.0152 -9.7559
SCALE 1 1 1
X -0.9456 0.2977 0.1315
Y 0.1564 0.7702 -0.6184
Z -0.2854 -0.5641 -0.7748

PART 40
OFFSET 0.2242 -11.0905 -8.9600
SCALE 1 1 1
X -0.6888 -0.0283 0.7244
Y -0.5075 -0.6947 -0.5097
Z 0.5176 -0.7187 0.4642

PART 41
OFFSET -1.1964 -11.5314 -8.3199
SCALE 1 1 1
X -0.9113 -0.2473 0.3292
Y -0.0958 -0.6502 -0.7537
Z 0.4004 -0.7184 0.5688

PART 42
OFFSET -2.7842 -12.9863 -8.4984
SCALE 1 1 1
X -0.7634 -0.6441 -0.0490
Y 0.2697 -0.2489 -0.9302
Z 0.5869 -0.7234 0.3637

PART 43
OFFSET -2.6442 -12.6657 -11.9053
SCALE 1 1 1
X -0.9114 -0.3229 0.2552
Y -0.3573 0.9285 -0.1014
Z -0.2042 -0.1836 -0.9616

PART 44
OFFSET -1.7693 -13.0039 -12.0560
SCALE 1 1 1
X 0.9209 -0.3560 -0.1586
Y 0.2636 0.8688 -0.4192
Z 0.2870 0.3442 0.8939

PART 45
OFFSET -1.2182 -13.6929 -11.9681
SCALE 1 1 1
X 0.6215 -0.7771 0.0992
Y 0.7477 0.5507 -0.3711
Z 0.2337 0.3048 0.9233

PART 46
OFFSET -1.1857 -15.0222 -11.4820
SCALE 1 1 1
X 0.0230 -0.9389 0.3434
Y 0.9624 -0.0722 -0.2619
Z 0.2707 0.3365 0.9020

PART 47
OFFSET -2.7698 -14.4495 -9.9829
SCALE 1 1 1
X -0.6829 0.0420 0.7293
Y 0.5467 -0.6328 0.5483
Z 0.4845 0.7731 0.4092

PART 48
OFFSET -1.7680 -11.7250 -11.5215
SCALE 1 1 1
X -0.7144 0.0080 0.6997
Y -0.3413 0.8690 -0.3584
Z -0.6109 -0.4948 -0.6181

PART 49
OFFSET -0.9106 -12.2639 -11.9100
SCALE 1 1 1
X 0.7905 -0.4968 -0.3582
Y 0.1675 0.7379 -0.6538
Z 0.5891 0.4568 0.6665

PART 50
OFFSET -0.1365 -13.4101 -11.8235
SCALE 1 1 1
X 0.5586 -0.8271 0.0624
Y 0.5792 0.3351 -0.7431
Z 0.5937 0.4512 0.6662

PART 51
OFFSET -0.2427 -14.7435 -10.7702
SCALE 1 1 1
X -0.0624 -0.7832 0.6186
Y 0.7946 -0.4140 -0.4440
Z 0.6039 0.4639 0.6482

PART 52
OFFSET -2.4029 -14.1317 -9.4596
SCALE 1 1 1
X -0.8396 -0.0007 0.5432
Y 0.4156 -0.6447 0.6416
Z 0.3497 0.7644 0.5416

PART 53
OFFSET -7.1096 -13.7870 -6.8166
SCALE 1 1 1
X -0.8255 -0.0893 0.5573
Y -0.4452 0.7099 -0.5457
Z -0.3469 -0.6986 -0.6258

PART 54
OFFSET -3.6234 -13.1401 -7.8033
SCALE 1 1 1
X -0.9664 0.0007 0.2569
Y -0.1979 -0.6399 -0.7426
Z 0.1639 -0.7685 0.6185

PART 55
OFFSET 3.4408 -11.9126 -10.5859
SCALE 1 1 1
X -0.7393 0.6658 0.1008
Y 0.5053 0.6475 -0.5705
Z -0.4451 -0.3708 -0.8151

PART 56
OFFSET 3.1550 -12.8637 -10.0479
SCALE 1 1 1
X -0.2530 -0.8421 0.4763
Y 0.9562 -0.2927 -0.0095
Z 0.1474 0.4530 0.8792

PART 57
OFFSET 2.3277 -13.5780 -9.5121
SCALE 1 1 1
X -0.6716 -0.5621 0.4827
Y 0.7190 -0.6516 0.2417
Z 0.1787 0.5094 0.8418

PART 58
OFFSET 0.6333 -13.7247 -9.0566
SCALE 1 1 1
X -0.9624 -0.0833 0.2587
Y 0.1910 -0.8845 0.4256
Z 0.1934 0.4590 0.8671

PART 59
OFFSET -0.7855 -11.0344 -10.9221
SCALE 1 1 1
X -0.8964 -0.2677 0.3534
Y -0.3629 0.9008 -0.2384
Z -0.2545 -0.3419 -0.9046

PART 60
OFFSET 0.2584 -11.4549 -11.0505
SCALE 1 1 1
X 0.9200 -0.3734 -0.1190
Y 0.2705 0.8248 -0.4964
Z 0.2835 0.4245 0.8599

PART 61
OFFSET 1.0229 -12.6649 -10.7594
SCALE 1 1 1
X 0.5234 -0.8284 0.1993
Y 0.8111 0.4128 -0.4144
Z 0.2610 0.3785 0.8880

PART 62
OFFSET 0.2861 -14.2810 -9.9458
SCALE 1 1 1
X -0.3771 -0.8272 0.4165
Y 0.8965 -0.4390 -0.0602
Z 0.2326 0.3507 0.9071

PART 63
OFFSET -3.3426 -13.9190 -8.8454
SCALE 1 1 1
X -0.9664 0.0007 0.2569
Y -0.1979 -0.6399 -0.7426
Z 0.1639 -0.7685 0.6185

PART 64
OFFSET -13.8685 -16.8741 -12.6353
SCALE 1 1 1
X -0.9097 -0.2554 -0.3275
Y 0.4037 -0.7288 -0.5530
Z -0.0975 -0.6353 0.7661

PART 65
OFFSET -11.1343 -11.6386 -2.0819
SCALE 1 1 1
X 0.2261 0.4329 0.8726
Y -0.3914 -0.7799 0.4883
Z 0.8920 -0.4520 -0.0069

PART 66
OFFSET -5.8078 -5.6719 -0.5851
SCALE 1 1 1
X 1.0000 0.0000 0.0000
Y -0.0000 1.0000 0.0000
Z 0.0000 -0.0000 1.0000

PART 67
OFFSET 6.8994 -10.8722 -6.2285
SCALE 1 1 1
X 0.9896 -0.0506 0.1348
Y 0.1253 0.7632 -0.6338
Z -0.0708 0.6441 0.7616

PART 68
OFFSET 5.3473 -12.0883 -6.1029
SCALE 1 1 1
X 0.9879 -0.0374 0.1503
Y 0.1253 0.7632 -0.6338
Z -0.0910 0.6450 0.7587

PART 69
OFFSET 36.3228 -11.9821 -2.7077
SCALE 1 1 1
X 0.9896 -0.0506 0.1348
Y 0.1253 0.7632 -0.6338
Z -0.0708 0.6441 0.7616

PART 70
OFFSET 6.2685 -11.5830 -8.1783
SCALE 1 1 1
X 0.9825 -0.1417 0.1213
Y 0.1862 0.7046 -0.6847
Z 0.0115 0.6953 0.7186

PART 71
OFFSET 7.1926 -11.4563 -7.7601
SCALE 1 1 1
X 0.9896 -0.0506 0.1348
Y 0.1253 0.7632 -0.6338
Z -0.0708 0.6441 0.7616

PART 72
OFFSET 3.2026 -9.9948 -7.6024
SCALE 1 1 1
X 0.9896 -0.0506 0.1348
Y 0.1253 0.7632 -0.6338
Z -0.0708 0.6441 0.7616

PART 73
OFFSET 8.8680 -11.5535 -7.6190
SCALE 1 1 1
X 0.9896 -0.0506 0.1348
Y 0.1253 0.7632 -0.6338
Z -0.0708 0.6441 0.7616

PART 74
OFFSET 8.8680 -11.5535 -7.6190
SCALE 1 1 1
X 0.9896 -0.0506 0.1348
Y 0.1253 0.7632 -0.6338
Z -0.0708 0.6441 0.7616


FRAME 10
PART 0
OFFSET -0.1337 0.9340 0.1611
SCALE 1 1 1
X 0.9998 -0.0028 -0.0173
Y 0.0038 0.9982 0.0598
Z 0.0171 -0.0598 0.9981

PART 1
OFFSET 0.0000 0.0000 0.0000
SCALE 1 1 1
X 1.0000 0.0000 -0.0000
Y -0.0000 1.0000 0.0000
Z 0.0000 -0.0000 1.0000

PART 2
OFFSET 6.7950 -11.9009 -8.1460
SCALE 1 1 1
X 0.5747 0.0193 0.8181
Y 0.4625 0.8171 -0.3442
Z -0.6752 0.5762 0.4606

PART 3
OFFSET 7.7148 -13.2535 -7.0528
SCALE 1 1 1
X 0.5738 0.0129 0.8189
Y 0.6668 -0.5879 -0.4580
Z 0.4756 0.8088 -0.3459

PART 4
OFFSET 6.3040 -12.4864 -6.5478
SCALE 1 1 1
X 0.5738 0.0129 0.8189
Y 0.6668 -0.5879 -0.4580
Z 0.4756 0.8088 -0.3459

PART 5
OFFSET 9.1163 -11.1048 -7.4464
SCALE 1 1 1
X 0.5738 0.0129 0.8189
Y 0.6668 -0.5879 -0.4580
Z 0.4756 0.8088 -0.3459

PART 6
OFFSET 8.2645 -10.1671 -6.9919
SCALE 1 1 1
X 0.5738 0.0129 0.8189
Y 0.6668 -0.5879 -0.4580
Z 0.4756 0.8088 -0.3459

PART 7
OFFSET 7.1907 -10.6091 -6.6967
SCALE 1 1 1
X 0.5738 0.0129 0.8189
Y 0.6668 -0.5879 -0.4580
Z 0.4756 0.8088 -0.3459

PART 8
OFFSET 12.1692 -11.0626 -2.2003
SCALE 1 1 1
X 0.9104 -0.4075 0.0717
Y 0.1577 0.1817 -0.9706
Z 0.3825 0.8950 0.2297

PART 9
OFFSET 11.7108 -10.2997 -2.8164
SCALE 1 1 1
X 0.4476 -0.7178 0.5333
Y 0.4968 0.6955 0.5192
Z -0.7436 0.0325 0.6679

PART 10
OFFSET 10.5495 -9.9692 -3.8955
SCALE 1 1 1
X 0.6860 -0.0910 0.7219
Y 0.0749 0.9957 0.0544
Z -0.7238 0.0167 0.6898

PART 11
OFFSET 9.4275 -11.2017 -5.2708
SCALE 1 1 1
X 0.5528 0.5300 0.6430
Y -0.2704 0.8440 -0.4632
Z -0.7882 0.0821 0.6099

PART 12
OFFSET 8.8407 -12.7632 -2.6254
SCALE 1 1 1
X 0.4920 -0.5536 0.6719
Y 0.0497 -0.7527 -0.6565
Z 0.8692 0.3564 -0.3429

PART 13
OFFSET 9.2039 -13.6357 -2.5288
SCALE 1 1 1
X -0.3824 0.9184 -0.1017
Y -0.1065 -0.1531 -0.9825
Z -0.9179 -0.3648 0.1563

PART 14
OFFSET 9.4358 -14.4075 -2.8984
SCALE 1 1 1
X -0.2615 0.8705 0.4169
Y -0.3687 0.3090 -0.8767
Z -0.8920 -0.3830 0.2401

PART 15
OFFSET 9.4155 -14.9993 -4.1844
SCALE 1 1 1
X 0.0144 0.4180 0.9084
Y -0.4173 0.8281 -0.3744
Z -0.9087 -0.3737 0.1863

PART 16
OFFSET 8.5861 -13.0981 -5.0688
SCALE 1 1 1
X -0.9706 -0.2393 -0.0251
Y -0.1298 0.4330 0.8920
Z -0.2026 0.8691 -0.4513

PART 17
OFFSET 10.0139 -12.0799 -2.4701
SCALE 1 1 1
X 0.2494 -0.6619 0.7069
Y 0.1556 -0.6930 -0.7039
Z 0.9558 0.2856 -0.0698

PART 18
OFFSET 10.3486 -13.0940 -2.2808
SCALE 1 1 1
X -0.3086 0.9350 -0.1746
Y -0.0757 -0.2071 -0.9754
Z -0.9482 -0.2878 0.1347

PART 19
OFFSET 10.6199 -14.3286 -2.8491
SCALE 1 1 1
X -0.1958 0.8908 0.4101
Y -0.5320 0.2548 -0.8075
Z -0.8238 -0.3763 0.4240

PART 20
OFFSET 10.5693 -14.7788 -4.4902
SCALE 1 1 1
X 0.0297 0.2645 0.9639
Y -0.2855 0.9265 -0.2454
Z -0.9579 -0.2679 0.1030

PART 21
OFFSET 9.1677 -12.7226 -5.2426
SCALE 1 1 1
X -0.8659 -0.4946 0.0746
Y -0.1536 0.4049 0.9013
Z -0.4760 0.7690 -0.4266

PART 22
OFFSET 11.8872 -12.0854 -4.5606
SCALE 1 1 1
X 0.6067 -0.5857 0.5375
Y 0.3785 -0.3817 -0.8432
Z 0.6990 0.7151 -0.0099

PART 23
OFFSET 8.8327 -10.5790 -5.9560
SCALE 1 1 1
X 0.8025 -0.5375 0.2590
Y 0.5827 0.7994 -0.1466
Z -0.1282 0.2685 0.9547

PART 24
OFFSET 12.3209 -11.9520 -2.3246
SCALE 1 1 1
X 0.2357 -0.4414 0.8658
Y 0.3854 -0.7754 -0.5002
Z 0.8922 0.4515 -0.0126

PART 25
OFFSET 12.7819 -12.9606 -2.5395
SCALE 1 1 1
X -0.4082 0.8929 0.1903
Y -0.3734 0.0269 -0.9273
Z -0.8330 -0.4495 0.3224

PART 26
OFFSET 12.8502 -13.7127 -3.4941
SCALE 1 1 1
X -0.0561 0.6179 0.7843
Y -0.5765 0.6213 -0.5308
Z -0.8152 -0.4819 0.3213

PART 27
OFFSET 12.1710 -13.4329 -5.0942
SCALE 1 1 1
X 0.3858 -0.1589 0.9088
Y -0.3610 0.8805 0.3072
Z -0.8490 -0.4466 0.2823

PART 28
OFFSET 11.0623 -11.8011 -2.6708
SCALE 1 1 1
X 0.3357 -0.3790 0.8623
Y 0.1961 -0.8673 -0.4576
Z 0.9213 0.3228 -0.2168

PART 29
OFFSET 11.5018 -12.7589 -2.2558
SCALE 1 1 1
X -0.3823 0.8477 -0.3678
Y 0.0257 -0.3881 -0.9213
Z -0.9237 -0.3616 0.1265

PART 30
OFFSET 11.8515 -14.0267 -2.8913
SCALE 1 1 1
X -0.2394 0.8679 0.4351
Y -0.8384 0.0412 -0.5435
Z -0.4897 -0.4949 0.7178

PART 31
OFFSET 11.4303 -14.1946 -4.7915
SCALE 1 1 1
X 0.2156 0.0860 0.9727
Y -0.3634 0.9316 -0.0018
Z -0.9063 -0.3531 0.2321

PART 32
OFFSET 8.5568 -11.8416 -5.6379
SCALE 1 1 1
X 0.8025 -0.5375 0.2590
Y 0.5827 0.7994 -0.1466
Z -0.1282 0.2685 0.9547

PART 33
OFFSET 1.9070 -12.0652 -15.1046
SCALE 1 1 1
X 0.5747 0.0193 0.8181
Y 0.4625 0.8171 -0.3442
Z -0.6752 0.5762 0.4606

PART 34
OFFSET -0.9211 -3.5949 -6.9487
SCALE 1 1 1
X 0.2338 -0.7004 -0.6744
Y -0.1581 -0.7118 0.6844
Z -0.9593 -0.0534 -0.2772

PART 35
OFFSET -9.7932 -16.5724 -5.0143
SCALE 1 1 1
X -0.9210 -0.2319 -0.3130
Y 0.2310 -0.9721 0.0403
Z -0.3136 -0.0352 0.9489

PART 36
OFFSET -8.2805 -15.4796 -5.6803
SCALE 1 1 1
X -0.9215 -0.2260 -0.3158
Y 0.3129 0.0498 -0.9485
Z 0.2300 -0.9729 0.0248

PART 37
OFFSET -8.3385 -14.4792 -5.0236
SCALE 1 1 1
X -0.9215 -0.2260 -0.3158
Y 0.3129 0.0498 -0.9485
Z 0.2300 -0.9729 0.0248

PART 38
OFFSET -8.6124 -14.7127 -3.7265
SCALE 1 1 1
X -0.9215 -0.2260 -0.3158
Y 0.3129 0.0498 -0.9485
Z 0.2300 -0.9729 0.0248

PART 39
OFFSET -2.7318 -13.8659 -6.4589
SCALE 1 1 1
X -0.9514 0.3050 -0.0436
Y 0.1411 0.3055 -0.9417
Z -0.2739 -0.9020 -0.3336

PART 40
OFFSET -3.4601 -13.5032 -5.7450
SCALE 1 1 1
X -0.6882 0.3634 0.6279
Y -0.4934 -0.8689 -0.0380
Z 0.5318 -0.3360 0.7773

PART 41
OFFSET -4.8717 -13.5430 -4.9525
SCALE 1 1 1
X -0.9062 -0.0407 0.4208
Y -0.0827 -0.9591 -0.2708
Z 0.4146 -0.2802 0.8658

PART 42
OFFSET -6.4300 -14.8826 -4.2841
SCALE 1 1 1
X -0.7504 -0.5775 0.3216
Y 0.2748 -0.7150 -0.6428
Z 0.6012 -0.3940 0.6952

PART 43
OFFSET -6.2958 -16.4868 -7.3070
SCALE 1 1 1
X -0.9048 -0.1445 0.4006
Y -0.3758 0.7134 -0.5915
Z -0.2003 -0.6857 -0.6998

PART 44
OFFSET -5.4143 -16.8374 -7.2563
SCALE 1 1 1
X 0.9279 -0.3690 0.0533
Y 0.2463 0.4992 -0.8308
Z 0.2799 0.7840 0.5541

PART 45
OFFSET -4.8496 -17.3550 -6.8099
SCALE 1 1 1
X 0.6369 -0.5837 0.5035
Y 0.7366 0.2682 -0.6209
Z 0.2274 0.7664 0.6008

PART 46
OFFSET -4.7905 -18.1968 -5.6731
SCALE 1 1 1
X 0.0417 -0.5946 0.8029
Y 0.9637 -0.1882 -0.1894
Z 0.2637 0.7817 0.5652

PART 47
OFFSET -6.3861 -16.9206 -4.7192
SCALE 1 1 1
X -0.6837 0.4248 0.5933
Y 0.5591 -0.2175 0.8000
Z 0.4689 0.8788 -0.0888

PART 48
OFFSET -5.4386 -15.4756 -7.5134
SCALE 1 1 1
X -0.7145 0.3796 0.5877
Y -0.3585 0.5226 -0.7735
Z -0.6007 -0.7634 -0.2373

PART 49
OFFSET -4.5706 -16.1248 -7.5507
SCALE 1 1 1
X 0.8004 -0.5985 -0.0344
Y 0.1528 0.2592 -0.9536
Z 0.5797 0.7580 0.2990

PART 50
OFFSET -3.7737 -17.0212 -6.8564
SCALE 1 1 1
X 0.5750 -0.6468 0.5010
Y 0.5725 -0.1193 -0.8112
Z 0.5845 0.7532 0.3017

PART 51
OFFSET -3.8535 -17.5568 -5.2423
SCALE 1 1 1
X -0.0468 -0.3146 0.9481
Y 0.8028 -0.5766 -0.1517
Z 0.5944 0.7540 0.2796

PART 52
OFFSET -6.0257 -16.3612 -4.4609
SCALE 1 1 1
X -0.8396 0.2841 0.4630
Y 0.4282 -0.1783 0.8859
Z 0.3343 0.9421 0.0280

PART 53
OFFSET -10.7389 -14.6985 -2.3924
SCALE 1 1 1
X -0.8236 0.2182 0.5235
Y -0.4592 0.2850 -0.8413
Z -0.3328 -0.9334 -0.1345

PART 54
OFFSET -7.2661 -14.6427 -3.6099
SCALE 1 1 1
X -0.9663 0.1257 0.2247
Y -0.1849 -0.9461 -0.2660
Z 0.1791 -0.2986 0.9374

PART 55
OFFSET -0.2274 -15.0299 -6.6853
SCALE 1 1 1
X -0.7525 0.5989 -0.2740
Y 0.4924 0.2352 -0.8380
Z -0.4374 -0.7655 -0.4719

PART 56
OFFSET -0.4942 -15.5329 -5.7098
SCALE 1 1 1
X -0.2362 -0.4453 0.8637
Y 0.9618 -0.2335 0.1427
Z 0.1381 0.8644 0.4834

PART 57
OFFSET -1.3072 -15.8483 -4.8606
SCALE 1 1 1
X -0.6603 -0.2150 0.7196
Y 0.7319 -0.3990 0.5524
Z 0.1684 0.8914 0.4208

PART 58
OFFSET -2.9984 -15.7487 -4.3812
SCALE 1 1 1
X -0.9605 0.0566 0.2723
Y 0.2086 -0.5011 0.8399
Z 0.1840 0.8635 0.4695

PART 59
OFFSET -4.4702 -14.5527 -7.4034
SCALE 1 1 1
X -0.8909 -0.0441 0.4520
Y -0.3808 0.6149 -0.6906
Z -0.2475 -0.7874 -0.5646

PART 60
OFFSET -3.4182 -14.9569 -7.2906
SCALE 1 1 1
X 0.9273 -0.3618 0.0960
Y 0.2541 0.4201 -0.8712
Z 0.2748 0.8323 0.4815

PART 61
OFFSET -2.6297 -15.7941 -6.3902
SCALE 1 1 1
X 0.5399 -0.5733 0.6164
Y 0.8028 0.1303 -0.5819
Z 0.2533 0.8090 0.5305

PART 62
OFFSET -3.3341 -16.7081 -4.8139
SCALE 1 1 1
X -0.3606 -0.4679 0.8069
Y 0.9051 -0.3846 0.1815
Z 0.2254 0.7958 0.5621

PART 63
OFFSET -6.9696 -15.8616 -4.0548
SCALE 1 1 1
X -0.9663 0.1257 0.2247
Y -0.1849 -0.9461 -0.2660
Z 0.1791 -0.2986 0.9374

PART 64
OFFSET -17.6268 -18.5445 -7.6765
SCALE 1 1 1
X -0.9210 -0.2319 -0.3130
Y 0.2310 -0.9721 0.0403
Z -0.3136 -0.0352 0.9489

PART 65
OFFSET -11.0969 -11.7044 -0.1375
SCALE 1 1 1
X 0.5399 0.5656 0.6234
Y -0.4589 -0.4231 0.7813
Z 0.7056 -0.7079 0.0311

PART 66
OFFSET -5.8078 -5.6719 -0.5851
SCALE 1 1 1
X 1.0000 0.0000 0.0000
Y -0.0000 1.0000 0.0000
Z 0.0000 -0.0000 1.0000

PART 67
OFFSET 3.2089 -11.7060 -3.6564
SCALE 1 1 1
X 0.9904 0.0486 0.1296
Y 0.1101 0.2906 -0.9505
Z -0.0838 0.9556 0.2825

PART 68
OFFSET 1.6815 -12.6784 -2.8657
SCALE 1 1 1
X 0.9885 0.0681 0.1354
Y 0.1101 0.2906 -0.9505
Z -0.1040 0.9544 0.2798

PART 69
OFFSET 32.6480 -10.2014 -0.4247
SCALE 1 1 1
X 0.9904 0.0486 0.1296
Y 0.1101 0.2906 -0.9505
Z -0.0838 0.9556 0.2825

PART 70
OFFSET 2.5927 -13.3828 -4.8868
SCALE 1 1 1
X 0.9851 -0.0350 0.1686
Y 0.1722 0.2147 -0.9614
Z -0.0025 0.9760 0.2176

PART 71
OFFSET 3.5141 -13.0314 -4.6173
SCALE 1 1 1
X 0.9904 0.0486 0.1296
Y 0.1101 0.2906 -0.9505
Z -0.0838 0.9556 0.2825

PART 72
OFFSET -0.5044 -11.7914 -5.2463
SCALE 1 1 1
X 0.9904 0.0486 0.1296
Y 0.1101 0.2906 -0.9505
Z -0.0838 0.9556 0.2825

PART 73
OFFSET 5.1911 -13.0068 -4.4641
SCALE 1 1 1
X 0.9904 0.0486 0.1296
Y 0.1101 0.2906 -0.9505
Z -0.0838 0.9556 0.2825

PART 74
OFFSET 5.1911 -13.0068 -4.4641
SCALE 1 1 1
X 0.9904 0.0486 0.1296
Y 0.1101 0.2906 -0.9505
Z -0.0838 0.9556 0.2825


FRAME 11
PART 0
OFFSET -0.2684 0.7308 0.3303
SCALE 1 1 1
X 1.0000 -0.0056 0.0028
Y 0.0054 0.9980 0.0624
Z -0.0031 -0.0624 0.9980

PART 1
