// Export filename: `C:/cod5/cod/cod5/xanim_export/viewmodel/US/m1garand/m1garand_partial_reload.XANIM_EXPORT`
// Source filename: `C:/cod5/cod/cod5/animation_assets/viewmodel/US/m1_garand/viewmodelanimation_m1garand.mb`
// Export time: Tue Aug 26 01:44:20 2008

ANIMATION
VERSION 3

NUMPARTS 92
PART 0 "RingPalm_FK_LE"
PART 1 "RingPalm_SDK_LE"
PART 2 "RingPalm_FK_RI"
PART 3 "RingPalm_SDK_RI"
PART 4 "tag_torso"
PART 5 "J_Shoulder_LE"
PART 6 "J_Elbow_LE"
PART 7 "J_WristTwist_LE"
PART 8 "J_Sleave_Reshape_Bottom_LE_1"
PART 9 "J_Sleave_Reshape_Bottom_LE_2"
PART 10 "J_Sleave_Reshape_Top_LE_1"
PART 11 "J_Sleave_Reshape_Top_LE_2"
PART 12 "J_Sleave_Reshape_Top_LE_3"
PART 13 "J_Wrist_LE"
PART 14 "J_Thumb_LE_0"
PART 15 "J_Thumb_LE_1"
PART 16 "J_Thumb_LE_2"
PART 17 "J_Thumb_LE_3"
PART 18 "J_PinkyPalm_LE"
PART 19 "J_Pinky_LE_0"
PART 20 "J_Pinky_LE_1"
PART 21 "J_Pinky_LE_2"
PART 22 "J_Pinky_LE_3"
PART 23 "J_RingPalm_LE"
PART 24 "J_Ring_LE_0"
PART 25 "J_Ring_LE_1"
PART 26 "J_Ring_LE_2"
PART 27 "J_Ring_LE_3"
PART 28 "J_Webbing_LE"
PART 29 "J_Index_LE_0"
PART 30 "J_Index_LE_1"
PART 31 "J_Index_LE_2"
PART 32 "J_Index_LE_3"
PART 33 "J_Mid_LE_0"
PART 34 "J_Mid_LE_1"
PART 35 "J_Mid_LE_2"
PART 36 "J_Mid_LE_3"
PART 37 "D_Sleave_Reshape_Bottom_LE_1"
PART 38 "D_Sleave_Reshape_Bottom_LE_2"
PART 39 "D_Sleave_Reshape_Top_LE_1"
PART 40 "D_Sleave_Reshape_Top_LE_2"
PART 41 "D_Sleave_Reshape_Top_LE_3"
PART 42 "tag_weapon"
PART 43 "J_Shoulder_RI"
PART 44 "J_Elbow_RI"
PART 45 "J_WristTwist_RI"
PART 46 "J_Sleave_Reshape_Top_RI_3"
PART 47 "J_Sleave_Reshape_Top_RI_2"
PART 48 "J_Sleave_Reshape_Top_RI_1"
PART 49 "J_Wrist_RI"
PART 50 "J_Thumb_RI_0"
PART 51 "J_Thumb_RI_1"
PART 52 "J_Thumb_RI_2"
PART 53 "J_Thumb_RI_3"
PART 54 "J_PinkyPalm_RI"
PART 55 "J_Pinky_RI_0"
PART 56 "J_Pinky_RI_1"
PART 57 "J_Pinky_RI_2"
PART 58 "J_Pinky_RI_3"
PART 59 "J_RingPalm_RI"
PART 60 "J_Ring_RI_0"
PART 61 "J_Ring_RI_1"
PART 62 "J_Ring_RI_2"
PART 63 "J_Ring_RI_3"
PART 64 "J_Webbing_RI"
PART 65 "J_Index_RI_0"
PART 66 "J_Index_RI_1"
PART 67 "J_Index_RI_2"
PART 68 "J_Index_RI_3"
PART 69 "J_Mid_RI_0"
PART 70 "J_Mid_RI_1"
PART 71 "J_Mid_RI_2"
PART 72 "J_Mid_RI_3"
PART 73 "D_Sleave_Reshape_Top_RI_3"
PART 74 "D_Sleave_Reshape_Top_RI_2"
PART 75 "D_Sleave_Reshape_Top_RI_1"
PART 76 "tag_cambone"
PART 77 "tag_camera"
PART 78 "tag_gasmask"
PART 79 "J_Gun"
PART 80 "tag_brass"
PART 81 "J_Bolt"
PART 82 "tag_flash"
PART 83 "j_stripper"
PART 84 "J_Clip"
PART 85 "TAG_APERTURE"
PART 86 "tag_bayonet"
PART 87 "tag_grenade"
PART 88 "tag_grenade_mount"
PART 89 "TAG_TELESCOPIC"
PART 90 "TAG_IRON_SIGHTS"
PART 91 "TAG_SUPPRESSOR"

FRAMERATE 24
NUMFRAMES 106

FRAME 1035
PART 0
OFFSET 18.5839 -2.3977 -6.7794
SCALE 1 1 1
X 0.4605 -0.8675 0.1881
Y -0.1034 0.1580 0.9820
Z -0.8816 -0.4717 -0.0170

PART 1
OFFSET 18.5839 -2.3977 -6.7794
SCALE 1 1 1
X 0.4605 -0.8675 0.1881
Y -0.1034 0.1580 0.9820
Z -0.8816 -0.4717 -0.0170

PART 2
OFFSET 2.6239 -4.8767 -6.7566
SCALE 1 1 1
X -0.8183 -0.2952 0.4931
Y 0.2520 -0.9554 -0.1538
Z 0.5166 -0.0016 0.8562

PART 3
OFFSET 2.6239 -4.8767 -6.7566
SCALE 1 1 1
X -0.8183 -0.2952 0.4931
Y 0.2520 -0.9554 -0.1538
Z 0.5166 -0.0016 0.8562

PART 4
OFFSET 6.2061 -3.1050 -3.3894
SCALE 1 1 1
X 1.0000 0.0000 0.0000
Y 0.0000 1.0000 0.0000
Z 0.0000 -0.0000 1.0000

PART 5
OFFSET 1.6245 4.2672 -6.2573
SCALE 1 1 1
X 0.8107 0.1254 -0.5719
Y 0.0112 -0.9799 -0.1990
Z -0.5853 0.1550 -0.7958

PART 6
OFFSET 11.4291 5.7835 -13.1734
SCALE 1 1 1
X 0.5775 -0.6196 0.5316
Y -0.7636 -0.1797 0.6202
Z -0.2888 -0.7641 -0.5769

PART 7
OFFSET 16.3410 0.5134 -8.6521
SCALE 1 1 1
X 0.5775 -0.6196 0.5316
Y 0.7600 0.6458 -0.0729
Z -0.2981 0.4461 0.8439

PART 8
OFFSET 18.1875 1.1862 -7.2467
SCALE 1 1 1
X 0.5828 -0.6164 0.5294
Y 0.2981 0.7683 0.5664
Z -0.7559 -0.1723 0.6315

PART 9
OFFSET 17.6745 -0.4474 -9.3130
SCALE 1 1 1
X 0.5828 -0.6164 0.5294
Y 0.2981 0.7683 0.5664
Z -0.7559 -0.1723 0.6315

PART 10
OFFSET 16.8375 0.2257 -5.9166
SCALE 1 1 1
X 0.5828 -0.6164 0.5294
Y 0.2981 0.7683 0.5664
Z -0.7559 -0.1723 0.6315

PART 11
OFFSET 16.2602 -0.9983 -6.9035
SCALE 1 1 1
X 0.5828 -0.6164 0.5294
Y 0.2981 0.7683 0.5664
Z -0.7559 -0.1723 0.6315

PART 12
OFFSET 15.7117 -1.9448 -8.1279
SCALE 1 1 1
X 0.5828 -0.6164 0.5294
Y 0.2981 0.7683 0.5664
Z -0.7559 -0.1723 0.6315

PART 13
OFFSET 18.1114 -1.3862 -7.0225
SCALE 1 1 1
X 0.7127 -0.6872 0.1407
Y 0.6999 0.7100 -0.0774
Z -0.0467 0.1537 0.9870

PART 14
OFFSET 19.0882 -0.9471 -6.6286
SCALE 1 1 1
X 0.8902 -0.0708 0.4501
Y 0.1103 0.9919 -0.0622
Z -0.4420 0.1050 0.8908

PART 15
OFFSET 20.9956 -0.9949 -5.6141
SCALE 1 1 1
X 0.9324 -0.1469 0.3302
Y 0.0875 0.9783 0.1879
Z -0.3507 -0.1463 0.9250

PART 16
OFFSET 22.4564 -1.3068 -4.9886
SCALE 1 1 1
X 0.8422 -0.3442 0.4149
Y 0.2778 0.9367 0.2133
Z -0.4620 -0.0644 0.8845

PART 17
OFFSET 23.3507 -1.6660 -4.4958
SCALE 1 1 1
X 0.9758 -0.0197 -0.2179
Y -0.2185 -0.0326 -0.9753
Z 0.0121 0.9993 -0.0361

PART 18
OFFSET 17.9555 -2.6969 -6.6210
SCALE 1 1 1
X 0.1930 -0.9756 0.1044
Y -0.0944 0.0874 0.9917
Z -0.9766 -0.2013 -0.0753

PART 19
OFFSET 18.5199 -4.8489 -6.2539
SCALE 1 1 1
X -0.1078 0.0501 0.9929
Y -0.6678 0.7362 -0.1097
Z -0.7365 -0.6749 -0.0459

PART 20
OFFSET 18.3673 -4.7780 -4.8482
SCALE 1 1 1
X -0.5765 0.6112 0.5423
Y -0.3780 0.3889 -0.8402
Z -0.7244 -0.6893 0.0068

PART 21
OFFSET 17.8561 -4.2360 -4.3674
SCALE 1 1 1
X -0.5799 0.6009 0.5501
Y -0.3346 0.4400 -0.8333
Z -0.7428 -0.6673 -0.0541

PART 22
OFFSET 17.3052 -3.6652 -3.8448
SCALE 1 1 1
X 0.7610 -0.6393 0.1102
Y 0.0267 -0.1388 -0.9900
Z 0.6482 0.7563 -0.0886

PART 23
OFFSET 18.5839 -2.3977 -6.7794
SCALE 1 1 1
X 0.4605 -0.8675 0.1881
Y -0.1034 0.1580 0.9820
Z -0.8816 -0.4717 -0.0170

PART 24
OFFSET 19.6506 -4.7226 -6.3154
SCALE 1 1 1
X 0.2147 -0.1885 0.9583
Y -0.6462 0.7083 0.2841
Z -0.7324 -0.6802 0.0303

PART 25
OFFSET 20.0161 -5.0435 -4.6839
SCALE 1 1 1
X -0.5443 0.6122 0.5736
Y -0.4290 0.3845 -0.8174
Z -0.7209 -0.6909 0.0534

PART 26
OFFSET 19.2618 -4.1951 -3.8889
SCALE 1 1 1
X -0.6242 0.6729 0.3970
Y -0.3096 0.2535 -0.9164
Z -0.7173 -0.6949 0.0501

PART 27
OFFSET 18.5849 -3.4653 -3.4583
SCALE 1 1 1
X 0.6530 -0.7303 0.2007
Y 0.1352 -0.1483 -0.9797
Z 0.7452 0.6668 0.0019

PART 28
OFFSET 21.3946 -2.2950 -6.1826
SCALE 1 1 1
X 0.5222 -0.7412 0.4218
Y 0.2791 -0.3189 -0.9058
Z 0.8059 0.5907 0.0403

PART 29
OFFSET 21.4336 -3.5857 -6.8994
SCALE 1 1 1
X 0.7815 -0.1932 0.5932
Y -0.5338 0.2849 0.7962
Z -0.3228 -0.9389 0.1195

PART 30
OFFSET 22.8096 -3.9259 -5.8550
SCALE 1 1 1
X 0.4267 -0.0634 0.9022
Y -0.8542 0.2995 0.4251
Z -0.2971 -0.9520 0.0736

PART 31
OFFSET 23.3464 -3.9452 -4.7627
SCALE 1 1 1
X -0.0335 0.1609 0.9864
Y -0.9583 0.2751 -0.0775
Z -0.2839 -0.9478 0.1450

PART 32
OFFSET 23.3085 -3.7634 -3.6486
SCALE 1 1 1
X 0.7961 -0.5674 -0.2104
Y -0.2169 0.0570 -0.9745
Z 0.5649 0.8215 -0.0777

PART 33
OFFSET 20.5899 -4.2550 -6.6533
SCALE 1 1 1
X 0.5337 -0.4449 0.7192
Y -0.4817 0.5391 0.6909
Z -0.6951 -0.7152 0.0734

PART 34
OFFSET 21.6324 -5.1242 -5.2483
SCALE 1 1 1
X -0.4525 0.5352 0.7134
Y -0.5211 0.4905 -0.6985
Z -0.7237 -0.6877 0.0569

PART 35
OFFSET 20.9715 -4.3425 -4.2064
SCALE 1 1 1
X -0.5059 0.5541 0.6611
Y -0.4470 0.4871 -0.7503
Z -0.7378 -0.6751 0.0013

PART 36
OFFSET 20.3936 -3.7200 -3.4571
SCALE 1 1 1
X 0.7206 -0.6928 -0.0278
Y -0.0714 -0.0343 -0.9969
Z 0.6897 0.7203 -0.0742

PART 37
OFFSET 18.1875 1.1862 -7.2467
SCALE 1 1 1
X 0.5828 -0.6164 0.5294
Y 0.2981 0.7683 0.5664
Z -0.7559 -0.1723 0.6315

PART 38
OFFSET 17.6745 -0.4474 -9.3130
SCALE 1 1 1
X 0.5828 -0.6164 0.5294
Y 0.2981 0.7683 0.5664
Z -0.7559 -0.1723 0.6315

PART 39
OFFSET 16.8375 0.2257 -5.9166
SCALE 1 1 1
X 0.5828 -0.6164 0.5294
Y 0.2981 0.7683 0.5664
Z -0.7559 -0.1723 0.6315

PART 40
OFFSET 16.2602 -0.9983 -6.9035
SCALE 1 1 1
X 0.5828 -0.6164 0.5294
Y 0.2981 0.7683 0.5664
Z -0.7559 -0.1723 0.6315

PART 41
OFFSET 15.7117 -1.9448 -8.1279
SCALE 1 1 1
X 0.5828 -0.6164 0.5294
Y 0.2981 0.7683 0.5664
Z -0.7559 -0.1723 0.6315

PART 42
OFFSET 14.0948 -2.7535 -5.0514
SCALE 1 1 1
X 1.0000 0.0000 0.0000
Y 0.0000 1.0000 0.0000
Z 0.0000 -0.0000 1.0000

PART 43
OFFSET -2.1097 -3.5648 -2.9073
SCALE 1 1 1
X 0.2111 0.9381 0.2745
Y 0.0155 -0.2841 0.9587
Z 0.9773 -0.1981 -0.0745

PART 44
OFFSET -4.6628 -14.9103 -6.2277
SCALE 1 1 1
X -0.5529 -0.8332 -0.0063
Y 0.6577 -0.4318 -0.6172
Z 0.5116 -0.3454 0.7868

PART 45
OFFSET 0.0400 -7.8235 -6.1744
SCALE 1 1 1
X -0.5529 -0.8332 -0.0063
Y -0.1817 0.1279 -0.9750
Z 0.8132 -0.5379 -0.2222

PART 46
OFFSET -0.2864 -5.8739 -7.1680
SCALE 1 1 1
X -0.5582 -0.8297 -0.0047
Y -0.5194 0.3539 -0.7778
Z 0.6470 -0.4317 -0.6285

PART 47
OFFSET -0.1362 -5.5242 -5.9553
SCALE 1 1 1
X -0.5582 -0.8297 -0.0047
Y -0.5194 0.3539 -0.7778
Z 0.6470 -0.4317 -0.6285

PART 48
OFFSET 1.1128 -6.2479 -4.4624
SCALE 1 1 1
X -0.5582 -0.8297 -0.0047
Y -0.5194 0.3539 -0.7778
Z 0.6470 -0.4317 -0.6285

PART 49
OFFSET 1.7351 -5.2691 -6.1552
SCALE 1 1 1
X -0.9422 -0.2609 0.2100
Y -0.2508 0.1341 -0.9587
Z 0.2220 -0.9560 -0.1918

PART 50
OFFSET 2.3098 -4.8886 -5.2458
SCALE 1 1 1
X -0.5540 -0.8093 -0.1953
Y 0.1690 0.1205 -0.9782
Z 0.8152 -0.5749 0.0700

PART 51
OFFSET 3.4431 -3.1222 -4.7305
SCALE 1 1 1
X -0.7162 -0.6948 0.0658
Y 0.1509 -0.2463 -0.9574
Z 0.6814 -0.6758 0.2812

PART 52
OFFSET 4.5320 -1.9396 -4.9254
SCALE 1 1 1
X -0.5750 -0.5315 0.6221
Y -0.2583 -0.6035 -0.7544
Z 0.7763 -0.5944 0.2097

PART 53
OFFSET 5.1226 -1.3275 -5.5949
SCALE 1 1 1
X -0.9763 -0.1349 0.1690
Y -0.1804 0.9390 -0.2927
Z -0.1192 -0.3163 -0.9411

PART 54
OFFSET 2.2190 -4.7115 -7.3208
SCALE 1 1 1
X -0.6198 -0.3315 0.7113
Y 0.2928 -0.9386 -0.1824
Z 0.7281 0.0952 0.6789

PART 55
OFFSET 3.6818 -3.8376 -8.7976
SCALE 1 1 1
X -0.0872 -0.9617 0.2597
Y 0.3843 -0.2730 -0.8819
Z 0.9191 0.0229 0.3934

PART 56
OFFSET 3.8053 -2.4760 -9.1653
SCALE 1 1 1
X 0.2953 -0.6955 -0.6551
Y 0.3097 0.7183 -0.6230
Z 0.9038 -0.0189 0.4275

PART 57
OFFSET 3.5435 -1.8594 -8.5845
SCALE 1 1 1
X 0.3789 -0.3392 -0.8610
Y 0.1022 0.9400 -0.3254
Z 0.9198 0.0353 0.3908

PART 58
OFFSET 3.1835 -1.5371 -7.7665
SCALE 1 1 1
X -0.4869 -0.3358 0.8063
Y -0.0505 0.9324 0.3578
Z -0.8720 0.1336 -0.4710

PART 59
OFFSET 2.6239 -4.8767 -6.7566
SCALE 1 1 1
X -0.8183 -0.2952 0.4931
Y 0.2520 -0.9554 -0.1538
Z 0.5166 -0.0016 0.8562

PART 60
OFFSET 4.6765 -4.1313 -8.1671
SCALE 1 1 1
X -0.0249 -0.9990 0.0374
Y 0.5171 -0.0449 -0.8548
Z 0.8556 -0.0020 0.5177

PART 61
OFFSET 4.7190 -2.4305 -8.2307
SCALE 1 1 1
X 0.4549 -0.4634 -0.7605
Y 0.2650 0.8857 -0.3812
Z 0.8502 -0.0281 0.5257

PART 62
OFFSET 4.0885 -1.7883 -7.1767
SCALE 1 1 1
X 0.5159 0.2775 -0.8104
Y -0.1265 0.9604 0.2483
Z 0.8472 -0.0256 0.5306

PART 63
OFFSET 3.5290 -2.0893 -6.2978
SCALE 1 1 1
X -0.3088 -0.7772 0.5482
Y -0.4356 0.6280 0.6449
Z -0.8455 -0.0397 -0.5325

PART 64
OFFSET -1.8554 -6.9808 -4.5732
SCALE 1 1 1
X -0.7763 -0.5373 0.3297
Y -0.4958 0.8434 0.2069
Z -0.3893 -0.0028 -0.9211

PART 65
OFFSET 5.6782 -4.7088 -6.3218
SCALE 1 1 1
X -0.9182 -0.2117 0.3347
Y 0.1901 -0.9770 -0.0964
Z 0.3474 -0.0248 0.9374

PART 66
OFFSET 7.2949 -4.3360 -6.9112
SCALE 1 1 1
X -0.6985 -0.6612 0.2737
Y 0.6292 -0.7496 -0.2052
Z 0.3409 0.0289 0.9397

PART 67
OFFSET 8.1647 -3.5304 -7.1869
SCALE 1 1 1
X -0.2156 -0.9758 0.0356
Y 0.9280 -0.2161 -0.3036
Z 0.3040 -0.0325 0.9521

PART 68
OFFSET 8.4083 -2.4282 -7.2270
SCALE 1 1 1
X -0.6820 0.5036 0.5303
Y 0.4406 0.8617 -0.2517
Z -0.5838 0.0620 -0.8096

PART 69
OFFSET 5.2658 -4.4197 -7.3051
SCALE 1 1 1
X -0.5519 -0.8233 0.1323
Y 0.7558 -0.5609 -0.3378
Z 0.3523 -0.0864 0.9319

PART 70
OFFSET 6.3440 -2.8112 -7.5635
SCALE 1 1 1
X 0.6387 -0.7011 -0.3169
Y 0.6652 0.7102 -0.2305
Z 0.3867 -0.0636 0.9200

PART 71
OFFSET 5.4110 -1.7871 -7.1006
SCALE 1 1 1
X 0.8887 -0.2339 -0.3944
Y 0.2170 0.9722 -0.0877
Z 0.4039 -0.0077 0.9148

PART 72
OFFSET 4.4018 -1.5215 -6.6605
SCALE 1 1 1
X -0.8459 -0.4411 0.2999
Y -0.3747 0.8915 0.2544
Z -0.3796 0.1028 -0.9194

PART 73
OFFSET -0.2864 -5.8739 -7.1680
SCALE 1 1 1
X -0.5582 -0.8297 -0.0047
Y -0.5194 0.3539 -0.7778
Z 0.6470 -0.4317 -0.6285

PART 74
OFFSET -0.1362 -5.5242 -5.9553
SCALE 1 1 1
X -0.5582 -0.8297 -0.0047
Y -0.5194 0.3539 -0.7778
Z 0.6470 -0.4317 -0.6285

PART 75
OFFSET 1.1128 -6.2479 -4.4624
SCALE 1 1 1
X -0.5582 -0.8297 -0.0047
Y -0.5194 0.3539 -0.7778
Z 0.6470 -0.4317 -0.6285

PART 76
OFFSET 0.0000 0.0000 0.0000
SCALE 1 1 1
X 1.0000 0.0000 0.0000
Y 0.0000 1.0000 0.0000
Z 0.0000 0.0000 1.0000

PART 77
OFFSET 0.0000 0.0000 0.0000
SCALE 1 1 1
X 1.0000 0.0000 0.0000
Y 0.0000 1.0000 0.0000
Z 0.0000 0.0000 1.0000

PART 78
OFFSET 1.5404 0.0000 4.1357
SCALE 1 1 1
X 1.0000 0.0000 0.0000
Y 0.0000 1.0000 0.0000
Z 0.0000 0.0000 1.0000

PART 79
OFFSET 14.0948 -2.7535 -5.0514
SCALE 1 1 1
X 1.0000 0.0000 0.0000
Y 0.0000 1.0000 0.0000
Z 0.0000 -0.0000 1.0000

PART 80
OFFSET 12.2995 -3.3615 -8.0951
SCALE 1 1 1
X -0.0234 -0.8582 0.5129
Y 0.9991 -0.0016 0.0428
Z -0.0359 0.5134 0.8574

PART 81
OFFSET 13.8216 -4.5638 -3.9495
SCALE 1 1 1
X 0.9998 -0.0000 0.0204
Y 0.0000 1.0000 0.0000
Z -0.0204 -0.0000 0.9998

PART 82
OFFSET 41.9472 -2.7535 -3.5307
SCALE 1 1 1
X 1.0000 0.0000 0.0000
Y 0.0000 1.0000 0.0000
Z 0.0000 -0.0000 1.0000

PART 83
OFFSET 12.0028 -2.8081 -4.6899
SCALE 1 1 1
X 0.9978 -0.0650 0.0144
Y 0.0645 0.9973 0.0357
Z -0.0167 -0.0347 0.9993

PART 84
OFFSET 12.0201 -2.7912 -4.7391
SCALE 1 1 1
X 1.0000 0.0000 0.0000
Y 0.0000 1.0000 0.0000
Z 0.0000 -0.0000 1.0000

PART 85
OFFSET 7.9231 -2.7417 -3.3398
SCALE 1 1 1
X 1.0000 0.0000 0.0000
Y 0.0000 1.0000 0.0000
Z 0.0000 -0.0000 1.0000

PART 86
OFFSET 37.7078 -2.7535 -4.7488
SCALE 1 1 1
X 0.9998 -0.0000 0.0204
Y 0.0000 1.0000 0.0000
Z -0.0204 -0.0000 0.9998

PART 87
OFFSET 50.8667 -2.7535 -3.3528
SCALE 1 1 1
X 0.9998 -0.0000 0.0204
Y 0.0000 1.0000 0.0000
Z -0.0204 -0.0000 0.9998

PART 88
OFFSET 51.2082 -2.7535 -3.3597
SCALE 1 1 1
X 0.9998 -0.0000 0.0204
Y 0.0000 1.0000 0.0000
Z -0.0204 -0.0000 0.9998

PART 89
OFFSET 9.9164 -1.4336 -4.2067
SCALE 1 1 1
X 1.0000 0.0000 0.0000
Y 0.0000 1.0000 0.0000
Z 0.0000 -0.0000 1.0000

PART 90
OFFSET 19.7167 -3.1634 -4.2067
SCALE 1 1 1
X 1.0000 0.0000 0.0000
Y 0.0000 1.0000 0.0000
Z 0.0000 -0.0000 1.0000

PART 91
OFFSET 43.5343 -2.7535 -3.3919
SCALE 1 1 1
X 0.9998 -0.0000 0.0204
Y 0.0000 1.0000 0.0000
Z -0.0204 -0.0000 0.9998


FRAME 1036
PART 0
OFFSET 18.1811 -2.1825 -6.8745
SCALE 1 1 1
X 0.4474 -0.8774 0.1731
Y -0.1341 0.1256 0.9830
Z -0.8842 -0.4630 -0.0615

PART 1
OFFSET 18.1811 -2.1825 -6.8745
SCALE 1 1 1
X 0.4474 -0.8774 0.1731
Y -0.1341 0.1256 0.9830
Z -0.8842 -0.4630 -0.0615

PART 2
OFFSET 2.6595 -4.9429 -6.7931
SCALE 1 1 1
X -0.8287 -0.2948 0.4757
Y 0.2681 -0.9553 -0.1248
Z 0.4912 0.0241 0.8707

PART 3
OFFSET 2.6595 -4.9429 -6.7931
SCALE 1 1 1
X -0.8287 -0.2948 0.4757
Y 0.2681 -0.9553 -0.1248
Z 0.4912 0.0241 0.8707

PART 4
OFFSET 6.2061 -3.1050 -3.3894
SCALE 1 1 1
X 1.0000 0.0000 0.0000
Y 0.0000 1.0000 0.0000
Z 0.0000 -0.0000 1.0000

PART 5
OFFSET 1.6245 4.2672 -6.2573
SCALE 1 1 1
X 0.7932 0.1466 -0.5911
Y 0.0256 -0.9778 -0.2081
Z -0.6084 0.1500 -0.7793

PART 6
OFFSET 11.2174 6.0397 -13.4054
SCALE 1 1 1
X 0.5625 -0.6222 0.5445
Y -0.7750 -0.1673 0.6094
Z -0.2881 -0.7647 -0.5763

PART 7
OFFSET 16.0014 0.7473 -8.7744
SCALE 1 1 1
X 0.5625 -0.6222 0.5445
Y 0.7548 0.6552 -0.0309
Z -0.3375 0.4284 0.8382

PART 8
OFFSET 17.8333 1.4095 -7.3450
SCALE 1 1 1
X 0.5679 -0.6191 0.5424
Y 0.2976 0.7688 0.5660
Z -0.7674 -0.1599 0.6209

PART 9
OFFSET 17.3344 -0.2323 -9.4083
SCALE 1 1 1
X 0.5679 -0.6191 0.5424
Y 0.2976 0.7688 0.5660
Z -0.7674 -0.1599 0.6209

PART 10
OFFSET 16.4525 0.4725 -6.0297
SCALE 1 1 1
X 0.5679 -0.6191 0.5424
Y 0.2976 0.7688 0.5660
Z -0.7674 -0.1599 0.6209

PART 11
OFFSET 15.8772 -0.7517 -7.0175
SCALE 1 1 1
X 0.5679 -0.6191 0.5424
Y 0.2976 0.7688 0.5660
Z -0.7674 -0.1599 0.6209

PART 12
OFFSET 15.3374 -1.7004 -8.2440
SCALE 1 1 1
X 0.5679 -0.6191 0.5424
Y 0.2976 0.7688 0.5660
Z -0.7674 -0.1599 0.6209

PART 13
OFFSET 17.7257 -1.1603 -7.1052
SCALE 1 1 1
X 0.7016 -0.6974 0.1461
Y 0.7080 0.7055 -0.0325
Z -0.0805 0.1262 0.9887

PART 14
OFFSET 18.6915 -0.7414 -6.6648
SCALE 1 1 1
X 0.8934 0.0423 0.4473
Y 0.0604 0.9752 -0.2129
Z -0.4452 0.2173 0.8687

PART 15
OFFSET 20.6005 -0.5407 -5.6724
SCALE 1 1 1
X 0.9367 -0.0907 0.3382
Y 0.0781 0.9956 0.0508
Z -0.3414 -0.0212 0.9397

PART 16
OFFSET 22.0698 -0.7489 -5.0242
SCALE 1 1 1
X 0.8587 -0.2403 0.4527
Y 0.2378 0.9692 0.0634
Z -0.4540 0.0532 0.8894

PART 17
OFFSET 22.9816 -0.9899 -4.4929
SCALE 1 1 1
X 0.9745 -0.0119 -0.2241
Y -0.2222 -0.1917 -0.9560
Z -0.0316 0.9814 -0.1895

PART 18
OFFSET 17.5451 -2.4804 -6.7470
SCALE 1 1 1
X 0.1813 -0.9799 0.0832
Y -0.1289 0.0602 0.9898
Z -0.9749 -0.1902 -0.1154

PART 19
OFFSET 18.0787 -4.6470 -6.4219
SCALE 1 1 1
X 0.0596 -0.3885 0.9195
Y -0.5875 0.7311 0.3470
Z -0.8070 -0.5609 -0.1846

PART 20
OFFSET 18.1631 -5.1970 -5.1201
SCALE 1 1 1
X -0.3603 0.2554 0.8972
Y -0.4986 0.7601 -0.4166
Z -0.7884 -0.5975 -0.1465

PART 21
OFFSET 17.8437 -4.9705 -4.3246
SCALE 1 1 1
X -0.3980 0.3060 0.8649
Y -0.4180 0.7787 -0.4678
Z -0.8166 -0.5477 -0.1821

PART 22
OFFSET 17.4655 -4.6799 -3.5029
SCALE 1 1 1
X 0.6849 -0.6437 -0.3415
Y -0.1626 0.3218 -0.9327
Z 0.7102 0.6944 0.1157

PART 23
OFFSET 18.1811 -2.1825 -6.8745
SCALE 1 1 1
X 0.4474 -0.8774 0.1731
Y -0.1341 0.1256 0.9830
Z -0.8842 -0.4630 -0.0615

PART 24
OFFSET 19.2140 -4.5313 -6.4560
SCALE 1 1 1
X 0.2834 -0.4794 0.8306
Y -0.5436 0.6332 0.5509
Z -0.7901 -0.6076 -0.0811

PART 25
OFFSET 19.6964 -5.3474 -5.0419
SCALE 1 1 1
X -0.3280 0.3172 0.8898
Y -0.5363 0.7129 -0.4518
Z -0.7777 -0.6254 -0.0637

PART 26
OFFSET 19.2418 -4.9078 -3.8087
SCALE 1 1 1
X -0.4336 0.4496 0.7809
Y -0.4592 0.6354 -0.6208
Z -0.7754 -0.6277 -0.0691

PART 27
OFFSET 18.7716 -4.4201 -2.9618
SCALE 1 1 1
X 0.5794 -0.7623 -0.2886
Y -0.0939 0.2893 -0.9526
Z 0.8096 0.5790 0.0960

PART 28
OFFSET 20.9696 -2.1223 -6.1763
SCALE 1 1 1
X 0.5009 -0.7575 0.4187
Y 0.3085 -0.2958 -0.9041
Z 0.8087 0.5820 0.0855

PART 29
OFFSET 21.0235 -3.3925 -6.9277
SCALE 1 1 1
X 0.7670 -0.3215 0.5553
Y -0.4892 0.2670 0.8303
Z -0.4152 -0.9085 0.0475

PART 30
OFFSET 22.3740 -3.9585 -5.9500
SCALE 1 1 1
X 0.5342 -0.2274 0.8142
Y -0.7491 0.3189 0.5806
Z -0.3917 -0.9201 0.0000

PART 31
OFFSET 23.0472 -4.1791 -4.9602
SCALE 1 1 1
X 0.2877 -0.0435 0.9567
Y -0.8840 0.3723 0.2827
Z -0.3685 -0.9271 0.0686

PART 32
OFFSET 23.3721 -4.2283 -3.8796
SCALE 1 1 1
X 0.6007 -0.5827 -0.5474
Y -0.4869 0.2765 -0.8286
Z 0.6341 0.7642 -0.1176

PART 33
OFFSET 20.1662 -4.0609 -6.7307
SCALE 1 1 1
X 0.5482 -0.5366 0.6415
Y -0.4386 0.4686 0.7668
Z -0.7121 -0.7018 0.0215

PART 34
OFFSET 21.2372 -5.1092 -5.4775
SCALE 1 1 1
X -0.2206 0.2563 0.9411
Y -0.6348 0.6948 -0.3380
Z -0.7405 -0.6720 0.0095

PART 35
OFFSET 20.9150 -4.7348 -4.1029
SCALE 1 1 1
X -0.2870 0.2959 0.9111
Y -0.5743 0.7080 -0.4109
Z -0.7667 -0.6412 -0.0333

PART 36
OFFSET 20.5849 -4.4047 -3.0710
SCALE 1 1 1
X 0.6359 -0.6381 -0.4340
Y -0.3112 0.3026 -0.9009
Z 0.7062 0.7080 -0.0062

PART 37
OFFSET 17.8333 1.4095 -7.3450
SCALE 1 1 1
X 0.5679 -0.6191 0.5424
Y 0.2976 0.7688 0.5660
Z -0.7674 -0.1599 0.6209

PART 38
OFFSET 17.3344 -0.2323 -9.4083
SCALE 1 1 1
X 0.5679 -0.6191 0.5424
Y 0.2976 0.7688 0.5660
Z -0.7674 -0.1599 0.6209

PART 39
OFFSET 16.4525 0.4725 -6.0297
SCALE 1 1 1
X 0.5679 -0.6191 0.5424
Y 0.2976 0.7688 0.5660
Z -0.7674 -0.1599 0.6209

PART 40
OFFSET 15.8772 -0.7517 -7.0175
SCALE 1 1 1
X 0.5679 -0.6191 0.5424
Y 0.2976 0.7688 0.5660
Z -0.7674 -0.1599 0.6209

PART 41
OFFSET 15.3374 -1.7004 -8.2440
SCALE 1 1 1
X 0.5679 -0.6191 0.5424
Y 0.2976 0.7688 0.5660
Z -0.7674 -0.1599 0.6209

PART 42
OFFSET 14.1006 -2.7164 -5.0161
SCALE 1 1 1
X 0.9999 -0.0014 0.0111
Y 0.0012 0.9999 0.0120
Z -0.0111 -0.0120 0.9999

PART 43
OFFSET -2.1097 -3.5648 -2.9073
SCALE 1 1 1
X 0.2173 0.9380 0.2702
Y 0.0181 -0.2806 0.9597
Z 0.9759 -0.2037 -0.0779

PART 44
OFFSET -4.7382 -14.9084 -6.1747
SCALE 1 1 1
X -0.5614 -0.8275 0.0030
Y 0.6493 -0.4428 -0.6184
Z 0.5130 -0.3452 0.7859

PART 45
OFFSET 0.0371 -7.8701 -6.2000
SCALE 1 1 1
X -0.5614 -0.8275 0.0030
Y -0.1550 0.1016 -0.9827
Z 0.8129 -0.5522 -0.1853

PART 46
OFFSET -0.2718 -5.9267 -7.1787
SCALE 1 1 1
X -0.5667 -0.8239 0.0045
Y -0.5207 0.3539 -0.7769
Z 0.6385 -0.4426 -0.6296

PART 47
OFFSET -0.1196 -5.5638 -5.9737
SCALE 1 1 1
X -0.5667 -0.8239 0.0045
Y -0.5207 0.3539 -0.7769
Z 0.6385 -0.4426 -0.6296

PART 48
OFFSET 1.1076 -6.2739 -4.5118
SCALE 1 1 1
X -0.5667 -0.8239 0.0045
Y -0.5207 0.3539 -0.7769
Z 0.6385 -0.4426 -0.6296

PART 49
OFFSET 1.7583 -5.3332 -6.2091
SCALE 1 1 1
X -0.9447 -0.2683 0.1884
Y -0.2243 0.1095 -0.9684
Z 0.2392 -0.9571 -0.1636

PART 50
OFFSET 2.3015 -4.9252 -5.2922
SCALE 1 1 1
X -0.5436 -0.8142 -0.2037
Y 0.1934 0.1147 -0.9744
Z 0.8168 -0.5691 0.0951

PART 51
OFFSET 3.4097 -3.1479 -4.7606
SCALE 1 1 1
X -0.7153 -0.6959 0.0635
Y 0.1687 -0.2602 -0.9507
Z 0.6782 -0.6693 0.3035

PART 52
OFFSET 4.4986 -1.9650 -4.9539
SCALE 1 1 1
X -0.5853 -0.5259 0.6171
Y -0.2410 -0.6138 -0.7517
Z 0.7742 -0.5887 0.2325

PART 53
OFFSET 5.1002 -1.3589 -5.6191
SCALE 1 1 1
X -0.9790 -0.1365 0.1513
Y -0.1779 0.9346 -0.3080
Z -0.0993 -0.3285 -0.9393

PART 54
OFFSET 2.2693 -4.7954 -7.3724
SCALE 1 1 1
X -0.6363 -0.3236 0.7003
Y 0.3095 -0.9386 -0.1526
Z 0.7066 0.1196 0.6974

PART 55
OFFSET 3.7639 -3.9358 -8.8255
SCALE 1 1 1
X -0.1108 -0.9504 0.2907
Y 0.4207 -0.3099 -0.8526
Z 0.9004 0.0279 0.4341

PART 56
OFFSET 3.9208 -2.5903 -9.2371
SCALE 1 1 1
X 0.3113 -0.7322 -0.6057
Y 0.3509 0.6809 -0.6428
Z 0.8831 -0.0125 0.4689

PART 57
OFFSET 3.6447 -1.9410 -8.7001
SCALE 1 1 1
X 0.4106 -0.3902 -0.8241
Y 0.1353 0.9199 -0.3681
Z 0.9017 0.0396 0.4305

PART 58
OFFSET 3.2547 -1.5704 -7.9171
SCALE 1 1 1
X -0.5294 -0.2848 0.7992
Y -0.0481 0.9505 0.3069
Z -0.8470 0.1240 -0.5169

PART 59
OFFSET 2.6595 -4.9429 -6.7931
SCALE 1 1 1
X -0.8287 -0.2948 0.4757
Y 0.2681 -0.9553 -0.1248
Z 0.4912 0.0241 0.8707

PART 60
OFFSET 4.7433 -4.2025 -8.1599
SCALE 1 1 1
X -0.0438 -0.9962 0.0756
Y 0.5518 -0.0872 -0.8294
Z 0.8328 0.0054 0.5535

PART 61
OFFSET 4.8179 -2.5065 -8.2886
SCALE 1 1 1
X 0.4740 -0.5133 -0.7154
Y 0.3032 0.8580 -0.4147
Z 0.8267 -0.0203 0.5623

PART 62
OFFSET 4.1609 -1.7951 -7.2971
SCALE 1 1 1
X 0.5577 0.2074 -0.8037
Y -0.1035 0.9781 0.1806
Z 0.8236 -0.0175 0.5670

PART 63
OFFSET 3.5561 -2.0201 -6.4254
SCALE 1 1 1
X -0.3573 -0.7295 0.5832
Y -0.4398 0.6823 0.5841
Z -0.8240 -0.0478 -0.5646

PART 64
OFFSET -1.8557 -7.0556 -4.6937
SCALE 1 1 1
X -0.7790 -0.5398 0.3191
Y -0.5120 0.8413 0.1734
Z -0.3620 -0.0283 -0.9317

PART 65
OFFSET 5.6975 -4.7259 -6.2738
SCALE 1 1 1
X -0.9252 -0.2262 0.3048
Y 0.2145 -0.9741 -0.0720
Z 0.3132 -0.0013 0.9497

PART 66
OFFSET 7.3264 -4.3276 -6.8104
SCALE 1 1 1
X -0.7020 -0.6623 0.2619
Y 0.6434 -0.7474 -0.1655
Z 0.3054 0.0524 0.9508

PART 67
OFFSET 8.1983 -3.5193 -7.0711
SCALE 1 1 1
X -0.2248 -0.9729 0.0535
Y 0.9366 -0.2309 -0.2634
Z 0.2686 -0.0091 0.9632

PART 68
OFFSET 8.4522 -2.4204 -7.1315
SCALE 1 1 1
X -0.6968 0.5226 0.4913
Y 0.4566 0.8514 -0.2581
Z -0.5532 0.0445 -0.8319

PART 69
OFFSET 5.3105 -4.4640 -7.2749
SCALE 1 1 1
X -0.5520 -0.8228 0.1350
Y 0.7682 -0.5649 -0.3012
Z 0.3241 -0.0626 0.9439

PART 70
OFFSET 6.3890 -2.8567 -7.5387
SCALE 1 1 1
X 0.6365 -0.7203 -0.2757
Y 0.6827 0.6925 -0.2330
Z 0.3588 -0.0399 0.9326

PART 71
OFFSET 5.4593 -1.8045 -7.1361
SCALE 1 1 1
X 0.8932 -0.2707 -0.3591
Y 0.2450 0.9625 -0.1160
Z 0.3770 0.0156 0.9261

PART 72
OFFSET 4.4452 -1.4974 -6.7360
SCALE 1 1 1
X -0.8655 -0.4083 0.2902
Y -0.3582 0.9095 0.2110
Z -0.3501 0.0787 -0.9334

PART 73
OFFSET -0.2718 -5.9267 -7.1787
SCALE 1 1 1
X -0.5667 -0.8239 0.0045
Y -0.5207 0.3539 -0.7769
Z 0.6385 -0.4426 -0.6296

PART 74
OFFSET -0.1196 -5.5638 -5.9737
SCALE 1 1 1
X -0.5667 -0.8239 0.0045
Y -0.5207 0.3539 -0.7769
Z 0.6385 -0.4426 -0.6296

PART 75
OFFSET 1.1076 -6.2739 -4.5118
SCALE 1 1 1
X -0.5667 -0.8239 0.0045
Y -0.5207 0.3539 -0.7769
Z 0.6385 -0.4426 -0.6296

PART 76
OFFSET 0.0000 0.0000 0.0000
SCALE 1 1 1
X 1.0000 0.0000 0.0000
Y 0.0000 1.0000 0.0000
Z 0.0000 0.0000 1.0000

PART 77
OFFSET 0.0000 0.0000 0.0000
SCALE 1 1 1
X 1.0000 0.0000 -0.0008
Y 0.0000 1.0000 0.0000
Z 0.0008 0.0000 1.0000

PART 78
OFFSET 1.5436 0.0000 4.1346
SCALE 1 1 1
X 1.0000 0.0000 -0.0008
Y 0.0000 1.0000 0.0000
Z 0.0008 0.0000 1.0000

PART 79
OFFSET 14.1006 -2.7164 -5.0161
SCALE 1 1 1
X 0.9999 -0.0014 0.0111
Y 0.0012 0.9999 0.0120
Z -0.0111 -0.0120 0.9999

PART 80
OFFSET 12.3386 -3.2856 -8.0867
SCALE 1 1 1
X -0.0301 -0.8642 0.5023
Y 0.9985 -0.0035 0.0539
Z -0.0448 0.5031 0.8630

PART 81
OFFSET 13.8130 -4.5394 -3.9391
SCALE 1 1 1
X 0.9995 -0.0016 0.0316
Y 0.0012 0.9999 0.0120
Z -0.0316 -0.0119 0.9994

PART 82
OFFSET 41.9343 -2.7723 -3.1858
SCALE 1 1 1
X 0.9999 -0.0014 0.0111
Y 0.0012 0.9999 0.0120
Z -0.0111 -0.0120 0.9999

PART 83
OFFSET 12.0142 -2.7724 -4.6838
SCALE 1 1 1
X 0.9975 -0.0665 0.0247
Y 0.0653 0.9967 0.0484
Z -0.0278 -0.0466 0.9985

PART 84
OFFSET 12.0225 -2.7550 -4.7274
SCALE 1 1 1
X 0.9999 -0.0014 0.0111
Y 0.0012 0.9999 0.0120
Z -0.0111 -0.0120 0.9999

PART 85
OFFSET 7.9103 -2.7167 -3.3732
SCALE 1 1 1
X 0.9999 -0.0014 0.0111
Y 0.0012 0.9999 0.0120
Z -0.0111 -0.0120 0.9999

PART 86
OFFSET 37.7088 -2.7520 -4.4509
SCALE 1 1 1
X 0.9995 -0.0016 0.0316
Y 0.0012 0.9999 0.0120
Z -0.0316 -0.0119 0.9994

PART 87
OFFSET 50.8512 -2.7865 -2.9087
SCALE 1 1 1
X 0.9995 -0.0016 0.0316
Y 0.0012 0.9999 0.0120
Z -0.0316 -0.0119 0.9994

PART 88
OFFSET 51.1929 -2.7869 -2.9118
SCALE 1 1 1
X 0.9995 -0.0016 0.0316
Y 0.0012 0.9999 0.0120
Z -0.0316 -0.0119 0.9994

PART 89
OFFSET 9.9147 -1.4011 -4.2023
SCALE 1 1 1
X 0.9999 -0.0014 0.0111
Y 0.0012 0.9999 0.0120
Z -0.0111 -0.0120 0.9999

PART 90
OFFSET 19.7122 -3.1440 -4.1140
SCALE 1 1 1
X 0.9999 -0.0014 0.0111
Y 0.0012 0.9999 0.0120
Z -0.0111 -0.0120 0.9999

PART 91
OFFSET 43.5198 -2.7761 -3.0293
SCALE 1 1 1
X 0.9995 -0.0016 0.0316
Y 0.0012 0.9999 0.0120
Z -0.0316 -0.0119 0.9994


FRAME 1037
PART 0
OFFSET 17.1959 -1.6570 -7.1100
SCALE 1 1 1
X 0.4200 -0.8970 0.1378
Y -0.2151 0.0491 0.9753
Z -0.8817 -0.4393 -0.1723

PART 1
OFFSET 17.1959 -1.6570 -7.1100
SCALE 1 1 1
X 0.4200 -0.8970 0.1378
Y -0.2151 0.0491 0.9753
Z -0.8817 -0.4393 -0.1723

PART 2
OFFSET 2.7559 -5.1396 -6.8839
SCALE 1 1 1
X -0.8555 -0.2919 0.4277
Y 0.3036 -0.9519 -0.0424
Z 0.4195 0.0936 0.9029

PART 3
OFFSET 2.7559 -5.1396 -6.8839
SCALE 1 1 1
X -0.8555 -0.2919 0.4277
Y 0.3036 -0.9519 -0.0424
Z 0.4195 0.0936 0.9029

PART 4
OFFSET 6.2061 -3.1050 -3.3894
SCALE 1 1 1
X 1.0000 0.0000 0.0000
Y 0.0000 1.0000 0.0000
Z 0.0000 -0.0000 1.0000

PART 5
OFFSET 1.6245 4.2672 -6.2573
SCALE 1 1 1
X 0.7475 0.1965 -0.6345
Y 0.0589 -0.9711 -0.2313
Z -0.6616 0.1355 -0.7375

PART 6
OFFSET 10.6647 6.6433 -13.9313
SCALE 1 1 1
X 0.5283 -0.6270 0.5725
Y -0.7992 -0.1397 0.5846
Z -0.2866 -0.7664 -0.5749

PART 7
OFFSET 15.1582 1.3102 -9.0622
SCALE 1 1 1
X 0.5283 -0.6270 0.5725
Y 0.7283 0.6813 0.0741
Z -0.4365 0.3778 0.8166

PART 8
OFFSET 16.9555 1.9506 -7.5800
SCALE 1 1 1
X 0.5339 -0.6241 0.5705
Y 0.2966 0.7701 0.5648
Z -0.7919 -0.1323 0.5962

PART 9
OFFSET 16.4881 0.2899 -9.6356
SCALE 1 1 1
X 0.5339 -0.6241 0.5705
Y 0.2966 0.7701 0.5648
Z -0.7919 -0.1323 0.5962

PART 10
OFFSET 15.5083 1.0665 -6.2999
SCALE 1 1 1
X 0.5339 -0.6241 0.5705
Y 0.2966 0.7701 0.5648
Z -0.7919 -0.1323 0.5962

PART 11
OFFSET 14.9378 -0.1587 -7.2893
SCALE 1 1 1
X 0.5339 -0.6241 0.5705
Y 0.2966 0.7701 0.5648
Z -0.7919 -0.1323 0.5962

PART 12
OFFSET 14.4176 -1.1128 -8.5201
SCALE 1 1 1
X 0.5339 -0.6241 0.5705
Y 0.2966 0.7701 0.5648
Z -0.7919 -0.1323 0.5962

PART 13
OFFSET 16.7778 -0.6121 -7.3072
SCALE 1 1 1
X 0.6756 -0.7202 0.1580
Y 0.7181 0.6913 0.0806
Z -0.1673 0.0590 0.9841

PART 14
OFFSET 17.7060 -0.2447 -6.7543
SCALE 1 1 1
X 0.8598 0.2336 0.4540
Y -0.0016 0.8904 -0.4551
Z -0.5105 0.3906 0.7660

PART 15
OFFSET 19.5329 0.3699 -5.7774
SCALE 1 1 1
X 0.9174 0.0140 0.3978
Y 0.0623 0.9820 -0.1782
Z -0.3931 0.1882 0.9000

PART 16
OFFSET 20.9661 0.3550 -5.0238
SCALE 1 1 1
X 0.8490 -0.0358 0.5271
Y 0.1594 0.9686 -0.1909
Z -0.5037 0.2461 0.8281

PART 17
OFFSET 21.8639 0.3440 -4.4191
SCALE 1 1 1
X 0.9832 0.0151 -0.1821
Y -0.1553 -0.4561 -0.8763
Z -0.0963 0.8898 -0.4461

PART 18
OFFSET 16.5468 -1.9498 -7.0609
SCALE 1 1 1
X 0.1579 -0.9869 0.0343
Y -0.2173 -0.0009 0.9761
Z -0.9632 -0.1616 -0.2146

PART 19
OFFSET 17.0152 -4.1437 -6.8330
SCALE 1 1 1
X 0.2944 -0.9058 0.3048
Y -0.3275 0.2040 0.9226
Z -0.8978 -0.3715 -0.2366

PART 20
OFFSET 17.4320 -5.4260 -6.4014
SCALE 1 1 1
X 0.0813 -0.6194 0.7808
Y -0.4799 0.6623 0.5754
Z -0.8736 -0.4215 -0.2434

PART 21
OFFSET 17.5041 -5.9752 -5.7091
SCALE 1 1 1
X -0.0116 -0.4739 0.8805
Y -0.4267 0.7987 0.4242
Z -0.9043 -0.3708 -0.2115

PART 22
OFFSET 17.4931 -6.4254 -4.8726
SCALE 1 1 1
X 0.4075 -0.0854 -0.9092
Y -0.4289 0.8611 -0.2731
Z 0.8062 0.5013 0.3143

PART 23
OFFSET 17.1959 -1.6570 -7.1100
SCALE 1 1 1
X 0.4200 -0.8970 0.1378
Y -0.2151 0.0491 0.9753
Z -0.8817 -0.4393 -0.1723

PART 24
OFFSET 18.1597 -4.0514 -6.7994
SCALE 1 1 1
X 0.3589 -0.8508 0.3838
Y -0.3321 0.2678 0.9044
Z -0.8723 -0.4521 -0.1864

PART 25
OFFSET 18.7708 -5.4999 -6.1461
SCALE 1 1 1
X 0.0732 -0.4709 0.8792
Y -0.5057 0.7423 0.4397
Z -0.8596 -0.4767 -0.1838

PART 26
OFFSET 18.8722 -6.1525 -4.9277
SCALE 1 1 1
X -0.0270 -0.3283 0.9442
Y -0.5098 0.8170 0.2695
Z -0.8598 -0.4741 -0.1895

PART 27
OFFSET 18.8430 -6.5086 -3.9037
SCALE 1 1 1
X 0.2711 -0.2210 -0.9368
Y -0.3648 0.8771 -0.3125
Z 0.8908 0.4265 0.1571

PART 28
OFFSET 19.9109 -1.7030 -6.1647
SCALE 1 1 1
X 0.4502 -0.7949 0.4067
Y 0.3843 -0.2387 -0.8918
Z 0.8060 0.5578 0.1980

PART 29
OFFSET 20.0139 -2.9189 -6.9965
SCALE 1 1 1
X 0.7136 -0.5458 0.4391
Y -0.4040 0.1913 0.8945
Z -0.5722 -0.8158 -0.0840

PART 30
OFFSET 21.2704 -3.8799 -6.2235
SCALE 1 1 1
X 0.6563 -0.5290 0.5380
Y -0.5134 0.2093 0.8322
Z -0.5529 -0.8224 -0.1342

PART 31
OFFSET 22.1018 -4.4730 -5.5613
SCALE 1 1 1
X 0.7005 -0.4736 0.5339
Y -0.4930 0.2198 0.8418
Z -0.5160 -0.8529 -0.0794

PART 32
OFFSET 22.8931 -5.0079 -4.9583
SCALE 1 1 1
X 0.0718 -0.2842 -0.9561
Y -0.7403 0.6272 -0.2420
Z 0.6685 0.7251 -0.1653

PART 33
OFFSET 19.1328 -3.5814 -6.9243
SCALE 1 1 1
X 0.5632 -0.6883 0.4573
Y -0.3721 0.2829 0.8840
Z -0.7378 -0.6680 -0.0968

PART 34
OFFSET 20.2331 -4.9260 -6.0309
SCALE 1 1 1
X 0.2114 -0.3945 0.8942
Y -0.6075 0.6637 0.4364
Z -0.7657 -0.6355 -0.0994

PART 35
OFFSET 20.5418 -5.5023 -4.7248
SCALE 1 1 1
X 0.1382 -0.3459 0.9280
Y -0.5814 0.7303 0.3588
Z -0.8018 -0.5891 -0.1001

PART 36
OFFSET 20.6931 -5.8987 -3.6747
SCALE 1 1 1
X 0.3166 -0.1636 -0.9344
Y -0.5922 0.7354 -0.3294
Z 0.7410 0.6576 0.1360

PART 37
OFFSET 16.9555 1.9506 -7.5800
SCALE 1 1 1
X 0.5339 -0.6241 0.5705
Y 0.2966 0.7701 0.5648
Z -0.7919 -0.1323 0.5962

PART 38
OFFSET 16.4881 0.2899 -9.6356
SCALE 1 1 1
X 0.5339 -0.6241 0.5705
Y 0.2966 0.7701 0.5648
Z -0.7919 -0.1323 0.5962

PART 39
OFFSET 15.5083 1.0665 -6.2999
SCALE 1 1 1
X 0.5339 -0.6241 0.5705
Y 0.2966 0.7701 0.5648
Z -0.7919 -0.1323 0.5962

PART 40
OFFSET 14.9378 -0.1587 -7.2893
SCALE 1 1 1
X 0.5339 -0.6241 0.5705
Y 0.2966 0.7701 0.5648
Z -0.7919 -0.1323 0.5962

PART 41
OFFSET 14.4176 -1.1128 -8.5201
SCALE 1 1 1
X 0.5339 -0.6241 0.5705
Y 0.2966 0.7701 0.5648
Z -0.7919 -0.1323 0.5962

PART 42
OFFSET 14.1180 -2.6225 -4.9233
SCALE 1 1 1
X 0.9992 -0.0048 0.0396
Y 0.0031 0.9991 0.0428
Z -0.0398 -0.0427 0.9983

PART 43
OFFSET -2.1097 -3.5648 -2.9072
SCALE 1 1 1
X 0.2349 0.9372 0.2580
Y 0.0227 -0.2706 0.9624
Z 0.9717 -0.2202 -0.0849

PART 44
OFFSET -4.9509 -14.8987 -6.0269
SCALE 1 1 1
X -0.5854 -0.8103 0.0278
Y 0.6263 -0.4736 -0.6192
Z 0.5149 -0.3451 0.7847

PART 45
OFFSET 0.0277 -8.0068 -6.2630
SCALE 1 1 1
X -0.5854 -0.8103 0.0278
Y -0.0869 0.0286 -0.9958
Z 0.8061 -0.5853 -0.0872

PART 46
OFFSET -0.2280 -6.0801 -7.2069
SCALE 1 1 1
X -0.5905 -0.8065 0.0293
Y -0.5222 0.3541 -0.7758
Z 0.6153 -0.4734 -0.6303

PART 47
OFFSET -0.0701 -5.6817 -6.0225
SCALE 1 1 1
X -0.5905 -0.8065 0.0293
Y -0.5222 0.3541 -0.7758
Z 0.6153 -0.4734 -0.6303

PART 48
OFFSET 1.0954 -6.3562 -4.6387
SCALE 1 1 1
X -0.5905 -0.8065 0.0293
Y -0.5222 0.3541 -0.7758
Z 0.6153 -0.4734 -0.6303

PART 49
OFFSET 1.8222 -5.5226 -6.3481
SCALE 1 1 1
X -0.9489 -0.2870 0.1311
Y -0.1494 0.0425 -0.9879
Z 0.2779 -0.9570 -0.0832

PART 50
OFFSET 2.2791 -5.0416 -5.4196
SCALE 1 1 1
X -0.5153 -0.8273 -0.2239
Y 0.2591 0.0986 -0.9608
Z 0.8169 -0.5531 0.1635

PART 51
OFFSET 3.3197 -3.2354 -4.8497
SCALE 1 1 1
X -0.7142 -0.6975 0.0577
Y 0.2162 -0.2983 -0.9297
Z 0.6657 -0.6515 0.3639

PART 52
OFFSET 4.4111 -2.0542 -5.0392
SCALE 1 1 1
X -0.6140 -0.5096 0.6027
Y -0.1956 -0.6416 -0.7417
Z 0.7647 -0.5733 0.2943

PART 53
OFFSET 5.0435 -1.4660 -5.6918
SCALE 1 1 1
X -0.9848 -0.1401 0.1030
Y -0.1677 0.9218 -0.3496
Z -0.0460 -0.3616 -0.9312

PART 54
OFFSET 2.4091 -5.0409 -7.5000
SCALE 1 1 1
X -0.6808 -0.3007 0.6679
Y 0.3466 -0.9356 -0.0679
Z 0.6453 0.1853 0.7412

PART 55
OFFSET 3.9903 -4.2236 -8.8844
SCALE 1 1 1
X -0.1839 -0.9124 0.3658
Y 0.5114 -0.4066 -0.7571
Z 0.8394 0.0478 0.5414

PART 56
OFFSET 4.2507 -2.9319 -9.4023
SCALE 1 1 1
X 0.3379 -0.8206 -0.4610
Y 0.4684 0.5714 -0.6739
Z 0.8163 0.0118 0.5774

PART 57
OFFSET 3.9511 -2.2044 -8.9935
SCALE 1 1 1
X 0.4826 -0.5209 -0.7041
Y 0.2386 0.8517 -0.4666
Z 0.8427 0.0572 0.5353

PART 58
OFFSET 3.4925 -1.7095 -8.3247
SCALE 1 1 1
X -0.6408 -0.1445 0.7540
Y -0.0240 0.9854 0.1685
Z -0.7673 0.0898 -0.6349

PART 59
OFFSET 2.7559 -5.1396 -6.8839
SCALE 1 1 1
X -0.8555 -0.2919 0.4277
Y 0.3036 -0.9519 -0.0424
Z 0.4195 0.0936 0.9029

PART 60
OFFSET 4.9206 -4.4168 -8.1290
SCALE 1 1 1
X -0.1059 -0.9793 0.1722
Y 0.6388 -0.1998 -0.7430
Z 0.7620 0.0313 0.6468

PART 61
OFFSET 5.1009 -2.7495 -8.4222
SCALE 1 1 1
X 0.5094 -0.6383 -0.5772
Y 0.4156 0.7698 -0.4845
Z 0.7535 0.0069 0.6574

PART 62
OFFSET 4.3950 -1.8649 -7.6223
SCALE 1 1 1
X 0.6610 0.0149 -0.7502
Y -0.0178 0.9998 0.0042
Z 0.7501 0.0106 0.6612

PART 63
OFFSET 3.6781 -1.8810 -6.8087
SCALE 1 1 1
X -0.4945 -0.5828 0.6448
Y -0.4257 0.8092 0.4050
Z -0.7578 -0.0742 -0.6482

PART 64
OFFSET -1.8518 -7.2659 -5.0115
SCALE 1 1 1
X -0.7866 -0.5444 0.2913
Y -0.5473 0.8332 0.0790
Z -0.2857 -0.0973 -0.9534

PART 65
OFFSET 5.7357 -4.7920 -6.1449
SCALE 1 1 1
X -0.9371 -0.2658 0.2262
Y 0.2729 -0.9620 -0.0001
Z 0.2177 0.0617 0.9741

PART 66
OFFSET 7.3856 -4.3240 -6.5433
SCALE 1 1 1
X -0.7109 -0.6647 0.2299
Y 0.6722 -0.7383 -0.0559
Z 0.2069 0.1148 0.9716

PART 67
OFFSET 8.2624 -3.5090 -6.7637
SCALE 1 1 1
X -0.2566 -0.9617 0.0964
Y 0.9514 -0.2689 -0.1502
Z 0.1704 0.0531 0.9839

PART 68
OFFSET 8.5521 -2.4227 -6.8726
SCALE 1 1 1
X -0.7274 0.5707 0.3810
Y 0.5041 0.8211 -0.2676
Z -0.4656 -0.0025 -0.8850

PART 69
OFFSET 5.4226 -4.6049 -7.1877
SCALE 1 1 1
X -0.5567 -0.8184 0.1426
Y 0.7938 -0.5747 -0.1990
Z 0.2448 0.0024 0.9696

PART 70
OFFSET 6.5101 -3.0061 -7.4663
SCALE 1 1 1
X 0.6189 -0.7688 -0.1609
Y 0.7338 0.6390 -0.2307
Z 0.2802 0.0247 0.9596

PART 71
OFFSET 5.6062 -1.8832 -7.2313
SCALE 1 1 1
X 0.8945 -0.3683 -0.2536
Y 0.3300 0.9264 -0.1814
Z 0.3017 0.0785 0.9502

PART 72
OFFSET 4.5912 -1.4660 -6.9509
SCALE 1 1 1
X -0.9159 -0.3143 0.2495
Y -0.2998 0.9492 0.0952
Z -0.2668 0.0124 -0.9637

PART 73
OFFSET -0.2280 -6.0801 -7.2069
SCALE 1 1 1
X -0.5905 -0.8065 0.0293
Y -0.5222 0.3541 -0.7758
Z 0.6153 -0.4734 -0.6303

PART 74
OFFSET -0.0701 -5.6817 -6.0225
SCALE 1 1 1
X -0.5905 -0.8065 0.0293
Y -0.5222 0.3541 -0.7758
Z 0.6153 -0.4734 -0.6303

PART 75
OFFSET 1.0954 -6.3562 -4.6387
SCALE 1 1 1
X -0.5905 -0.8065 0.0293
Y -0.5222 0.3541 -0.7758
Z 0.6153 -0.4734 -0.6303

PART 76
OFFSET 0.0000 0.0000 0.0000
SCALE 1 1 1
X 1.0000 0.0000 0.0000
Y 0.0000 1.0000 0.0000
Z 0.0000 0.0000 1.0000

PART 77
OFFSET 0.0000 0.0000 0.0000
SCALE 1 1 1
X 1.0000 0.0000 -0.0030
Y 0.0000 1.0000 0.0000
Z 0.0030 0.0000 1.0000

PART 78
OFFSET 1.5528 0.0000 4.1312
SCALE 1 1 1
X 1.0000 0.0000 -0.0030
Y 0.0000 1.0000 0.0000
Z 0.0030 0.0000 1.0000

PART 79
OFFSET 14.1180 -2.6225 -4.9233
SCALE 1 1 1
X 0.9992 -0.0048 0.0396
Y 0.0031 0.9991 0.0428
Z -0.0398 -0.0427 0.9983

PART 80
OFFSET 12.4434 -3.0915 -8.0590
SCALE 1 1 1
X -0.0464 -0.8791 0.4743
Y 0.9966 -0.0082 0.0823
Z -0.0684 0.4765 0.8765

PART 81
OFFSET 13.7956 -4.4769 -3.9117
SCALE 1 1 1
X 0.9982 -0.0057 0.0600
Y 0.0031 0.9991 0.0428
Z -0.0602 -0.0425 0.9973

PART 82
OFFSET 41.8877 -2.8217 -2.3015
SCALE 1 1 1
X 0.9992 -0.0048 0.0396
Y 0.0031 0.9991 0.0428
Z -0.0398 -0.0427 0.9983

PART 83
OFFSET 12.0468 -2.6813 -4.6678
SCALE 1 1 1
X 0.9962 -0.0704 0.0511
Y 0.0661 0.9945 0.0809
Z -0.0565 -0.0772 0.9954

PART 84
OFFSET 12.0324 -2.6635 -4.6954
SCALE 1 1 1
X 0.9992 -0.0048 0.0396
Y 0.0031 0.9991 0.0428
Z -0.0398 -0.0427 0.9983

PART 85
OFFSET 7.8832 -2.6540 -3.4587
SCALE 1 1 1
X 0.9992 -0.0048 0.0396
Y 0.0031 0.9991 0.0428
Z -0.0398 -0.0427 0.9983

PART 86
OFFSET 37.7002 -2.7493 -3.6855
SCALE 1 1 1
X 0.9982 -0.0057 0.0600
Y 0.0031 0.9991 0.0428
Z -0.0602 -0.0425 0.9973

PART 87
OFFSET 50.7930 -2.8722 -1.7705
SCALE 1 1 1
X 0.9982 -0.0057 0.0600
Y 0.0031 0.9991 0.0428
Z -0.0602 -0.0425 0.9973

PART 88
OFFSET 51.1345 -2.8736 -1.7638
SCALE 1 1 1
X 0.9982 -0.0057 0.0600
Y 0.0031 0.9991 0.0428
Z -0.0602 -0.0425 0.9973

PART 89
OFFSET 9.9135 -1.3198 -4.1892
SCALE 1 1 1
X 0.9992 -0.0048 0.0396
Y 0.0031 0.9991 0.0428
Z -0.0398 -0.0427 0.9983

PART 90
OFFSET 19.7005 -3.0951 -3.8749
SCALE 1 1 1
X 0.9992 -0.0048 0.0396
Y 0.0031 0.9991 0.0428
Z -0.0398 -0.0427 0.9983

PART 91
OFFSET 43.4680 -2.8352 -2.1000
SCALE 1 1 1
X 0.9982 -0.0057 0.0600
Y 0.0031 0.9991 0.0428
Z -0.0602 -0.0425 0.9973


FRAME 1038
PART 0
OFFSET 15.9611 -1.0054 -7.4156
SCALE 1 1 1
X 0.3946 -0.9136 0.0981
Y -0.3266 -0.0396 0.9443
Z -0.8589 -0.4047 -0.3140

PART 1
OFFSET 15.9611 -1.0054 -7.4156
SCALE 1 1 1
X 0.3946 -0.9136 0.0981
Y -0.3266 -0.0396 0.9443
Z -0.8589 -0.4047 -0.3140

PART 2
OFFSET 2.8980 -5.4666 -7.0048
SCALE 1 1 1
X -0.8910 -0.2845 0.3539
Y 0.3338 -0.9387 0.0859
Z 0.3078 0.1946 0.9313

PART 3
OFFSET 2.8980 -5.4666 -7.0048
SCALE 1 1 1
X -0.8910 -0.2845 0.3539
Y 0.3338 -0.9387 0.0859
Z 0.3078 0.1946 0.9313

PART 4
OFFSET 6.2061 -3.1050 -3.3893
SCALE 1 1 1
X 1.0000 0.0000 0.0000
Y 0.0000 1.0000 0.0000
Z 0.0000 -0.0000 1.0000

PART 5
OFFSET 1.6245 4.2672 -6.2572
SCALE 1 1 1
X 0.6842 0.2560 -0.6829
Y 0.0967 -0.9600 -0.2629
Z -0.7228 0.1138 -0.6816

PART 6
OFFSET 9.8995 7.3632 -14.5156
SCALE 1 1 1
X 0.4908 -0.6311 0.6007
Y -0.8233 -0.1102 0.5569
Z -0.2852 -0.7679 -0.5736

PART 7
OFFSET 14.0741 1.9956 -9.4064
SCALE 1 1 1
X 0.4908 -0.6311 0.6007
Y 0.6659 0.7163 0.2084
Z -0.5618 0.2977 0.7718

PART 8
OFFSET 15.8324 2.6137 -7.8688
SCALE 1 1 1
X 0.4965 -0.6283 0.5989
Y 0.2956 0.7711 0.5639
Z -0.8161 -0.1029 0.5686

PART 9
OFFSET 15.3973 0.9332 -9.9153
SCALE 1 1 1
X 0.4965 -0.6283 0.5989
Y 0.2956 0.7711 0.5639
Z -0.8161 -0.1029 0.5686

PART 10
OFFSET 14.3174 1.7867 -6.6298
SCALE 1 1 1
X 0.4965 -0.6283 0.5989
Y 0.2956 0.7711 0.5639
Z -0.8161 -0.1029 0.5686

PART 11
OFFSET 13.7517 0.5609 -7.6212
SCALE 1 1 1
X 0.4965 -0.6283 0.5989
Y 0.2956 0.7711 0.5639
Z -0.8161 -0.1029 0.5686

PART 12
OFFSET 13.2521 -0.3991 -8.8559
SCALE 1 1 1
X 0.4965 -0.6283 0.5989
Y 0.2956 0.7711 0.5639
Z -0.8161 -0.1029 0.5686

PART 13
OFFSET 15.5788 0.0609 -7.5648
SCALE 1 1 1
X 0.6455 -0.7446 0.1703
Y 0.7096 0.6670 0.2269
Z -0.2825 -0.0256 0.9589

PART 14
OFFSET 16.4380 0.3592 -6.8755
SCALE 1 1 1
X 0.8122 0.2802 0.5117
Y 0.0360 0.8514 -0.5233
Z -0.5823 0.4434 0.6814

PART 15
OFFSET 18.1618 1.0734 -5.7856
SCALE 1 1 1
X 0.8751 0.0474 0.4815
Y 0.0823 0.9661 -0.2448
Z -0.4768 0.2538 0.8416

PART 16
OFFSET 19.5163 1.1208 -4.8994
SCALE 1 1 1
X 0.8036 0.0615 0.5920
Y 0.1345 0.9501 -0.2813
Z -0.5798 0.3057 0.7552

PART 17
OFFSET 20.3610 1.2175 -4.2293
SCALE 1 1 1
X 0.9933 0.0448 -0.1061
Y -0.0638 -0.5521 -0.8314
Z -0.0958 0.8326 -0.5455

PART 18
OFFSET 15.3081 -1.2885 -7.4699
SCALE 1 1 1
X 0.1376 -0.9903 -0.0197
Y -0.3344 -0.0651 0.9402
Z -0.9323 -0.1228 -0.3401

PART 19
OFFSET 15.7120 -3.5037 -7.3493
SCALE 1 1 1
X 0.3682 -0.9279 -0.0581
Y -0.2484 -0.1584 0.9556
Z -0.8959 -0.3375 -0.2888

PART 20
OFFSET 16.2334 -4.8174 -7.4315
SCALE 1 1 1
X 0.2351 -0.8801 0.4125
Y -0.4336 0.2848 0.8549
Z -0.8699 -0.3798 -0.3147

PART 21
OFFSET 16.4418 -5.5977 -7.0658
SCALE 1 1 1
X 0.1439 -0.7994 0.5833
Y -0.4137 0.4869 0.7693
Z -0.8990 -0.3520 -0.2606

PART 22
OFFSET 16.5785 -6.3572 -6.5116
SCALE 1 1 1
X 0.2796 0.3567 -0.8914
Y -0.5185 0.8375 0.1725
Z 0.8081 0.4140 0.4191

PART 23
OFFSET 15.9611 -1.0054 -7.4156
SCALE 1 1 1
X 0.3946 -0.9136 0.0981
Y -0.3266 -0.0396 0.9443
Z -0.8589 -0.4047 -0.3140

PART 24
