// Export filename: `C:/cod5/cod/cod5/xanim_export/viewmodel/US/m1garand/m1garand_XENON_ADS_up.XANIM_EXPORT`
// Source filename: `C:/cod5/cod/cod5/animation_assets/viewmodel/US/m1_garand/viewmodelanimation_m1garand.mb`
// Export time: Tue Apr 29 13:25:28 2008

ANIMATION
VERSION 3

NUMPARTS 80
PART 0 "RingPalm_FK_LE"
PART 1 "RingPalm_SDK_LE"
PART 2 "J_PinkyPalm_RI"
PART 3 "J_Pinky_RI_0"
PART 4 "J_Pinky_RI_1"
PART 5 "J_Pinky_RI_2"
PART 6 "J_Pinky_RI_3"
PART 7 "J_RingPalm_RI"
PART 8 "J_Ring_RI_0"
PART 9 "J_Ring_RI_1"
PART 10 "J_Ring_RI_2"
PART 11 "J_Ring_RI_3"
PART 12 "J_Webbing_RI"
PART 13 "J_Index_RI_0"
PART 14 "J_Index_RI_1"
PART 15 "J_Index_RI_2"
PART 16 "J_Index_RI_3"
PART 17 "J_Mid_RI_0"
PART 18 "J_Mid_RI_1"
PART 19 "J_Mid_RI_2"
PART 20 "J_Mid_RI_3"
PART 21 "tag_cambone"
PART 22 "tag_camera"
PART 23 "tag_gasmask"
PART 24 "J_Pinky_LE_2"
PART 25 "J_Pinky_LE_3"
PART 26 "J_RingPalm_LE"
PART 27 "J_Ring_LE_0"
PART 28 "J_Ring_LE_1"
PART 29 "J_Ring_LE_2"
PART 30 "J_Ring_LE_3"
PART 31 "J_Webbing_LE"
PART 32 "J_Index_LE_0"
PART 33 "J_Index_LE_1"
PART 34 "J_Index_LE_2"
PART 35 "J_Index_LE_3"
PART 36 "J_Mid_LE_0"
PART 37 "J_Mid_LE_1"
PART 38 "J_Mid_LE_2"
PART 39 "J_Mid_LE_3"
PART 40 "tag_weapon"
PART 41 "J_Shoulder_RI"
PART 42 "J_Elbow_RI"
PART 43 "J_WristTwist_RI"
PART 44 "J_Sleave_Reshape_Top_RI_3"
PART 45 "J_Sleave_Reshape_Top_RI_2"
PART 46 "J_Sleave_Reshape_Top_RI_1"
PART 47 "J_Wrist_RI"
PART 48 "J_Thumb_RI_0"
PART 49 "J_Thumb_RI_1"
PART 50 "J_Thumb_RI_2"
PART 51 "J_Thumb_RI_3"
PART 52 "RingPalm_FK_RI"
PART 53 "RingPalm_SDK_RI"
PART 54 "tag_torso"
PART 55 "J_Shoulder_LE"
PART 56 "J_Elbow_LE"
PART 57 "J_WristTwist_LE"
PART 58 "J_Sleave_Reshape_Bottom_LE_1"
PART 59 "J_Sleave_Reshape_Bottom_LE_2"
PART 60 "J_Sleave_Reshape_Top_LE_1"
PART 61 "J_Sleave_Reshape_Top_LE_2"
PART 62 "J_Sleave_Reshape_Top_LE_3"
PART 63 "J_Wrist_LE"
PART 64 "J_Thumb_LE_0"
PART 65 "J_Thumb_LE_1"
PART 66 "J_Thumb_LE_2"
PART 67 "J_Thumb_LE_3"
PART 68 "J_PinkyPalm_LE"
PART 69 "J_Pinky_LE_0"
PART 70 "J_Pinky_LE_1"
PART 71 "J_Gun"
PART 72 "tag_brass"
PART 73 "J_Bolt"
PART 74 "tag_flash"
PART 75 "j_stripper"
PART 76 "J_Clip"
PART 77 "joint1"
PART 78 "tag_bayonet"
PART 79 "tag_grenade"

FRAMERATE 24
NUMFRAMES 11

FRAME 31
PART 0
OFFSET 20.3819 -2.3977 -6.7794
SCALE 1 1 1
X 0.4605 -0.8675 0.1881
Y -0.1034 0.1580 0.9820
Z -0.8816 -0.4717 -0.0170

PART 1
OFFSET 20.3819 -2.3977 -6.7794
SCALE 1 1 1
X 0.4605 -0.8675 0.1881
Y -0.1034 0.1580 0.9820
Z -0.8816 -0.4717 -0.0170

PART 2
OFFSET 4.0169 -4.7115 -7.3208
SCALE 1 1 1
X -0.6198 -0.3315 0.7113
Y 0.2928 -0.9386 -0.1824
Z 0.7281 0.0952 0.6789

PART 3
OFFSET 5.4798 -3.8376 -8.7976
SCALE 1 1 1
X -0.0872 -0.9617 0.2597
Y 0.3843 -0.2730 -0.8819
Z 0.9191 0.0229 0.3934

PART 4
OFFSET 5.6033 -2.4760 -9.1653
SCALE 1 1 1
X 0.2953 -0.6955 -0.6551
Y 0.3097 0.7183 -0.6230
Z 0.9038 -0.0189 0.4275

PART 5
OFFSET 5.3415 -1.8594 -8.5845
SCALE 1 1 1
X 0.3789 -0.3392 -0.8610
Y 0.1022 0.9400 -0.3254
Z 0.9198 0.0353 0.3908

PART 6
OFFSET 4.9815 -1.5371 -7.7665
SCALE 1 1 1
X -0.4869 -0.3358 0.8063
Y -0.0505 0.9324 0.3578
Z -0.8720 0.1336 -0.4710

PART 7
OFFSET 4.4219 -4.8767 -6.7566
SCALE 1 1 1
X -0.8183 -0.2952 0.4931
Y 0.2520 -0.9554 -0.1538
Z 0.5166 -0.0016 0.8562

PART 8
OFFSET 6.4745 -4.1313 -8.1671
SCALE 1 1 1
X -0.0249 -0.9990 0.0374
Y 0.5171 -0.0449 -0.8548
Z 0.8556 -0.0020 0.5177

PART 9
OFFSET 6.5170 -2.4305 -8.2307
SCALE 1 1 1
X 0.4549 -0.4634 -0.7605
Y 0.2650 0.8857 -0.3812
Z 0.8502 -0.0281 0.5257

PART 10
OFFSET 5.8865 -1.7883 -7.1767
SCALE 1 1 1
X 0.5159 0.2775 -0.8104
Y -0.1265 0.9604 0.2483
Z 0.8472 -0.0256 0.5306

PART 11
OFFSET 5.3270 -2.0893 -6.2978
SCALE 1 1 1
X -0.3088 -0.7772 0.5482
Y -0.4356 0.6280 0.6449
Z -0.8455 -0.0397 -0.5325

PART 12
OFFSET -0.0574 -6.9808 -4.5732
SCALE 1 1 1
X -0.7763 -0.5373 0.3297
Y -0.4958 0.8434 0.2069
Z -0.3893 -0.0028 -0.9211

PART 13
OFFSET 7.4762 -4.7088 -6.3218
SCALE 1 1 1
X -0.9182 -0.2117 0.3347
Y 0.1901 -0.9770 -0.0964
Z 0.3474 -0.0248 0.9374

PART 14
OFFSET 9.0929 -4.3360 -6.9112
SCALE 1 1 1
X -0.6985 -0.6612 0.2737
Y 0.6292 -0.7496 -0.2052
Z 0.3409 0.0289 0.9397

PART 15
OFFSET 9.9627 -3.5304 -7.1869
SCALE 1 1 1
X -0.2156 -0.9758 0.0356
Y 0.9280 -0.2161 -0.3036
Z 0.3040 -0.0325 0.9521

PART 16
OFFSET 10.2063 -2.4282 -7.2270
SCALE 1 1 1
X -0.6820 0.5036 0.5303
Y 0.4406 0.8617 -0.2517
Z -0.5838 0.0620 -0.8096

PART 17
OFFSET 7.0638 -4.4197 -7.3051
SCALE 1 1 1
X -0.5519 -0.8233 0.1323
Y 0.7558 -0.5609 -0.3378
Z 0.3523 -0.0864 0.9319

PART 18
OFFSET 8.1420 -2.8112 -7.5635
SCALE 1 1 1
X 0.6387 -0.7011 -0.3169
Y 0.6652 0.7102 -0.2305
Z 0.3867 -0.0636 0.9200

PART 19
OFFSET 7.2090 -1.7871 -7.1006
SCALE 1 1 1
X 0.8887 -0.2339 -0.3944
Y 0.2170 0.9722 -0.0877
Z 0.4039 -0.0077 0.9148

PART 20
OFFSET 6.1998 -1.5215 -6.6605
SCALE 1 1 1
X -0.8459 -0.4411 0.2999
Y -0.3747 0.8915 0.2544
Z -0.3796 0.1028 -0.9194

PART 21
OFFSET 0.0000 0.0000 0.0000
SCALE 1 1 1
X 1.0000 0.0000 0.0000
Y 0.0000 1.0000 0.0000
Z 0.0000 0.0000 1.0000

PART 22
OFFSET 0.0000 0.0000 0.0000
SCALE 1 1 1
X 1.0000 0.0000 0.0000
Y 0.0000 1.0000 0.0000
Z 0.0000 0.0000 1.0000

PART 23
OFFSET 1.5404 0.0000 4.1357
SCALE 1 1 1
X 1.0000 0.0000 0.0000
Y 0.0000 1.0000 0.0000
Z 0.0000 0.0000 1.0000

PART 24
OFFSET 19.6541 -4.2360 -4.3674
SCALE 1 1 1
X -0.5799 0.6009 0.5501
Y -0.3346 0.4400 -0.8333
Z -0.7428 -0.6673 -0.0541

PART 25
OFFSET 19.1032 -3.6652 -3.8448
SCALE 1 1 1
X 0.7610 -0.6393 0.1102
Y 0.0267 -0.1388 -0.9900
Z 0.6482 0.7563 -0.0886

PART 26
OFFSET 20.3819 -2.3977 -6.7794
SCALE 1 1 1
X 0.4605 -0.8675 0.1881
Y -0.1034 0.1580 0.9820
Z -0.8816 -0.4717 -0.0170

PART 27
OFFSET 21.4486 -4.7226 -6.3154
SCALE 1 1 1
X 0.2147 -0.1885 0.9583
Y -0.6462 0.7083 0.2841
Z -0.7324 -0.6802 0.0303

PART 28
OFFSET 21.8141 -5.0435 -4.6839
SCALE 1 1 1
X -0.5443 0.6122 0.5736
Y -0.4290 0.3845 -0.8174
Z -0.7209 -0.6909 0.0534

PART 29
OFFSET 21.0598 -4.1951 -3.8889
SCALE 1 1 1
X -0.6242 0.6729 0.3970
Y -0.3096 0.2535 -0.9164
Z -0.7173 -0.6949 0.0501

PART 30
OFFSET 20.3829 -3.4653 -3.4583
SCALE 1 1 1
X 0.6530 -0.7303 0.2007
Y 0.1352 -0.1483 -0.9797
Z 0.7452 0.6668 0.0019

PART 31
OFFSET 23.1926 -2.2950 -6.1826
SCALE 1 1 1
X 0.5222 -0.7412 0.4218
Y 0.2791 -0.3189 -0.9058
Z 0.8059 0.5907 0.0403

PART 32
OFFSET 23.2316 -3.5857 -6.8994
SCALE 1 1 1
X 0.7815 -0.1932 0.5932
Y -0.5338 0.2849 0.7962
Z -0.3228 -0.9389 0.1195

PART 33
OFFSET 24.6076 -3.9259 -5.8550
SCALE 1 1 1
X 0.4267 -0.0634 0.9022
Y -0.8542 0.2995 0.4251
Z -0.2971 -0.9520 0.0736

PART 34
OFFSET 25.1444 -3.9452 -4.7627
SCALE 1 1 1
X -0.0335 0.1609 0.9864
Y -0.9583 0.2751 -0.0775
Z -0.2839 -0.9478 0.1450

PART 35
OFFSET 25.1065 -3.7634 -3.6486
SCALE 1 1 1
X 0.7961 -0.5674 -0.2104
Y -0.2169 0.0570 -0.9745
Z 0.5649 0.8215 -0.0777

PART 36
OFFSET 22.3879 -4.2550 -6.6533
SCALE 1 1 1
X 0.5337 -0.4449 0.7192
Y -0.4817 0.5391 0.6909
Z -0.6951 -0.7152 0.0734

PART 37
OFFSET 23.4304 -5.1242 -5.2483
SCALE 1 1 1
X -0.4525 0.5352 0.7134
Y -0.5211 0.4905 -0.6985
Z -0.7237 -0.6877 0.0569

PART 38
OFFSET 22.7695 -4.3425 -4.2064
SCALE 1 1 1
X -0.5059 0.5541 0.6611
Y -0.4470 0.4871 -0.7503
Z -0.7378 -0.6751 0.0013

PART 39
OFFSET 22.1916 -3.7200 -3.4571
SCALE 1 1 1
X 0.7206 -0.6928 -0.0278
Y -0.0714 -0.0343 -0.9969
Z 0.6897 0.7203 -0.0742

PART 40
OFFSET 15.8928 -2.7535 -5.0514
SCALE 1 1 1
X 1.0000 0.0000 0.0000
Y 0.0000 1.0000 0.0000
Z 0.0000 -0.0000 1.0000

PART 41
OFFSET -0.3117 -3.5648 -2.9073
SCALE 1 1 1
X 0.2111 0.9381 0.2745
Y 0.0155 -0.2841 0.9587
Z 0.9773 -0.1981 -0.0745

PART 42
OFFSET -2.8648 -14.9103 -6.2277
SCALE 1 1 1
X -0.5529 -0.8332 -0.0063
Y 0.6577 -0.4318 -0.6172
Z 0.5116 -0.3454 0.7868

PART 43
OFFSET 1.8380 -7.8235 -6.1744
SCALE 1 1 1
X -0.5529 -0.8332 -0.0063
Y -0.1817 0.1279 -0.9750
Z 0.8132 -0.5379 -0.2222

PART 44
OFFSET 1.5116 -5.8739 -7.1680
SCALE 1 1 1
X -0.5582 -0.8297 -0.0047
Y -0.5194 0.3539 -0.7778
Z 0.6470 -0.4317 -0.6285

PART 45
OFFSET 1.6618 -5.5242 -5.9553
SCALE 1 1 1
X -0.5582 -0.8297 -0.0047
Y -0.5194 0.3539 -0.7778
Z 0.6470 -0.4317 -0.6285

PART 46
OFFSET 2.9108 -6.2479 -4.4624
SCALE 1 1 1
X -0.5582 -0.8297 -0.0047
Y -0.5194 0.3539 -0.7778
Z 0.6470 -0.4317 -0.6285

PART 47
OFFSET 3.5331 -5.2691 -6.1552
SCALE 1 1 1
X -0.9422 -0.2609 0.2100
Y -0.2508 0.1341 -0.9587
Z 0.2220 -0.9560 -0.1918

PART 48
OFFSET 4.1078 -4.8886 -5.2458
SCALE 1 1 1
X -0.5540 -0.8093 -0.1953
Y 0.1690 0.1205 -0.9782
Z 0.8152 -0.5749 0.0700

PART 49
OFFSET 5.2411 -3.1222 -4.7305
SCALE 1 1 1
X -0.7162 -0.6948 0.0658
Y 0.1509 -0.2463 -0.9574
Z 0.6814 -0.6758 0.2812

PART 50
OFFSET 6.3300 -1.9396 -4.9254
SCALE 1 1 1
X -0.5750 -0.5315 0.6221
Y -0.2583 -0.6035 -0.7544
Z 0.7763 -0.5944 0.2097

PART 51
OFFSET 6.9206 -1.3275 -5.5949
SCALE 1 1 1
X -0.9763 -0.1349 0.1690
Y -0.1804 0.9390 -0.2927
Z -0.1192 -0.3163 -0.9411

PART 52
OFFSET 4.4219 -4.8767 -6.7566
SCALE 1 1 1
X -0.8183 -0.2952 0.4931
Y 0.2520 -0.9554 -0.1538
Z 0.5166 -0.0016 0.8562

PART 53
OFFSET 4.4219 -4.8767 -6.7566
SCALE 1 1 1
X -0.8183 -0.2952 0.4931
Y 0.2520 -0.9554 -0.1538
Z 0.5166 -0.0016 0.8562

PART 54
OFFSET 8.0041 -3.1050 -3.3894
SCALE 1 1 1
X 1.0000 0.0000 0.0000
Y 0.0000 1.0000 0.0000
Z 0.0000 -0.0000 1.0000

PART 55
OFFSET 3.4225 4.2672 -6.2573
SCALE 1 1 1
X 0.8107 0.1254 -0.5719
Y 0.0112 -0.9799 -0.1990
Z -0.5853 0.1550 -0.7958

PART 56
OFFSET 13.2271 5.7835 -13.1734
SCALE 1 1 1
X 0.5775 -0.6196 0.5316
Y -0.7636 -0.1797 0.6202
Z -0.2888 -0.7641 -0.5769

PART 57
OFFSET 18.1389 0.5134 -8.6521
SCALE 1 1 1
X 0.5775 -0.6196 0.5316
Y 0.7600 0.6458 -0.0729
Z -0.2981 0.4461 0.8439

PART 58
OFFSET 19.9855 1.1862 -7.2467
SCALE 1 1 1
X 0.5828 -0.6164 0.5294
Y 0.2981 0.7683 0.5664
Z -0.7559 -0.1723 0.6315

PART 59
OFFSET 19.4725 -0.4474 -9.3130
SCALE 1 1 1
X 0.5828 -0.6164 0.5294
Y 0.2981 0.7683 0.5664
Z -0.7559 -0.1723 0.6315

PART 60
OFFSET 18.6355 0.2257 -5.9166
SCALE 1 1 1
X 0.5828 -0.6164 0.5294
Y 0.2981 0.7683 0.5664
Z -0.7559 -0.1723 0.6315

PART 61
OFFSET 18.0582 -0.9983 -6.9035
SCALE 1 1 1
X 0.5828 -0.6164 0.5294
Y 0.2981 0.7683 0.5664
Z -0.7559 -0.1723 0.6315

PART 62
OFFSET 17.5097 -1.9448 -8.1279
SCALE 1 1 1
X 0.5828 -0.6164 0.5294
Y 0.2981 0.7683 0.5664
Z -0.7559 -0.1723 0.6315

PART 63
OFFSET 19.9094 -1.3862 -7.0225
SCALE 1 1 1
X 0.7127 -0.6872 0.1407
Y 0.6999 0.7100 -0.0774
Z -0.0467 0.1537 0.9870

PART 64
OFFSET 20.8862 -0.9471 -6.6286
SCALE 1 1 1
X 0.8902 -0.0708 0.4501
Y 0.1103 0.9919 -0.0622
Z -0.4420 0.1050 0.8908

PART 65
OFFSET 22.7936 -0.9949 -5.6141
SCALE 1 1 1
X 0.9324 -0.1469 0.3302
Y 0.0875 0.9783 0.1879
Z -0.3507 -0.1463 0.9250

PART 66
OFFSET 24.2544 -1.3068 -4.9886
SCALE 1 1 1
X 0.8422 -0.3442 0.4149
Y 0.2778 0.9367 0.2133
Z -0.4620 -0.0644 0.8845

PART 67
OFFSET 25.1487 -1.6660 -4.4958
SCALE 1 1 1
X 0.9758 -0.0197 -0.2179
Y -0.2185 -0.0326 -0.9753
Z 0.0121 0.9993 -0.0361

PART 68
OFFSET 19.7535 -2.6969 -6.6210
SCALE 1 1 1
X 0.1930 -0.9756 0.1044
Y -0.0944 0.0874 0.9917
Z -0.9766 -0.2013 -0.0753

PART 69
OFFSET 20.3179 -4.8489 -6.2539
SCALE 1 1 1
X -0.1078 0.0501 0.9929
Y -0.6678 0.7362 -0.1097
Z -0.7365 -0.6749 -0.0459

PART 70
OFFSET 20.1652 -4.7780 -4.8482
SCALE 1 1 1
X -0.5765 0.6112 0.5423
Y -0.3780 0.3889 -0.8402
Z -0.7244 -0.6893 0.0068

PART 71
OFFSET 15.8928 -2.7535 -5.0514
SCALE 1 1 1
X 1.0000 0.0000 0.0000
Y 0.0000 1.0000 0.0000
Z 0.0000 -0.0000 1.0000

PART 72
OFFSET 14.0975 -3.3615 -8.0951
SCALE 1 1 1
X -0.0234 -0.8582 0.5129
Y 0.9991 -0.0016 0.0428
Z -0.0359 0.5134 0.8574

PART 73
OFFSET 15.6196 -4.5638 -3.9495
SCALE 1 1 1
X 0.9998 -0.0000 0.0204
Y 0.0000 1.0000 0.0000
Z -0.0204 -0.0000 0.9998

PART 74
OFFSET 43.7452 -2.7535 -3.5307
SCALE 1 1 1
X 1.0000 0.0000 0.0000
Y 0.0000 1.0000 0.0000
Z 0.0000 -0.0000 1.0000

PART 75
OFFSET 13.1990 -2.6476 -3.9980
SCALE 1 1 1
X 0.9832 0.1071 0.1476
Y -0.1074 0.9942 -0.0061
Z -0.1474 -0.0098 0.9890

PART 76
OFFSET 7.3815 -3.0527 -5.6436
SCALE 1 1 1
X 0.8493 0.0287 0.5271
Y -0.2622 0.8896 0.3741
Z -0.4582 -0.4559 0.7631

PART 77
OFFSET 12.2544 -2.2842 -3.6335
SCALE 1 1 1
X 1.0000 0.0000 0.0000
Y 0.0000 1.0000 0.0000
Z 0.0000 -0.0000 1.0000

PART 78
OFFSET 39.5058 -2.7535 -4.7488
SCALE 1 1 1
X 0.9998 -0.0000 0.0204
Y 0.0000 1.0000 0.0000
Z -0.0204 -0.0000 0.9998

PART 79
OFFSET 23.3723 3.5116 -18.8473
SCALE 1 1 1
X 0.8976 -0.3909 -0.2038
Y 0.1942 -0.0645 0.9788
Z -0.3958 -0.9182 0.0180


FRAME 32
PART 0
OFFSET 20.2980 -2.2507 -6.5088
SCALE 1 1 1
X 0.4606 -0.8675 0.1879
Y -0.1031 0.1580 0.9820
Z -0.8816 -0.4717 -0.0167

PART 1
OFFSET 20.2980 -2.2507 -6.5088
SCALE 1 1 1
X 0.4606 -0.8675 0.1879
Y -0.1031 0.1580 0.9820
Z -0.8816 -0.4717 -0.0167

PART 2
OFFSET 3.9327 -4.5634 -7.0446
SCALE 1 1 1
X -0.6196 -0.3315 0.7115
Y 0.2927 -0.9386 -0.1825
Z 0.7283 0.0952 0.6786

PART 3
OFFSET 5.3951 -3.6897 -8.5220
SCALE 1 1 1
X -0.0872 -0.9617 0.2597
Y 0.3840 -0.2730 -0.8820
Z 0.9192 0.0228 0.3931

PART 4
OFFSET 5.5186 -2.3281 -8.8897
SCALE 1 1 1
X 0.2950 -0.6955 -0.6552
Y 0.3095 0.7183 -0.6231
Z 0.9040 -0.0190 0.4271

PART 5
OFFSET 5.2570 -1.7114 -8.3088
SCALE 1 1 1
X 0.3786 -0.3392 -0.8612
Y 0.1021 0.9400 -0.3254
Z 0.9199 0.0352 0.3905

PART 6
OFFSET 4.8973 -1.3891 -7.4907
SCALE 1 1 1
X -0.4867 -0.3357 0.8065
Y -0.0503 0.9324 0.3578
Z -0.8721 0.1336 -0.4707

PART 7
OFFSET 4.3378 -4.7287 -6.4806
SCALE 1 1 1
X -0.8182 -0.2952 0.4934
Y 0.2519 -0.9554 -0.1539
Z 0.5169 -0.0016 0.8561

PART 8
OFFSET 6.3900 -3.9834 -7.8918
SCALE 1 1 1
X -0.0250 -0.9990 0.0374
Y 0.5168 -0.0449 -0.8549
Z 0.8557 -0.0020 0.5174

PART 9
OFFSET 6.4326 -2.2826 -7.9555
SCALE 1 1 1
X 0.4546 -0.4634 -0.7607
Y 0.2649 0.8857 -0.3813
Z 0.8504 -0.0282 0.5254

PART 10
OFFSET 5.8025 -1.6403 -6.9013
SCALE 1 1 1
X 0.5157 0.2775 -0.8106
Y -0.1263 0.9604 0.2484
Z 0.8474 -0.0257 0.5303

PART 11
OFFSET 5.2433 -1.9413 -6.0221
SCALE 1 1 1
X -0.3086 -0.7772 0.5483
Y -0.4354 0.6280 0.6451
Z -0.8457 -0.0396 -0.5322

PART 12
OFFSET -0.1408 -6.8325 -4.2957
SCALE 1 1 1
X -0.7762 -0.5372 0.3300
Y -0.4957 0.8434 0.2071
Z -0.3896 -0.0028 -0.9210

PART 13
OFFSET 7.3923 -4.5610 -6.0469
SCALE 1 1 1
X -0.9181 -0.2117 0.3350
Y 0.1900 -0.9770 -0.0964
Z 0.3478 -0.0249 0.9373

PART 14
OFFSET 9.0088 -4.1883 -6.6368
SCALE 1 1 1
X -0.6984 -0.6612 0.2740
Y 0.6291 -0.7497 -0.2054
Z 0.3412 0.0289 0.9396

PART 15
OFFSET 9.8786 -3.3828 -6.9128
SCALE 1 1 1
X -0.2157 -0.9758 0.0356
Y 0.9278 -0.2162 -0.3039
Z 0.3043 -0.0325 0.9520

PART 16
OFFSET 10.1222 -2.2806 -6.9530
SCALE 1 1 1
X -0.6818 0.5037 0.5306
Y 0.4406 0.8617 -0.2519
Z -0.5840 0.0620 -0.8094

PART 17
OFFSET 6.9796 -4.2718 -7.0300
SCALE 1 1 1
X -0.5519 -0.8233 0.1325
Y 0.7557 -0.5610 -0.3380
Z 0.3526 -0.0864 0.9318

PART 18
OFFSET 8.0577 -2.6635 -7.2888
SCALE 1 1 1
X 0.6386 -0.7012 -0.3172
Y 0.6652 0.7101 -0.2307
Z 0.3870 -0.0637 0.9199

PART 19
OFFSET 7.1251 -1.6393 -6.8256
SCALE 1 1 1
X 0.8885 -0.2340 -0.3947
Y 0.2170 0.9722 -0.0877
Z 0.4042 -0.0077 0.9146

PART 20
OFFSET 6.1160 -1.3736 -6.3851
SCALE 1 1 1
X -0.8458 -0.4411 0.3002
Y -0.3746 0.8916 0.2546
Z -0.3799 0.1029 -0.9193

PART 21
OFFSET 0.0000 0.0000 0.0000
SCALE 1 1 1
X 1.0000 0.0000 0.0000
Y 0.0000 1.0000 0.0000
Z 0.0000 0.0000 1.0000

PART 22
OFFSET 0.0000 0.0000 0.0000
SCALE 1 1 1
X 1.0000 0.0000 0.0000
Y 0.0000 1.0000 0.0000
Z 0.0000 0.0000 1.0000

PART 23
OFFSET 1.5404 0.0000 4.1357
SCALE 1 1 1
X 1.0000 0.0000 0.0000
Y 0.0000 1.0000 0.0000
Z 0.0000 0.0000 1.0000

PART 24
OFFSET 19.5709 -4.0890 -4.0966
SCALE 1 1 1
X -0.5797 0.6009 0.5503
Y -0.3348 0.4400 -0.8332
Z -0.7429 -0.6673 -0.0539

PART 25
OFFSET 19.0202 -3.5181 -3.5738
SCALE 1 1 1
X 0.7610 -0.6394 0.1099
Y 0.0264 -0.1388 -0.9900
Z 0.6482 0.7563 -0.0888

PART 26
OFFSET 20.2980 -2.2507 -6.5088
SCALE 1 1 1
X 0.4606 -0.8675 0.1879
Y -0.1031 0.1580 0.9820
Z -0.8816 -0.4717 -0.0167

PART 27
OFFSET 21.3647 -4.5758 -6.0453
SCALE 1 1 1
X 0.2150 -0.1885 0.9582
Y -0.6460 0.7084 0.2843
Z -0.7324 -0.6802 0.0305

PART 28
OFFSET 21.7307 -4.8967 -4.4138
SCALE 1 1 1
X -0.5440 0.6122 0.5738
Y -0.4292 0.3845 -0.8172
Z -0.7210 -0.6909 0.0536

PART 29
OFFSET 20.9768 -4.0482 -3.6186
SCALE 1 1 1
X -0.6240 0.6730 0.3972
Y -0.3099 0.2535 -0.9163
Z -0.7174 -0.6949 0.0504

PART 30
OFFSET 20.3000 -3.3184 -3.1878
SCALE 1 1 1
X 0.6530 -0.7304 0.2005
Y 0.1348 -0.1484 -0.9797
Z 0.7453 0.6668 0.0016

PART 31
OFFSET 23.1089 -2.1483 -5.9130
SCALE 1 1 1
X 0.5223 -0.7412 0.4217
Y 0.2787 -0.3189 -0.9059
Z 0.8059 0.5907 0.0401

PART 32
OFFSET 23.1475 -3.4389 -6.6298
SCALE 1 1 1
X 0.7817 -0.1933 0.5929
Y -0.5335 0.2849 0.7963
Z -0.3229 -0.9389 0.1196

PART 33
OFFSET 24.5239 -3.7792 -5.5859
SCALE 1 1 1
X 0.4270 -0.0635 0.9020
Y -0.8540 0.2995 0.4254
Z -0.2972 -0.9520 0.0737

PART 34
OFFSET 25.0611 -3.7985 -4.4938
SCALE 1 1 1
X -0.0332 0.1609 0.9864
Y -0.9583 0.2752 -0.0772
Z -0.2839 -0.9478 0.1451

PART 35
OFFSET 25.0236 -3.6168 -3.3797
SCALE 1 1 1
X 0.7960 -0.5674 -0.2107
Y -0.2172 0.0570 -0.9745
Z 0.5649 0.8215 -0.0779

PART 36
OFFSET 22.3039 -4.1082 -6.3835
SCALE 1 1 1
X 0.5339 -0.4449 0.7190
Y -0.4815 0.5391 0.6911
Z -0.6951 -0.7151 0.0736

PART 37
OFFSET 23.3468 -4.9774 -4.9788
SCALE 1 1 1
X -0.4522 0.5352 0.7135
Y -0.5213 0.4905 -0.6983
Z -0.7237 -0.6877 0.0572

PART 38
OFFSET 22.6863 -4.1957 -3.9366
SCALE 1 1 1
X -0.5056 0.5541 0.6613
Y -0.4472 0.4871 -0.7501
Z -0.7378 -0.6750 0.0015

PART 39
OFFSET 22.1088 -3.5732 -3.1872
SCALE 1 1 1
X 0.7205 -0.6929 -0.0280
Y -0.0717 -0.0343 -0.9968
Z 0.6897 0.7202 -0.0744

PART 40
OFFSET 15.8094 -2.6062 -4.7793
SCALE 1 1 1
X 1.0000 -0.0001 -0.0003
Y 0.0001 1.0000 0.0000
Z 0.0003 -0.0000 1.0000

PART 41
OFFSET -0.3943 -3.4165 -2.6297
SCALE 1 1 1
X 0.2113 0.9381 0.2745
Y 0.0159 -0.2841 0.9587
Z 0.9773 -0.1982 -0.0749

PART 42
OFFSET -2.9493 -14.7617 -5.9492
SCALE 1 1 1
X -0.5530 -0.8332 -0.0061
Y 0.6575 -0.4319 -0.6174
Z 0.5118 -0.3454 0.7866

PART 43
OFFSET 1.7539 -7.6752 -5.8976
SCALE 1 1 1
X -0.5530 -0.8332 -0.0061
Y -0.1821 0.1279 -0.9749
Z 0.8131 -0.5380 -0.2224

PART 44
OFFSET 1.4273 -5.7257 -6.8910
SCALE 1 1 1
X -0.5583 -0.8296 -0.0045
Y -0.5196 0.3539 -0.7776
Z 0.6468 -0.4318 -0.6287

PART 45
OFFSET 1.5779 -5.3760 -5.6784
SCALE 1 1 1
X -0.5583 -0.8296 -0.0045
Y -0.5196 0.3539 -0.7776
Z 0.6468 -0.4318 -0.6287

PART 46
OFFSET 2.8274 -6.0997 -4.1859
SCALE 1 1 1
X -0.5583 -0.8296 -0.0045
Y -0.5196 0.3539 -0.7776
Z 0.6468 -0.4318 -0.6287

PART 47
OFFSET 3.4492 -5.1210 -5.8789
SCALE 1 1 1
X -0.9422 -0.2609 0.2104
Y -0.2512 0.1341 -0.9586
Z 0.2218 -0.9560 -0.1919

PART 48
OFFSET 4.0243 -4.7405 -4.9697
SCALE 1 1 1
X -0.5537 -0.8103 -0.1922
Y 0.1628 0.1210 -0.9792
Z 0.8167 -0.5734 0.0650

PART 49
OFFSET 5.1574 -2.9722 -4.4609
SCALE 1 1 1
X -0.7156 -0.6942 0.0771
Y 0.1402 -0.2510 -0.9578
Z 0.6843 -0.6746 0.2770

PART 50
OFFSET 6.2443 -1.7909 -4.6735
SCALE 1 1 1
X -0.5689 -0.5299 0.6289
Y -0.2652 -0.6056 -0.7502
Z 0.7785 -0.5936 0.2040

PART 51
OFFSET 6.8284 -1.1804 -5.3502
SCALE 1 1 1
X -0.9747 -0.1347 0.1786
Y -0.1834 0.9382 -0.2936
Z -0.1280 -0.3189 -0.9391

PART 52
OFFSET 4.3378 -4.7287 -6.4806
SCALE 1 1 1
X -0.8182 -0.2952 0.4934
Y 0.2519 -0.9554 -0.1539
Z 0.5169 -0.0016 0.8561

PART 53
OFFSET 4.3378 -4.7287 -6.4806
SCALE 1 1 1
X -0.8182 -0.2952 0.4934
Y 0.2519 -0.9554 -0.1539
Z 0.5169 -0.0016 0.8561

PART 54
OFFSET 7.9213 -2.9572 -3.1146
SCALE 1 1 1
X 1.0000 -0.0001 -0.0003
Y 0.0001 1.0000 0.0000
Z 0.0003 -0.0000 1.0000

PART 55
OFFSET 3.3392 4.4153 -5.9810
SCALE 1 1 1
X 0.8105 0.1253 -0.5721
Y 0.0110 -0.9799 -0.1990
Z -0.5856 0.1550 -0.7956

PART 56
OFFSET 13.1416 5.9310 -12.9004
SCALE 1 1 1
X 0.5776 -0.6197 0.5314
Y -0.7634 -0.1796 0.6204
Z -0.2890 -0.7640 -0.5768

PART 57
OFFSET 18.0546 0.6605 -8.3808
SCALE 1 1 1
X 0.5776 -0.6197 0.5314
Y 0.7600 0.6457 -0.0732
Z -0.2978 0.4461 0.8440

PART 58
OFFSET 19.9017 1.3332 -6.9761
SCALE 1 1 1
X 0.5830 -0.6165 0.5292
Y 0.2983 0.7683 0.5663
Z -0.7557 -0.1723 0.6318

PART 59
OFFSET 19.3878 -0.3004 -9.0422
SCALE 1 1 1
X 0.5830 -0.6165 0.5292
Y 0.2983 0.7683 0.5663
Z -0.7557 -0.1723 0.6318

PART 60
OFFSET 18.5521 0.3728 -5.6455
SCALE 1 1 1
X 0.5830 -0.6165 0.5292
Y 0.2983 0.7683 0.5663
Z -0.7557 -0.1723 0.6318

PART 61
OFFSET 17.9743 -0.8512 -6.6322
SCALE 1 1 1
X 0.5830 -0.6165 0.5292
Y 0.2983 0.7683 0.5663
Z -0.7557 -0.1723 0.6318

PART 62
OFFSET 17.4254 -1.7976 -7.8564
SCALE 1 1 1
X 0.5830 -0.6165 0.5292
Y 0.2983 0.7683 0.5663
Z -0.7557 -0.1723 0.6318

PART 63
OFFSET 19.8254 -1.2392 -6.7518
SCALE 1 1 1
X 0.7127 -0.6873 0.1405
Y 0.7000 0.7099 -0.0777
Z -0.0463 0.1537 0.9870

PART 64
OFFSET 20.8025 -0.8001 -6.3583
SCALE 1 1 1
X 0.8903 -0.0708 0.4498
Y 0.1104 0.9919 -0.0623
Z -0.4417 0.1051 0.8910

PART 65
OFFSET 22.7102 -0.8481 -5.3444
SCALE 1 1 1
X 0.9325 -0.1469 0.3299
Y 0.0877 0.9783 0.1879
Z -0.3504 -0.1463 0.9251

PART 66
OFFSET 24.1711 -1.1601 -4.7194
SCALE 1 1 1
X 0.8424 -0.3443 0.4146
Y 0.2779 0.9366 0.2132
Z -0.4617 -0.0644 0.8847

PART 67
OFFSET 25.0657 -1.5194 -4.2269
SCALE 1 1 1
X 0.9757 -0.0198 -0.2183
Y -0.2188 -0.0326 -0.9752
Z 0.0122 0.9993 -0.0361

PART 68
OFFSET 19.6696 -2.5499 -6.3503
SCALE 1 1 1
X 0.1930 -0.9756 0.1043
Y -0.0941 0.0874 0.9917
Z -0.9767 -0.2012 -0.0749

PART 69
OFFSET 20.2340 -4.7020 -5.9834
SCALE 1 1 1
X -0.1075 0.0501 0.9929
Y -0.6678 0.7362 -0.1094
Z -0.7365 -0.6749 -0.0457

PART 70
OFFSET 20.0818 -4.6310 -4.5776
SCALE 1 1 1
X -0.5763 0.6113 0.5425
Y -0.3782 0.3889 -0.8401
Z -0.7245 -0.6893 0.0071

PART 71
OFFSET 15.8094 -2.6062 -4.7793
SCALE 1 1 1
X 1.0000 -0.0001 -0.0003
Y 0.0001 1.0000 0.0000
Z 0.0003 -0.0000 1.0000

PART 72
OFFSET 14.0131 -3.2141 -7.8224
SCALE 1 1 1
X -0.0232 -0.8582 0.5129
Y 0.9991 -0.0017 0.0425
Z -0.0356 0.5134 0.8574

PART 73
OFFSET 15.5365 -4.4165 -3.6774
SCALE 1 1 1
X 0.9998 -0.0001 0.0201
Y 0.0001 1.0000 0.0000
Z -0.0201 -0.0000 0.9998

PART 74
OFFSET 43.6624 -2.6081 -3.2682
SCALE 1 1 1
X 1.0000 -0.0001 -0.0003
Y 0.0001 1.0000 0.0000
Z 0.0003 -0.0000 1.0000

PART 75
OFFSET 13.1160 -2.5002 -3.7251
SCALE 1 1 1
X 0.9833 0.1071 0.1473
Y -0.1073 0.9942 -0.0061
Z -0.1471 -0.0098 0.9891

PART 76
OFFSET 7.2980 -2.9049 -5.3686
SCALE 1 1 1
X 0.8495 0.0286 0.5268
Y -0.2620 0.8896 0.3742
Z -0.4579 -0.4559 0.7632

PART 77
OFFSET 12.1716 -2.1367 -3.3602
SCALE 1 1 1
X 1.0000 -0.0001 -0.0003
Y 0.0001 1.0000 0.0000
Z 0.0003 -0.0000 1.0000

PART 78
OFFSET 39.4226 -2.6079 -4.4848
SCALE 1 1 1
X 0.9998 -0.0001 0.0201
Y 0.0001 1.0000 0.0000
Z -0.0201 -0.0000 0.9998

PART 79
OFFSET 23.2847 3.6584 -18.5778
SCALE 1 1 1
X 0.8975 -0.3909 -0.2041
Y 0.1945 -0.0645 0.9788
Z -0.3958 -0.9182 0.0182


FRAME 33
PART 0
OFFSET 20.0636 -2.0023 -6.1887
SCALE 1 1 1
X 0.4606 -0.8676 0.1875
Y -0.1021 0.1580 0.9821
Z -0.8817 -0.4715 -0.0158

PART 1
OFFSET 20.0636 -2.0023 -6.1887
SCALE 1 1 1
X 0.4606 -0.8676 0.1875
Y -0.1021 0.1580 0.9821
Z -0.8817 -0.4715 -0.0158

PART 2
OFFSET 3.6974 -4.3120 -6.7093
SCALE 1 1 1
X -0.6190 -0.3314 0.7120
Y 0.2923 -0.9387 -0.1827
Z 0.7290 0.0950 0.6779

PART 3
OFFSET 5.1585 -3.4385 -8.1880
SCALE 1 1 1
X -0.0871 -0.9617 0.2598
Y 0.3831 -0.2731 -0.8824
Z 0.9196 0.0227 0.3923

PART 4
OFFSET 5.2819 -2.0769 -8.5559
SCALE 1 1 1
X 0.2942 -0.6956 -0.6555
Y 0.3091 0.7182 -0.6234
Z 0.9044 -0.0191 0.4263

PART 5
OFFSET 5.0210 -1.4602 -7.9747
SCALE 1 1 1
X 0.3777 -0.3393 -0.8615
Y 0.1020 0.9400 -0.3255
Z 0.9203 0.0351 0.3897

PART 6
OFFSET 4.6622 -1.1379 -7.1562
SCALE 1 1 1
X -0.4860 -0.3357 0.8069
Y -0.0498 0.9324 0.3579
Z -0.8725 0.1338 -0.4699

PART 7
OFFSET 4.1030 -4.4773 -6.1456
SCALE 1 1 1
X -0.8178 -0.2950 0.4942
Y 0.2516 -0.9555 -0.1541
Z 0.5177 -0.0017 0.8556

PART 8
OFFSET 6.1540 -3.7324 -7.5587
SCALE 1 1 1
X -0.0251 -0.9990 0.0374
Y 0.5160 -0.0450 -0.8554
Z 0.8562 -0.0022 0.5166

PART 9
OFFSET 6.1968 -2.0316 -7.6224
SCALE 1 1 1
X 0.4538 -0.4635 -0.7611
Y 0.2647 0.8856 -0.3815
Z 0.8509 -0.0284 0.5246

PART 10
OFFSET 5.5679 -1.3893 -6.5676
SCALE 1 1 1
X 0.5150 0.2774 -0.8111
Y -0.1259 0.9604 0.2485
Z 0.8479 -0.0258 0.5295

PART 11
OFFSET 5.0094 -1.6901 -5.6880
SCALE 1 1 1
X -0.3083 -0.7772 0.5486
Y -0.4346 0.6281 0.6455
Z -0.8462 -0.0395 -0.5314

PART 12
OFFSET -0.3740 -6.5803 -3.9566
SCALE 1 1 1
X -0.7760 -0.5371 0.3307
Y -0.4953 0.8435 0.2076
Z -0.3904 -0.0027 -0.9206

PART 13
OFFSET 7.1579 -4.3102 -5.7148
SCALE 1 1 1
X -0.9179 -0.2115 0.3359
Y 0.1898 -0.9771 -0.0966
Z 0.3486 -0.0249 0.9369

PART 14
OFFSET 8.7739 -3.9378 -6.3062
SCALE 1 1 1
X -0.6983 -0.6610 0.2746
Y 0.6288 -0.7498 -0.2060
Z 0.3421 0.0288 0.9392

PART 15
OFFSET 9.6436 -3.1324 -6.5829
SCALE 1 1 1
X -0.2158 -0.9758 0.0358
Y 0.9275 -0.2164 -0.3048
Z 0.3052 -0.0326 0.9517

PART 16
OFFSET 9.8874 -2.0303 -6.6234
SCALE 1 1 1
X -0.6812 0.5038 0.5312
Y 0.4405 0.8616 -0.2523
Z -0.5848 0.0621 -0.8088

PART 17
OFFSET 6.7443 -4.0209 -6.6975
SCALE 1 1 1
X -0.5519 -0.8232 0.1330
Y 0.7553 -0.5611 -0.3387
Z 0.3535 -0.0865 0.9314

PART 18
OFFSET 7.8226 -2.4128 -6.9573
SCALE 1 1 1
X 0.6381 -0.7013 -0.3178
Y 0.6651 0.7100 -0.2313
Z 0.3878 -0.0637 0.9195

PART 19
OFFSET 6.8905 -1.3884 -6.4932
SCALE 1 1 1
X 0.8881 -0.2341 -0.3955
Y 0.2171 0.9722 -0.0879
Z 0.4051 -0.0078 0.9143

PART 20
OFFSET 5.8819 -1.1225 -6.0518
SCALE 1 1 1
X -0.8456 -0.4409 0.3010
Y -0.3742 0.8916 0.2549
Z -0.3807 0.1029 -0.9189

PART 21
OFFSET 0.0000 0.0000 0.0000
SCALE 1 1 1
X 1.0000 0.0000 0.0000
Y 0.0000 1.0000 0.0000
Z 0.0000 0.0000 1.0000

PART 22
OFFSET 0.0000 0.0000 0.0000
SCALE 1 1 1
X 1.0000 0.0000 0.0000
Y 0.0000 1.0000 0.0000
Z 0.0000 0.0000 1.0000

PART 23
OFFSET 1.5404 0.0000 4.1357
SCALE 1 1 1
X 1.0000 0.0000 0.0000
Y 0.0000 1.0000 0.0000
Z 0.0000 0.0000 1.0000

PART 24
OFFSET 19.3384 -3.8405 -3.7758
SCALE 1 1 1
X -0.5791 0.6010 0.5509
Y -0.3355 0.4401 -0.8329
Z -0.7430 -0.6671 -0.0532

PART 25
OFFSET 18.7883 -3.2695 -3.2524
SCALE 1 1 1
X 0.7610 -0.6395 0.1092
Y 0.0254 -0.1388 -0.9900
Z 0.6483 0.7561 -0.0894

PART 26
OFFSET 20.0636 -2.0023 -6.1887
SCALE 1 1 1
X 0.4606 -0.8676 0.1875
Y -0.1021 0.1580 0.9821
Z -0.8817 -0.4715 -0.0158

PART 27
OFFSET 21.1303 -4.3276 -5.7261
SCALE 1 1 1
X 0.2159 -0.1885 0.9580
Y -0.6456 0.7085 0.2849
Z -0.7325 -0.6800 0.0312

PART 28
OFFSET 21.4978 -4.6485 -4.0950
SCALE 1 1 1
X -0.5434 0.6123 0.5743
Y -0.4299 0.3846 -0.8168
Z -0.7210 -0.6908 0.0543

PART 29
OFFSET 20.7447 -3.7999 -3.2991
SCALE 1 1 1
X -0.6235 0.6731 0.3978
Y -0.3107 0.2536 -0.9160
Z -0.7174 -0.6947 0.0510

PART 30
OFFSET 20.0685 -3.0699 -2.8677
SCALE 1 1 1
X 0.6530 -0.7305 0.1999
Y 0.1339 -0.1484 -0.9798
Z 0.7454 0.6666 0.0009

PART 31
OFFSET 22.8751 -1.9004 -5.5955
SCALE 1 1 1
X 0.5225 -0.7413 0.4212
Y 0.2778 -0.3190 -0.9061
Z 0.8061 0.5905 0.0393

PART 32
OFFSET 22.9128 -3.1910 -6.3123
SCALE 1 1 1
X 0.7822 -0.1934 0.5922
Y -0.5327 0.2850 0.7968
Z -0.3229 -0.9388 0.1199

PART 33
OFFSET 24.2901 -3.5316 -5.2697
SCALE 1 1 1
X 0.4279 -0.0635 0.9016
Y -0.8536 0.2997 0.4262
Z -0.2973 -0.9519 0.0740

PART 34
OFFSET 24.8283 -3.5510 -4.1781
SCALE 1 1 1
X -0.0323 0.1609 0.9864
Y -0.9583 0.2754 -0.0763
Z -0.2839 -0.9478 0.1453

PART 35
OFFSET 24.7918 -3.3693 -3.0639
SCALE 1 1 1
X 0.7957 -0.5676 -0.2114
Y -0.2181 0.0571 -0.9743
Z 0.5650 0.8213 -0.0784

PART 36
OFFSET 22.0692 -3.8602 -6.0652
SCALE 1 1 1
X 0.5345 -0.4450 0.7185
Y -0.4807 0.5392 0.6915
Z -0.6952 -0.7150 0.0742

PART 37
OFFSET 23.1133 -4.7296 -4.6615
SCALE 1 1 1
X -0.4514 0.5353 0.7139
Y -0.5218 0.4906 -0.6978
Z -0.7238 -0.6876 0.0578

PART 38
OFFSET 22.4540 -3.9477 -3.6187
SCALE 1 1 1
X -0.5049 0.5542 0.6617
Y -0.4478 0.4872 -0.7497
Z -0.7379 -0.6749 0.0022

PART 39
OFFSET 21.8772 -3.3252 -2.8687
SCALE 1 1 1
X 0.7203 -0.6930 -0.0287
Y -0.0727 -0.0343 -0.9968
Z 0.6898 0.7201 -0.0750

PART 40
OFFSET 15.5766 -2.3570 -4.4550
SCALE 1 1 1
X 1.0000 -0.0003 -0.0013
Y 0.0003 1.0000 0.0000
Z 0.0013 -0.0000 1.0000

PART 41
OFFSET -0.6253 -3.1642 -2.2903
SCALE 1 1 1
X 0.2117 0.9381 0.2743
Y 0.0167 -0.2841 0.9587
Z 0.9772 -0.1984 -0.0758

PART 42
OFFSET -3.1855 -14.5090 -5.6074
SCALE 1 1 1
X -0.5531 -0.8331 -0.0056
Y 0.6568 -0.4320 -0.6180
Z 0.5125 -0.3455 0.7861

PART 43
OFFSET 1.5191 -7.4234 -5.5602
SCALE 1 1 1
X -0.5531 -0.8331 -0.0056
Y -0.1830 0.1280 -0.9748
Z 0.8128 -0.5382 -0.2232

PART 44
OFFSET 1.1919 -5.4738 -6.5533
SCALE 1 1 1
X -0.5585 -0.8295 -0.0040
Y -0.5203 0.3540 -0.7772
Z 0.6461 -0.4319 -0.6293

PART 45
OFFSET 1.3437 -5.1241 -5.3409
SCALE 1 1 1
X -0.5585 -0.8295 -0.0040
Y -0.5203 0.3540 -0.7772
Z 0.6461 -0.4319 -0.6293

PART 46
OFFSET 2.5945 -5.8481 -3.8495
SCALE 1 1 1
X -0.5585 -0.8295 -0.0040
Y -0.5203 0.3540 -0.7772
Z 0.6461 -0.4319 -0.6293

PART 47
OFFSET 3.2148 -4.8694 -5.5431
SCALE 1 1 1
X -0.9420 -0.2607 0.2112
Y -0.2520 0.1342 -0.9584
Z 0.2215 -0.9561 -0.1921

PART 48
OFFSET 3.7909 -4.4891 -4.6345
SCALE 1 1 1
X -0.5538 -0.8105 -0.1907
Y 0.1600 0.1211 -0.9797
Z 0.8171 -0.5731 0.0626

PART 49
OFFSET 4.9246 -2.7203 -4.1287
SCALE 1 1 1
X -0.7154 -0.6939 0.0815
Y 0.1359 -0.2526 -0.9580
Z 0.6853 -0.6743 0.2750

PART 50
OFFSET 6.0109 -1.5396 -4.3481
SCALE 1 1 1
X -0.5664 -0.5293 0.6316
Y -0.2682 -0.6063 -0.7486
Z 0.7792 -0.5935 0.2015

PART 51
OFFSET 6.5923 -0.9297 -5.0277
SCALE 1 1 1
X -0.9740 -0.1345 0.1826
Y -0.1846 0.9379 -0.2937
Z -0.1317 -0.3198 -0.9383

PART 52
OFFSET 4.1030 -4.4773 -6.1456
SCALE 1 1 1
X -0.8178 -0.2950 0.4942
Y 0.2516 -0.9555 -0.1541
Z 0.5177 -0.0017 0.8556

PART 53
OFFSET 4.1030 -4.4773 -6.1456
SCALE 1 1 1
X -0.8178 -0.2950 0.4942
Y 0.2516 -0.9555 -0.1541
Z 0.5177 -0.0017 0.8556

PART 54
OFFSET 7.6899 -2.7065 -2.7830
SCALE 1 1 1
X 1.0000 -0.0003 -0.0013
Y 0.0003 1.0000 0.0000
Z 0.0013 -0.0000 1.0000

PART 55
OFFSET 3.1065 4.6669 -5.6451
SCALE 1 1 1
X 0.8100 0.1252 -0.5729
Y 0.0106 -0.9799 -0.1990
Z -0.5863 0.1551 -0.7951

PART 56
OFFSET 12.9028 6.1807 -12.5736
SCALE 1 1 1
X 0.5780 -0.6198 0.5308
Y -0.7629 -0.1795 0.6211
Z -0.2897 -0.7640 -0.5765

PART 57
OFFSET 17.8190 0.9093 -8.0586
SCALE 1 1 1
X 0.5780 -0.6198 0.5308
Y 0.7601 0.6456 -0.0739
Z -0.2969 0.4462 0.8442

PART 58
OFFSET 19.6675 1.5817 -6.6556
SCALE 1 1 1
X 0.5833 -0.6166 0.5287
Y 0.2990 0.7682 0.5660
Z -0.7552 -0.1721 0.6325

PART 59
OFFSET 19.1515 -0.0519 -8.7212
SCALE 1 1 1
X 0.5833 -0.6166 0.5287
Y 0.2990 0.7682 0.5660
Z -0.7552 -0.1721 0.6325

PART 60
OFFSET 18.3189 0.6215 -5.3237
SCALE 1 1 1
X 0.5833 -0.6166 0.5287
Y 0.2990 0.7682 0.5660
Z -0.7552 -0.1721 0.6325

PART 61
OFFSET 17.7401 -0.6023 -6.3099
SCALE 1 1 1
X 0.5833 -0.6166 0.5287
Y 0.2990 0.7682 0.5660
Z -0.7552 -0.1721 0.6325

PART 62
OFFSET 17.1898 -1.5487 -7.5335
SCALE 1 1 1
X 0.5833 -0.6166 0.5287
Y 0.2990 0.7682 0.5660
Z -0.7552 -0.1721 0.6325

PART 63
OFFSET 19.5910 -0.9907 -6.4312
SCALE 1 1 1
X 0.7127 -0.6874 0.1398
Y 0.7000 0.7098 -0.0783
Z -0.0454 0.1537 0.9871

PART 64
OFFSET 20.5685 -0.5518 -6.0386
SCALE 1 1 1
X 0.8907 -0.0710 0.4489
Y 0.1105 0.9919 -0.0624
Z -0.4409 0.1052 0.8914

PART 65
OFFSET 22.4771 -0.6002 -5.0265
SCALE 1 1 1
X 0.9328 -0.1471 0.3290
Y 0.0880 0.9783 0.1878
Z -0.3495 -0.1462 0.9254

PART 66
OFFSET 23.9386 -0.9124 -4.4028
SCALE 1 1 1
X 0.8427 -0.3445 0.4138
Y 0.2783 0.9366 0.2130
Z -0.4609 -0.0643 0.8851

PART 67
OFFSET 24.8335 -1.2719 -3.9112
SCALE 1 1 1
X 0.9755 -0.0200 -0.2192
Y -0.2197 -0.0325 -0.9750
Z 0.0123 0.9993 -0.0361

PART 68
OFFSET 19.4353 -2.3014 -6.0295
SCALE 1 1 1
X 0.1929 -0.9757 0.1041
Y -0.0931 0.0874 0.9918
Z -0.9768 -0.2010 -0.0740

PART 69
OFFSET 19.9996 -4.4535 -5.6631
SCALE 1 1 1
X -0.1065 0.0501 0.9930
Y -0.6678 0.7364 -0.1088
Z -0.7367 -0.6747 -0.0450

PART 70
OFFSET 19.8488 -4.3826 -4.2572
SCALE 1 1 1
X -0.5756 0.6114 0.5430
Y -0.3789 0.3890 -0.8397
Z -0.7246 -0.6891 0.0078

PART 71
OFFSET 15.5766 -2.3570 -4.4550
SCALE 1 1 1
X 1.0000 -0.0003 -0.0013
Y 0.0003 1.0000 0.0000
Z 0.0013 -0.0000 1.0000

PART 72
OFFSET 13.7773 -2.9646 -7.4964
SCALE 1 1 1
X -0.0229 -0.8582 0.5129
Y 0.9991 -0.0019 0.0415
Z -0.0347 0.5134 0.8575

PART 73
OFFSET 15.3044 -4.1673 -3.3528
SCALE 1 1 1
X 0.9998 -0.0003 0.0192
Y 0.0003 1.0000 0.0000
Z -0.0192 0.0000 0.9998

PART 74
OFFSET 43.4309 -2.3641 -2.9697
SCALE 1 1 1
X 1.0000 -0.0003 -0.0013
Y 0.0003 1.0000 0.0000
Z 0.0013 -0.0000 1.0000

PART 75
OFFSET 12.8842 -2.2504 -3.3982
SCALE 1 1 1
X 0.9834 0.1069 0.1463
Y -0.1072 0.9942 -0.0060
Z -0.1461 -0.0098 0.9892

PART 76
OFFSET 7.0645 -2.6541 -5.0364
SCALE 1 1 1
X 0.8500 0.0284 0.5260
Y -0.2615 0.8896 0.3744
Z -0.4573 -0.4558 0.7636

PART 77
OFFSET 11.9402 -1.8867 -3.0325
SCALE 1 1 1
X 1.0000 -0.0003 -0.0013
Y 0.0003 1.0000 0.0000
Z 0.0013 -0.0000 1.0000

PART 78
OFFSET 39.1900 -2.3630 -4.1824
SCALE 1 1 1
X 0.9998 -0.0003 0.0192
Y 0.0003 1.0000 0.0000
Z -0.0192 0.0000 0.9998

PART 79
OFFSET 23.0402 3.9062 -18.2604
SCALE 1 1 1
X 0.8972 -0.3911 -0.2049
Y 0.1954 -0.0645 0.9786
Z -0.3960 -0.9181 0.0185


FRAME 34
PART 0
OFFSET 19.7163 -1.6800 -5.8373
SCALE 1 1 1
X 0.4606 -0.8677 0.1869
Y -0.1008 0.1581 0.9823
Z -0.8819 -0.4712 -0.0146

PART 1
OFFSET 19.7163 -1.6800 -5.8373
SCALE 1 1 1
X 0.4606 -0.8677 0.1869
Y -0.1008 0.1581 0.9823
Z -0.8819 -0.4712 -0.0146

PART 2
OFFSET 3.3487 -3.9852 -6.3355
SCALE 1 1 1
X -0.6181 -0.3312 0.7129
Y 0.2918 -0.9388 -0.1831
Z 0.7299 0.0948 0.6769

PART 3
OFFSET 4.8080 -3.1121 -7.8162
SCALE 1 1 1
X -0.0871 -0.9617 0.2599
Y 0.3819 -0.2732 -0.8829
Z 0.9201 0.0224 0.3910

PART 4
OFFSET 4.9313 -1.7505 -8.1842
SCALE 1 1 1
X 0.2932 -0.6956 -0.6559
Y 0.3084 0.7181 -0.6238
Z 0.9050 -0.0194 0.4251

PART 5
OFFSET 4.6714 -1.1338 -7.6027
SCALE 1 1 1
X 0.3764 -0.3394 -0.8620
Y 0.1018 0.9400 -0.3257
Z 0.9208 0.0348 0.3884

PART 6
OFFSET 4.3138 -0.8113 -6.7837
SCALE 1 1 1
X -0.4850 -0.3355 0.8076
Y -0.0490 0.9325 0.3580
Z -0.8731 0.1340 -0.4687

PART 7
OFFSET 3.7550 -4.1506 -5.7724
SCALE 1 1 1
X -0.8172 -0.2948 0.4953
Y 0.2511 -0.9556 -0.1545
Z 0.5188 -0.0018 0.8549

PART 8
OFFSET 5.8043 -3.4063 -7.1883
SCALE 1 1 1
X -0.0253 -0.9990 0.0374
Y 0.5148 -0.0452 -0.8561
Z 0.8569 -0.0024 0.5154

PART 9
OFFSET 5.8475 -1.7055 -7.2520
SCALE 1 1 1
X 0.4526 -0.4636 -0.7617
Y 0.2645 0.8856 -0.3819
Z 0.8516 -0.0286 0.5234

PART 10
OFFSET 5.2202 -1.0630 -6.1964
SCALE 1 1 1
X 0.5139 0.2773 -0.8118
Y -0.1253 0.9604 0.2487
Z 0.8486 -0.0261 0.5284

PART 11
OFFSET 4.6628 -1.3636 -5.3160
SCALE 1 1 1
X -0.3077 -0.7771 0.5490
Y -0.4336 0.6282 0.6461
Z -0.8469 -0.0392 -0.5302

PART 12
OFFSET -0.7196 -6.2523 -3.5772
SCALE 1 1 1
X -0.7757 -0.5368 0.3317
Y -0.4948 0.8437 0.2082
Z -0.3917 -0.0026 -0.9201

PART 13
OFFSET 6.8106 -3.9843 -5.3457
SCALE 1 1 1
X -0.9174 -0.2112 0.3371
Y 0.1894 -0.9771 -0.0969
Z 0.3499 -0.0250 0.9365

PART 14
OFFSET 8.4259 -3.6124 -5.9393
SCALE 1 1 1
X -0.6981 -0.6609 0.2756
Y 0.6283 -0.7500 -0.2068
Z 0.3434 0.0287 0.9388

PART 15
OFFSET 9.2954 -2.8073 -6.2173
SCALE 1 1 1
X -0.2161 -0.9757 0.0361
Y 0.9270 -0.2166 -0.3061
Z 0.3065 -0.0326 0.9513

PART 16
OFFSET 9.5394 -1.7052 -6.2581
SCALE 1 1 1
X -0.6803 0.5040 0.5321
Y 0.4404 0.8615 -0.2529
Z -0.5859 0.0623 -0.8080

PART 17
OFFSET 6.3957 -3.6950 -6.3279
SCALE 1 1 1
X -0.5520 -0.8231 0.1338
Y 0.7546 -0.5613 -0.3397
Z 0.3547 -0.0866 0.9310

PART 18
OFFSET 7.4740 -2.0871 -6.5891
SCALE 1 1 1
X 0.6375 -0.7015 -0.3186
Y 0.6650 0.7098 -0.2322
Z 0.3891 -0.0638 0.9190

PART 19
OFFSET 6.5429 -1.0625 -6.1238
SCALE 1 1 1
X 0.8875 -0.2344 -0.3967
Y 0.2173 0.9721 -0.0882
Z 0.4063 -0.0079 0.9137

PART 20
OFFSET 5.5350 -0.7963 -5.6810
SCALE 1 1 1
X -0.8453 -0.4407 0.3021
Y -0.3736 0.8917 0.2554
Z -0.3820 0.1030 -0.9184

PART 21
OFFSET 0.0000 0.0000 0.0000
SCALE 1 1 1
X 1.0000 0.0000 0.0000
Y 0.0000 1.0000 0.0000
Z 0.0000 0.0000 1.0000

PART 22
OFFSET 0.0000 0.0000 0.0000
SCALE 1 1 1
X 1.0000 0.0000 0.0000
Y 0.0000 1.0000 0.0000
Z 0.0000 0.0000 1.0000

PART 23
OFFSET 1.5404 0.0000 4.1357
SCALE 1 1 1
X 1.0000 0.0000 0.0000
Y 0.0000 1.0000 0.0000
Z 0.0000 0.0000 1.0000

PART 24
OFFSET 18.9938 -3.5180 -3.4234
SCALE 1 1 1
X -0.5781 0.6012 0.5516
Y -0.3366 0.4402 -0.8324
Z -0.7433 -0.6669 -0.0521

PART 25
OFFSET 18.4446 -2.9468 -2.8993
SCALE 1 1 1
X 0.7610 -0.6397 0.1082
Y 0.0240 -0.1388 -0.9900
Z 0.6484 0.7560 -0.0903

PART 26
OFFSET 19.7163 -1.6800 -5.8373
SCALE 1 1 1
X 0.4606 -0.8677 0.1869
Y -0.1008 0.1581 0.9823
Z -0.8819 -0.4712 -0.0146

PART 27
OFFSET 20.7829 -4.0055 -5.3761
SCALE 1 1 1
X 0.2171 -0.1886 0.9577
Y -0.6450 0.7087 0.2858
Z -0.7326 -0.6798 0.0322

PART 28
OFFSET 21.1526 -4.3266 -3.7456
SCALE 1 1 1
X -0.5424 0.6125 0.5750
Y -0.4309 0.3847 -0.8163
Z -0.7212 -0.6906 0.0553

PART 29
OFFSET 20.4008 -3.4778 -2.9486
SCALE 1 1 1
X -0.6228 0.6732 0.3987
Y -0.3119 0.2537 -0.9156
Z -0.7176 -0.6945 0.0520

PART 30
OFFSET 19.7254 -2.7476 -2.5163
SCALE 1 1 1
X 0.6531 -0.7307 0.1990
Y 0.1325 -0.1484 -0.9800
Z 0.7456 0.6664 -0.0001

PART 31
OFFSET 22.5286 -1.5789 -5.2479
SCALE 1 1 1
X 0.5229 -0.7415 0.4205
Y 0.2765 -0.3190 -0.9065
Z 0.8063 0.5903 0.0382

PART 32
OFFSET 22.5649 -2.8695 -5.9648
SCALE 1 1 1
X 0.7830 -0.1937 0.5911
Y -0.5316 0.2852 0.7976
Z -0.3230 -0.9387 0.1204

PART 33
OFFSET 23.9435 -3.2105 -4.9241
SCALE 1 1 1
X 0.4291 -0.0637 0.9010
Y -0.8529 0.2999 0.4273
Z -0.2974 -0.9518 0.0744

PART 34
OFFSET 24.4832 -3.2300 -3.8332
SCALE 1 1 1
X -0.0309 0.1609 0.9865
Y -0.9583 0.2756 -0.0750
Z -0.2840 -0.9477 0.1457

PART 35
OFFSET 24.4483 -3.0482 -2.7190
SCALE 1 1 1
X 0.7953 -0.5678 -0.2125
Y -0.2194 0.0571 -0.9740
Z 0.5651 0.8212 -0.0792

PART 36
OFFSET 21.7215 -3.5384 -5.7165
SCALE 1 1 1
X 0.5353 -0.4452 0.7178
Y -0.4796 0.5393 0.6922
Z -0.6953 -0.7148 0.0752

PART 37
OFFSET 22.7673 -4.4081 -4.3143
SCALE 1 1 1
X -0.4503 0.5354 0.7145
Y -0.5227 0.4908 -0.6971
Z -0.7239 -0.6874 0.0588

PART 38
OFFSET 22.1096 -3.6261 -3.2706
SCALE 1 1 1
X -0.5038 0.5544 0.6624
Y -0.4487 0.4873 -0.7491
Z -0.7381 -0.6747 0.0032

PART 39
OFFSET 21.5340 -3.0033 -2.5197
SCALE 1 1 1
X 0.7201 -0.6932 -0.0297
Y -0.0741 -0.0342 -0.9967
Z 0.6899 0.7199 -0.0760

PART 40
OFFSET 15.2315 -2.0335 -4.0974
SCALE 1 1 1
X 1.0000 -0.0005 -0.0026
Y 0.0005 1.0000 0.0000
Z 0.0026 -0.0000 1.0000

PART 41
OFFSET -0.9677 -2.8362 -1.9106
SCALE 1 1 1
X 0.2123 0.9380 0.2740
Y 0.0179 -0.2841 0.9586
Z 0.9770 -0.1986 -0.0771

PART 42
OFFSET -3.5355 -14.1803 -5.2242
SCALE 1 1 1
X -0.5534 -0.8329 -0.0048
Y 0.6559 -0.4322 -0.6189
Z 0.5134 -0.3456 0.7854

PART 43
OFFSET 1.1711 -7.0960 -5.1834
SCALE 1 1 1
X -0.5534 -0.8329 -0.0048
Y -0.1842 0.1280 -0.9745
Z 0.8123 -0.5384 -0.2243

PART 44
OFFSET 0.8431 -5.1463 -6.1761
SCALE 1 1 1
X -0.5587 -0.8294 -0.0033
Y -0.5212 0.3542 -0.7764
Z 0.6451 -0.4321 -0.6302

PART 45
OFFSET 0.9967 -4.7966 -4.9638
SCALE 1 1 1
X -0.5587 -0.8294 -0.0033
Y -0.5212 0.3542 -0.7764
Z 0.6451 -0.4321 -0.6302

PART 46
OFFSET 2.2493 -5.5210 -3.4742
SCALE 1 1 1
X -0.5587 -0.8294 -0.0033
Y -0.5212 0.3542 -0.7764
Z 0.6451 -0.4321 -0.6302

PART 47
OFFSET 2.8676 -4.5425 -5.1687
SCALE 1 1 1
X -0.9418 -0.2604 0.2125
Y -0.2533 0.1342 -0.9580
Z 0.2210 -0.9561 -0.1924

PART 48
OFFSET 3.4449 -4.1623 -4.2608
SCALE 1 1 1
X -0.5544 -0.8102 -0.1904
Y 0.1597 0.1210 -0.9797
Z 0.8168 -0.5736 0.0623

PART 49
OFFSET 4.5799 -2.3942 -3.7556
SCALE 1 1 1
X -0.7156 -0.6938 0.0806
Y 0.1362 -0.2518 -0.9581
Z 0.6851 -0.6747 0.2747

PART 50
OFFSET 5.6666 -1.2136 -3.9736
SCALE 1 1 1
X -0.5667 -0.5294 0.6313
Y -0.2683 -0.6059 -0.7490
Z 0.7790 -0.5938 0.2013

PART 51
OFFSET 6.2484 -0.6036 -4.6528
SCALE 1 1 1
X -0.9740 -0.1342 0.1824
Y -0.1842 0.9381 -0.2933
Z -0.1317 -0.3193 -0.9385

PART 52
OFFSET 3.7550 -4.1506 -5.7724
SCALE 1 1 1
X -0.8172 -0.2948 0.4953
Y 0.2511 -0.9556 -0.1545
Z 0.5188 -0.0018 0.8549

PART 53
OFFSET 3.7550 -4.1506 -5.7724
SCALE 1 1 1
X -0.8172 -0.2948 0.4953
Y 0.2511 -0.9556 -0.1545
Z 0.5188 -0.0018 0.8549

PART 54
OFFSET 7.3470 -2.3808 -2.4146
SCALE 1 1 1
X 1.0000 -0.0005 -0.0026
Y 0.0005 1.0000 0.0000
Z 0.0026 -0.0000 1.0000

PART 55
OFFSET 2.7617 4.9938 -5.2705
SCALE 1 1 1
X 0.8093 0.1250 -0.5740
Y 0.0101 -0.9799 -0.1991
Z -0.5874 0.1553 -0.7943

PART 56
OFFSET 12.5489 6.5050 -12.2124
SCALE 1 1 1
X 0.5786 -0.6199 0.5300
Y -0.7621 -0.1792 0.6222
Z -0.2907 -0.7639 -0.5761

PART 57
OFFSET 17.4699 1.2322 -7.7041
SCALE 1 1 1
X 0.5786 -0.6199 0.5300
Y 0.7602 0.6454 -0.0749
Z -0.2956 0.4463 0.8447

PART 58
OFFSET 19.3205 1.9041 -6.3036
SCALE 1 1 1
X 0.5839 -0.6167 0.5279
Y 0.3000 0.7682 0.5656
Z -0.7544 -0.1719 0.6335

PART 59
OFFSET 18.8011 0.2707 -8.3685
SCALE 1 1 1
X 0.5839 -0.6167 0.5279
Y 0.3000 0.7682 0.5656
Z -0.7544 -0.1719 0.6335

PART 60
OFFSET 17.9735 0.9443 -4.9699
SCALE 1 1 1
X 0.5839 -0.6167 0.5279
Y 0.3000 0.7682 0.5656
Z -0.7544 -0.1719 0.6335

PART 61
OFFSET 17.3929 -0.2794 -5.9553
SCALE 1 1 1
X 0.5839 -0.6167 0.5279
Y 0.3000 0.7682 0.5656
Z -0.7544 -0.1719 0.6335

PART 62
OFFSET 16.8407 -1.2256 -7.1782
SCALE 1 1 1
X 0.5839 -0.6167 0.5279
Y 0.3000 0.7682 0.5656
Z -0.7544 -0.1719 0.6335

