// Export filename: `C:/cod5/cod/cod5/xanim_export/viewmodel/US/m1garand/viewmodel_m1garand_grenade_fire.XANIM_EXPORT`
// Source filename: `C:/cod5/cod/cod5/animation_assets/viewmodel/US/m1_garand/viewmodelanimation_m1garand.mb`
// Export time: Thu Jul 03 14:05:53 2008

ANIMATION
VERSION 3

NUMPARTS 92
PART 0 "RingPalm_FK_LE"
PART 1 "RingPalm_SDK_LE"
PART 2 "RingPalm_FK_RI"
PART 3 "RingPalm_SDK_RI"
PART 4 "tag_torso"
PART 5 "J_Shoulder_LE"
PART 6 "J_Elbow_LE"
PART 7 "J_WristTwist_LE"
PART 8 "J_Sleave_Reshape_Bottom_LE_1"
PART 9 "J_Sleave_Reshape_Bottom_LE_2"
PART 10 "J_Sleave_Reshape_Top_LE_1"
PART 11 "J_Sleave_Reshape_Top_LE_2"
PART 12 "J_Sleave_Reshape_Top_LE_3"
PART 13 "J_Wrist_LE"
PART 14 "J_Thumb_LE_0"
PART 15 "J_Thumb_LE_1"
PART 16 "J_Thumb_LE_2"
PART 17 "J_Thumb_LE_3"
PART 18 "J_PinkyPalm_LE"
PART 19 "J_Pinky_LE_0"
PART 20 "J_Pinky_LE_1"
PART 21 "J_Pinky_LE_2"
PART 22 "J_Pinky_LE_3"
PART 23 "J_RingPalm_LE"
PART 24 "J_Ring_LE_0"
PART 25 "J_Ring_LE_1"
PART 26 "J_Ring_LE_2"
PART 27 "J_Ring_LE_3"
PART 28 "J_Webbing_LE"
PART 29 "J_Index_LE_0"
PART 30 "J_Index_LE_1"
PART 31 "J_Index_LE_2"
PART 32 "J_Index_LE_3"
PART 33 "J_Mid_LE_0"
PART 34 "J_Mid_LE_1"
PART 35 "J_Mid_LE_2"
PART 36 "J_Mid_LE_3"
PART 37 "D_Sleave_Reshape_Bottom_LE_1"
PART 38 "D_Sleave_Reshape_Bottom_LE_2"
PART 39 "D_Sleave_Reshape_Top_LE_1"
PART 40 "D_Sleave_Reshape_Top_LE_2"
PART 41 "D_Sleave_Reshape_Top_LE_3"
PART 42 "tag_weapon"
PART 43 "J_Shoulder_RI"
PART 44 "J_Elbow_RI"
PART 45 "J_WristTwist_RI"
PART 46 "J_Sleave_Reshape_Top_RI_3"
PART 47 "J_Sleave_Reshape_Top_RI_2"
PART 48 "J_Sleave_Reshape_Top_RI_1"
PART 49 "J_Wrist_RI"
PART 50 "J_Thumb_RI_0"
PART 51 "J_Thumb_RI_1"
PART 52 "J_Thumb_RI_2"
PART 53 "J_Thumb_RI_3"
PART 54 "J_PinkyPalm_RI"
PART 55 "J_Pinky_RI_0"
PART 56 "J_Pinky_RI_1"
PART 57 "J_Pinky_RI_2"
PART 58 "J_Pinky_RI_3"
PART 59 "J_RingPalm_RI"
PART 60 "J_Ring_RI_0"
PART 61 "J_Ring_RI_1"
PART 62 "J_Ring_RI_2"
PART 63 "J_Ring_RI_3"
PART 64 "J_Webbing_RI"
PART 65 "J_Index_RI_0"
PART 66 "J_Index_RI_1"
PART 67 "J_Index_RI_2"
PART 68 "J_Index_RI_3"
PART 69 "J_Mid_RI_0"
PART 70 "J_Mid_RI_1"
PART 71 "J_Mid_RI_2"
PART 72 "J_Mid_RI_3"
PART 73 "D_Sleave_Reshape_Top_RI_3"
PART 74 "D_Sleave_Reshape_Top_RI_2"
PART 75 "D_Sleave_Reshape_Top_RI_1"
PART 76 "tag_cambone"
PART 77 "tag_camera"
PART 78 "tag_gasmask"
PART 79 "J_Gun"
PART 80 "tag_brass"
PART 81 "J_Bolt"
PART 82 "tag_flash"
PART 83 "j_stripper"
PART 84 "J_Clip"
PART 85 "TAG_APERTURE"
PART 86 "tag_bayonet"
PART 87 "tag_grenade"
PART 88 "tag_grenade_mount"
PART 89 "TAG_TELESCOPIC"
PART 90 "TAG_IRON_SIGHTS"
PART 91 "TAG_SUPPRESSOR"

FRAMERATE 24
NUMFRAMES 23

FRAME 704
PART 0
OFFSET 14.6075 -5.6761 -15.4679
SCALE 1 1 1
X 0.3506 -0.8635 0.3625
Y -0.4216 0.2000 0.8844
Z -0.8362 -0.4629 -0.2939

PART 1
OFFSET 14.6075 -5.6761 -15.4679
SCALE 1 1 1
X 0.3506 -0.8635 0.3625
Y -0.4216 0.2000 0.8844
Z -0.8362 -0.4629 -0.2939

PART 2
OFFSET -0.7360 -8.5235 -19.4575
SCALE 1 1 1
X -0.8983 -0.3448 0.2723
Y 0.3120 -0.9370 -0.1572
Z 0.3093 -0.0562 0.9493

PART 3
OFFSET -0.7360 -8.5235 -19.4575
SCALE 1 1 1
X -0.8983 -0.3448 0.2723
Y 0.3120 -0.9370 -0.1572
Z 0.3093 -0.0562 0.9493

PART 4
OFFSET 6.2061 -3.1050 -3.3894
SCALE 1 1 1
X 1.0000 0.0000 0.0000
Y 0.0000 1.0000 0.0000
Z 0.0000 -0.0000 1.0000

PART 5
OFFSET 1.6245 4.2672 -6.2573
SCALE 1 1 1
X 0.4797 0.0273 -0.8770
Y -0.3540 -0.9086 -0.2218
Z -0.8029 0.4168 -0.4262

PART 6
OFFSET 7.4257 4.5970 -16.8639
SCALE 1 1 1
X 0.5923 -0.8015 0.0819
Y -0.3737 -0.1833 0.9093
Z -0.7138 -0.5692 -0.4081

PART 7
OFFSET 12.4637 -2.2203 -16.1672
SCALE 1 1 1
X 0.5923 -0.8015 0.0819
Y 0.7743 0.5944 0.2170
Z -0.2226 -0.0651 0.9727

PART 8
OFFSET 14.8636 -2.1613 -15.8940
SCALE 1 1 1
X 0.5965 -0.7988 0.0776
Y 0.7174 0.5740 0.3948
Z -0.3599 -0.1798 0.9155

PART 9
OFFSET 13.0124 -3.2188 -17.5238
SCALE 1 1 1
X 0.5965 -0.7988 0.0776
Y 0.7174 0.5740 0.3948
Z -0.3599 -0.1798 0.9155

PART 10
OFFSET 14.1607 -3.1547 -14.1523
SCALE 1 1 1
X 0.5965 -0.7988 0.0776
Y 0.7174 0.5740 0.3948
Z -0.3599 -0.1798 0.9155

PART 11
OFFSET 12.8906 -4.0350 -14.7983
SCALE 1 1 1
X 0.5965 -0.7988 0.0776
Y 0.7174 0.5740 0.3948
Z -0.3599 -0.1798 0.9155

PART 12
OFFSET 11.5952 -4.6021 -15.6325
SCALE 1 1 1
X 0.5965 -0.7988 0.0776
Y 0.7174 0.5740 0.3948
Z -0.3599 -0.1798 0.9155

PART 13
OFFSET 14.2796 -4.6775 -15.9160
SCALE 1 1 1
X 0.5986 -0.6840 0.4169
Y 0.7058 0.6965 0.1293
Z -0.3788 0.2169 0.8997

PART 14
OFFSET 15.0745 -4.2240 -15.2343
SCALE 1 1 1
X 0.3512 -0.1567 0.9231
Y 0.3896 0.9210 0.0082
Z -0.8514 0.3567 0.3845

PART 15
OFFSET 15.8237 -4.4505 -13.2201
SCALE 1 1 1
X 0.3968 -0.4103 0.8211
Y 0.2796 0.9061 0.3176
Z -0.8743 0.1035 0.4742

PART 16
OFFSET 16.3497 -5.1553 -11.8604
SCALE 1 1 1
X 0.0643 -0.8012 0.5949
Y 0.4333 0.5594 0.7066
Z -0.8990 0.2124 0.3831

PART 17
OFFSET 16.3854 -6.0025 -11.1874
SCALE 1 1 1
X 0.7142 -0.6126 0.3387
Y 0.5161 0.1339 -0.8460
Z 0.4729 0.7790 0.4118

PART 18
OFFSET 13.9538 -5.9583 -15.5198
SCALE 1 1 1
X 0.0716 -0.9491 0.3067
Y -0.4365 0.2466 0.8652
Z -0.8968 -0.1958 -0.3967

PART 19
OFFSET 14.1919 -8.0320 -14.6670
SCALE 1 1 1
X -0.3400 0.1055 0.9345
Y -0.3298 0.9172 -0.2235
Z -0.8807 -0.3842 -0.2770

PART 20
OFFSET 13.7106 -7.8827 -13.3439
SCALE 1 1 1
X -0.4245 0.5313 0.7331
Y -0.1747 0.7464 -0.6421
Z -0.8884 -0.4007 -0.2241

PART 21
OFFSET 13.3342 -7.4116 -12.6939
SCALE 1 1 1
X -0.4461 0.7575 0.4767
Y 0.0377 0.5480 -0.8356
Z -0.8942 -0.3548 -0.2730

PART 22
OFFSET 12.9104 -6.6920 -12.2410
SCALE 1 1 1
X 0.4468 -0.8721 0.1994
Y 0.2025 -0.1186 -0.9721
Z 0.8714 0.4748 0.1236

PART 23
OFFSET 14.6075 -5.6761 -15.4679
SCALE 1 1 1
X 0.3506 -0.8635 0.3625
Y -0.4216 0.2000 0.8844
Z -0.8362 -0.4629 -0.2939

PART 24
OFFSET 15.4026 -7.9905 -14.5903
SCALE 1 1 1
X -0.3095 0.0467 0.9497
Y -0.3960 0.9017 -0.1734
Z -0.8645 -0.4298 -0.2606

PART 25
OFFSET 14.8756 -7.9109 -12.9734
SCALE 1 1 1
X -0.4595 0.5362 0.7081
Y -0.1833 0.7228 -0.6663
Z -0.8691 -0.4359 -0.2338

PART 26
OFFSET 14.2388 -7.1677 -11.9920
SCALE 1 1 1
X -0.4836 0.8574 0.1762
Y 0.1266 0.2677 -0.9552
Z -0.8661 -0.4396 -0.2380

PART 27
OFFSET 13.7144 -6.2379 -11.8010
SCALE 1 1 1
X 0.2813 -0.8770 0.3896
Y 0.4179 -0.2535 -0.8724
Z 0.8638 0.4082 0.2952

PART 28
OFFSET 17.0426 -5.5639 -13.9433
SCALE 1 1 1
X 0.3214 -0.7180 0.6174
Y 0.5637 -0.3789 -0.7340
Z 0.7609 0.5839 0.2830

PART 29
OFFSET 17.2852 -6.8980 -14.5284
SCALE 1 1 1
X 0.1706 -0.2604 0.9503
Y -0.7157 0.6302 0.3011
Z -0.6772 -0.7315 -0.0789

PART 30
OFFSET 17.5856 -7.3564 -12.8552
SCALE 1 1 1
X -0.3093 0.1362 0.9412
Y -0.7048 0.6316 -0.3230
Z -0.6384 -0.7633 -0.0994

PART 31
OFFSET 17.2483 -7.1445 -11.7050
SCALE 1 1 1
X -0.5463 0.4593 0.7005
Y -0.4993 0.4929 -0.7126
Z -0.6726 -0.7390 -0.0400

PART 32
OFFSET 16.6313 -6.6257 -10.9137
SCALE 1 1 1
X 0.4394 -0.8024 0.4040
Y 0.4568 -0.1877 -0.8696
Z 0.7735 0.5666 0.2840

PART 33
OFFSET 16.3878 -7.5418 -14.5517
SCALE 1 1 1
X -0.1260 -0.0913 0.9878
Y -0.6722 0.7401 -0.0173
Z -0.7295 -0.6662 -0.1546

PART 34
OFFSET 16.1416 -7.7201 -12.6219
SCALE 1 1 1
X -0.5951 0.4825 0.6426
Y -0.3238 0.5879 -0.7413
Z -0.7355 -0.6493 -0.1936

PART 35
OFFSET 15.2723 -7.0154 -11.6833
SCALE 1 1 1
X -0.6558 0.7544 0.0276
Y 0.1706 0.1837 -0.9681
Z -0.7354 -0.6302 -0.2492

PART 36
OFFSET 14.5242 -6.1655 -11.6531
SCALE 1 1 1
X 0.4409 -0.6555 0.6131
Y 0.4964 -0.3911 -0.7750
Z 0.7478 0.6460 0.1530

PART 37
OFFSET 14.8636 -2.1613 -15.8940
SCALE 1 1 1
X 0.5965 -0.7988 0.0776
Y 0.7174 0.5740 0.3948
Z -0.3599 -0.1798 0.9155

PART 38
OFFSET 13.0124 -3.2188 -17.5238
SCALE 1 1 1
X 0.5965 -0.7988 0.0776
Y 0.7174 0.5740 0.3948
Z -0.3599 -0.1798 0.9155

PART 39
OFFSET 14.1607 -3.1547 -14.1523
SCALE 1 1 1
X 0.5965 -0.7988 0.0776
Y 0.7174 0.5740 0.3948
Z -0.3599 -0.1798 0.9155

PART 40
OFFSET 12.8906 -4.0350 -14.7983
SCALE 1 1 1
X 0.5965 -0.7988 0.0776
Y 0.7174 0.5740 0.3948
Z -0.3599 -0.1798 0.9155

PART 41
OFFSET 11.5952 -4.6021 -15.6325
SCALE 1 1 1
X 0.5965 -0.7988 0.0776
Y 0.7174 0.5740 0.3948
Z -0.3599 -0.1798 0.9155

PART 42
OFFSET 9.9747 -6.3383 -15.0411
SCALE 1 1 1
X 0.9735 0.0170 0.2280
Y -0.0334 0.9971 0.0683
Z -0.2262 -0.0741 0.9713

PART 43
OFFSET -2.1097 -3.5648 -2.9073
SCALE 1 1 1
X 0.6226 0.4485 0.6412
Y -0.0797 -0.7789 0.6221
Z 0.7785 -0.4384 -0.4492

PART 44
OFFSET -9.6394 -8.9892 -10.6624
SCALE 1 1 1
X -0.6840 -0.0013 0.7294
Y -0.6514 -0.4490 -0.6117
Z 0.3283 -0.8936 0.3063

PART 45
OFFSET -3.8213 -8.9783 -16.8666
SCALE 1 1 1
X -0.6840 -0.0013 0.7294
Y -0.7269 -0.0814 -0.6819
Z 0.0603 -0.9967 0.0548

PART 46
OFFSET -2.7996 -7.5928 -17.8775
SCALE 1 1 1
X -0.6810 0.0039 0.7322
Y -0.3169 0.8999 -0.2995
Z -0.6601 -0.4361 -0.6117

PART 47
OFFSET -1.7065 -7.8174 -17.3788
SCALE 1 1 1
X -0.6810 0.0039 0.7322
Y -0.3169 0.8999 -0.2995
Z -0.6601 -0.4361 -0.6117

PART 48
OFFSET -1.2767 -9.1122 -17.1138
SCALE 1 1 1
X -0.6810 0.0039 0.7322
Y -0.3169 0.8999 -0.2995
Z -0.6601 -0.4361 -0.6117

PART 49
OFFSET -1.7242 -8.9744 -19.1028
SCALE 1 1 1
X -0.9561 -0.2917 -0.0286
Y -0.0318 0.2005 -0.9792
Z 0.2914 -0.9353 -0.2010

PART 50
OFFSET -1.3830 -8.6526 -18.0625
SCALE 1 1 1
X -0.4681 -0.8019 -0.3713
Y 0.3817 0.1955 -0.9034
Z 0.7970 -0.5646 0.2146

PART 51
OFFSET -0.4553 -6.9103 -17.1831
SCALE 1 1 1
X -0.6890 -0.7098 -0.1468
Y 0.3716 -0.1720 -0.9123
Z 0.6223 -0.6831 0.3823

PART 52
OFFSET 0.6094 -5.6983 -17.0433
SCALE 1 1 1
X -0.6827 -0.5858 0.4368
Y -0.0607 -0.5502 -0.8328
Z 0.7282 -0.5951 0.3401

PART 53
OFFSET 1.3154 -5.0282 -17.5171
SCALE 1 1 1
X -0.9842 -0.1636 -0.0676
Y -0.1407 0.9549 -0.2613
Z 0.1073 -0.2477 -0.9629

PART 54
OFFSET -1.0081 -8.3239 -20.0865
SCALE 1 1 1
X -0.7532 -0.3938 0.5269
Y 0.3576 -0.9174 -0.1745
Z 0.5521 0.0570 0.8318

PART 55
OFFSET 0.7208 -7.3183 -21.1277
SCALE 1 1 1
X -0.1116 -0.9797 0.1667
Y 0.5827 -0.2004 -0.7876
Z 0.8050 0.0093 0.5932

PART 56
OFFSET 0.8788 -5.9313 -21.3637
SCALE 1 1 1
X 0.4588 -0.6399 -0.6164
Y 0.4184 0.7676 -0.4855
Z 0.7839 -0.0352 0.6199

PART 57
OFFSET 0.4720 -5.3639 -20.8171
SCALE 1 1 1
X 0.5749 -0.2680 -0.7731
Y 0.1417 0.9632 -0.2285
Z 0.8059 0.0219 0.5917

PART 58
OFFSET -0.0742 -5.1093 -20.0827
SCALE 1 1 1
X -0.6452 -0.4028 0.6492
Y -0.1612 0.9024 0.3997
Z -0.7468 0.1533 -0.6471

PART 59
OFFSET -0.7360 -8.5235 -19.4575
SCALE 1 1 1
X -0.8983 -0.3448 0.2723
Y 0.3120 -0.9370 -0.1572
Z 0.3093 -0.0562 0.9493

PART 60
OFFSET 1.5564 -7.6410 -20.3086
SCALE 1 1 1
X 0.0006 -0.9993 -0.0376
Y 0.6982 0.0274 -0.7154
Z 0.7159 -0.0258 0.6977

PART 61
OFFSET 1.5554 -5.9396 -20.2445
SCALE 1 1 1
X 0.6303 -0.3980 -0.6666
Y 0.3146 0.9159 -0.2493
Z 0.7097 -0.0526 0.7025

PART 62
OFFSET 0.6818 -5.3881 -19.3207
SCALE 1 1 1
X 0.6763 0.3455 -0.6506
Y -0.2114 0.9370 0.2780
Z 0.7057 -0.0505 0.7068

PART 63
OFFSET -0.0516 -5.7628 -18.6151
SCALE 1 1 1
X -0.3987 -0.8209 0.4090
Y -0.5909 0.5710 0.5700
Z -0.7014 -0.0145 -0.7126

PART 64
OFFSET -5.5202 -10.8593 -18.5017
SCALE 1 1 1
X -0.8124 -0.5733 0.1065
Y -0.5576 0.8172 0.1456
Z -0.1705 0.0588 -0.9836

PART 65
OFFSET 2.1335 -8.3365 -18.3274
SCALE 1 1 1
X -0.9625 -0.2515 0.1013
Y 0.2395 -0.9638 -0.1170
Z 0.1271 -0.0883 0.9880

PART 66
OFFSET 3.8282 -7.8937 -18.5058
SCALE 1 1 1
X -0.7198 -0.6914 0.0615
Y 0.6840 -0.7216 -0.1070
Z 0.1184 -0.0350 0.9924

PART 67
OFFSET 4.7105 -7.0553 -18.5202
SCALE 1 1 1
X -0.1854 -0.9793 -0.0813
Y 0.9793 -0.1773 -0.0981
Z 0.0817 -0.0978 0.9919

PART 68
OFFSET 4.9199 -5.9492 -18.4284
SCALE 1 1 1
X -0.8007 0.4513 0.3940
Y 0.4571 0.8853 -0.0852
Z -0.3873 0.1119 -0.9152

PART 69
OFFSET 1.9447 -7.9824 -19.3567
SCALE 1 1 1
X -0.5397 -0.8401 -0.0536
Y 0.8309 -0.5214 -0.1940
Z 0.1351 -0.1492 0.9795

PART 70
OFFSET 2.9991 -6.3411 -19.2521
SCALE 1 1 1
X 0.7169 -0.6648 -0.2101
Y 0.6760 0.7365 -0.0237
Z 0.1705 -0.1251 0.9774

PART 71
OFFSET 1.9521 -5.3701 -18.9452
SCALE 1 1 1
X 0.9621 -0.1889 -0.1964
Y 0.1986 0.9796 0.0307
Z 0.1866 -0.0686 0.9800

PART 72
OFFSET 0.8611 -5.1550 -18.7297
SCALE 1 1 1
X -0.8766 -0.4764 0.0683
Y -0.4521 0.8638 0.2226
Z -0.1650 0.1642 -0.9725

PART 73
OFFSET -2.7996 -7.5928 -17.8775
SCALE 1 1 1
X -0.6810 0.0039 0.7322
Y -0.3169 0.8999 -0.2995
Z -0.6601 -0.4361 -0.6117

PART 74
OFFSET -1.7065 -7.8174 -17.3788
SCALE 1 1 1
X -0.6810 0.0039 0.7322
Y -0.3169 0.8999 -0.2995
Z -0.6601 -0.4361 -0.6117

PART 75
OFFSET -1.2767 -9.1122 -17.1138
SCALE 1 1 1
X -0.6810 0.0039 0.7322
Y -0.3169 0.8999 -0.2995
Z -0.6601 -0.4361 -0.6117

PART 76
OFFSET 0.0000 0.0000 0.0000
SCALE 1 1 1
X 1.0000 0.0000 0.0000
Y 0.0000 1.0000 0.0000
Z 0.0000 0.0000 1.0000

PART 77
OFFSET 0.0000 0.0000 0.0000
SCALE 1 1 1
X 1.0000 0.0000 0.0000
Y 0.0000 1.0000 0.0000
Z 0.0000 0.0000 1.0000

PART 78
OFFSET 1.5404 0.0000 4.1357
SCALE 1 1 1
X 1.0000 0.0000 0.0000
Y 0.0000 1.0000 0.0000
Z 0.0000 0.0000 1.0000

PART 79
OFFSET 9.9747 -6.3383 -15.0411
SCALE 1 1 1
X 0.9735 0.0170 0.2280
Y -0.0334 0.9971 0.0683
Z -0.2262 -0.0741 0.9713

PART 80
OFFSET 8.9357 -6.7494 -18.4482
SCALE 1 1 1
X -0.1101 -0.8941 0.4342
Y 0.9630 0.0122 0.2692
Z -0.2460 0.4478 0.8596

PART 81
OFFSET 9.5200 -8.2296 -14.1569
SCALE 1 1 1
X 0.9687 0.0154 0.2478
Y -0.0334 0.9971 0.0683
Z -0.2460 -0.0744 0.9664

PART 82
OFFSET 36.7456 -5.9785 -7.2143
SCALE 1 1 1
X 0.9735 0.0170 0.2280
Y -0.0334 0.9971 0.0683
Z -0.2262 -0.0741 0.9713

PART 83
OFFSET 7.4704 -6.4181 -15.5644
SCALE 1 1 1
X 0.9773 -0.0456 0.2068
Y 0.0306 0.9967 0.0748
Z -0.2096 -0.0667 0.9755

PART 84
OFFSET 7.8856 -6.4342 -15.2134
SCALE 1 1 1
X 0.9735 0.0170 0.2280
Y -0.0334 0.9971 0.0683
Z -0.2262 -0.0741 0.9713

PART 85
OFFSET 3.5790 -6.5580 -14.7850
SCALE 1 1 1
X 0.9735 0.0170 0.2280
Y -0.0334 0.9971 0.0683
Z -0.2262 -0.0741 0.9713

PART 86
OFFSET 32.8940 -5.9601 -9.3639
SCALE 1 1 1
X 0.9687 0.0154 0.2478
Y -0.0334 0.9971 0.0683
Z -0.2460 -0.0744 0.9664

PART 87
OFFSET 45.3886 -5.8404 -5.0081
SCALE 1 1 1
X 0.9687 0.0154 0.2478
Y -0.0334 0.9971 0.0683
Z -0.2460 -0.0744 0.9664

PART 88
OFFSET 45.7227 -5.8340 -4.9369
SCALE 1 1 1
X 0.9687 0.0154 0.2478
Y -0.0334 0.9971 0.0683
Z -0.2460 -0.0744 0.9664

PART 89
OFFSET 5.6719 -5.1557 -15.0832
SCALE 1 1 1
X 0.9735 0.0170 0.2280
Y -0.0334 0.9971 0.0683
Z -0.2262 -0.0741 0.9713

PART 90
OFFSET 15.2704 -6.7142 -12.9671
SCALE 1 1 1
X 0.9735 0.0170 0.2280
Y -0.0334 0.9971 0.0683
Z -0.2262 -0.0741 0.9713

PART 91
OFFSET 38.2593 -5.9618 -6.7176
SCALE 1 1 1
X 0.9687 0.0154 0.2478
Y -0.0334 0.9971 0.0683
Z -0.2460 -0.0744 0.9664


FRAME 705
PART 0
OFFSET 8.8726 -5.7761 -16.8103
SCALE 1 1 1
X 0.3485 -0.8637 0.3641
Y -0.4260 0.2000 0.8823
Z -0.8349 -0.4626 -0.2982

PART 1
OFFSET 8.8726 -5.7761 -16.8103
SCALE 1 1 1
X 0.3485 -0.8637 0.3641
Y -0.4260 0.2000 0.8823
Z -0.8349 -0.4626 -0.2982

PART 2
OFFSET -6.4516 -8.6174 -20.8774
SCALE 1 1 1
X -0.8998 -0.3445 0.2677
Y 0.3125 -0.9371 -0.1558
Z 0.3045 -0.0565 0.9508

PART 3
OFFSET -6.4516 -8.6174 -20.8774
SCALE 1 1 1
X -0.8998 -0.3445 0.2677
Y 0.3125 -0.9371 -0.1558
Z 0.3045 -0.0565 0.9508

PART 4
OFFSET 6.2061 -3.1050 -3.3894
SCALE 1 1 1
X 1.0000 0.0000 0.0000
Y 0.0000 1.0000 0.0000
Z 0.0000 -0.0000 1.0000

PART 5
OFFSET 1.6245 4.2672 -6.2573
SCALE 1 1 1
X 0.4127 0.1953 -0.8897
Y -0.6545 -0.6158 -0.4387
Z -0.6336 0.7633 -0.1263

PART 6
OFFSET 6.6150 6.6287 -17.0175
SCALE 1 1 1
X 0.1670 -0.9857 -0.0210
Y -0.4326 -0.0923 0.8969
Z -0.8860 -0.1407 -0.4418

PART 7
OFFSET 8.0354 -1.7554 -17.1957
SCALE 1 1 1
X 0.1670 -0.9857 -0.0210
Y 0.9115 0.1463 0.3843
Z -0.3758 -0.0833 0.9230

PART 8
OFFSET 10.2001 -2.8097 -16.9954
SCALE 1 1 1
X 0.1720 -0.9848 -0.0251
Y 0.8917 0.1448 0.4289
Z -0.4188 -0.0962 0.9030

PART 9
OFFSET 8.1008 -2.7418 -18.6657
SCALE 1 1 1
X 0.1720 -0.9848 -0.0251
Y 0.8917 0.1448 0.4289
Z -0.4188 -0.0962 0.9030

PART 10
OFFSET 9.0942 -3.5622 -15.3446
SCALE 1 1 1
X 0.1720 -0.9848 -0.0251
Y 0.8917 0.1448 0.4289
Z -0.4188 -0.0962 0.9030

PART 11
OFFSET 7.5758 -3.7037 -16.0372
SCALE 1 1 1
X 0.1720 -0.9848 -0.0251
Y 0.8917 0.1448 0.4289
Z -0.4188 -0.0962 0.9030

PART 12
OFFSET 6.1790 -3.5357 -16.8837
SCALE 1 1 1
X 0.1720 -0.9848 -0.0251
Y 0.8917 0.1448 0.4289
Z -0.4188 -0.0962 0.9030

PART 13
OFFSET 8.5474 -4.7773 -17.2599
SCALE 1 1 1
X 0.5963 -0.6843 0.4198
Y 0.7054 0.6962 0.1330
Z -0.3833 0.2168 0.8978

PART 14
OFFSET 9.3389 -4.3242 -16.5741
SCALE 1 1 1
X 0.3465 -0.1570 0.9248
Y 0.3898 0.9208 0.0103
Z -0.8532 0.3570 0.3802

PART 15
OFFSET 10.0780 -4.5513 -14.5562
SCALE 1 1 1
X 0.3925 -0.4106 0.8230
Y 0.2783 0.9059 0.3192
Z -0.8766 0.1038 0.4698

PART 16
OFFSET 10.5969 -5.2565 -13.1940
SCALE 1 1 1
X 0.0610 -0.8013 0.5951
Y 0.4299 0.5592 0.7089
Z -0.9008 0.2126 0.3786

PART 17
OFFSET 10.6289 -6.1038 -12.5210
SCALE 1 1 1
X 0.7123 -0.6129 0.3422
Y 0.5204 0.1339 -0.8434
Z 0.4710 0.7788 0.4143

PART 18
OFFSET 8.2192 -6.0580 -16.8656
SCALE 1 1 1
X 0.0698 -0.9492 0.3068
Y -0.4408 0.2466 0.8631
Z -0.8949 -0.1955 -0.4012

PART 19
OFFSET 8.4522 -8.1320 -16.0119
SCALE 1 1 1
X -0.3446 0.1055 0.9328
Y -0.3284 0.9174 -0.2250
Z -0.8794 -0.3838 -0.2815

PART 20
OFFSET 7.9643 -7.9827 -14.6912
SCALE 1 1 1
X -0.4280 0.5313 0.7311
Y -0.1712 0.7466 -0.6429
Z -0.8874 -0.4003 -0.2286

PART 21
OFFSET 7.5848 -7.5116 -14.0430
SCALE 1 1 1
X -0.4482 0.7576 0.4746
Y 0.0421 0.5482 -0.8353
Z -0.8929 -0.3544 -0.2775

PART 22
OFFSET 7.1590 -6.7919 -13.5922
SCALE 1 1 1
X 0.4455 -0.8723 0.2015
Y 0.2073 -0.1185 -0.9711
Z 0.8709 0.4744 0.1281

PART 23
OFFSET 8.8726 -5.7761 -16.8103
SCALE 1 1 1
X 0.3485 -0.8637 0.3641
Y -0.4260 0.2000 0.8823
Z -0.8349 -0.4626 -0.2982

PART 24
OFFSET 9.6625 -8.0909 -15.9291
SCALE 1 1 1
X -0.3143 0.0467 0.9482
Y -0.3948 0.9019 -0.1752
Z -0.8633 -0.4294 -0.2650

PART 25
OFFSET 9.1274 -8.0114 -14.3148
SCALE 1 1 1
X -0.4628 0.5363 0.7058
Y -0.1797 0.7230 -0.6671
Z -0.8680 -0.4356 -0.2383

PART 26
OFFSET 8.4860 -7.2682 -13.3366
SCALE 1 1 1
X -0.4842 0.8575 0.1739
Y 0.1315 0.2678 -0.9545
Z -0.8650 -0.4393 -0.2424

PART 27
OFFSET 7.9609 -6.3382 -13.1480
SCALE 1 1 1
X 0.2790 -0.8772 0.3908
Y 0.4222 -0.2535 -0.8703
Z 0.8625 0.4079 0.2996

PART 28
OFFSET 11.3001 -5.6650 -15.2734
SCALE 1 1 1
X 0.3180 -0.7182 0.6189
Y 0.5672 -0.3789 -0.7312
Z 0.7597 0.5836 0.2869

PART 29
OFFSET 11.5452 -6.9991 -15.8575
SCALE 1 1 1
X 0.1657 -0.2606 0.9511
Y -0.7170 0.6303 0.2976
Z -0.6771 -0.7313 -0.0824

PART 30
OFFSET 11.8370 -7.4579 -14.1829
SCALE 1 1 1
X -0.3140 0.1361 0.9396
Y -0.7030 0.6319 -0.3265
Z -0.6381 -0.7630 -0.1027

PART 31
OFFSET 11.4940 -7.2460 -13.0344
SCALE 1 1 1
X -0.5496 0.4593 0.6978
Y -0.4955 0.4932 -0.7150
Z -0.6726 -0.7387 -0.0435

PART 32
OFFSET 10.8732 -6.7272 -12.2462
SCALE 1 1 1
X 0.4370 -0.8026 0.4060
Y 0.4611 -0.1877 -0.8673
Z 0.7723 0.5662 0.2880

PART 33
OFFSET 10.6477 -7.6425 -15.8855
SCALE 1 1 1
X -0.1310 -0.0914 0.9872
Y -0.6719 0.7404 -0.0206
Z -0.7290 -0.6660 -0.1584

PART 34
OFFSET 10.3917 -7.8211 -13.9570
SCALE 1 1 1
X -0.5982 0.4826 0.6397
Y -0.3199 0.5881 -0.7428
Z -0.7347 -0.6490 -0.1974

PART 35
OFFSET 9.5180 -7.1162 -13.0226
SCALE 1 1 1
X -0.6557 0.7546 0.0244
Y 0.1756 0.1838 -0.9672
Z -0.7343 -0.6299 -0.2530

PART 36
OFFSET 8.7700 -6.2661 -12.9961
SCALE 1 1 1
X 0.4376 -0.6558 0.6152
Y 0.5001 -0.3911 -0.7726
Z 0.7473 0.6458 0.1568

PART 37
OFFSET 10.2001 -2.8097 -16.9954
SCALE 1 1 1
X 0.1720 -0.9848 -0.0251
Y 0.8917 0.1448 0.4289
Z -0.4188 -0.0962 0.9030

PART 38
OFFSET 8.1008 -2.7418 -18.6657
SCALE 1 1 1
X 0.1720 -0.9848 -0.0251
Y 0.8917 0.1448 0.4289
Z -0.4188 -0.0962 0.9030

PART 39
OFFSET 9.0942 -3.5622 -15.3446
SCALE 1 1 1
X 0.1720 -0.9848 -0.0251
Y 0.8917 0.1448 0.4289
Z -0.4188 -0.0962 0.9030

PART 40
OFFSET 7.5758 -3.7037 -16.0372
SCALE 1 1 1
X 0.1720 -0.9848 -0.0251
Y 0.8917 0.1448 0.4289
Z -0.4188 -0.0962 0.9030

PART 41
OFFSET 6.1790 -3.5357 -16.8837
SCALE 1 1 1
X 0.1720 -0.9848 -0.0251
Y 0.8917 0.1448 0.4289
Z -0.4188 -0.0962 0.9030

PART 42
OFFSET 4.2375 -6.4367 -16.4069
SCALE 1 1 1
X 0.9724 0.0166 0.2329
Y -0.0334 0.9971 0.0683
Z -0.2311 -0.0742 0.9701

PART 43
OFFSET -2.1097 -3.5648 -2.9073
SCALE 1 1 1
X 0.7370 0.3938 0.5493
Y 0.0147 -0.8218 0.5696
Z 0.6757 -0.4117 -0.6115

PART 44
OFFSET -11.0233 -8.3276 -9.5499
SCALE 1 1 1
X -0.3095 0.0640 0.9487
Y -0.8813 -0.3939 -0.2610
Z 0.3570 -0.9169 0.1783

PART 45
OFFSET -8.3906 -8.8718 -17.6193
SCALE 1 1 1
X -0.3095 0.0640 0.9487
Y -0.9302 -0.2275 -0.2881
Z 0.1974 -0.9717 0.1299

PART 46
OFFSET -7.7287 -7.6234 -19.0034
SCALE 1 1 1
X -0.3052 0.0689 0.9498
Y -0.3435 0.9223 -0.1772
Z -0.8882 -0.3803 -0.2579

PART 47
OFFSET -6.5457 -7.8778 -19.0050
SCALE 1 1 1
X -0.3052 0.0689 0.9498
Y -0.3435 0.9223 -0.1772
Z -0.8882 -0.3803 -0.2579

PART 48
OFFSET -6.1932 -9.1476 -18.9091
SCALE 1 1 1
X -0.3052 0.0689 0.9498
Y -0.3435 0.9223 -0.1772
Z -0.8882 -0.3803 -0.2579

PART 49
OFFSET -7.4417 -9.0680 -20.5278
SCALE 1 1 1
X -0.9560 -0.2914 -0.0335
Y -0.0269 0.2007 -0.9793
Z 0.2921 -0.9353 -0.1997

PART 50
OFFSET -7.1057 -8.7466 -19.4858
SCALE 1 1 1
X -0.4665 -0.8016 -0.3738
Y 0.3863 0.1955 -0.9014
Z 0.7957 -0.5649 0.2185

PART 51
OFFSET -6.1818 -7.0047 -18.6013
SCALE 1 1 1
X -0.6885 -0.7095 -0.1504
Y 0.3762 -0.1720 -0.9104
Z 0.6201 -0.6834 0.3853

PART 52
OFFSET -5.1173 -5.7931 -18.4560
SCALE 1 1 1
X -0.6851 -0.5856 0.4333
Y -0.0567 -0.5501 -0.8332
Z 0.7263 -0.5954 0.3436

PART 53
OFFSET -4.4088 -5.1232 -18.9261
SCALE 1 1 1
X -0.9839 -0.1632 -0.0726
Y -0.1391 0.9550 -0.2619
Z 0.1121 -0.2475 -0.9624

PART 54
OFFSET -6.7205 -8.4175 -21.5078
SCALE 1 1 1
X -0.7560 -0.3936 0.5230
Y 0.3581 -0.9175 -0.1728
Z 0.5479 0.0566 0.8346

PART 55
OFFSET -4.9860 -7.4124 -22.5401
SCALE 1 1 1
X -0.1127 -0.9797 0.1659
Y 0.5866 -0.2004 -0.7847
Z 0.8020 0.0089 0.5973

PART 56
OFFSET -4.8264 -6.0254 -22.7750
SCALE 1 1 1
X 0.4617 -0.6400 -0.6143
Y 0.4211 0.7676 -0.4832
Z 0.7807 -0.0356 0.6239

PART 57
OFFSET -5.2357 -5.4580 -22.2304
SCALE 1 1 1
X 0.5787 -0.2681 -0.7702
Y 0.1432 0.9632 -0.2276
Z 0.8029 0.0215 0.5957

PART 58
OFFSET -5.7855 -5.2033 -21.4987
SCALE 1 1 1
X -0.6486 -0.4027 0.6459
Y -0.1629 0.9023 0.3991
Z -0.7435 0.1537 -0.6508

PART 59
OFFSET -6.4516 -8.6174 -20.8774
SCALE 1 1 1
X -0.8998 -0.3445 0.2677
Y 0.3125 -0.9371 -0.1558
Z 0.3045 -0.0565 0.9508

PART 60
OFFSET -4.1546 -7.7355 -21.7168
SCALE 1 1 1
X 0.0005 -0.9993 -0.0378
Y 0.7018 0.0272 -0.7118
Z 0.7124 -0.0262 0.7013

PART 61
OFFSET -4.1554 -6.0342 -21.6525
SCALE 1 1 1
X 0.6335 -0.3981 -0.6635
Y 0.3162 0.9158 -0.2476
Z 0.7062 -0.0530 0.7060

PART 62
OFFSET -5.0334 -5.4825 -20.7330
SCALE 1 1 1
X 0.6797 0.3454 -0.6471
Y -0.2124 0.9371 0.2771
Z 0.7021 -0.0509 0.7103

PART 63
OFFSET -5.7705 -5.8571 -20.0312
SCALE 1 1 1
X -0.4010 -0.8208 0.4068
Y -0.5936 0.5711 0.5671
Z -0.6978 -0.0141 -0.7162

PART 64
OFFSET -11.2414 -10.9517 -19.9462
SCALE 1 1 1
X -0.8131 -0.5730 0.1024
Y -0.5581 0.8174 0.1429
Z -0.1656 0.0591 -0.9844

PART 65
OFFSET -3.5877 -8.4316 -19.7329
SCALE 1 1 1
X -0.9631 -0.2512 0.0964
Y 0.2398 -0.9639 -0.1160
Z 0.1221 -0.0886 0.9886

PART 66
OFFSET -1.8920 -7.9894 -19.9027
SCALE 1 1 1
X -0.7204 -0.6912 0.0577
Y 0.6843 -0.7218 -0.1037
Z 0.1134 -0.0352 0.9929

PART 67
OFFSET -1.0094 -7.1512 -19.9126
SCALE 1 1 1
X -0.1853 -0.9792 -0.0824
Y 0.9797 -0.1776 -0.0932
Z 0.0767 -0.0980 0.9922

PART 68
OFFSET -0.8001 -6.0452 -19.8195
SCALE 1 1 1
X -0.8025 0.4515 0.3901
Y 0.4578 0.8852 -0.0827
Z -0.3826 0.1122 -0.9171

PART 69
OFFSET -3.7712 -8.0772 -20.7631
SCALE 1 1 1
X -0.5397 -0.8399 -0.0564
Y 0.8317 -0.5217 -0.1900
Z 0.1301 -0.1495 0.9802

PART 70
OFFSET -2.7168 -6.4364 -20.6529
SCALE 1 1 1
X 0.7177 -0.6650 -0.2066
Y 0.6764 0.7363 -0.0202
Z 0.1655 -0.1253 0.9782

PART 71
OFFSET -3.7651 -5.4650 -20.3511
SCALE 1 1 1
X 0.9631 -0.1892 -0.1916
Y 0.1988 0.9795 0.0319
Z 0.1816 -0.0688 0.9810

PART 72
OFFSET -4.8570 -5.2495 -20.1410
SCALE 1 1 1
X -0.8771 -0.4761 0.0638
Y -0.4529 0.8639 0.2205
Z -0.1601 0.1645 -0.9733

PART 73
OFFSET -7.7287 -7.6234 -19.0034
SCALE 1 1 1
X -0.3052 0.0689 0.9498
Y -0.3435 0.9223 -0.1772
Z -0.8882 -0.3803 -0.2579

PART 74
OFFSET -6.5457 -7.8778 -19.0050
SCALE 1 1 1
X -0.3052 0.0689 0.9498
Y -0.3435 0.9223 -0.1772
Z -0.8882 -0.3803 -0.2579

PART 75
OFFSET -6.1932 -9.1476 -18.9091
SCALE 1 1 1
X -0.3052 0.0689 0.9498
Y -0.3435 0.9223 -0.1772
Z -0.8882 -0.3803 -0.2579

PART 76
OFFSET 0.0000 0.0000 0.0000
SCALE 1 1 1
X 1.0000 0.0000 0.0000
Y 0.0000 1.0000 0.0000
Z 0.0000 0.0000 1.0000

PART 77
OFFSET 0.0000 0.0000 0.0000
SCALE 1 1 1
X 0.9988 0.0000 -0.0485
Y 0.0000 1.0000 0.0000
Z 0.0485 0.0000 0.9988

PART 78
OFFSET 1.7390 0.0000 4.0563
SCALE 1 1 1
X 0.9988 0.0000 -0.0485
Y 0.0000 1.0000 0.0000
Z 0.0485 0.0000 0.9988

PART 79
OFFSET 4.2375 -6.4367 -16.4069
SCALE 1 1 1
X 0.9724 0.0166 0.2329
Y -0.0334 0.9971 0.0683
Z -0.2311 -0.0742 0.9701

PART 80
OFFSET 3.2155 -6.8469 -19.8193
SCALE 1 1 1
X -0.1126 -0.8941 0.4335
Y 0.9616 0.0118 0.2741
Z -0.2502 0.4477 0.8585

PART 81
OFFSET 3.7778 -8.3280 -15.5253
SCALE 1 1 1
X 0.9674 0.0151 0.2527
Y -0.0334 0.9971 0.0683
Z -0.2509 -0.0745 0.9651

PART 82
OFFSET 30.9689 -6.0876 -8.4456
SCALE 1 1 1
X 0.9724 0.0166 0.2329
Y -0.0334 0.9971 0.0683
Z -0.2311 -0.0742 0.9701

PART 83
OFFSET 1.7364 -6.5158 -16.9415
SCALE 1 1 1
X 0.9762 -0.0460 0.2119
Y 0.0306 0.9967 0.0753
Z -0.2147 -0.0671 0.9744

PART 84
OFFSET 2.1493 -6.5318 -16.5897
SCALE 1 1 1
X 0.9724 0.0166 0.2329
Y -0.0334 0.9971 0.0683
Z -0.2311 -0.0742 0.9701

PART 85
OFFSET -2.1594 -6.6542 -16.1829
SCALE 1 1 1
X 0.9724 0.0166 0.2329
Y -0.0334 0.9971 0.0683
Z -0.2311 -0.0742 0.9701

PART 86
OFFSET 27.1281 -6.0675 -10.6145
SCALE 1 1 1
X 0.9674 0.0151 0.2527
Y -0.0334 0.9971 0.0683
Z -0.2509 -0.0745 0.9651

PART 87
OFFSET 58.7274 -3.5713 -1.4233
SCALE 1 1 1
X 0.9715 0.0572 0.2301
Y -0.0724 0.9957 0.0581
Z -0.2258 -0.0731 0.9714

PART 88
OFFSET 39.9345 -5.9467 -6.1231
SCALE 1 1 1
X 0.9674 0.0151 0.2527
Y -0.0334 0.9971 0.0683
Z -0.2509 -0.0745 0.9651

PART 89
OFFSET -0.0646 -5.2526 -16.4704
SCALE 1 1 1
X 0.9724 0.0166 0.2329
Y -0.0334 0.9971 0.0683
Z -0.2311 -0.0742 0.9701

PART 90
OFFSET 9.5226 -6.8148 -14.3064
SCALE 1 1 1
X 0.9724 0.0166 0.2329
Y -0.0334 0.9971 0.0683
Z -0.2311 -0.0742 0.9701

PART 91
OFFSET 32.4801 -6.0716 -7.9413
SCALE 1 1 1
X 0.9674 0.0151 0.2527
Y -0.0334 0.9971 0.0683
Z -0.2509 -0.0745 0.9651


FRAME 706
PART 0
OFFSET 8.3595 -5.8019 -16.6840
SCALE 1 1 1
X 0.3432 -0.8642 0.3680
Y -0.4369 0.2000 0.8770
Z -0.8315 -0.4617 -0.3089

PART 1
OFFSET 8.3595 -5.8019 -16.6840
SCALE 1 1 1
X 0.3432 -0.8642 0.3680
Y -0.4369 0.2000 0.8770
Z -0.8315 -0.4617 -0.3089

PART 2
OFFSET -6.9149 -8.6281 -20.9446
SCALE 1 1 1
X -0.9034 -0.3439 0.2562
Y 0.3136 -0.9373 -0.1523
Z 0.2925 -0.0572 0.9546

PART 3
OFFSET -6.9149 -8.6281 -20.9446
SCALE 1 1 1
X -0.9034 -0.3439 0.2562
Y 0.3136 -0.9373 -0.1523
Z 0.2925 -0.0572 0.9546

PART 4
OFFSET 6.2061 -3.1050 -3.3894
SCALE 1 1 1
X 1.0000 0.0000 0.0000
Y 0.0000 1.0000 0.0000
Z 0.0000 -0.0000 1.0000

PART 5
OFFSET 1.6245 4.2672 -6.2573
SCALE 1 1 1
X 0.4151 0.1998 -0.8876
Y -0.6760 -0.5851 -0.4479
Z -0.6088 0.7859 -0.1079

PART 6
OFFSET 6.6451 6.6831 -16.9914
SCALE 1 1 1
X 0.1206 -0.9926 -0.0126
Y -0.4358 -0.0644 0.8978
Z -0.8919 -0.1028 -0.4403

PART 7
OFFSET 7.6710 -1.7596 -17.0986
SCALE 1 1 1
X 0.1206 -0.9926 -0.0126
Y 0.9082 0.1052 0.4052
Z -0.4009 -0.0603 0.9141

PART 8
OFFSET 9.7841 -2.9124 -16.8900
SCALE 1 1 1
X 0.1257 -0.9919 -0.0168
Y 0.8978 0.1065 0.4274
Z -0.4222 -0.0688 0.9039

PART 9
OFFSET 7.6890 -2.7605 -18.5601
SCALE 1 1 1
X 0.1257 -0.9919 -0.0168
Y 0.8978 0.1065 0.4274
Z -0.4222 -0.0688 0.9039

PART 10
OFFSET 8.6453 -3.5983 -15.2325
SCALE 1 1 1
X 0.1257 -0.9919 -0.0168
Y 0.8978 0.1065 0.4274
Z -0.4222 -0.0688 0.9039

PART 11
OFFSET 7.1214 -3.6743 -15.9234
SCALE 1 1 1
X 0.1257 -0.9919 -0.0168
Y 0.8978 0.1065 0.4274
Z -0.4222 -0.0688 0.9039

PART 12
OFFSET 5.7334 -3.4483 -16.7709
SCALE 1 1 1
X 0.1257 -0.9919 -0.0168
Y 0.8978 0.1065 0.4274
Z -0.4222 -0.0688 0.9039

PART 13
OFFSET 8.0407 -4.8026 -17.1372
SCALE 1 1 1
X 0.5904 -0.6850 0.4269
Y 0.7043 0.6956 0.1421
Z -0.3943 0.2168 0.8930

PART 14
OFFSET 8.8240 -4.3505 -16.4413
SCALE 1 1 1
X 0.3347 -0.1577 0.9290
Y 0.3905 0.9205 0.0156
Z -0.8576 0.3575 0.3696

PART 15
OFFSET 9.5375 -4.5791 -14.4144
SCALE 1 1 1
X 0.3818 -0.4113 0.8277
Y 0.2750 0.9055 0.3231
Z -0.8824 0.1043 0.4588

PART 16
OFFSET 10.0386 -5.2854 -13.0461
SCALE 1 1 1
X 0.0528 -0.8016 0.5955
Y 0.4214 0.5585 0.7145
Z -0.9053 0.2132 0.3674

PART 17
OFFSET 10.0614 -6.1330 -12.3732
SCALE 1 1 1
X 0.7074 -0.6136 0.3508
Y 0.5311 0.1338 -0.8367
Z 0.4665 0.7782 0.4205

PART 18
OFFSET 7.7065 -6.0832 -16.7476
SCALE 1 1 1
X 0.0651 -0.9494 0.3073
Y -0.4514 0.2466 0.8576
Z -0.8899 -0.1945 -0.4125

PART 19
OFFSET 7.9270 -8.1578 -15.8920
SCALE 1 1 1
X -0.3562 0.1053 0.9284
Y -0.3247 0.9177 -0.2287
Z -0.8762 -0.3830 -0.2927

PART 20
OFFSET 7.4227 -8.0087 -14.5775
SCALE 1 1 1
X -0.4367 0.5314 0.7259
Y -0.1625 0.7470 -0.6446
Z -0.8848 -0.3995 -0.2399

PART 21
OFFSET 7.0355 -7.5375 -13.9339
SCALE 1 1 1
X -0.4535 0.7577 0.4692
Y 0.0530 0.5485 -0.8345
Z -0.8897 -0.3535 -0.2889

PART 22
OFFSET 6.6047 -6.8176 -13.4881
SCALE 1 1 1
X 0.4422 -0.8728 0.2067
Y 0.2194 -0.1182 -0.9684
Z 0.8697 0.4736 0.1392

PART 23
OFFSET 8.3595 -5.8019 -16.6840
SCALE 1 1 1
X 0.3432 -0.8642 0.3680
Y -0.4369 0.2000 0.8770
Z -0.8315 -0.4617 -0.3089

PART 24
OFFSET 9.1362 -8.1177 -15.7940
SCALE 1 1 1
X -0.3261 0.0465 0.9442
Y -0.3918 0.9023 -0.1798
Z -0.8603 -0.4285 -0.2760

PART 25
OFFSET 8.5810 -8.0385 -14.1866
SCALE 1 1 1
X -0.4712 0.5363 0.7002
Y -0.1707 0.7234 -0.6690
Z -0.8654 -0.4347 -0.2493

PART 26
OFFSET 7.9279 -7.2952 -13.2161
SCALE 1 1 1
X -0.4856 0.8579 0.1682
Y 0.1437 0.2681 -0.9526
Z -0.8623 -0.4384 -0.2534

PART 27
OFFSET 7.4013 -6.3648 -13.0337
SCALE 1 1 1
X 0.2733 -0.8776 0.3939
Y 0.4329 -0.2534 -0.8651
Z 0.8590 0.4070 0.3106

PART 28
OFFSET 10.7675 -5.6936 -15.1167
SCALE 1 1 1
X 0.3096 -0.7187 0.6225
Y 0.5761 -0.3791 -0.7242
Z 0.7565 0.5828 0.2967

PART 29
OFFSET 11.0188 -7.0276 -15.6983
SCALE 1 1 1
X 0.1535 -0.2612 0.9530
Y -0.7201 0.6308 0.2889
Z -0.6766 -0.7306 -0.0912

PART 30
OFFSET 11.2891 -7.4874 -14.0204
SCALE 1 1 1
X -0.3257 0.1360 0.9357
Y -0.6983 0.6326 -0.3350
Z -0.6375 -0.7624 -0.1111

PART 31
OFFSET 10.9319 -7.2758 -12.8762
SCALE 1 1 1
X -0.5579 0.4595 0.6911
Y -0.4861 0.4940 -0.7209
Z -0.6726 -0.7381 -0.0523

PART 32
OFFSET 10.3017 -6.7567 -12.0956
SCALE 1 1 1
X 0.4312 -0.8031 0.4111
Y 0.4718 -0.1877 -0.8615
Z 0.7691 0.5654 0.2979

PART 33
OFFSET 10.1211 -7.6703 -15.7378
SCALE 1 1 1
X -0.1435 -0.0918 0.9854
Y -0.6709 0.7410 -0.0287
Z -0.7275 -0.6652 -0.1679

PART 34
OFFSET 9.8408 -7.8495 -13.8128
SCALE 1 1 1
X -0.6058 0.4828 0.6324
Y -0.3100 0.5887 -0.7465
Z -0.7328 -0.6483 -0.2069

PART 35
OFFSET 8.9560 -7.1443 -12.8891
SCALE 1 1 1
X -0.6553 0.7552 0.0165
Y 0.1879 0.1841 -0.9648
Z -0.7316 -0.6291 -0.2625

PART 36
OFFSET 8.2086 -6.2935 -12.8716
SCALE 1 1 1
X 0.4292 -0.6564 0.6204
Y 0.5095 -0.3912 -0.7664
Z 0.7458 0.6450 0.1665

PART 37
OFFSET 9.7841 -2.9124 -16.8900
SCALE 1 1 1
X 0.1257 -0.9919 -0.0168
Y 0.8978 0.1065 0.4274
Z -0.4222 -0.0688 0.9039

PART 38
OFFSET 7.6890 -2.7605 -18.5601
SCALE 1 1 1
X 0.1257 -0.9919 -0.0168
Y 0.8978 0.1065 0.4274
Z -0.4222 -0.0688 0.9039

PART 39
OFFSET 8.6453 -3.5983 -15.2325
SCALE 1 1 1
X 0.1257 -0.9919 -0.0168
Y 0.8978 0.1065 0.4274
Z -0.4222 -0.0688 0.9039

PART 40
OFFSET 7.1214 -3.6743 -15.9234
SCALE 1 1 1
X 0.1257 -0.9919 -0.0168
Y 0.8978 0.1065 0.4274
Z -0.4222 -0.0688 0.9039

PART 41
OFFSET 5.7334 -3.4483 -16.7709
SCALE 1 1 1
X 0.1257 -0.9919 -0.0168
Y 0.8978 0.1065 0.4274
Z -0.4222 -0.0688 0.9039

PART 42
OFFSET 3.7191 -6.4586 -16.3392
SCALE 1 1 1
X 0.9694 0.0156 0.2451
Y -0.0334 0.9971 0.0683
Z -0.2433 -0.0744 0.9671

PART 43
OFFSET -2.1097 -3.5648 -2.9073
SCALE 1 1 1
X 0.7416 0.3901 0.5458
Y 0.0200 -0.8261 0.5632
Z 0.6705 -0.4068 -0.6204

PART 44
OFFSET -11.0788 -8.2822 -9.5075
SCALE 1 1 1
X -0.2739 0.0688 0.9593
Y -0.8923 -0.3905 -0.2267
Z 0.3590 -0.9180 0.1683

PART 45
OFFSET -8.7494 -8.8671 -17.6668
SCALE 1 1 1
X -0.2739 0.0688 0.9593
Y -0.9377 -0.2407 -0.2505
Z 0.2137 -0.9682 0.1304

PART 46
OFFSET -8.1295 -7.6281 -19.0778
SCALE 1 1 1
X -0.2695 0.0736 0.9602
Y -0.3454 0.9234 -0.1678
Z -0.8989 -0.3768 -0.2234

PART 47
OFFSET -6.9485 -7.8832 -19.1226
SCALE 1 1 1
X -0.2695 0.0736 0.9602
Y -0.3454 0.9234 -0.1678
Z -0.8989 -0.3768 -0.2234

PART 48
OFFSET -6.6027 -9.1541 -19.0365
SCALE 1 1 1
X -0.2695 0.0736 0.9602
Y -0.3454 0.9234 -0.1678
Z -0.8989 -0.3768 -0.2234

PART 49
OFFSET -7.9097 -9.0780 -20.6077
SCALE 1 1 1
X -0.9558 -0.2905 -0.0456
Y -0.0144 0.2011 -0.9795
Z 0.2937 -0.9355 -0.1964

PART 50
OFFSET -7.5865 -8.7573 -19.5614
SCALE 1 1 1
X -0.4625 -0.8011 -0.3800
Y 0.3978 0.1956 -0.8964
Z 0.7924 -0.5657 0.2282

PART 51
OFFSET -6.6723 -7.0167 -18.6646
SCALE 1 1 1
X -0.6871 -0.7088 -0.1594
Y 0.3874 -0.1719 -0.9057
Z 0.6146 -0.6841 0.3928

PART 52
OFFSET -5.6087 -5.8060 -18.5054
SCALE 1 1 1
X -0.6910 -0.5852 0.4244
Y -0.0467 -0.5496 -0.8341
Z 0.7214 -0.5962 0.3524

PART 53
OFFSET -4.8937 -5.1365 -18.9662
SCALE 1 1 1
X -0.9831 -0.1623 -0.0850
Y -0.1350 0.9553 -0.2632
Z 0.1239 -0.2472 -0.9610

PART 54
OFFSET -7.1757 -8.4277 -21.5782
SCALE 1 1 1
X -0.7628 -0.3932 0.5133
Y 0.3595 -0.9178 -0.1687
Z 0.5374 0.0558 0.8415

PART 55
OFFSET -5.4275 -7.4236 -22.5882
SCALE 1 1 1
X -0.1157 -0.9796 0.1641
Y 0.5962 -0.2006 -0.7773
Z 0.7944 0.0079 0.6073

PART 56
OFFSET -5.2637 -6.0366 -22.8205
SCALE 1 1 1
X 0.4688 -0.6401 -0.6087
Y 0.4278 0.7674 -0.4775
Z 0.7728 -0.0365 0.6336

PART 57
OFFSET -5.6794 -5.4691 -22.2808
SCALE 1 1 1
X 0.5881 -0.2682 -0.7630
Y 0.1468 0.9631 -0.2254
Z 0.7954 0.0205 0.6058

PART 58
OFFSET -6.2381 -5.2143 -21.5559
SCALE 1 1 1
X -0.6570 -0.4024 0.6375
Y -0.1671 0.9023 0.3974
Z -0.7351 0.1546 -0.6601

PART 59
OFFSET -6.9149 -8.6281 -20.9446
SCALE 1 1 1
X -0.9034 -0.3439 0.2562
Y 0.3136 -0.9373 -0.1523
Z 0.2925 -0.0572 0.9546

PART 60
OFFSET -4.6068 -7.7478 -21.7547
SCALE 1 1 1
X 0.0001 -0.9993 -0.0382
Y 0.7107 0.0269 -0.7030
Z 0.7035 -0.0271 0.7102

PART 61
OFFSET -4.6069 -6.0465 -21.6896
SCALE 1 1 1
X 0.6414 -0.3984 -0.6557
Y 0.3201 0.9156 -0.2432
Z 0.6972 -0.0539 0.7148

PART 62
OFFSET -5.4959 -5.4945 -20.7810
SCALE 1 1 1
X 0.6881 0.3451 -0.6383
Y -0.2151 0.9371 0.2748
Z 0.6931 -0.0518 0.7190

PART 63
OFFSET -6.2421 -5.8687 -20.0886
SCALE 1 1 1
X -0.4068 -0.8206 0.4014
Y -0.6001 0.5713 0.5598
Z -0.6887 -0.0132 -0.7249

PART 64
OFFSET -11.7180 -10.9586 -20.0747
SCALE 1 1 1
X -0.8148 -0.5724 0.0919
Y -0.5591 0.8178 0.1362
Z -0.1531 0.0596 -0.9864

PART 65
OFFSET -4.0655 -8.4453 -19.7642
SCALE 1 1 1
X -0.9645 -0.2504 0.0842
Y 0.2404 -0.9640 -0.1134
Z 0.1096 -0.0891 0.9900

PART 66
OFFSET -2.3674 -8.0045 -19.9124
SCALE 1 1 1
X -0.7216 -0.6906 0.0483
Y 0.6849 -0.7224 -0.0954
Z 0.1008 -0.0358 0.9943

PART 67
OFFSET -1.4840 -7.1671 -19.9108
SCALE 1 1 1
X -0.1851 -0.9790 -0.0851
Y 0.9806 -0.1784 -0.0810
Z 0.0641 -0.0985 0.9931

PART 68
OFFSET -1.2749 -6.0613 -19.8146
SCALE 1 1 1
X -0.8069 0.4520 0.3801
Y 0.4596 0.8848 -0.0766
Z -0.3710 0.1129 -0.9217

PART 69
OFFSET -4.2357 -8.0903 -20.7964
SCALE 1 1 1
X -0.5397 -0.8394 -0.0636
Y 0.8336 -0.5223 -0.1797
Z 0.1177 -0.1500 0.9817

PART 70
OFFSET -3.1813 -6.4504 -20.6722
SCALE 1 1 1
X 0.7197 -0.6655 -0.1979
Y 0.6772 0.7357 -0.0113
Z 0.1531 -0.1259 0.9802

PART 71
OFFSET -4.2325 -5.4783 -20.3832
SCALE 1 1 1
X 0.9652 -0.1900 -0.1796
Y 0.1993 0.9793 0.0348
Z 0.1692 -0.0694 0.9831

PART 72
OFFSET -5.3267 -5.2619 -20.1867
SCALE 1 1 1
X -0.8782 -0.4754 0.0526
Y -0.4549 0.8642 0.2151
Z -0.1477 0.1650 -0.9752

PART 73
OFFSET -8.1295 -7.6281 -19.0778
SCALE 1 1 1
X -0.2695 0.0736 0.9602
Y -0.3454 0.9234 -0.1678
Z -0.8989 -0.3768 -0.2234

PART 74
OFFSET -6.9485 -7.8832 -19.1226
SCALE 1 1 1
X -0.2695 0.0736 0.9602
Y -0.3454 0.9234 -0.1678
Z -0.8989 -0.3768 -0.2234

PART 75
OFFSET -6.6027 -9.1541 -19.0365
SCALE 1 1 1
X -0.2695 0.0736 0.9602
Y -0.3454 0.9234 -0.1678
Z -0.8989 -0.3768 -0.2234

PART 76
OFFSET 0.0000 0.0000 0.0000
SCALE 1 1 1
X 1.0000 0.0000 0.0000
Y 0.0000 1.0000 0.0000
Z 0.0000 0.0000 1.0000

PART 77
OFFSET 0.0000 0.0000 0.0000
SCALE 1 1 1
X 0.9954 0.0000 -0.0954
Y 0.0000 1.0000 0.0000
Z 0.0954 0.0000 0.9954

PART 78
OFFSET 1.9279 0.0000 3.9699
SCALE 1 1 1
X 0.9954 0.0000 -0.0954
Y 0.0000 1.0000 0.0000
Z 0.0954 0.0000 0.9954

PART 79
OFFSET 3.7191 -6.4586 -16.3392
SCALE 1 1 1
X 0.9694 0.0156 0.2451
Y -0.0334 0.9971 0.0683
Z -0.2433 -0.0744 0.9671

PART 80
OFFSET 2.7397 -6.8664 -19.7643
SCALE 1 1 1
X -0.1188 -0.8942 0.4316
Y 0.9581 0.0108 0.2861
Z -0.2605 0.4475 0.8555

PART 81
OFFSET 3.2466 -8.3500 -15.4643
SCALE 1 1 1
X 0.9642 0.0141 0.2648
Y -0.0334 0.9971 0.0683
Z -0.2631 -0.0747 0.9619

PART 82
OFFSET 30.3486 -6.1363 -8.0425
SCALE 1 1 1
X 0.9694 0.0156 0.2451
Y -0.0334 0.9971 0.0683
Z -0.2433 -0.0744 0.9671

PART 83
OFFSET 1.2253 -6.5355 -16.9040
SCALE 1 1 1
X 0.9734 -0.0469 0.2243
Y 0.0304 0.9966 0.0764
Z -0.2271 -0.0675 0.9715

PART 84
OFFSET 1.6332 -6.5519 -16.5483
SCALE 1 1 1
X 0.9694 0.0156 0.2451
Y -0.0334 0.9971 0.0683
Z -0.2433 -0.0744 0.9671

PART 85
OFFSET -2.6804 -6.6707 -16.1957
SCALE 1 1 1
X 0.9694 0.0156 0.2451
Y -0.0334 0.9971 0.0683
Z -0.2433 -0.0744 0.9671

PART 86
OFFSET 26.5354 -6.1119 -10.2595
SCALE 1 1 1
X 0.9642 0.0141 0.2648
Y -0.0334 0.9971 0.0683
Z -0.2631 -0.0747 0.9619

PART 87
OFFSET 77.8001 -1.0799 1.7317
SCALE 1 1 1
X 0.9707 0.0983 0.2193
Y -0.1111 0.9927 0.0469
Z -0.2131 -0.0699 0.9745

PART 88
OFFSET 39.2844 -6.0042 -5.6074
SCALE 1 1 1
X 0.9642 0.0141 0.2648
Y -0.0334 0.9971 0.0683
Z -0.2631 -0.0747 0.9619

PART 89
OFFSET -0.5808 -5.2708 -16.4562
SCALE 1 1 1
X 0.9694 0.0156 0.2451
Y -0.0334 0.9971 0.0683
Z -0.2433 -0.0744 0.9671

PART 90
OFFSET 8.9770 -6.8422 -14.1726
SCALE 1 1 1
X 0.9694 0.0156 0.2451
Y -0.0334 0.9971 0.0683
Z -0.2433 -0.0744 0.9671

PART 91
OFFSET 31.8533 -6.1218 -7.5193
SCALE 1 1 1
X 0.9642 0.0141 0.2648
Y -0.0334 0.9971 0.0683
Z -0.2631 -0.0747 0.9619


FRAME 707
PART 0
OFFSET 8.3745 -5.8226 -16.3741
SCALE 1 1 1
X 0.3361 -0.8648 0.3731
Y -0.4509 0.2000 0.8699
Z -0.8269 -0.4606 -0.3227

PART 1
OFFSET 8.3745 -5.8226 -16.3741
SCALE 1 1 1
X 0.3361 -0.8648 0.3731
Y -0.4509 0.2000 0.8699
Z -0.8269 -0.4606 -0.3227

PART 2
OFFSET -6.8314 -8.6293 -20.8853
SCALE 1 1 1
X -0.9078 -0.3430 0.2412
Y 0.3150 -0.9375 -0.1476
Z 0.2768 -0.0581 0.9592

PART 3
OFFSET -6.8314 -8.6293 -20.8853
SCALE 1 1 1
X -0.9078 -0.3430 0.2412
Y 0.3150 -0.9375 -0.1476
Z 0.2768 -0.0581 0.9592

PART 4
OFFSET 6.2061 -3.1050 -3.3894
SCALE 1 1 1
X 1.0000 0.0000 0.0000
Y 0.0000 1.0000 0.0000
Z 0.0000 -0.0000 1.0000

PART 5
OFFSET 1.6245 4.2672 -6.2573
SCALE 1 1 1
X 0.4142 0.1977 -0.8884
Y -0.6679 -0.5971 -0.4443
Z -0.6183 0.7774 -0.1153

PART 6
OFFSET 6.6339 6.6584 -17.0021
SCALE 1 1 1
X 0.1236 -0.9922 0.0147
Y -0.4393 -0.0414 0.8974
Z -0.8898 -0.1174 -0.4410

PART 7
OFFSET 7.6853 -1.7809 -16.8771
SCALE 1 1 1
X 0.1236 -0.9922 0.0147
Y 0.9017 0.1185 0.4159
Z -0.4144 -0.0382 0.9093

PART 8
OFFSET 9.8010 -2.9212 -16.6289
SCALE 1 1 1
X 0.1287 -0.9916 0.0106
Y 0.8957 0.1208 0.4280
Z -0.4257 -0.0456 0.9037

PART 9
OFFSET 7.7124 -2.8209 -18.3110
SCALE 1 1 1
X 0.1287 -0.9916 0.0106
Y 0.8957 0.1208 0.4280
Z -0.4257 -0.0456 0.9037

PART 10
OFFSET 8.6574 -3.5655 -14.9581
SCALE 1 1 1
X 0.1287 -0.9916 0.0106
Y 0.8957 0.1208 0.4280
Z -0.4257 -0.0456 0.9037

PART 11
OFFSET 7.1366 -3.6649 -15.6528
SCALE 1 1 1
X 0.1287 -0.9916 0.0106
Y 0.8957 0.1208 0.4280
Z -0.4257 -0.0456 0.9037

PART 12
OFFSET 5.7515 -3.4661 -16.5116
SCALE 1 1 1
X 0.1287 -0.9916 0.0106
Y 0.8957 0.1208 0.4280
Z -0.4257 -0.0456 0.9037

PART 13
OFFSET 8.0643 -4.8227 -16.8320
SCALE 1 1 1
X 0.5825 -0.6859 0.4361
Y 0.7026 0.6947 0.1540
Z -0.4086 0.2167 0.8866

PART 14
OFFSET 8.8366 -4.3719 -16.1231
SCALE 1 1 1
X 0.3193 -0.1586 0.9343
Y 0.3912 0.9200 0.0225
Z -0.8631 0.3583 0.3558

PART 15
OFFSET 9.5166 -4.6024 -14.0849
SCALE 1 1 1
X 0.3677 -0.4122 0.8336
Y 0.2707 0.9050 0.3280
Z -0.8896 0.1050 0.4444

PART 16
OFFSET 9.9945 -5.3100 -12.7090
SCALE 1 1 1
X 0.0422 -0.8020 0.5958
Y 0.4103 0.5576 0.7216
Z -0.9110 0.2140 0.3526

PART 17
OFFSET 10.0054 -6.1580 -12.0363
SCALE 1 1 1
X 0.7009 -0.6146 0.3620
Y 0.5448 0.1337 -0.8278
Z 0.4604 0.7774 0.4285

PART 18
OFFSET 7.7223 -6.1032 -16.4486
SCALE 1 1 1
X 0.0590 -0.9496 0.3078
Y -0.4651 0.2466 0.8502
Z -0.8833 -0.1933 -0.4271

PART 19
OFFSET 7.9265 -8.1785 -15.5907
SCALE 1 1 1
X -0.3712 0.1052 0.9226
Y -0.3199 0.9182 -0.2335
Z -0.8717 -0.3818 -0.3072

PART 20
OFFSET 7.4009 -8.0295 -14.2845
SCALE 1 1 1
X -0.4479 0.5315 0.7190
Y -0.1511 0.7476 -0.6468
Z -0.8812 -0.3983 -0.2545

PART 21
OFFSET 7.0038 -7.5582 -13.6471
SCALE 1 1 1
X -0.4602 0.7580 0.4622
