// Export filename: `C:/cod5/cod/cod5/xanim_export/viewmodel/US/m1garand/viewmodel_m1garand_grenade_putaway_empty.XANIM_EXPORT`
// Source filename: `C:/cod5/cod/cod5/animation_assets/viewmodel/US/m1_garand/viewmodelanimation_m1garand.mb`
// Export time: Fri Aug 29 00:38:29 2008

ANIMATION
VERSION 3

NUMPARTS 92
PART 0 "RingPalm_FK_LE"
PART 1 "RingPalm_SDK_LE"
PART 2 "RingPalm_FK_RI"
PART 3 "RingPalm_SDK_RI"
PART 4 "tag_torso"
PART 5 "J_Shoulder_LE"
PART 6 "J_Elbow_LE"
PART 7 "J_WristTwist_LE"
PART 8 "J_Sleave_Reshape_Bottom_LE_1"
PART 9 "J_Sleave_Reshape_Bottom_LE_2"
PART 10 "J_Sleave_Reshape_Top_LE_1"
PART 11 "J_Sleave_Reshape_Top_LE_2"
PART 12 "J_Sleave_Reshape_Top_LE_3"
PART 13 "J_Wrist_LE"
PART 14 "J_Thumb_LE_0"
PART 15 "J_Thumb_LE_1"
PART 16 "J_Thumb_LE_2"
PART 17 "J_Thumb_LE_3"
PART 18 "J_PinkyPalm_LE"
PART 19 "J_Pinky_LE_0"
PART 20 "J_Pinky_LE_1"
PART 21 "J_Ring_RI_2"
PART 22 "J_Ring_RI_3"
PART 23 "J_Webbing_RI"
PART 24 "J_Index_RI_0"
PART 25 "J_Index_RI_1"
PART 26 "J_Index_RI_2"
PART 27 "J_Index_RI_3"
PART 28 "J_Mid_RI_0"
PART 29 "J_Mid_RI_1"
PART 30 "J_Mid_RI_2"
PART 31 "J_Mid_RI_3"
PART 32 "D_Sleave_Reshape_Top_RI_3"
PART 33 "D_Sleave_Reshape_Top_RI_2"
PART 34 "D_Sleave_Reshape_Top_RI_1"
PART 35 "tag_cambone"
PART 36 "tag_camera"
PART 37 "tag_gasmask"
PART 38 "J_Pinky_LE_2"
PART 39 "J_Pinky_LE_3"
PART 40 "J_RingPalm_LE"
PART 41 "J_Ring_LE_0"
PART 42 "J_Ring_LE_1"
PART 43 "J_Ring_LE_2"
PART 44 "J_Ring_LE_3"
PART 45 "J_Webbing_LE"
PART 46 "J_Index_LE_0"
PART 47 "J_Index_LE_1"
PART 48 "J_Index_LE_2"
PART 49 "J_Index_LE_3"
PART 50 "J_Mid_LE_0"
PART 51 "J_Mid_LE_1"
PART 52 "J_Mid_LE_2"
PART 53 "J_Mid_LE_3"
PART 54 "D_Sleave_Reshape_Bottom_LE_1"
PART 55 "D_Sleave_Reshape_Bottom_LE_2"
PART 56 "D_Sleave_Reshape_Top_LE_1"
PART 57 "D_Sleave_Reshape_Top_LE_2"
PART 58 "D_Sleave_Reshape_Top_LE_3"
PART 59 "tag_weapon"
PART 60 "J_Shoulder_RI"
PART 61 "J_Elbow_RI"
PART 62 "J_WristTwist_RI"
PART 63 "J_Sleave_Reshape_Top_RI_3"
PART 64 "J_Sleave_Reshape_Top_RI_2"
PART 65 "J_Sleave_Reshape_Top_RI_1"
PART 66 "J_Wrist_RI"
PART 67 "J_Thumb_RI_0"
PART 68 "J_Thumb_RI_1"
PART 69 "J_Thumb_RI_2"
PART 70 "J_Thumb_RI_3"
PART 71 "J_PinkyPalm_RI"
PART 72 "J_Pinky_RI_0"
PART 73 "J_Pinky_RI_1"
PART 74 "J_Pinky_RI_2"
PART 75 "J_Pinky_RI_3"
PART 76 "J_RingPalm_RI"
PART 77 "J_Ring_RI_0"
PART 78 "J_Ring_RI_1"
PART 79 "J_Gun"
PART 80 "tag_brass"
PART 81 "J_Bolt"
PART 82 "tag_flash"
PART 83 "j_stripper"
PART 84 "J_Clip"
PART 85 "TAG_APERTURE"
PART 86 "tag_bayonet"
PART 87 "tag_grenade"
PART 88 "tag_grenade_mount"
PART 89 "TAG_TELESCOPIC"
PART 90 "TAG_IRON_SIGHTS"
PART 91 "TAG_SUPPRESSOR"

FRAMERATE 24
NUMFRAMES 11

FRAME 1450
PART 0
OFFSET 14.6075 -5.6761 -15.4679
SCALE 1 1 1
X 0.3506 -0.8635 0.3625
Y -0.4216 0.2000 0.8844
Z -0.8362 -0.4629 -0.2939

PART 1
OFFSET 14.6075 -5.6761 -15.4679
SCALE 1 1 1
X 0.3506 -0.8635 0.3625
Y -0.4216 0.2000 0.8844
Z -0.8362 -0.4629 -0.2939

PART 2
OFFSET -0.7360 -8.5235 -19.4575
SCALE 1 1 1
X -0.8983 -0.3448 0.2723
Y 0.3120 -0.9370 -0.1572
Z 0.3093 -0.0562 0.9493

PART 3
OFFSET -0.7360 -8.5235 -19.4575
SCALE 1 1 1
X -0.8983 -0.3448 0.2723
Y 0.3120 -0.9370 -0.1572
Z 0.3093 -0.0562 0.9493

PART 4
OFFSET 6.2061 -3.1050 -3.3894
SCALE 1 1 1
X 1.0000 0.0000 0.0000
Y 0.0000 1.0000 0.0000
Z 0.0000 -0.0000 1.0000

PART 5
OFFSET 1.6245 4.2672 -6.2573
SCALE 1 1 1
X 0.4797 0.0273 -0.8770
Y -0.3540 -0.9086 -0.2218
Z -0.8029 0.4168 -0.4262

PART 6
OFFSET 7.4257 4.5970 -16.8639
SCALE 1 1 1
X 0.5923 -0.8015 0.0819
Y -0.3737 -0.1833 0.9093
Z -0.7138 -0.5692 -0.4081

PART 7
OFFSET 12.4637 -2.2203 -16.1672
SCALE 1 1 1
X 0.5923 -0.8015 0.0819
Y 0.7743 0.5944 0.2170
Z -0.2226 -0.0651 0.9727

PART 8
OFFSET 14.8636 -2.1613 -15.8940
SCALE 1 1 1
X 0.5965 -0.7988 0.0776
Y 0.7174 0.5740 0.3948
Z -0.3599 -0.1798 0.9155

PART 9
OFFSET 13.0124 -3.2188 -17.5238
SCALE 1 1 1
X 0.5965 -0.7988 0.0776
Y 0.7174 0.5740 0.3948
Z -0.3599 -0.1798 0.9155

PART 10
OFFSET 14.1607 -3.1547 -14.1523
SCALE 1 1 1
X 0.5965 -0.7988 0.0776
Y 0.7174 0.5740 0.3948
Z -0.3599 -0.1798 0.9155

PART 11
OFFSET 12.8906 -4.0350 -14.7983
SCALE 1 1 1
X 0.5965 -0.7988 0.0776
Y 0.7174 0.5740 0.3948
Z -0.3599 -0.1798 0.9155

PART 12
OFFSET 11.5952 -4.6021 -15.6325
SCALE 1 1 1
X 0.5965 -0.7988 0.0776
Y 0.7174 0.5740 0.3948
Z -0.3599 -0.1798 0.9155

PART 13
OFFSET 14.2796 -4.6775 -15.9160
SCALE 1 1 1
X 0.5986 -0.6840 0.4169
Y 0.7058 0.6965 0.1293
Z -0.3788 0.2169 0.8997

PART 14
OFFSET 15.0745 -4.2240 -15.2343
SCALE 1 1 1
X 0.3512 -0.1567 0.9231
Y 0.3896 0.9210 0.0082
Z -0.8514 0.3567 0.3845

PART 15
OFFSET 15.8237 -4.4505 -13.2201
SCALE 1 1 1
X 0.3968 -0.4103 0.8211
Y 0.2796 0.9061 0.3176
Z -0.8743 0.1035 0.4742

PART 16
OFFSET 16.3497 -5.1553 -11.8604
SCALE 1 1 1
X 0.0643 -0.8012 0.5949
Y 0.4333 0.5594 0.7066
Z -0.8990 0.2124 0.3831

PART 17
OFFSET 16.3854 -6.0025 -11.1874
SCALE 1 1 1
X 0.7142 -0.6126 0.3387
Y 0.5161 0.1339 -0.8460
Z 0.4729 0.7790 0.4118

PART 18
OFFSET 13.9538 -5.9583 -15.5198
SCALE 1 1 1
X 0.0716 -0.9491 0.3067
Y -0.4365 0.2466 0.8652
Z -0.8968 -0.1958 -0.3967

PART 19
OFFSET 14.1919 -8.0320 -14.6670
SCALE 1 1 1
X -0.3400 0.1055 0.9345
Y -0.3298 0.9172 -0.2235
Z -0.8807 -0.3842 -0.2770

PART 20
OFFSET 13.7106 -7.8827 -13.3439
SCALE 1 1 1
X -0.4245 0.5313 0.7331
Y -0.1747 0.7464 -0.6421
Z -0.8884 -0.4007 -0.2241

PART 21
OFFSET 0.6818 -5.3881 -19.3207
SCALE 1 1 1
X 0.6763 0.3455 -0.6506
Y -0.2114 0.9370 0.2780
Z 0.7057 -0.0505 0.7068

PART 22
OFFSET -0.0516 -5.7628 -18.6151
SCALE 1 1 1
X -0.3987 -0.8209 0.4090
Y -0.5909 0.5710 0.5700
Z -0.7014 -0.0145 -0.7126

PART 23
OFFSET -5.5202 -10.8593 -18.5017
SCALE 1 1 1
X -0.8124 -0.5733 0.1065
Y -0.5576 0.8172 0.1456
Z -0.1705 0.0588 -0.9836

PART 24
OFFSET 2.1335 -8.3365 -18.3274
SCALE 1 1 1
X -0.9625 -0.2515 0.1013
Y 0.2395 -0.9638 -0.1170
Z 0.1271 -0.0883 0.9880

PART 25
OFFSET 3.8282 -7.8937 -18.5058
SCALE 1 1 1
X -0.7198 -0.6914 0.0615
Y 0.6840 -0.7216 -0.1070
Z 0.1184 -0.0350 0.9924

PART 26
OFFSET 4.7105 -7.0553 -18.5202
SCALE 1 1 1
X -0.1854 -0.9793 -0.0813
Y 0.9793 -0.1773 -0.0981
Z 0.0817 -0.0978 0.9919

PART 27
OFFSET 4.9199 -5.9492 -18.4284
SCALE 1 1 1
X -0.8007 0.4513 0.3940
Y 0.4571 0.8853 -0.0852
Z -0.3873 0.1119 -0.9152

PART 28
OFFSET 1.9447 -7.9824 -19.3567
SCALE 1 1 1
X -0.5397 -0.8401 -0.0536
Y 0.8309 -0.5214 -0.1940
Z 0.1351 -0.1492 0.9795

PART 29
OFFSET 2.9991 -6.3411 -19.2521
SCALE 1 1 1
X 0.7169 -0.6648 -0.2101
Y 0.6760 0.7365 -0.0237
Z 0.1705 -0.1251 0.9774

PART 30
OFFSET 1.9521 -5.3701 -18.9452
SCALE 1 1 1
X 0.9621 -0.1889 -0.1964
Y 0.1986 0.9796 0.0307
Z 0.1866 -0.0686 0.9800

PART 31
OFFSET 0.8611 -5.1550 -18.7297
SCALE 1 1 1
X -0.8766 -0.4764 0.0683
Y -0.4521 0.8638 0.2226
Z -0.1650 0.1642 -0.9725

PART 32
OFFSET -2.7996 -7.5928 -17.8775
SCALE 1 1 1
X -0.6810 0.0039 0.7322
Y -0.3169 0.8999 -0.2995
Z -0.6601 -0.4361 -0.6117

PART 33
OFFSET -1.7065 -7.8174 -17.3788
SCALE 1 1 1
X -0.6810 0.0039 0.7322
Y -0.3169 0.8999 -0.2995
Z -0.6601 -0.4361 -0.6117

PART 34
OFFSET -1.2767 -9.1122 -17.1138
SCALE 1 1 1
X -0.6810 0.0039 0.7322
Y -0.3169 0.8999 -0.2995
Z -0.6601 -0.4361 -0.6117

PART 35
OFFSET 0.0000 0.0000 0.0000
SCALE 1 1 1
X 1.0000 0.0000 0.0000
Y 0.0000 1.0000 0.0000
Z 0.0000 0.0000 1.0000

PART 36
OFFSET 0.0000 0.0000 0.0000
SCALE 1 1 1
X 1.0000 0.0000 0.0000
Y 0.0000 1.0000 0.0000
Z 0.0000 0.0000 1.0000

PART 37
OFFSET 1.5404 0.0000 4.1357
SCALE 1 1 1
X 1.0000 0.0000 0.0000
Y 0.0000 1.0000 0.0000
Z 0.0000 0.0000 1.0000

PART 38
OFFSET 13.3342 -7.4116 -12.6939
SCALE 1 1 1
X -0.4461 0.7575 0.4767
Y 0.0377 0.5480 -0.8356
Z -0.8942 -0.3548 -0.2730

PART 39
OFFSET 12.9104 -6.6920 -12.2410
SCALE 1 1 1
X 0.4468 -0.8721 0.1994
Y 0.2025 -0.1186 -0.9721
Z 0.8714 0.4748 0.1236

PART 40
OFFSET 14.6075 -5.6761 -15.4679
SCALE 1 1 1
X 0.3506 -0.8635 0.3625
Y -0.4216 0.2000 0.8844
Z -0.8362 -0.4629 -0.2939

PART 41
OFFSET 15.4026 -7.9905 -14.5903
SCALE 1 1 1
X -0.3095 0.0467 0.9497
Y -0.3960 0.9017 -0.1734
Z -0.8645 -0.4298 -0.2606

PART 42
OFFSET 14.8756 -7.9109 -12.9734
SCALE 1 1 1
X -0.4595 0.5362 0.7081
Y -0.1833 0.7228 -0.6663
Z -0.8691 -0.4359 -0.2338

PART 43
OFFSET 14.2388 -7.1677 -11.9920
SCALE 1 1 1
X -0.4836 0.8574 0.1762
Y 0.1266 0.2677 -0.9552
Z -0.8661 -0.4396 -0.2380

PART 44
OFFSET 13.7144 -6.2379 -11.8010
SCALE 1 1 1
X 0.2813 -0.8770 0.3896
Y 0.4179 -0.2535 -0.8724
Z 0.8638 0.4082 0.2952

PART 45
OFFSET 17.0426 -5.5639 -13.9433
SCALE 1 1 1
X 0.3214 -0.7180 0.6174
Y 0.5637 -0.3789 -0.7340
Z 0.7609 0.5839 0.2830

PART 46
OFFSET 17.2852 -6.8980 -14.5284
SCALE 1 1 1
X 0.1706 -0.2604 0.9503
Y -0.7157 0.6302 0.3011
Z -0.6772 -0.7315 -0.0789

PART 47
OFFSET 17.5856 -7.3564 -12.8552
SCALE 1 1 1
X -0.3093 0.1362 0.9412
Y -0.7048 0.6316 -0.3230
Z -0.6384 -0.7633 -0.0994

PART 48
OFFSET 17.2483 -7.1445 -11.7050
SCALE 1 1 1
X -0.5463 0.4593 0.7005
Y -0.4993 0.4929 -0.7126
Z -0.6726 -0.7390 -0.0400

PART 49
OFFSET 16.6313 -6.6257 -10.9137
SCALE 1 1 1
X 0.4394 -0.8024 0.4040
Y 0.4568 -0.1877 -0.8696
Z 0.7735 0.5666 0.2840

PART 50
OFFSET 16.3878 -7.5418 -14.5517
SCALE 1 1 1
X -0.1260 -0.0913 0.9878
Y -0.6722 0.7401 -0.0173
Z -0.7295 -0.6662 -0.1546

PART 51
OFFSET 16.1416 -7.7201 -12.6219
SCALE 1 1 1
X -0.5951 0.4825 0.6426
Y -0.3238 0.5879 -0.7413
Z -0.7355 -0.6493 -0.1936

PART 52
OFFSET 15.2723 -7.0154 -11.6833
SCALE 1 1 1
X -0.6558 0.7544 0.0276
Y 0.1706 0.1837 -0.9681
Z -0.7354 -0.6302 -0.2492

PART 53
OFFSET 14.5242 -6.1655 -11.6531
SCALE 1 1 1
X 0.4409 -0.6555 0.6131
Y 0.4964 -0.3911 -0.7750
Z 0.7478 0.6460 0.1530

PART 54
OFFSET 14.8636 -2.1613 -15.8940
SCALE 1 1 1
X 0.5965 -0.7988 0.0776
Y 0.7174 0.5740 0.3948
Z -0.3599 -0.1798 0.9155

PART 55
OFFSET 13.0124 -3.2188 -17.5238
SCALE 1 1 1
X 0.5965 -0.7988 0.0776
Y 0.7174 0.5740 0.3948
Z -0.3599 -0.1798 0.9155

PART 56
OFFSET 14.1607 -3.1547 -14.1523
SCALE 1 1 1
X 0.5965 -0.7988 0.0776
Y 0.7174 0.5740 0.3948
Z -0.3599 -0.1798 0.9155

PART 57
OFFSET 12.8906 -4.0350 -14.7983
SCALE 1 1 1
X 0.5965 -0.7988 0.0776
Y 0.7174 0.5740 0.3948
Z -0.3599 -0.1798 0.9155

PART 58
OFFSET 11.5952 -4.6021 -15.6325
SCALE 1 1 1
X 0.5965 -0.7988 0.0776
Y 0.7174 0.5740 0.3948
Z -0.3599 -0.1798 0.9155

PART 59
OFFSET 9.9747 -6.3383 -15.0411
SCALE 1 1 1
X 0.9735 0.0170 0.2280
Y -0.0334 0.9971 0.0683
Z -0.2262 -0.0741 0.9713

PART 60
OFFSET -2.1097 -3.5648 -2.9073
SCALE 1 1 1
X 0.6226 0.4485 0.6412
Y -0.0797 -0.7789 0.6221
Z 0.7785 -0.4384 -0.4492

PART 61
OFFSET -9.6394 -8.9892 -10.6624
SCALE 1 1 1
X -0.6840 -0.0013 0.7294
Y -0.6514 -0.4490 -0.6117
Z 0.3283 -0.8936 0.3063

PART 62
OFFSET -3.8213 -8.9783 -16.8666
SCALE 1 1 1
X -0.6840 -0.0013 0.7294
Y -0.7269 -0.0814 -0.6819
Z 0.0603 -0.9967 0.0548

PART 63
OFFSET -2.7996 -7.5928 -17.8775
SCALE 1 1 1
X -0.6810 0.0039 0.7322
Y -0.3169 0.8999 -0.2995
Z -0.6601 -0.4361 -0.6117

PART 64
OFFSET -1.7065 -7.8174 -17.3788
SCALE 1 1 1
X -0.6810 0.0039 0.7322
Y -0.3169 0.8999 -0.2995
Z -0.6601 -0.4361 -0.6117

PART 65
OFFSET -1.2767 -9.1122 -17.1138
SCALE 1 1 1
X -0.6810 0.0039 0.7322
Y -0.3169 0.8999 -0.2995
Z -0.6601 -0.4361 -0.6117

PART 66
OFFSET -1.7242 -8.9744 -19.1028
SCALE 1 1 1
X -0.9561 -0.2917 -0.0286
Y -0.0318 0.2005 -0.9792
Z 0.2914 -0.9353 -0.2010

PART 67
OFFSET -1.3830 -8.6526 -18.0625
SCALE 1 1 1
X -0.4681 -0.8019 -0.3713
Y 0.3817 0.1955 -0.9034
Z 0.7970 -0.5646 0.2146

PART 68
OFFSET -0.4553 -6.9103 -17.1831
SCALE 1 1 1
X -0.6890 -0.7098 -0.1468
Y 0.3716 -0.1720 -0.9123
Z 0.6223 -0.6831 0.3823

PART 69
OFFSET 0.6094 -5.6983 -17.0433
SCALE 1 1 1
X -0.6827 -0.5858 0.4368
Y -0.0607 -0.5502 -0.8328
Z 0.7282 -0.5951 0.3401

PART 70
OFFSET 1.3154 -5.0282 -17.5171
SCALE 1 1 1
X -0.9842 -0.1636 -0.0676
Y -0.1407 0.9549 -0.2613
Z 0.1073 -0.2477 -0.9629

PART 71
OFFSET -1.0081 -8.3239 -20.0865
SCALE 1 1 1
X -0.7532 -0.3938 0.5269
Y 0.3576 -0.9174 -0.1745
Z 0.5521 0.0570 0.8318

PART 72
OFFSET 0.7208 -7.3183 -21.1277
SCALE 1 1 1
X -0.1116 -0.9797 0.1667
Y 0.5827 -0.2004 -0.7876
Z 0.8050 0.0093 0.5932

PART 73
OFFSET 0.8788 -5.9313 -21.3637
SCALE 1 1 1
X 0.4588 -0.6399 -0.6164
Y 0.4184 0.7676 -0.4855
Z 0.7839 -0.0352 0.6199

PART 74
OFFSET 0.4720 -5.3639 -20.8171
SCALE 1 1 1
X 0.5749 -0.2680 -0.7731
Y 0.1417 0.9632 -0.2285
Z 0.8059 0.0219 0.5917

PART 75
OFFSET -0.0742 -5.1093 -20.0827
SCALE 1 1 1
X -0.6452 -0.4028 0.6492
Y -0.1612 0.9024 0.3997
Z -0.7468 0.1533 -0.6471

PART 76
OFFSET -0.7360 -8.5235 -19.4575
SCALE 1 1 1
X -0.8983 -0.3448 0.2723
Y 0.3120 -0.9370 -0.1572
Z 0.3093 -0.0562 0.9493

PART 77
OFFSET 1.5564 -7.6410 -20.3086
SCALE 1 1 1
X 0.0006 -0.9993 -0.0376
Y 0.6982 0.0274 -0.7154
Z 0.7159 -0.0258 0.6977

PART 78
OFFSET 1.5554 -5.9396 -20.2445
SCALE 1 1 1
X 0.6303 -0.3980 -0.6666
Y 0.3146 0.9159 -0.2493
Z 0.7097 -0.0526 0.7025

PART 79
OFFSET 9.9747 -6.3383 -15.0411
SCALE 1 1 1
X 0.9735 0.0170 0.2280
Y -0.0334 0.9971 0.0683
Z -0.2262 -0.0741 0.9713

PART 80
OFFSET 8.9357 -6.7494 -18.4482
SCALE 1 1 1
X -0.1101 -0.8941 0.4342
Y 0.9630 0.0122 0.2692
Z -0.2460 0.4478 0.8596

PART 81
OFFSET 9.5200 -8.2296 -14.1569
SCALE 1 1 1
X 0.9687 0.0154 0.2478
Y -0.0334 0.9971 0.0683
Z -0.2460 -0.0744 0.9664

PART 82
OFFSET 36.7456 -5.9785 -7.2143
SCALE 1 1 1
X 0.9735 0.0170 0.2280
Y -0.0334 0.9971 0.0683
Z -0.2262 -0.0741 0.9713

PART 83
OFFSET 2.0452 -5.6088 -17.6694
SCALE 1 1 1
X 0.2993 0.1995 0.9331
Y -0.7061 0.7040 0.0760
Z -0.6418 -0.6816 0.3516

PART 84
OFFSET 2.1275 -5.5869 -17.7302
SCALE 1 1 1
X 0.3383 0.2280 0.9130
Y -0.6778 0.7321 0.0683
Z -0.6528 -0.6419 0.4022

PART 85
OFFSET 3.5790 -6.5580 -14.7850
SCALE 1 1 1
X 0.9735 0.0170 0.2280
Y -0.0334 0.9971 0.0683
Z -0.2262 -0.0741 0.9713

PART 86
OFFSET 32.8940 -5.9601 -9.3639
SCALE 1 1 1
X 0.9687 0.0154 0.2478
Y -0.0334 0.9971 0.0683
Z -0.2460 -0.0744 0.9664

PART 87
OFFSET -195.2711 -4.9703 -43.8266
SCALE 1 1 1
X 0.9687 0.0154 0.2478
Y -0.0334 0.9971 0.0683
Z -0.2460 -0.0744 0.9664

PART 88
OFFSET 45.7227 -5.8340 -4.9369
SCALE 1 1 1
X 0.9687 0.0154 0.2478
Y -0.0334 0.9971 0.0683
Z -0.2460 -0.0744 0.9664

PART 89
OFFSET 5.6719 -5.1557 -15.0832
SCALE 1 1 1
X 0.9735 0.0170 0.2280
Y -0.0334 0.9971 0.0683
Z -0.2262 -0.0741 0.9713

PART 90
OFFSET 15.2704 -6.7142 -12.9671
SCALE 1 1 1
X 0.9735 0.0170 0.2280
Y -0.0334 0.9971 0.0683
Z -0.2262 -0.0741 0.9713

PART 91
OFFSET 38.2593 -5.9618 -6.7176
SCALE 1 1 1
X 0.9687 0.0154 0.2478
Y -0.0334 0.9971 0.0683
Z -0.2460 -0.0744 0.9664


FRAME 1451
PART 0
OFFSET 14.6018 -5.6405 -13.4378
SCALE 1 1 1
X 0.4164 -0.8580 0.3007
Y -0.2668 0.2009 0.9426
Z -0.8691 -0.4727 -0.1453

PART 1
OFFSET 14.6018 -5.6405 -13.4378
SCALE 1 1 1
X 0.4164 -0.8580 0.3007
Y -0.2668 0.2009 0.9426
Z -0.8691 -0.4727 -0.1453

PART 2
OFFSET -1.1680 -8.6429 -14.7770
SCALE 1 1 1
X -0.8368 -0.3498 0.4212
Y 0.2901 -0.9357 -0.2006
Z 0.4643 -0.0457 0.8845

PART 3
OFFSET -1.1680 -8.6429 -14.7770
SCALE 1 1 1
X -0.8368 -0.3498 0.4212
Y 0.2901 -0.9357 -0.2006
Z 0.4643 -0.0457 0.8845

PART 4
OFFSET 6.2061 -3.1050 -3.3894
SCALE 1 1 1
X 1.0000 0.0000 0.0000
Y 0.0000 1.0000 0.0000
Z 0.0000 -0.0000 1.0000

PART 5
OFFSET 1.6245 4.2672 -6.2573
SCALE 1 1 1
X 0.5000 0.0160 -0.8659
Y -0.3094 -0.9306 -0.1958
Z -0.8089 0.3658 -0.4604

PART 6
OFFSET 7.6716 4.4606 -16.7291
SCALE 1 1 1
X 0.5635 -0.7871 0.2508
Y -0.4714 -0.0570 0.8801
Z -0.6785 -0.6141 -0.4031

PART 7
OFFSET 12.4642 -2.2344 -14.5956
SCALE 1 1 1
X 0.5635 -0.7871 0.2508
Y 0.7995 0.5960 0.0743
Z -0.2080 0.1587 0.9652

PART 8
OFFSET 14.8225 -2.1550 -14.0765
SCALE 1 1 1
X 0.5681 -0.7851 0.2467
Y 0.6836 0.6171 0.3897
Z -0.4582 -0.0528 0.8873

PART 9
OFFSET 13.1319 -3.4096 -15.7407
SCALE 1 1 1
X 0.5681 -0.7851 0.2467
Y 0.6836 0.6171 0.3897
Z -0.4582 -0.0528 0.8873

PART 10
OFFSET 13.9191 -2.9007 -12.3040
SCALE 1 1 1
X 0.5681 -0.7851 0.2467
Y 0.6836 0.6171 0.3897
Z -0.4582 -0.0528 0.8873

PART 11
OFFSET 12.7061 -3.8515 -12.9599
SCALE 1 1 1
X 0.5681 -0.7851 0.2467
Y 0.6836 0.6171 0.3897
Z -0.4582 -0.0528 0.8873

PART 12
OFFSET 11.4944 -4.5170 -13.8456
SCALE 1 1 1
X 0.5681 -0.7851 0.2467
Y 0.6836 0.6171 0.3897
Z -0.4582 -0.0528 0.8873

PART 13
OFFSET 14.1916 -4.6475 -13.8266
SCALE 1 1 1
X 0.6683 -0.6759 0.3108
Y 0.7100 0.7042 0.0046
Z -0.2219 0.2176 0.9505

PART 14
OFFSET 15.0863 -4.1826 -13.2921
SCALE 1 1 1
X 0.5146 -0.1459 0.8449
Y 0.3679 0.9277 -0.0639
Z -0.7745 0.3437 0.5311

PART 15
OFFSET 16.1905 -4.3857 -11.4457
SCALE 1 1 1
X 0.5471 -0.3950 0.7380
Y 0.3133 0.9142 0.2571
Z -0.7762 0.0906 0.6240

PART 16
OFFSET 16.9681 -5.0678 -10.1999
SCALE 1 1 1
X 0.1930 -0.7886 0.5839
Y 0.5401 0.5822 0.6078
Z -0.8192 0.1981 0.5382

PART 17
OFFSET 17.1485 -5.9016 -9.5335
SCALE 1 1 1
X 0.7799 -0.5894 0.2105
Y 0.3492 0.1307 -0.9279
Z 0.5194 0.7972 0.3078

PART 18
OFFSET 13.9520 -5.9294 -13.3764
SCALE 1 1 1
X 0.1339 -0.9475 0.2905
Y -0.2846 0.2440 0.9271
Z -0.9492 -0.2068 -0.2370

PART 19
OFFSET 14.3562 -7.9982 -12.5756
SCALE 1 1 1
X -0.1795 0.1071 0.9779
Y -0.3811 0.9089 -0.1695
Z -0.9070 -0.4031 -0.1224

PART 20
OFFSET 14.1020 -7.8466 -11.1911
SCALE 1 1 1
X -0.3087 0.5378 0.7845
Y -0.2919 0.7314 -0.6163
Z -0.9053 -0.4192 -0.0688

PART 21
OFFSET 0.2231 -5.4949 -14.9014
SCALE 1 1 1
X 0.5546 0.3455 -0.7570
Y -0.1707 0.9376 0.3029
Z 0.8144 -0.0388 0.5790

PART 22
OFFSET -0.3784 -5.8696 -14.0804
SCALE 1 1 1
X -0.3168 -0.8206 0.4757
Y -0.4926 0.5709 0.6568
Z -0.8106 -0.0262 -0.5851

PART 23
OFFSET -5.7026 -11.0093 -13.0177
SCALE 1 1 1
X -0.7777 -0.5790 0.2450
Y -0.5331 0.8139 0.2311
Z -0.3332 0.0491 -0.9416

PART 24
OFFSET 1.8483 -8.4230 -14.1445
SCALE 1 1 1
X -0.9296 -0.2584 0.2627
Y 0.2256 -0.9628 -0.1487
Z 0.2914 -0.0789 0.9533

PART 25
OFFSET 3.4850 -7.9680 -14.6071
SCALE 1 1 1
X -0.6928 -0.6967 0.1859
Y 0.6632 -0.7169 -0.2150
Z 0.2830 -0.0256 0.9588

PART 26
OFFSET 4.3444 -7.1225 -14.7749
SCALE 1 1 1
X -0.1871 -0.9814 -0.0423
Y 0.9507 -0.1701 -0.2594
Z 0.2474 -0.0887 0.9648

PART 27
OFFSET 4.5558 -6.0140 -14.7272
SCALE 1 1 1
X -0.7277 0.4481 0.5193
Y 0.4280 0.8883 -0.1667
Z -0.5360 0.1010 -0.8382

PART 28
OFFSET 1.4866 -8.0791 -15.1302
SCALE 1 1 1
X -0.5331 -0.8449 0.0434
Y 0.7916 -0.5163 -0.3267
Z 0.2985 -0.1398 0.9441

PART 29
OFFSET 2.5281 -6.4285 -15.2149
SCALE 1 1 1
X 0.6779 -0.6607 -0.3225
Y 0.6556 0.7417 -0.1416
Z 0.3328 -0.1154 0.9359

PART 30
OFFSET 1.5380 -5.4635 -14.7439
SCALE 1 1 1
X 0.9175 -0.1828 -0.3533
Y 0.1917 0.9814 -0.0098
Z 0.3486 -0.0588 0.9354

PART 31
OFFSET 0.4966 -5.2554 -14.3504
SCALE 1 1 1
X -0.8483 -0.4829 0.2174
Y -0.4166 0.8619 0.2891
Z -0.3270 0.1546 -0.9323

PART 32
OFFSET -3.5241 -7.6920 -13.4472
SCALE 1 1 1
X -0.8224 -0.0110 0.5688
Y -0.2948 0.8634 -0.4095
Z -0.4866 -0.5044 -0.7133

PART 33
OFFSET -2.5515 -7.8845 -12.7130
SCALE 1 1 1
X -0.8224 -0.0110 0.5688
Y -0.2948 0.8634 -0.4095
Z -0.4866 -0.5044 -0.7133

PART 34
OFFSET -2.0750 -9.2614 -12.2327
SCALE 1 1 1
X -0.8224 -0.0110 0.5688
Y -0.2948 0.8634 -0.4095
Z -0.4866 -0.5044 -0.7133

PART 35
OFFSET 0.0000 0.0000 0.0000
SCALE 1 1 1
X 1.0000 0.0000 0.0000
Y 0.0000 1.0000 0.0000
Z 0.0000 0.0000 1.0000

PART 36
OFFSET 0.0000 0.0000 0.0000
SCALE 1 1 1
X 1.0000 0.0000 0.0000
Y 0.0000 1.0000 0.0000
Z 0.0000 0.0000 1.0000

PART 37
OFFSET 1.5404 0.0000 4.1357
SCALE 1 1 1
X 1.0000 0.0000 0.0000
Y 0.0000 1.0000 0.0000
Z 0.0000 0.0000 1.0000

PART 38
OFFSET 13.8283 -7.3697 -10.4955
SCALE 1 1 1
X -0.3752 0.7535 0.5399
Y -0.1141 0.5404 -0.8336
Z -0.9199 -0.3744 -0.1168

PART 39
OFFSET 13.4719 -6.6539 -9.9827
SCALE 1 1 1
X 0.4916 -0.8615 0.1273
Y 0.0391 -0.1242 -0.9915
Z 0.8699 0.4924 -0.0274

PART 40
OFFSET 14.6018 -5.6405 -13.4378
SCALE 1 1 1
X 0.4164 -0.8580 0.3007
Y -0.2668 0.2009 0.9426
Z -0.8691 -0.4727 -0.1453

PART 41
OFFSET 15.5594 -7.9419 -12.6996
SCALE 1 1 1
X -0.1383 0.0435 0.9894
Y -0.4373 0.8937 -0.1005
Z -0.8886 -0.4466 -0.1046

PART 42
OFFSET 15.3239 -7.8678 -11.0151
SCALE 1 1 1
X -0.3435 0.5429 0.7663
Y -0.3049 0.7073 -0.6378
Z -0.8883 -0.4528 -0.0774

PART 43
OFFSET 14.8478 -7.1154 -9.9531
SCALE 1 1 1
X -0.4615 0.8505 0.2525
Y -0.0456 0.2615 -0.9641
Z -0.8860 -0.4565 -0.0819

PART 44
OFFSET 14.3473 -6.1930 -9.6793
SCALE 1 1 1
X 0.3606 -0.8686 0.3399
Y 0.2653 -0.2538 -0.9302
Z 0.8942 0.4255 0.1389

PART 45
OFFSET 17.2602 -5.4962 -12.3519
SCALE 1 1 1
X 0.4298 -0.7116 0.5558
Y 0.4341 -0.3769 -0.8182
Z 0.7917 0.5929 0.1469

PART 46
OFFSET 17.4136 -6.8308 -12.9654
SCALE 1 1 1
X 0.3433 -0.2517 0.9049
Y -0.6627 0.6178 0.4232
Z -0.6656 -0.7450 0.0453

PART 47
OFFSET 18.0180 -7.2739 -11.3722
SCALE 1 1 1
X -0.1354 0.1330 0.9818
Y -0.7644 0.6164 -0.1889
Z -0.6304 -0.7761 0.0182

PART 48
OFFSET 17.8917 -7.0650 -10.1797
SCALE 1 1 1
X -0.4196 0.4513 0.7876
Y -0.6299 0.4800 -0.6106
Z -0.6536 -0.7523 0.0829

PART 49
OFFSET 17.4178 -6.5553 -9.2901
SCALE 1 1 1
X 0.5213 -0.7918 0.3181
Y 0.2955 -0.1822 -0.9378
Z 0.8006 0.5829 0.1390

PART 50
OFFSET 16.5323 -7.4836 -12.8330
SCALE 1 1 1
X 0.0557 -0.0969 0.9937
Y -0.6731 0.7314 0.1091
Z -0.7374 -0.6750 -0.0245

PART 51
OFFSET 16.6411 -7.6729 -10.8917
SCALE 1 1 1
X -0.4838 0.4835 0.7295
Y -0.4502 0.5773 -0.6812
Z -0.7505 -0.6580 -0.0616

PART 52
OFFSET 15.9345 -6.9667 -9.8262
SCALE 1 1 1
X -0.6499 0.7454 0.1481
Y -0.0077 0.1883 -0.9821
Z -0.7600 -0.6394 -0.1166

PART 53
OFFSET 15.1930 -6.1271 -9.6586
SCALE 1 1 1
X 0.5519 -0.6510 0.5212
Y 0.3546 -0.3825 -0.8532
Z 0.7548 0.6557 0.0198

PART 54
OFFSET 14.8225 -2.1550 -14.0765
SCALE 1 1 1
X 0.5681 -0.7851 0.2467
Y 0.6836 0.6171 0.3897
Z -0.4582 -0.0528 0.8873

PART 55
OFFSET 13.1319 -3.4096 -15.7407
SCALE 1 1 1
X 0.5681 -0.7851 0.2467
Y 0.6836 0.6171 0.3897
Z -0.4582 -0.0528 0.8873

PART 56
OFFSET 13.9191 -2.9007 -12.3040
SCALE 1 1 1
X 0.5681 -0.7851 0.2467
Y 0.6836 0.6171 0.3897
Z -0.4582 -0.0528 0.8873

PART 57
OFFSET 12.7061 -3.8515 -12.9599
SCALE 1 1 1
X 0.5681 -0.7851 0.2467
Y 0.6836 0.6171 0.3897
Z -0.4582 -0.0528 0.8873

PART 58
OFFSET 11.4944 -4.5170 -13.8456
SCALE 1 1 1
X 0.5681 -0.7851 0.2467
Y 0.6836 0.6171 0.3897
Z -0.4582 -0.0528 0.8873

PART 59
OFFSET 10.1096 -6.3334 -12.2311
SCALE 1 1 1
X 0.9977 0.0268 0.0617
Y -0.0309 0.9973 0.0660
Z -0.0598 -0.0677 0.9959

PART 60
OFFSET -2.1097 -3.5648 -2.9073
SCALE 1 1 1
X 0.7862 0.4733 0.3973
Y -0.0127 -0.6304 0.7761
Z 0.6178 -0.6152 -0.4896

PART 61
OFFSET -11.6180 -9.2888 -7.7125
SCALE 1 1 1
X -0.8244 -0.0164 0.5657
Y -0.4774 -0.5167 -0.7107
Z 0.3040 -0.8560 0.4181

PART 62
OFFSET -4.6060 -9.1491 -12.5244
SCALE 1 1 1
X -0.8244 -0.0164 0.5657
Y -0.5658 0.0469 -0.8232
Z -0.0130 -0.9988 -0.0480

PART 63
OFFSET -3.5241 -7.6920 -13.4472
SCALE 1 1 1
X -0.8224 -0.0110 0.5688
Y -0.2948 0.8634 -0.4095
Z -0.4866 -0.5044 -0.7133

PART 64
OFFSET -2.5515 -7.8845 -12.7130
SCALE 1 1 1
X -0.8224 -0.0110 0.5688
Y -0.2948 0.8634 -0.4095
Z -0.4866 -0.5044 -0.7133

PART 65
OFFSET -2.0750 -9.2614 -12.2327
SCALE 1 1 1
X -0.8224 -0.0110 0.5688
Y -0.2948 0.8634 -0.4095
Z -0.4866 -0.5044 -0.7133

PART 66
OFFSET -2.0786 -9.0987 -14.2588
SCALE 1 1 1
X -0.9446 -0.2997 0.1338
Y -0.1971 0.1919 -0.9614
Z 0.2624 -0.9345 -0.2404

PART 67
OFFSET -1.5712 -8.7654 -13.2926
SCALE 1 1 1
X -0.5161 -0.8088 -0.2821
Y 0.2233 0.1909 -0.9559
Z 0.8269 -0.5563 0.0821

PART 68
OFFSET -0.5259 -7.0083 -12.5930
SCALE 1 1 1
X -0.6971 -0.7166 -0.0245
Y 0.2154 -0.1767 -0.9604
Z 0.6839 -0.6748 0.2775

PART 69
OFFSET 0.5357 -5.7865 -12.6419
SCALE 1 1 1
X -0.5944 -0.5876 0.5490
Y -0.1940 -0.5577 -0.8070
Z 0.7804 -0.5862 0.2175

PART 70
OFFSET 1.1461 -5.1147 -13.2318
SCALE 1 1 1
X -0.9801 -0.1721 0.0992
Y -0.1915 0.9515 -0.2407
Z -0.0530 -0.2549 -0.9655

PART 71
OFFSET -1.5434 -8.4508 -15.3530
SCALE 1 1 1
X -0.6507 -0.3954 0.6482
Y 0.3320 -0.9159 -0.2255
Z 0.6829 0.0685 0.7273

PART 72
OFFSET -0.0226 -7.4400 -16.6759
SCALE 1 1 1
X -0.0729 -0.9791 0.1898
Y 0.4446 -0.2023 -0.8726
Z 0.8928 0.0208 0.4500

PART 73
OFFSET 0.0806 -6.0538 -16.9447
SCALE 1 1 1
X 0.3552 -0.6414 -0.6801
Y 0.3240 0.7669 -0.5540
Z 0.8768 -0.0236 0.4802

PART 74
OFFSET -0.2344 -5.4851 -16.3417
SCALE 1 1 1
X 0.4400 -0.2699 -0.8565
Y 0.0924 0.9623 -0.2557
Z 0.8933 0.0334 0.4483

PART 75
OFFSET -0.6523 -5.2288 -15.5280
SCALE 1 1 1
X -0.5237 -0.4025 0.7508
Y -0.1005 0.9044 0.4147
Z -0.8460 0.1417 -0.5140

PART 76
OFFSET -1.1680 -8.6429 -14.7770
SCALE 1 1 1
X -0.8368 -0.3498 0.4212
Y 0.2901 -0.9357 -0.2006
Z 0.4643 -0.0457 0.8845

PART 77
OFFSET 0.9413 -7.7489 -16.0059
SCALE 1 1 1
X 0.0037 -0.9995 -0.0302
Y 0.5684 0.0270 -0.8223
Z 0.8227 -0.0141 0.5682

PART 78
OFFSET 0.9349 -6.0472 -15.9545
SCALE 1 1 1
X 0.5136 -0.3985 -0.7599
Y 0.2598 0.9163 -0.3049
Z 0.8177 -0.0409 0.5741

PART 79
OFFSET 10.1096 -6.3334 -12.2311
SCALE 1 1 1
X 0.9977 0.0268 0.0617
Y -0.0309 0.9973 0.0660
Z -0.0598 -0.0677 0.9959

PART 80
OFFSET 8.5191 -6.7818 -15.4132
SCALE 1 1 1
X -0.0275 -0.8912 0.4527
Y 0.9943 0.0223 0.1042
Z -0.1029 0.4530 0.8856

PART 81
OFFSET 9.8271 -8.2208 -11.2700
SCALE 1 1 1
X 0.9963 0.0254 0.0820
Y -0.0309 0.9973 0.0660
Z -0.0801 -0.0682 0.9944

PART 82
OFFSET 37.8080 -5.6898 -8.9983
SCALE 1 1 1
X 0.9977 0.0268 0.0617
Y -0.0309 0.9973 0.0660
Z -0.0598 -0.0677 0.9959

PART 83
OFFSET 1.8236 -5.6875 -13.5052
SCALE 1 1 1
X 0.4533 0.2105 0.8661
Y -0.6875 0.7010 0.1894
Z -0.5673 -0.6813 0.4625

PART 84
OFFSET 1.8941 -5.6657 -13.5795
SCALE 1 1 1
X 0.4881 0.2391 0.8394
Y -0.6611 0.7292 0.1767
Z -0.5698 -0.6412 0.5140

PART 85
OFFSET 3.8492 -6.6029 -10.9065
SCALE 1 1 1
X 0.9977 0.0268 0.0617
Y -0.0309 0.9973 0.0660
Z -0.0598 -0.0677 0.9959

PART 86
OFFSET 33.6511 -5.7210 -10.4729
SCALE 1 1 1
X 0.9963 0.0254 0.0820
Y -0.0309 0.9973 0.0660
Z -0.0801 -0.0682 0.9944

PART 87
OFFSET -197.0629 -6.8769 -6.2656
SCALE 1 1 1
X 0.9963 0.0254 0.0820
Y -0.0309 0.9973 0.0660
Z -0.0801 -0.0682 0.9944

PART 88
OFFSET 47.0379 -5.4532 -8.2566
SCALE 1 1 1
X 0.9963 0.0254 0.0820
Y -0.0309 0.9973 0.0660
Z -0.0801 -0.0682 0.9944

PART 89
OFFSET 5.8494 -5.1862 -11.5607
SCALE 1 1 1
X 0.9977 0.0268 0.0617
Y -0.0309 0.9973 0.0660
Z -0.0598 -0.0677 0.9959

PART 90
OFFSET 15.6809 -6.6486 -11.0701
SCALE 1 1 1
X 0.9977 0.0268 0.0617
Y -0.0309 0.9973 0.0660
Z -0.0598 -0.0677 0.9959

PART 91
OFFSET 39.3833 -5.6567 -8.7621
SCALE 1 1 1
X 0.9963 0.0254 0.0820
Y -0.0309 0.9973 0.0660
Z -0.0801 -0.0682 0.9944


FRAME 1452
PART 0
OFFSET 15.0344 -5.3502 -10.6095
SCALE 1 1 1
X 0.4772 -0.8523 0.2141
Y -0.0806 0.2002 0.9764
Z -0.8751 -0.4832 0.0268

PART 1
OFFSET 15.0344 -5.3502 -10.6095
SCALE 1 1 1
X 0.4772 -0.8523 0.2141
Y -0.0806 0.2002 0.9764
Z -0.8751 -0.4832 0.0268

PART 2
OFFSET -0.6811 -8.4928 -8.9449
SCALE 1 1 1
X -0.7401 -0.3523 0.5728
Y 0.2575 -0.9353 -0.2427
Z 0.6212 -0.0321 0.7830

PART 3
OFFSET -0.6811 -8.4928 -8.9449
SCALE 1 1 1
X -0.7401 -0.3523 0.5728
Y 0.2575 -0.9353 -0.2427
Z 0.6212 -0.0321 0.7830

PART 4
OFFSET 6.2061 -3.1050 -3.3894
SCALE 1 1 1
X 1.0000 0.0000 0.0000
Y 0.0000 1.0000 0.0000
Z 0.0000 -0.0000 1.0000

PART 5
OFFSET 1.6245 4.2672 -6.2573
SCALE 1 1 1
X 0.5674 -0.0263 -0.8230
Y -0.2349 -0.9631 -0.1312
Z -0.7892 0.2677 -0.5527

PART 6
OFFSET 8.4865 3.9492 -16.2109
SCALE 1 1 1
X 0.5235 -0.7183 0.4582
Y -0.6005 0.0704 0.7965
Z -0.6044 -0.6921 -0.3945

PART 7
OFFSET 12.9393 -2.1604 -12.3139
SCALE 1 1 1
X 0.5235 -0.7183 0.4582
Y 0.8309 0.5495 -0.0879
Z -0.1886 0.4267 0.8845

PART 8
OFFSET 15.1894 -1.9239 -11.4661
SCALE 1 1 1
X 0.5288 -0.7168 0.4545
Y 0.6115 0.6931 0.3818
Z -0.5887 0.0760 0.8048

PART 9
OFFSET 13.7829 -3.4827 -13.1374
SCALE 1 1 1
X 0.5288 -0.7168 0.4545
Y 0.6115 0.6931 0.3818
Z -0.5887 0.0760 0.8048

PART 10
OFFSET 14.0295 -2.4033 -9.7517
SCALE 1 1 1
X 0.5288 -0.7168 0.4545
Y 0.6115 0.6931 0.3818
Z -0.5887 0.0760 0.8048

PART 11
OFFSET 12.9380 -3.4850 -10.4179
SCALE 1 1 1
X 0.5288 -0.7168 0.4545
Y 0.6115 0.6931 0.3818
Z -0.5887 0.0760 0.8048

PART 12
OFFSET 11.8812 -4.3223 -11.3548
SCALE 1 1 1
X 0.5288 -0.7168 0.4545
Y 0.6115 0.6931 0.3818
Z -0.5887 0.0760 0.8048

PART 13
OFFSET 14.5443 -4.3625 -10.9093
SCALE 1 1 1
X 0.7241 -0.6676 0.1731
Y 0.6888 0.7126 -0.1334
Z -0.0343 0.2159 0.9758

PART 14
OFFSET 15.5207 -3.8866 -10.5594
SCALE 1 1 1
X 0.6933 -0.1313 0.7086
Y 0.3161 0.9390 -0.1353
Z -0.6476 0.3178 0.6925

PART 15
OFFSET 17.0123 -4.0584 -9.0053
SCALE 1 1 1
X 0.7129 -0.3678 0.5971
Y 0.3258 0.9277 0.1824
Z -0.6210 0.0645 0.7812

PART 16
OFFSET 18.0742 -4.7002 -7.9648
SCALE 1 1 1
X 0.3667 -0.7592 0.5378
Y 0.6282 0.6284 0.4588
Z -0.6862 0.1696 0.7073

PART 17
OFFSET 18.4500 -5.5027 -7.3430
SCALE 1 1 1
X 0.8409 -0.5399 0.0372
Y 0.1215 0.1215 -0.9851
Z 0.5273 0.8329 0.1678

PART 18
OFFSET 14.4126 -5.6468 -10.4227
SCALE 1 1 1
X 0.2001 -0.9473 0.2501
Y -0.0992 0.2343 0.9671
Z -0.9747 -0.2183 -0.0471

PART 19
OFFSET 14.9919 -7.7148 -9.7354
SCALE 1 1 1
X 0.0055 0.1065 0.9943
Y -0.4402 0.8930 -0.0932
Z -0.8979 -0.4372 0.0518

PART 20
OFFSET 14.9997 -7.5641 -8.3277
SCALE 1 1 1
X -0.1874 0.5527 0.8120
Y -0.4254 0.6995 -0.5743
Z -0.8854 -0.4530 0.1040

PART 21
OFFSET 0.6297 -5.3346 -9.3545
SCALE 1 1 1
X 0.4004 0.3420 -0.8501
Y -0.1211 0.9393 0.3209
Z 0.9083 -0.0255 0.4176

PART 22
OFFSET 0.1954 -5.7055 -8.4326
SCALE 1 1 1
X -0.2142 -0.8181 0.5337
Y -0.3676 0.5738 0.7319
Z -0.9050 -0.0394 -0.4237

PART 23
OFFSET -4.7842 -10.8787 -6.3507
SCALE 1 1 1
X -0.7124 -0.5829 0.3908
Y -0.4892 0.8117 0.3190
Z -0.5031 0.0361 -0.8635

PART 24
OFFSET 2.3977 -8.2403 -8.8871
SCALE 1 1 1
X -0.8617 -0.2635 0.4336
Y 0.2040 -0.9624 -0.1794
Z 0.4645 -0.0661 0.8831

PART 25
OFFSET 3.9149 -7.7763 -9.6504
SCALE 1 1 1
X -0.6388 -0.7006 0.3179
Y 0.6191 -0.7135 -0.3282
Z 0.4568 -0.0128 0.8895

PART 26
OFFSET 4.7193 -6.9255 -9.9829
SCALE 1 1 1
X -0.1815 -0.9834 0.0022
Y 0.8875 -0.1648 -0.4303
Z 0.4235 -0.0761 0.9027

PART 27
OFFSET 4.9243 -5.8147 -9.9854
SCALE 1 1 1
X -0.6230 0.4475 0.6416
Y 0.3803 0.8900 -0.2515
Z -0.6836 0.0873 -0.7246

PART 28
OFFSET 1.8554 -7.9102 -9.7912
SCALE 1 1 1
X -0.5069 -0.8489 0.1495
Y 0.7223 -0.5130 -0.4637
Z 0.4704 -0.1271 0.8733

PART 29
OFFSET 2.8457 -6.2518 -10.0833
SCALE 1 1 1
X 0.6128 -0.6583 -0.4371
Y 0.6100 0.7457 -0.2679
Z 0.5023 -0.1024 0.8586

PART 30
OFFSET 1.9505 -5.2902 -9.4450
SCALE 1 1 1
X 0.8375 -0.1787 -0.5163
Y 0.1763 0.9828 -0.0542
Z 0.5171 -0.0457 0.8547

PART 31
OFFSET 0.9984 -5.0868 -8.8662
SCALE 1 1 1
X -0.7879 -0.4878 0.3759
Y -0.3645 0.8614 0.3538
Z -0.4963 0.1417 -0.8565

PART 32
OFFSET -3.2728 -7.5559 -8.6227
SCALE 1 1 1
X -0.9642 -0.0023 0.2650
Y -0.1935 0.6896 -0.6979
Z -0.1812 -0.7242 -0.6654

PART 33
OFFSET -2.5875 -7.5522 -7.5625
SCALE 1 1 1
X -0.9642 -0.0023 0.2650
Y -0.1935 0.6896 -0.6979
Z -0.1812 -0.7242 -0.6654

PART 34
OFFSET -2.1391 -9.0253 -6.3355
SCALE 1 1 1
X -0.9642 -0.0023 0.2650
Y -0.1935 0.6896 -0.6979
Z -0.1812 -0.7242 -0.6654

PART 35
OFFSET 0.0000 0.0000 0.0000
SCALE 1 1 1
X 1.0000 0.0000 0.0000
Y 0.0000 1.0000 0.0000
Z 0.0000 0.0000 1.0000

PART 36
OFFSET 0.0000 0.0000 0.0000
SCALE 1 1 1
X 1.0000 0.0000 0.0000
Y 0.0000 1.0000 0.0000
Z 0.0000 0.0000 1.0000

PART 37
OFFSET 1.5404 0.0000 4.1357
SCALE 1 1 1
X 1.0000 0.0000 0.0000
Y 0.0000 1.0000 0.0000
Z 0.0000 0.0000 1.0000

PART 38
OFFSET 14.8336 -7.0740 -7.6077
SCALE 1 1 1
X -0.2969 0.7436 0.5990
Y -0.2890 0.5279 -0.7986
Z -0.9101 -0.4103 0.0582

PART 39
OFFSET 14.5515 -6.3675 -7.0386
SCALE 1 1 1
X 0.5402 -0.8408 0.0347
Y -0.1421 -0.1318 -0.9810
Z 0.8295 0.5250 -0.1907

PART 40
OFFSET 15.0344 -5.3502 -10.6095
SCALE 1 1 1
X 0.4772 -0.8523 0.2141
Y -0.0806 0.2002 0.9764
Z -0.8751 -0.4832 0.0268

PART 41
OFFSET 16.1446 -7.6385 -10.0713
SCALE 1 1 1
X 0.0712 0.0297 0.9970
Y -0.4767 0.8791 0.0079
Z -0.8762 -0.4758 0.0767

PART 42
OFFSET 16.2658 -7.5880 -8.3739
SCALE 1 1 1
X -0.2150 0.5590 0.8008
Y -0.4438 0.6745 -0.5900
Z -0.8700 -0.4822 0.1031

PART 43
OFFSET 15.9679 -6.8132 -7.2641
SCALE 1 1 1
X -0.4297 0.8366 0.3399
Y -0.2475 0.2529 -0.9353
Z -0.8684 -0.4860 0.0983

PART 44
OFFSET 15.5019 -5.9059 -6.8954
SCALE 1 1 1
X 0.4507 -0.8538 0.2606
Y 0.0811 -0.2516 -0.9644
Z 0.8890 0.4558 -0.0442

PART 45
OFFSET 17.8519 -5.1733 -10.0643
SCALE 1 1 1
X 0.5386 -0.7059 0.4600
Y 0.2702 -0.3725 -0.8878
Z 0.7981 0.6025 -0.0099

PART 46
OFFSET 17.8982 -6.5065 -10.6978
SCALE 1 1 1
X 0.5415 -0.2403 0.8056
Y -0.5762 0.5917 0.5638
Z -0.6121 -0.7695 0.1819

PART 47
OFFSET 18.8516 -6.9297 -9.2794
SCALE 1 1 1
X 0.0862 0.1197 0.9891
Y -0.8082 0.5889 -0.0008
Z -0.5826 -0.7993 0.1475

PART 48
OFFSET 18.9918 -6.7356 -8.0860
SCALE 1 1 1
X -0.2486 0.4306 0.8676
Y -0.7671 0.4594 -0.4478
Z -0.5914 -0.7769 0.2161

PART 49
OFFSET 18.7110 -6.2492 -7.1060
SCALE 1 1 1
X 0.6070 -0.7734 0.1826
Y 0.0846 -0.1656 -0.9826
Z 0.7902 0.6119 -0.0351

PART 50
OFFSET 17.0676 -7.1697 -10.3966
SCALE 1 1 1
X 0.2766 -0.1203 0.9534
Y -0.6393 0.7178 0.2760
Z -0.7175 -0.6858 0.1216

PART 51
OFFSET 17.6079 -7.4046 -8.5340
SCALE 1 1 1
X -0.3451 0.4881 0.8016
Y -0.5789 0.5616 -0.5912
Z -0.7388 -0.6681 0.0888

PART 52
OFFSET 17.1038 -6.6916 -7.3631
SCALE 1 1 1
X -0.6118 0.7305 0.3036
Y -0.2241 0.2081 -0.9521
Z -0.7586 -0.6505 0.0364

PART 53
OFFSET 16.4057 -5.8691 -7.0182
SCALE 1 1 1
X 0.6607 -0.6514 0.3730
Y 0.1651 -0.3585 -0.9188
Z 0.7323 0.6686 -0.1293

PART 54
OFFSET 15.1894 -1.9239 -11.4661
SCALE 1 1 1
X 0.5288 -0.7168 0.4545
Y 0.6115 0.6931 0.3818
Z -0.5887 0.0760 0.8048

PART 55
OFFSET 13.7829 -3.4827 -13.1374
SCALE 1 1 1
X 0.5288 -0.7168 0.4545
Y 0.6115 0.6931 0.3818
Z -0.5887 0.0760 0.8048

PART 56
OFFSET 14.0295 -2.4033 -9.7517
SCALE 1 1 1
X 0.5288 -0.7168 0.4545
Y 0.6115 0.6931 0.3818
Z -0.5887 0.0760 0.8048

PART 57
OFFSET 12.9380 -3.4850 -10.4179
SCALE 1 1 1
X 0.5288 -0.7168 0.4545
Y 0.6115 0.6931 0.3818
Z -0.5887 0.0760 0.8048

PART 58
OFFSET 11.8812 -4.3223 -11.3548
SCALE 1 1 1
X 0.5288 -0.7168 0.4545
Y 0.6115 0.6931 0.3818
Z -0.5887 0.0760 0.8048

PART 59
OFFSET 10.8486 -6.0595 -8.5642
SCALE 1 1 1
X 0.9915 0.0360 -0.1254
Y -0.0284 0.9977 0.0615
Z 0.1273 -0.0574 0.9902

PART 60
OFFSET -2.1097 -3.5648 -2.9073
SCALE 1 1 1
X 0.8705 0.4535 0.1911
Y -0.0586 -0.2901 0.9552
Z 0.4886 -0.8427 -0.2259

PART 61
OFFSET -12.6377 -9.0495 -5.2182
SCALE 1 1 1
X -0.9647 -0.0085 0.2631
Y -0.1726 -0.7340 -0.6569
Z 0.1987 -0.6791 0.7066

PART 62
OFFSET -4.4322 -8.9770 -7.4557
SCALE 1 1 1
X -0.9647 -0.0085 0.2631
Y -0.2594 0.2005 -0.9447
Z -0.0447 -0.9797 -0.1956

PART 63
OFFSET -3.2728 -7.5559 -8.6227
SCALE 1 1 1
X -0.9642 -0.0023 0.2650
Y -0.1935 0.6896 -0.6979
Z -0.1812 -0.7242 -0.6654

PART 64
OFFSET -2.5875 -7.5522 -7.5625
SCALE 1 1 1
X -0.9642 -0.0023 0.2650
Y -0.1935 0.6896 -0.6979
Z -0.1812 -0.7242 -0.6654

PART 65
OFFSET -2.1391 -9.0253 -6.3355
SCALE 1 1 1
X -0.9642 -0.0023 0.2650
Y -0.1935 0.6896 -0.6979
Z -0.1812 -0.7242 -0.6654

PART 66
OFFSET -1.4746 -8.9508 -8.2621
SCALE 1 1 1
X -0.9000 -0.3063 0.3101
Y -0.3746 0.1798 -0.9096
Z 0.2229 -0.9348 -0.2766

PART 67
OFFSET -0.7998 -8.6027 -7.4103
SCALE 1 1 1
X -0.5511 -0.8161 -0.1738
Y 0.0395 0.1825 -0.9824
Z 0.8335 -0.5483 -0.0683

PART 68
OFFSET 0.3391 -6.8292 -6.9335
SCALE 1 1 1
X -0.6820 -0.7227 0.1122
Y 0.0347 -0.1853 -0.9821
Z 0.7306 -0.6658 0.1514

PART 69
OFFSET 1.3603 -5.5990 -7.1902
SCALE 1 1 1
X -0.4757 -0.5867 0.6554
Y -0.3350 -0.5681 -0.7517
Z 0.8133 -0.5771 0.0737

PART 70
OFFSET 1.8432 -4.9285 -7.8895
SCALE 1 1 1
X -0.9426 -0.1794 0.2815
Y -0.2428 0.9472 -0.2095
Z -0.2291 -0.2658 -0.9364

PART 71
OFFSET -1.1591 -8.3101 -9.4426
SCALE 1 1 1
X -0.5145 -0.3939 0.7616
Y 0.2938 -0.9155 -0.2750
Z 0.8056 0.0822 0.5868

PART 72
OFFSET 0.0783 -7.3008 -11.0346
SCALE 1 1 1
X -0.0261 -0.9776 0.2089
Y 0.2765 -0.2079 -0.9383
Z 0.9607 0.0333 0.2757

PART 73
OFFSET 0.1152 -5.9167 -11.3304
SCALE 1 1 1
X 0.2291 -0.6456 -0.7285
Y 0.2073 0.7636 -0.6115
Z 0.9511 -0.0109 0.3088

PART 74
OFFSET -0.0879 -5.3443 -10.6845
SCALE 1 1 1
X 0.2757 -0.2753 -0.9210
Y 0.0331 0.9603 -0.2772
Z 0.9607 0.0459 0.2738

PART 75
OFFSET -0.3498 -5.0827 -9.8096
SCALE 1 1 1
X -0.3706 -0.3988 0.8388
Y -0.0310 0.9079 0.4180
Z -0.9283 0.1289 -0.3488

PART 76
OFFSET -0.6811 -8.4928 -8.9449
SCALE 1 1 1
X -0.7401 -0.3523 0.5728
Y 0.2575 -0.9353 -0.2427
Z 0.6212 -0.0321 0.7830

PART 77
OFFSET 1.1532 -7.5942 -10.5531
SCALE 1 1 1
X 0.0085 -0.9997 -0.0213
Y 0.4051 0.0229 -0.9140
Z 0.9142 -0.0009 0.4052

PART 78
OFFSET 1.1388 -5.8921 -10.5168
SCALE 1 1 1
X 0.3673 -0.4023 -0.8386
Y 0.1890 0.9151 -0.3562
Z 0.9107 -0.0277 0.4122

PART 79
OFFSET 10.8486 -6.0595 -8.5642
SCALE 1 1 1
X 0.9915 0.0360 -0.1254
Y -0.0284 0.9977 0.0615
Z 0.1273 -0.0574 0.9902

PART 80
OFFSET 8.6984 -6.5559 -11.3904
SCALE 1 1 1
X 0.0665 -0.8865 0.4580
Y 0.9960 0.0319 -0.0830
Z 0.0590 0.4617 0.8851

PART 81
OFFSET 10.7695 -7.9388 -7.5503
SCALE 1 1 1
X 0.9938 0.0348 -0.1051
Y -0.0284 0.9977 0.0615
Z 0.1070 -0.0582 0.9926

PART 82
OFFSET 38.6566 -5.1442 -10.5510
SCALE 1 1 1
X 0.9915 0.0360 -0.1254
Y -0.0284 0.9977 0.0615
Z 0.1273 -0.0574 0.9902

PART 83
OFFSET 2.4414 -5.4954 -8.2802
SCALE 1 1 1
X 0.6078 0.2245 0.7617
Y -0.6449 0.6993 0.3085
Z -0.4634 -0.6787 0.5698

PART 84
OFFSET 2.4963 -5.4742 -8.3667
SCALE 1 1 1
X 0.6367 0.2529 0.7285
Y -0.6216 0.7274 0.2907
Z -0.4564 -0.6379 0.6203

PART 85
OFFSET 4.9472 -6.3682 -6.0948
SCALE 1 1 1
X 0.9915 0.0360 -0.1254
Y -0.0284 0.9977 0.0615
Z 0.1273 -0.0574 0.9902

PART 86
OFFSET 34.2983 -5.2269 -11.2255
SCALE 1 1 1
X 0.9938 0.0348 -0.1051
Y -0.0284 0.9977 0.0615
Z 0.1070 -0.0582 0.9926

PART 87
OFFSET -191.5778 -8.3097 35.8746
SCALE 1 1 1
X 0.9938 0.0348 -0.1051
Y -0.0284 0.9977 0.0615
Z 0.1070 -0.0582 0.9926

PART 88
OFFSET 47.8602 -4.8207 -11.5429
SCALE 1 1 1
X 0.9938 0.0348 -0.1051
Y -0.0284 0.9977 0.0615
Z 0.1070 -0.0582 0.9926

PART 89
OFFSET 6.7759 -4.9416 -7.1227
SCALE 1 1 1
X 0.9915 0.0360 -0.1254
Y -0.0284 0.9977 0.0615
Z 0.1273 -0.0574 0.9902

PART 90
OFFSET 16.5416 -6.3146 -8.4580
SCALE 1 1 1
X 0.9915 0.0360 -0.1254
Y -0.0284 0.9977 0.0615
Z 0.1273 -0.0574 0.9902

PART 91
OFFSET 40.2478 -5.0951 -10.6125
SCALE 1 1 1
X 0.9938 0.0348 -0.1051
Y -0.0284 0.9977 0.0615
Z 0.1070 -0.0582 0.9926


FRAME 1453
PART 0
OFFSET 16.0858 -4.6354 -9.1602
SCALE 1 1 1
X 0.4781 -0.8541 0.2045
Y -0.0660 0.1973 0.9781
Z -0.8758 -0.4812 0.0379

PART 1
OFFSET 16.0858 -4.6354 -9.1602
SCALE 1 1 1
X 0.4781 -0.8541 0.2045
Y -0.0660 0.1973 0.9781
Z -0.8758 -0.4812 0.0379

PART 2
OFFSET 0.3536 -7.6787 -7.4152
SCALE 1 1 1
X -0.7408 -0.3435 0.5773
Y 0.2529 -0.9388 -0.2340
Z 0.6223 -0.0273 0.7823

PART 3
OFFSET 0.3536 -7.6787 -7.4152
SCALE 1 1 1
X -0.7408 -0.3435 0.5773
Y 0.2529 -0.9388 -0.2340
Z 0.6223 -0.0273 0.7823

PART 4
OFFSET 6.2061 -3.1050 -3.3894
SCALE 1 1 1
X 1.0000 0.0000 0.0000
Y 0.0000 1.0000 0.0000
Z 0.0000 -0.0000 1.0000

PART 5
OFFSET 1.6245 4.2672 -6.2573
SCALE 1 1 1
X 0.6318 -0.0370 -0.7742
Y -0.1540 -0.9849 -0.0786
Z -0.7597 0.1689 -0.6280

PART 6
OFFSET 9.2655 3.8201 -15.6209
SCALE 1 1 1
X 0.5469 -0.6451 0.5336
Y -0.6564 0.0653 0.7516
Z -0.5197 -0.7613 -0.3878

PART 7
OFFSET 13.9170 -1.6671 -11.0825
SCALE 1 1 1
X 0.5469 -0.6451 0.5336
Y 0.8024 0.5858 -0.1141
Z -0.2389 0.4906 0.8380

PART 8
OFFSET 16.0792 -1.1965 -10.1124
SCALE 1 1 1
X 0.5522 -0.6434 0.5302
Y 0.5275 0.7621 0.3754
Z -0.6456 0.0724 0.7603

PART 9
OFFSET 14.9161 -2.9592 -11.7682
SCALE 1 1 1
X 0.5522 -0.6434 0.5302
Y 0.5275 0.7621 0.3754
Z -0.6456 0.0724 0.7603

PART 10
OFFSET 14.8484 -1.6726 -8.4472
SCALE 1 1 1
X 0.5522 -0.6434 0.5302
Y 0.5275 0.7621 0.3754
Z -0.6456 0.0724 0.7603

PART 11
OFFSET 13.8934 -2.8775 -9.1118
SCALE 1 1 1
X 0.5522 -0.6434 0.5302
Y 0.5275 0.7621 0.3754
Z -0.6456 0.0724 0.7603

PART 12
OFFSET 12.9716 -3.8515 -10.0590
SCALE 1 1 1
X 0.5522 -0.6434 0.5302
Y 0.5275 0.7621 0.3754
Z -0.6456 0.0724 0.7603

PART 13
OFFSET 15.5935 -3.6448 -9.4466
SCALE 1 1 1
X 0.7251 -0.6703 0.1580
Y 0.6884 0.7116 -0.1402
Z -0.0184 0.2104 0.9774

PART 14
OFFSET 16.5765 -3.1732 -9.1096
SCALE 1 1 1
X 0.7345 -0.1251 0.6670
Y 0.2856 0.9486 -0.1366
Z -0.6156 0.2908 0.7324

PART 15
OFFSET 18.1557 -3.3324 -7.6431
SCALE 1 1 1
X 0.7590 -0.3426 0.5537
Y 0.2997 0.9388 0.1700
Z -0.5781 0.0370 0.8152

PART 16
OFFSET 19.2983 -3.9372 -6.6681
SCALE 1 1 1
X 0.4502 -0.7199 0.5282
Y 0.6108 0.6798 0.4060
Z -0.6514 0.1398 0.7458

PART 17
OFFSET 19.7658 -4.6978 -6.0559
SCALE 1 1 1
X 0.8766 -0.4811 -0.0055
Y 0.0520 0.1061 -0.9930
Z 0.4784 0.8702 0.1181

PART 18
OFFSET 15.4662 -4.9315 -8.9653
SCALE 1 1 1
X 0.2025 -0.9517 0.2308
Y -0.0811 0.2186 0.9724
Z -0.9759 -0.2156 -0.0329

PART 19
OFFSET 16.0534 -7.0116 -8.3227
SCALE 1 1 1
X 0.0090 0.1017 0.9948
Y -0.4723 0.8773 -0.0854
Z -0.8814 -0.4691 0.0560

PART 20
OFFSET 16.0662 -6.8676 -6.9143
SCALE 1 1 1
X -0.2213 0.5724 0.7895
Y -0.4445 0.6614 -0.6041
Z -0.8680 -0.4847 0.1081

PART 21
OFFSET 1.6778 -4.5305 -7.8575
SCALE 1 1 1
X 0.4006 0.3320 -0.8540
Y -0.1164 0.9429 0.3119
Z 0.9088 -0.0255 0.4164

PART 22
