// Export filename: `C:/cod5/cod/cod5/xanim_export/viewmodel/US/m1garand/viewmodel_m1garand_grenade_putaway.XANIM_EXPORT`
// Source filename: `C:/cod5/cod/cod5/animation_assets/viewmodel/US/m1_garand/viewmodelanimation_m1garand.mb`
// Export time: Thu Jul 03 14:05:56 2008

ANIMATION
VERSION 3

NUMPARTS 92
PART 0 "RingPalm_FK_LE"
PART 1 "RingPalm_SDK_LE"
PART 2 "RingPalm_FK_RI"
PART 3 "RingPalm_SDK_RI"
PART 4 "tag_torso"
PART 5 "J_Shoulder_LE"
PART 6 "J_Elbow_LE"
PART 7 "J_WristTwist_LE"
PART 8 "J_Sleave_Reshape_Bottom_LE_1"
PART 9 "J_Sleave_Reshape_Bottom_LE_2"
PART 10 "J_Sleave_Reshape_Top_LE_1"
PART 11 "J_Sleave_Reshape_Top_LE_2"
PART 12 "J_Sleave_Reshape_Top_LE_3"
PART 13 "J_Wrist_LE"
PART 14 "J_Thumb_LE_0"
PART 15 "J_Thumb_LE_1"
PART 16 "J_Thumb_LE_2"
PART 17 "J_Thumb_LE_3"
PART 18 "J_PinkyPalm_LE"
PART 19 "J_Pinky_LE_0"
PART 20 "J_Pinky_LE_1"
PART 21 "J_Pinky_LE_2"
PART 22 "J_Pinky_LE_3"
PART 23 "J_RingPalm_LE"
PART 24 "J_Ring_LE_0"
PART 25 "J_Ring_LE_1"
PART 26 "J_Ring_LE_2"
PART 27 "J_Ring_LE_3"
PART 28 "J_Webbing_LE"
PART 29 "J_Index_LE_0"
PART 30 "J_Index_LE_1"
PART 31 "J_Index_LE_2"
PART 32 "J_Index_LE_3"
PART 33 "J_Mid_LE_0"
PART 34 "J_Mid_LE_1"
PART 35 "J_Mid_LE_2"
PART 36 "J_Mid_LE_3"
PART 37 "D_Sleave_Reshape_Bottom_LE_1"
PART 38 "D_Sleave_Reshape_Bottom_LE_2"
PART 39 "D_Sleave_Reshape_Top_LE_1"
PART 40 "D_Sleave_Reshape_Top_LE_2"
PART 41 "D_Sleave_Reshape_Top_LE_3"
PART 42 "tag_weapon"
PART 43 "J_Shoulder_RI"
PART 44 "J_Elbow_RI"
PART 45 "J_WristTwist_RI"
PART 46 "J_Sleave_Reshape_Top_RI_3"
PART 47 "J_Sleave_Reshape_Top_RI_2"
PART 48 "J_Sleave_Reshape_Top_RI_1"
PART 49 "J_Wrist_RI"
PART 50 "J_Thumb_RI_0"
PART 51 "J_Thumb_RI_1"
PART 52 "J_Thumb_RI_2"
PART 53 "J_Thumb_RI_3"
PART 54 "J_PinkyPalm_RI"
PART 55 "J_Pinky_RI_0"
PART 56 "J_Pinky_RI_1"
PART 57 "J_Pinky_RI_2"
PART 58 "J_Pinky_RI_3"
PART 59 "J_RingPalm_RI"
PART 60 "J_Ring_RI_0"
PART 61 "J_Ring_RI_1"
PART 62 "J_Ring_RI_2"
PART 63 "J_Ring_RI_3"
PART 64 "J_Webbing_RI"
PART 65 "J_Index_RI_0"
PART 66 "J_Index_RI_1"
PART 67 "J_Index_RI_2"
PART 68 "J_Index_RI_3"
PART 69 "J_Mid_RI_0"
PART 70 "J_Mid_RI_1"
PART 71 "J_Mid_RI_2"
PART 72 "J_Mid_RI_3"
PART 73 "D_Sleave_Reshape_Top_RI_3"
PART 74 "D_Sleave_Reshape_Top_RI_2"
PART 75 "D_Sleave_Reshape_Top_RI_1"
PART 76 "tag_cambone"
PART 77 "tag_camera"
PART 78 "tag_gasmask"
PART 79 "J_Gun"
PART 80 "tag_brass"
PART 81 "J_Bolt"
PART 82 "tag_flash"
PART 83 "j_stripper"
PART 84 "J_Clip"
PART 85 "TAG_APERTURE"
PART 86 "tag_bayonet"
PART 87 "tag_grenade"
PART 88 "tag_grenade_mount"
PART 89 "TAG_TELESCOPIC"
PART 90 "TAG_IRON_SIGHTS"
PART 91 "TAG_SUPPRESSOR"

FRAMERATE 24
NUMFRAMES 16

FRAME 875
PART 0
OFFSET 14.6075 -5.6761 -15.4679
SCALE 1 1 1
X 0.3506 -0.8635 0.3625
Y -0.4216 0.2000 0.8844
Z -0.8362 -0.4629 -0.2939

PART 1
OFFSET 14.6075 -5.6761 -15.4679
SCALE 1 1 1
X 0.3506 -0.8635 0.3625
Y -0.4216 0.2000 0.8844
Z -0.8362 -0.4629 -0.2939

PART 2
OFFSET -0.7360 -8.5235 -19.4575
SCALE 1 1 1
X -0.8983 -0.3448 0.2723
Y 0.3120 -0.9370 -0.1572
Z 0.3093 -0.0562 0.9493

PART 3
OFFSET -0.7360 -8.5235 -19.4575
SCALE 1 1 1
X -0.8983 -0.3448 0.2723
Y 0.3120 -0.9370 -0.1572
Z 0.3093 -0.0562 0.9493

PART 4
OFFSET 6.2061 -3.1050 -3.3894
SCALE 1 1 1
X 1.0000 0.0000 0.0000
Y 0.0000 1.0000 0.0000
Z 0.0000 -0.0000 1.0000

PART 5
OFFSET 1.6245 4.2672 -6.2573
SCALE 1 1 1
X 0.4797 0.0273 -0.8770
Y -0.3540 -0.9086 -0.2218
Z -0.8029 0.4168 -0.4262

PART 6
OFFSET 7.4257 4.5970 -16.8639
SCALE 1 1 1
X 0.5923 -0.8015 0.0819
Y -0.3737 -0.1833 0.9093
Z -0.7138 -0.5692 -0.4081

PART 7
OFFSET 12.4637 -2.2203 -16.1672
SCALE 1 1 1
X 0.5923 -0.8015 0.0819
Y 0.7743 0.5944 0.2170
Z -0.2226 -0.0651 0.9727

PART 8
OFFSET 14.8636 -2.1613 -15.8940
SCALE 1 1 1
X 0.5965 -0.7988 0.0776
Y 0.7174 0.5740 0.3948
Z -0.3599 -0.1798 0.9155

PART 9
OFFSET 13.0124 -3.2188 -17.5238
SCALE 1 1 1
X 0.5965 -0.7988 0.0776
Y 0.7174 0.5740 0.3948
Z -0.3599 -0.1798 0.9155

PART 10
OFFSET 14.1607 -3.1547 -14.1523
SCALE 1 1 1
X 0.5965 -0.7988 0.0776
Y 0.7174 0.5740 0.3948
Z -0.3599 -0.1798 0.9155

PART 11
OFFSET 12.8906 -4.0350 -14.7983
SCALE 1 1 1
X 0.5965 -0.7988 0.0776
Y 0.7174 0.5740 0.3948
Z -0.3599 -0.1798 0.9155

PART 12
OFFSET 11.5952 -4.6021 -15.6325
SCALE 1 1 1
X 0.5965 -0.7988 0.0776
Y 0.7174 0.5740 0.3948
Z -0.3599 -0.1798 0.9155

PART 13
OFFSET 14.2796 -4.6775 -15.9160
SCALE 1 1 1
X 0.5986 -0.6840 0.4169
Y 0.7058 0.6965 0.1293
Z -0.3788 0.2169 0.8997

PART 14
OFFSET 15.0745 -4.2240 -15.2343
SCALE 1 1 1
X 0.3512 -0.1567 0.9231
Y 0.3896 0.9210 0.0082
Z -0.8514 0.3567 0.3845

PART 15
OFFSET 15.8237 -4.4505 -13.2201
SCALE 1 1 1
X 0.3968 -0.4103 0.8211
Y 0.2796 0.9061 0.3176
Z -0.8743 0.1035 0.4742

PART 16
OFFSET 16.3497 -5.1553 -11.8604
SCALE 1 1 1
X 0.0643 -0.8012 0.5949
Y 0.4333 0.5594 0.7066
Z -0.8990 0.2124 0.3831

PART 17
OFFSET 16.3854 -6.0025 -11.1874
SCALE 1 1 1
X 0.7142 -0.6126 0.3387
Y 0.5161 0.1339 -0.8460
Z 0.4729 0.7790 0.4118

PART 18
OFFSET 13.9538 -5.9583 -15.5198
SCALE 1 1 1
X 0.0716 -0.9491 0.3067
Y -0.4365 0.2466 0.8652
Z -0.8968 -0.1958 -0.3967

PART 19
OFFSET 14.1919 -8.0320 -14.6670
SCALE 1 1 1
X -0.3400 0.1055 0.9345
Y -0.3298 0.9172 -0.2235
Z -0.8807 -0.3842 -0.2770

PART 20
OFFSET 13.7106 -7.8827 -13.3439
SCALE 1 1 1
X -0.4245 0.5313 0.7331
Y -0.1747 0.7464 -0.6421
Z -0.8884 -0.4007 -0.2241

PART 21
OFFSET 13.3342 -7.4116 -12.6939
SCALE 1 1 1
X -0.4461 0.7575 0.4767
Y 0.0377 0.5480 -0.8356
Z -0.8942 -0.3548 -0.2730

PART 22
OFFSET 12.9104 -6.6920 -12.2410
SCALE 1 1 1
X 0.4468 -0.8721 0.1994
Y 0.2025 -0.1186 -0.9721
Z 0.8714 0.4748 0.1236

PART 23
OFFSET 14.6075 -5.6761 -15.4679
SCALE 1 1 1
X 0.3506 -0.8635 0.3625
Y -0.4216 0.2000 0.8844
Z -0.8362 -0.4629 -0.2939

PART 24
OFFSET 15.4026 -7.9905 -14.5903
SCALE 1 1 1
X -0.3095 0.0467 0.9497
Y -0.3960 0.9017 -0.1734
Z -0.8645 -0.4298 -0.2606

PART 25
OFFSET 14.8756 -7.9109 -12.9734
SCALE 1 1 1
X -0.4595 0.5362 0.7081
Y -0.1833 0.7228 -0.6663
Z -0.8691 -0.4359 -0.2338

PART 26
OFFSET 14.2388 -7.1677 -11.9920
SCALE 1 1 1
X -0.4836 0.8574 0.1762
Y 0.1266 0.2677 -0.9552
Z -0.8661 -0.4396 -0.2380

PART 27
OFFSET 13.7144 -6.2379 -11.8010
SCALE 1 1 1
X 0.2813 -0.8770 0.3896
Y 0.4179 -0.2535 -0.8724
Z 0.8638 0.4082 0.2952

PART 28
OFFSET 17.0426 -5.5639 -13.9433
SCALE 1 1 1
X 0.3214 -0.7180 0.6174
Y 0.5637 -0.3789 -0.7340
Z 0.7609 0.5839 0.2830

PART 29
OFFSET 17.2852 -6.8980 -14.5284
SCALE 1 1 1
X 0.1706 -0.2604 0.9503
Y -0.7157 0.6302 0.3011
Z -0.6772 -0.7315 -0.0789

PART 30
OFFSET 17.5856 -7.3564 -12.8552
SCALE 1 1 1
X -0.3093 0.1362 0.9412
Y -0.7048 0.6316 -0.3230
Z -0.6384 -0.7633 -0.0994

PART 31
OFFSET 17.2483 -7.1445 -11.7050
SCALE 1 1 1
X -0.5463 0.4593 0.7005
Y -0.4993 0.4929 -0.7126
Z -0.6726 -0.7390 -0.0400

PART 32
OFFSET 16.6313 -6.6257 -10.9137
SCALE 1 1 1
X 0.4394 -0.8024 0.4040
Y 0.4568 -0.1877 -0.8696
Z 0.7735 0.5666 0.2840

PART 33
OFFSET 16.3878 -7.5418 -14.5517
SCALE 1 1 1
X -0.1260 -0.0913 0.9878
Y -0.6722 0.7401 -0.0173
Z -0.7295 -0.6662 -0.1546

PART 34
OFFSET 16.1416 -7.7201 -12.6219
SCALE 1 1 1
X -0.5951 0.4825 0.6426
Y -0.3238 0.5879 -0.7413
Z -0.7355 -0.6493 -0.1936

PART 35
OFFSET 15.2723 -7.0154 -11.6833
SCALE 1 1 1
X -0.6558 0.7544 0.0276
Y 0.1706 0.1837 -0.9681
Z -0.7354 -0.6302 -0.2492

PART 36
OFFSET 14.5242 -6.1655 -11.6531
SCALE 1 1 1
X 0.4409 -0.6555 0.6131
Y 0.4964 -0.3911 -0.7750
Z 0.7478 0.6460 0.1530

PART 37
OFFSET 14.8636 -2.1613 -15.8940
SCALE 1 1 1
X 0.5965 -0.7988 0.0776
Y 0.7174 0.5740 0.3948
Z -0.3599 -0.1798 0.9155

PART 38
OFFSET 13.0124 -3.2188 -17.5238
SCALE 1 1 1
X 0.5965 -0.7988 0.0776
Y 0.7174 0.5740 0.3948
Z -0.3599 -0.1798 0.9155

PART 39
OFFSET 14.1607 -3.1547 -14.1523
SCALE 1 1 1
X 0.5965 -0.7988 0.0776
Y 0.7174 0.5740 0.3948
Z -0.3599 -0.1798 0.9155

PART 40
OFFSET 12.8906 -4.0350 -14.7983
SCALE 1 1 1
X 0.5965 -0.7988 0.0776
Y 0.7174 0.5740 0.3948
Z -0.3599 -0.1798 0.9155

PART 41
OFFSET 11.5952 -4.6021 -15.6325
SCALE 1 1 1
X 0.5965 -0.7988 0.0776
Y 0.7174 0.5740 0.3948
Z -0.3599 -0.1798 0.9155

PART 42
OFFSET 9.9747 -6.3383 -15.0411
SCALE 1 1 1
X 0.9735 0.0170 0.2280
Y -0.0334 0.9971 0.0683
Z -0.2262 -0.0741 0.9713

PART 43
OFFSET -2.1097 -3.5648 -2.9073
SCALE 1 1 1
X 0.6226 0.4485 0.6412
Y -0.0797 -0.7789 0.6221
Z 0.7785 -0.4384 -0.4492

PART 44
OFFSET -9.6394 -8.9892 -10.6624
SCALE 1 1 1
X -0.6840 -0.0013 0.7294
Y -0.6514 -0.4490 -0.6117
Z 0.3283 -0.8936 0.3063

PART 45
OFFSET -3.8213 -8.9783 -16.8666
SCALE 1 1 1
X -0.6840 -0.0013 0.7294
Y -0.7269 -0.0814 -0.6819
Z 0.0603 -0.9967 0.0548

PART 46
OFFSET -2.7996 -7.5928 -17.8775
SCALE 1 1 1
X -0.6810 0.0039 0.7322
Y -0.3169 0.8999 -0.2995
Z -0.6601 -0.4361 -0.6117

PART 47
OFFSET -1.7065 -7.8174 -17.3788
SCALE 1 1 1
X -0.6810 0.0039 0.7322
Y -0.3169 0.8999 -0.2995
Z -0.6601 -0.4361 -0.6117

PART 48
OFFSET -1.2767 -9.1122 -17.1138
SCALE 1 1 1
X -0.6810 0.0039 0.7322
Y -0.3169 0.8999 -0.2995
Z -0.6601 -0.4361 -0.6117

PART 49
OFFSET -1.7242 -8.9744 -19.1028
SCALE 1 1 1
X -0.9561 -0.2917 -0.0286
Y -0.0318 0.2005 -0.9792
Z 0.2914 -0.9353 -0.2010

PART 50
OFFSET -1.3830 -8.6526 -18.0625
SCALE 1 1 1
X -0.4681 -0.8019 -0.3713
Y 0.3817 0.1955 -0.9034
Z 0.7970 -0.5646 0.2146

PART 51
OFFSET -0.4553 -6.9103 -17.1831
SCALE 1 1 1
X -0.6890 -0.7098 -0.1468
Y 0.3716 -0.1720 -0.9123
Z 0.6223 -0.6831 0.3823

PART 52
OFFSET 0.6094 -5.6983 -17.0433
SCALE 1 1 1
X -0.6827 -0.5858 0.4368
Y -0.0607 -0.5502 -0.8328
Z 0.7282 -0.5951 0.3401

PART 53
OFFSET 1.3154 -5.0282 -17.5171
SCALE 1 1 1
X -0.9842 -0.1636 -0.0676
Y -0.1407 0.9549 -0.2613
Z 0.1073 -0.2477 -0.9629

PART 54
OFFSET -1.0081 -8.3239 -20.0865
SCALE 1 1 1
X -0.7532 -0.3938 0.5269
Y 0.3576 -0.9174 -0.1745
Z 0.5521 0.0570 0.8318

PART 55
OFFSET 0.7208 -7.3183 -21.1277
SCALE 1 1 1
X -0.1116 -0.9797 0.1667
Y 0.5827 -0.2004 -0.7876
Z 0.8050 0.0093 0.5932

PART 56
OFFSET 0.8788 -5.9313 -21.3637
SCALE 1 1 1
X 0.4588 -0.6399 -0.6164
Y 0.4184 0.7676 -0.4855
Z 0.7839 -0.0352 0.6199

PART 57
OFFSET 0.4720 -5.3639 -20.8171
SCALE 1 1 1
X 0.5749 -0.2680 -0.7731
Y 0.1417 0.9632 -0.2285
Z 0.8059 0.0219 0.5917

PART 58
OFFSET -0.0742 -5.1093 -20.0827
SCALE 1 1 1
X -0.6452 -0.4028 0.6492
Y -0.1612 0.9024 0.3997
Z -0.7468 0.1533 -0.6471

PART 59
OFFSET -0.7360 -8.5235 -19.4575
SCALE 1 1 1
X -0.8983 -0.3448 0.2723
Y 0.3120 -0.9370 -0.1572
Z 0.3093 -0.0562 0.9493

PART 60
OFFSET 1.5564 -7.6410 -20.3086
SCALE 1 1 1
X 0.0006 -0.9993 -0.0376
Y 0.6982 0.0274 -0.7154
Z 0.7159 -0.0258 0.6977

PART 61
OFFSET 1.5554 -5.9396 -20.2445
SCALE 1 1 1
X 0.6303 -0.3980 -0.6666
Y 0.3146 0.9159 -0.2493
Z 0.7097 -0.0526 0.7025

PART 62
OFFSET 0.6818 -5.3881 -19.3207
SCALE 1 1 1
X 0.6763 0.3455 -0.6506
Y -0.2114 0.9370 0.2780
Z 0.7057 -0.0505 0.7068

PART 63
OFFSET -0.0516 -5.7628 -18.6151
SCALE 1 1 1
X -0.3987 -0.8209 0.4090
Y -0.5909 0.5710 0.5700
Z -0.7014 -0.0145 -0.7126

PART 64
OFFSET -5.5202 -10.8593 -18.5017
SCALE 1 1 1
X -0.8124 -0.5733 0.1065
Y -0.5576 0.8172 0.1456
Z -0.1705 0.0588 -0.9836

PART 65
OFFSET 2.1335 -8.3365 -18.3274
SCALE 1 1 1
X -0.9625 -0.2515 0.1013
Y 0.2395 -0.9638 -0.1170
Z 0.1271 -0.0883 0.9880

PART 66
OFFSET 3.8282 -7.8937 -18.5058
SCALE 1 1 1
X -0.7198 -0.6914 0.0615
Y 0.6840 -0.7216 -0.1070
Z 0.1184 -0.0350 0.9924

PART 67
OFFSET 4.7105 -7.0553 -18.5202
SCALE 1 1 1
X -0.1854 -0.9793 -0.0813
Y 0.9793 -0.1773 -0.0981
Z 0.0817 -0.0978 0.9919

PART 68
OFFSET 4.9199 -5.9492 -18.4284
SCALE 1 1 1
X -0.8007 0.4513 0.3940
Y 0.4571 0.8853 -0.0852
Z -0.3873 0.1119 -0.9152

PART 69
OFFSET 1.9447 -7.9824 -19.3567
SCALE 1 1 1
X -0.5397 -0.8401 -0.0536
Y 0.8309 -0.5214 -0.1940
Z 0.1351 -0.1492 0.9795

PART 70
OFFSET 2.9991 -6.3411 -19.2521
SCALE 1 1 1
X 0.7169 -0.6648 -0.2101
Y 0.6760 0.7365 -0.0237
Z 0.1705 -0.1251 0.9774

PART 71
OFFSET 1.9521 -5.3701 -18.9452
SCALE 1 1 1
X 0.9621 -0.1889 -0.1964
Y 0.1986 0.9796 0.0307
Z 0.1866 -0.0686 0.9800

PART 72
OFFSET 0.8611 -5.1550 -18.7297
SCALE 1 1 1
X -0.8766 -0.4764 0.0683
Y -0.4521 0.8638 0.2226
Z -0.1650 0.1642 -0.9725

PART 73
OFFSET -2.7996 -7.5928 -17.8775
SCALE 1 1 1
X -0.6810 0.0039 0.7322
Y -0.3169 0.8999 -0.2995
Z -0.6601 -0.4361 -0.6117

PART 74
OFFSET -1.7065 -7.8174 -17.3788
SCALE 1 1 1
X -0.6810 0.0039 0.7322
Y -0.3169 0.8999 -0.2995
Z -0.6601 -0.4361 -0.6117

PART 75
OFFSET -1.2767 -9.1122 -17.1138
SCALE 1 1 1
X -0.6810 0.0039 0.7322
Y -0.3169 0.8999 -0.2995
Z -0.6601 -0.4361 -0.6117

PART 76
OFFSET 0.0000 0.0000 0.0000
SCALE 1 1 1
X 1.0000 0.0000 0.0000
Y 0.0000 1.0000 0.0000
Z 0.0000 0.0000 1.0000

PART 77
OFFSET 0.0000 0.0000 0.0000
SCALE 1 1 1
X 1.0000 0.0000 0.0000
Y 0.0000 1.0000 0.0000
Z 0.0000 0.0000 1.0000

PART 78
OFFSET 1.5404 0.0000 4.1357
SCALE 1 1 1
X 1.0000 0.0000 0.0000
Y 0.0000 1.0000 0.0000
Z 0.0000 0.0000 1.0000

PART 79
OFFSET 9.9747 -6.3383 -15.0411
SCALE 1 1 1
X 0.9735 0.0170 0.2280
Y -0.0334 0.9971 0.0683
Z -0.2262 -0.0741 0.9713

PART 80
OFFSET 8.9357 -6.7494 -18.4482
SCALE 1 1 1
X -0.1101 -0.8941 0.4342
Y 0.9630 0.0122 0.2692
Z -0.2460 0.4478 0.8596

PART 81
OFFSET 9.5200 -8.2296 -14.1569
SCALE 1 1 1
X 0.9687 0.0154 0.2478
Y -0.0334 0.9971 0.0683
Z -0.2460 -0.0744 0.9664

PART 82
OFFSET 36.7456 -5.9785 -7.2143
SCALE 1 1 1
X 0.9735 0.0170 0.2280
Y -0.0334 0.9971 0.0683
Z -0.2262 -0.0741 0.9713

PART 83
OFFSET 7.6102 -6.4443 -15.3543
SCALE 1 1 1
X 0.9723 -0.0480 0.2286
Y 0.0243 0.9941 0.1056
Z -0.2323 -0.0971 0.9678

PART 84
OFFSET 7.8856 -6.4342 -15.2134
SCALE 1 1 1
X 0.9735 0.0170 0.2280
Y -0.0334 0.9971 0.0683
Z -0.2262 -0.0741 0.9713

PART 85
OFFSET 3.5790 -6.5580 -14.7850
SCALE 1 1 1
X 0.9735 0.0170 0.2280
Y -0.0334 0.9971 0.0683
Z -0.2262 -0.0741 0.9713

PART 86
OFFSET 32.8940 -5.9601 -9.3639
SCALE 1 1 1
X 0.9687 0.0154 0.2478
Y -0.0334 0.9971 0.0683
Z -0.2460 -0.0744 0.9664

PART 87
OFFSET 45.3886 -5.8404 -5.0081
SCALE 1 1 1
X 0.9687 0.0154 0.2478
Y -0.0334 0.9971 0.0683
Z -0.2460 -0.0744 0.9664

PART 88
OFFSET 45.7227 -5.8340 -4.9369
SCALE 1 1 1
X 0.9687 0.0154 0.2478
Y -0.0334 0.9971 0.0683
Z -0.2460 -0.0744 0.9664

PART 89
OFFSET 5.6719 -5.1557 -15.0832
SCALE 1 1 1
X 0.9735 0.0170 0.2280
Y -0.0334 0.9971 0.0683
Z -0.2262 -0.0741 0.9713

PART 90
OFFSET 15.2704 -6.7142 -12.9671
SCALE 1 1 1
X 0.9735 0.0170 0.2280
Y -0.0334 0.9971 0.0683
Z -0.2262 -0.0741 0.9713

PART 91
OFFSET 38.2593 -5.9618 -6.7176
SCALE 1 1 1
X 0.9687 0.0154 0.2478
Y -0.0334 0.9971 0.0683
Z -0.2460 -0.0744 0.9664


FRAME 876
PART 0
OFFSET 14.2172 -5.4017 -16.1596
SCALE 1 1 1
X 0.3293 -0.8574 0.3954
Y -0.4809 0.2081 0.8517
Z -0.8126 -0.4706 -0.3438

PART 1
OFFSET 14.2172 -5.4017 -16.1596
SCALE 1 1 1
X 0.3293 -0.8574 0.3954
Y -0.4809 0.2081 0.8517
Z -0.8126 -0.4706 -0.3438

PART 2
OFFSET -0.8115 -8.3746 -21.1341
SCALE 1 1 1
X -0.9130 -0.3463 0.2155
Y 0.3260 -0.9371 -0.1247
Z 0.2452 -0.0436 0.9685

PART 3
OFFSET -0.8115 -8.3746 -21.1341
SCALE 1 1 1
X -0.9130 -0.3463 0.2155
Y 0.3260 -0.9371 -0.1247
Z 0.2452 -0.0436 0.9685

PART 4
OFFSET 6.2061 -3.1050 -3.3894
SCALE 1 1 1
X 1.0000 0.0000 0.0000
Y 0.0000 1.0000 0.0000
Z 0.0000 -0.0000 1.0000

PART 5
OFFSET 1.6245 4.2672 -6.2573
SCALE 1 1 1
X 0.4564 0.0577 -0.8879
Y -0.3710 -0.8947 -0.2489
Z -0.8088 0.4430 -0.3869

PART 6
OFFSET 7.1436 4.9655 -16.9958
SCALE 1 1 1
X 0.5853 -0.8103 0.0307
Y -0.3500 -0.2183 0.9110
Z -0.7314 -0.5439 -0.4113

PART 7
OFFSET 12.1216 -1.9261 -16.7347
SCALE 1 1 1
X 0.5853 -0.8103 0.0307
Y 0.7733 0.5692 0.2794
Z -0.2438 -0.1398 0.9597

PART 8
OFFSET 14.5287 -1.9031 -16.5283
SCALE 1 1 1
X 0.5894 -0.8074 0.0264
Y 0.7347 0.5493 0.3981
Z -0.3359 -0.2152 0.9170

PART 9
OFFSET 12.6203 -2.8710 -18.1477
SCALE 1 1 1
X 0.5894 -0.8074 0.0264
Y 0.7347 0.5493 0.3981
Z -0.3359 -0.2152 0.9170

PART 10
OFFSET 13.8640 -2.9631 -14.8110
SCALE 1 1 1
X 0.5894 -0.8074 0.0264
Y 0.7347 0.5493 0.3981
Z -0.3359 -0.2152 0.9170

PART 11
OFFSET 12.5663 -3.8020 -15.4571
SCALE 1 1 1
X 0.5894 -0.8074 0.0264
Y 0.7347 0.5493 0.3981
Z -0.3359 -0.2152 0.9170

PART 12
OFFSET 11.2415 -4.3197 -16.2772
SCALE 1 1 1
X 0.5894 -0.8074 0.0264
Y 0.7347 0.5493 0.3981
Z -0.3359 -0.2152 0.9170

PART 13
OFFSET 13.9158 -4.4101 -16.6406
SCALE 1 1 1
X 0.5723 -0.6760 0.4642
Y 0.6925 0.7016 0.1680
Z -0.4393 0.2253 0.8696

PART 14
OFFSET 14.6611 -3.9446 -15.9126
SCALE 1 1 1
X 0.2891 -0.1442 0.9464
Y 0.3841 0.9230 0.0233
Z -0.8768 0.3568 0.3223

PART 15
OFFSET 15.2746 -4.1438 -13.8501
SCALE 1 1 1
X 0.3426 -0.3987 0.8507
Y 0.2537 0.9111 0.3248
Z -0.9046 0.1045 0.4133

PART 16
OFFSET 15.7113 -4.8300 -12.4499
SCALE 1 1 1
X 0.0277 -0.7939 0.6074
Y 0.3824 0.5698 0.7273
Z -0.9236 0.2121 0.3194

PART 17
OFFSET 15.7056 -5.6691 -11.7661
SCALE 1 1 1
X 0.6925 -0.6049 0.3931
Y 0.5711 0.1268 -0.8111
Z 0.4407 0.7862 0.4332

PART 18
OFFSET 13.5698 -5.6878 -16.2519
SCALE 1 1 1
X 0.0551 -0.9451 0.3221
Y -0.4947 0.2544 0.8310
Z -0.8673 -0.2051 -0.4535

PART 19
OFFSET 13.7592 -7.7503 -15.3603
SCALE 1 1 1
X -0.4023 0.1146 0.9083
Y -0.3181 0.9128 -0.2560
Z -0.8585 -0.3919 -0.3308

PART 20
OFFSET 13.1896 -7.5881 -14.0743
SCALE 1 1 1
X -0.4751 0.5376 0.6966
Y -0.1345 0.7380 -0.6612
Z -0.8696 -0.4079 -0.2783

PART 21
OFFSET 12.7684 -7.1115 -13.4567
SCALE 1 1 1
X -0.4803 0.7607 0.4367
Y 0.0912 0.5385 -0.8377
Z -0.8723 -0.3626 -0.3280

PART 22
OFFSET 12.3121 -6.3888 -13.0418
SCALE 1 1 1
X 0.4363 -0.8674 0.2393
Y 0.2677 -0.1288 -0.9548
Z 0.8591 0.4807 0.1760

PART 23
OFFSET 14.2172 -5.4017 -16.1596
SCALE 1 1 1
X 0.3293 -0.8574 0.3954
Y -0.4809 0.2081 0.8517
Z -0.8126 -0.4706 -0.3438

PART 24
OFFSET 14.9619 -7.7015 -15.2032
SCALE 1 1 1
X -0.3727 0.0561 0.9262
Y -0.3874 0.8976 -0.2103
Z -0.8432 -0.4372 -0.3128

PART 25
OFFSET 14.3273 -7.6060 -13.6263
SCALE 1 1 1
X -0.5083 0.5420 0.6692
Y -0.1414 0.7141 -0.6857
Z -0.8495 -0.4431 -0.2863

PART 26
OFFSET 13.6229 -6.8548 -12.6987
SCALE 1 1 1
X -0.4981 0.8569 0.1332
Y 0.1892 0.2572 -0.9477
Z -0.8463 -0.4468 -0.2902

PART 27
OFFSET 13.0827 -5.9255 -12.5543
SCALE 1 1 1
X 0.2584 -0.8709 0.4180
Y 0.4766 -0.2614 -0.8393
Z 0.8403 0.4161 0.3476

PART 28
OFFSET 16.5441 -5.2592 -14.4767
SCALE 1 1 1
X 0.2824 -0.7091 0.6461
Y 0.6133 -0.3844 -0.6900
Z 0.7376 0.5911 0.3263

PART 29
OFFSET 16.8313 -6.5987 -15.0283
SCALE 1 1 1
X 0.1076 -0.2484 0.9627
Y -0.7371 0.6299 0.2449
Z -0.6672 -0.7359 -0.1153

PART 30
OFFSET 17.0208 -7.0361 -13.3334
SCALE 1 1 1
X -0.3723 0.1455 0.9166
Y -0.6844 0.6241 -0.3770
Z -0.6269 -0.7677 -0.1328

PART 31
OFFSET 16.6062 -6.8126 -12.2110
SCALE 1 1 1
X -0.5940 0.4645 0.6568
Y -0.4525 0.4821 -0.7502
Z -0.6651 -0.7429 -0.0761

PART 32
OFFSET 15.9353 -6.2879 -11.4691
SCALE 1 1 1
X 0.4148 -0.7953 0.4420
Y 0.5149 -0.1954 -0.8347
Z 0.7502 0.5738 0.3284

PART 33
OFFSET 15.9403 -7.2473 -15.1040
SCALE 1 1 1
X -0.1916 -0.0805 0.9782
Y -0.6728 0.7364 -0.0712
Z -0.7146 -0.6718 -0.1952

PART 34
OFFSET 15.5661 -7.4046 -13.1931
SCALE 1 1 1
X -0.6390 0.4868 0.5955
Y -0.2760 0.5776 -0.7683
Z -0.7180 -0.6553 -0.2347

PART 35
OFFSET 14.6327 -6.6935 -12.3232
SCALE 1 1 1
X -0.6595 0.7513 -0.0254
Y 0.2344 0.1733 -0.9566
Z -0.7142 -0.6368 -0.2904

PART 36
OFFSET 13.8805 -5.8472 -12.3534
SCALE 1 1 1
X 0.4017 -0.6461 0.6490
Y 0.5489 -0.3974 -0.7353
Z 0.7330 0.6516 0.1950

PART 37
OFFSET 14.5287 -1.9031 -16.5283
SCALE 1 1 1
X 0.5894 -0.8074 0.0264
Y 0.7347 0.5493 0.3981
Z -0.3359 -0.2152 0.9170

PART 38
OFFSET 12.6203 -2.8710 -18.1477
SCALE 1 1 1
X 0.5894 -0.8074 0.0264
Y 0.7347 0.5493 0.3981
Z -0.3359 -0.2152 0.9170

PART 39
OFFSET 13.8640 -2.9631 -14.8110
SCALE 1 1 1
X 0.5894 -0.8074 0.0264
Y 0.7347 0.5493 0.3981
Z -0.3359 -0.2152 0.9170

PART 40
OFFSET 12.5663 -3.8020 -15.4571
SCALE 1 1 1
X 0.5894 -0.8074 0.0264
Y 0.7347 0.5493 0.3981
Z -0.3359 -0.2152 0.9170

PART 41
OFFSET 11.2415 -4.3197 -16.2772
SCALE 1 1 1
X 0.5894 -0.8074 0.0264
Y 0.7347 0.5493 0.3981
Z -0.3359 -0.2152 0.9170

PART 42
OFFSET 9.5693 -6.0828 -16.0364
SCALE 1 1 1
X 0.9560 0.0246 0.2925
Y -0.0423 0.9976 0.0540
Z -0.2905 -0.0640 0.9547

PART 43
OFFSET -2.1097 -3.5648 -2.9073
SCALE 1 1 1
X 0.5522 0.4218 0.7192
Y -0.0986 -0.8235 0.5587
Z 0.8279 -0.3794 -0.4131

PART 44
OFFSET -8.7877 -8.6655 -11.6050
SCALE 1 1 1
X -0.6022 0.0139 0.7982
Y -0.7237 -0.4317 -0.5385
Z 0.3371 -0.9019 0.2701

PART 45
OFFSET -3.6655 -8.7838 -18.3940
SCALE 1 1 1
X -0.6022 0.0139 0.7982
Y -0.7901 -0.1533 -0.5935
Z 0.1141 -0.9881 0.1033

PART 46
OFFSET -2.6982 -7.4397 -19.4893
SCALE 1 1 1
X -0.5988 0.0190 0.8007
Y -0.3250 0.9080 -0.2646
Z -0.7320 -0.4186 -0.5375

PART 47
OFFSET -1.5637 -7.6643 -19.1102
SCALE 1 1 1
X -0.5988 0.0190 0.8007
Y -0.3250 0.9080 -0.2646
Z -0.7320 -0.4186 -0.5375

PART 48
OFFSET -1.1590 -8.9344 -18.9072
SCALE 1 1 1
X -0.5988 0.0190 0.8007
Y -0.3250 0.9080 -0.2646
Z -0.7320 -0.4186 -0.5375

PART 49
OFFSET -1.8193 -8.8265 -20.8411
SCALE 1 1 1
X -0.9507 -0.2970 -0.0892
Y 0.0330 0.1890 -0.9814
Z 0.3083 -0.9360 -0.1698

PART 50
OFFSET -1.5500 -8.4909 -19.7841
SCALE 1 1 1
X -0.4386 -0.8085 -0.3922
Y 0.4406 0.1870 -0.8780
Z 0.7833 -0.5580 0.2742

PART 51
OFFSET -0.6910 -6.7337 -18.8653
SCALE 1 1 1
X -0.6744 -0.7150 -0.1842
Y 0.4327 -0.1807 -0.8832
Z 0.5982 -0.6754 0.4313

PART 52
OFFSET 0.3566 -5.5146 -18.6690
SCALE 1 1 1
X -0.7079 -0.5842 0.3970
Y -0.0023 -0.5602 -0.8284
Z 0.7063 -0.5873 0.3952

PART 53
OFFSET 1.0898 -4.8465 -19.1023
SCALE 1 1 1
X -0.9767 -0.1694 -0.1315
Y -0.1271 0.9511 -0.2815
Z 0.1727 -0.2583 -0.9505

PART 54
OFFSET -1.0417 -8.1837 -21.7822
SCALE 1 1 1
X -0.7851 -0.3916 0.4799
Y 0.3725 -0.9175 -0.1392
Z 0.4948 0.0695 0.8662

PART 55
OFFSET 0.7487 -7.1813 -22.7172
SCALE 1 1 1
X -0.1182 -0.9782 0.1705
Y 0.6351 -0.2065 -0.7443
Z 0.7633 0.0203 0.6457

PART 56
OFFSET 0.9161 -5.7963 -22.9585
SCALE 1 1 1
X 0.5019 -0.6446 -0.5767
Y 0.4466 0.7641 -0.4654
Z 0.7407 -0.0239 0.6714

PART 57
OFFSET 0.4710 -5.2248 -22.4473
SCALE 1 1 1
X 0.6266 -0.2740 -0.7296
Y 0.1525 0.9612 -0.2300
Z 0.7643 0.0329 0.6441

PART 58
OFFSET -0.1243 -4.9645 -21.7541
SCALE 1 1 1
X -0.6855 -0.3986 0.6093
Y -0.1916 0.9061 0.3772
Z -0.7024 0.1419 -0.6975

PART 59
OFFSET -0.8115 -8.3746 -21.1341
SCALE 1 1 1
X -0.9130 -0.3463 0.2155
Y 0.3260 -0.9371 -0.1247
Z 0.2452 -0.0436 0.9685

PART 60
OFFSET 1.5289 -7.4901 -21.8401
SCALE 1 1 1
X 0.0075 -0.9996 -0.0256
Y 0.7445 0.0227 -0.6673
Z 0.6676 -0.0140 0.7444

PART 61
OFFSET 1.5161 -5.7882 -21.7966
SCALE 1 1 1
X 0.6753 -0.4024 -0.6181
Y 0.3266 0.9145 -0.2386
Z 0.6613 -0.0408 0.7490

PART 62
OFFSET 0.5802 -5.2305 -20.9400
SCALE 1 1 1
X 0.7169 0.3415 -0.6079
Y -0.2336 0.9391 0.2520
Z 0.6569 -0.0386 0.7530

PART 63
OFFSET -0.1973 -5.6008 -20.2807
SCALE 1 1 1
X -0.4216 -0.8181 0.3911
Y -0.6303 0.5745 0.5222
Z -0.6519 -0.0264 -0.7578

PART 64
OFFSET -5.6387 -10.7239 -20.4732
SCALE 1 1 1
X -0.8152 -0.5762 0.0587
Y -0.5697 0.8160 0.0981
Z -0.1044 0.0465 -0.9934

PART 65
OFFSET 1.9749 -8.1597 -19.8166
SCALE 1 1 1
X -0.9661 -0.2553 0.0396
Y 0.2510 -0.9639 -0.0892
Z 0.0609 -0.0762 0.9952

PART 66
OFFSET 3.6758 -7.7102 -19.8863
SCALE 1 1 1
X -0.7193 -0.6944 0.0213
Y 0.6928 -0.7192 -0.0524
Z 0.0517 -0.0229 0.9984

PART 67
OFFSET 4.5534 -6.8674 -19.8516
SCALE 1 1 1
X -0.1752 -0.9811 -0.0818
Y 0.9844 -0.1733 -0.0302
Z 0.0154 -0.0858 0.9962

PART 68
OFFSET 4.7513 -5.7592 -19.7591
SCALE 1 1 1
X -0.8273 0.4517 0.3341
Y 0.4579 0.8866 -0.0649
Z -0.3255 0.0992 -0.9403

PART 69
OFFSET 1.8540 -7.8185 -20.8604
SCALE 1 1 1
X -0.5312 -0.8435 -0.0796
Y 0.8444 -0.5194 -0.1317
Z 0.0698 -0.1372 0.9881

PART 70
OFFSET 2.8918 -6.1707 -20.7049
SCALE 1 1 1
X 0.7323 -0.6635 -0.1537
Y 0.6729 0.7397 0.0129
Z 0.1051 -0.1128 0.9880

PART 71
OFFSET 1.8223 -5.2016 -20.4804
SCALE 1 1 1
X 0.9740 -0.1862 -0.1292
Y 0.1918 0.9809 0.0323
Z 0.1207 -0.0562 0.9911

PART 72
OFFSET 0.7184 -4.9896 -20.3411
SCALE 1 1 1
X -0.8771 -0.4801 0.0151
Y -0.4698 0.8639 0.1815
Z -0.1002 0.1521 -0.9833

PART 73
OFFSET -2.6982 -7.4397 -19.4893
SCALE 1 1 1
X -0.5988 0.0190 0.8007
Y -0.3250 0.9080 -0.2646
Z -0.7320 -0.4186 -0.5375

PART 74
OFFSET -1.5637 -7.6643 -19.1102
SCALE 1 1 1
X -0.5988 0.0190 0.8007
Y -0.3250 0.9080 -0.2646
Z -0.7320 -0.4186 -0.5375

PART 75
OFFSET -1.1590 -8.9344 -18.9072
SCALE 1 1 1
X -0.5988 0.0190 0.8007
Y -0.3250 0.9080 -0.2646
Z -0.7320 -0.4186 -0.5375

PART 76
OFFSET 0.0000 0.0000 0.0000
SCALE 1 1 1
X 1.0000 0.0000 0.0000
Y 0.0000 1.0000 0.0000
Z 0.0000 0.0000 1.0000

PART 77
OFFSET 0.0000 0.0000 0.0000
SCALE 1 1 1
X 1.0000 0.0009 -0.0065
Y -0.0010 1.0000 -0.0017
Z 0.0065 0.0017 1.0000

PART 78
OFFSET 1.5673 0.0086 4.1256
SCALE 1 1 1
X 1.0000 0.0009 -0.0065
Y -0.0010 1.0000 -0.0017
Z 0.0065 0.0017 1.0000

PART 79
OFFSET 9.5693 -6.0828 -16.0364
SCALE 1 1 1
X 0.9560 0.0246 0.2925
Y -0.0423 0.9976 0.0540
Z -0.2905 -0.0640 0.9547

PART 80
OFFSET 8.7629 -6.5389 -19.5003
SCALE 1 1 1
X -0.1350 -0.8895 0.4365
Y 0.9427 0.0203 0.3330
Z -0.3051 0.4564 0.8358

PART 81
OFFSET 9.0646 -7.9661 -15.1621
SCALE 1 1 1
X 0.9498 0.0233 0.3119
Y -0.0423 0.9976 0.0540
Z -0.3099 -0.0645 0.9486

PART 82
OFFSET 35.7532 -5.4936 -6.4383
SCALE 1 1 1
X 0.9560 0.0246 0.2925
Y -0.0423 0.9976 0.0540
Z -0.2905 -0.0640 0.9547

PART 83
OFFSET 7.2327 -6.2049 -16.5046
SCALE 1 1 1
X 0.9550 -0.0403 0.2939
Y 0.0127 0.9954 0.0953
Z -0.2963 -0.0873 0.9511

PART 84
OFFSET 7.4969 -6.1916 -16.3471
SCALE 1 1 1
X 0.9560 0.0246 0.2925
Y -0.0423 0.9976 0.0540
Z -0.2905 -0.0640 0.9547

PART 85
OFFSET 3.1718 -6.3327 -16.2067
SCALE 1 1 1
X 0.9560 0.0246 0.2925
Y -0.0423 0.9976 0.0540
Z -0.2905 -0.0640 0.9547

PART 86
OFFSET 32.0544 -5.5201 -8.8412
SCALE 1 1 1
X 0.9498 0.0233 0.3119
Y -0.0423 0.9976 0.0540
Z -0.3099 -0.0645 0.9486

PART 87
OFFSET 44.2281 -5.2851 -3.6597
SCALE 1 1 1
X 0.9498 0.0233 0.3119
Y -0.0423 0.9976 0.0540
Z -0.3099 -0.0645 0.9486

PART 88
OFFSET 44.5567 -5.2763 -3.5664
SCALE 1 1 1
X 0.9498 0.0233 0.3119
Y -0.0423 0.9976 0.0540
Z -0.3099 -0.0645 0.9486

PART 89
OFFSET 5.2738 -4.9231 -16.3807
SCALE 1 1 1
X 0.9560 0.0246 0.2925
Y -0.0423 0.9976 0.0540
Z -0.2905 -0.0640 0.9547

PART 90
OFFSET 14.7155 -6.4072 -13.6078
SCALE 1 1 1
X 0.9560 0.0246 0.2925
Y -0.0423 0.9976 0.0540
Z -0.2905 -0.0640 0.9547

PART 91
OFFSET 37.2301 -5.4634 -5.8415
SCALE 1 1 1
X 0.9498 0.0233 0.3119
Y -0.0423 0.9976 0.0540
Z -0.3099 -0.0645 0.9486


FRAME 877
PART 0
OFFSET 13.2549 -4.6911 -17.8060
SCALE 1 1 1
X 0.2709 -0.8437 0.4634
Y -0.6098 0.2221 0.7608
Z -0.7448 -0.4887 -0.4543

PART 1
OFFSET 13.2549 -4.6911 -17.8060
SCALE 1 1 1
X 0.2709 -0.8437 0.4634
Y -0.6098 0.2221 0.7608
Z -0.7448 -0.4887 -0.4543

PART 2
OFFSET -0.7861 -7.9670 -24.9870
SCALE 1 1 1
X -0.9325 -0.3524 0.0792
Y 0.3495 -0.9357 -0.0487
Z 0.0912 -0.0177 0.9957

PART 3
OFFSET -0.7861 -7.9670 -24.9870
SCALE 1 1 1
X -0.9325 -0.3524 0.0792
Y 0.3495 -0.9357 -0.0487
Z 0.0912 -0.0177 0.9957

PART 4
OFFSET 6.2061 -3.1050 -3.3894
SCALE 1 1 1
X 1.0000 0.0000 0.0000
Y 0.0000 1.0000 0.0000
Z 0.0000 -0.0000 1.0000

PART 5
OFFSET 1.6245 4.2672 -6.2573
SCALE 1 1 1
X 0.4078 0.1275 -0.9041
Y -0.4205 -0.8528 -0.3099
Z -0.8105 0.5065 -0.2941

PART 6
OFFSET 6.5558 5.8092 -17.1920
SCALE 1 1 1
X 0.5590 -0.8231 -0.1003
Y -0.2951 -0.3106 0.9036
Z -0.7749 -0.4755 -0.4165

PART 7
OFFSET 11.3102 -1.1916 -18.0454
SCALE 1 1 1
X 0.5590 -0.8231 -0.1003
Y 0.7635 0.4637 0.4496
Z -0.3235 -0.3279 0.8876

PART 8
OFFSET 13.7252 -1.2528 -18.0074
SCALE 1 1 1
X 0.5629 -0.8199 -0.1046
Y 0.7775 0.4822 0.4038
Z -0.2806 -0.3086 0.9089

PART 9
OFFSET 11.6817 -1.9836 -19.5858
SCALE 1 1 1
X 0.5629 -0.8199 -0.1046
Y 0.7775 0.4822 0.4038
Z -0.2806 -0.3086 0.9089

PART 10
OFFSET 13.1425 -2.4824 -16.3755
SCALE 1 1 1
X 0.5629 -0.8199 -0.1046
Y 0.7775 0.4822 0.4038
Z -0.2806 -0.3086 0.9089

PART 11
OFFSET 11.7774 -3.2101 -17.0176
SCALE 1 1 1
X 0.5629 -0.8199 -0.1046
Y 0.7775 0.4822 0.4038
Z -0.2806 -0.3086 0.9089

PART 12
OFFSET 10.3843 -3.5985 -17.7947
SCALE 1 1 1
X 0.5629 -0.8199 -0.1046
Y 0.7775 0.4822 0.4038
Z -0.2806 -0.3086 0.9089

PART 13
OFFSET 13.0238 -3.7149 -18.3530
SCALE 1 1 1
X 0.4986 -0.6577 0.5647
Y 0.6517 0.7139 0.2562
Z -0.5716 0.2403 0.7845

PART 14
OFFSET 13.6423 -3.2232 -17.5296
SCALE 1 1 1
X 0.1390 -0.1183 0.9832
Y 0.3678 0.9280 0.0596
Z -0.9195 0.3533 0.1725

PART 15
OFFSET 13.9277 -3.3661 -15.3924
SCALE 1 1 1
X 0.2089 -0.3742 0.9035
Y 0.1920 0.9216 0.3373
Z -0.9589 0.1029 0.2644

PART 16
OFFSET 14.1462 -4.0137 -13.9243
SCALE 1 1 1
X -0.0607 -0.7790 0.6241
Y 0.2592 0.5915 0.7635
Z -0.9639 0.2081 0.1660

PART 17
OFFSET 14.0409 -4.8365 -13.2288
SCALE 1 1 1
X 0.6278 -0.5868 0.5114
Y 0.6896 0.1147 -0.7150
Z 0.3609 0.8016 0.4767

PART 18
OFFSET 12.6324 -4.9873 -17.9909
SCALE 1 1 1
X 0.0122 -0.9365 0.3504
Y -0.6206 0.2677 0.7370
Z -0.7841 -0.2265 -0.5779

PART 19
OFFSET 12.6979 -7.0257 -17.0290
SCALE 1 1 1
X -0.5402 0.1309 0.8313
Y -0.2820 0.9025 -0.3254
Z -0.7928 -0.4103 -0.4507

PART 20
OFFSET 11.9330 -6.8404 -15.8521
SCALE 1 1 1
X -0.5827 0.5479 0.6003
Y -0.0359 0.7205 -0.6925
Z -0.8119 -0.4251 -0.4001

PART 21
OFFSET 11.4164 -6.3546 -15.3199
SCALE 1 1 1
X -0.5492 0.7647 0.3371
Y 0.2163 0.5197 -0.8265
Z -0.8072 -0.3810 -0.4508

PART 22
OFFSET 10.8947 -5.6281 -14.9997
SCALE 1 1 1
X 0.4010 -0.8560 0.3262
Y 0.4147 -0.1479 -0.8979
Z 0.8168 0.4953 0.2957

PART 23
OFFSET 13.2549 -4.6911 -17.8060
SCALE 1 1 1
X 0.2709 -0.8437 0.4634
Y -0.6098 0.2221 0.7608
Z -0.7448 -0.4887 -0.4543

PART 24
OFFSET 13.8608 -6.9583 -16.6875
SCALE 1 1 1
X -0.5133 0.0733 0.8551
Y -0.3575 0.8875 -0.2907
Z -0.7802 -0.4549 -0.4294

PART 25
OFFSET 12.9869 -6.8336 -15.2318
SCALE 1 1 1
X -0.6112 0.5513 0.5679
Y -0.0387 0.6959 -0.7171
Z -0.7905 -0.4603 -0.4040

PART 26
OFFSET 12.1397 -6.0695 -14.4447
SCALE 1 1 1
X -0.5201 0.8535 0.0322
Y 0.3327 0.2372 -0.9127
Z -0.7867 -0.4640 -0.4073

PART 27
OFFSET 11.5757 -5.1439 -14.4098
SCALE 1 1 1
X 0.1974 -0.8576 0.4750
Y 0.6041 -0.2752 -0.7479
Z 0.7721 0.4346 0.4638

PART 28
OFFSET 15.2890 -4.4801 -15.7850
SCALE 1 1 1
X 0.1841 -0.6901 0.6999
Y 0.7168 -0.3929 -0.5760
Z 0.6725 0.6078 0.4224

PART 29
OFFSET 15.6704 -5.8285 -16.2510
SCALE 1 1 1
X -0.0420 -0.2243 0.9736
Y -0.7717 0.6263 0.1110
Z -0.6347 -0.7466 -0.1994

PART 30
OFFSET 15.5965 -6.2235 -14.5368
SCALE 1 1 1
X -0.5122 0.1624 0.8434
Y -0.6224 0.6065 -0.4948
Z -0.5919 -0.7783 -0.2096

PART 31
OFFSET 15.0098 -5.9788 -13.4988
SCALE 1 1 1
X -0.6933 0.4725 0.5442
Y -0.3339 0.4586 -0.8235
Z -0.6386 -0.7527 -0.1602

PART 32
OFFSET 14.2267 -5.4452 -12.8842
SCALE 1 1 1
X 0.3475 -0.7795 0.5212
Y 0.6406 -0.2086 -0.7390
Z 0.6848 0.5907 0.4269

PART 33
OFFSET 14.8077 -6.4898 -16.4485
SCALE 1 1 1
X -0.3413 -0.0598 0.9380
Y -0.6597 0.7261 -0.1938
Z -0.6695 -0.6850 -0.2873

PART 34
OFFSET 14.1409 -6.6066 -14.6159
SCALE 1 1 1
X -0.7284 0.4928 0.4761
Y -0.1575 0.5558 -0.8162
Z -0.6668 -0.6695 -0.3272

PART 35
OFFSET 13.0771 -5.8869 -13.9205
SCALE 1 1 1
X -0.6539 0.7422 -0.1469
Y 0.3794 0.1537 -0.9124
Z -0.6546 -0.6523 -0.3821

PART 36
OFFSET 12.3316 -5.0510 -14.0890
SCALE 1 1 1
X 0.3009 -0.6256 0.7198
Y 0.6605 -0.4078 -0.6305
Z 0.6879 0.6651 0.2905

PART 37
OFFSET 13.7252 -1.2528 -18.0074
SCALE 1 1 1
X 0.5629 -0.8199 -0.1046
Y 0.7775 0.4822 0.4038
Z -0.2806 -0.3086 0.9089

PART 38
OFFSET 11.6817 -1.9836 -19.5858
SCALE 1 1 1
X 0.5629 -0.8199 -0.1046
Y 0.7775 0.4822 0.4038
Z -0.2806 -0.3086 0.9089

PART 39
OFFSET 13.1425 -2.4824 -16.3755
SCALE 1 1 1
X 0.5629 -0.8199 -0.1046
Y 0.7775 0.4822 0.4038
Z -0.2806 -0.3086 0.9089

PART 40
OFFSET 11.7774 -3.2101 -17.0176
SCALE 1 1 1
X 0.5629 -0.8199 -0.1046
Y 0.7775 0.4822 0.4038
Z -0.2806 -0.3086 0.9089

PART 41
OFFSET 10.3843 -3.5985 -17.7947
SCALE 1 1 1
X 0.5629 -0.8199 -0.1046
Y 0.7775 0.4822 0.4038
Z -0.2806 -0.3086 0.9089

PART 42
OFFSET 8.6508 -5.4269 -18.3921
SCALE 1 1 1
X 0.8983 0.0434 0.4373
Y -0.0588 0.9980 0.0216
Z -0.4355 -0.0451 0.8991

PART 43
OFFSET -2.1097 -3.5648 -2.9073
SCALE 1 1 1
X 0.2752 0.3119 0.9094
Y -0.1540 -0.9194 0.3619
Z 0.9490 -0.2397 -0.2050

PART 44
OFFSET -5.4380 -7.3366 -13.9054
SCALE 1 1 1
X -0.3124 0.0940 0.9453
Y -0.8826 -0.3966 -0.2523
Z 0.3512 -0.9132 0.2069

PART 45
OFFSET -2.7810 -8.1361 -21.9455
SCALE 1 1 1
X -0.3124 0.0940 0.9453
Y -0.9129 -0.3050 -0.2714
Z 0.2628 -0.9477 0.1811

PART 46
OFFSET -2.0927 -6.9367 -23.3586
SCALE 1 1 1
X -0.3081 0.0989 0.9462
Y -0.3376 0.9185 -0.2059
Z -0.8894 -0.3829 -0.2496

PART 47
OFFSET -0.9114 -7.1747 -23.3508
SCALE 1 1 1
X -0.3081 0.0989 0.9462
Y -0.3376 0.9185 -0.2059
Z -0.8894 -0.3829 -0.2496

PART 48
OFFSET -0.5837 -8.4485 -23.2212
SCALE 1 1 1
X -0.3081 0.0989 0.9462
Y -0.3376 0.9185 -0.2059
Z -0.8894 -0.3829 -0.2496

PART 49
OFFSET -1.8233 -8.4242 -24.8434
SCALE 1 1 1
X -0.9225 -0.3108 -0.2288
Y 0.1843 0.1662 -0.9687
Z 0.3391 -0.9358 -0.0960

PART 50
OFFSET -1.7254 -8.0605 -23.7663
SCALE 1 1 1
X -0.3650 -0.8229 -0.4353
Y 0.5707 0.1717 -0.8030
Z 0.7356 -0.5416 0.4070

PART 51
OFFSET -1.0356 -6.2717 -22.7693
SCALE 1 1 1
X -0.6312 -0.7275 -0.2690
Y 0.5669 -0.1960 -0.8001
Z 0.5293 -0.6576 0.5362

PART 52
OFFSET -0.0420 -5.0354 -22.4428
SCALE 1 1 1
X -0.7561 -0.5834 0.2964
Y 0.1319 -0.5795 -0.8042
Z 0.6410 -0.5690 0.5152

PART 53
OFFSET 0.7441 -4.3686 -22.7732
SCALE 1 1 1
X -0.9427 -0.1846 -0.2779
Y -0.0897 0.9425 -0.3218
Z 0.3213 -0.2784 -0.9051

PART 54
OFFSET -0.9138 -7.7942 -25.6677
SCALE 1 1 1
X -0.8470 -0.3899 0.3613
Y 0.3976 -0.9159 -0.0562
Z 0.3528 0.0960 0.9308

PART 55
OFFSET 0.9920 -6.7919 -26.3370
SCALE 1 1 1
X -0.1350 -0.9754 0.1746
Y 0.7453 -0.2160 -0.6307
Z 0.6529 0.0450 0.7561

PART 56
OFFSET 1.1831 -5.4110 -26.5841
SCALE 1 1 1
X 0.5914 -0.6518 -0.4749
Y 0.5073 0.7584 -0.4092
Z 0.6269 0.0011 0.7791

PART 57
OFFSET 0.6588 -4.8332 -26.1631
SCALE 1 1 1
X 0.7352 -0.2833 -0.6158
Y 0.1782 0.9573 -0.2276
Z 0.6540 0.0575 0.7543

PART 58
OFFSET -0.0397 -4.5641 -25.5781
SCALE 1 1 1
X -0.7688 -0.3926 0.5047
Y -0.2559 0.9123 0.3198
Z -0.5860 0.1167 -0.8019

PART 59
OFFSET -0.7861 -7.9670 -24.9870
SCALE 1 1 1
X -0.9325 -0.3524 0.0792
Y 0.3495 -0.9357 -0.0487
Z 0.0912 -0.0177 0.9957

PART 60
OFFSET 1.6282 -7.0703 -25.3414
SCALE 1 1 1
X 0.0200 -0.9998 0.0011
Y 0.8394 0.0162 -0.5433
Z 0.5432 0.0118 0.8395

PART 61
OFFSET 1.5942 -5.3681 -25.3433
SCALE 1 1 1
X 0.7670 -0.4084 -0.4948
Y 0.3520 0.9127 -0.2077
Z 0.5365 -0.0149 0.8438

PART 62
OFFSET 0.5311 -4.8020 -24.6575
SCALE 1 1 1
X 0.8001 0.3359 -0.4970
Y -0.2782 0.9418 0.1887
Z 0.5315 -0.0127 0.8470

PART 63
OFFSET -0.3366 -5.1664 -24.1185
SCALE 1 1 1
X -0.4704 -0.8138 0.3411
Y -0.7090 0.5787 0.4029
Z -0.5253 -0.0523 -0.8493

PART 64
OFFSET -5.6369 -10.3598 -25.0281
SCALE 1 1 1
X -0.8094 -0.5848 -0.0546
Y -0.5850 0.8109 -0.0125
Z 0.0516 0.0218 -0.9984

PART 65
OFFSET 1.7584 -7.6864 -23.2569
SCALE 1 1 1
X -0.9581 -0.2663 -0.1052
Y 0.2702 -0.9625 -0.0246
Z -0.0947 -0.0520 0.9942

PART 66
OFFSET 3.4454 -7.2176 -23.0718
SCALE 1 1 1
X -0.7078 -0.7026 -0.0736
Y 0.6986 -0.7116 0.0745
Z -0.1047 0.0013 0.9945

PART 67
OFFSET 4.2994 -6.3634 -22.9219
SCALE 1 1 1
X -0.1519 -0.9849 -0.0834
Y 0.9785 -0.1617 0.1281
Z -0.1397 -0.0622 0.9882

PART 68
OFFSET 4.4710 -5.2509 -22.8276
SCALE 1 1 1
X -0.8732 0.4491 0.1895
Y 0.4548 0.8905 -0.0151
Z -0.1755 0.0730 -0.9818

PART 69
OFFSET 1.7991 -7.3714 -24.3150
SCALE 1 1 1
X -0.5050 -0.8517 -0.1402
Y 0.8590 -0.5118 0.0147
Z -0.0843 -0.1130 0.9900

PART 70
OFFSET 2.7857 -5.7076 -24.0412
SCALE 1 1 1
X 0.7530 -0.6577 -0.0208
Y 0.6562 0.7481 0.0990
Z -0.0496 -0.0882 0.9949

PART 71
OFFSET 1.6859 -4.7469 -24.0108
SCALE 1 1 1
X 0.9838 -0.1771 0.0290
Y 0.1760 0.9837 0.0371
Z -0.0351 -0.0314 0.9989

PART 72
OFFSET 0.5721 -4.5454 -24.0507
SCALE 1 1 1
X -0.8645 -0.4905 -0.1098
Y -0.4998 0.8621 0.0842
Z 0.0534 0.1276 -0.9904

PART 73
OFFSET -2.0927 -6.9367 -23.3586
SCALE 1 1 1
X -0.3081 0.0989 0.9462
Y -0.3376 0.9185 -0.2059
Z -0.8894 -0.3829 -0.2496

PART 74
OFFSET -0.9114 -7.1747 -23.3508
SCALE 1 1 1
X -0.3081 0.0989 0.9462
Y -0.3376 0.9185 -0.2059
Z -0.8894 -0.3829 -0.2496

PART 75
OFFSET -0.5837 -8.4485 -23.2212
SCALE 1 1 1
X -0.3081 0.0989 0.9462
Y -0.3376 0.9185 -0.2059
Z -0.8894 -0.3829 -0.2496

PART 76
OFFSET 0.0000 0.0000 0.0000
SCALE 1 1 1
X 1.0000 0.0000 0.0000
Y 0.0000 1.0000 0.0000
Z 0.0000 0.0000 1.0000

PART 77
OFFSET 0.0000 0.0000 0.0000
SCALE 1 1 1
X 0.9998 0.0032 -0.0220
Y -0.0033 1.0000 -0.0059
Z 0.0220 0.0059 0.9997

PART 78
OFFSET 1.6309 0.0295 4.1008
SCALE 1 1 1
X 0.9998 0.0032 -0.0220
Y -0.0033 1.0000 -0.0059
Z 0.0220 0.0059 0.9997

PART 79
OFFSET 8.6508 -5.4269 -18.3921
SCALE 1 1 1
X 0.8983 0.0434 0.4373
Y -0.0588 0.9980 0.0216
Z -0.4355 -0.0451 0.8991

PART 80
OFFSET 8.3994 -5.9743 -21.9267
SCALE 1 1 1
X -0.1939 -0.8806 0.4323
Y 0.8789 0.0398 0.4753
Z -0.4358 0.4722 0.7663

PART 81
OFFSET 8.0320 -7.2952 -17.5600
SCALE 1 1 1
X 0.8892 0.0425 0.4556
Y -0.0588 0.9980 0.0216
Z -0.4537 -0.0460 0.8899

PART 82
OFFSET 33.0078 -4.2863 -4.8457
SCALE 1 1 1
X 0.8983 0.0434 0.4373
Y -0.0588 0.9980 0.0216
Z -0.4355 -0.0451 0.8991

PART 83
OFFSET 6.4180 -5.5890 -19.2144
SCALE 1 1 1
X 0.8976 -0.0215 0.4402
Y -0.0109 0.9974 0.0711
Z -0.4406 -0.0686 0.8951

PART 84
OFFSET 6.6534 -5.5686 -19.0194
SCALE 1 1 1
X 0.8983 0.0434 0.4373
Y -0.0588 0.9980 0.0216
Z -0.4355 -0.0451 0.8991

PART 85
OFFSET 2.3609 -5.7602 -19.5517
SCALE 1 1 1
X 0.8983 0.0434 0.4373
Y -0.0588 0.9980 0.0216
Z -0.4355 -0.0451 0.8991

PART 86
OFFSET 29.7301 -4.4154 -7.7946
SCALE 1 1 1
X 0.8892 0.0425 0.4556
Y -0.0588 0.9980 0.0216
Z -0.4537 -0.0460 0.8899

PART 87
OFFSET 40.9425 -3.9071 -0.7855
SCALE 1 1 1
X 0.8892 0.0425 0.4556
Y -0.0588 0.9980 0.0216
Z -0.4537 -0.0460 0.8899

PART 88
OFFSET 41.2523 -3.8920 -0.6423
SCALE 1 1 1
X 0.8892 0.0425 0.4556
Y -0.0588 0.9980 0.0216
Z -0.4537 -0.0460 0.8899

PART 89
OFFSET 4.4521 -4.3291 -19.4313
SCALE 1 1 1
X 0.8983 0.0434 0.4373
Y -0.0588 0.9980 0.0216
Z -0.4355 -0.0451 0.8991

PART 90
OFFSET 13.3571 -5.6299 -15.1833
SCALE 1 1 1
X 0.8983 0.0434 0.4373
Y -0.0588 0.9980 0.0216
Z -0.4355 -0.0451 0.8991

PART 91
OFFSET 34.3730 -4.2237 -4.0268
SCALE 1 1 1
X 0.8892 0.0425 0.4556
Y -0.0588 0.9980 0.0216
Z -0.4537 -0.0460 0.8899


FRAME 878
PART 0
OFFSET 12.0304 -3.7155 -19.7887
SCALE 1 1 1
X 0.1929 -0.8301 0.5232
Y -0.7382 0.2284 0.6347
Z -0.6464 -0.5087 -0.5687

PART 1
OFFSET 12.0304 -3.7155 -19.7887
SCALE 1 1 1
X 0.1929 -0.8301 0.5232
Y -0.7382 0.2284 0.6347
Z -0.6464 -0.5087 -0.5687

PART 2
OFFSET -0.5360 -6.8518 -26.2328
SCALE 1 1 1
X -0.9277 -0.3644 -0.0804
Y 0.3627 -0.9312 0.0355
Z -0.0878 0.0037 0.9961

PART 3
OFFSET -0.5360 -6.8518 -26.2328
SCALE 1 1 1
X -0.9277 -0.3644 -0.0804
Y 0.3627 -0.9312 0.0355
Z -0.0878 0.0037 0.9961

PART 4
OFFSET 6.2061 -3.1050 -3.3894
SCALE 1 1 1
X 1.0000 0.0000 0.0000
Y 0.0000 1.0000 0.0000
Z 0.0000 -0.0000 1.0000

PART 5
OFFSET 1.6245 4.2672 -6.2573
SCALE 1 1 1
X 0.3644 0.2026 -0.9089
Y -0.4964 -0.7835 -0.3737
Z -0.7879 0.5874 -0.1850

PART 6
OFFSET 6.0318 6.7175 -17.2498
SCALE 1 1 1
X 0.5063 -0.8186 -0.2714
Y -0.2387 -0.4354 0.8680
Z -0.8287 -0.3747 -0.4158

PART 7
OFFSET 10.3379 -0.2447 -19.5580
SCALE 1 1 1
X 0.5063 -0.8186 -0.2714
Y 0.7003 0.2066 0.6833
Z -0.5032 -0.5360 0.6779

PART 8
OFFSET 12.7232 -0.3972 -19.7938
SCALE 1 1 1
X 0.5100 -0.8149 -0.2754
Y 0.8306 0.3832 0.4040
Z -0.2237 -0.4348 0.8723

PART 9
OFFSET 10.5458 -0.8018 -21.2268
SCALE 1 1 1
X 0.5100 -0.8149 -0.2754
Y 0.8306 0.3832 0.4040
Z -0.2237 -0.4348 0.8723

PART 10
OFFSET 12.1853 -1.8773 -18.2596
SCALE 1 1 1
X 0.5100 -0.8149 -0.2754
Y 0.8306 0.3832 0.4040
Z -0.2237 -0.4348 0.8723

PART 11
OFFSET 10.7803 -2.4148 -18.8917
SCALE 1 1 1
X 0.5100 -0.8149 -0.2754
Y 0.8306 0.3832 0.4040
Z -0.2237 -0.4348 0.8723

PART 12
OFFSET 9.4764 -2.5059 -19.6450
SCALE 1 1 1
X 0.5100 -0.8149 -0.2754
Y 0.8306 0.3832 0.4040
Z -0.2237 -0.4348 0.8723

PART 13
OFFSET 11.8900 -2.7541 -20.3900
SCALE 1 1 1
X 0.3968 -0.6388 0.6592
Y 0.5877 0.7285 0.3521
Z -0.7051 0.2476 0.6645

PART 14
OFFSET 12.3461 -2.2367 -19.4808
SCALE 1 1 1
X -0.0375 -0.0963 0.9946
Y 0.3411 0.9343 0.1033
Z -0.9393 0.3432 -0.0022

PART 15
OFFSET 12.2470 -2.3322 -17.3243
SCALE 1 1 1
X 0.0483 -0.3528 0.9345
Y 0.1186 0.9310 0.3453
Z -0.9918 0.0941 0.0868

PART 16
OFFSET 12.2068 -2.9467 -15.8266
SCALE 1 1 1
X -0.1626 -0.7670 0.6207
Y 0.1123 0.6106 0.7839
Z -0.9803 0.1972 -0.0132

PART 17
OFFSET 11.9880 -3.7567 -15.1427
SCALE 1 1 1
X 0.5328 -0.5670 0.6282
Y 0.8049 0.1104 -0.5830
Z 0.2612 0.8163 0.5152

PART 18
OFFSET 11.4541 -4.0246 -20.0749
SCALE 1 1 1
X -0.0404 -0.9290 0.3680
Y -0.7451 0.2734 0.6084
Z -0.6658 -0.2496 -0.7032

PART 19
OFFSET 11.3690 -6.0419 -19.0711
SCALE 1 1 1
X -0.6814 0.1397 0.7185
Y -0.2292 0.8915 -0.3907
Z -0.6951 -0.4309 -0.5754

PART 20
OFFSET 10.4043 -5.8441 -18.0539
SCALE 1 1 1
X -0.6864 0.5513 0.4743
Y 0.0805 0.7057 -0.7039
Z -0.7228 -0.4450 -0.5288

PART 21
