// Export filename: `C:/cod5/cod/cod5/xanim_export/viewmodel/US/m1garand/viewmodel_m1garand_grenade_pullout_empty.XANIM_EXPORT`
// Source filename: `C:/cod5/cod/cod5/animation_assets/viewmodel/US/m1_garand/viewmodelanimation_m1garand.mb`
// Export time: Thu Jul 03 14:06:02 2008

ANIMATION
VERSION 3

NUMPARTS 92
PART 0 "RingPalm_FK_LE"
PART 1 "RingPalm_SDK_LE"
PART 2 "RingPalm_FK_RI"
PART 3 "RingPalm_SDK_RI"
PART 4 "tag_torso"
PART 5 "J_Shoulder_LE"
PART 6 "J_Elbow_LE"
PART 7 "J_WristTwist_LE"
PART 8 "J_Sleave_Reshape_Bottom_LE_1"
PART 9 "J_Sleave_Reshape_Bottom_LE_2"
PART 10 "J_Sleave_Reshape_Top_LE_1"
PART 11 "J_Sleave_Reshape_Top_LE_2"
PART 12 "J_Sleave_Reshape_Top_LE_3"
PART 13 "J_Wrist_LE"
PART 14 "J_Thumb_LE_0"
PART 15 "J_Thumb_LE_1"
PART 16 "J_Thumb_LE_2"
PART 17 "J_Thumb_LE_3"
PART 18 "J_PinkyPalm_LE"
PART 19 "J_Pinky_LE_0"
PART 20 "J_Pinky_LE_1"
PART 21 "J_Pinky_LE_2"
PART 22 "J_Pinky_LE_3"
PART 23 "J_RingPalm_LE"
PART 24 "J_Ring_LE_0"
PART 25 "J_Ring_LE_1"
PART 26 "J_Ring_LE_2"
PART 27 "J_Ring_LE_3"
PART 28 "J_Webbing_LE"
PART 29 "J_Index_LE_0"
PART 30 "J_Index_LE_1"
PART 31 "J_Index_LE_2"
PART 32 "J_Index_LE_3"
PART 33 "J_Mid_LE_0"
PART 34 "J_Mid_LE_1"
PART 35 "J_Mid_LE_2"
PART 36 "J_Mid_LE_3"
PART 37 "D_Sleave_Reshape_Bottom_LE_1"
PART 38 "D_Sleave_Reshape_Bottom_LE_2"
PART 39 "D_Sleave_Reshape_Top_LE_1"
PART 40 "D_Sleave_Reshape_Top_LE_2"
PART 41 "D_Sleave_Reshape_Top_LE_3"
PART 42 "tag_weapon"
PART 43 "J_Shoulder_RI"
PART 44 "J_Elbow_RI"
PART 45 "J_WristTwist_RI"
PART 46 "J_Sleave_Reshape_Top_RI_3"
PART 47 "J_Sleave_Reshape_Top_RI_2"
PART 48 "J_Sleave_Reshape_Top_RI_1"
PART 49 "J_Wrist_RI"
PART 50 "J_Thumb_RI_0"
PART 51 "J_Thumb_RI_1"
PART 52 "J_Thumb_RI_2"
PART 53 "J_Thumb_RI_3"
PART 54 "J_PinkyPalm_RI"
PART 55 "J_Pinky_RI_0"
PART 56 "J_Pinky_RI_1"
PART 57 "J_Pinky_RI_2"
PART 58 "J_Pinky_RI_3"
PART 59 "J_RingPalm_RI"
PART 60 "J_Ring_RI_0"
PART 61 "J_Ring_RI_1"
PART 62 "J_Ring_RI_2"
PART 63 "J_Ring_RI_3"
PART 64 "J_Webbing_RI"
PART 65 "J_Index_RI_0"
PART 66 "J_Index_RI_1"
PART 67 "J_Index_RI_2"
PART 68 "J_Index_RI_3"
PART 69 "J_Mid_RI_0"
PART 70 "J_Mid_RI_1"
PART 71 "J_Mid_RI_2"
PART 72 "J_Mid_RI_3"
PART 73 "D_Sleave_Reshape_Top_RI_3"
PART 74 "D_Sleave_Reshape_Top_RI_2"
PART 75 "D_Sleave_Reshape_Top_RI_1"
PART 76 "tag_cambone"
PART 77 "tag_camera"
PART 78 "tag_gasmask"
PART 79 "J_Gun"
PART 80 "tag_brass"
PART 81 "J_Bolt"
PART 82 "tag_flash"
PART 83 "j_stripper"
PART 84 "J_Clip"
PART 85 "TAG_APERTURE"
PART 86 "tag_bayonet"
PART 87 "tag_grenade"
PART 88 "tag_grenade_mount"
PART 89 "TAG_TELESCOPIC"
PART 90 "TAG_IRON_SIGHTS"
PART 91 "TAG_SUPPRESSOR"

FRAMERATE 24
NUMFRAMES 20

FRAME 1215
PART 0
OFFSET 9.0056 4.8444 -22.3752
SCALE 1 1 1
X 0.9100 -0.4123 -0.0444
Y 0.2202 0.3895 0.8943
Z -0.3514 -0.8236 0.4452

PART 1
OFFSET 9.0056 4.8444 -22.3752
SCALE 1 1 1
X 0.9100 -0.4123 -0.0444
Y 0.2202 0.3895 0.8943
Z -0.3514 -0.8236 0.4452

PART 2
OFFSET 0.1696 -5.0499 -13.2389
SCALE 1 1 1
X -0.0966 -0.5033 0.8587
Y 0.6062 -0.7140 -0.3504
Z 0.7895 0.4866 0.3741

PART 3
OFFSET 0.1696 -5.0499 -13.2389
SCALE 1 1 1
X -0.0966 -0.5033 0.8587
Y 0.6062 -0.7140 -0.3504
Z 0.7895 0.4866 0.3741

PART 4
OFFSET 6.2061 -3.1050 -3.3894
SCALE 1 1 1
X 1.0000 0.0000 0.0000
Y 0.0000 1.0000 0.0000
Z 0.0000 -0.0000 1.0000

PART 5
OFFSET 1.6245 4.2672 -6.2573
SCALE 1 1 1
X -0.3105 0.2776 -0.9091
Y 0.1975 -0.9167 -0.3473
Z -0.9298 -0.2874 0.2299

PART 6
OFFSET -2.1313 7.6240 -17.2523
SCALE 1 1 1
X 0.8734 -0.1976 -0.4450
Y 0.3803 -0.2940 0.8769
Z -0.3041 -0.9352 -0.1816

PART 7
OFFSET 5.2978 5.9436 -21.0375
SCALE 1 1 1
X 0.8734 -0.1976 -0.4450
Y -0.0001 0.9139 -0.4060
Z 0.4869 0.3546 0.7982

PART 8
OFFSET 6.8318 7.5992 -21.8997
SCALE 1 1 1
X 0.8720 -0.1932 -0.4498
Y 0.2961 0.9399 0.1703
Z 0.3898 -0.2817 0.8768

PART 9
OFFSET 5.4840 5.4294 -22.7225
SCALE 1 1 1
X 0.8720 -0.1932 -0.4498
Y 0.2961 0.9399 0.1703
Z 0.3898 -0.2817 0.8768

PART 10
OFFSET 7.9513 6.5664 -20.4184
SCALE 1 1 1
X 0.8720 -0.1932 -0.4498
Y 0.2961 0.9399 0.1703
Z 0.3898 -0.2817 0.8768

PART 11
OFFSET 7.3746 5.0088 -20.6349
SCALE 1 1 1
X 0.8720 -0.1932 -0.4498
Y 0.2961 0.9399 0.1703
Z 0.3898 -0.2817 0.8768

PART 12
OFFSET 6.4941 3.6493 -20.9032
SCALE 1 1 1
X 0.8720 -0.1932 -0.4498
Y 0.2961 0.9399 0.1703
Z 0.3898 -0.2817 0.8768

PART 13
OFFSET 7.9755 5.3380 -22.4019
SCALE 1 1 1
X 0.9692 -0.1479 -0.1971
Y 0.0449 0.8925 -0.4489
Z 0.2423 0.4262 0.8716

PART 14
OFFSET 8.5543 6.3077 -22.5658
SCALE 1 1 1
X 0.8530 0.4092 0.3241
Y -0.3255 0.9024 -0.2825
Z -0.4080 0.1354 0.9029

PART 15
OFFSET 10.3398 7.2882 -21.8445
SCALE 1 1 1
X 0.9595 0.1752 0.2207
Y -0.1798 0.9837 0.0008
Z -0.2169 -0.0404 0.9754

PART 16
OFFSET 11.8751 7.5079 -21.3791
SCALE 1 1 1
X 0.8709 -0.3687 0.3250
Y 0.3450 0.9296 0.1298
Z -0.3500 -0.0009 0.9368

PART 17
OFFSET 12.8068 7.1250 -20.9825
SCALE 1 1 1
X 0.9388 -0.0800 -0.3351
Y -0.3403 -0.0646 -0.9381
Z 0.0534 0.9947 -0.0879

PART 18
OFFSET 8.7964 4.3433 -21.9118
SCALE 1 1 1
X 0.7794 -0.6125 0.1321
Y 0.1734 0.4134 0.8939
Z -0.6021 -0.6738 0.4284

PART 19
OFFSET 10.6565 3.1160 -21.5679
SCALE 1 1 1
X 0.3488 0.3654 0.8630
Y -0.8430 0.5247 0.1186
Z -0.4095 -0.7689 0.4911

PART 20
OFFSET 11.1504 3.6333 -20.3460
SCALE 1 1 1
X -0.0682 0.5923 0.8028
Y -0.9263 0.2614 -0.2715
Z -0.3707 -0.7621 0.5308

PART 21
OFFSET 11.0900 4.1585 -19.6342
SCALE 1 1 1
X -0.3713 0.6565 0.6566
Y -0.8224 0.0958 -0.5608
Z -0.4310 -0.7483 0.5043

PART 22
OFFSET 10.7372 4.7822 -19.0104
SCALE 1 1 1
X 0.8626 -0.4540 -0.2231
Y -0.4364 -0.4447 -0.7822
Z 0.2559 0.7721 -0.5817

PART 23
OFFSET 9.0056 4.8444 -22.3752
SCALE 1 1 1
X 0.9100 -0.4123 -0.0444
Y 0.2202 0.3895 0.8943
Z -0.3514 -0.8236 0.4452

PART 24
OFFSET 11.3103 3.6434 -22.4442
SCALE 1 1 1
X 0.4083 0.3357 0.8489
Y -0.8370 0.5089 0.2013
Z -0.3644 -0.7927 0.4887

PART 25
OFFSET 12.0053 4.2149 -20.9989
SCALE 1 1 1
X -0.1049 0.5721 0.8134
Y -0.9322 0.2283 -0.2808
Z -0.3464 -0.7878 0.5094

PART 26
OFFSET 11.8599 5.0078 -19.8716
SCALE 1 1 1
X -0.6374 0.5923 0.4929
Y -0.6889 -0.1513 -0.7089
Z -0.3453 -0.7914 0.5044

PART 27
OFFSET 11.1687 5.6501 -19.3370
SCALE 1 1 1
X 0.8987 -0.4378 0.0259
Y -0.1836 -0.4292 -0.8843
Z 0.3983 0.7900 -0.4661

PART 28
OFFSET 11.1643 6.5274 -23.2550
SCALE 1 1 1
X 0.9706 -0.1933 0.1437
Y 0.0517 -0.4156 -0.9081
Z 0.2353 0.8888 -0.3933

PART 29
OFFSET 11.6957 5.2763 -23.8323
SCALE 1 1 1
X 0.8361 0.2680 0.4786
Y -0.5481 0.3734 0.7484
Z 0.0218 -0.8881 0.4591

PART 30
OFFSET 13.1679 5.7481 -22.9897
SCALE 1 1 1
X 0.3512 0.4049 0.8442
Y -0.9351 0.1059 0.3382
Z 0.0476 -0.9082 0.4158

PART 31
OFFSET 13.5919 6.2955 -21.9886
SCALE 1 1 1
X -0.1102 0.4731 0.8741
Y -0.9925 -0.0993 -0.0714
Z 0.0530 -0.8754 0.4805

PART 32
OFFSET 13.4674 6.8299 -21.0013
SCALE 1 1 1
X 0.9467 -0.3106 -0.0849
Y -0.1997 -0.3596 -0.9115
Z 0.2526 0.8799 -0.4025

PART 33
OFFSET 11.5871 4.4003 -23.1680
SCALE 1 1 1
X 0.6076 0.3095 0.7315
Y -0.7891 0.3404 0.5113
Z -0.0907 -0.8879 0.4511

PART 34
OFFSET 12.7739 5.0050 -21.7390
SCALE 1 1 1
X -0.1854 0.4482 0.8745
Y -0.9743 0.0322 -0.2231
Z -0.1281 -0.8934 0.4307

PART 35
OFFSET 12.5031 5.6596 -20.4616
SCALE 1 1 1
X -0.7606 0.3779 0.5279
Y -0.6254 -0.2086 -0.7519
Z -0.1740 -0.9020 0.3950

PART 36
OFFSET 11.6408 6.0814 -19.8605
SCALE 1 1 1
X 0.9938 -0.0989 0.0502
Y -0.0020 -0.4690 -0.8832
Z 0.1109 0.8776 -0.4663

PART 37
OFFSET 6.8318 7.5992 -21.8997
SCALE 1 1 1
X 0.8720 -0.1932 -0.4498
Y 0.2961 0.9399 0.1703
Z 0.3898 -0.2817 0.8768

PART 38
OFFSET 5.4840 5.4294 -22.7225
SCALE 1 1 1
X 0.8720 -0.1932 -0.4498
Y 0.2961 0.9399 0.1703
Z 0.3898 -0.2817 0.8768

PART 39
OFFSET 7.9513 6.5664 -20.4184
SCALE 1 1 1
X 0.8720 -0.1932 -0.4498
Y 0.2961 0.9399 0.1703
Z 0.3898 -0.2817 0.8768

PART 40
OFFSET 7.3746 5.0088 -20.6349
SCALE 1 1 1
X 0.8720 -0.1932 -0.4498
Y 0.2961 0.9399 0.1703
Z 0.3898 -0.2817 0.8768

PART 41
OFFSET 6.4941 3.6493 -20.9032
SCALE 1 1 1
X 0.8720 -0.1932 -0.4498
Y 0.2961 0.9399 0.1703
Z 0.3898 -0.2817 0.8768

PART 42
OFFSET 7.2475 2.7312 -18.5639
SCALE 1 1 1
X 0.6396 0.4833 -0.5977
Y -0.5518 0.8300 0.0806
Z 0.5351 0.2783 0.7976

PART 43
OFFSET -2.1097 -3.5648 -2.9073
SCALE 1 1 1
X 0.7074 0.4362 0.5561
Y -0.0293 -0.7680 0.6397
Z 0.7062 -0.4688 -0.5305

PART 44
OFFSET -10.6650 -8.8405 -9.6330
SCALE 1 1 1
X -0.9337 -0.2768 0.2270
Y -0.1268 -0.3374 -0.9328
Z 0.3348 -0.8998 0.2799

PART 45
OFFSET -2.7232 -6.4863 -11.5637
SCALE 1 1 1
X -0.9337 -0.2768 0.2270
Y -0.2933 0.2282 -0.9284
Z 0.2052 -0.9334 -0.2942

PART 46
OFFSET -1.7412 -4.7047 -11.6864
SCALE 1 1 1
X -0.9339 -0.2723 0.2318
Y -0.3303 0.9053 -0.2671
Z -0.1371 -0.3260 -0.9354

PART 47
OFFSET -1.0134 -4.9925 -10.7320
SCALE 1 1 1
X -0.9339 -0.2723 0.2318
Y -0.3303 0.9053 -0.2671
Z -0.1371 -0.3260 -0.9354

PART 48
OFFSET -0.4269 -6.3915 -10.4592
SCALE 1 1 1
X -0.9339 -0.2723 0.2318
Y -0.3303 0.9053 -0.2671
Z -0.1371 -0.3260 -0.9354

PART 49
OFFSET 0.1394 -5.6378 -12.2596
SCALE 1 1 1
X -0.3463 -0.6135 0.7097
Y -0.7474 -0.2767 -0.6040
Z 0.5669 -0.7396 -0.3628

PART 50
OFFSET 0.7837 -4.7911 -11.8470
SCALE 1 1 1
X -0.0123 -0.9938 0.1101
Y -0.4819 -0.0906 -0.8716
Z 0.8762 -0.0637 -0.4778

PART 51
OFFSET 0.8095 -2.6338 -11.9710
SCALE 1 1 1
X -0.0395 -0.9045 0.4246
Y -0.2799 -0.3979 -0.8737
Z 0.9592 -0.1534 -0.2375

PART 52
OFFSET 0.7491 -1.1802 -12.6819
SCALE 1 1 1
X 0.2584 -0.5459 0.7970
Y -0.2359 -0.8357 -0.4960
Z 0.9368 -0.0598 -0.3447

PART 53
OFFSET 0.4309 -0.5729 -13.5196
SCALE 1 1 1
X -0.4596 -0.5368 0.7075
Y -0.7902 0.6108 -0.0500
Z -0.4053 -0.5821 -0.7049

PART 54
OFFSET -0.4825 -5.2654 -13.4335
SCALE 1 1 1
X 0.1671 -0.3768 0.9111
Y 0.6077 -0.6883 -0.3962
Z 0.7764 0.6198 0.1140

PART 55
OFFSET -0.8194 -4.2440 -15.4154
SCALE 1 1 1
X 0.6139 -0.7682 0.1817
Y -0.0754 -0.2863 -0.9552
Z 0.7858 0.5727 -0.2337

PART 56
OFFSET -1.6885 -3.1565 -15.6727
SCALE 1 1 1
X 0.2221 -0.6169 -0.7551
Y -0.5317 0.5725 -0.6241
Z 0.8173 0.5401 -0.2008

PART 57
OFFSET -1.8854 -2.6096 -15.0032
SCALE 1 1 1
X -0.0312 -0.3380 -0.9406
Y -0.6275 0.7391 -0.2448
Z 0.7780 0.5826 -0.2352

PART 58
OFFSET -1.8558 -2.2884 -14.1096
SCALE 1 1 1
X 0.3053 -0.2897 0.9071
Y -0.3554 0.8491 0.3908
Z -0.8835 -0.4416 0.1563

PART 59
OFFSET 0.1696 -5.0499 -13.2389
SCALE 1 1 1
X -0.0966 -0.5033 0.8587
Y 0.6062 -0.7140 -0.3504
Z 0.7895 0.4866 0.3741

PART 60
OFFSET 0.3164 -3.8316 -15.5307
SCALE 1 1 1
X 0.5554 -0.8308 -0.0358
Y -0.1019 -0.0252 -0.9945
Z 0.8254 0.5559 -0.0986

PART 61
OFFSET -0.6291 -2.4170 -15.4697
SCALE 1 1 1
X 0.1397 -0.3764 -0.9159
Y -0.5232 0.7572 -0.3910
Z 0.8406 0.5339 -0.0912

PART 62
OFFSET -0.8227 -1.8954 -14.2004
SCALE 1 1 1
X -0.2568 0.2542 -0.9324
Y -0.4780 0.8051 0.3511
Z 0.8400 0.5359 -0.0853

PART 63
OFFSET -0.5442 -2.1710 -13.1891
SCALE 1 1 1
X 0.5248 -0.6418 0.5592
Y -0.2801 0.4901 0.8254
Z -0.8038 -0.5898 0.0775

PART 64
OFFSET -0.3660 -8.3537 -8.9896
SCALE 1 1 1
X -0.0236 -0.7294 0.6837
Y -0.6718 0.5180 0.5294
Z -0.7403 -0.4468 -0.5023

PART 65
OFFSET 2.2632 -3.3133 -14.7042
SCALE 1 1 1
X -0.2914 -0.5264 0.7988
Y 0.6092 -0.7459 -0.2693
Z 0.7375 0.4081 0.5380

PART 66
OFFSET 2.7762 -2.3865 -16.1105
SCALE 1 1 1
X 0.0646 -0.8103 0.5825
Y 0.7064 -0.3752 -0.6002
Z 0.7049 0.4502 0.5481

PART 67
OFFSET 2.7405 -1.3741 -16.7854
SCALE 1 1 1
X 0.4196 -0.9043 0.0786
Y 0.5503 0.1846 -0.8143
Z 0.7218 0.3849 0.5751

PART 68
OFFSET 2.2665 -0.3527 -16.8741
SCALE 1 1 1
X -0.4304 0.2360 0.8713
Y -0.3284 0.8581 -0.3947
Z -0.8408 -0.4560 -0.2918

PART 69
OFFSET 1.3137 -3.5463 -15.2186
SCALE 1 1 1
X 0.1721 -0.9133 0.3690
Y 0.6123 -0.1943 -0.7664
Z 0.7717 0.3579 0.5258

PART 70
OFFSET 0.9774 -1.7620 -15.9395
SCALE 1 1 1
X 0.6259 -0.3615 -0.6911
Y -0.0897 0.8469 -0.5242
Z 0.7747 0.3901 0.4976

PART 71
OFFSET 0.0632 -1.2340 -14.9301
SCALE 1 1 1
X 0.4865 0.1256 -0.8646
Y -0.4446 0.8875 -0.1212
Z 0.7521 0.4434 0.4876

PART 72
OFFSET -0.4934 -1.3788 -13.9544
SCALE 1 1 1
X -0.1371 -0.6915 0.7092
Y -0.5955 0.6297 0.4988
Z -0.7915 -0.3540 -0.4982

PART 73
OFFSET -1.7412 -4.7047 -11.6864
SCALE 1 1 1
X -0.9339 -0.2723 0.2318
Y -0.3303 0.9053 -0.2671
Z -0.1371 -0.3260 -0.9354

PART 74
OFFSET -1.0134 -4.9925 -10.7320
SCALE 1 1 1
X -0.9339 -0.2723 0.2318
Y -0.3303 0.9053 -0.2671
Z -0.1371 -0.3260 -0.9354

PART 75
OFFSET -0.4269 -6.3915 -10.4592
SCALE 1 1 1
X -0.9339 -0.2723 0.2318
Y -0.3303 0.9053 -0.2671
Z -0.1371 -0.3260 -0.9354

PART 76
OFFSET 0.0000 0.0000 0.0000
SCALE 1 1 1
X 1.0000 0.0000 0.0000
Y 0.0000 1.0000 0.0000
Z 0.0000 0.0000 1.0000

PART 77
OFFSET 0.0000 0.0000 0.0000
SCALE 1 1 1
X 1.0000 0.0000 0.0000
Y 0.0000 1.0000 0.0000
Z 0.0000 0.0000 1.0000

PART 78
OFFSET 1.5404 0.0000 4.1357
SCALE 1 1 1
X 1.0000 0.0000 0.0000
Y 0.0000 1.0000 0.0000
Z 0.0000 0.0000 1.0000

PART 79
OFFSET 7.2475 2.7312 -18.5639
SCALE 1 1 1
X 0.6396 0.4833 -0.5977
Y -0.5518 0.8300 0.0806
Z 0.5351 0.2783 0.7976

PART 80
OFFSET 4.8060 0.5118 -19.9676
SCALE 1 1 1
X 0.7331 -0.5809 0.3538
Y 0.6628 0.4935 -0.5632
Z 0.1525 0.6474 0.7468

PART 81
OFFSET 8.6614 1.4031 -17.6677
SCALE 1 1 1
X 0.6504 0.4889 -0.5813
Y -0.5518 0.8300 0.0806
Z 0.5219 0.2683 0.8097

PART 82
OFFSET 25.8765 16.6161 -33.9989
SCALE 1 1 1
X 0.6396 0.4833 -0.5977
Y -0.5518 0.8300 0.0806
Z 0.5351 0.2783 0.7976

PART 83
OFFSET 6.1481 1.8571 -17.0141
SCALE 1 1 1
X 0.6627 0.5028 -0.5550
Y -0.5359 0.8360 0.1175
Z 0.5231 0.2196 0.8235

PART 84
OFFSET 6.1084 1.7840 -17.0778
SCALE 1 1 1
X 0.6396 0.4833 -0.5977
Y -0.5518 0.8300 0.0806
Z 0.5351 0.2783 0.7976

PART 85
OFFSET 4.2093 0.2343 -13.5088
SCALE 1 1 1
X 0.6396 0.4833 -0.5977
Y -0.5518 0.8300 0.0806
Z 0.5351 0.2783 0.7976

PART 86
OFFSET 22.5131 14.2281 -32.4365
SCALE 1 1 1
X 0.6504 0.4889 -0.5813
Y -0.5518 0.8300 0.0806
Z 0.5219 0.2683 0.8097

PART 87
OFFSET -29.1631 -21.6344 -16.9350
SCALE 1 1 1
X 0.6504 0.4889 -0.5813
Y -0.5518 0.8300 0.0806
Z 0.5219 0.2683 0.8097

PART 88
OFFSET 31.8917 21.1397 -39.3980
SCALE 1 1 1
X 0.6504 0.4889 -0.5813
Y -0.5518 0.8300 0.0806
Z 0.5219 0.2683 0.8097

PART 89
OFFSET 4.2985 2.0422 -15.2862
SCALE 1 1 1
X 0.6396 0.4833 -0.5977
Y -0.5518 0.8300 0.0806
Z 0.5351 0.2783 0.7976

PART 90
OFFSET 11.5216 5.3432 -21.2835
SCALE 1 1 1
X 0.6396 0.4833 -0.5977
Y -0.5518 0.8300 0.0806
Z 0.5351 0.2783 0.7976

PART 91
OFFSET 26.9660 17.4218 -34.8368
SCALE 1 1 1
X 0.6504 0.4889 -0.5813
Y -0.5518 0.8300 0.0806
Z 0.5219 0.2683 0.8097


FRAME 1216
PART 0
OFFSET 9.3203 4.7275 -20.6734
SCALE 1 1 1
X 0.9014 -0.4329 0.0124
Y 0.1634 0.3664 0.9160
Z -0.4011 -0.8236 0.4010

PART 1
OFFSET 9.3203 4.7275 -20.6734
SCALE 1 1 1
X 0.9014 -0.4329 0.0124
Y 0.1634 0.3664 0.9160
Z -0.4011 -0.8236 0.4010

PART 2
OFFSET -0.3735 -5.1323 -12.4113
SCALE 1 1 1
X -0.1698 -0.5178 0.8385
Y 0.6139 -0.7212 -0.3210
Z 0.7709 0.4602 0.4403

PART 3
OFFSET -0.3735 -5.1323 -12.4113
SCALE 1 1 1
X -0.1698 -0.5178 0.8385
Y 0.6139 -0.7212 -0.3210
Z 0.7709 0.4602 0.4403

PART 4
OFFSET 6.2061 -3.1050 -3.3894
SCALE 1 1 1
X 1.0000 0.0000 0.0000
Y 0.0000 1.0000 0.0000
Z 0.0000 -0.0000 1.0000

PART 5
OFFSET 1.6245 4.2672 -6.2573
SCALE 1 1 1
X -0.3335 0.2823 -0.8995
Y 0.2191 -0.9048 -0.3652
Z -0.9169 -0.3189 0.2398

PART 6
OFFSET -2.4084 7.6813 -17.1359
SCALE 1 1 1
X 0.9260 -0.2105 -0.3135
Y 0.2546 -0.2651 0.9300
Z -0.2789 -0.9410 -0.1919

PART 7
OFFSET 5.4674 5.8911 -19.8025
SCALE 1 1 1
X 0.9260 -0.2105 -0.3135
Y 0.0752 0.9164 -0.3931
Z 0.3700 0.3404 0.8644

PART 8
OFFSET 7.1108 7.5204 -20.4969
SCALE 1 1 1
X 0.9252 -0.2063 -0.3185
Y 0.2726 0.9453 0.1794
Z 0.2641 -0.2528 0.9308

PART 9
OFFSET 5.8831 5.3234 -21.4282
SCALE 1 1 1
X 0.9252 -0.2063 -0.3185
Y 0.2726 0.9453 0.1794
Z 0.2641 -0.2528 0.9308

PART 10
OFFSET 8.0117 6.5372 -18.8428
SCALE 1 1 1
X 0.9252 -0.2063 -0.3185
Y 0.2726 0.9453 0.1794
Z 0.2641 -0.2528 0.9308

PART 11
OFFSET 7.4658 4.9727 -19.0870
SCALE 1 1 1
X 0.9252 -0.2063 -0.3185
Y 0.2726 0.9453 0.1794
Z 0.2641 -0.2528 0.9308

PART 12
OFFSET 6.6267 3.6040 -19.4308
SCALE 1 1 1
X 0.9252 -0.2063 -0.3185
Y 0.2726 0.9453 0.1794
Z 0.2641 -0.2528 0.9308

PART 13
OFFSET 8.3061 5.2459 -20.7636
SCALE 1 1 1
X 0.9774 -0.1670 -0.1299
Y 0.0973 0.8998 -0.4253
Z 0.1879 0.4030 0.8957

PART 14
OFFSET 8.9167 6.2046 -20.8646
SCALE 1 1 1
X 0.8361 0.3823 0.3934
Y -0.2840 0.9153 -0.2858
Z -0.4693 0.1272 0.8738

PART 15
OFFSET 10.6666 7.1279 -19.9957
SCALE 1 1 1
X 0.9446 0.1479 0.2929
Y -0.1574 0.9875 0.0089
Z -0.2879 -0.0545 0.9561

PART 16
OFFSET 12.1687 7.3017 -19.4163
SCALE 1 1 1
X 0.8366 -0.3956 0.3789
Y 0.3554 0.9183 0.1742
Z -0.4169 -0.0111 0.9089

PART 17
OFFSET 13.0604 6.8890 -18.9619
SCALE 1 1 1
X 0.9586 -0.0957 -0.2682
Y -0.2728 -0.0379 -0.9613
Z 0.0818 0.9947 -0.0624

PART 18
OFFSET 9.0669 4.2225 -20.2371
SCALE 1 1 1
X 0.7539 -0.6333 0.1747
Y 0.1173 0.3914 0.9127
Z -0.6464 -0.6676 0.3694

PART 19
OFFSET 10.8694 2.9447 -19.7864
SCALE 1 1 1
X 0.2934 0.3399 0.8935
Y -0.8374 0.5422 0.0688
Z -0.4611 -0.7685 0.4437

PART 20
OFFSET 11.2848 3.4259 -18.5214
SCALE 1 1 1
X -0.1130 0.5778 0.8083
Y -0.8981 0.2887 -0.3319
Z -0.4251 -0.7634 0.4863

PART 21
OFFSET 11.1846 3.9382 -17.8047
SCALE 1 1 1
X -0.4032 0.6520 0.6421
Y -0.7772 0.1264 -0.6164
Z -0.4830 -0.7476 0.4558

PART 22
OFFSET 10.8015 4.5576 -17.1947
SCALE 1 1 1
X 0.8662 -0.4699 -0.1701
Y -0.3883 -0.4186 -0.8210
Z 0.3146 0.7771 -0.5451

PART 23
OFFSET 9.3203 4.7275 -20.6734
SCALE 1 1 1
X 0.9014 -0.4329 0.0124
Y 0.1634 0.3664 0.9160
Z -0.4011 -0.8236 0.4010

PART 24
OFFSET 11.5965 3.4736 -20.6019
SCALE 1 1 1
X 0.3530 0.3090 0.8831
Y -0.8378 0.5246 0.1514
Z -0.4165 -0.7933 0.4441

PART 25
OFFSET 12.1975 3.9997 -19.0984
SCALE 1 1 1
X -0.1508 0.5583 0.8158
Y -0.9041 0.2559 -0.3423
Z -0.3999 -0.7892 0.4661

PART 26
OFFSET 11.9885 4.7734 -17.9677
SCALE 1 1 1
X -0.6581 0.5974 0.4583
Y -0.6389 -0.1208 -0.7598
Z -0.3985 -0.7928 0.4611

PART 27
OFFSET 11.2748 5.4213 -17.4706
SCALE 1 1 1
X 0.8845 -0.4595 0.0812
Y -0.1285 -0.4072 -0.9043
Z 0.4485 0.7894 -0.4192

PART 28
OFFSET 11.5741 6.3757 -21.3591
SCALE 1 1 1
X 0.9530 -0.2191 0.2091
Y 0.1081 -0.3987 -0.9107
Z 0.2829 0.8905 -0.3562

PART 29
OFFSET 12.1179 5.1239 -21.9233
SCALE 1 1 1
X 0.8050 0.2385 0.5432
Y -0.5924 0.3715 0.7148
Z -0.0313 -0.8973 0.4404

PART 30
OFFSET 13.5353 5.5438 -20.9669
SCALE 1 1 1
X 0.2980 0.3797 0.8758
Y -0.9546 0.1214 0.2722
Z -0.0030 -0.9171 0.3986

PART 31
OFFSET 13.8977 6.0612 -19.9264
SCALE 1 1 1
X -0.1627 0.4582 0.8738
Y -0.9867 -0.0742 -0.1448
Z -0.0015 -0.8857 0.4642

PART 32
OFFSET 13.7139 6.5787 -18.9394
SCALE 1 1 1
X 0.9432 -0.3313 -0.0231
Y -0.1411 -0.3367 -0.9310
Z 0.3006 0.8814 -0.3643

PART 33
OFFSET 11.9419 4.2378 -21.2875
SCALE 1 1 1
X 0.5597 0.2805 0.7798
Y -0.8163 0.3489 0.4604
Z -0.1430 -0.8942 0.4242

PART 34
OFFSET 13.0352 4.7857 -19.7640
SCALE 1 1 1
X -0.2383 0.4351 0.8683
Y -0.9546 0.0597 -0.2919
Z -0.1789 -0.8984 0.4011

PART 35
OFFSET 12.6871 5.4213 -18.4958
SCALE 1 1 1
X -0.7883 0.3854 0.4797
Y -0.5738 -0.1788 -0.7993
Z -0.2223 -0.9053 0.3621

PART 36
OFFSET 11.7932 5.8515 -17.9494
SCALE 1 1 1
X 0.9851 -0.1235 0.1196
Y 0.0516 -0.4513 -0.8909
Z 0.1640 0.8838 -0.4382

PART 37
OFFSET 7.1108 7.5204 -20.4969
SCALE 1 1 1
X 0.9252 -0.2063 -0.3185
Y 0.2726 0.9453 0.1794
Z 0.2641 -0.2528 0.9308

PART 38
OFFSET 5.8831 5.3234 -21.4282
SCALE 1 1 1
X 0.9252 -0.2063 -0.3185
Y 0.2726 0.9453 0.1794
Z 0.2641 -0.2528 0.9308

PART 39
OFFSET 8.0117 6.5372 -18.8428
SCALE 1 1 1
X 0.9252 -0.2063 -0.3185
Y 0.2726 0.9453 0.1794
Z 0.2641 -0.2528 0.9308

PART 40
OFFSET 7.4658 4.9727 -19.0870
SCALE 1 1 1
X 0.9252 -0.2063 -0.3185
Y 0.2726 0.9453 0.1794
Z 0.2641 -0.2528 0.9308

PART 41
OFFSET 6.6267 3.6040 -19.4308
SCALE 1 1 1
X 0.9252 -0.2063 -0.3185
Y 0.2726 0.9453 0.1794
Z 0.2641 -0.2528 0.9308

PART 42
OFFSET 7.2438 2.5818 -17.0447
SCALE 1 1 1
X 0.6919 0.4797 -0.5396
Y -0.5376 0.8412 0.0584
Z 0.4819 0.2496 0.8399

PART 43
OFFSET -2.1097 -3.5648 -2.9073
SCALE 1 1 1
X 0.7595 0.4374 0.4815
Y 0.0005 -0.7406 0.6720
Z 0.6505 -0.5101 -0.5626

PART 44
OFFSET -11.2947 -8.8548 -8.7309
SCALE 1 1 1
X -0.9340 -0.2693 0.2349
Y -0.1323 -0.3501 -0.9273
Z 0.3320 -0.8972 0.2913

PART 45
OFFSET -3.3510 -6.5642 -10.7293
SCALE 1 1 1
X -0.9340 -0.2693 0.2349
Y -0.2921 0.1964 -0.9360
Z 0.2059 -0.9428 -0.2621

PART 46
OFFSET -2.3572 -4.7964 -10.8729
SCALE 1 1 1
X -0.9341 -0.2648 0.2397
Y -0.3274 0.9029 -0.2786
Z -0.1426 -0.3387 -0.9300

PART 47
OFFSET -1.6280 -5.0676 -9.9163
SCALE 1 1 1
X -0.9341 -0.2648 0.2397
Y -0.3274 0.9029 -0.2786
Z -0.1426 -0.3387 -0.9300

PART 48
OFFSET -1.0522 -6.4490 -9.6299
SCALE 1 1 1
X -0.9341 -0.2648 0.2397
Y -0.3274 0.9029 -0.2786
Z -0.1426 -0.3387 -0.9300

PART 49
OFFSET -0.4878 -5.7385 -11.4495
SCALE 1 1 1
X -0.4105 -0.6190 0.6696
Y -0.7077 -0.2469 -0.6620
Z 0.5751 -0.7456 -0.3367

PART 50
OFFSET 0.1436 -4.9157 -10.9736
SCALE 1 1 1
X -0.0424 -0.9953 0.0876
Y -0.4193 -0.0618 -0.9057
Z 0.9069 -0.0751 -0.4147

PART 51
OFFSET 0.2265 -2.7577 -11.0491
SCALE 1 1 1
X -0.0904 -0.9115 0.4011
Y -0.2246 -0.3738 -0.8999
Z 0.9703 -0.1714 -0.1710

PART 52
OFFSET 0.2503 -1.2892 -11.7312
SCALE 1 1 1
X 0.1877 -0.5676 0.8016
Y -0.2179 -0.8199 -0.5295
Z 0.9578 -0.0753 -0.2775

PART 53
OFFSET 0.0072 -0.6581 -12.5764
SCALE 1 1 1
X -0.5216 -0.5396 0.6609
Y -0.7707 0.6303 -0.0937
Z -0.3660 -0.5582 -0.7446

PART 54
OFFSET -1.0144 -5.3284 -12.6570
SCALE 1 1 1
X 0.0921 -0.3986 0.9125
Y 0.6193 -0.6946 -0.3660
Z 0.7797 0.5988 0.1829

PART 55
OFFSET -1.1838 -4.2603 -14.6356
SCALE 1 1 1
X 0.5818 -0.7860 0.2090
Y -0.0123 -0.2655 -0.9640
Z 0.8132 0.5583 -0.1641

PART 56
OFFSET -2.0075 -3.1474 -14.9315
SCALE 1 1 1
X 0.2625 -0.6069 -0.7502
Y -0.4721 0.5972 -0.6484
Z 0.8415 0.5244 -0.1298

PART 57
OFFSET -2.2402 -2.6093 -14.2664
SCALE 1 1 1
X 0.0295 -0.3185 -0.9474
Y -0.5915 0.7585 -0.2735
Z 0.8058 0.5685 -0.1660

PART 58
OFFSET -2.2683 -2.3067 -13.3663
SCALE 1 1 1
X 0.2322 -0.3147 0.9203
Y -0.3637 0.8495 0.3823
Z -0.9021 -0.4235 0.0827

PART 59
OFFSET -0.3735 -5.1323 -12.4113
SCALE 1 1 1
X -0.1698 -0.5178 0.8385
Y 0.6139 -0.7212 -0.3210
Z 0.7709 0.4602 0.4403

PART 60
OFFSET -0.0338 -3.8727 -14.6600
SCALE 1 1 1
X 0.5378 -0.8430 -0.0135
Y -0.0300 -0.0031 -0.9995
Z 0.8425 0.5380 -0.0270

PART 61
OFFSET -0.9494 -2.4376 -14.6369
SCALE 1 1 1
X 0.1973 -0.3615 -0.9113
Y -0.4765 0.7770 -0.4114
Z 0.8567 0.5154 -0.0189

PART 62
OFFSET -1.2229 -1.9366 -13.3740
SCALE 1 1 1
X -0.1828 0.2786 -0.9428
Y -0.4841 0.8092 0.3330
Z 0.8557 0.5173 -0.0130

PART 63
OFFSET -1.0247 -2.2388 -12.3514
SCALE 1 1 1
X 0.4684 -0.6651 0.5816
Y -0.3282 0.4803 0.8134
Z -0.8203 -0.5719 0.0067

PART 64
OFFSET -1.2894 -8.5057 -8.2835
SCALE 1 1 1
X -0.0894 -0.7420 0.6644
Y -0.6967 0.5233 0.4906
Z -0.7117 -0.4190 -0.5638

PART 65
OFFSET 1.8591 -3.4174 -13.6844
SCALE 1 1 1
X -0.3602 -0.5350 0.7642
Y 0.6103 -0.7547 -0.2407
Z 0.7055 0.3798 0.5984

PART 66
OFFSET 2.4932 -2.4754 -15.0300
SCALE 1 1 1
X 0.0041 -0.8229 0.5681
Y 0.7395 -0.3800 -0.5557
Z 0.6732 0.4224 0.6070

PART 67
OFFSET 2.5291 -1.4494 -15.6838
SCALE 1 1 1
X 0.3925 -0.9154 0.0892
Y 0.6119 0.1875 -0.7684
Z 0.6866 0.3562 0.6338

PART 68
OFFSET 2.0858 -0.4154 -15.7845
SCALE 1 1 1
X -0.4870 0.2289 0.8429
Y -0.2797 0.8733 -0.3988
Z -0.8274 -0.4300 -0.3613

PART 69
OFFSET 0.9444 -3.6175 -14.2708
SCALE 1 1 1
X 0.1245 -0.9243 0.3608
Y 0.6617 -0.1936 -0.7243
Z 0.7393 0.3289 0.5875

PART 70
OFFSET 0.7012 -1.8118 -14.9756
SCALE 1 1 1
X 0.6661 -0.3625 -0.6518
Y -0.0326 0.8590 -0.5110
Z 0.7451 0.3616 0.5603

PART 71
OFFSET -0.2718 -1.2823 -14.0236
SCALE 1 1 1
X 0.5506 0.1311 -0.8244
Y -0.4147 0.9000 -0.1339
Z 0.7244 0.4157 0.5499

PART 72
OFFSET -0.9008 -1.4331 -13.0938
SCALE 1 1 1
X -0.2036 -0.7019 0.6825
Y -0.6159 0.6337 0.4680
Z -0.7610 -0.3251 -0.5614

PART 73
OFFSET -2.3572 -4.7964 -10.8729
SCALE 1 1 1
X -0.9341 -0.2648 0.2397
Y -0.3274 0.9029 -0.2786
Z -0.1426 -0.3387 -0.9300

PART 74
OFFSET -1.6280 -5.0676 -9.9163
SCALE 1 1 1
X -0.9341 -0.2648 0.2397
Y -0.3274 0.9029 -0.2786
Z -0.1426 -0.3387 -0.9300

PART 75
OFFSET -1.0522 -6.4490 -9.6299
SCALE 1 1 1
X -0.9341 -0.2648 0.2397
Y -0.3274 0.9029 -0.2786
Z -0.1426 -0.3387 -0.9300

PART 76
OFFSET 0.0000 0.0000 0.0000
SCALE 1 1 1
X 1.0000 0.0000 0.0000
Y 0.0000 1.0000 0.0000
Z 0.0000 0.0000 1.0000

PART 77
OFFSET 0.0000 0.0000 0.0000
SCALE 1 1 1
X 1.0000 0.0013 -0.0024
Y -0.0013 1.0000 0.0000
Z 0.0024 0.0000 1.0000

PART 78
OFFSET 1.5503 0.0021 4.1320
SCALE 1 1 1
X 1.0000 0.0013 -0.0024
Y -0.0013 1.0000 0.0000
Z 0.0024 0.0000 1.0000

PART 79
OFFSET 7.2438 2.5818 -17.0447
SCALE 1 1 1
X 0.6919 0.4797 -0.5396
Y -0.5376 0.8412 0.0584
Z 0.4819 0.2496 0.8399

PART 80
OFFSET 4.8616 0.4494 -18.6680
SCALE 1 1 1
X 0.6923 -0.6050 0.3932
Y 0.7128 0.4886 -0.5032
Z 0.1124 0.6287 0.7695

PART 81
OFFSET 8.5590 1.2030 -16.0777
SCALE 1 1 1
X 0.7016 0.4847 -0.5223
Y -0.5376 0.8412 0.0584
Z 0.4677 0.2398 0.8507

PART 82
OFFSET 27.2480 16.3217 -30.7966
SCALE 1 1 1
X 0.6919 0.4797 -0.5396
Y -0.5376 0.8412 0.0584
Z 0.4819 0.2496 0.8399

PART 83
OFFSET 6.0156 1.7037 -15.5973
SCALE 1 1 1
X 0.7122 0.4978 -0.4949
Y -0.5243 0.8461 0.0965
Z 0.4667 0.1907 0.8636

PART 84
OFFSET 5.9790 1.6329 -15.6652
SCALE 1 1 1
X 0.6919 0.4797 -0.5396
Y -0.5376 0.8412 0.0584
Z 0.4819 0.2496 0.8399

PART 85
OFFSET 3.7920 0.0586 -12.2763
SCALE 1 1 1
X 0.6919 0.4797 -0.5396
Y -0.5376 0.8412 0.0584
Z 0.4819 0.2496 0.8399

PART 86
OFFSET 23.7277 13.9841 -29.5321
SCALE 1 1 1
X 0.7016 0.4847 -0.5223
Y -0.5376 0.8412 0.0584
Z 0.4677 0.2398 0.8507

PART 87
OFFSET -29.7237 -20.9377 -18.5655
SCALE 1 1 1
X 0.7016 0.4847 -0.5223
Y -0.5376 0.8412 0.0584
Z 0.4677 0.2398 0.8507

PART 88
OFFSET 33.7382 20.8068 -35.6502
SCALE 1 1 1
X 0.7016 0.4847 -0.5223
Y -0.5376 0.8412 0.0584
Z 0.4677 0.2398 0.8507

PART 89
OFFSET 4.0502 1.8986 -14.0036
SCALE 1 1 1
X 0.6919 0.4797 -0.5396
Y -0.5376 0.8412 0.0584
Z 0.4819 0.2496 0.8399

PART 90
OFFSET 11.7610 5.1446 -19.3928
SCALE 1 1 1
X 0.6919 0.4797 -0.5396
Y -0.5376 0.8412 0.0584
Z 0.4819 0.2496 0.8399

PART 91
OFFSET 28.4131 17.1177 -31.5364
SCALE 1 1 1
X 0.7016 0.4847 -0.5223
Y -0.5376 0.8412 0.0584
Z 0.4677 0.2398 0.8507


FRAME 1217
PART 0
OFFSET 9.7961 5.0921 -18.6700
SCALE 1 1 1
X 0.8993 -0.4283 0.0884
Y 0.0909 0.3809 0.9201
Z -0.4278 -0.8194 0.3815

PART 1
OFFSET 9.7961 5.0921 -18.6700
SCALE 1 1 1
X 0.8993 -0.4283 0.0884
Y 0.0909 0.3809 0.9201
Z -0.4278 -0.8194 0.3815

PART 2
OFFSET -0.4702 -4.6893 -11.0297
SCALE 1 1 1
X -0.2321 -0.5060 0.8307
Y 0.6394 -0.7230 -0.2617
Z 0.7330 0.4704 0.4913

PART 3
OFFSET -0.4702 -4.6893 -11.0297
SCALE 1 1 1
X -0.2321 -0.5060 0.8307
Y 0.6394 -0.7230 -0.2617
Z 0.7330 0.4704 0.4913

PART 4
OFFSET 6.2061 -3.1050 -3.3894
SCALE 1 1 1
X 1.0000 0.0000 0.0000
Y 0.0000 1.0000 0.0000
Z 0.0000 -0.0000 1.0000

PART 5
OFFSET 1.6245 4.2672 -6.2573
SCALE 1 1 1
X -0.3391 0.2764 -0.8992
Y 0.2936 -0.8770 -0.3803
Z -0.8938 -0.3930 0.2162

PART 6
OFFSET -2.4765 7.6097 -17.1326
SCALE 1 1 1
X 0.9737 -0.1733 -0.1481
Y 0.1038 -0.2413 0.9649
Z -0.2030 -0.9549 -0.2169

PART 7
OFFSET 5.8050 6.1356 -18.3920
SCALE 1 1 1
X 0.9737 -0.1733 -0.1481
Y 0.1002 0.9088 -0.4051
Z 0.2048 0.3796 0.9022

PART 8
OFFSET 7.4734 7.8268 -18.8319
SCALE 1 1 1
X 0.9736 -0.1692 -0.1532
Y 0.1987 0.9587 0.2035
Z 0.1125 -0.2285 0.9670

PART 9
OFFSET 6.5139 5.5654 -19.9121
SCALE 1 1 1
X 0.9736 -0.1692 -0.1532
Y 0.1987 0.9587 0.2035
Z 0.1125 -0.2285 0.9670

PART 10
OFFSET 8.1204 6.9066 -17.0295
SCALE 1 1 1
X 0.9736 -0.1692 -0.1532
Y 0.1987 0.9587 0.2035
Z 0.1125 -0.2285 0.9670

PART 11
OFFSET 7.6893 5.3163 -17.3303
SCALE 1 1 1
X 0.9736 -0.1692 -0.1532
Y 0.1987 0.9587 0.2035
Z 0.1125 -0.2285 0.9670

PART 12
OFFSET 6.9783 3.9072 -17.7828
SCALE 1 1 1
X 0.9736 -0.1692 -0.1532
Y 0.1987 0.9587 0.2035
Z 0.1125 -0.2285 0.9670

PART 13
OFFSET 8.7899 5.6043 -18.8459
SCALE 1 1 1
X 0.9851 -0.1643 -0.0516
Y 0.1265 0.8938 -0.4302
Z 0.1168 0.4172 0.9013

PART 14
OFFSET 9.4031 6.5643 -18.9143
SCALE 1 1 1
X 0.8019 0.3921 0.4507
Y -0.2644 0.9095 -0.3208
Z -0.5357 0.1380 0.8330

PART 15
OFFSET 11.0774 7.5088 -17.9273
SCALE 1 1 1
X 0.9187 0.1568 0.3625
Y -0.1612 0.9868 -0.0183
Z -0.3606 -0.0416 0.9318

PART 16
OFFSET 12.5297 7.6985 -17.2366
SCALE 1 1 1
X 0.8063 -0.3859 0.4482
Y 0.3376 0.9225 0.1871
Z -0.4857 0.0005 0.8741

PART 17
OFFSET 13.3852 7.2969 -16.7087
SCALE 1 1 1
X 0.9768 -0.0951 -0.1921
Y -0.1977 -0.0536 -0.9788
Z 0.0828 0.9940 -0.0711

PART 18
OFFSET 9.5116 4.5925 -18.2469
SCALE 1 1 1
X 0.7405 -0.6270 0.2419
Y 0.0452 0.4056 0.9129
Z -0.6706 -0.6651 0.3287

PART 19
OFFSET 11.2786 3.3302 -17.6392
SCALE 1 1 1
X 0.2224 0.3546 0.9082
Y -0.8422 0.5391 -0.0042
Z -0.4911 -0.7639 0.4185

PART 20
OFFSET 11.5934 3.8322 -16.3534
SCALE 1 1 1
X -0.1770 0.5893 0.7883
Y -0.8708 0.2794 -0.4044
Z -0.4586 -0.7581 0.4637

PART 21
OFFSET 11.4365 4.3547 -15.6544
SCALE 1 1 1
X -0.4539 0.6596 0.5991
Y -0.7278 0.1134 -0.6763
Z -0.5140 -0.7430 0.4286

PART 22
OFFSET 11.0053 4.9813 -15.0853
SCALE 1 1 1
X 0.8784 -0.4682 -0.0957
Y -0.3223 -0.4327 -0.8419
Z 0.3528 0.7704 -0.5310

PART 23
OFFSET 9.7961 5.0921 -18.6700
SCALE 1 1 1
X 0.8993 -0.4283 0.0884
Y 0.0909 0.3809 0.9201
Z -0.4278 -0.8194 0.3815

PART 24
OFFSET 12.0645 3.8503 -18.4042
SCALE 1 1 1
X 0.2828 0.3239 0.9029
Y -0.8489 0.5228 0.0783
Z -0.4466 -0.7886 0.4228

PART 25
OFFSET 12.5459 4.4018 -16.8671
SCALE 1 1 1
X -0.2153 0.5697 0.7932
Y -0.8759 0.2465 -0.4148
Z -0.4318 -0.7840 0.4459

PART 26
OFFSET 12.2475 5.1913 -15.7678
SCALE 1 1 1
X -0.6936 0.6010 0.3971
Y -0.5779 -0.1352 -0.8048
Z -0.4300 -0.7877 0.4411

PART 27
OFFSET 11.4953 5.8431 -15.3371
SCALE 1 1 1
X 0.8772 -0.4540 0.1561
Y -0.0569 -0.4213 -0.9052
Z 0.4767 0.7852 -0.3954

PART 28
OFFSET 12.0901 6.7407 -19.2051
SCALE 1 1 1
X 0.9349 -0.2114 0.2852
Y 0.1795 -0.4117 -0.8935
Z 0.3063 0.8865 -0.3469

PART 29
OFFSET 12.6803 5.4832 -19.7065
SCALE 1 1 1
X 0.7599 0.2504 0.5999
Y -0.6471 0.3793 0.6613
Z -0.0619 -0.8907 0.4503

PART 30
OFFSET 14.0181 5.9242 -18.6503
SCALE 1 1 1
X 0.2282 0.3942 0.8903
Y -0.9731 0.1209 0.1959
Z -0.0304 -0.9111 0.4112

PART 31
OFFSET 14.2974 6.4587 -17.5930
SCALE 1 1 1
X -0.2313 0.4705 0.8516
Y -0.9723 -0.0811 -0.2193
Z -0.0341 -0.8787 0.4762

PART 32
OFFSET 14.0361 6.9901 -16.6311
SCALE 1 1 1
X 0.9434 -0.3271 0.0547
Y -0.0677 -0.3512 -0.9338
Z 0.3246 0.8773 -0.3535

PART 33
OFFSET 12.4589 4.6059 -19.0727
SCALE 1 1 1
X 0.4969 0.2948 0.8162
Y -0.8506 0.3519 0.3907
Z -0.1720 -0.8884 0.4256

PART 34
OFFSET 13.4296 5.1818 -17.4781
SCALE 1 1 1
X -0.3061 0.4469 0.8406
Y -0.9294 0.0508 -0.3655
Z -0.2060 -0.8931 0.3998

PART 35
OFFSET 12.9824 5.8345 -16.2503
SCALE 1 1 1
X -0.8243 0.3888 0.4116
Y -0.5098 -0.1934 -0.8383
Z -0.2463 -0.9008 0.3576

PART 36
OFFSET 12.0474 6.2686 -15.7811
SCALE 1 1 1
X 0.9734 -0.1170 0.1970
Y 0.1217 -0.4643 -0.8773
Z 0.1941 0.8779 -0.4377

PART 37
OFFSET 7.4734 7.8268 -18.8319
SCALE 1 1 1
X 0.9736 -0.1692 -0.1532
Y 0.1987 0.9587 0.2035
Z 0.1125 -0.2285 0.9670

PART 38
OFFSET 6.5139 5.5654 -19.9121
SCALE 1 1 1
X 0.9736 -0.1692 -0.1532
Y 0.1987 0.9587 0.2035
Z 0.1125 -0.2285 0.9670

PART 39
OFFSET 8.1204 6.9066 -17.0295
SCALE 1 1 1
X 0.9736 -0.1692 -0.1532
Y 0.1987 0.9587 0.2035
Z 0.1125 -0.2285 0.9670

PART 40
OFFSET 7.6893 5.3163 -17.3303
SCALE 1 1 1
X 0.9736 -0.1692 -0.1532
Y 0.1987 0.9587 0.2035
Z 0.1125 -0.2285 0.9670

PART 41
OFFSET 6.9783 3.9072 -17.7828
SCALE 1 1 1
X 0.9736 -0.1692 -0.1532
Y 0.1987 0.9587 0.2035
Z 0.1125 -0.2285 0.9670

PART 42
OFFSET 7.4537 2.9910 -15.1798
SCALE 1 1 1
X 0.7297 0.4749 -0.4919
Y -0.5435 0.8394 0.0040
Z 0.4148 0.2645 0.8706

PART 43
OFFSET -2.1097 -3.5648 -2.9073
SCALE 1 1 1
X 0.7806 0.4322 0.4516
Y 0.0180 -0.7376 0.6750
Z 0.6248 -0.5187 -0.5835

PART 44
OFFSET -11.5497 -8.7922 -8.3684
SCALE 1 1 1
X -0.9414 -0.3034 0.1471
Y -0.0463 -0.3158 -0.9477
Z 0.3340 -0.8990 0.2832

PART 45
OFFSET -3.5423 -6.2118 -9.6195
SCALE 1 1 1
X -0.9414 -0.3034 0.1471
Y -0.2103 0.1874 -0.9595
Z 0.2635 -0.9343 -0.2403

PART 46
OFFSET -2.5860 -4.4285 -9.5966
SCALE 1 1 1
X -0.9421 -0.2990 0.1520
Y -0.3306 0.9043 -0.2700
Z -0.0567 -0.3046 -0.9508

PART 47
OFFSET -1.9321 -4.7066 -8.5917
SCALE 1 1 1
X -0.9421 -0.2990 0.1520
Y -0.3306 0.9043 -0.2700
Z -0.0567 -0.3046 -0.9508

PART 48
OFFSET -1.3513 -6.0517 -8.3192
SCALE 1 1 1
X -0.9421 -0.2990 0.1520
Y -0.3306 0.9043 -0.2700
Z -0.0567 -0.3046 -0.9508

PART 49
OFFSET -0.6561 -5.2817 -10.0704
SCALE 1 1 1
X -0.4586 -0.6109 0.6453
Y -0.6536 -0.2601 -0.7107
Z 0.6020 -0.7478 -0.2800

PART 50
OFFSET -0.0662 -4.4488 -9.5599
SCALE 1 1 1
X -0.0454 -0.9940 0.0992
Y -0.3480 -0.0774 -0.9343
Z 0.9364 -0.0769 -0.3424

PART 51
OFFSET 0.0144 -2.2918 -9.6617
SCALE 1 1 1
X -0.1177 -0.9059 0.4069
Y -0.1532 -0.3882 -0.9087
Z 0.9812 -0.1693 -0.0931

PART 52
OFFSET 0.0854 -0.8336 -10.3623
SCALE 1 1 1
X 0.1274 -0.5546 0.8223
Y -0.1734 -0.8287 -0.5321
Z 0.9766 -0.0748 -0.2017

PART 53
OFFSET -0.0941 -0.2163 -11.2333
SCALE 1 1 1
X -0.5690 -0.5321 0.6269
Y -0.7635 0.6251 -0.1624
Z -0.3055 -0.5710 -0.7620

PART 54
OFFSET -1.0895 -4.8921 -11.3210
SCALE 1 1 1
X 0.0229 -0.3845 0.9228
Y 0.6482 -0.6971 -0.3066
Z 0.7611 0.6052 0.2332

PART 55
OFFSET -1.1097 -3.8546 -13.3229
SCALE 1 1 1
X 0.5668 -0.7800 0.2652
Y 0.0630 -0.2799 -0.9580
Z 0.8214 0.5597 -0.1095

PART 56
OFFSET -1.9122 -2.7502 -13.6983
SCALE 1 1 1
X 0.3217 -0.6168 -0.7184
Y -0.4229 0.5852 -0.6919
Z 0.8471 0.5264 -0.0726

PART 57
OFFSET -2.1974 -2.2034 -13.0614
SCALE 1 1 1
X 0.1037 -0.3325 -0.9374
Y -0.5714 0.7515 -0.3298
Z 0.8141 0.5698 -0.1121

PART 58
OFFSET -2.2959 -1.8875 -12.1708
SCALE 1 1 1
X 0.1617 -0.2998 0.9402
Y -0.3952 0.8533 0.3401
Z -0.9043 -0.4265 0.0195

PART 59
OFFSET -0.4702 -4.6893 -11.0297
SCALE 1 1 1
X -0.2321 -0.5060 0.8307
Y 0.6394 -0.7230 -0.2617
Z 0.7330 0.4704 0.4913

PART 60
OFFSET 0.0374 -3.4619 -13.2645
SCALE 1 1 1
X 0.5403 -0.8405 0.0408
Y 0.0472 -0.0182 -0.9987
Z 0.8401 0.5415 0.0298

PART 61
OFFSET -0.8825 -2.0310 -13.3339
SCALE 1 1 1
X 0.2683 -0.3741 -0.8877
Y -0.4462 0.7685 -0.4587
Z 0.8538 0.5192 0.0393

PART 62
OFFSET -1.2544 -1.5126 -12.1036
SCALE 1 1 1
X -0.1105 0.2636 -0.9583
Y -0.5113 0.8117 0.2823
Z 0.8523 0.5212 0.0450

PART 63
OFFSET -1.1345 -1.7984 -11.0643
SCALE 1 1 1
X 0.4246 -0.6540 0.6261
Y -0.3917 0.4908 0.7783
Z -0.8163 -0.5756 -0.0478

PART 64
OFFSET -1.6894 -8.0051 -6.9337
SCALE 1 1 1
X -0.1377 -0.7324 0.6668
Y -0.7344 0.5272 0.4274
Z -0.6646 -0.4308 -0.6105

PART 65
OFFSET 1.8477 -2.9830 -12.1531
SCALE 1 1 1
X -0.4161 -0.5252 0.7423
Y 0.6298 -0.7553 -0.1814
Z 0.6559 0.3920 0.6451

PART 66
OFFSET 2.5803 -2.0583 -13.4600
SCALE 1 1 1
X -0.0367 -0.8143 0.5793
Y 0.7815 -0.3847 -0.4912
Z 0.6228 0.4347 0.6505

PART 67
OFFSET 2.6628 -1.0419 -14.1247
SCALE 1 1 1
X 0.3878 -0.9121 0.1331
Y 0.6687 0.1790 -0.7217
Z 0.6344 0.3689 0.6793

PART 68
OFFSET 2.2248 -0.0117 -14.2750
SCALE 1 1 1
X -0.5514 0.2391 0.7992
Y -0.2513 0.8659 -0.4325
Z -0.7955 -0.4393 -0.4174

PART 69
OFFSET 0.9817 -3.1962 -12.8051
SCALE 1 1 1
X 0.0997 -0.9182 0.3834
Y 0.7163 -0.2012 -0.6681
Z 0.6906 0.3412 0.6377

PART 70
OFFSET 0.7870 -1.4025 -13.5540
SCALE 1 1 1
X 0.7157 -0.3690 -0.5930
Y 0.0038 0.8511 -0.5251
Z 0.6984 0.3735 0.6105

PART 71
OFFSET -0.2584 -0.8634 -12.6880
SCALE 1 1 1
X 0.6120 0.1214 -0.7815
Y -0.4064 0.8959 -0.1792
Z 0.6784 0.4273 0.5977

PART 72
OFFSET -0.9567 -1.0033 -11.8072
SCALE 1 1 1
X -0.2531 -0.6926 0.6754
Y -0.6525 0.6377 0.4094
Z -0.7143 -0.3371 -0.6133

PART 73
OFFSET -2.5860 -4.4285 -9.5966
SCALE 1 1 1
X -0.9421 -0.2990 0.1520
Y -0.3306 0.9043 -0.2700
Z -0.0567 -0.3046 -0.9508

PART 74
OFFSET -1.9321 -4.7066 -8.5917
SCALE 1 1 1
X -0.9421 -0.2990 0.1520
Y -0.3306 0.9043 -0.2700
Z -0.0567 -0.3046 -0.9508

PART 75
OFFSET -1.3513 -6.0517 -8.3192
SCALE 1 1 1
X -0.9421 -0.2990 0.1520
Y -0.3306 0.9043 -0.2700
Z -0.0567 -0.3046 -0.9508

PART 76
OFFSET 0.0000 0.0000 0.0000
SCALE 1 1 1
X 1.0000 0.0000 0.0000
Y 0.0000 1.0000 0.0000
Z 0.0000 0.0000 1.0000

PART 77
OFFSET 0.0000 0.0000 0.0000
SCALE 1 1 1
X 1.0000 0.0049 -0.0086
Y -0.0049 1.0000 0.0000
Z 0.0086 0.0000 1.0000

PART 78
OFFSET 1.5761 0.0077 4.1223
SCALE 1 1 1
X 1.0000 0.0049 -0.0086
Y -0.0049 1.0000 0.0000
Z 0.0086 0.0000 1.0000

PART 79
OFFSET 7.4537 2.9910 -15.1798
SCALE 1 1 1
X 0.7297 0.4749 -0.4919
Y -0.5435 0.8394 0.0040
Z 0.4148 0.2645 0.8706

PART 80
OFFSET 5.2115 0.8232 -16.9489
SCALE 1 1 1
X 0.6621 -0.5958 0.4546
Y 0.7477 0.4844 -0.4542
Z 0.0504 0.6406 0.7662

PART 81
OFFSET 8.6954 1.6332 -14.0934
SCALE 1 1 1
X 0.7380 0.4802 -0.4741
Y -0.5435 0.8394 0.0040
Z 0.3998 0.2547 0.8805

PART 82
OFFSET 28.4089 16.6195 -27.5577
SCALE 1 1 1
X 0.7297 0.4749 -0.4919
Y -0.5435 0.8394 0.0040
Z 0.4148 0.2645 0.8706

PART 83
OFFSET 6.1208 2.1288 -13.8180
SCALE 1 1 1
X 0.7465 0.4937 -0.4461
Y -0.5332 0.8449 0.0429
Z 0.3981 0.2058 0.8940

PART 84
OFFSET 6.0898 2.0568 -13.8874
SCALE 1 1 1
X 0.7297 0.4749 -0.4919
Y -0.5435 0.8394 0.0040
Z 0.4148 0.2645 0.8706

PART 85
OFFSET 3.6537 0.5229 -10.6534
SCALE 1 1 1
X 0.7297 0.4749 -0.4919
Y -0.5435 0.8394 0.0040
Z 0.4148 0.2645 0.8706

PART 86
OFFSET 24.8101 14.2842 -26.5327
SCALE 1 1 1
X 0.7380 0.4802 -0.4741
Y -0.5435 0.8394 0.0040
Z 0.3998 0.2547 0.8805

PART 87
OFFSET -29.2010 -20.7253 -19.1848
SCALE 1 1 1
X 0.7380 0.4802 -0.4741
Y -0.5435 0.8394 0.0040
Z 0.3998 0.2547 0.8805

PART 88
OFFSET 35.2378 21.0625 -31.9648
SCALE 1 1 1
X 0.7380 0.4802 -0.4741
Y -0.5435 0.8394 0.0040
Z 0.3998 0.2547 0.8805

PART 89
OFFSET 4.0376 2.3381 -12.3836
SCALE 1 1 1
X 0.7297 0.4749 -0.4919
Y -0.5435 0.8394 0.0040
Z 0.4148 0.2645 0.8706

PART 90
OFFSET 12.1292 5.5400 -17.2117
SCALE 1 1 1
X 0.7297 0.4749 -0.4919
Y -0.5435 0.8394 0.0040
Z 0.4148 0.2645 0.8706

PART 91
OFFSET 29.6246 17.4099 -28.2176
SCALE 1 1 1
X 0.7380 0.4802 -0.4741
Y -0.5435 0.8394 0.0040
Z 0.3998 0.2547 0.8805


FRAME 1218
PART 0
OFFSET 10.3875 5.6941 -16.6623
SCALE 1 1 1
X 0.8927 -0.4168 0.1716
Y 0.0150 0.4080 0.9129
Z -0.4505 -0.8123 0.3705

PART 1
OFFSET 10.3875 5.6941 -16.6623
SCALE 1 1 1
X 0.8927 -0.4168 0.1716
Y 0.0150 0.4080 0.9129
Z -0.4505 -0.8123 0.3705

PART 2
OFFSET -0.3775 -3.9640 -9.5712
SCALE 1 1 1
X -0.2933 -0.4842 0.8243
Y 0.6635 -0.7239 -0.1891
Z 0.6883 0.4915 0.5336

PART 3
OFFSET -0.3775 -3.9640 -9.5712
SCALE 1 1 1
X -0.2933 -0.4842 0.8243
Y 0.6635 -0.7239 -0.1891
Z 0.6883 0.4915 0.5336

PART 4
OFFSET 6.2061 -3.1050 -3.3894
SCALE 1 1 1
X 1.0000 0.0000 0.0000
Y 0.0000 1.0000 0.0000
Z 0.0000 -0.0000 1.0000

PART 5
OFFSET 1.6245 4.2672 -6.2573
SCALE 1 1 1
X -0.3088 0.2557 -0.9161
Y 0.4055 -0.8359 -0.3700
Z -0.8604 -0.4857 0.1545

PART 6
OFFSET -2.1102 7.3592 -17.3368
SCALE 1 1 1
X 0.9943 -0.1009 0.0350
Y -0.0580 -0.2350 0.9703
Z -0.0897 -0.9667 -0.2395

PART 7
OFFSET 6.3465 6.5006 -17.0393
SCALE 1 1 1
X 0.9943 -0.1009 0.0350
Y 0.1062 0.8970 -0.4291
Z 0.0119 0.4304 0.9026

PART 8
OFFSET 7.9400 8.3108 -17.1851
SCALE 1 1 1
X 0.9948 -0.0969 0.0298
Y 0.0877 0.9703 0.2255
Z -0.0508 -0.2217 0.9738

PART 9
OFFSET 7.3621 5.9873 -18.3970
SCALE 1 1 1
X 0.9948 -0.0969 0.0298
Y 0.0877 0.9703 0.2255
Z -0.0508 -0.2217 0.9738

PART 10
OFFSET 8.3100 7.4368 -15.2842
SCALE 1 1 1
X 0.9948 -0.0969 0.0298
Y 0.0877 0.9703 0.2255
Z -0.0508 -0.2217 0.9738

PART 11
OFFSET 8.0582 5.8198 -15.6407
SCALE 1 1 1
X 0.9948 -0.0969 0.0298
Y 0.0877 0.9703 0.2255
Z -0.0508 -0.2217 0.9738

PART 12
OFFSET 7.5467 4.3633 -16.1998
SCALE 1 1 1
X 0.9948 -0.0969 0.0298
Y 0.0877 0.9703 0.2255
Z -0.0508 -0.2217 0.9738

PART 13
OFFSET 9.3947 6.1911 -16.9321
SCALE 1 1 1
X 0.9873 -0.1561 0.0310
Y 0.1535 0.8823 -0.4449
Z 0.0421 0.4440 0.8950

PART 14
OFFSET 10.0041 7.1547 -16.9800
SCALE 1 1 1
X 0.7608 0.4127 0.5008
Y -0.2450 0.8973 -0.3672
Z -0.6009 0.1566 0.7838

PART 15
OFFSET 11.5880 8.1435 -15.8922
SCALE 1 1 1
X 0.8859 0.1761 0.4291
Y -0.1666 0.9842 -0.0599
Z -0.4328 -0.0184 0.9013

PART 16
OFFSET 12.9797 8.3671 -15.0951
SCALE 1 1 1
X 0.7712 -0.3650 0.5216
Y 0.3148 0.9308 0.1859
Z -0.5533 0.0208 0.8327

PART 17
OFFSET 13.7937 7.9891 -14.4898
SCALE 1 1 1
X 0.9896 -0.0910 -0.1116
Y -0.1192 -0.0836 -0.9893
Z 0.0807 0.9923 -0.0936

PART 18
OFFSET 10.0743 5.2041 -16.2485
SCALE 1 1 1
X 0.7237 -0.6126 0.3179
Y -0.0302 0.4321 0.9013
Z -0.6895 -0.6619 0.2942

PART 19
OFFSET 11.7970 3.9771 -15.4666
SCALE 1 1 1
X 0.1472 0.3826 0.9121
Y -0.8432 0.5305 -0.0864
Z -0.5170 -0.7564 0.4008

PART 20
OFFSET 12.0054 4.5188 -14.1753
SCALE 1 1 1
X -0.2432 0.6099 0.7542
Y -0.8382 0.2592 -0.4799
Z -0.4881 -0.7489 0.4482

PART 21
OFFSET 11.7898 5.0596 -13.5065
SCALE 1 1 1
X -0.5048 0.6720 0.5418
Y -0.6729 0.0869 -0.7346
Z -0.5408 -0.7354 0.4084

PART 22
OFFSET 11.3102 5.6980 -12.9918
SCALE 1 1 1
X 0.8867 -0.4622 -0.0123
Y -0.2515 -0.4598 -0.8517
Z 0.3880 0.7583 -0.5240

PART 23
OFFSET 10.3875 5.6941 -16.6623
