// Export filename: `C:/cod5/cod/cod5/xanim_export/viewmodel/US/m1garand/viewmodel_m1garand_grenade_alt_putaway.XANIM_EXPORT`
// Source filename: `C:/cod5/cod/cod5/animation_assets/viewmodel/US/m1_garand/viewmodelanimation_m1garand_alt_gren.mb`
// Export time: Wed Sep 03 18:14:05 2008

ANIMATION
VERSION 3

NUMPARTS 92
PART 0 "D_Sleave_Reshape_Top_RI_1"
PART 1 "tag_cambone"
PART 2 "tag_camera"
PART 3 "tag_gasmask"
PART 4 "RingPalm_FK_LE"
PART 5 "RingPalm_SDK_LE"
PART 6 "RingPalm_FK_RI"
PART 7 "RingPalm_SDK_RI"
PART 8 "tag_torso"
PART 9 "J_Shoulder_LE"
PART 10 "J_Elbow_LE"
PART 11 "J_WristTwist_LE"
PART 12 "J_Sleave_Reshape_Bottom_LE_1"
PART 13 "J_Sleave_Reshape_Bottom_LE_2"
PART 14 "J_Sleave_Reshape_Top_LE_1"
PART 15 "J_Sleave_Reshape_Top_LE_2"
PART 16 "J_Sleave_Reshape_Top_LE_3"
PART 17 "J_Wrist_LE"
PART 18 "J_Thumb_LE_0"
PART 19 "J_Thumb_LE_1"
PART 20 "J_Thumb_LE_2"
PART 21 "J_Thumb_LE_3"
PART 22 "J_PinkyPalm_LE"
PART 23 "J_Pinky_LE_0"
PART 24 "J_Pinky_LE_1"
PART 25 "J_Pinky_LE_2"
PART 26 "J_Pinky_LE_3"
PART 27 "J_RingPalm_LE"
PART 28 "J_Ring_LE_0"
PART 29 "J_Ring_LE_1"
PART 30 "J_Ring_LE_2"
PART 31 "J_Ring_LE_3"
PART 32 "J_Webbing_LE"
PART 33 "J_Index_LE_0"
PART 34 "J_Index_LE_1"
PART 35 "J_Index_LE_2"
PART 36 "J_Index_LE_3"
PART 37 "J_Mid_LE_0"
PART 38 "J_Mid_LE_1"
PART 39 "J_Mid_LE_2"
PART 40 "J_Mid_LE_3"
PART 41 "D_Sleave_Reshape_Bottom_LE_1"
PART 42 "D_Sleave_Reshape_Bottom_LE_2"
PART 43 "D_Sleave_Reshape_Top_LE_1"
PART 44 "D_Sleave_Reshape_Top_LE_2"
PART 45 "D_Sleave_Reshape_Top_LE_3"
PART 46 "tag_weapon"
PART 47 "J_Shoulder_RI"
PART 48 "J_Elbow_RI"
PART 49 "J_WristTwist_RI"
PART 50 "J_Sleave_Reshape_Top_RI_3"
PART 51 "J_Sleave_Reshape_Top_RI_2"
PART 52 "J_Sleave_Reshape_Top_RI_1"
PART 53 "J_Wrist_RI"
PART 54 "J_Thumb_RI_0"
PART 55 "J_Thumb_RI_1"
PART 56 "J_Thumb_RI_2"
PART 57 "J_Thumb_RI_3"
PART 58 "J_PinkyPalm_RI"
PART 59 "J_Pinky_RI_0"
PART 60 "J_Pinky_RI_1"
PART 61 "J_Pinky_RI_2"
PART 62 "J_Pinky_RI_3"
PART 63 "J_RingPalm_RI"
PART 64 "J_Ring_RI_0"
PART 65 "J_Ring_RI_1"
PART 66 "J_Ring_RI_2"
PART 67 "J_Ring_RI_3"
PART 68 "J_Webbing_RI"
PART 69 "J_Index_RI_0"
PART 70 "J_Index_RI_1"
PART 71 "J_Index_RI_2"
PART 72 "J_Index_RI_3"
PART 73 "J_Mid_RI_0"
PART 74 "J_Mid_RI_1"
PART 75 "J_Mid_RI_2"
PART 76 "J_Mid_RI_3"
PART 77 "D_Sleave_Reshape_Top_RI_3"
PART 78 "D_Sleave_Reshape_Top_RI_2"
PART 79 "J_Gun"
PART 80 "tag_brass"
PART 81 "J_Bolt"
PART 82 "tag_flash"
PART 83 "j_stripper"
PART 84 "J_Clip"
PART 85 "TAG_APERTURE"
PART 86 "tag_bayonet"
PART 87 "tag_grenade"
PART 88 "tag_grenade_mount"
PART 89 "TAG_TELESCOPIC"
PART 90 "TAG_IRON_SIGHTS"
PART 91 "TAG_SUPPRESSOR"

FRAMERATE 24
NUMFRAMES 90

FRAME 1550
PART 0
OFFSET -1.2767 -9.1122 -17.1138
SCALE 1 1 1
X -0.6810 0.0039 0.7322
Y -0.3169 0.8999 -0.2995
Z -0.6601 -0.4361 -0.6117

PART 1
OFFSET 0.0000 0.0000 0.0000
SCALE 1 1 1
X 1.0000 0.0000 0.0000
Y 0.0000 1.0000 0.0000
Z 0.0000 0.0000 1.0000

PART 2
OFFSET 0.0000 0.0000 0.0000
SCALE 1 1 1
X 1.0000 0.0000 0.0000
Y 0.0000 1.0000 0.0000
Z 0.0000 0.0000 1.0000

PART 3
OFFSET 1.5404 0.0000 4.1357
SCALE 1 1 1
X 1.0000 0.0000 0.0000
Y 0.0000 1.0000 0.0000
Z 0.0000 0.0000 1.0000

PART 4
OFFSET 14.6075 -5.6761 -15.4679
SCALE 1 1 1
X 0.3506 -0.8635 0.3625
Y -0.4216 0.2000 0.8844
Z -0.8362 -0.4629 -0.2939

PART 5
OFFSET 14.6075 -5.6761 -15.4679
SCALE 1 1 1
X 0.3506 -0.8635 0.3625
Y -0.4216 0.2000 0.8844
Z -0.8362 -0.4629 -0.2939

PART 6
OFFSET -0.7360 -8.5235 -19.4575
SCALE 1 1 1
X -0.8983 -0.3448 0.2723
Y 0.3120 -0.9370 -0.1572
Z 0.3093 -0.0562 0.9493

PART 7
OFFSET -0.7360 -8.5235 -19.4575
SCALE 1 1 1
X -0.8983 -0.3448 0.2723
Y 0.3120 -0.9370 -0.1572
Z 0.3093 -0.0562 0.9493

PART 8
OFFSET 6.2061 -3.1050 -3.3894
SCALE 1 1 1
X 1.0000 0.0000 0.0000
Y 0.0000 1.0000 0.0000
Z 0.0000 -0.0000 1.0000

PART 9
OFFSET 1.6245 4.2672 -6.2573
SCALE 1 1 1
X 0.4797 0.0273 -0.8770
Y -0.3540 -0.9086 -0.2218
Z -0.8029 0.4168 -0.4262

PART 10
OFFSET 7.4257 4.5970 -16.8639
SCALE 1 1 1
X 0.5923 -0.8015 0.0819
Y -0.3737 -0.1833 0.9093
Z -0.7138 -0.5692 -0.4081

PART 11
OFFSET 12.4637 -2.2203 -16.1672
SCALE 1 1 1
X 0.5923 -0.8015 0.0819
Y 0.7743 0.5944 0.2170
Z -0.2226 -0.0651 0.9727

PART 12
OFFSET 14.8636 -2.1613 -15.8940
SCALE 1 1 1
X 0.5965 -0.7988 0.0776
Y 0.7174 0.5740 0.3948
Z -0.3599 -0.1798 0.9155

PART 13
OFFSET 13.0124 -3.2188 -17.5238
SCALE 1 1 1
X 0.5965 -0.7988 0.0776
Y 0.7174 0.5740 0.3948
Z -0.3599 -0.1798 0.9155

PART 14
OFFSET 14.1607 -3.1547 -14.1523
SCALE 1 1 1
X 0.5965 -0.7988 0.0776
Y 0.7174 0.5740 0.3948
Z -0.3599 -0.1798 0.9155

PART 15
OFFSET 12.8906 -4.0350 -14.7983
SCALE 1 1 1
X 0.5965 -0.7988 0.0776
Y 0.7174 0.5740 0.3948
Z -0.3599 -0.1798 0.9155

PART 16
OFFSET 11.5952 -4.6021 -15.6325
SCALE 1 1 1
X 0.5965 -0.7988 0.0776
Y 0.7174 0.5740 0.3948
Z -0.3599 -0.1798 0.9155

PART 17
OFFSET 14.2796 -4.6775 -15.9160
SCALE 1 1 1
X 0.5986 -0.6840 0.4169
Y 0.7058 0.6965 0.1293
Z -0.3788 0.2169 0.8997

PART 18
OFFSET 15.0745 -4.2240 -15.2343
SCALE 1 1 1
X 0.3512 -0.1567 0.9231
Y 0.3896 0.9210 0.0082
Z -0.8514 0.3567 0.3845

PART 19
OFFSET 15.8237 -4.4505 -13.2201
SCALE 1 1 1
X 0.3968 -0.4103 0.8211
Y 0.2796 0.9061 0.3176
Z -0.8743 0.1035 0.4742

PART 20
OFFSET 16.3497 -5.1553 -11.8604
SCALE 1 1 1
X 0.0643 -0.8012 0.5949
Y 0.4333 0.5594 0.7066
Z -0.8990 0.2124 0.3831

PART 21
OFFSET 16.3854 -6.0025 -11.1874
SCALE 1 1 1
X 0.7142 -0.6126 0.3387
Y 0.5161 0.1339 -0.8460
Z 0.4729 0.7790 0.4118

PART 22
OFFSET 13.9538 -5.9583 -15.5198
SCALE 1 1 1
X 0.0716 -0.9491 0.3067
Y -0.4365 0.2466 0.8652
Z -0.8968 -0.1958 -0.3967

PART 23
OFFSET 14.1919 -8.0320 -14.6670
SCALE 1 1 1
X -0.3400 0.1055 0.9345
Y -0.3298 0.9172 -0.2235
Z -0.8807 -0.3842 -0.2770

PART 24
OFFSET 13.7106 -7.8827 -13.3439
SCALE 1 1 1
X -0.4245 0.5313 0.7331
Y -0.1747 0.7464 -0.6421
Z -0.8884 -0.4007 -0.2241

PART 25
OFFSET 13.3342 -7.4116 -12.6939
SCALE 1 1 1
X -0.4461 0.7575 0.4767
Y 0.0377 0.5480 -0.8356
Z -0.8942 -0.3548 -0.2730

PART 26
OFFSET 12.9104 -6.6920 -12.2410
SCALE 1 1 1
X 0.4468 -0.8721 0.1994
Y 0.2025 -0.1186 -0.9721
Z 0.8714 0.4748 0.1236

PART 27
OFFSET 14.6075 -5.6761 -15.4679
SCALE 1 1 1
X 0.3506 -0.8635 0.3625
Y -0.4216 0.2000 0.8844
Z -0.8362 -0.4629 -0.2939

PART 28
OFFSET 15.4026 -7.9905 -14.5903
SCALE 1 1 1
X -0.3095 0.0467 0.9497
Y -0.3960 0.9017 -0.1734
Z -0.8645 -0.4298 -0.2606

PART 29
OFFSET 14.8756 -7.9109 -12.9734
SCALE 1 1 1
X -0.4595 0.5362 0.7081
Y -0.1833 0.7228 -0.6663
Z -0.8691 -0.4359 -0.2338

PART 30
OFFSET 14.2388 -7.1677 -11.9920
SCALE 1 1 1
X -0.4836 0.8574 0.1762
Y 0.1266 0.2677 -0.9552
Z -0.8661 -0.4396 -0.2380

PART 31
OFFSET 13.7144 -6.2379 -11.8010
SCALE 1 1 1
X 0.2813 -0.8770 0.3896
Y 0.4179 -0.2535 -0.8724
Z 0.8638 0.4082 0.2952

PART 32
OFFSET 17.0426 -5.5639 -13.9433
SCALE 1 1 1
X 0.3214 -0.7180 0.6174
Y 0.5637 -0.3789 -0.7340
Z 0.7609 0.5839 0.2830

PART 33
OFFSET 17.2852 -6.8980 -14.5284
SCALE 1 1 1
X 0.1706 -0.2604 0.9503
Y -0.7157 0.6302 0.3011
Z -0.6772 -0.7315 -0.0789

PART 34
OFFSET 17.5856 -7.3564 -12.8552
SCALE 1 1 1
X -0.3093 0.1362 0.9412
Y -0.7048 0.6316 -0.3230
Z -0.6384 -0.7633 -0.0994

PART 35
OFFSET 17.2483 -7.1445 -11.7050
SCALE 1 1 1
X -0.5463 0.4593 0.7005
Y -0.4993 0.4929 -0.7126
Z -0.6726 -0.7390 -0.0400

PART 36
OFFSET 16.6313 -6.6257 -10.9137
SCALE 1 1 1
X 0.4394 -0.8024 0.4040
Y 0.4568 -0.1877 -0.8696
Z 0.7735 0.5666 0.2840

PART 37
OFFSET 16.3878 -7.5418 -14.5517
SCALE 1 1 1
X -0.1260 -0.0913 0.9878
Y -0.6722 0.7401 -0.0173
Z -0.7295 -0.6662 -0.1546

PART 38
OFFSET 16.1416 -7.7201 -12.6219
SCALE 1 1 1
X -0.5951 0.4825 0.6426
Y -0.3238 0.5879 -0.7413
Z -0.7355 -0.6493 -0.1936

PART 39
OFFSET 15.2723 -7.0154 -11.6833
SCALE 1 1 1
X -0.6558 0.7544 0.0276
Y 0.1706 0.1837 -0.9681
Z -0.7354 -0.6302 -0.2492

PART 40
OFFSET 14.5242 -6.1655 -11.6531
SCALE 1 1 1
X 0.4409 -0.6555 0.6131
Y 0.4964 -0.3911 -0.7750
Z 0.7478 0.6460 0.1530

PART 41
OFFSET 14.8636 -2.1613 -15.8940
SCALE 1 1 1
X 0.5965 -0.7988 0.0776
Y 0.7174 0.5740 0.3948
Z -0.3599 -0.1798 0.9155

PART 42
OFFSET 13.0124 -3.2188 -17.5238
SCALE 1 1 1
X 0.5965 -0.7988 0.0776
Y 0.7174 0.5740 0.3948
Z -0.3599 -0.1798 0.9155

PART 43
OFFSET 14.1607 -3.1547 -14.1523
SCALE 1 1 1
X 0.5965 -0.7988 0.0776
Y 0.7174 0.5740 0.3948
Z -0.3599 -0.1798 0.9155

PART 44
OFFSET 12.8906 -4.0350 -14.7983
SCALE 1 1 1
X 0.5965 -0.7988 0.0776
Y 0.7174 0.5740 0.3948
Z -0.3599 -0.1798 0.9155

PART 45
OFFSET 11.5952 -4.6021 -15.6325
SCALE 1 1 1
X 0.5965 -0.7988 0.0776
Y 0.7174 0.5740 0.3948
Z -0.3599 -0.1798 0.9155

PART 46
OFFSET 9.9747 -6.3383 -15.0411
SCALE 1 1 1
X 0.9735 0.0170 0.2280
Y -0.0334 0.9971 0.0683
Z -0.2262 -0.0741 0.9713

PART 47
OFFSET -2.1097 -3.5648 -2.9073
SCALE 1 1 1
X 0.6226 0.4485 0.6412
Y -0.0797 -0.7789 0.6221
Z 0.7785 -0.4384 -0.4492

PART 48
OFFSET -9.6394 -8.9892 -10.6624
SCALE 1 1 1
X -0.6840 -0.0013 0.7294
Y -0.6514 -0.4490 -0.6117
Z 0.3283 -0.8936 0.3063

PART 49
OFFSET -3.8213 -8.9783 -16.8666
SCALE 1 1 1
X -0.6840 -0.0013 0.7294
Y -0.7269 -0.0814 -0.6819
Z 0.0603 -0.9967 0.0548

PART 50
OFFSET -2.7996 -7.5928 -17.8775
SCALE 1 1 1
X -0.6810 0.0039 0.7322
Y -0.3169 0.8999 -0.2995
Z -0.6601 -0.4361 -0.6117

PART 51
OFFSET -1.7065 -7.8174 -17.3788
SCALE 1 1 1
X -0.6810 0.0039 0.7322
Y -0.3169 0.8999 -0.2995
Z -0.6601 -0.4361 -0.6117

PART 52
OFFSET -1.2767 -9.1122 -17.1138
SCALE 1 1 1
X -0.6810 0.0039 0.7322
Y -0.3169 0.8999 -0.2995
Z -0.6601 -0.4361 -0.6117

PART 53
OFFSET -1.7242 -8.9744 -19.1028
SCALE 1 1 1
X -0.9561 -0.2917 -0.0286
Y -0.0318 0.2005 -0.9792
Z 0.2914 -0.9353 -0.2010

PART 54
OFFSET -1.3830 -8.6526 -18.0625
SCALE 1 1 1
X -0.4681 -0.8019 -0.3713
Y 0.3817 0.1955 -0.9034
Z 0.7970 -0.5646 0.2146

PART 55
OFFSET -0.4553 -6.9103 -17.1831
SCALE 1 1 1
X -0.6890 -0.7098 -0.1468
Y 0.3716 -0.1720 -0.9123
Z 0.6223 -0.6831 0.3823

PART 56
OFFSET 0.6094 -5.6983 -17.0433
SCALE 1 1 1
X -0.6827 -0.5858 0.4368
Y -0.0607 -0.5502 -0.8328
Z 0.7282 -0.5951 0.3401

PART 57
OFFSET 1.3154 -5.0282 -17.5171
SCALE 1 1 1
X -0.9842 -0.1636 -0.0676
Y -0.1407 0.9549 -0.2613
Z 0.1073 -0.2477 -0.9629

PART 58
OFFSET -1.0081 -8.3239 -20.0865
SCALE 1 1 1
X -0.7532 -0.3938 0.5269
Y 0.3576 -0.9174 -0.1745
Z 0.5521 0.0570 0.8318

PART 59
OFFSET 0.7208 -7.3183 -21.1277
SCALE 1 1 1
X -0.1116 -0.9797 0.1667
Y 0.5827 -0.2004 -0.7876
Z 0.8050 0.0093 0.5932

PART 60
OFFSET 0.8788 -5.9313 -21.3637
SCALE 1 1 1
X 0.4588 -0.6399 -0.6164
Y 0.4184 0.7676 -0.4855
Z 0.7839 -0.0352 0.6199

PART 61
OFFSET 0.4720 -5.3639 -20.8171
SCALE 1 1 1
X 0.5749 -0.2680 -0.7731
Y 0.1417 0.9632 -0.2285
Z 0.8059 0.0219 0.5917

PART 62
OFFSET -0.0742 -5.1093 -20.0827
SCALE 1 1 1
X -0.6452 -0.4028 0.6492
Y -0.1612 0.9024 0.3997
Z -0.7468 0.1533 -0.6471

PART 63
OFFSET -0.7360 -8.5235 -19.4575
SCALE 1 1 1
X -0.8983 -0.3448 0.2723
Y 0.3120 -0.9370 -0.1572
Z 0.3093 -0.0562 0.9493

PART 64
OFFSET 1.5564 -7.6410 -20.3086
SCALE 1 1 1
X 0.0006 -0.9993 -0.0376
Y 0.6982 0.0274 -0.7154
Z 0.7159 -0.0258 0.6977

PART 65
OFFSET 1.5554 -5.9396 -20.2445
SCALE 1 1 1
X 0.6303 -0.3980 -0.6666
Y 0.3146 0.9159 -0.2493
Z 0.7097 -0.0526 0.7025

PART 66
OFFSET 0.6818 -5.3881 -19.3207
SCALE 1 1 1
X 0.6763 0.3455 -0.6506
Y -0.2114 0.9370 0.2780
Z 0.7057 -0.0505 0.7068

PART 67
OFFSET -0.0516 -5.7628 -18.6151
SCALE 1 1 1
X -0.3987 -0.8209 0.4090
Y -0.5909 0.5710 0.5700
Z -0.7014 -0.0145 -0.7126

PART 68
OFFSET -5.5202 -10.8593 -18.5017
SCALE 1 1 1
X -0.8124 -0.5733 0.1065
Y -0.5576 0.8172 0.1456
Z -0.1705 0.0588 -0.9836

PART 69
OFFSET 2.1335 -8.3365 -18.3274
SCALE 1 1 1
X -0.9625 -0.2515 0.1013
Y 0.2395 -0.9638 -0.1170
Z 0.1271 -0.0883 0.9880

PART 70
OFFSET 3.8282 -7.8937 -18.5058
SCALE 1 1 1
X -0.7198 -0.6914 0.0615
Y 0.6840 -0.7216 -0.1070
Z 0.1184 -0.0350 0.9924

PART 71
OFFSET 4.7105 -7.0553 -18.5202
SCALE 1 1 1
X -0.1854 -0.9793 -0.0813
Y 0.9793 -0.1773 -0.0981
Z 0.0817 -0.0978 0.9919

PART 72
OFFSET 4.9199 -5.9492 -18.4284
SCALE 1 1 1
X -0.8007 0.4513 0.3940
Y 0.4571 0.8853 -0.0852
Z -0.3873 0.1119 -0.9152

PART 73
OFFSET 1.9447 -7.9824 -19.3567
SCALE 1 1 1
X -0.5397 -0.8401 -0.0536
Y 0.8309 -0.5214 -0.1940
Z 0.1351 -0.1492 0.9795

PART 74
OFFSET 2.9991 -6.3411 -19.2521
SCALE 1 1 1
X 0.7169 -0.6648 -0.2101
Y 0.6760 0.7365 -0.0237
Z 0.1705 -0.1251 0.9774

PART 75
OFFSET 1.9521 -5.3701 -18.9452
SCALE 1 1 1
X 0.9621 -0.1889 -0.1964
Y 0.1986 0.9796 0.0307
Z 0.1866 -0.0686 0.9800

PART 76
OFFSET 0.8611 -5.1550 -18.7297
SCALE 1 1 1
X -0.8766 -0.4764 0.0683
Y -0.4521 0.8638 0.2226
Z -0.1650 0.1642 -0.9725

PART 77
OFFSET -2.7996 -7.5928 -17.8775
SCALE 1 1 1
X -0.6810 0.0039 0.7322
Y -0.3169 0.8999 -0.2995
Z -0.6601 -0.4361 -0.6117

PART 78
OFFSET -1.7065 -7.8174 -17.3788
SCALE 1 1 1
X -0.6810 0.0039 0.7322
Y -0.3169 0.8999 -0.2995
Z -0.6601 -0.4361 -0.6117

PART 79
OFFSET 9.9747 -6.3383 -15.0411
SCALE 1 1 1
X 0.9735 0.0170 0.2280
Y -0.0334 0.9971 0.0683
Z -0.2262 -0.0741 0.9713

PART 80
OFFSET 8.9357 -6.7494 -18.4482
SCALE 1 1 1
X -0.1101 -0.8941 0.4342
Y 0.9630 0.0122 0.2692
Z -0.2460 0.4478 0.8596

PART 81
OFFSET 9.5200 -8.2296 -14.1569
SCALE 1 1 1
X 0.9687 0.0154 0.2478
Y -0.0334 0.9971 0.0683
Z -0.2460 -0.0744 0.9664

PART 82
OFFSET 36.7456 -5.9785 -7.2143
SCALE 1 1 1
X 0.9735 0.0170 0.2280
Y -0.0334 0.9971 0.0683
Z -0.2262 -0.0741 0.9713

PART 83
OFFSET 7.8853 -6.3969 -15.1156
SCALE 1 1 1
X 0.9602 0.0200 0.2785
Y -0.0510 0.9932 0.1047
Z -0.2745 -0.1147 0.9547

PART 84
OFFSET 7.8856 -6.4342 -15.2134
SCALE 1 1 1
X 0.9735 0.0170 0.2280
Y -0.0334 0.9971 0.0683
Z -0.2262 -0.0741 0.9713

PART 85
OFFSET 3.5790 -6.5580 -14.7850
SCALE 1 1 1
X 0.9735 0.0170 0.2280
Y -0.0334 0.9971 0.0683
Z -0.2262 -0.0741 0.9713

PART 86
OFFSET 32.8940 -5.9601 -9.3639
SCALE 1 1 1
X 0.9687 0.0154 0.2478
Y -0.0334 0.9971 0.0683
Z -0.2460 -0.0744 0.9664

PART 87
OFFSET 45.3886 -5.8404 -5.0081
SCALE 1 1 1
X 0.9687 0.0154 0.2478
Y -0.0334 0.9971 0.0683
Z -0.2460 -0.0744 0.9664

PART 88
OFFSET 45.7227 -5.8340 -4.9369
SCALE 1 1 1
X 0.9687 0.0154 0.2478
Y -0.0334 0.9971 0.0683
Z -0.2460 -0.0744 0.9664

PART 89
OFFSET 5.6719 -5.1557 -15.0832
SCALE 1 1 1
X 0.9735 0.0170 0.2280
Y -0.0334 0.9971 0.0683
Z -0.2262 -0.0741 0.9713

PART 90
OFFSET 15.2704 -6.7142 -12.9671
SCALE 1 1 1
X 0.9735 0.0170 0.2280
Y -0.0334 0.9971 0.0683
Z -0.2262 -0.0741 0.9713

PART 91
OFFSET 38.2593 -5.9618 -6.7176
SCALE 1 1 1
X 0.9687 0.0154 0.2478
Y -0.0334 0.9971 0.0683
Z -0.2460 -0.0744 0.9664


FRAME 1551
PART 0
OFFSET -1.3154 -9.2602 -17.2330
SCALE 1 1 1
X -0.6718 0.0157 0.7406
Y -0.3154 0.8985 -0.3052
Z -0.6703 -0.4386 -0.5986

PART 1
OFFSET 0.0000 0.0000 0.0000
SCALE 1 1 1
X 1.0000 0.0000 0.0000
Y 0.0000 1.0000 0.0000
Z 0.0000 0.0000 1.0000

PART 2
OFFSET 0.0000 0.0000 0.0000
SCALE 1 1 1
X 1.0000 0.0000 0.0000
Y 0.0000 1.0000 0.0000
Z 0.0000 0.0000 1.0000

PART 3
OFFSET 1.5404 0.0000 4.1357
SCALE 1 1 1
X 1.0000 0.0000 0.0000
Y 0.0000 1.0000 0.0000
Z 0.0000 0.0000 1.0000

PART 4
OFFSET 14.9774 -5.4640 -15.8305
SCALE 1 1 1
X 0.3994 -0.8725 0.2814
Y -0.3914 0.1152 0.9130
Z -0.8290 -0.4748 -0.2954

PART 5
OFFSET 14.9774 -5.4640 -15.8305
SCALE 1 1 1
X 0.3994 -0.8725 0.2814
Y -0.3914 0.1152 0.9130
Z -0.8290 -0.4748 -0.2954

PART 6
OFFSET -0.8006 -8.6920 -19.5711
SCALE 1 1 1
X -0.8976 -0.3482 0.2703
Y 0.3175 -0.9361 -0.1515
Z 0.3058 -0.0502 0.9508

PART 7
OFFSET -0.8006 -8.6920 -19.5711
SCALE 1 1 1
X -0.8976 -0.3482 0.2703
Y 0.3175 -0.9361 -0.1515
Z 0.3058 -0.0502 0.9508

PART 8
OFFSET 6.2061 -3.1050 -3.3894
SCALE 1 1 1
X 1.0000 0.0000 0.0000
Y 0.0000 1.0000 0.0000
Z 0.0000 -0.0000 1.0000

PART 9
OFFSET 1.6245 4.2672 -6.2573
SCALE 1 1 1
X 0.4842 0.0321 -0.8744
Y -0.3409 -0.9134 -0.2223
Z -0.8058 0.4058 -0.4313

PART 10
OFFSET 7.4801 4.6554 -16.8320
SCALE 1 1 1
X 0.6146 -0.7869 0.0557
Y -0.3557 -0.2135 0.9099
Z -0.7041 -0.5790 -0.4111

PART 11
OFFSET 12.7076 -2.0372 -16.3585
SCALE 1 1 1
X 0.6146 -0.7869 0.0557
Y 0.7591 0.6092 0.2294
Z -0.2144 -0.0987 0.9717

PART 12
OFFSET 15.1087 -1.9195 -16.1168
SCALE 1 1 1
X 0.6187 -0.7840 0.0514
Y 0.7074 0.5843 0.3979
Z -0.3419 -0.2098 0.9160

PART 13
OFFSET 13.2634 -2.9900 -17.7447
SCALE 1 1 1
X 0.6187 -0.7840 0.0514
Y 0.7074 0.5843 0.3979
Z -0.3419 -0.2098 0.9160

PART 14
OFFSET 14.4574 -2.9701 -14.3886
SCALE 1 1 1
X 0.6187 -0.7840 0.0514
Y 0.7074 0.5843 0.3979
Z -0.3419 -0.2098 0.9160

PART 15
OFFSET 13.2022 -3.8698 -15.0370
SCALE 1 1 1
X 0.6187 -0.7840 0.0514
Y 0.7074 0.5843 0.3979
Z -0.3419 -0.2098 0.9160

PART 16
OFFSET 11.9106 -4.4529 -15.8661
SCALE 1 1 1
X 0.6187 -0.7840 0.0514
Y 0.7074 0.5843 0.3979
Z -0.3419 -0.2098 0.9160

PART 17
OFFSET 14.5918 -4.4495 -16.1878
SCALE 1 1 1
X 0.6422 -0.6872 0.3396
Y 0.6826 0.7143 0.1544
Z -0.3487 0.1327 0.9278

PART 18
OFFSET 15.3963 -4.0148 -15.5051
SCALE 1 1 1
X 0.3985 -0.2036 0.8943
Y 0.3508 0.9347 0.0565
Z -0.8474 0.2912 0.4439

PART 19
OFFSET 16.2441 -4.3447 -13.5450
SCALE 1 1 1
X 0.4519 -0.4409 0.7755
Y 0.2523 0.8970 0.3629
Z -0.8557 0.0317 0.5166

PART 20
OFFSET 16.8627 -5.1064 -12.2568
SCALE 1 1 1
X 0.1306 -0.8287 0.5442
Y 0.4381 0.5407 0.7181
Z -0.8894 0.1446 0.4337

PART 21
OFFSET 16.9707 -5.9867 -11.6362
SCALE 1 1 1
X 0.7580 -0.5932 0.2711
Y 0.4690 0.2069 -0.8586
Z 0.4533 0.7780 0.4351

PART 22
OFFSET 14.3338 -5.7690 -15.8782
SCALE 1 1 1
X 0.1219 -0.9655 0.2301
Y -0.4089 0.1624 0.8980
Z -0.9044 -0.2036 -0.3750

PART 23
OFFSET 14.6893 -7.8887 -15.1964
SCALE 1 1 1
X -0.2986 0.0076 0.9544
Y -0.3792 0.9167 -0.1259
Z -0.8758 -0.3995 -0.2708

PART 24
OFFSET 14.2666 -7.8779 -13.8452
SCALE 1 1 1
X -0.4075 0.4335 0.8038
Y -0.2432 0.7968 -0.5531
Z -0.8802 -0.4209 -0.2193

PART 25
OFFSET 13.9053 -7.4936 -13.1326
SCALE 1 1 1
X -0.4527 0.6736 0.5842
Y -0.0395 0.6394 -0.7678
Z -0.8908 -0.3707 -0.2629

PART 26
OFFSET 13.4752 -6.8537 -12.5776
SCALE 1 1 1
X 0.4999 -0.8630 0.0732
Y 0.1490 0.0024 -0.9888
Z 0.8532 0.5052 0.1298

PART 27
OFFSET 14.9774 -5.4640 -15.8305
SCALE 1 1 1
X 0.3994 -0.8725 0.2814
Y -0.3914 0.1152 0.9130
Z -0.8290 -0.4748 -0.2954

PART 28
OFFSET 15.8996 -7.8015 -15.1643
SCALE 1 1 1
X -0.2643 -0.0505 0.9631
Y -0.4420 0.8939 -0.0745
Z -0.8572 -0.4454 -0.2586

PART 29
OFFSET 15.4496 -7.8875 -13.5246
SCALE 1 1 1
X -0.4431 0.4395 0.7813
Y -0.2527 0.7750 -0.5793
Z -0.8601 -0.4541 -0.2323

PART 30
OFFSET 14.8355 -7.2783 -12.4417
SCALE 1 1 1
X -0.5121 0.8048 0.3001
Y 0.0535 0.3786 -0.9240
Z -0.8572 -0.4572 -0.2369

PART 31
OFFSET 14.2801 -6.4055 -12.1163
SCALE 1 1 1
X 0.3469 -0.8981 0.2703
Y 0.3741 -0.1318 -0.9180
Z 0.8601 0.4196 0.2903

PART 32
OFFSET 17.4686 -5.3627 -14.3985
SCALE 1 1 1
X 0.3753 -0.7478 0.5477
Y 0.5466 -0.2986 -0.7823
Z 0.7486 0.5930 0.2967

PART 33
OFFSET 17.7387 -6.6377 -15.0929
SCALE 1 1 1
X 0.2268 -0.3280 0.9170
Y -0.7248 0.5721 0.3839
Z -0.6506 -0.7517 -0.1080

PART 34
OFFSET 18.1380 -7.2152 -13.4783
SCALE 1 1 1
X -0.2622 0.0415 0.9641
Y -0.7466 0.6244 -0.2298
Z -0.6115 -0.7800 -0.1327

PART 35
OFFSET 17.8565 -7.1174 -12.2982
SCALE 1 1 1
X -0.5202 0.3684 0.7705
Y -0.5617 0.5319 -0.6337
Z -0.6433 -0.7624 -0.0698

PART 36
OFFSET 17.2688 -6.7013 -11.4279
SCALE 1 1 1
X 0.4955 -0.8146 0.3016
Y 0.4096 -0.0871 -0.9081
Z 0.7660 0.5735 0.2905

PART 37
OFFSET 16.8671 -7.3155 -15.1302
SCALE 1 1 1
X -0.0703 -0.1804 0.9811
Y -0.7021 0.7076 0.0798
Z -0.7086 -0.6832 -0.1764

PART 38
OFFSET 16.7297 -7.6679 -13.2136
SCALE 1 1 1
X -0.5745 0.3896 0.7199
Y -0.3944 0.6389 -0.6605
Z -0.7173 -0.6633 -0.2134

PART 39
OFFSET 15.8907 -7.0989 -12.1621
SCALE 1 1 1
X -0.6863 0.7112 0.1525
Y 0.0923 0.2931 -0.9516
Z -0.7214 -0.6390 -0.2668

PART 40
OFFSET 15.1082 -6.2982 -11.9906
SCALE 1 1 1
X 0.5134 -0.6917 0.5079
Y 0.4572 -0.2804 -0.8440
Z 0.7262 0.6655 0.1722

PART 41
OFFSET 15.1087 -1.9195 -16.1168
SCALE 1 1 1
X 0.6187 -0.7840 0.0514
Y 0.7074 0.5843 0.3979
Z -0.3419 -0.2098 0.9160

PART 42
OFFSET 13.2634 -2.9900 -17.7447
SCALE 1 1 1
X 0.6187 -0.7840 0.0514
Y 0.7074 0.5843 0.3979
Z -0.3419 -0.2098 0.9160

PART 43
OFFSET 14.4574 -2.9701 -14.3886
SCALE 1 1 1
X 0.6187 -0.7840 0.0514
Y 0.7074 0.5843 0.3979
Z -0.3419 -0.2098 0.9160

PART 44
OFFSET 13.2022 -3.8698 -15.0370
SCALE 1 1 1
X 0.6187 -0.7840 0.0514
Y 0.7074 0.5843 0.3979
Z -0.3419 -0.2098 0.9160

PART 45
OFFSET 11.9106 -4.4529 -15.8661
SCALE 1 1 1
X 0.6187 -0.7840 0.0514
Y 0.7074 0.5843 0.3979
Z -0.3419 -0.2098 0.9160

PART 46
OFFSET 9.8811 -6.4303 -15.1230
SCALE 1 1 1
X 0.9725 0.0231 0.2317
Y -0.0388 0.9972 0.0634
Z -0.2296 -0.0707 0.9707

PART 47
OFFSET -2.1097 -3.5648 -2.9073
SCALE 1 1 1
X 0.6190 0.4514 0.6427
Y -0.0828 -0.7763 0.6249
Z 0.7810 -0.4401 -0.4432

PART 48
OFFSET -9.5963 -9.0237 -10.6799
SCALE 1 1 1
X -0.6748 0.0106 0.7379
Y -0.6616 -0.4516 -0.5986
Z 0.3269 -0.8922 0.3117

PART 49
OFFSET -3.8566 -9.1138 -16.9560
SCALE 1 1 1
X -0.6748 0.0106 0.7379
Y -0.7353 -0.0940 -0.6711
Z 0.0622 -0.9955 0.0712

PART 50
OFFSET -2.8369 -7.7474 -17.9919
SCALE 1 1 1
X -0.6718 0.0157 0.7406
Y -0.3154 0.8985 -0.3052
Z -0.6703 -0.4386 -0.5986

PART 51
OFFSET -1.7390 -7.9703 -17.5046
SCALE 1 1 1
X -0.6718 0.0157 0.7406
Y -0.3154 0.8985 -0.3052
Z -0.6703 -0.4386 -0.5986

PART 52
OFFSET -1.3154 -9.2602 -17.2330
SCALE 1 1 1
X -0.6718 0.0157 0.7406
Y -0.3154 0.8985 -0.3052
Z -0.6703 -0.4386 -0.5986

PART 53
OFFSET -1.7878 -9.1463 -19.2182
SCALE 1 1 1
X -0.9544 -0.2968 -0.0310
Y -0.0290 0.1957 -0.9802
Z 0.2970 -0.9347 -0.1954

PART 54
OFFSET -1.4524 -8.8179 -18.1781
SCALE 1 1 1
X -0.4625 -0.8060 -0.3693
Y 0.3843 0.1932 -0.9028
Z 0.7990 -0.5595 0.2204

PART 55
OFFSET -0.5372 -7.0666 -17.3032
SCALE 1 1 1
X -0.6847 -0.7140 -0.1462
Y 0.3761 -0.1744 -0.9100
Z 0.6243 -0.6780 0.3880

PART 56
OFFSET 0.5206 -5.8484 -17.1650
SCALE 1 1 1
X -0.6814 -0.5873 0.4369
Y -0.0546 -0.5545 -0.8304
Z 0.7299 -0.5897 0.3457

PART 57
OFFSET 1.2250 -5.1770 -17.6391
SCALE 1 1 1
X -0.9831 -0.1690 -0.0707
Y -0.1446 0.9529 -0.2664
Z 0.1124 -0.2517 -0.9613

PART 58
OFFSET -1.0712 -8.4967 -20.2021
SCALE 1 1 1
X -0.7533 -0.3952 0.5258
Y 0.3630 -0.9164 -0.1687
Z 0.5485 0.0638 0.8337

PART 59
OFFSET 0.6566 -7.4871 -21.2412
SCALE 1 1 1
X -0.1072 -0.9794 0.1709
Y 0.5869 -0.2010 -0.7843
Z 0.8026 0.0162 0.5963

PART 60
OFFSET 0.8083 -6.1004 -21.4831
SCALE 1 1 1
X 0.4645 -0.6404 -0.6116
Y 0.4163 0.7675 -0.4874
Z 0.7816 -0.0282 0.6232

PART 61
OFFSET 0.3964 -5.5326 -20.9409
SCALE 1 1 1
X 0.5793 -0.2687 -0.7695
Y 0.1376 0.9628 -0.2325
Z 0.8034 0.0288 0.5948

PART 62
OFFSET -0.1540 -5.2773 -20.2098
SCALE 1 1 1
X -0.6457 -0.4031 0.6486
Y -0.1674 0.9034 0.3948
Z -0.7450 0.1463 -0.6508

PART 63
OFFSET -0.8006 -8.6920 -19.5711
SCALE 1 1 1
X -0.8976 -0.3482 0.2703
Y 0.3175 -0.9361 -0.1515
Z 0.3058 -0.0502 0.9508

PART 64
OFFSET 1.4906 -7.8015 -20.4173
SCALE 1 1 1
X 0.0059 -0.9994 -0.0329
Y 0.7009 0.0276 -0.7127
Z 0.7132 -0.0188 0.7007

PART 65
OFFSET 1.4805 -6.1000 -20.3613
SCALE 1 1 1
X 0.6350 -0.3978 -0.6622
Y 0.3109 0.9163 -0.2524
Z 0.7072 -0.0456 0.7055

PART 66
OFFSET 0.6005 -5.5486 -19.4435
SCALE 1 1 1
X 0.6771 0.3460 -0.6495
Y -0.2173 0.9372 0.2727
Z 0.7031 -0.0435 0.7098

PART 67
OFFSET -0.1338 -5.9238 -18.7391
SCALE 1 1 1
X -0.3960 -0.8210 0.4113
Y -0.5961 0.5706 0.5649
Z -0.6985 -0.0215 -0.7153

PART 68
OFFSET -5.5764 -11.0480 -18.6231
SCALE 1 1 1
X -0.8098 -0.5770 0.1061
Y -0.5624 0.8150 0.1395
Z -0.1669 0.0533 -0.9845

PART 69
OFFSET 2.0635 -8.4847 -18.4306
SCALE 1 1 1
X -0.9616 -0.2560 0.0987
Y 0.2450 -0.9631 -0.1115
Z 0.1236 -0.0830 0.9889

PART 70
OFFSET 3.7565 -8.0340 -18.6044
SCALE 1 1 1
X -0.7165 -0.6949 0.0619
Y 0.6881 -0.7185 -0.1009
Z 0.1146 -0.0297 0.9930

PART 71
OFFSET 4.6345 -7.1910 -18.6193
SCALE 1 1 1
X -0.1800 -0.9806 -0.0774
Y 0.9805 -0.1726 -0.0934
Z 0.0782 -0.0927 0.9926

PART 72
OFFSET 4.8378 -6.0834 -18.5319
SCALE 1 1 1
X -0.8046 0.4490 0.3887
Y 0.4528 0.8873 -0.0876
Z -0.3842 0.1055 -0.9172

PART 73
OFFSET 1.8769 -8.1364 -19.4623
SCALE 1 1 1
X -0.5352 -0.8432 -0.0517
Y 0.8344 -0.5180 -0.1883
Z 0.1320 -0.1439 0.9808

PART 74
OFFSET 2.9224 -6.4893 -19.3613
SCALE 1 1 1
X 0.7211 -0.6620 -0.2041
Y 0.6723 0.7399 -0.0245
Z 0.1673 -0.1196 0.9786

PART 75
OFFSET 1.8691 -5.5222 -19.0631
SCALE 1 1 1
X 0.9639 -0.1849 -0.1917
Y 0.1934 0.9807 0.0269
Z 0.1830 -0.0630 0.9811

PART 76
OFFSET 0.7762 -5.3118 -18.8529
SCALE 1 1 1
X -0.8744 -0.4806 0.0671
Y -0.4574 0.8624 0.2167
Z -0.1620 0.1588 -0.9739

PART 77
OFFSET -2.8369 -7.7474 -17.9919
SCALE 1 1 1
X -0.6718 0.0157 0.7406
Y -0.3154 0.8985 -0.3052
Z -0.6703 -0.4386 -0.5986

PART 78
OFFSET -1.7390 -7.9703 -17.5046
SCALE 1 1 1
X -0.6718 0.0157 0.7406
Y -0.3154 0.8985 -0.3052
Z -0.6703 -0.4386 -0.5986

PART 79
OFFSET 9.8811 -6.4303 -15.1230
SCALE 1 1 1
X 0.9725 0.0231 0.2317
Y -0.0388 0.9972 0.0634
Z -0.2296 -0.0707 0.9707

PART 80
OFFSET 8.8577 -6.8629 -18.5321
SCALE 1 1 1
X -0.1072 -0.8926 0.4380
Y 0.9618 0.0184 0.2730
Z -0.2517 0.4505 0.8565

PART 81
OFFSET 9.4327 -8.3198 -14.2316
SCALE 1 1 1
X 0.9676 0.0216 0.2515
Y -0.0388 0.9972 0.0634
Z -0.2495 -0.0712 0.9658

PART 82
OFFSET 36.6186 -5.8945 -7.1926
SCALE 1 1 1
X 0.9725 0.0231 0.2317
Y -0.0388 0.9972 0.0634
Z -0.2296 -0.0707 0.9707

PART 83
OFFSET 7.7924 -6.5001 -15.2054
SCALE 1 1 1
X 0.9590 0.0263 0.2822
Y -0.0566 0.9934 0.0997
Z -0.2777 -0.1116 0.9542

PART 84
OFFSET 7.7932 -6.5379 -15.3030
SCALE 1 1 1
X 0.9725 0.0231 0.2317
Y -0.0388 0.9972 0.0634
Z -0.2296 -0.0707 0.9707

PART 85
OFFSET 3.4857 -6.6821 -14.8909
SCALE 1 1 1
X 0.9725 0.0231 0.2317
Y -0.0388 0.9972 0.0634
Z -0.2296 -0.0707 0.9707

PART 86
OFFSET 32.7755 -5.9063 -9.3573
SCALE 1 1 1
X 0.9676 0.0216 0.2515
Y -0.0388 0.9972 0.0634
Z -0.2495 -0.0712 0.9658

PART 87
OFFSET 45.2519 -5.7011 -4.9529
SCALE 1 1 1
X 0.9676 0.0216 0.2515
Y -0.0388 0.9972 0.0634
Z -0.2495 -0.0712 0.9658

PART 88
OFFSET 45.5857 -5.6927 -4.8805
SCALE 1 1 1
X 0.9676 0.0216 0.2515
Y -0.0388 0.9972 0.0634
Z -0.2495 -0.0712 0.9658

PART 89
OFFSET 5.5725 -5.2703 -15.1876
SCALE 1 1 1
X 0.9725 0.0231 0.2317
Y -0.0388 0.9972 0.0634
Z -0.2296 -0.0707 0.9707

PART 90
OFFSET 15.1704 -6.7689 -13.0263
SCALE 1 1 1
X 0.9725 0.0231 0.2317
Y -0.0388 0.9972 0.0634
Z -0.2296 -0.0707 0.9707

PART 91
OFFSET 38.1302 -5.8677 -6.6900
SCALE 1 1 1
X 0.9676 0.0216 0.2515
Y -0.0388 0.9972 0.0634
Z -0.2495 -0.0712 0.9658


FRAME 1552
PART 0
OFFSET -1.4219 -9.6845 -17.5776
SCALE 1 1 1
X -0.6441 0.0498 0.7633
Y -0.3112 0.8945 -0.3209
Z -0.6988 -0.4442 -0.5607

PART 1
OFFSET 0.0000 0.0000 0.0000
SCALE 1 1 1
X 1.0000 0.0000 0.0000
Y 0.0000 1.0000 0.0000
Z 0.0000 0.0000 1.0000

PART 2
OFFSET 0.0000 0.0000 0.0000
SCALE 1 1 1
X 1.0000 0.0000 0.0000
Y 0.0000 1.0000 0.0000
Z 0.0000 0.0000 1.0000

PART 3
OFFSET 1.5404 0.0000 4.1357
SCALE 1 1 1
X 1.0000 0.0000 0.0000
Y 0.0000 1.0000 0.0000
Z 0.0000 0.0000 1.0000

PART 4
OFFSET 15.9016 -4.8979 -16.6803
SCALE 1 1 1
X 0.4961 -0.8653 0.0726
Y -0.3075 -0.0969 0.9466
Z -0.8120 -0.4919 -0.3141

PART 5
OFFSET 15.9016 -4.8979 -16.6803
SCALE 1 1 1
X 0.4961 -0.8653 0.0726
Y -0.3075 -0.0969 0.9466
Z -0.8120 -0.4919 -0.3141

PART 6
OFFSET -0.9818 -9.1724 -19.8959
SCALE 1 1 1
X -0.8955 -0.3578 0.2648
Y 0.3329 -0.9332 -0.1353
Z 0.2955 -0.0330 0.9548

PART 7
OFFSET -0.9818 -9.1724 -19.8959
SCALE 1 1 1
X -0.8955 -0.3578 0.2648
Y 0.3329 -0.9332 -0.1353
Z 0.2955 -0.0330 0.9548

PART 8
OFFSET 6.2061 -3.1050 -3.3894
SCALE 1 1 1
X 1.0000 0.0000 0.0000
Y 0.0000 1.0000 0.0000
Z 0.0000 -0.0000 1.0000

PART 9
OFFSET 1.6245 4.2672 -6.2573
SCALE 1 1 1
X 0.5009 0.0393 -0.8646
Y -0.3094 -0.9248 -0.2213
Z -0.8083 0.3784 -0.4511

PART 10
OFFSET 7.6828 4.7431 -16.7135
SCALE 1 1 1
X 0.6669 -0.7451 -0.0075
Y -0.3087 -0.2855 0.9073
Z -0.6782 -0.6028 -0.4204

PART 11
OFFSET 13.3553 -1.5942 -16.7775
SCALE 1 1 1
X 0.6669 -0.7451 -0.0075
Y 0.7176 0.6396 0.2755
Z -0.2005 -0.1892 0.9613

PART 12
OFFSET 15.7504 -1.3265 -16.6051
SCALE 1 1 1
X 0.6706 -0.7417 -0.0118
Y 0.6807 0.6089 0.4073
Z -0.2949 -0.2812 0.9132

PART 13
OFFSET 13.9240 -2.4316 -18.2313
SCALE 1 1 1
X 0.6706 -0.7417 -0.0118
Y 0.6807 0.6089 0.4073
Z -0.2949 -0.2812 0.9132

PART 14
OFFSET 15.2311 -2.5097 -14.9185
SCALE 1 1 1
X 0.6706 -0.7417 -0.0118
Y 0.6807 0.6089 0.4073
Z -0.2949 -0.2812 0.9132

PART 15
OFFSET 14.0162 -3.4568 -15.5761
SCALE 1 1 1
X 0.6706 -0.7417 -0.0118
Y 0.6807 0.6089 0.4073
Z -0.2949 -0.2812 0.9132

PART 16
OFFSET 12.7378 -4.0813 -16.3954
SCALE 1 1 1
X 0.6706 -0.7417 -0.0118
Y 0.6807 0.6089 0.4073
Z -0.2949 -0.2812 0.9132

PART 17
OFFSET 15.3999 -3.8784 -16.8005
SCALE 1 1 1
X 0.7273 -0.6707 0.1459
Y 0.6331 0.7376 0.2348
Z -0.2651 -0.0783 0.9610

PART 18
OFFSET 16.2292 -3.5004 -16.1137
SCALE 1 1 1
X 0.5061 -0.3074 0.8058
Y 0.2680 0.9441 0.1919
Z -0.8198 0.1188 0.5602

PART 19
OFFSET 17.3024 -4.0630 -14.3244
SCALE 1 1 1
X 0.5722 -0.4974 0.6521
Y 0.1945 0.8547 0.4813
Z -0.7967 -0.1486 0.5858

PART 20
OFFSET 18.1253 -4.9336 -13.2349
SCALE 1 1 1
X 0.2794 -0.8712 0.4037
Y 0.4462 0.4900 0.7489
Z -0.8502 -0.0291 0.5256

PART 21
OFFSET 18.3960 -5.8687 -12.7615
SCALE 1 1 1
X 0.8443 -0.5234 0.1147
Y 0.3510 0.3785 -0.8565
Z 0.4049 0.7634 0.5033

PART 22
OFFSET 15.2838 -5.2515 -16.7342
SCALE 1 1 1
X 0.2235 -0.9743 0.0269
Y -0.3302 -0.0497 0.9426
Z -0.9171 -0.2195 -0.3329

PART 23
OFFSET 15.8790 -7.4148 -16.5097
SCALE 1 1 1
X -0.1840 -0.2351 0.9544
Y -0.4719 0.8729 0.1240
Z -0.8622 -0.4276 -0.2715

PART 24
OFFSET 15.6185 -7.7476 -15.1584
SCALE 1 1 1
X -0.3324 0.1640 0.9288
Y -0.3902 0.8726 -0.2938
Z -0.8586 -0.4601 -0.2261

PART 25
OFFSET 15.3238 -7.6022 -14.3350
SCALE 1 1 1
X -0.4212 0.4118 0.8081
Y -0.2207 0.8177 -0.5317
Z -0.8797 -0.4023 -0.2535

PART 26
OFFSET 14.9236 -7.2110 -13.5673
SCALE 1 1 1
X 0.5879 -0.7701 -0.2476
Y -0.0067 0.3015 -0.9535
Z 0.8089 0.5622 0.1721

PART 27
OFFSET 15.9016 -4.8979 -16.6803
SCALE 1 1 1
X 0.4961 -0.8653 0.0726
Y -0.3075 -0.0969 0.9466
Z -0.8120 -0.4919 -0.3141

PART 28
OFFSET 17.0752 -7.2145 -16.5595
SCALE 1 1 1
X -0.1422 -0.2885 0.9469
Y -0.5257 0.8326 0.1747
Z -0.8387 -0.4729 -0.2701

PART 29
OFFSET 16.8330 -7.7056 -14.9475
SCALE 1 1 1
X -0.3687 0.1722 0.9135
Y -0.4028 0.8560 -0.3240
Z -0.8377 -0.4874 -0.2463

PART 30
OFFSET 16.3220 -7.4670 -13.6815
SCALE 1 1 1
X -0.5335 0.6096 0.5863
Y -0.1331 0.6241 -0.7699
Z -0.8352 -0.4888 -0.2519

PART 31
OFFSET 15.7434 -6.8059 -13.0456
SCALE 1 1 1
X 0.4721 -0.8800 -0.0530
Y 0.2328 0.1824 -0.9553
Z 0.8503 0.4386 0.2909

PART 32
OFFSET 18.5050 -4.8167 -15.4628
SCALE 1 1 1
X 0.4881 -0.7955 0.3591
Y 0.4895 -0.0912 -0.8672
Z 0.7226 0.5991 0.3449

PART 33
OFFSET 18.8097 -5.9063 -16.4120
SCALE 1 1 1
X 0.3592 -0.4783 0.8014
Y -0.7203 0.4040 0.5639
Z -0.5935 -0.7798 -0.1994

PART 34
OFFSET 19.4422 -6.7484 -15.0011
SCALE 1 1 1
X -0.1314 -0.1927 0.9724
Y -0.8212 0.5707 0.0021
Z -0.5553 -0.7983 -0.2332

PART 35
OFFSET 19.3162 -6.9341 -13.8047
SCALE 1 1 1
X -0.4244 0.1232 0.8970
Y -0.6956 0.5899 -0.4101
Z -0.5797 -0.7980 -0.1647

PART 36
OFFSET 18.8368 -6.7950 -12.7915
SCALE 1 1 1
X 0.6030 -0.7971 0.0319
Y 0.2705 0.1668 -0.9482
Z 0.7504 0.5804 0.3162

PART 37
OFFSET 17.9978 -6.6490 -16.5099
SCALE 1 1 1
X 0.0715 -0.3900 0.9181
Y -0.7447 0.5915 0.3092
Z -0.6636 -0.7057 -0.2481

PART 38
OFFSET 18.1374 -7.4108 -14.7164
SCALE 1 1 1
X -0.4880 0.1337 0.8625
Y -0.5489 0.7213 -0.4224
Z -0.6786 -0.6796 -0.2786

PART 39
OFFSET 17.4246 -7.2155 -13.4566
SCALE 1 1 1
X -0.7119 0.5421 0.4465
Y -0.1124 0.5396 -0.8344
Z -0.6933 -0.6442 -0.3232

PART 40
OFFSET 16.6135 -6.6065 -12.9525
SCALE 1 1 1
X 0.6620 -0.7192 0.2112
Y 0.3195 0.0158 -0.9475
Z 0.6780 0.6947 0.2402

PART 41
OFFSET 15.7504 -1.3265 -16.6051
SCALE 1 1 1
X 0.6706 -0.7417 -0.0118
Y 0.6807 0.6089 0.4073
Z -0.2949 -0.2812 0.9132

PART 42
OFFSET 13.9240 -2.4316 -18.2313
SCALE 1 1 1
X 0.6706 -0.7417 -0.0118
Y 0.6807 0.6089 0.4073
Z -0.2949 -0.2812 0.9132

PART 43
OFFSET 15.2311 -2.5097 -14.9185
SCALE 1 1 1
X 0.6706 -0.7417 -0.0118
Y 0.6807 0.6089 0.4073
Z -0.2949 -0.2812 0.9132

PART 44
OFFSET 14.0162 -3.4568 -15.5761
SCALE 1 1 1
X 0.6706 -0.7417 -0.0118
Y 0.6807 0.6089 0.4073
Z -0.2949 -0.2812 0.9132

PART 45
OFFSET 12.7378 -4.0813 -16.3954
SCALE 1 1 1
X 0.6706 -0.7417 -0.0118
Y 0.6807 0.6089 0.4073
Z -0.2949 -0.2812 0.9132

PART 46
OFFSET 9.6134 -6.6938 -15.3574
SCALE 1 1 1
X 0.9693 0.0406 0.2424
Y -0.0542 0.9973 0.0496
Z -0.2398 -0.0612 0.9689

PART 47
OFFSET -2.1097 -3.5648 -2.9073
SCALE 1 1 1
X 0.6075 0.4594 0.6480
Y -0.0920 -0.7696 0.6319
Z 0.7889 -0.4435 -0.4253

PART 48
OFFSET -9.4570 -9.1204 -10.7440
SCALE 1 1 1
X -0.6474 0.0446 0.7609
Y -0.6904 -0.4573 -0.5606
Z 0.3230 -0.8882 0.3269

PART 49
OFFSET -3.9509 -9.4998 -17.2155
SCALE 1 1 1
X -0.6474 0.0446 0.7609
Y -0.7589 -0.1300 -0.6381
Z 0.0705 -0.9905 0.1180

PART 50
OFFSET -2.9385 -8.1892 -18.3210
SCALE 1 1 1
X -0.6441 0.0498 0.7633
Y -0.3112 0.8945 -0.3209
Z -0.6988 -0.4442 -0.5607

PART 51
OFFSET -1.8274 -8.4082 -17.8671
SCALE 1 1 1
X -0.6441 0.0498 0.7633
Y -0.3112 0.8945 -0.3209
Z -0.6988 -0.4442 -0.5607

PART 52
OFFSET -1.4219 -9.6845 -17.5776
SCALE 1 1 1
X -0.6441 0.0498 0.7633
Y -0.3112 0.8945 -0.3209
Z -0.6988 -0.4442 -0.5607

PART 53
OFFSET -1.9663 -9.6366 -19.5481
SCALE 1 1 1
X -0.9496 -0.3113 -0.0379
Y -0.0205 0.1822 -0.9830
Z 0.3129 -0.9327 -0.1794

PART 54
OFFSET -1.6478 -9.2894 -18.5088
SCALE 1 1 1
X -0.4463 -0.8176 -0.3637
Y 0.3918 0.1869 -0.9009
Z 0.8045 -0.5446 0.2370

PART 55
OFFSET -0.7686 -7.5134 -17.6472
SCALE 1 1 1
X -0.6724 -0.7260 -0.1443
Y 0.3892 -0.1809 -0.9032
Z 0.6296 -0.6635 0.4041

PART 56
OFFSET 0.2696 -6.2779 -17.5134
SCALE 1 1 1
X -0.6777 -0.5914 0.4370
Y -0.0368 -0.5662 -0.8235
Z 0.7344 -0.5741 0.3619

PART 57
OFFSET 0.9695 -5.6024 -17.9885
SCALE 1 1 1
X -0.9796 -0.1845 -0.0796
Y -0.1555 0.9471 -0.2808
Z 0.1272 -0.2627 -0.9565

PART 58
OFFSET -1.2480 -8.9895 -20.5325
SCALE 1 1 1
X -0.7534 -0.3993 0.5224
Y 0.3784 -0.9131 -0.1523
Z 0.5378 0.0830 0.8390

PART 59
OFFSET 0.4767 -7.9683 -21.5654
SCALE 1 1 1
X -0.0947 -0.9786 0.1828
Y 0.5988 -0.2027 -0.7748
Z 0.7953 0.0360 0.6052

PART 60
OFFSET 0.6109 -6.5829 -21.8242
SCALE 1 1 1
X 0.4809 -0.6415 -0.5976
Y 0.4107 0.7670 -0.4929
Z 0.7746 -0.0083 0.6324

PART 61
OFFSET 0.1845 -6.0141 -21.2943
SCALE 1 1 1
X 0.5921 -0.2702 -0.7592
Y 0.1261 0.9616 -0.2439
Z 0.7959 0.0486 0.6034

PART 62
OFFSET -0.3780 -5.7573 -20.5730
SCALE 1 1 1
X -0.6472 -0.4040 0.6465
Y -0.1852 0.9060 0.3807
Z -0.7395 0.1266 -0.6611

PART 63
OFFSET -0.9818 -9.1724 -19.8959
SCALE 1 1 1
X -0.8955 -0.3578 0.2648
Y 0.3329 -0.9332 -0.1353
Z 0.2955 -0.0330 0.9548

PART 64
OFFSET 1.3057 -8.2594 -20.7279
SCALE 1 1 1
X 0.0210 -0.9996 -0.0194
Y 0.7086 0.0285 -0.7050
Z 0.7053 0.0011 0.7089

PART 65
OFFSET 1.2700 -6.5576 -20.6949
SCALE 1 1 1
X 0.6484 -0.3972 -0.6495
Y 0.3003 0.9174 -0.2612
Z 0.6996 -0.0257 0.7141

PART 66
OFFSET 0.3714 -6.0072 -19.7947
SCALE 1 1 1
X 0.6794 0.3473 -0.6464
Y -0.2342 0.9375 0.2576
Z 0.6954 -0.0236 0.7182

PART 67
OFFSET -0.3654 -6.3838 -19.0937
SCALE 1 1 1
X -0.3887 -0.8212 0.4178
Y -0.6109 0.5691 0.5504
Z -0.6897 -0.0413 -0.7229

PART 68
OFFSET -5.7332 -11.5862 -18.9707
SCALE 1 1 1
X -0.8024 -0.5875 0.1046
Y -0.5759 0.8084 0.1221
Z -0.1563 0.0378 -0.9870

PART 69
OFFSET 1.8655 -8.9076 -18.7258
SCALE 1 1 1
X -0.9588 -0.2689 0.0912
Y 0.2603 -0.9608 -0.0957
Z 0.1134 -0.0680 0.9912

PART 70
OFFSET 3.5536 -8.4342 -18.8864
SCALE 1 1 1
X -0.7069 -0.7045 0.0631
Y 0.6997 -0.7095 -0.0834
Z 0.1035 -0.0148 0.9945

PART 71
OFFSET 4.4193 -7.5786 -18.9026
SCALE 1 1 1
X -0.1647 -0.9841 -0.0662
Y 0.9840 -0.1593 -0.0799
Z 0.0681 -0.0783 0.9946

PART 72
OFFSET 4.6053 -6.4670 -18.8278
SCALE 1 1 1
X -0.8155 0.4421 0.3735
Y 0.4408 0.8927 -0.0944
Z -0.3751 0.0877 -0.9228

PART 73
OFFSET 1.6858 -8.5758 -19.7641
SCALE 1 1 1
X -0.5221 -0.8516 -0.0464
Y 0.8440 -0.5081 -0.1718
Z 0.1227 -0.1289 0.9840

PART 74
OFFSET 2.7057 -6.9122 -19.6734
SCALE 1 1 1
X 0.7331 -0.6539 -0.1870
Y 0.6616 0.7494 -0.0268
Z 0.1577 -0.1041 0.9820

PART 75
OFFSET 1.6350 -5.9570 -19.4003
SCALE 1 1 1
X 0.9686 -0.1731 -0.1782
Y 0.1787 0.9838 0.0159
Z 0.1726 -0.0472 0.9839

PART 76
OFFSET 0.5368 -5.7600 -19.2053
SCALE 1 1 1
X -0.8679 -0.4926 0.0636
Y -0.4725 0.8584 0.1999
Z -0.1531 0.1434 -0.9778

PART 77
OFFSET -2.9385 -8.1892 -18.3210
SCALE 1 1 1
X -0.6441 0.0498 0.7633
Y -0.3112 0.8945 -0.3209
Z -0.6988 -0.4442 -0.5607

PART 78
OFFSET -1.8274 -8.4082 -17.8671
SCALE 1 1 1
X -0.6441 0.0498 0.7633
Y -0.3112 0.8945 -0.3209
Z -0.6988 -0.4442 -0.5607

PART 79
OFFSET 9.6134 -6.6938 -15.3574
SCALE 1 1 1
X 0.9693 0.0406 0.2424
Y -0.0542 0.9973 0.0496
Z -0.2398 -0.0612 0.9689

PART 80
OFFSET 8.6360 -7.1868 -18.7718
SCALE 1 1 1
X -0.0991 -0.8882 0.4487
Y 0.9582 0.0363 0.2836
Z -0.2682 0.4581 0.8475

PART 81
OFFSET 9.1824 -8.5778 -14.4458
SCALE 1 1 1
X 0.9642 0.0393 0.2622
Y -0.0542 0.9973 0.0496
Z -0.2595 -0.0620 0.9637

PART 82
OFFSET 36.2465 -5.6567 -7.1313
SCALE 1 1 1
X 0.9693 0.0406 0.2424
Y -0.0542 0.9973 0.0496
Z -0.2398 -0.0612 0.9689

PART 83
OFFSET 7.5270 -6.7957 -15.4626
SCALE 1 1 1
X 0.9552 0.0442 0.2927
Y -0.0723 0.9937 0.0857
Z -0.2871 -0.1031 0.9523

PART 84
OFFSET 7.5295 -6.8347 -15.5597
SCALE 1 1 1
X 0.9693 0.0406 0.2424
Y -0.0542 0.9973 0.0496
Z -0.2398 -0.0612 0.9689

PART 85
OFFSET 3.2200 -7.0372 -15.1947
SCALE 1 1 1
X 0.9693 0.0406 0.2424
Y -0.0542 0.9973 0.0496
Z -0.2398 -0.0612 0.9689

PART 86
OFFSET 32.4293 -5.7541 -9.3393
SCALE 1 1 1
X 0.9642 0.0393 0.2622
Y -0.0542 0.9973 0.0496
Z -0.2595 -0.0620 0.9637

PART 87
OFFSET 44.8497 -5.3056 -4.7965
SCALE 1 1 1
X 0.9642 0.0393 0.2622
Y -0.0542 0.9973 0.0496
Z -0.2595 -0.0620 0.9637

PART 88
OFFSET 45.1824 -5.2913 -4.7203
SCALE 1 1 1
X 0.9642 0.0393 0.2622
Y -0.0542 0.9973 0.0496
Z -0.2595 -0.0620 0.9637

PART 89
OFFSET 5.2892 -5.5988 -15.4866
SCALE 1 1 1
X 0.9693 0.0406 0.2424
Y -0.0542 0.9973 0.0496
Z -0.2398 -0.0612 0.9689

PART 90
OFFSET 14.8824 -6.9261 -13.1963
SCALE 1 1 1
X 0.9693 0.0406 0.2424
Y -0.0542 0.9973 0.0496
Z -0.2398 -0.0612 0.9689

PART 91
OFFSET 37.7517 -5.6008 -6.6120
SCALE 1 1 1
X 0.9642 0.0393 0.2622
Y -0.0542 0.9973 0.0496
Z -0.2595 -0.0620 0.9637


FRAME 1553
PART 0
OFFSET -1.5760 -10.3556 -18.1320
SCALE 1 1 1
X -0.5971 0.1034 0.7955
Y -0.3047 0.8881 -0.3442
Z -0.7421 -0.4479 -0.4987

PART 1
OFFSET 0.0000 0.0000 0.0000
SCALE 1 1 1
X 1.0000 0.0000 0.0000
Y 0.0000 1.0000 0.0000
Z 0.0000 0.0000 1.0000

PART 2
OFFSET 0.0000 0.0000 0.0000
SCALE 1 1 1
X 1.0000 0.0000 0.0000
Y 0.0000 1.0000 0.0000
Z 0.0000 0.0000 1.0000

PART 3
OFFSET 1.5404 0.0000 4.1357
SCALE 1 1 1
X 1.0000 0.0000 0.0000
Y 0.0000 1.0000 0.0000
Z 0.0000 0.0000 1.0000

PART 4
OFFSET 17.0950 -4.0702 -17.6269
SCALE 1 1 1
X 0.5714 -0.7981 -0.1909
Y -0.1916 -0.3559 0.9147
Z -0.7980 -0.4861 -0.3563

PART 5
OFFSET 17.0950 -4.0702 -17.6269
SCALE 1 1 1
X 0.5714 -0.7981 -0.1909
Y -0.1916 -0.3559 0.9147
Z -0.7980 -0.4861 -0.3563

PART 6
OFFSET -1.2564 -9.9247 -20.4074
SCALE 1 1 1
X -0.8919 -0.3730 0.2557
Y 0.3566 -0.9278 -0.1097
Z 0.2781 -0.0067 0.9605

PART 7
OFFSET -1.2564 -9.9247 -20.4074
SCALE 1 1 1
X -0.8919 -0.3730 0.2557
Y 0.3566 -0.9278 -0.1097
Z 0.2781 -0.0067 0.9605

PART 8
OFFSET 6.2061 -3.1050 -3.3894
SCALE 1 1 1
X 1.0000 0.0000 0.0000
Y 0.0000 1.0000 0.0000
Z 0.0000 -0.0000 1.0000

PART 9
OFFSET 1.6245 4.2672 -6.2573
SCALE 1 1 1
X 0.5338 0.0412 -0.8446
Y -0.2705 -0.9380 -0.2167
Z -0.8012 0.3442 -0.4896

PART 10
OFFSET 8.0800 4.7651 -16.4720
SCALE 1 1 1
X 0.7277 -0.6808 -0.0839
Y -0.2438 -0.3710 0.8960
Z -0.6411 -0.6316 -0.4360

PART 11
OFFSET 14.2691 -1.0253 -17.1856
SCALE 1 1 1
X 0.7277 -0.6808 -0.0839
Y 0.6580 0.6583 0.3656
Z -0.1937 -0.3213 0.9270

PART 12
OFFSET 16.6374 -0.5579 -17.0835
SCALE 1 1 1
X 0.7309 -0.6768 -0.0880
Y 0.6425 0.6387 0.4233
Z -0.2303 -0.3659 0.9017

PART 13
OFFSET 14.8450 -1.7111 -18.7141
SCALE 1 1 1
X 0.7309 -0.6768 -0.0880
Y 0.6425 0.6387 0.4233
Z -0.2303 -0.3659 0.9017

PART 14
OFFSET 16.2946 -1.8913 -15.4652
SCALE 1 1 1
X 0.7309 -0.6768 -0.0880
Y 0.6425 0.6387 0.4233
Z -0.2303 -0.3659 0.9017

PART 15
OFFSET 15.1387 -2.8971 -16.1418
SCALE 1 1 1
X 0.7309 -0.6768 -0.0880
Y 0.6425 0.6387 0.4233
Z -0.2303 -0.3659 0.9017

PART 16
OFFSET 13.8849 -3.5772 -16.9549
SCALE 1 1 1
X 0.7309 -0.6768 -0.0880
Y 0.6425 0.6387 0.4233
Z -0.2303 -0.3659 0.9017

PART 17
OFFSET 16.4999 -3.1124 -17.4427
SCALE 1 1 1
X 0.7923 -0.6033 -0.0912
Y 0.5915 0.7229 0.3572
Z -0.1496 -0.3369 0.9296

PART 18
OFFSET 17.3657 -2.8245 -16.7574
SCALE 1 1 1
X 0.6223 -0.4102 0.6667
Y 0.1920 0.9057 0.3781
Z -0.7589 -0.1073 0.6423

PART 19
OFFSET 18.6855 -3.6252 -15.2452
SCALE 1 1 1
X 0.6937 -0.5306 0.4871
Y 0.1408 0.7631 0.6307
Z -0.7064 -0.3689 0.6041

PART 20
OFFSET 19.7178 -4.5686 -14.4288
SCALE 1 1 1
X 0.4363 -0.8739 0.2141
Y 0.4488 0.4177 0.7901
Z -0.7799 -0.2486 0.5744

PART 21
OFFSET 20.1616 -5.5180 -14.1575
