// Export filename: `C:/cod5/cod/cod5/xanim_export/viewmodel/US/m1garand/viewmodel_m1garand_grenade_alt_pullout.XANIM_EXPORT`
// Source filename: `C:/cod5/cod/cod5/animation_assets/viewmodel/US/m1_garand/viewmodelanimation_m1garand_alt_gren.mb`
// Export time: Wed Sep 03 18:14:03 2008

ANIMATION
VERSION 3

NUMPARTS 92
PART 0 "D_Sleave_Reshape_Top_RI_1"
PART 1 "tag_cambone"
PART 2 "tag_camera"
PART 3 "tag_gasmask"
PART 4 "RingPalm_FK_LE"
PART 5 "RingPalm_SDK_LE"
PART 6 "RingPalm_FK_RI"
PART 7 "RingPalm_SDK_RI"
PART 8 "tag_torso"
PART 9 "J_Shoulder_LE"
PART 10 "J_Elbow_LE"
PART 11 "J_WristTwist_LE"
PART 12 "J_Sleave_Reshape_Bottom_LE_1"
PART 13 "J_Sleave_Reshape_Bottom_LE_2"
PART 14 "J_Sleave_Reshape_Top_LE_1"
PART 15 "J_Sleave_Reshape_Top_LE_2"
PART 16 "J_Sleave_Reshape_Top_LE_3"
PART 17 "J_Wrist_LE"
PART 18 "J_Thumb_LE_0"
PART 19 "J_Thumb_LE_1"
PART 20 "J_Thumb_LE_2"
PART 21 "J_Thumb_LE_3"
PART 22 "J_PinkyPalm_LE"
PART 23 "J_Pinky_LE_0"
PART 24 "J_Pinky_LE_1"
PART 25 "J_Pinky_LE_2"
PART 26 "J_Pinky_LE_3"
PART 27 "J_RingPalm_LE"
PART 28 "J_Ring_LE_0"
PART 29 "J_Ring_LE_1"
PART 30 "J_Ring_LE_2"
PART 31 "J_Ring_LE_3"
PART 32 "J_Webbing_LE"
PART 33 "J_Index_LE_0"
PART 34 "J_Index_LE_1"
PART 35 "J_Index_LE_2"
PART 36 "J_Index_LE_3"
PART 37 "J_Mid_LE_0"
PART 38 "J_Mid_LE_1"
PART 39 "J_Mid_LE_2"
PART 40 "J_Mid_LE_3"
PART 41 "D_Sleave_Reshape_Bottom_LE_1"
PART 42 "D_Sleave_Reshape_Bottom_LE_2"
PART 43 "D_Sleave_Reshape_Top_LE_1"
PART 44 "D_Sleave_Reshape_Top_LE_2"
PART 45 "D_Sleave_Reshape_Top_LE_3"
PART 46 "tag_weapon"
PART 47 "J_Shoulder_RI"
PART 48 "J_Elbow_RI"
PART 49 "J_WristTwist_RI"
PART 50 "J_Sleave_Reshape_Top_RI_3"
PART 51 "J_Sleave_Reshape_Top_RI_2"
PART 52 "J_Sleave_Reshape_Top_RI_1"
PART 53 "J_Wrist_RI"
PART 54 "J_Thumb_RI_0"
PART 55 "J_Thumb_RI_1"
PART 56 "J_Thumb_RI_2"
PART 57 "J_Thumb_RI_3"
PART 58 "J_PinkyPalm_RI"
PART 59 "J_Pinky_RI_0"
PART 60 "J_Pinky_RI_1"
PART 61 "J_Pinky_RI_2"
PART 62 "J_Pinky_RI_3"
PART 63 "J_RingPalm_RI"
PART 64 "J_Ring_RI_0"
PART 65 "J_Ring_RI_1"
PART 66 "J_Ring_RI_2"
PART 67 "J_Ring_RI_3"
PART 68 "J_Webbing_RI"
PART 69 "J_Index_RI_0"
PART 70 "J_Index_RI_1"
PART 71 "J_Index_RI_2"
PART 72 "J_Index_RI_3"
PART 73 "J_Mid_RI_0"
PART 74 "J_Mid_RI_1"
PART 75 "J_Mid_RI_2"
PART 76 "J_Mid_RI_3"
PART 77 "D_Sleave_Reshape_Top_RI_3"
PART 78 "D_Sleave_Reshape_Top_RI_2"
PART 79 "J_Gun"
PART 80 "tag_brass"
PART 81 "J_Bolt"
PART 82 "tag_flash"
PART 83 "j_stripper"
PART 84 "J_Clip"
PART 85 "TAG_APERTURE"
PART 86 "tag_bayonet"
PART 87 "tag_grenade"
PART 88 "tag_grenade_mount"
PART 89 "TAG_TELESCOPIC"
PART 90 "TAG_IRON_SIGHTS"
PART 91 "TAG_SUPPRESSOR"

FRAMERATE 24
NUMFRAMES 81

FRAME 1430
PART 0
OFFSET 1.1128 -6.2479 -4.4624
SCALE 1 1 1
X -0.5582 -0.8297 -0.0047
Y -0.5194 0.3539 -0.7778
Z 0.6470 -0.4317 -0.6285

PART 1
OFFSET 0.0000 0.0000 0.0000
SCALE 1 1 1
X 1.0000 0.0000 0.0000
Y 0.0000 1.0000 0.0000
Z 0.0000 0.0000 1.0000

PART 2
OFFSET 0.0000 0.0000 0.0000
SCALE 1 1 1
X 1.0000 0.0000 0.0000
Y 0.0000 1.0000 0.0000
Z 0.0000 0.0000 1.0000

PART 3
OFFSET 1.5404 0.0000 4.1357
SCALE 1 1 1
X 1.0000 0.0000 0.0000
Y 0.0000 1.0000 0.0000
Z 0.0000 0.0000 1.0000

PART 4
OFFSET 18.5839 -2.3977 -6.7794
SCALE 1 1 1
X 0.4605 -0.8675 0.1881
Y -0.1034 0.1580 0.9820
Z -0.8816 -0.4717 -0.0170

PART 5
OFFSET 18.5839 -2.3977 -6.7794
SCALE 1 1 1
X 0.4605 -0.8675 0.1881
Y -0.1034 0.1580 0.9820
Z -0.8816 -0.4717 -0.0170

PART 6
OFFSET 2.6239 -4.8767 -6.7566
SCALE 1 1 1
X -0.8183 -0.2952 0.4931
Y 0.2520 -0.9554 -0.1538
Z 0.5166 -0.0016 0.8562

PART 7
OFFSET 2.6239 -4.8767 -6.7566
SCALE 1 1 1
X -0.8183 -0.2952 0.4931
Y 0.2520 -0.9554 -0.1538
Z 0.5166 -0.0016 0.8562

PART 8
OFFSET 6.2061 -3.1050 -3.3894
SCALE 1 1 1
X 1.0000 0.0000 0.0000
Y 0.0000 1.0000 0.0000
Z 0.0000 -0.0000 1.0000

PART 9
OFFSET 1.6245 4.2672 -6.2573
SCALE 1 1 1
X 0.8107 0.1254 -0.5719
Y 0.0112 -0.9799 -0.1990
Z -0.5853 0.1550 -0.7958

PART 10
OFFSET 11.4291 5.7835 -13.1734
SCALE 1 1 1
X 0.5775 -0.6196 0.5316
Y -0.7636 -0.1797 0.6202
Z -0.2888 -0.7641 -0.5769

PART 11
OFFSET 16.3410 0.5134 -8.6521
SCALE 1 1 1
X 0.5775 -0.6196 0.5316
Y 0.7600 0.6458 -0.0729
Z -0.2981 0.4461 0.8439

PART 12
OFFSET 18.1875 1.1862 -7.2467
SCALE 1 1 1
X 0.5828 -0.6164 0.5294
Y 0.2981 0.7683 0.5664
Z -0.7559 -0.1723 0.6315

PART 13
OFFSET 17.6745 -0.4474 -9.3130
SCALE 1 1 1
X 0.5828 -0.6164 0.5294
Y 0.2981 0.7683 0.5664
Z -0.7559 -0.1723 0.6315

PART 14
OFFSET 16.8375 0.2257 -5.9166
SCALE 1 1 1
X 0.5828 -0.6164 0.5294
Y 0.2981 0.7683 0.5664
Z -0.7559 -0.1723 0.6315

PART 15
OFFSET 16.2602 -0.9983 -6.9035
SCALE 1 1 1
X 0.5828 -0.6164 0.5294
Y 0.2981 0.7683 0.5664
Z -0.7559 -0.1723 0.6315

PART 16
OFFSET 15.7117 -1.9448 -8.1279
SCALE 1 1 1
X 0.5828 -0.6164 0.5294
Y 0.2981 0.7683 0.5664
Z -0.7559 -0.1723 0.6315

PART 17
OFFSET 18.1114 -1.3862 -7.0225
SCALE 1 1 1
X 0.7127 -0.6872 0.1407
Y 0.6999 0.7100 -0.0774
Z -0.0467 0.1537 0.9870

PART 18
OFFSET 19.0882 -0.9471 -6.6286
SCALE 1 1 1
X 0.8902 -0.0708 0.4501
Y 0.1103 0.9919 -0.0622
Z -0.4420 0.1050 0.8908

PART 19
OFFSET 20.9956 -0.9949 -5.6141
SCALE 1 1 1
X 0.9324 -0.1469 0.3302
Y 0.0875 0.9783 0.1879
Z -0.3507 -0.1463 0.9250

PART 20
OFFSET 22.4564 -1.3068 -4.9886
SCALE 1 1 1
X 0.8422 -0.3442 0.4149
Y 0.2778 0.9367 0.2133
Z -0.4620 -0.0644 0.8845

PART 21
OFFSET 23.3507 -1.6660 -4.4958
SCALE 1 1 1
X 0.9758 -0.0197 -0.2179
Y -0.2185 -0.0326 -0.9753
Z 0.0121 0.9993 -0.0361

PART 22
OFFSET 17.9555 -2.6969 -6.6210
SCALE 1 1 1
X 0.1930 -0.9756 0.1044
Y -0.0944 0.0874 0.9917
Z -0.9766 -0.2013 -0.0753

PART 23
OFFSET 18.5199 -4.8489 -6.2539
SCALE 1 1 1
X -0.1078 0.0501 0.9929
Y -0.6678 0.7362 -0.1097
Z -0.7365 -0.6749 -0.0459

PART 24
OFFSET 18.3673 -4.7780 -4.8482
SCALE 1 1 1
X -0.5765 0.6112 0.5423
Y -0.3780 0.3889 -0.8402
Z -0.7244 -0.6893 0.0068

PART 25
OFFSET 17.8561 -4.2360 -4.3674
SCALE 1 1 1
X -0.5799 0.6009 0.5501
Y -0.3346 0.4400 -0.8333
Z -0.7428 -0.6673 -0.0541

PART 26
OFFSET 17.3052 -3.6652 -3.8448
SCALE 1 1 1
X 0.7610 -0.6393 0.1102
Y 0.0267 -0.1388 -0.9900
Z 0.6482 0.7563 -0.0886

PART 27
OFFSET 18.5839 -2.3977 -6.7794
SCALE 1 1 1
X 0.4605 -0.8675 0.1881
Y -0.1034 0.1580 0.9820
Z -0.8816 -0.4717 -0.0170

PART 28
OFFSET 19.6506 -4.7226 -6.3154
SCALE 1 1 1
X 0.2147 -0.1885 0.9583
Y -0.6462 0.7083 0.2841
Z -0.7324 -0.6802 0.0303

PART 29
OFFSET 20.0161 -5.0435 -4.6839
SCALE 1 1 1
X -0.5443 0.6122 0.5736
Y -0.4290 0.3845 -0.8174
Z -0.7209 -0.6909 0.0534

PART 30
OFFSET 19.2618 -4.1951 -3.8889
SCALE 1 1 1
X -0.6242 0.6729 0.3970
Y -0.3096 0.2535 -0.9164
Z -0.7173 -0.6949 0.0501

PART 31
OFFSET 18.5849 -3.4653 -3.4583
SCALE 1 1 1
X 0.6530 -0.7303 0.2007
Y 0.1352 -0.1483 -0.9797
Z 0.7452 0.6668 0.0019

PART 32
OFFSET 21.3946 -2.2950 -6.1826
SCALE 1 1 1
X 0.5222 -0.7412 0.4218
Y 0.2791 -0.3189 -0.9058
Z 0.8059 0.5907 0.0403

PART 33
OFFSET 21.4336 -3.5857 -6.8994
SCALE 1 1 1
X 0.7815 -0.1932 0.5932
Y -0.5338 0.2849 0.7962
Z -0.3228 -0.9389 0.1195

PART 34
OFFSET 22.8096 -3.9259 -5.8550
SCALE 1 1 1
X 0.4267 -0.0634 0.9022
Y -0.8542 0.2995 0.4251
Z -0.2971 -0.9520 0.0736

PART 35
OFFSET 23.3464 -3.9452 -4.7627
SCALE 1 1 1
X -0.0335 0.1609 0.9864
Y -0.9583 0.2751 -0.0775
Z -0.2839 -0.9478 0.1450

PART 36
OFFSET 23.3085 -3.7634 -3.6486
SCALE 1 1 1
X 0.7961 -0.5674 -0.2104
Y -0.2169 0.0570 -0.9745
Z 0.5649 0.8215 -0.0777

PART 37
OFFSET 20.5899 -4.2550 -6.6533
SCALE 1 1 1
X 0.5337 -0.4449 0.7192
Y -0.4817 0.5391 0.6909
Z -0.6951 -0.7152 0.0734

PART 38
OFFSET 21.6324 -5.1242 -5.2483
SCALE 1 1 1
X -0.4525 0.5352 0.7134
Y -0.5211 0.4905 -0.6985
Z -0.7237 -0.6877 0.0569

PART 39
OFFSET 20.9715 -4.3425 -4.2064
SCALE 1 1 1
X -0.5059 0.5541 0.6611
Y -0.4470 0.4871 -0.7503
Z -0.7378 -0.6751 0.0013

PART 40
OFFSET 20.3936 -3.7200 -3.4571
SCALE 1 1 1
X 0.7206 -0.6928 -0.0278
Y -0.0714 -0.0343 -0.9969
Z 0.6897 0.7203 -0.0742

PART 41
OFFSET 18.1875 1.1862 -7.2467
SCALE 1 1 1
X 0.5828 -0.6164 0.5294
Y 0.2981 0.7683 0.5664
Z -0.7559 -0.1723 0.6315

PART 42
OFFSET 17.6745 -0.4474 -9.3130
SCALE 1 1 1
X 0.5828 -0.6164 0.5294
Y 0.2981 0.7683 0.5664
Z -0.7559 -0.1723 0.6315

PART 43
OFFSET 16.8375 0.2257 -5.9166
SCALE 1 1 1
X 0.5828 -0.6164 0.5294
Y 0.2981 0.7683 0.5664
Z -0.7559 -0.1723 0.6315

PART 44
OFFSET 16.2602 -0.9983 -6.9035
SCALE 1 1 1
X 0.5828 -0.6164 0.5294
Y 0.2981 0.7683 0.5664
Z -0.7559 -0.1723 0.6315

PART 45
OFFSET 15.7117 -1.9448 -8.1279
SCALE 1 1 1
X 0.5828 -0.6164 0.5294
Y 0.2981 0.7683 0.5664
Z -0.7559 -0.1723 0.6315

PART 46
OFFSET 14.0948 -2.7535 -5.0514
SCALE 1 1 1
X 1.0000 0.0000 0.0000
Y 0.0000 1.0000 0.0000
Z 0.0000 -0.0000 1.0000

PART 47
OFFSET -2.1097 -3.5648 -2.9073
SCALE 1 1 1
X 0.2111 0.9381 0.2745
Y 0.0155 -0.2841 0.9587
Z 0.9773 -0.1981 -0.0745

PART 48
OFFSET -4.6628 -14.9103 -6.2277
SCALE 1 1 1
X -0.5529 -0.8332 -0.0063
Y 0.6577 -0.4318 -0.6172
Z 0.5116 -0.3454 0.7868

PART 49
OFFSET 0.0400 -7.8235 -6.1744
SCALE 1 1 1
X -0.5529 -0.8332 -0.0063
Y -0.1817 0.1279 -0.9750
Z 0.8132 -0.5379 -0.2222

PART 50
OFFSET -0.2864 -5.8739 -7.1680
SCALE 1 1 1
X -0.5582 -0.8297 -0.0047
Y -0.5194 0.3539 -0.7778
Z 0.6470 -0.4317 -0.6285

PART 51
OFFSET -0.1362 -5.5242 -5.9553
SCALE 1 1 1
X -0.5582 -0.8297 -0.0047
Y -0.5194 0.3539 -0.7778
Z 0.6470 -0.4317 -0.6285

PART 52
OFFSET 1.1128 -6.2479 -4.4624
SCALE 1 1 1
X -0.5582 -0.8297 -0.0047
Y -0.5194 0.3539 -0.7778
Z 0.6470 -0.4317 -0.6285

PART 53
OFFSET 1.7351 -5.2691 -6.1552
SCALE 1 1 1
X -0.9422 -0.2609 0.2100
Y -0.2508 0.1341 -0.9587
Z 0.2220 -0.9560 -0.1918

PART 54
OFFSET 2.3098 -4.8886 -5.2458
SCALE 1 1 1
X -0.5540 -0.8093 -0.1953
Y 0.1690 0.1205 -0.9782
Z 0.8152 -0.5749 0.0700

PART 55
OFFSET 3.4431 -3.1222 -4.7305
SCALE 1 1 1
X -0.7162 -0.6948 0.0658
Y 0.1509 -0.2463 -0.9574
Z 0.6814 -0.6758 0.2812

PART 56
OFFSET 4.5320 -1.9396 -4.9254
SCALE 1 1 1
X -0.5750 -0.5315 0.6221
Y -0.2583 -0.6035 -0.7544
Z 0.7763 -0.5944 0.2097

PART 57
OFFSET 5.1226 -1.3275 -5.5949
SCALE 1 1 1
X -0.9763 -0.1349 0.1690
Y -0.1804 0.9390 -0.2927
Z -0.1192 -0.3163 -0.9411

PART 58
OFFSET 2.2190 -4.7115 -7.3208
SCALE 1 1 1
X -0.6198 -0.3315 0.7113
Y 0.2928 -0.9386 -0.1824
Z 0.7281 0.0952 0.6789

PART 59
OFFSET 3.6818 -3.8376 -8.7976
SCALE 1 1 1
X -0.0872 -0.9617 0.2597
Y 0.3843 -0.2730 -0.8819
Z 0.9191 0.0229 0.3934

PART 60
OFFSET 3.8053 -2.4760 -9.1653
SCALE 1 1 1
X 0.2953 -0.6955 -0.6551
Y 0.3097 0.7183 -0.6230
Z 0.9038 -0.0189 0.4275

PART 61
OFFSET 3.5435 -1.8594 -8.5845
SCALE 1 1 1
X 0.3789 -0.3392 -0.8610
Y 0.1022 0.9400 -0.3254
Z 0.9198 0.0353 0.3908

PART 62
OFFSET 3.1835 -1.5371 -7.7665
SCALE 1 1 1
X -0.4869 -0.3358 0.8063
Y -0.0505 0.9324 0.3578
Z -0.8720 0.1336 -0.4710

PART 63
OFFSET 2.6239 -4.8767 -6.7566
SCALE 1 1 1
X -0.8183 -0.2952 0.4931
Y 0.2520 -0.9554 -0.1538
Z 0.5166 -0.0016 0.8562

PART 64
OFFSET 4.6765 -4.1313 -8.1671
SCALE 1 1 1
X -0.0249 -0.9990 0.0374
Y 0.5171 -0.0449 -0.8548
Z 0.8556 -0.0020 0.5177

PART 65
OFFSET 4.7190 -2.4305 -8.2307
SCALE 1 1 1
X 0.4549 -0.4634 -0.7605
Y 0.2650 0.8857 -0.3812
Z 0.8502 -0.0281 0.5257

PART 66
OFFSET 4.0885 -1.7883 -7.1767
SCALE 1 1 1
X 0.5159 0.2775 -0.8104
Y -0.1265 0.9604 0.2483
Z 0.8472 -0.0256 0.5306

PART 67
OFFSET 3.5290 -2.0893 -6.2978
SCALE 1 1 1
X -0.3088 -0.7772 0.5482
Y -0.4356 0.6280 0.6449
Z -0.8455 -0.0397 -0.5325

PART 68
OFFSET -1.8554 -6.9808 -4.5732
SCALE 1 1 1
X -0.7763 -0.5373 0.3297
Y -0.4958 0.8434 0.2069
Z -0.3893 -0.0028 -0.9211

PART 69
OFFSET 5.6782 -4.7088 -6.3218
SCALE 1 1 1
X -0.9182 -0.2117 0.3347
Y 0.1901 -0.9770 -0.0964
Z 0.3474 -0.0248 0.9374

PART 70
OFFSET 7.2949 -4.3360 -6.9112
SCALE 1 1 1
X -0.6985 -0.6612 0.2737
Y 0.6292 -0.7496 -0.2052
Z 0.3409 0.0289 0.9397

PART 71
OFFSET 8.1647 -3.5304 -7.1869
SCALE 1 1 1
X -0.2156 -0.9758 0.0356
Y 0.9280 -0.2161 -0.3036
Z 0.3040 -0.0325 0.9521

PART 72
OFFSET 8.4083 -2.4282 -7.2270
SCALE 1 1 1
X -0.6820 0.5036 0.5303
Y 0.4406 0.8617 -0.2517
Z -0.5838 0.0620 -0.8096

PART 73
OFFSET 5.2658 -4.4197 -7.3051
SCALE 1 1 1
X -0.5519 -0.8233 0.1323
Y 0.7558 -0.5609 -0.3378
Z 0.3523 -0.0864 0.9319

PART 74
OFFSET 6.3440 -2.8112 -7.5635
SCALE 1 1 1
X 0.6387 -0.7011 -0.3169
Y 0.6652 0.7102 -0.2305
Z 0.3867 -0.0636 0.9200

PART 75
OFFSET 5.4110 -1.7871 -7.1006
SCALE 1 1 1
X 0.8887 -0.2339 -0.3944
Y 0.2170 0.9722 -0.0877
Z 0.4039 -0.0077 0.9148

PART 76
OFFSET 4.4018 -1.5215 -6.6605
SCALE 1 1 1
X -0.8459 -0.4411 0.2999
Y -0.3747 0.8915 0.2544
Z -0.3796 0.1028 -0.9194

PART 77
OFFSET -0.2864 -5.8739 -7.1680
SCALE 1 1 1
X -0.5582 -0.8297 -0.0047
Y -0.5194 0.3539 -0.7778
Z 0.6470 -0.4317 -0.6285

PART 78
OFFSET -0.1362 -5.5242 -5.9553
SCALE 1 1 1
X -0.5582 -0.8297 -0.0047
Y -0.5194 0.3539 -0.7778
Z 0.6470 -0.4317 -0.6285

PART 79
OFFSET 14.0948 -2.7535 -5.0514
SCALE 1 1 1
X 1.0000 0.0000 0.0000
Y 0.0000 1.0000 0.0000
Z 0.0000 -0.0000 1.0000

PART 80
OFFSET 12.2995 -3.3615 -8.0951
SCALE 1 1 1
X -0.0234 -0.8582 0.5129
Y 0.9991 -0.0016 0.0428
Z -0.0359 0.5134 0.8574

PART 81
OFFSET 13.8216 -4.5638 -3.9495
SCALE 1 1 1
X 0.9998 -0.0000 0.0204
Y 0.0000 1.0000 0.0000
Z -0.0204 -0.0000 0.9998

PART 82
OFFSET 41.9472 -2.7535 -3.5307
SCALE 1 1 1
X 1.0000 0.0000 0.0000
Y 0.0000 1.0000 0.0000
Z 0.0000 -0.0000 1.0000

PART 83
OFFSET 12.0428 -2.7473 -4.6468
SCALE 1 1 1
X 0.9986 0.0069 0.0519
Y -0.0090 0.9992 0.0396
Z -0.0516 -0.0400 0.9979

PART 84
OFFSET 12.0201 -2.7912 -4.7391
SCALE 1 1 1
X 1.0000 0.0000 0.0000
Y 0.0000 1.0000 0.0000
Z 0.0000 -0.0000 1.0000

PART 85
OFFSET 7.9231 -2.7417 -3.3398
SCALE 1 1 1
X 1.0000 0.0000 0.0000
Y 0.0000 1.0000 0.0000
Z 0.0000 -0.0000 1.0000

PART 86
OFFSET 37.7078 -2.7535 -4.7488
SCALE 1 1 1
X 0.9998 -0.0000 0.0204
Y 0.0000 1.0000 0.0000
Z -0.0204 -0.0000 0.9998

PART 87
OFFSET 22.2120 7.7702 -14.5573
SCALE 1 1 1
X 0.7962 0.3672 0.4808
Y -0.5685 0.1822 0.8022
Z 0.2070 -0.9121 0.3538

PART 88
OFFSET 51.2082 -2.7535 -3.3597
SCALE 1 1 1
X 0.9998 -0.0000 0.0204
Y 0.0000 1.0000 0.0000
Z -0.0204 -0.0000 0.9998

PART 89
OFFSET 9.9164 -1.4336 -4.2067
SCALE 1 1 1
X 1.0000 0.0000 0.0000
Y 0.0000 1.0000 0.0000
Z 0.0000 -0.0000 1.0000

PART 90
OFFSET 19.7167 -3.1634 -4.2067
SCALE 1 1 1
X 1.0000 0.0000 0.0000
Y 0.0000 1.0000 0.0000
Z 0.0000 -0.0000 1.0000

PART 91
OFFSET 43.5343 -2.7535 -3.3919
SCALE 1 1 1
X 0.9998 -0.0000 0.0204
Y 0.0000 1.0000 0.0000
Z -0.0204 -0.0000 0.9998


FRAME 1431
PART 0
OFFSET 1.1939 -6.6892 -5.0072
SCALE 1 1 1
X -0.6204 -0.7760 0.1142
Y -0.5734 0.3493 -0.7411
Z 0.5351 -0.5252 -0.6616

PART 1
OFFSET 0.0000 0.0000 0.0000
SCALE 1 1 1
X 1.0000 0.0000 0.0000
Y 0.0000 1.0000 0.0000
Z 0.0000 0.0000 1.0000

PART 2
OFFSET 0.0000 0.0000 0.0000
SCALE 1 1 1
X 1.0000 0.0000 0.0000
Y 0.0000 1.0000 0.0000
Z 0.0000 0.0000 1.0000

PART 3
OFFSET 1.5404 0.0000 4.1357
SCALE 1 1 1
X 1.0000 0.0000 0.0000
Y 0.0000 1.0000 0.0000
Z 0.0000 0.0000 1.0000

PART 4
OFFSET 18.6767 -2.2908 -7.4410
SCALE 1 1 1
X 0.5057 -0.8471 0.1634
Y -0.1409 0.1058 0.9844
Z -0.8511 -0.5208 -0.0658

PART 5
OFFSET 18.6767 -2.2908 -7.4410
SCALE 1 1 1
X 0.5057 -0.8471 0.1634
Y -0.1409 0.1058 0.9844
Z -0.8511 -0.5208 -0.0658

PART 6
OFFSET 2.5782 -5.4491 -7.4066
SCALE 1 1 1
X -0.8187 -0.3206 0.4764
Y 0.2817 -0.9472 -0.1533
Z 0.5004 0.0087 0.8658

PART 7
OFFSET 2.5782 -5.4491 -7.4066
SCALE 1 1 1
X -0.8187 -0.3206 0.4764
Y 0.2817 -0.9472 -0.1533
Z 0.5004 0.0087 0.8658

PART 8
OFFSET 6.2061 -3.1050 -3.3894
SCALE 1 1 1
X 1.0000 0.0000 0.0000
Y 0.0000 1.0000 0.0000
Z 0.0000 -0.0000 1.0000

PART 9
OFFSET 1.6245 4.2672 -6.2573
SCALE 1 1 1
X 0.7918 0.1353 -0.5956
Y 0.0084 -0.9775 -0.2109
Z -0.6107 0.1620 -0.7751

PART 10
OFFSET 11.2010 5.9030 -13.4599
SCALE 1 1 1
X 0.6007 -0.6223 0.5018
Y -0.7394 -0.1937 0.6448
Z -0.3041 -0.7584 -0.5765

PART 11
OFFSET 16.3104 0.6097 -9.1917
SCALE 1 1 1
X 0.6007 -0.6223 0.5018
Y 0.7260 0.6875 -0.0165
Z -0.3347 0.3743 0.8648

PART 12
OFFSET 18.2018 1.2774 -7.8449
SCALE 1 1 1
X 0.6060 -0.6191 0.4995
Y 0.3130 0.7628 0.5658
Z -0.7313 -0.1865 0.6560

PART 13
OFFSET 17.6258 -0.3321 -9.9135
SCALE 1 1 1
X 0.6060 -0.6191 0.4995
Y 0.3130 0.7628 0.5658
Z -0.7313 -0.1865 0.6560

PART 14
OFFSET 16.9076 0.2889 -6.4802
SCALE 1 1 1
X 0.6060 -0.6191 0.4995
Y 0.3130 0.7628 0.5658
Z -0.7313 -0.1865 0.6560

PART 15
OFFSET 16.3036 -0.9260 -7.4623
SCALE 1 1 1
X 0.6060 -0.6191 0.4995
Y 0.3130 0.7628 0.5658
Z -0.7313 -0.1865 0.6560

PART 16
OFFSET 15.7179 -1.8600 -8.6789
SCALE 1 1 1
X 0.6060 -0.6191 0.4995
Y 0.3130 0.7628 0.5658
Z -0.7313 -0.1865 0.6560

PART 17
OFFSET 18.1520 -1.2982 -7.6533
SCALE 1 1 1
X 0.7479 -0.6505 0.1322
Y 0.6584 0.7523 -0.0235
Z -0.0841 0.1046 0.9909

PART 18
OFFSET 19.0893 -0.8219 -7.2097
SCALE 1 1 1
X 0.8795 -0.0398 0.4742
Y 0.0529 0.9985 -0.0142
Z -0.4729 0.0376 0.8803

PART 19
OFFSET 20.9661 -0.8061 -6.1388
SCALE 1 1 1
X 0.9296 -0.1077 0.3525
Y 0.0238 0.9719 0.2342
Z -0.3678 -0.2093 0.9060

PART 20
OFFSET 22.4242 -1.0614 -5.4822
SCALE 1 1 1
X 0.8489 -0.3137 0.4254
Y 0.2153 0.9403 0.2637
Z -0.4827 -0.1322 0.8658

PART 21
OFFSET 23.3238 -1.3906 -4.9781
SCALE 1 1 1
X 0.9811 0.0472 -0.1878
Y -0.1880 0.0002 -0.9822
Z -0.0463 0.9989 0.0091

PART 22
OFFSET 18.0628 -2.6330 -7.3161
SCALE 1 1 1
X 0.2476 -0.9666 0.0666
Y -0.1280 0.0355 0.9911
Z -0.9604 -0.2539 -0.1149

PART 23
OFFSET 18.7434 -4.7634 -7.0281
SCALE 1 1 1
X -0.1391 -0.0025 0.9903
Y -0.7070 0.7005 -0.0976
Z -0.6934 -0.7137 -0.0992

PART 24
OFFSET 18.5464 -4.7670 -5.6261
SCALE 1 1 1
X -0.6272 0.5508 0.5507
Y -0.3761 0.4050 -0.8334
Z -0.6821 -0.7298 -0.0468

PART 25
OFFSET 17.9903 -4.2786 -5.1378
SCALE 1 1 1
X -0.6302 0.5399 0.5580
Y -0.3360 0.4581 -0.8229
Z -0.6999 -0.7061 -0.1073

PART 26
OFFSET 17.3916 -3.7656 -4.6078
SCALE 1 1 1
X 0.7942 -0.5985 0.1053
Y 0.0634 -0.0908 -0.9938
Z 0.6044 0.7960 -0.0342

PART 27
OFFSET 18.6767 -2.2908 -7.4410
SCALE 1 1 1
X 0.5057 -0.8471 0.1634
Y -0.1409 0.1058 0.9844
Z -0.8511 -0.5208 -0.0658

PART 28
OFFSET 19.8658 -4.5690 -7.0483
SCALE 1 1 1
X 0.1979 -0.2201 0.9552
Y -0.6950 0.6556 0.2951
Z -0.6912 -0.7223 -0.0232

PART 29
OFFSET 20.2027 -4.9437 -5.4221
SCALE 1 1 1
X -0.5960 0.5522 0.5830
Y -0.4274 0.3966 -0.8125
Z -0.6798 -0.7334 -0.0003

PART 30
OFFSET 19.3767 -4.1784 -4.6140
SCALE 1 1 1
X -0.6742 0.6163 0.4069
Y -0.2976 0.2775 -0.9135
Z -0.6759 -0.7370 -0.0036

PART 31
OFFSET 18.6455 -3.5100 -4.1727
SCALE 1 1 1
X 0.6892 -0.6997 0.1882
Y 0.1719 -0.0945 -0.9806
Z 0.7039 0.7081 0.0552

PART 32
OFFSET 21.4580 -2.0530 -6.7521
SCALE 1 1 1
X 0.5530 -0.7285 0.4044
Y 0.3235 -0.2596 -0.9099
Z 0.7678 0.6340 0.0921

PART 33
OFFSET 21.5942 -3.3044 -7.5244
SCALE 1 1 1
X 0.7743 -0.1749 0.6082
Y -0.5725 0.2160 0.7909
Z -0.2698 -0.9606 0.0671

PART 34
OFFSET 22.9573 -3.6124 -6.4535
SCALE 1 1 1
X 0.4036 -0.0805 0.9114
Y -0.8824 0.2292 0.4110
Z -0.2420 -0.9700 0.0215

PART 35
OFFSET 23.4627 -3.6513 -5.3468
SCALE 1 1 1
X -0.0714 0.1126 0.9911
Y -0.9703 0.2223 -0.0952
Z -0.2311 -0.9684 0.0934

PART 36
OFFSET 23.3820 -3.5241 -4.2274
SCALE 1 1 1
X 0.8342 -0.5098 -0.2104
Y -0.1918 0.0896 -0.9773
Z 0.5171 0.8556 -0.0230

PART 37
OFFSET 20.7850 -4.0324 -7.3352
SCALE 1 1 1
X 0.5382 -0.4462 0.7150
Y -0.5326 0.4774 0.6988
Z -0.6532 -0.7570 0.0194

PART 38
OFFSET 21.8365 -4.9040 -5.9384
SCALE 1 1 1
X -0.5038 0.4742 0.7220
Y -0.5290 0.4914 -0.6919
Z -0.6829 -0.7305 0.0033

PART 39
OFFSET 21.1006 -4.2113 -4.8838
SCALE 1 1 1
X -0.5567 0.4924 0.6690
Y -0.4534 0.4947 -0.7414
Z -0.6960 -0.7161 -0.0522

PART 40
OFFSET 20.4654 -3.6591 -4.1259
SCALE 1 1 1
X 0.7610 -0.6478 -0.0361
Y -0.0405 0.0081 -0.9991
Z 0.6475 0.7618 -0.0201

PART 41
OFFSET 18.2018 1.2774 -7.8449
SCALE 1 1 1
X 0.6060 -0.6191 0.4995
Y 0.3130 0.7628 0.5658
Z -0.7313 -0.1865 0.6560

PART 42
OFFSET 17.6258 -0.3321 -9.9135
SCALE 1 1 1
X 0.6060 -0.6191 0.4995
Y 0.3130 0.7628 0.5658
Z -0.7313 -0.1865 0.6560

PART 43
OFFSET 16.9076 0.2889 -6.4802
SCALE 1 1 1
X 0.6060 -0.6191 0.4995
Y 0.3130 0.7628 0.5658
Z -0.7313 -0.1865 0.6560

PART 44
OFFSET 16.3036 -0.9260 -7.4623
SCALE 1 1 1
X 0.6060 -0.6191 0.4995
Y 0.3130 0.7628 0.5658
Z -0.7313 -0.1865 0.6560

PART 45
OFFSET 15.7179 -1.8600 -8.6789
SCALE 1 1 1
X 0.6060 -0.6191 0.4995
Y 0.3130 0.7628 0.5658
Z -0.7313 -0.1865 0.6560

PART 46
OFFSET 13.9510 -3.0129 -5.4772
SCALE 1 1 1
X 0.9994 0.0281 0.0188
Y -0.0282 0.9996 0.0044
Z -0.0186 -0.0049 0.9998

PART 47
OFFSET -2.1097 -3.5648 -2.9073
SCALE 1 1 1
X 0.2748 0.9369 0.2163
Y 0.0924 -0.2496 0.9639
Z 0.9571 -0.2449 -0.1552

PART 48
OFFSET -5.4329 -14.8951 -5.5231
SCALE 1 1 1
X -0.6156 -0.7800 0.1124
Y 0.5470 -0.5256 -0.6516
Z 0.5673 -0.3396 0.7502

PART 49
OFFSET -0.1973 -8.2606 -6.4792
SCALE 1 1 1
X -0.6156 -0.7800 0.1124
Y -0.2884 0.0903 -0.9532
Z 0.7334 -0.6192 -0.2806

PART 50
OFFSET -0.4771 -6.3549 -7.5767
SCALE 1 1 1
X -0.6204 -0.7760 0.1142
Y -0.5734 0.3493 -0.7411
Z 0.5351 -0.5252 -0.6616

PART 51
OFFSET -0.1607 -5.9473 -6.4140
SCALE 1 1 1
X -0.6204 -0.7760 0.1142
Y -0.5734 0.3493 -0.7411
Z 0.5351 -0.5252 -0.6616

PART 52
OFFSET 1.1939 -6.6892 -5.0072
SCALE 1 1 1
X -0.6204 -0.7760 0.1142
Y -0.5734 0.3493 -0.7411
Z 0.5351 -0.5252 -0.6616

PART 53
OFFSET 1.6897 -5.8692 -6.8238
SCALE 1 1 1
X -0.9383 -0.2883 0.1912
Y -0.2366 0.1317 -0.9626
Z 0.2524 -0.9484 -0.1918

PART 54
OFFSET 2.2365 -5.4773 -5.9021
SCALE 1 1 1
X -0.5272 -0.8236 -0.2093
Y 0.1837 0.1300 -0.9744
Z 0.8296 -0.5521 0.0827

PART 55
OFFSET 3.3097 -3.6823 -5.3578
SCALE 1 1 1
X -0.6975 -0.7149 0.0493
Y 0.1756 -0.2372 -0.9555
Z 0.6948 -0.6578 0.2910

PART 56
OFFSET 4.3683 -2.4687 -5.5270
SCALE 1 1 1
X -0.5712 -0.5505 0.6088
Y -0.2271 -0.6068 -0.7617
Z 0.7887 -0.5734 0.2216

PART 57
OFFSET 4.9538 -1.8368 -6.1826
SCALE 1 1 1
X -0.9751 -0.1631 0.1501
Y -0.2013 0.9350 -0.2919
Z -0.0927 -0.3149 -0.9446

PART 58
OFFSET 2.1793 -5.2925 -7.9776
SCALE 1 1 1
X -0.6234 -0.3523 0.6980
Y 0.3225 -0.9291 -0.1810
Z 0.7123 0.1123 0.6928

PART 59
OFFSET 3.6442 -4.3706 -9.4228
SCALE 1 1 1
X -0.0649 -0.9651 0.2538
Y 0.4082 -0.2577 -0.8757
Z 0.9106 0.0468 0.4107

PART 60
OFFSET 3.7361 -3.0043 -9.7821
SCALE 1 1 1
X 0.3269 -0.6837 -0.6525
Y 0.3009 0.7298 -0.6139
Z 0.8959 0.0044 0.4442

PART 61
OFFSET 3.4463 -2.3981 -9.2036
SCALE 1 1 1
X 0.4043 -0.3242 -0.8553
Y 0.0817 0.9441 -0.3193
Z 0.9110 0.0592 0.4082

PART 62
OFFSET 3.0622 -2.0902 -8.3911
SCALE 1 1 1
X -0.4922 -0.3533 0.7955
Y -0.0834 0.9289 0.3609
Z -0.8665 0.1113 -0.4867

PART 63
OFFSET 2.5782 -5.4491 -7.4066
SCALE 1 1 1
X -0.8187 -0.3206 0.4764
Y 0.2817 -0.9472 -0.1533
Z 0.5004 0.0087 0.8658

PART 64
OFFSET 4.6349 -4.6394 -8.7751
SCALE 1 1 1
X 0.0026 -0.9995 0.0325
Y 0.5340 -0.0261 -0.8451
Z 0.8455 0.0195 0.5336

PART 65
OFFSET 4.6306 -2.9377 -8.8304
SCALE 1 1 1
X 0.4818 -0.4467 -0.7539
Y 0.2470 0.8947 -0.3722
Z 0.8407 -0.0068 0.5414

PART 66
OFFSET 3.9628 -2.3187 -7.7856
SCALE 1 1 1
X 0.5229 0.2959 -0.7994
Y -0.1581 0.9552 0.2502
Z 0.8376 -0.0044 0.5463

PART 67
OFFSET 3.3957 -2.6396 -6.9186
SCALE 1 1 1
X -0.2969 -0.7883 0.5389
Y -0.4651 0.6123 0.6394
Z -0.8340 -0.0608 -0.5484

PART 68
OFFSET -1.8799 -7.6890 -5.3170
SCALE 1 1 1
X -0.7669 -0.5605 0.3127
Y -0.5232 0.8281 0.2013
Z -0.3718 -0.0092 -0.9283

PART 69
OFFSET 5.6179 -5.1976 -6.9139
SCALE 1 1 1
X -0.9180 -0.2391 0.3165
Y 0.2194 -0.9708 -0.0971
Z 0.3305 -0.0197 0.9436

PART 70
OFFSET 7.2342 -4.7767 -7.4712
SCALE 1 1 1
X -0.6845 -0.6819 0.2576
Y 0.6538 -0.7306 -0.1967
Z 0.3223 0.0338 0.9460

PART 71
OFFSET 8.0859 -3.9456 -7.7269
SCALE 1 1 1
X -0.1887 -0.9817 0.0272
Y 0.9392 -0.1885 -0.2871
Z 0.2870 -0.0286 0.9575

PART 72
OFFSET 8.2990 -2.8368 -7.7576
SCALE 1 1 1
X -0.7057 0.4816 0.5197
Y 0.4207 0.8750 -0.2396
Z -0.5701 0.0496 -0.8201

PART 73
OFFSET 5.2159 -4.9153 -7.9035
SCALE 1 1 1
X -0.5308 -0.8392 0.1183
Y 0.7775 -0.5378 -0.3260
Z 0.3372 -0.0811 0.9379

PART 74
OFFSET 6.2530 -3.2760 -8.1345
SCALE 1 1 1
X 0.6640 -0.6813 -0.3080
Y 0.6491 0.7297 -0.2148
Z 0.3711 -0.0573 0.9268

PART 75
OFFSET 5.2831 -2.2808 -7.6847
SCALE 1 1 1
X 0.9021 -0.2069 -0.3786
Y 0.1911 0.9784 -0.0793
Z 0.3868 -0.0008 0.9221

PART 76
OFFSET 4.2587 -2.0458 -7.2624
SCALE 1 1 1
X -0.8385 -0.4662 0.2820
Y -0.4044 0.8794 0.2513
Z -0.3652 0.0967 -0.9259

PART 77
OFFSET -0.4771 -6.3549 -7.5767
SCALE 1 1 1
X -0.6204 -0.7760 0.1142
Y -0.5734 0.3493 -0.7411
Z 0.5351 -0.5252 -0.6616

PART 78
OFFSET -0.1607 -5.9473 -6.4140
SCALE 1 1 1
X -0.6204 -0.7760 0.1142
Y -0.5734 0.3493 -0.7411
Z 0.5351 -0.5252 -0.6616

PART 79
OFFSET 13.9510 -3.0129 -5.4772
SCALE 1 1 1
X 0.9994 0.0281 0.0188
Y -0.0282 0.9996 0.0044
Z -0.0186 -0.0049 0.9998

PART 80
OFFSET 12.2306 -3.6561 -8.5567
SCALE 1 1 1
X -0.0087 -0.8610 0.5085
Y 0.9978 0.0262 0.0615
Z -0.0663 0.5079 0.8588

PART 81
OFFSET 13.7085 -4.8357 -4.3887
SCALE 1 1 1
X 0.9988 0.0280 0.0392
Y -0.0282 0.9996 0.0044
Z -0.0391 -0.0055 0.9992

PART 82
OFFSET 41.7592 -2.2380 -3.4343
SCALE 1 1 1
X 0.9994 0.0281 0.0188
Y -0.0282 0.9996 0.0044
Z -0.0186 -0.0049 0.9998

PART 83
OFFSET 11.8925 -3.0664 -5.1112
SCALE 1 1 1
X 0.9969 0.0347 0.0706
Y -0.0379 0.9983 0.0438
Z -0.0690 -0.0464 0.9965

PART 84
OFFSET 11.8728 -3.1105 -5.2041
SCALE 1 1 1
X 0.9994 0.0281 0.0188
Y -0.0282 0.9996 0.0044
Z -0.0186 -0.0049 0.9998

PART 85
OFFSET 7.7506 -3.1830 -3.8817
SCALE 1 1 1
X 0.9994 0.0281 0.0188
Y -0.0282 0.9996 0.0044
Z -0.0186 -0.0049 0.9998

PART 86
OFFSET 37.5449 -2.3511 -4.7316
SCALE 1 1 1
X 0.9988 0.0280 0.0392
Y -0.0282 0.9996 0.0044
Z -0.0391 -0.0055 0.9992

PART 87
OFFSET 20.5555 7.9519 -15.4532
SCALE 1 1 1
X 0.7542 0.4025 0.5187
Y -0.6073 0.1272 0.7842
Z 0.2497 -0.9065 0.3404

PART 88
OFFSET 51.0117 -1.9786 -3.0895
SCALE 1 1 1
X 0.9988 0.0280 0.0392
Y -0.0282 0.9996 0.0044
Z -0.0391 -0.0055 0.9992

PART 89
OFFSET 9.7221 -1.8152 -4.7053
SCALE 1 1 1
X 0.9994 0.0281 0.0188
Y -0.0282 0.9996 0.0044
Z -0.0186 -0.0049 0.9998

PART 90
OFFSET 19.5655 -3.2689 -4.5291
SCALE 1 1 1
X 0.9994 0.0281 0.0188
Y -0.0282 0.9996 0.0044
Z -0.0186 -0.0049 0.9998

PART 91
OFFSET 43.3428 -2.1941 -3.2656
SCALE 1 1 1
X 0.9988 0.0280 0.0392
Y -0.0282 0.9996 0.0044
Z -0.0391 -0.0055 0.9992


FRAME 1432
PART 0
OFFSET 1.4780 -7.9285 -6.6467
SCALE 1 1 1
X -0.6766 -0.6343 0.3741
Y -0.6765 0.3347 -0.6560
Z 0.2909 -0.6969 -0.6556

PART 1
OFFSET 0.0000 0.0000 0.0000
SCALE 1 1 1
X 1.0000 0.0000 0.0000
Y 0.0000 1.0000 0.0000
Z 0.0000 0.0000 1.0000

PART 2
OFFSET 0.0000 0.0000 0.0000
SCALE 1 1 1
X 1.0000 0.0000 0.0000
Y 0.0000 1.0000 0.0000
Z 0.0000 0.0000 1.0000

PART 3
OFFSET 1.5404 0.0000 4.1357
SCALE 1 1 1
X 1.0000 0.0000 0.0000
Y 0.0000 1.0000 0.0000
Z 0.0000 0.0000 1.0000

PART 4
OFFSET 18.9089 -1.9063 -9.1845
SCALE 1 1 1
X 0.6273 -0.7722 0.1014
Y -0.2158 -0.0473 0.9753
Z -0.7483 -0.6337 -0.1963

PART 5
OFFSET 18.9089 -1.9063 -9.1845
SCALE 1 1 1
X 0.6273 -0.7722 0.1014
Y -0.2158 -0.0473 0.9753
Z -0.7483 -0.6337 -0.1963

PART 6
OFFSET 2.5430 -6.9881 -9.1716
SCALE 1 1 1
X -0.8139 -0.3906 0.4301
Y 0.3615 -0.9200 -0.1515
Z 0.4548 0.0322 0.8900

PART 7
OFFSET 2.5430 -6.9881 -9.1716
SCALE 1 1 1
X -0.8139 -0.3906 0.4301
Y 0.3615 -0.9200 -0.1515
Z 0.4548 0.0322 0.8900

PART 8
OFFSET 6.2061 -3.1050 -3.3894
SCALE 1 1 1
X 1.0000 0.0000 0.0000
Y 0.0000 1.0000 0.0000
Z 0.0000 -0.0000 1.0000

PART 9
OFFSET 1.6245 4.2672 -6.2573
SCALE 1 1 1
X 0.7388 0.1570 -0.6554
Y 0.0022 -0.9730 -0.2306
Z -0.6740 0.1689 -0.7192

PART 10
OFFSET 10.5589 6.1664 -14.1839
SCALE 1 1 1
X 0.6640 -0.6183 0.4205
Y -0.6652 -0.2315 0.7099
Z -0.3416 -0.7511 -0.5650

PART 11
OFFSET 16.2064 0.9073 -10.6075
SCALE 1 1 1
X 0.6640 -0.6183 0.4205
Y 0.6283 0.7663 0.1347
Z -0.4055 0.1747 0.8972

PART 12
OFFSET 18.2070 1.5920 -9.4386
SCALE 1 1 1
X 0.6689 -0.6149 0.4178
Y 0.3492 0.7561 0.5535
Z -0.6562 -0.2243 0.7204

PART 13
OFFSET 17.4654 0.0224 -11.4851
SCALE 1 1 1
X 0.6689 -0.6149 0.4178
Y 0.3492 0.7561 0.5535
Z -0.6562 -0.2243 0.7204

PART 14
OFFSET 17.0830 0.5316 -7.9802
SCALE 1 1 1
X 0.6689 -0.6149 0.4178
Y 0.3492 0.7561 0.5535
Z -0.6562 -0.2243 0.7204

PART 15
OFFSET 16.4136 -0.6733 -8.9318
SCALE 1 1 1
X 0.6689 -0.6149 0.4178
Y 0.3492 0.7561 0.5535
Z -0.6562 -0.2243 0.7204

PART 16
OFFSET 15.7315 -1.5908 -10.1102
SCALE 1 1 1
X 0.6689 -0.6149 0.4178
Y 0.3492 0.7561 0.5535
Z -0.6562 -0.2243 0.7204

PART 17
OFFSET 18.2419 -0.9883 -9.3184
SCALE 1 1 1
X 0.8353 -0.5379 0.1135
Y 0.5259 0.8420 0.1200
Z -0.1601 -0.0405 0.9863

PART 18
OFFSET 19.0594 -0.4343 -8.7466
SCALE 1 1 1
X 0.8437 0.0356 0.5357
Y -0.1113 0.9877 0.1096
Z -0.5252 -0.1521 0.8373

PART 19
OFFSET 20.8397 -0.2673 -7.5331
SCALE 1 1 1
X 0.9115 -0.0071 0.4112
Y -0.1507 0.9246 0.3499
Z -0.3826 -0.3809 0.8417

PART 20
OFFSET 22.2773 -0.3765 -6.7959
SCALE 1 1 1
X 0.8616 -0.2309 0.4521
Y 0.0413 0.9195 0.3908
Z -0.5060 -0.3180 0.8018

PART 21
OFFSET 23.1866 -0.6251 -6.2636
SCALE 1 1 1
X 0.9695 0.2234 -0.1008
Y -0.1256 0.0997 -0.9871
Z -0.2104 0.9696 0.1247

PART 22
OFFSET 18.3533 -2.3532 -9.1515
SCALE 1 1 1
X 0.3987 -0.9166 -0.0296
Y -0.1919 -0.1150 0.9746
Z -0.8968 -0.3829 -0.2218

PART 23
OFFSET 19.3562 -4.3710 -9.0663
SCALE 1 1 1
X -0.1966 -0.1539 0.9683
Y -0.8053 0.5887 -0.0700
Z -0.5593 -0.7936 -0.2397

PART 24
OFFSET 19.0778 -4.5889 -7.6954
SCALE 1 1 1
X -0.7415 0.3696 0.5600
Y -0.3863 0.4472 -0.8067
Z -0.5486 -0.8145 -0.1888

PART 25
OFFSET 18.4204 -4.2612 -7.1988
SCALE 1 1 1
X -0.7431 0.3575 0.5657
Y -0.3563 0.5042 -0.7867
Z -0.5665 -0.7861 -0.2473

PART 26
OFFSET 17.7144 -3.9215 -6.6614
SCALE 1 1 1
X 0.8739 -0.4763 0.0970
Y 0.1376 0.0512 -0.9892
Z 0.4661 0.8778 0.1103

PART 27
OFFSET 18.9089 -1.9063 -9.1845
SCALE 1 1 1
X 0.6273 -0.7722 0.1014
Y -0.2158 -0.0473 0.9753
Z -0.7483 -0.6337 -0.1963

PART 28
OFFSET 20.4305 -4.0034 -8.9722
SCALE 1 1 1
X 0.1731 -0.3099 0.9349
Y -0.8100 0.4952 0.3141
Z -0.5603 -0.8116 -0.1653

PART 29
OFFSET 20.7252 -4.5311 -7.3805
SCALE 1 1 1
X -0.7129 0.3715 0.5947
Y -0.4367 0.4283 -0.7911
Z -0.5486 -0.8237 -0.1431

PART 30
OFFSET 19.7371 -4.0161 -6.5563
SCALE 1 1 1
X -0.7898 0.4453 0.4218
Y -0.2833 0.3451 -0.8948
Z -0.5440 -0.8262 -0.1465

PART 31
OFFSET 18.8805 -3.5332 -6.0989
SCALE 1 1 1
X 0.7822 -0.6026 0.1584
Y 0.2443 0.0627 -0.9677
Z 0.5732 0.7956 0.1963

PART 32
OFFSET 21.5662 -1.3313 -8.2493
SCALE 1 1 1
X 0.6397 -0.6802 0.3578
Y 0.4164 -0.0846 -0.9052
Z 0.6461 0.7281 0.2291

PART 33
OFFSET 21.9529 -2.4341 -9.1521
SCALE 1 1 1
X 0.7541 -0.1306 0.6436
Y -0.6472 0.0188 0.7621
Z -0.1116 -0.9913 -0.0703

PART 34
OFFSET 23.2807 -2.6640 -8.0189
SCALE 1 1 1
X 0.3553 -0.1355 0.9249
Y -0.9313 0.0334 0.3627
Z -0.0800 -0.9902 -0.1143

PART 35
OFFSET 23.7175 -2.7686 -6.8876
SCALE 1 1 1
X -0.1490 -0.0307 0.9884
Y -0.9861 0.0793 -0.1462
Z -0.0739 -0.9964 -0.0421

PART 36
OFFSET 23.5493 -2.8033 -5.7712
SCALE 1 1 1
X 0.9179 -0.3418 -0.2017
Y -0.1443 0.1860 -0.9719
Z 0.3697 0.9212 0.1214

PART 37
OFFSET 21.2646 -3.2975 -9.1175
SCALE 1 1 1
X 0.5599 -0.4468 0.6977
Y -0.6453 0.2930 0.7055
Z -0.5197 -0.8453 -0.1243

PART 38
OFFSET 22.3584 -4.1704 -7.7544
SCALE 1 1 1
X -0.6178 0.2913 0.7304
Y -0.5597 0.4895 -0.6687
Z -0.5523 -0.8219 -0.1394

PART 39
OFFSET 21.4560 -3.7449 -6.6876
SCALE 1 1 1
X -0.6697 0.3079 0.6758
Y -0.4828 0.5110 -0.7112
Z -0.5643 -0.8025 -0.1936

PART 40
OFFSET 20.6939 -3.4023 -5.9231
SCALE 1 1 1
X 0.8579 -0.5112 -0.0516
Y 0.0194 0.1326 -0.9910
Z 0.5134 0.8492 0.1236

PART 41
OFFSET 18.2070 1.5920 -9.4386
SCALE 1 1 1
X 0.6689 -0.6149 0.4178
Y 0.3492 0.7561 0.5535
Z -0.6562 -0.2243 0.7204

PART 42
OFFSET 17.4654 0.0224 -11.4851
SCALE 1 1 1
X 0.6689 -0.6149 0.4178
Y 0.3492 0.7561 0.5535
Z -0.6562 -0.2243 0.7204

PART 43
OFFSET 17.0830 0.5316 -7.9802
SCALE 1 1 1
X 0.6689 -0.6149 0.4178
Y 0.3492 0.7561 0.5535
Z -0.6562 -0.2243 0.7204

PART 44
OFFSET 16.4136 -0.6733 -8.9318
SCALE 1 1 1
X 0.6689 -0.6149 0.4178
Y 0.3492 0.7561 0.5535
Z -0.6562 -0.2243 0.7204

PART 45
OFFSET 15.7315 -1.5908 -10.1102
SCALE 1 1 1
X 0.6689 -0.6149 0.4178
Y 0.3492 0.7561 0.5535
Z -0.6562 -0.2243 0.7204

PART 46
OFFSET 13.5837 -3.7200 -6.6372
SCALE 1 1 1
X 0.9921 0.1044 0.0696
Y -0.1058 0.9943 0.0164
Z -0.0675 -0.0236 0.9974

PART 47
OFFSET -2.1097 -3.5648 -2.9073
SCALE 1 1 1
X 0.3320 0.9359 0.1181
Y 0.2436 -0.2060 0.9478
Z 0.9113 -0.2858 -0.2963

PART 48
OFFSET -6.1243 -14.8832 -4.3354
SCALE 1 1 1
X -0.6729 -0.6394 0.3720
Y 0.3046 -0.6978 -0.6483
Z 0.6741 -0.3229 0.6643

PART 49
OFFSET -0.4008 -9.4452 -7.4995
SCALE 1 1 1
X -0.6729 -0.6394 0.3720
Y -0.4725 -0.0154 -0.8812
Z 0.5691 -0.7688 -0.2918

PART 50
OFFSET -0.6581 -7.6925 -8.8172
SCALE 1 1 1
X -0.6766 -0.6343 0.3741
Y -0.6765 0.3347 -0.6560
Z 0.2909 -0.6969 -0.6556

PART 51
OFFSET -0.0342 -7.1810 -7.8365
SCALE 1 1 1
X -0.6766 -0.6343 0.3741
Y -0.6765 0.3347 -0.6560
Z 0.2909 -0.6969 -0.6556

PART 52
OFFSET 1.4780 -7.9285 -6.6467
SCALE 1 1 1
X -0.6766 -0.6343 0.3741
Y -0.6765 0.3347 -0.6560
Z 0.2909 -0.6969 -0.6556

PART 53
OFFSET 1.6621 -7.4851 -8.6400
SCALE 1 1 1
X -0.9214 -0.3627 0.1396
Y -0.1983 0.1298 -0.9715
Z 0.3343 -0.9228 -0.1915

PART 54
OFFSET 2.1307 -7.0683 -7.6867
SCALE 1 1 1
X -0.4508 -0.8579 -0.2467
Y 0.2209 0.1605 -0.9620
Z 0.8648 -0.4882 0.1172

PART 55
OFFSET 3.0334 -5.2059 -7.0649
SCALE 1 1 1
X -0.6415 -0.7671 0.0044
Y 0.2404 -0.2065 -0.9485
Z 0.7284 -0.6074 0.3169

PART 56
OFFSET 4.0018 -3.9119 -7.1641
SCALE 1 1 1
X -0.5562 -0.6031 0.5717
Y -0.1415 -0.6092 -0.7803
Z 0.8189 -0.5149 0.2535

PART 57
OFFSET 4.5682 -3.2258 -7.7807
SCALE 1 1 1
X -0.9658 -0.2400 0.0984
Y -0.2585 0.9217 -0.2892
Z -0.0213 -0.3047 -0.9522

PART 58
OFFSET 2.1619 -6.8527 -9.7598
SCALE 1 1 1
X -0.6279 -0.4111 0.6609
Y 0.4020 -0.8984 -0.1769
Z 0.6664 0.1546 0.7294

PART 59
OFFSET 3.6205 -5.7963 -11.1167
SCALE 1 1 1
X -0.0024 -0.9714 0.2372
Y 0.4697 -0.2105 -0.8574
Z 0.8828 0.1094 0.4568

PART 60
OFFSET 3.6239 -4.4210 -11.4525
SCALE 1 1 1
X 0.4107 -0.6452 -0.6442
Y 0.2733 0.7612 -0.5881
Z 0.8698 0.0654 0.4890

PART 61
OFFSET 3.2597 -3.8489 -10.8813
SCALE 1 1 1
X 0.4699 -0.2774 -0.8380
Y 0.0239 0.9530 -0.3021
Z 0.8824 0.1219 0.4545

PART 62
OFFSET 2.8133 -3.5854 -10.0852
SCALE 1 1 1
X -0.5020 -0.4037 0.7648
Y -0.1728 0.9134 0.3687
Z -0.8474 0.0529 -0.5283

PART 63
OFFSET 2.5430 -6.9881 -9.1716
SCALE 1 1 1
X -0.8139 -0.3906 0.4301
Y 0.3615 -0.9200 -0.1515
Z 0.4548 0.0322 0.8900

PART 64
OFFSET 4.5959 -5.9994 -10.4233
SCALE 1 1 1
X 0.0784 -0.9967 0.0192
Y 0.5755 0.0295 -0.8173
Z 0.8141 0.0751 0.5759

PART 65
OFFSET 4.4624 -4.3024 -10.4560
SCALE 1 1 1
X 0.5516 -0.3953 -0.7345
Y 0.1950 0.9173 -0.3473
Z 0.8110 0.0484 0.5831

PART 66
OFFSET 3.6979 -3.7546 -9.4381
SCALE 1 1 1
X 0.5372 0.3489 -0.7679
Y -0.2438 0.9358 0.2546
Z 0.8074 0.0504 0.5878

PART 67
OFFSET 3.1152 -4.1330 -8.6053
SCALE 1 1 1
X -0.2612 -0.8179 0.5126
Y -0.5421 0.5637 0.6232
Z -0.7987 -0.1151 -0.5906

PART 68
OFFSET -1.8257 -9.5991 -7.3401
SCALE 1 1 1
X -0.7356 -0.6230 0.2660
Y -0.5951 0.7819 0.1857
Z -0.3237 -0.0217 -0.9459

PART 69
OFFSET 5.5261 -6.5126 -8.5225
SCALE 1 1 1
X -0.9112 -0.3142 0.2665
Y 0.2985 -0.9493 -0.0989
Z 0.2840 -0.0106 0.9588

PART 70
OFFSET 7.1304 -5.9593 -8.9916
SCALE 1 1 1
X -0.6415 -0.7368 0.2136
Y 0.7174 -0.6748 -0.1731
Z 0.2717 0.0422 0.9615

PART 71
OFFSET 7.9267 -5.0610 -9.1929
SCALE 1 1 1
X -0.1131 -0.9936 0.0045
Y 0.9640 -0.1109 -0.2418
Z 0.2407 -0.0230 0.9703

PART 72
OFFSET 8.0545 -3.9388 -9.1979
SCALE 1 1 1
X -0.7657 0.4170 0.4897
Y 0.3630 0.9087 -0.2063
Z -0.5310 0.0198 -0.8471

PART 73
OFFSET 5.1528 -6.2449 -9.5272
SCALE 1 1 1
X -0.4694 -0.8793 0.0801
Y 0.8320 -0.4708 -0.2934
Z 0.2957 -0.0711 0.9526

PART 74
OFFSET 6.0698 -4.5271 -9.6836
SCALE 1 1 1
X 0.7292 -0.6230 -0.2831
Y 0.6004 0.7810 -0.1719
Z 0.3282 -0.0446 0.9435

PART 75
OFFSET 5.0047 -3.6172 -9.2701
SCALE 1 1 1
X 0.9330 -0.1305 -0.3353
Y 0.1184 0.9914 -0.0564
Z 0.3398 0.0129 0.9404

PART 76
OFFSET 3.9456 -3.4688 -8.8970
SCALE 1 1 1
X -0.8128 -0.5339 0.2330
Y -0.4832 0.8413 0.2423
Z -0.3254 0.0843 -0.9418

PART 77
OFFSET -0.6581 -7.6925 -8.8172
SCALE 1 1 1
X -0.6766 -0.6343 0.3741
Y -0.6765 0.3347 -0.6560
Z 0.2909 -0.6969 -0.6556

PART 78
OFFSET -0.0342 -7.1810 -7.8365
SCALE 1 1 1
X -0.6766 -0.6343 0.3741
Y -0.6765 0.3347 -0.6560
Z 0.2909 -0.6969 -0.6556

PART 79
OFFSET 13.5837 -3.7200 -6.6372
SCALE 1 1 1
X 0.9921 0.1044 0.0696
Y -0.1058 0.9943 0.0164
Z -0.0675 -0.0236 0.9974

PART 80
OFFSET 12.0725 -4.4401 -9.8081
SCALE 1 1 1
X 0.0330 -0.8678 0.4959
Y 0.9885 0.1017 0.1122
Z -0.1478 0.4865 0.8611

PART 81
OFFSET 13.4298 -5.5745 -5.5869
SCALE 1 1 1
X 0.9905 0.1039 0.0900
Y -0.1058 0.9943 0.0164
Z -0.0878 -0.0257 0.9958

PART 82
OFFSET 41.1133 -0.8488 -3.1810
SCALE 1 1 1
X 0.9921 0.1044 0.0696
Y -0.1058 0.9943 0.0164
Z -0.0675 -0.0236 0.9974

PART 83
OFFSET 11.5199 -3.9376 -6.3765
SCALE 1 1 1
X 0.9865 0.1099 0.1214
Y -0.1172 0.9916 0.0552
Z -0.1143 -0.0687 0.9911

PART 84
OFFSET 11.5083 -3.9814 -6.4709
SCALE 1 1 1
X 0.9921 0.1044 0.0696
Y -0.1058 0.9943 0.0164
Z -0.0675 -0.0236 0.9974

PART 85
OFFSET 7.3440 -4.3928 -5.3596
SCALE 1 1 1
X 0.9921 0.1044 0.0696
Y -0.1058 0.9943 0.0164
Z -0.0675 -0.0236 0.9974

PART 86
OFFSET 36.9897 -1.2625 -4.6912
SCALE 1 1 1
X 0.9905 0.1039 0.0900
Y -0.1058 0.9943 0.0164
Z -0.0878 -0.0257 0.9958

PART 87
OFFSET 18.7937 7.7037 -16.7616
SCALE 1 1 1
X 0.6747 0.4639 0.5741
Y -0.6728 0.0667 0.7368
Z 0.3035 -0.8834 0.3571

PART 88
OFFSET 50.2896 0.1138 -2.3656
SCALE 1 1 1
X 0.9905 0.1039 0.0900
Y -0.1058 0.9943 0.0164
Z -0.0878 -0.0257 0.9958

PART 89
OFFSET 9.2417 -2.8638 -6.0641
SCALE 1 1 1
X 0.9921 0.1044 0.0696
Y -0.1058 0.9943 0.0164
Z -0.0675 -0.0236 0.9974

PART 90
OFFSET 19.1475 -3.5607 -5.4100
SCALE 1 1 1
X 0.9921 0.1044 0.0696
Y -0.1058 0.9943 0.0164
Z -0.0675 -0.0236 0.9974

PART 91
OFFSET 42.6785 -0.6864 -2.9320
SCALE 1 1 1
X 0.9905 0.1039 0.0900
Y -0.1058 0.9943 0.0164
Z -0.0878 -0.0257 0.9958


FRAME 1433
PART 0
OFFSET 2.0008 -9.7869 -9.2770
SCALE 1 1 1
X -0.6546 -0.4476 0.6092
Y -0.7532 0.3174 -0.5761
Z 0.0645 -0.8360 -0.5449

PART 1
OFFSET 0.0000 0.0000 0.0000
SCALE 1 1 1
X 1.0000 0.0000 0.0000
Y 0.0000 1.0000 0.0000
Z 0.0000 0.0000 1.0000

PART 2
OFFSET 0.0000 0.0000 0.0000
SCALE 1 1 1
X 1.0000 0.0000 0.0000
Y 0.0000 1.0000 0.0000
Z 0.0000 0.0000 1.0000

PART 3
OFFSET 1.5404 0.0000 4.1357
SCALE 1 1 1
X 1.0000 0.0000 0.0000
Y 0.0000 1.0000 0.0000
Z 0.0000 0.0000 1.0000

PART 4
OFFSET 19.1427 -1.0800 -11.5982
SCALE 1 1 1
X 0.7911 -0.6112 0.0247
Y -0.2486 -0.2844 0.9259
Z -0.5589 -0.7386 -0.3770

PART 5
OFFSET 19.1427 -1.0800 -11.5982
SCALE 1 1 1
X 0.7911 -0.6112 0.0247
Y -0.2486 -0.2844 0.9259
Z -0.5589 -0.7386 -0.3770

PART 6
OFFSET 2.7206 -9.1799 -11.7659
SCALE 1 1 1
X -0.7908 -0.4953 0.3597
Y 0.4758 -0.8670 -0.1479
Z 0.3852 0.0542 0.9213

PART 7
OFFSET 2.7206 -9.1799 -11.7659
SCALE 1 1 1
X -0.7908 -0.4953 0.3597
Y 0.4758 -0.8670 -0.1479
Z 0.3852 0.0542 0.9213

PART 8
OFFSET 6.2061 -3.1050 -3.3894
SCALE 1 1 1
X 1.0000 0.0000 0.0000
Y 0.0000 1.0000 0.0000
Z 0.0000 -0.0000 1.0000

PART 9
OFFSET 1.6245 4.2672 -6.2573
SCALE 1 1 1
X 0.6546 0.1754 -0.7353
Y 0.0071 -0.9741 -0.2260
Z -0.7559 0.1428 -0.6389

PART 10
OFFSET 9.5414 6.3884 -15.1503
SCALE 1 1 1
X 0.7551 -0.5808 0.3040
Y -0.5347 -0.2775 0.7981
Z -0.3792 -0.7653 -0.5201

PART 11
OFFSET 15.9641 1.4481 -12.5648
SCALE 1 1 1
X 0.7551 -0.5808 0.3040
Y 0.4838 0.8067 0.3394
Z -0.4424 -0.1092 0.8902

PART 12
OFFSET 18.0760 2.2418 -11.7001
SCALE 1 1 1
X 0.7594 -0.5771 0.3006
Y 0.3847 0.7708 0.5078
Z -0.5247 -0.2699 0.8073

PART 13
OFFSET 17.1244 0.6486 -13.6385
SCALE 1 1 1
X 0.7594 -0.5771 0.3006
Y 0.3847 0.7708 0.5078
Z -0.5247 -0.2699 0.8073

PART 14
OFFSET 17.2508 1.1027 -10.1077
SCALE 1 1 1
X 0.7594 -0.5771 0.3006
Y 0.3847 0.7708 0.5078
Z -0.5247 -0.2699 0.8073

PART 15
OFFSET 16.5157 -0.1319 -10.9684
SCALE 1 1 1
X 0.7594 -0.5771 0.3006
Y 0.3847 0.7708 0.5078
Z -0.5247 -0.2699 0.8073

PART 16
OFFSET 15.7169 -1.0784 -12.0462
SCALE 1 1 1
X 0.7594 -0.5771 0.3006
Y 0.3847 0.7708 0.5078
Z -0.5247 -0.2699 0.8073

PART 17
OFFSET 18.2791 -0.3325 -11.6329
SCALE 1 1 1
X 0.9345 -0.3422 0.0981
Y 0.2966 0.9008 0.3172
Z -0.1970 -0.2673 0.9433

PART 18
OFFSET 18.9048 0.2731 -10.8953
SCALE 1 1 1
X 0.7799 0.1245 0.6134
Y -0.3555 0.8947 0.2704
Z -0.5152 -0.4289 0.7420

PART 19
OFFSET 20.5236 0.6071 -9.5033
SCALE 1 1 1
X 0.8626 0.1236 0.4906
Y -0.3908 0.7787 0.4908
Z -0.3214 -0.6150 0.7200

PART 20
OFFSET 21.9034 0.6914 -8.6599
SCALE 1 1 1
X 0.8669 -0.1092 0.4864
Y -0.2058 0.8103 0.5487
Z -0.4541 -0.5758 0.6799

PART 21
OFFSET 22.8165 0.5607 -8.0934
SCALE 1 1 1
X 0.8892 0.4562 0.0354
Y -0.0941 0.2579 -0.9616
Z -0.4478 0.8517 0.2723

PART 22
OFFSET 18.7125 -1.6407 -11.6988
SCALE 1 1 1
X 0.6121 -0.7761 -0.1514
Y -0.2089 -0.3434 0.9157
Z -0.7627 -0.5289 -0.3723

PART 23
OFFSET 20.1733 -3.3496 -11.8725
SCALE 1 1 1
X -0.2036 -0.3803 0.9022
Y -0.9202 0.3891 -0.0436
