// Export filename: `C:/cod5/cod/cod5/xanim_export/viewmodel/US/m1garand/viewmodel_m1garand_grenade_reload.XANIM_EXPORT`
// Source filename: `C:/cod5/cod/cod5/animation_assets/viewmodel/US/m1_garand/viewmodelanimation_m1garand.mb`
// Export time: Thu Jul 03 14:05:55 2008

ANIMATION
VERSION 3

NUMPARTS 92
PART 0 "RingPalm_FK_LE"
PART 1 "RingPalm_SDK_LE"
PART 2 "RingPalm_FK_RI"
PART 3 "RingPalm_SDK_RI"
PART 4 "tag_torso"
PART 5 "J_Shoulder_LE"
PART 6 "J_Elbow_LE"
PART 7 "J_WristTwist_LE"
PART 8 "J_Sleave_Reshape_Bottom_LE_1"
PART 9 "J_Sleave_Reshape_Bottom_LE_2"
PART 10 "J_Sleave_Reshape_Top_LE_1"
PART 11 "J_Sleave_Reshape_Top_LE_2"
PART 12 "J_Sleave_Reshape_Top_LE_3"
PART 13 "J_Wrist_LE"
PART 14 "J_Thumb_LE_0"
PART 15 "J_Thumb_LE_1"
PART 16 "J_Thumb_LE_2"
PART 17 "J_Thumb_LE_3"
PART 18 "J_PinkyPalm_LE"
PART 19 "J_Pinky_LE_0"
PART 20 "J_Pinky_LE_1"
PART 21 "J_Pinky_LE_2"
PART 22 "J_Pinky_LE_3"
PART 23 "J_RingPalm_LE"
PART 24 "J_Ring_LE_0"
PART 25 "J_Ring_LE_1"
PART 26 "J_Ring_LE_2"
PART 27 "J_Ring_LE_3"
PART 28 "J_Webbing_LE"
PART 29 "J_Index_LE_0"
PART 30 "J_Index_LE_1"
PART 31 "J_Index_LE_2"
PART 32 "J_Index_LE_3"
PART 33 "J_Mid_LE_0"
PART 34 "J_Mid_LE_1"
PART 35 "J_Mid_LE_2"
PART 36 "J_Mid_LE_3"
PART 37 "D_Sleave_Reshape_Bottom_LE_1"
PART 38 "D_Sleave_Reshape_Bottom_LE_2"
PART 39 "D_Sleave_Reshape_Top_LE_1"
PART 40 "D_Sleave_Reshape_Top_LE_2"
PART 41 "D_Sleave_Reshape_Top_LE_3"
PART 42 "tag_weapon"
PART 43 "J_Shoulder_RI"
PART 44 "J_Elbow_RI"
PART 45 "J_WristTwist_RI"
PART 46 "J_Sleave_Reshape_Top_RI_3"
PART 47 "J_Sleave_Reshape_Top_RI_2"
PART 48 "J_Sleave_Reshape_Top_RI_1"
PART 49 "J_Wrist_RI"
PART 50 "J_Thumb_RI_0"
PART 51 "J_Thumb_RI_1"
PART 52 "J_Thumb_RI_2"
PART 53 "J_Thumb_RI_3"
PART 54 "J_PinkyPalm_RI"
PART 55 "J_Pinky_RI_0"
PART 56 "J_Pinky_RI_1"
PART 57 "J_Pinky_RI_2"
PART 58 "J_Pinky_RI_3"
PART 59 "J_RingPalm_RI"
PART 60 "J_Ring_RI_0"
PART 61 "J_Ring_RI_1"
PART 62 "J_Ring_RI_2"
PART 63 "J_Ring_RI_3"
PART 64 "J_Webbing_RI"
PART 65 "J_Index_RI_0"
PART 66 "J_Index_RI_1"
PART 67 "J_Index_RI_2"
PART 68 "J_Index_RI_3"
PART 69 "J_Mid_RI_0"
PART 70 "J_Mid_RI_1"
PART 71 "J_Mid_RI_2"
PART 72 "J_Mid_RI_3"
PART 73 "D_Sleave_Reshape_Top_RI_3"
PART 74 "D_Sleave_Reshape_Top_RI_2"
PART 75 "D_Sleave_Reshape_Top_RI_1"
PART 76 "tag_cambone"
PART 77 "tag_camera"
PART 78 "tag_gasmask"
PART 79 "J_Gun"
PART 80 "tag_brass"
PART 81 "J_Bolt"
PART 82 "tag_flash"
PART 83 "j_stripper"
PART 84 "J_Clip"
PART 85 "TAG_APERTURE"
PART 86 "tag_bayonet"
PART 87 "tag_grenade"
PART 88 "tag_grenade_mount"
PART 89 "TAG_TELESCOPIC"
PART 90 "TAG_IRON_SIGHTS"
PART 91 "TAG_SUPPRESSOR"

FRAMERATE 24
NUMFRAMES 65

FRAME 750
PART 0
OFFSET 14.6075 -5.6761 -15.4679
SCALE 1 1 1
X 0.3506 -0.8635 0.3625
Y -0.4216 0.2000 0.8844
Z -0.8362 -0.4629 -0.2939

PART 1
OFFSET 14.6075 -5.6761 -15.4679
SCALE 1 1 1
X 0.3506 -0.8635 0.3625
Y -0.4216 0.2000 0.8844
Z -0.8362 -0.4629 -0.2939

PART 2
OFFSET -0.7360 -8.5235 -19.4575
SCALE 1 1 1
X -0.8983 -0.3448 0.2723
Y 0.3120 -0.9370 -0.1572
Z 0.3093 -0.0562 0.9493

PART 3
OFFSET -0.7360 -8.5235 -19.4575
SCALE 1 1 1
X -0.8983 -0.3448 0.2723
Y 0.3120 -0.9370 -0.1572
Z 0.3093 -0.0562 0.9493

PART 4
OFFSET 6.2061 -3.1050 -3.3894
SCALE 1 1 1
X 1.0000 0.0000 0.0000
Y 0.0000 1.0000 0.0000
Z 0.0000 -0.0000 1.0000

PART 5
OFFSET 1.6245 4.2672 -6.2573
SCALE 1 1 1
X 0.4797 0.0273 -0.8770
Y -0.3540 -0.9086 -0.2218
Z -0.8029 0.4168 -0.4262

PART 6
OFFSET 7.4257 4.5970 -16.8639
SCALE 1 1 1
X 0.5923 -0.8015 0.0819
Y -0.3737 -0.1833 0.9093
Z -0.7138 -0.5692 -0.4081

PART 7
OFFSET 12.4637 -2.2203 -16.1672
SCALE 1 1 1
X 0.5923 -0.8015 0.0819
Y 0.7743 0.5944 0.2170
Z -0.2226 -0.0651 0.9727

PART 8
OFFSET 14.8636 -2.1613 -15.8940
SCALE 1 1 1
X 0.5965 -0.7988 0.0776
Y 0.7174 0.5740 0.3948
Z -0.3599 -0.1798 0.9155

PART 9
OFFSET 13.0124 -3.2188 -17.5238
SCALE 1 1 1
X 0.5965 -0.7988 0.0776
Y 0.7174 0.5740 0.3948
Z -0.3599 -0.1798 0.9155

PART 10
OFFSET 14.1607 -3.1547 -14.1523
SCALE 1 1 1
X 0.5965 -0.7988 0.0776
Y 0.7174 0.5740 0.3948
Z -0.3599 -0.1798 0.9155

PART 11
OFFSET 12.8906 -4.0350 -14.7983
SCALE 1 1 1
X 0.5965 -0.7988 0.0776
Y 0.7174 0.5740 0.3948
Z -0.3599 -0.1798 0.9155

PART 12
OFFSET 11.5952 -4.6021 -15.6325
SCALE 1 1 1
X 0.5965 -0.7988 0.0776
Y 0.7174 0.5740 0.3948
Z -0.3599 -0.1798 0.9155

PART 13
OFFSET 14.2796 -4.6775 -15.9160
SCALE 1 1 1
X 0.5986 -0.6840 0.4169
Y 0.7058 0.6965 0.1293
Z -0.3788 0.2169 0.8997

PART 14
OFFSET 15.0745 -4.2240 -15.2343
SCALE 1 1 1
X 0.3512 -0.1567 0.9231
Y 0.3896 0.9210 0.0082
Z -0.8514 0.3567 0.3845

PART 15
OFFSET 15.8237 -4.4505 -13.2201
SCALE 1 1 1
X 0.3968 -0.4103 0.8211
Y 0.2796 0.9061 0.3176
Z -0.8743 0.1035 0.4742

PART 16
OFFSET 16.3497 -5.1553 -11.8604
SCALE 1 1 1
X 0.0643 -0.8012 0.5949
Y 0.4333 0.5594 0.7066
Z -0.8990 0.2124 0.3831

PART 17
OFFSET 16.3854 -6.0025 -11.1874
SCALE 1 1 1
X 0.7142 -0.6126 0.3387
Y 0.5161 0.1339 -0.8460
Z 0.4729 0.7790 0.4118

PART 18
OFFSET 13.9538 -5.9583 -15.5198
SCALE 1 1 1
X 0.0716 -0.9491 0.3067
Y -0.4365 0.2466 0.8652
Z -0.8968 -0.1958 -0.3967

PART 19
OFFSET 14.1919 -8.0320 -14.6670
SCALE 1 1 1
X -0.3400 0.1055 0.9345
Y -0.3298 0.9172 -0.2235
Z -0.8807 -0.3842 -0.2770

PART 20
OFFSET 13.7106 -7.8827 -13.3439
SCALE 1 1 1
X -0.4245 0.5313 0.7331
Y -0.1747 0.7464 -0.6421
Z -0.8884 -0.4007 -0.2241

PART 21
OFFSET 13.3342 -7.4116 -12.6939
SCALE 1 1 1
X -0.4461 0.7575 0.4767
Y 0.0377 0.5480 -0.8356
Z -0.8942 -0.3548 -0.2730

PART 22
OFFSET 12.9104 -6.6920 -12.2410
SCALE 1 1 1
X 0.4468 -0.8721 0.1994
Y 0.2025 -0.1186 -0.9721
Z 0.8714 0.4748 0.1236

PART 23
OFFSET 14.6075 -5.6761 -15.4679
SCALE 1 1 1
X 0.3506 -0.8635 0.3625
Y -0.4216 0.2000 0.8844
Z -0.8362 -0.4629 -0.2939

PART 24
OFFSET 15.4026 -7.9905 -14.5903
SCALE 1 1 1
X -0.3095 0.0467 0.9497
Y -0.3960 0.9017 -0.1734
Z -0.8645 -0.4298 -0.2606

PART 25
OFFSET 14.8756 -7.9109 -12.9734
SCALE 1 1 1
X -0.4595 0.5362 0.7081
Y -0.1833 0.7228 -0.6663
Z -0.8691 -0.4359 -0.2338

PART 26
OFFSET 14.2388 -7.1677 -11.9920
SCALE 1 1 1
X -0.4836 0.8574 0.1762
Y 0.1266 0.2677 -0.9552
Z -0.8661 -0.4396 -0.2380

PART 27
OFFSET 13.7144 -6.2379 -11.8010
SCALE 1 1 1
X 0.2813 -0.8770 0.3896
Y 0.4179 -0.2535 -0.8724
Z 0.8638 0.4082 0.2952

PART 28
OFFSET 17.0426 -5.5639 -13.9433
SCALE 1 1 1
X 0.3214 -0.7180 0.6174
Y 0.5637 -0.3789 -0.7340
Z 0.7609 0.5839 0.2830

PART 29
OFFSET 17.2852 -6.8980 -14.5284
SCALE 1 1 1
X 0.1706 -0.2604 0.9503
Y -0.7157 0.6302 0.3011
Z -0.6772 -0.7315 -0.0789

PART 30
OFFSET 17.5856 -7.3564 -12.8552
SCALE 1 1 1
X -0.3093 0.1362 0.9412
Y -0.7048 0.6316 -0.3230
Z -0.6384 -0.7633 -0.0994

PART 31
OFFSET 17.2483 -7.1445 -11.7050
SCALE 1 1 1
X -0.5463 0.4593 0.7005
Y -0.4993 0.4929 -0.7126
Z -0.6726 -0.7390 -0.0400

PART 32
OFFSET 16.6313 -6.6257 -10.9137
SCALE 1 1 1
X 0.4394 -0.8024 0.4040
Y 0.4568 -0.1877 -0.8696
Z 0.7735 0.5666 0.2840

PART 33
OFFSET 16.3878 -7.5418 -14.5517
SCALE 1 1 1
X -0.1260 -0.0913 0.9878
Y -0.6722 0.7401 -0.0173
Z -0.7295 -0.6662 -0.1546

PART 34
OFFSET 16.1416 -7.7201 -12.6219
SCALE 1 1 1
X -0.5951 0.4825 0.6426
Y -0.3238 0.5879 -0.7413
Z -0.7355 -0.6493 -0.1936

PART 35
OFFSET 15.2723 -7.0154 -11.6833
SCALE 1 1 1
X -0.6558 0.7544 0.0276
Y 0.1706 0.1837 -0.9681
Z -0.7354 -0.6302 -0.2492

PART 36
OFFSET 14.5242 -6.1655 -11.6531
SCALE 1 1 1
X 0.4409 -0.6555 0.6131
Y 0.4964 -0.3911 -0.7750
Z 0.7478 0.6460 0.1530

PART 37
OFFSET 14.8636 -2.1613 -15.8940
SCALE 1 1 1
X 0.5965 -0.7988 0.0776
Y 0.7174 0.5740 0.3948
Z -0.3599 -0.1798 0.9155

PART 38
OFFSET 13.0124 -3.2188 -17.5238
SCALE 1 1 1
X 0.5965 -0.7988 0.0776
Y 0.7174 0.5740 0.3948
Z -0.3599 -0.1798 0.9155

PART 39
OFFSET 14.1607 -3.1547 -14.1523
SCALE 1 1 1
X 0.5965 -0.7988 0.0776
Y 0.7174 0.5740 0.3948
Z -0.3599 -0.1798 0.9155

PART 40
OFFSET 12.8906 -4.0350 -14.7983
SCALE 1 1 1
X 0.5965 -0.7988 0.0776
Y 0.7174 0.5740 0.3948
Z -0.3599 -0.1798 0.9155

PART 41
OFFSET 11.5952 -4.6021 -15.6325
SCALE 1 1 1
X 0.5965 -0.7988 0.0776
Y 0.7174 0.5740 0.3948
Z -0.3599 -0.1798 0.9155

PART 42
OFFSET 9.9747 -6.3383 -15.0411
SCALE 1 1 1
X 0.9735 0.0170 0.2280
Y -0.0334 0.9971 0.0683
Z -0.2262 -0.0741 0.9713

PART 43
OFFSET -2.1097 -3.5648 -2.9073
SCALE 1 1 1
X 0.6226 0.4485 0.6412
Y -0.0797 -0.7789 0.6221
Z 0.7785 -0.4384 -0.4492

PART 44
OFFSET -9.6394 -8.9892 -10.6624
SCALE 1 1 1
X -0.6840 -0.0013 0.7294
Y -0.6514 -0.4490 -0.6117
Z 0.3283 -0.8936 0.3063

PART 45
OFFSET -3.8213 -8.9783 -16.8666
SCALE 1 1 1
X -0.6840 -0.0013 0.7294
Y -0.7269 -0.0814 -0.6819
Z 0.0603 -0.9967 0.0548

PART 46
OFFSET -2.7996 -7.5928 -17.8775
SCALE 1 1 1
X -0.6810 0.0039 0.7322
Y -0.3169 0.8999 -0.2995
Z -0.6601 -0.4361 -0.6117

PART 47
OFFSET -1.7065 -7.8174 -17.3788
SCALE 1 1 1
X -0.6810 0.0039 0.7322
Y -0.3169 0.8999 -0.2995
Z -0.6601 -0.4361 -0.6117

PART 48
OFFSET -1.2767 -9.1122 -17.1138
SCALE 1 1 1
X -0.6810 0.0039 0.7322
Y -0.3169 0.8999 -0.2995
Z -0.6601 -0.4361 -0.6117

PART 49
OFFSET -1.7242 -8.9744 -19.1028
SCALE 1 1 1
X -0.9561 -0.2917 -0.0286
Y -0.0318 0.2005 -0.9792
Z 0.2914 -0.9353 -0.2010

PART 50
OFFSET -1.3830 -8.6526 -18.0625
SCALE 1 1 1
X -0.4681 -0.8019 -0.3713
Y 0.3817 0.1955 -0.9034
Z 0.7970 -0.5646 0.2146

PART 51
OFFSET -0.4553 -6.9103 -17.1831
SCALE 1 1 1
X -0.6890 -0.7098 -0.1468
Y 0.3716 -0.1720 -0.9123
Z 0.6223 -0.6831 0.3823

PART 52
OFFSET 0.6094 -5.6983 -17.0433
SCALE 1 1 1
X -0.6827 -0.5858 0.4368
Y -0.0607 -0.5502 -0.8328
Z 0.7282 -0.5951 0.3401

PART 53
OFFSET 1.3154 -5.0282 -17.5171
SCALE 1 1 1
X -0.9842 -0.1636 -0.0676
Y -0.1407 0.9549 -0.2613
Z 0.1073 -0.2477 -0.9629

PART 54
OFFSET -1.0081 -8.3239 -20.0865
SCALE 1 1 1
X -0.7532 -0.3938 0.5269
Y 0.3576 -0.9174 -0.1745
Z 0.5521 0.0570 0.8318

PART 55
OFFSET 0.7208 -7.3183 -21.1277
SCALE 1 1 1
X -0.1116 -0.9797 0.1667
Y 0.5827 -0.2004 -0.7876
Z 0.8050 0.0093 0.5932

PART 56
OFFSET 0.8788 -5.9313 -21.3637
SCALE 1 1 1
X 0.4588 -0.6399 -0.6164
Y 0.4184 0.7676 -0.4855
Z 0.7839 -0.0352 0.6199

PART 57
OFFSET 0.4720 -5.3639 -20.8171
SCALE 1 1 1
X 0.5749 -0.2680 -0.7731
Y 0.1417 0.9632 -0.2285
Z 0.8059 0.0219 0.5917

PART 58
OFFSET -0.0742 -5.1093 -20.0827
SCALE 1 1 1
X -0.6452 -0.4028 0.6492
Y -0.1612 0.9024 0.3997
Z -0.7468 0.1533 -0.6471

PART 59
OFFSET -0.7360 -8.5235 -19.4575
SCALE 1 1 1
X -0.8983 -0.3448 0.2723
Y 0.3120 -0.9370 -0.1572
Z 0.3093 -0.0562 0.9493

PART 60
OFFSET 1.5564 -7.6410 -20.3086
SCALE 1 1 1
X 0.0006 -0.9993 -0.0376
Y 0.6982 0.0274 -0.7154
Z 0.7159 -0.0258 0.6977

PART 61
OFFSET 1.5554 -5.9396 -20.2445
SCALE 1 1 1
X 0.6303 -0.3980 -0.6666
Y 0.3146 0.9159 -0.2493
Z 0.7097 -0.0526 0.7025

PART 62
OFFSET 0.6818 -5.3881 -19.3207
SCALE 1 1 1
X 0.6763 0.3455 -0.6506
Y -0.2114 0.9370 0.2780
Z 0.7057 -0.0505 0.7068

PART 63
OFFSET -0.0516 -5.7628 -18.6151
SCALE 1 1 1
X -0.3987 -0.8209 0.4090
Y -0.5909 0.5710 0.5700
Z -0.7014 -0.0145 -0.7126

PART 64
OFFSET -5.5202 -10.8593 -18.5017
SCALE 1 1 1
X -0.8124 -0.5733 0.1065
Y -0.5576 0.8172 0.1456
Z -0.1705 0.0588 -0.9836

PART 65
OFFSET 2.1335 -8.3365 -18.3274
SCALE 1 1 1
X -0.9625 -0.2515 0.1013
Y 0.2395 -0.9638 -0.1170
Z 0.1271 -0.0883 0.9880

PART 66
OFFSET 3.8282 -7.8937 -18.5058
SCALE 1 1 1
X -0.7198 -0.6914 0.0615
Y 0.6840 -0.7216 -0.1070
Z 0.1184 -0.0350 0.9924

PART 67
OFFSET 4.7105 -7.0553 -18.5202
SCALE 1 1 1
X -0.1854 -0.9793 -0.0813
Y 0.9793 -0.1773 -0.0981
Z 0.0817 -0.0978 0.9919

PART 68
OFFSET 4.9199 -5.9492 -18.4284
SCALE 1 1 1
X -0.8007 0.4513 0.3940
Y 0.4571 0.8853 -0.0852
Z -0.3873 0.1119 -0.9152

PART 69
OFFSET 1.9447 -7.9824 -19.3567
SCALE 1 1 1
X -0.5397 -0.8401 -0.0536
Y 0.8309 -0.5214 -0.1940
Z 0.1351 -0.1492 0.9795

PART 70
OFFSET 2.9991 -6.3411 -19.2521
SCALE 1 1 1
X 0.7169 -0.6648 -0.2101
Y 0.6760 0.7365 -0.0237
Z 0.1705 -0.1251 0.9774

PART 71
OFFSET 1.9521 -5.3701 -18.9452
SCALE 1 1 1
X 0.9621 -0.1889 -0.1964
Y 0.1986 0.9796 0.0307
Z 0.1866 -0.0686 0.9800

PART 72
OFFSET 0.8611 -5.1550 -18.7297
SCALE 1 1 1
X -0.8766 -0.4764 0.0683
Y -0.4521 0.8638 0.2226
Z -0.1650 0.1642 -0.9725

PART 73
OFFSET -2.7996 -7.5928 -17.8775
SCALE 1 1 1
X -0.6810 0.0039 0.7322
Y -0.3169 0.8999 -0.2995
Z -0.6601 -0.4361 -0.6117

PART 74
OFFSET -1.7065 -7.8174 -17.3788
SCALE 1 1 1
X -0.6810 0.0039 0.7322
Y -0.3169 0.8999 -0.2995
Z -0.6601 -0.4361 -0.6117

PART 75
OFFSET -1.2767 -9.1122 -17.1138
SCALE 1 1 1
X -0.6810 0.0039 0.7322
Y -0.3169 0.8999 -0.2995
Z -0.6601 -0.4361 -0.6117

PART 76
OFFSET 0.0000 0.0000 0.0000
SCALE 1 1 1
X 1.0000 0.0000 0.0000
Y 0.0000 1.0000 0.0000
Z 0.0000 0.0000 1.0000

PART 77
OFFSET 0.0000 0.0000 0.0000
SCALE 1 1 1
X 1.0000 0.0000 0.0000
Y 0.0000 1.0000 0.0000
Z 0.0000 0.0000 1.0000

PART 78
OFFSET 1.5404 0.0000 4.1357
SCALE 1 1 1
X 1.0000 0.0000 0.0000
Y 0.0000 1.0000 0.0000
Z 0.0000 0.0000 1.0000

PART 79
OFFSET 9.9747 -6.3383 -15.0411
SCALE 1 1 1
X 0.9735 0.0170 0.2280
Y -0.0334 0.9971 0.0683
Z -0.2262 -0.0741 0.9713

PART 80
OFFSET 8.9357 -6.7494 -18.4482
SCALE 1 1 1
X -0.1101 -0.8941 0.4342
Y 0.9630 0.0122 0.2692
Z -0.2460 0.4478 0.8596

PART 81
OFFSET 9.5200 -8.2296 -14.1569
SCALE 1 1 1
X 0.9687 0.0154 0.2478
Y -0.0334 0.9971 0.0683
Z -0.2460 -0.0744 0.9664

PART 82
OFFSET 36.7456 -5.9785 -7.2143
SCALE 1 1 1
X 0.9735 0.0170 0.2280
Y -0.0334 0.9971 0.0683
Z -0.2262 -0.0741 0.9713

PART 83
OFFSET 7.4976 -6.4261 -15.5085
SCALE 1 1 1
X 0.9759 -0.0463 0.2135
Y 0.0289 0.9960 0.0842
Z -0.2165 -0.0760 0.9733

PART 84
OFFSET 7.8856 -6.4342 -15.2134
SCALE 1 1 1
X 0.9735 0.0170 0.2280
Y -0.0334 0.9971 0.0683
Z -0.2262 -0.0741 0.9713

PART 85
OFFSET 3.5790 -6.5580 -14.7850
SCALE 1 1 1
X 0.9735 0.0170 0.2280
Y -0.0334 0.9971 0.0683
Z -0.2262 -0.0741 0.9713

PART 86
OFFSET 32.8940 -5.9601 -9.3639
SCALE 1 1 1
X 0.9687 0.0154 0.2478
Y -0.0334 0.9971 0.0683
Z -0.2460 -0.0744 0.9664

PART 87
OFFSET -19.4643 -5.0997 -47.5047
SCALE 1 1 1
X 0.9687 0.0154 0.2478
Y -0.0334 0.9971 0.0683
Z -0.2460 -0.0744 0.9664

PART 88
OFFSET 45.7227 -5.8340 -4.9369
SCALE 1 1 1
X 0.9687 0.0154 0.2478
Y -0.0334 0.9971 0.0683
Z -0.2460 -0.0744 0.9664

PART 89
OFFSET 5.6719 -5.1557 -15.0832
SCALE 1 1 1
X 0.9735 0.0170 0.2280
Y -0.0334 0.9971 0.0683
Z -0.2262 -0.0741 0.9713

PART 90
OFFSET 15.2704 -6.7142 -12.9671
SCALE 1 1 1
X 0.9735 0.0170 0.2280
Y -0.0334 0.9971 0.0683
Z -0.2262 -0.0741 0.9713

PART 91
OFFSET 38.2593 -5.9618 -6.7176
SCALE 1 1 1
X 0.9687 0.0154 0.2478
Y -0.0334 0.9971 0.0683
Z -0.2460 -0.0744 0.9664


FRAME 751
PART 0
OFFSET 13.6907 -5.4914 -15.6198
SCALE 1 1 1
X 0.3223 -0.8565 0.4031
Y -0.4871 0.2151 0.8465
Z -0.8117 -0.4691 -0.3479

PART 1
OFFSET 13.6907 -5.4914 -15.6198
SCALE 1 1 1
X 0.3223 -0.8565 0.4031
Y -0.4871 0.2151 0.8465
Z -0.8117 -0.4691 -0.3479

PART 2
OFFSET -1.6407 -8.6961 -20.8719
SCALE 1 1 1
X -0.9104 -0.3480 0.2237
Y 0.3253 -0.9362 -0.1327
Z 0.2556 -0.0480 0.9656

PART 3
OFFSET -1.6407 -8.6961 -20.8719
SCALE 1 1 1
X -0.9104 -0.3480 0.2237
Y 0.3253 -0.9362 -0.1327
Z 0.2556 -0.0480 0.9656

PART 4
OFFSET 6.2061 -3.1050 -3.3894
SCALE 1 1 1
X 1.0000 0.0000 0.0000
Y 0.0000 1.0000 0.0000
Z 0.0000 -0.0000 1.0000

PART 5
OFFSET 1.6245 4.2672 -6.2573
SCALE 1 1 1
X 0.4504 0.0727 -0.8899
Y -0.3838 -0.8841 -0.2665
Z -0.8061 0.4615 -0.3703

PART 6
OFFSET 7.0718 5.1468 -17.0191
SCALE 1 1 1
X 0.5465 -0.8337 0.0789
Y -0.3900 -0.1700 0.9050
Z -0.7411 -0.5254 -0.4181

PART 7
OFFSET 11.7202 -1.9443 -16.3477
SCALE 1 1 1
X 0.5465 -0.8337 0.0789
Y 0.7862 0.5433 0.2946
Z -0.2885 -0.0989 0.9524

PART 8
OFFSET 14.1176 -2.0204 -16.0574
SCALE 1 1 1
X 0.5509 -0.8312 0.0747
Y 0.7451 0.5301 0.4048
Z -0.3761 -0.1673 0.9114

PART 9
OFFSET 12.2229 -2.9601 -17.7092
SCALE 1 1 1
X 0.5509 -0.8312 0.0747
Y 0.7451 0.5301 0.4048
Z -0.3761 -0.1673 0.9114

PART 10
OFFSET 13.3479 -2.9881 -14.3295
SCALE 1 1 1
X 0.5509 -0.8312 0.0747
Y 0.7451 0.5301 0.4048
Z -0.3761 -0.1673 0.9114

PART 11
OFFSET 12.0360 -3.7913 -14.9919
SCALE 1 1 1
X 0.5509 -0.8312 0.0747
Y 0.7451 0.5301 0.4048
Z -0.3761 -0.1673 0.9114

PART 12
OFFSET 10.7174 -4.2789 -15.8401
SCALE 1 1 1
X 0.5509 -0.8312 0.0747
Y 0.7451 0.5301 0.4048
Z -0.3761 -0.1673 0.9114

PART 13
OFFSET 13.3956 -4.5002 -16.1057
SCALE 1 1 1
X 0.5671 -0.6764 0.4700
Y 0.6935 0.7000 0.1706
Z -0.4444 0.2292 0.8660

PART 14
OFFSET 14.1375 -4.0349 -15.3740
SCALE 1 1 1
X 0.3416 -0.0101 0.9398
Y 0.3504 0.9292 -0.1173
Z -0.8721 0.3694 0.3209

PART 15
OFFSET 14.8610 -3.9435 -13.3398
SCALE 1 1 1
X 0.4271 -0.1451 0.8925
Y 0.1811 0.9808 0.0728
Z -0.8859 0.1305 0.4452

PART 16
OFFSET 15.4405 -4.2217 -11.8536
SCALE 1 1 1
X 0.1804 -0.5209 0.8344
Y 0.3465 0.8275 0.4417
Z -0.9205 0.2095 0.3298

PART 17
OFFSET 15.5994 -4.7612 -10.9287
SCALE 1 1 1
X 0.7959 -0.3485 0.4951
Y 0.4913 -0.1060 -0.8645
Z 0.3538 0.9313 0.0869

PART 18
OFFSET 13.0431 -5.7758 -15.7156
SCALE 1 1 1
X 0.0464 -0.9425 0.3311
Y -0.4998 0.2651 0.8246
Z -0.8649 -0.2037 -0.4587

PART 19
OFFSET 13.2119 -7.8312 -14.8038
SCALE 1 1 1
X -0.2423 -0.2971 0.9236
Y -0.4404 0.8819 0.1682
Z -0.8645 -0.3660 -0.3446

PART 20
OFFSET 12.8689 -8.2518 -13.4962
SCALE 1 1 1
X -0.3952 0.1730 0.9022
Y -0.3104 0.8992 -0.3084
Z -0.8646 -0.4019 -0.3016

PART 21
OFFSET 12.5185 -8.0985 -12.6963
SCALE 1 1 1
X -0.4669 0.4921 0.7347
Y -0.0895 0.8003 -0.5929
Z -0.8797 -0.3426 -0.3296

PART 22
OFFSET 12.0749 -7.6310 -11.9983
SCALE 1 1 1
X 0.5406 -0.8292 -0.1421
Y 0.1217 0.2442 -0.9620
Z 0.8325 0.5027 0.2330

PART 23
OFFSET 13.6907 -5.4914 -15.6198
SCALE 1 1 1
X 0.3223 -0.8565 0.4031
Y -0.4871 0.2151 0.8465
Z -0.8117 -0.4691 -0.3479

PART 24
OFFSET 14.4173 -7.7888 -14.6440
SCALE 1 1 1
X -0.1950 -0.3424 0.9191
Y -0.5015 0.8401 0.2066
Z -0.8429 -0.4207 -0.3356

PART 25
OFFSET 14.0853 -8.3718 -13.0793
SCALE 1 1 1
X -0.4063 0.1378 0.9033
Y -0.3513 0.8890 -0.2937
Z -0.8435 -0.4367 -0.3127

PART 26
OFFSET 13.5223 -8.1808 -11.8273
SCALE 1 1 1
X -0.5242 0.5116 0.6808
Y -0.1353 0.7392 -0.6597
Z -0.8408 -0.4379 -0.3183

PART 27
OFFSET 12.9538 -7.6259 -11.0890
SCALE 1 1 1
X 0.4654 -0.8630 -0.1966
Y 0.2258 0.3305 -0.9164
Z 0.8558 0.3821 0.3487

PART 28
OFFSET 16.0067 -5.3512 -13.9217
SCALE 1 1 1
X 0.2759 -0.7081 0.6500
Y 0.6167 -0.3883 -0.6847
Z 0.7373 0.5898 0.3296

PART 29
OFFSET 16.2934 -6.6932 -14.4675
SCALE 1 1 1
X 0.3045 -0.4178 0.8560
Y -0.7104 0.4990 0.4963
Z -0.6345 -0.7592 -0.1448

PART 30
OFFSET 16.8296 -7.4288 -12.9604
SCALE 1 1 1
X 0.0425 -0.2490 0.9676
Y -0.8014 0.5698 0.1819
Z -0.5966 -0.7831 -0.1754

PART 31
OFFSET 16.9175 -7.6840 -11.7735
SCALE 1 1 1
X -0.0383 -0.1014 0.9941
Y -0.7928 0.6087 0.0315
Z -0.6083 -0.7869 -0.1037

PART 32
OFFSET 16.8742 -7.7985 -10.6506
SCALE 1 1 1
X 0.5570 -0.7378 -0.3812
Y -0.1195 0.3830 -0.9160
Z 0.8218 0.5558 0.1252

PART 33
OFFSET 15.4009 -7.3393 -14.5474
SCALE 1 1 1
X -0.0092 -0.2744 0.9616
Y -0.6987 0.6897 0.1901
Z -0.7153 -0.6701 -0.1981

PART 34
OFFSET 15.3829 -7.8754 -12.6689
SCALE 1 1 1
X -0.3546 0.0630 0.9329
Y -0.5888 0.7600 -0.2751
Z -0.7264 -0.6468 -0.2324

PART 35
OFFSET 14.8649 -7.7834 -11.3063
SCALE 1 1 1
X -0.5743 0.3827 0.7237
Y -0.3359 0.6960 -0.6346
Z -0.7465 -0.6075 -0.2712

PART 36
OFFSET 14.2094 -7.3548 -10.4881
SCALE 1 1 1
X 0.7026 -0.6991 -0.1322
Y 0.0567 0.2402 -0.9691
Z 0.7093 0.6734 0.2084

PART 37
OFFSET 14.1176 -2.0204 -16.0574
SCALE 1 1 1
X 0.5509 -0.8312 0.0747
Y 0.7451 0.5301 0.4048
Z -0.3761 -0.1673 0.9114

PART 38
OFFSET 12.2229 -2.9601 -17.7092
SCALE 1 1 1
X 0.5509 -0.8312 0.0747
Y 0.7451 0.5301 0.4048
Z -0.3761 -0.1673 0.9114

PART 39
OFFSET 13.3479 -2.9881 -14.3295
SCALE 1 1 1
X 0.5509 -0.8312 0.0747
Y 0.7451 0.5301 0.4048
Z -0.3761 -0.1673 0.9114

PART 40
OFFSET 12.0360 -3.7913 -14.9919
SCALE 1 1 1
X 0.5509 -0.8312 0.0747
Y 0.7451 0.5301 0.4048
Z -0.3761 -0.1673 0.9114

PART 41
OFFSET 10.7174 -4.2789 -15.8401
SCALE 1 1 1
X 0.5509 -0.8312 0.0747
Y 0.7451 0.5301 0.4048
Z -0.3761 -0.1673 0.9114

PART 42
OFFSET 8.7923 -6.4199 -15.8747
SCALE 1 1 1
X 0.9590 0.0240 0.2823
Y -0.0424 0.9973 0.0592
Z -0.2802 -0.0688 0.9575

PART 43
OFFSET -2.1097 -3.5648 -2.9073
SCALE 1 1 1
X 0.5955 0.4292 0.6791
Y -0.0829 -0.8080 0.5833
Z 0.7991 -0.4036 -0.4456

PART 44
OFFSET -9.3112 -8.7553 -11.1206
SCALE 1 1 1
X -0.5761 0.0341 0.8167
Y -0.7451 -0.4327 -0.5076
Z 0.3360 -0.9009 0.2747

PART 45
OFFSET -4.4111 -9.0455 -18.0666
SCALE 1 1 1
X -0.5761 0.0341 0.8167
Y -0.8100 -0.1580 -0.5648
Z 0.1098 -0.9868 0.1187

PART 46
OFFSET -3.4643 -7.7315 -19.2145
SCALE 1 1 1
X -0.5726 0.0392 0.8189
Y -0.3237 0.9069 -0.2697
Z -0.7533 -0.4195 -0.5066

PART 47
OFFSET -2.3206 -7.9613 -18.8681
SCALE 1 1 1
X -0.5726 0.0392 0.8189
Y -0.3237 0.9069 -0.2697
Z -0.7533 -0.4195 -0.5066

PART 48
OFFSET -1.9239 -9.2311 -18.6568
SCALE 1 1 1
X -0.5726 0.0392 0.8189
Y -0.3237 0.9069 -0.2697
Z -0.7533 -0.4195 -0.5066

PART 49
OFFSET -2.6449 -9.1501 -20.5702
SCALE 1 1 1
X -0.9514 -0.2973 -0.0804
Y 0.0224 0.1936 -0.9808
Z 0.3072 -0.9349 -0.1776

PART 50
OFFSET -2.3647 -8.8193 -19.5147
SCALE 1 1 1
X -0.4422 -0.8070 -0.3914
Y 0.4310 0.1915 -0.8818
Z 0.7866 -0.5586 0.2632

PART 51
OFFSET -1.4972 -7.0658 -18.5968
SCALE 1 1 1
X -0.6758 -0.7147 -0.1803
Y 0.4234 -0.1762 -0.8887
Z 0.6033 -0.6769 0.4216

PART 52
OFFSET -0.4485 -5.8468 -18.4059
SCALE 1 1 1
X -0.7031 -0.5867 0.4018
Y -0.0108 -0.5562 -0.8310
Z 0.7110 -0.5886 0.3848

PART 53
OFFSET 0.2795 -5.1760 -18.8439
SCALE 1 1 1
X -0.9780 -0.1696 -0.1218
Y -0.1308 0.9523 -0.2756
Z 0.1627 -0.2536 -0.9535

PART 54
OFFSET -1.8780 -8.5022 -21.5166
SCALE 1 1 1
X -0.7796 -0.3945 0.4864
Y 0.3717 -0.9166 -0.1475
Z 0.5040 0.0658 0.8612

PART 55
OFFSET -0.0984 -7.4939 -22.4659
SCALE 1 1 1
X -0.1156 -0.9791 0.1671
Y 0.6272 -0.2024 -0.7521
Z 0.7702 0.0179 0.6376

PART 56
OFFSET 0.0653 -6.1077 -22.7025
SCALE 1 1 1
X 0.4962 -0.6415 -0.5850
Y 0.4410 0.7667 -0.4666
Z 0.7478 -0.0265 0.6634

PART 57
OFFSET -0.3747 -5.5389 -22.1838
SCALE 1 1 1
X 0.6190 -0.2700 -0.7375
Y 0.1493 0.9624 -0.2271
Z 0.7711 0.0305 0.6360

PART 58
OFFSET -0.9628 -5.2824 -21.4831
SCALE 1 1 1
X -0.6786 -0.4020 0.6147
Y -0.1882 0.9041 0.3836
Z -0.7099 0.1446 -0.6892

PART 59
OFFSET -1.6407 -8.6961 -20.8719
SCALE 1 1 1
X -0.9104 -0.3480 0.2237
Y 0.3253 -0.9362 -0.1327
Z 0.2556 -0.0480 0.9656

PART 60
OFFSET 0.6914 -7.8063 -21.5987
SCALE 1 1 1
X 0.0080 -0.9995 -0.0304
Y 0.7373 0.0264 -0.6751
Z 0.6755 -0.0170 0.7371

PART 61
OFFSET 0.6777 -6.1046 -21.5470
SCALE 1 1 1
X 0.6690 -0.3989 -0.6272
Y 0.3233 0.9159 -0.2377
Z 0.6693 -0.0438 0.7417

PART 62
OFFSET -0.2494 -5.5517 -20.6778
SCALE 1 1 1
X 0.7101 0.3449 -0.6139
Y -0.2316 0.9377 0.2589
Z 0.6649 -0.0416 0.7457

PART 63
OFFSET -1.0195 -5.9258 -20.0120
SCALE 1 1 1
X -0.4167 -0.8203 0.3917
Y -0.6251 0.5715 0.5317
Z -0.6600 -0.0233 -0.7509

PART 64
OFFSET -6.4588 -11.0524 -20.1705
SCALE 1 1 1
X -0.8141 -0.5772 0.0647
Y -0.5693 0.8150 0.1081
Z -0.1151 0.0511 -0.9920

PART 65
OFFSET 1.1595 -8.4850 -19.5833
SCALE 1 1 1
X -0.9654 -0.2563 0.0487
Y 0.2508 -0.9632 -0.0964
Z 0.0716 -0.0809 0.9941

PART 66
OFFSET 2.8592 -8.0338 -19.6690
SCALE 1 1 1
X -0.7185 -0.6951 0.0257
Y 0.6928 -0.7184 -0.0632
Z 0.0624 -0.0276 0.9977

PART 67
OFFSET 3.7364 -7.1905 -19.6397
SCALE 1 1 1
X -0.1753 -0.9809 -0.0846
Y 0.9842 -0.1724 -0.0415
Z 0.0261 -0.0905 0.9956

PART 68
OFFSET 3.9345 -6.0826 -19.5441
SCALE 1 1 1
X -0.8240 0.4494 0.3450
Y 0.4565 0.8873 -0.0656
Z -0.3356 0.1034 -0.9363

PART 69
OFFSET 1.0272 -8.1390 -20.6241
SCALE 1 1 1
X -0.5314 -0.8435 -0.0779
Y 0.8433 -0.5180 -0.1432
Z 0.0804 -0.1418 0.9866

PART 70
OFFSET 2.0653 -6.4911 -20.4719
SCALE 1 1 1
X 0.7311 -0.6621 -0.1646
Y 0.6724 0.7401 0.0092
Z 0.1158 -0.1174 0.9863

PART 71
OFFSET 0.9975 -5.5240 -20.2314
SCALE 1 1 1
X 0.9727 -0.1848 -0.1405
Y 0.1914 0.9809 0.0349
Z 0.1314 -0.0608 0.9895

PART 72
OFFSET -0.1050 -5.3136 -20.0793
SCALE 1 1 1
X -0.8765 -0.4809 0.0222
Y -0.4685 0.8627 0.1906
Z -0.1108 0.1566 -0.9814

PART 73
OFFSET -3.4643 -7.7315 -19.2145
SCALE 1 1 1
X -0.5726 0.0392 0.8189
Y -0.3237 0.9069 -0.2697
Z -0.7533 -0.4195 -0.5066

PART 74
OFFSET -2.3206 -7.9613 -18.8681
SCALE 1 1 1
X -0.5726 0.0392 0.8189
Y -0.3237 0.9069 -0.2697
Z -0.7533 -0.4195 -0.5066

PART 75
OFFSET -1.9239 -9.2311 -18.6568
SCALE 1 1 1
X -0.5726 0.0392 0.8189
Y -0.3237 0.9069 -0.2697
Z -0.7533 -0.4195 -0.5066

PART 76
OFFSET 0.0000 0.0000 0.0000
SCALE 1 1 1
X 1.0000 0.0000 0.0000
Y 0.0000 1.0000 0.0000
Z 0.0000 0.0000 1.0000

PART 77
OFFSET 0.0000 0.0000 0.0000
SCALE 1 1 1
X 1.0000 0.0000 0.0010
Y -0.0000 1.0000 -0.0015
Z -0.0010 0.0015 1.0000

PART 78
OFFSET 1.5363 0.0063 4.1373
SCALE 1 1 1
X 1.0000 0.0000 0.0010
Y -0.0000 1.0000 -0.0015
Z -0.0010 0.0015 1.0000

PART 79
OFFSET 8.7923 -6.4199 -15.8747
SCALE 1 1 1
X 0.9590 0.0240 0.2823
Y -0.0424 0.9973 0.0592
Z -0.2802 -0.0688 0.9575

PART 80
OFFSET 7.9492 -6.8602 -19.3319
SCALE 1 1 1
X -0.1297 -0.8917 0.4337
Y 0.9462 0.0195 0.3230
Z -0.2964 0.4522 0.8412

PART 81
OFFSET 8.2985 -8.3077 -15.0040
SCALE 1 1 1
X 0.9531 0.0226 0.3019
Y -0.0424 0.9973 0.0592
Z -0.2997 -0.0692 0.9515

PART 82
OFFSET 35.0770 -5.8546 -6.5547
SCALE 1 1 1
X 0.9590 0.0240 0.2823
Y -0.0424 0.9973 0.0592
Z -0.2802 -0.0688 0.9575

PART 83
OFFSET 6.3465 -6.5251 -16.4791
SCALE 1 1 1
X 0.9625 -0.0393 0.2686
Y 0.0187 0.9967 0.0788
Z -0.2708 -0.0708 0.9600

PART 84
OFFSET 6.7167 -6.5288 -16.1638
SCALE 1 1 1
X 0.9590 0.0240 0.2823
Y -0.0424 0.9973 0.0592
Z -0.2802 -0.0688 0.9575

PART 85
OFFSET 2.3935 -6.6742 -15.9778
SCALE 1 1 1
X 0.9590 0.0240 0.2823
Y -0.0424 0.9973 0.0592
Z -0.2802 -0.0688 0.9575

PART 86
OFFSET 31.3527 -5.8728 -8.9180
SCALE 1 1 1
X 0.9531 0.0226 0.3019
Y -0.0424 0.9973 0.0592
Z -0.2997 -0.0692 0.9515

PART 87
OFFSET -17.7871 -5.4729 -49.2665
SCALE 1 1 1
X 0.9529 0.0329 0.3016
Y -0.0537 0.9967 0.0611
Z -0.2986 -0.0745 0.9515

PART 88
OFFSET 43.9105 -5.6436 -3.7762
SCALE 1 1 1
X 0.9531 0.0226 0.3019
Y -0.0424 0.9973 0.0592
Z -0.2997 -0.0692 0.9515

PART 89
OFFSET 4.4925 -5.2621 -16.1676
SCALE 1 1 1
X 0.9590 0.0240 0.2823
Y -0.0424 0.9973 0.0592
Z -0.2802 -0.0688 0.9575

PART 90
OFFSET 13.9645 -6.7515 -13.5030
SCALE 1 1 1
X 0.9590 0.0240 0.2823
Y -0.0424 0.9973 0.0592
Z -0.2802 -0.0688 0.9575

PART 91
OFFSET 36.5602 -5.8260 -5.9737
SCALE 1 1 1
X 0.9531 0.0226 0.3019
Y -0.0424 0.9973 0.0592
Z -0.2997 -0.0692 0.9515


FRAME 752
PART 0
OFFSET 13.3535 -4.3080 -15.7454
SCALE 1 1 1
X 0.1556 -0.8315 0.5333
Y -0.5770 0.3617 0.7323
Z -0.8018 -0.4216 -0.4235

PART 1
OFFSET 13.3535 -4.3080 -15.7454
SCALE 1 1 1
X 0.1556 -0.8315 0.5333
Y -0.5770 0.3617 0.7323
Z -0.8018 -0.4216 -0.4235

PART 2
OFFSET -2.1999 -9.0597 -23.1105
SCALE 1 1 1
X -0.9221 -0.3587 0.1452
Y 0.3490 -0.9329 -0.0884
Z 0.1672 -0.0308 0.9854

PART 3
OFFSET -2.1999 -9.0597 -23.1105
SCALE 1 1 1
X -0.9221 -0.3587 0.1452
Y 0.3490 -0.9329 -0.0884
Z 0.1672 -0.0308 0.9854

PART 4
OFFSET 6.2061 -3.1050 -3.3894
SCALE 1 1 1
X 1.0000 0.0000 0.0000
Y 0.0000 1.0000 0.0000
Z 0.0000 -0.0000 1.0000

PART 5
OFFSET 1.6245 4.2672 -6.2573
SCALE 1 1 1
X 0.4078 0.1480 -0.9010
Y -0.3385 -0.8920 -0.2997
Z -0.8480 0.4272 -0.3137

PART 6
OFFSET 6.5566 6.0566 -17.1539
SCALE 1 1 1
X 0.5781 -0.8131 0.0685
Y -0.3773 -0.1919 0.9060
Z -0.7235 -0.5496 -0.4177

PART 7
OFFSET 11.4738 -0.8589 -16.5712
SCALE 1 1 1
X 0.5781 -0.8131 0.0685
Y 0.7633 0.5686 0.3068
Z -0.2884 -0.1251 0.9493

PART 8
OFFSET 13.8742 -0.8466 -16.2968
SCALE 1 1 1
X 0.5824 -0.8104 0.0642
Y 0.7272 0.5546 0.4045
Z -0.3634 -0.1888 0.9123

PART 9
OFFSET 12.0054 -1.8439 -17.9444
SCALE 1 1 1
X 0.5824 -0.8104 0.0642
Y 0.7272 0.5546 0.4045
Z -0.3634 -0.1888 0.9123

PART 10
OFFSET 13.1532 -1.8567 -14.5722
SCALE 1 1 1
X 0.5824 -0.8104 0.0642
Y 0.7272 0.5546 0.4045
Z -0.3634 -0.1888 0.9123

PART 11
OFFSET 11.8681 -2.7036 -15.2330
SCALE 1 1 1
X 0.5824 -0.8104 0.0642
Y 0.7272 0.5546 0.4045
Z -0.3634 -0.1888 0.9123

PART 12
OFFSET 10.5633 -3.2338 -16.0768
SCALE 1 1 1
X 0.5824 -0.8104 0.0642
Y 0.7272 0.5546 0.4045
Z -0.3634 -0.1888 0.9123

PART 13
OFFSET 13.2461 -3.3515 -16.3612
SCALE 1 1 1
X 0.4129 -0.6738 0.6128
Y 0.7373 0.6423 0.2094
Z -0.5346 0.3654 0.7620

PART 14
OFFSET 13.9239 -2.8848 -15.5706
SCALE 1 1 1
X 0.2670 0.1827 0.9462
Y 0.4576 0.8401 -0.2913
Z -0.8481 0.5108 0.1407

PART 15
OFFSET 14.4986 -2.3783 -13.5500
SCALE 1 1 1
X 0.3646 0.1186 0.9236
Y 0.2494 0.9432 -0.2196
Z -0.8972 0.3104 0.3143

PART 16
OFFSET 14.9718 -2.2082 -12.0107
SCALE 1 1 1
X 0.1399 -0.1308 0.9815
Y 0.3677 0.9272 0.0711
Z -0.9193 0.3510 0.1778

PART 17
OFFSET 15.0873 -2.3178 -10.9400
SCALE 1 1 1
X 0.7696 -0.1309 0.6249
Y 0.5075 -0.4686 -0.7231
Z 0.3875 0.8737 -0.2942

PART 18
OFFSET 12.6980 -4.5356 -15.9128
SCALE 1 1 1
X -0.1210 -0.8923 0.4348
Y -0.5768 0.4197 0.7008
Z -0.8079 -0.1660 -0.5655

PART 19
OFFSET 12.4730 -6.4649 -14.7676
SCALE 1 1 1
X -0.1959 -0.5874 0.7852
Y -0.4736 0.7578 0.4487
Z -0.8587 -0.2840 -0.4266

PART 20
OFFSET 12.1956 -7.2965 -13.6559
SCALE 1 1 1
X -0.3765 -0.1280 0.9175
Y -0.3551 0.9347 -0.0153
Z -0.8556 -0.3316 -0.3974

PART 21
OFFSET 11.8618 -7.4100 -12.8424
SCALE 1 1 1
X -0.4734 0.2796 0.8353
Y -0.1099 0.9221 -0.3710
Z -0.8740 -0.2674 -0.4058

PART 22
OFFSET 11.4121 -7.1443 -12.0488
SCALE 1 1 1
X 0.5574 -0.7541 -0.3473
Y 0.1112 0.4824 -0.8689
Z 0.8227 0.4457 0.3528

PART 23
OFFSET 13.3535 -4.3080 -15.7454
SCALE 1 1 1
X 0.1556 -0.8315 0.5333
Y -0.5770 0.3617 0.7323
Z -0.8018 -0.4216 -0.4235

PART 24
OFFSET 13.6509 -6.5366 -14.4403
SCALE 1 1 1
X -0.1464 -0.6123 0.7770
Y -0.5283 0.7124 0.4619
Z -0.8364 -0.3428 -0.4278

PART 25
OFFSET 13.4017 -7.5790 -13.1176
SCALE 1 1 1
X -0.3681 -0.1834 0.9115
Y -0.4080 0.9128 0.0189
Z -0.8355 -0.3650 -0.4108

PART 26
OFFSET 12.8915 -7.8333 -11.8543
SCALE 1 1 1
X -0.4708 0.0709 0.8794
Y -0.2908 0.9286 -0.2305
Z -0.8330 -0.3642 -0.4165

PART 27
OFFSET 12.3810 -7.7564 -10.9005
SCALE 1 1 1
X 0.5108 -0.6064 -0.6093
Y 0.0676 0.7349 -0.6747
Z 0.8570 0.3035 0.4164

PART 28
OFFSET 15.4032 -4.2131 -13.7314
SCALE 1 1 1
X 0.0973 -0.6566 0.7479
Y 0.6599 -0.5200 -0.5423
Z 0.7450 0.5463 0.3827

PART 29
OFFSET 15.6099 -5.6284 -14.0988
SCALE 1 1 1
X 0.3037 -0.5160 0.8010
Y -0.6873 0.4635 0.5592
Z -0.6598 -0.7204 -0.2139

PART 30
OFFSET 16.1446 -6.5368 -12.6886
SCALE 1 1 1
X 0.2731 -0.5028 0.8201
Y -0.7329 0.4435 0.5159
Z -0.6231 -0.7420 -0.2474

PART 31
OFFSET 16.5144 -7.1030 -11.6765
SCALE 1 1 1
X 0.4204 -0.5135 0.7480
Y -0.6650 0.3865 0.6390
Z -0.6173 -0.7661 -0.1791

PART 32
OFFSET 16.9892 -7.6831 -10.8316
SCALE 1 1 1
X 0.2899 -0.3972 -0.8708
Y -0.5135 0.7032 -0.4917
Z 0.8076 0.5897 -0.0001

PART 33
OFFSET 14.6701 -6.1878 -14.2546
SCALE 1 1 1
X 0.0133 -0.3816 0.9242
Y -0.6596 0.6913 0.2950
Z -0.7515 -0.6136 -0.2425

PART 34
OFFSET 14.6961 -6.9333 -12.4491
SCALE 1 1 1
X -0.1043 -0.3060 0.9463
Y -0.6383 0.7502 0.1723
Z -0.7627 -0.5861 -0.2735

PART 35
OFFSET 14.5438 -7.3803 -11.0669
SCALE 1 1 1
X -0.2352 -0.1683 0.9572
Y -0.5633 0.8262 0.0068
Z -0.7920 -0.5376 -0.2892

PART 36
OFFSET 14.2722 -7.5753 -9.9848
SCALE 1 1 1
X 0.5908 -0.3643 -0.7199
Y -0.3380 0.6985 -0.6308
Z 0.7326 0.6160 0.2896

PART 37
OFFSET 13.8742 -0.8466 -16.2968
SCALE 1 1 1
X 0.5824 -0.8104 0.0642
Y 0.7272 0.5546 0.4045
Z -0.3634 -0.1888 0.9123

PART 38
OFFSET 12.0054 -1.8439 -17.9444
SCALE 1 1 1
X 0.5824 -0.8104 0.0642
Y 0.7272 0.5546 0.4045
Z -0.3634 -0.1888 0.9123

PART 39
OFFSET 13.1532 -1.8567 -14.5722
SCALE 1 1 1
X 0.5824 -0.8104 0.0642
Y 0.7272 0.5546 0.4045
Z -0.3634 -0.1888 0.9123

PART 40
OFFSET 11.8681 -2.7036 -15.2330
SCALE 1 1 1
X 0.5824 -0.8104 0.0642
Y 0.7272 0.5546 0.4045
Z -0.3634 -0.1888 0.9123

PART 41
OFFSET 10.5633 -3.2338 -16.0768
SCALE 1 1 1
X 0.5824 -0.8104 0.0642
Y 0.7272 0.5546 0.4045
Z -0.3634 -0.1888 0.9123

PART 42
OFFSET 7.7019 -6.5564 -17.2209
SCALE 1 1 1
X 0.9289 0.0425 0.3679
Y -0.0615 0.9973 0.0400
Z -0.3652 -0.0598 0.9290

PART 43
OFFSET -2.1097 -3.5648 -2.9073
SCALE 1 1 1
X 0.4787 0.3975 0.7828
Y -0.1184 -0.8542 0.5062
Z 0.8699 -0.3351 -0.3619

PART 44
OFFSET -7.8995 -8.3726 -12.3743
SCALE 1 1 1
X -0.4043 0.0996 0.9092
Y -0.8484 -0.4120 -0.3322
Z 0.3415 -0.9057 0.2511

PART 45
OFFSET -4.4605 -9.2195 -20.1073
SCALE 1 1 1
X -0.4043 0.0996 0.9092
Y -0.8916 -0.2646 -0.3675
Z 0.2040 -0.9592 0.1958

PART 46
OFFSET -3.6642 -8.0235 -21.4659
SCALE 1 1 1
X -0.4002 0.1045 0.9105
Y -0.3282 0.9112 -0.2489
Z -0.8557 -0.3984 -0.3304

PART 47
OFFSET -2.4859 -8.2618 -21.3381
SCALE 1 1 1
X -0.4002 0.1045 0.9105
Y -0.3282 0.9112 -0.2489
Z -0.8557 -0.3984 -0.3304

PART 48
OFFSET -2.1427 -9.5234 -21.1567
SCALE 1 1 1
X -0.4002 0.1045 0.9105
Y -0.3282 0.9112 -0.2489
Z -0.8557 -0.3984 -0.3304

PART 49
OFFSET -3.2210 -9.5247 -22.8945
SCALE 1 1 1
X -0.9359 -0.3128 -0.1620
Y 0.1089 0.1804 -0.9775
Z 0.3351 -0.9325 -0.1348

PART 50
OFFSET -3.0427 -9.1752 -21.8230
SCALE 1 1 1
X -0.3935 -0.8190 -0.4177
Y 0.5068 0.1858 -0.8418
Z 0.7670 -0.5429 0.3419

PART 51
OFFSET -2.2869 -7.3963 -20.8566
SCALE 1 1 1
X -0.6466 -0.7273 -0.2302
Y 0.5050 -0.1819 -0.8437
Z 0.5718 -0.6618 0.4849

PART 52
OFFSET -1.2770 -6.1589 -20.5897
SCALE 1 1 1
X -0.7286 -0.5917 0.3451
Y 0.0727 -0.5677 -0.8200
Z 0.6811 -0.5723 0.4567

PART 53
OFFSET -0.5215 -5.4832 -20.9698
SCALE 1 1 1
X -0.9603 -0.1861 -0.2076
Y -0.1184 0.9463 -0.3007
Z 0.2524 -0.2642 -0.9308

PART 54
OFFSET -2.3801 -8.8784 -23.7769
SCALE 1 1 1
X -0.8151 -0.3995 0.4194
Y 0.3963 -0.9127 -0.0993
Z 0.4225 0.0853 0.9023

PART 55
OFFSET -0.5357 -7.8563 -24.5757
SCALE 1 1 1
X -0.1167 -0.9784 0.1707
Y 0.6959 -0.2032 -0.6888
Z 0.7086 0.0384 0.7046

PART 56
OFFSET -0.3704 -6.4711 -24.8174
SCALE 1 1 1
X 0.5563 -0.6419 -0.5278
Y 0.4710 0.7668 -0.4361
Z 0.6846 -0.0060 0.7289

PART 57
OFFSET -0.8637 -5.9021 -24.3494
SCALE 1 1 1
X 0.6873 -0.2707 -0.6741
Y 0.1559 0.9613 -0.2271
Z 0.7095 0.0510 0.7029

PART 58
OFFSET -1.5166 -5.6449 -23.7090
SCALE 1 1 1
X -0.7261 -0.4038 0.5565
Y -0.2349 0.9064 0.3512
Z -0.6462 0.1243 -0.7530

PART 59
OFFSET -2.1999 -9.0597 -23.1105
SCALE 1 1 1
X -0.9221 -0.3587 0.1452
Y 0.3490 -0.9329 -0.0884
Z 0.1672 -0.0308 0.9854

PART 60
OFFSET 0.1761 -8.1446 -23.6357
SCALE 1 1 1
X 0.0247 -0.9996 -0.0144
Y 0.7953 0.0284 -0.6056
Z 0.6058 0.0035 0.7956

PART 61
OFFSET 0.1341 -6.4428 -23.6112
SCALE 1 1 1
X 0.7288 -0.3973 -0.5577
Y 0.3309 0.9174 -0.2212
Z 0.5995 -0.0233 0.8000

PART 62
OFFSET -0.8759 -5.8922 -22.8383
SCALE 1 1 1
X 0.7582 0.3472 -0.5519
Y -0.2673 0.9376 0.2226
Z 0.5948 -0.0212 0.8036

PART 63
OFFSET -1.6982 -6.2687 -22.2396
SCALE 1 1 1
X -0.4392 -0.8211 0.3646
Y -0.6788 0.5692 0.4640
Z -0.5885 -0.0437 -0.8073

PART 64
OFFSET -7.0286 -11.4792 -22.8144
SCALE 1 1 1
X -0.8085 -0.5885 -0.0008
Y -0.5880 0.8077 0.0436
Z -0.0250 0.0357 -0.9990

PART 65
OFFSET 0.4681 -8.7884 -21.5761
SCALE 1 1 1
X -0.9621 -0.2702 -0.0354
Y 0.2719 -0.9605 -0.0587
Z -0.0181 -0.0661 0.9977

PART 66
OFFSET 2.1621 -8.3126 -21.5138
SCALE 1 1 1
X -0.7081 -0.7055 -0.0292
Y 0.7056 -0.7086 0.0109
Z -0.0284 -0.0129 0.9995

PART 67
OFFSET 3.0212 -7.4557 -21.4177
SCALE 1 1 1
X -0.1533 -0.9845 -0.0854
Y 0.9862 -0.1579 0.0507
Z -0.0634 -0.0764 0.9951

PART 68
OFFSET 3.1943 -6.3437 -21.3212
SCALE 1 1 1
X -0.8582 0.4415 0.2619
Y 0.4482 0.8932 -0.0373
Z -0.2504 0.0854 -0.9644

PART 69
OFFSET 0.4263 -8.4587 -22.6297
SCALE 1 1 1
X -0.5103 -0.8525 -0.1131
Y 0.8599 -0.5071 -0.0581
Z -0.0078 -0.1269 0.9919

PART 70
OFFSET 1.4233 -6.7933 -22.4087
SCALE 1 1 1
X 0.7522 -0.6531 -0.0875
Y 0.6584 0.7503 0.0591
Z 0.0271 -0.1020 0.9944

PART 71
OFFSET 0.3246 -5.8393 -22.2809
SCALE 1 1 1
X 0.9839 -0.1719 -0.0487
Y 0.1738 0.9841 0.0373
Z 0.0415 -0.0452 0.9981

PART 72
OFFSET -0.7899 -5.6436 -22.2328
SCALE 1 1 1
X -0.8681 -0.4938 -0.0503
Y -0.4958 0.8580 0.1342
Z -0.0231 0.1414 -0.9897

PART 73
OFFSET -3.6642 -8.0235 -21.4659
SCALE 1 1 1
X -0.4002 0.1045 0.9105
Y -0.3282 0.9112 -0.2489
Z -0.8557 -0.3984 -0.3304

PART 74
OFFSET -2.4859 -8.2618 -21.3381
SCALE 1 1 1
X -0.4002 0.1045 0.9105
Y -0.3282 0.9112 -0.2489
Z -0.8557 -0.3984 -0.3304

PART 75
OFFSET -2.1427 -9.5234 -21.1567
SCALE 1 1 1
X -0.4002 0.1045 0.9105
Y -0.3282 0.9112 -0.2489
Z -0.8557 -0.3984 -0.3304

PART 76
OFFSET 0.0000 0.0000 0.0000
SCALE 1 1 1
X 1.0000 0.0000 0.0000
Y 0.0000 1.0000 0.0000
Z 0.0000 0.0000 1.0000

PART 77
OFFSET 0.0000 0.0000 0.0000
SCALE 1 1 1
X 1.0000 0.0000 0.0036
Y 0.0000 1.0000 -0.0056
Z -0.0036 0.0056 1.0000

PART 78
OFFSET 1.5254 0.0230 4.1413
SCALE 1 1 1
X 1.0000 0.0000 0.0036
Y 0.0000 1.0000 -0.0056
Z -0.0036 0.0056 1.0000

PART 79
OFFSET 7.7019 -6.5564 -17.2209
SCALE 1 1 1
X 0.9289 0.0425 0.3679
Y -0.0615 0.9973 0.0400
Z -0.3652 -0.0598 0.9290

PART 80
OFFSET 7.1834 -7.0570 -20.7334
SCALE 1 1 1
X -0.1562 -0.8875 0.4335
Y 0.9125 0.0383 0.4073
Z -0.3781 0.4592 0.8039

PART 81
OFFSET 7.1572 -8.4393 -16.3703
SCALE 1 1 1
X 0.9212 0.0413 0.3868
Y -0.0615 0.9973 0.0400
Z -0.3841 -0.0607 0.9213

PART 82
OFFSET 33.0181 -5.4628 -5.5606
SCALE 1 1 1
X 0.9289 0.0425 0.3679
Y -0.0615 0.9973 0.0400
Z -0.3652 -0.0598 0.9290

PART 83
OFFSET 5.3235 -6.7073 -18.0420
SCALE 1 1 1
X 0.9344 -0.0210 0.3556
Y -0.0024 0.9979 0.0653
Z -0.3562 -0.0619 0.9323

PART 84
OFFSET 5.6631 -6.7009 -17.6957
SCALE 1 1 1
X 0.9289 0.0425 0.3679
Y -0.0615 0.9973 0.0400
Z -0.3652 -0.0598 0.9290

PART 85
OFFSET 1.3433 -6.9095 -17.9011
SCALE 1 1 1
X 0.9289 0.0425 0.3679
Y -0.0615 0.9973 0.0400
Z -0.3652 -0.0598 0.9290

PART 86
OFFSET 29.5252 -5.5702 -8.2520
SCALE 1 1 1
X 0.9212 0.0413 0.3868
Y -0.0615 0.9973 0.0400
Z -0.3841 -0.0607 0.9213

PART 87
OFFSET -13.1538 -6.1357 -50.7322
SCALE 1 1 1
X 0.9195 0.0799 0.3849
Y -0.1046 0.9936 0.0437
Z -0.3790 -0.0805 0.9219

PART 88
OFFSET 41.5581 -5.0792 -1.9944
SCALE 1 1 1
X 0.9212 0.0413 0.3868
Y -0.0615 0.9973 0.0400
Z -0.3841 -0.0607 0.9213

PART 89
OFFSET 3.4310 -5.4683 -17.9208
SCALE 1 1 1
X 0.9289 0.0425 0.3679
Y -0.0615 0.9973 0.0400
Z -0.3652 -0.0598 0.9290

PART 90
OFFSET 12.6407 -6.7766 -14.3843
SCALE 1 1 1
X 0.9289 0.0425 0.3679
Y -0.0615 0.9973 0.0400
Z -0.3652 -0.0598 0.9290

PART 91
OFFSET 34.4417 -5.4036 -4.8477
SCALE 1 1 1
X 0.9212 0.0413 0.3868
Y -0.0615 0.9973 0.0400
Z -0.3841 -0.0607 0.9213


FRAME 753
PART 0
OFFSET 13.1806 -0.6242 -16.2619
SCALE 1 1 1
X -0.6383 -0.0486 0.7682
Y -0.0032 0.9982 0.0606
Z -0.7697 0.0362 -0.6373

PART 1
OFFSET 13.1806 -0.6242 -16.2619
SCALE 1 1 1
X -0.6383 -0.0486 0.7682
Y -0.0032 0.9982 0.0606
Z -0.7697 0.0362 -0.6373

PART 2
OFFSET -2.3816 -9.5114 -25.7533
SCALE 1 1 1
X -0.9259 -0.3748 0.0471
Y 0.3737 -0.9270 -0.0315
Z 0.0555 -0.0116 0.9984

PART 3
OFFSET -2.3816 -9.5114 -25.7533
SCALE 1 1 1
X -0.9259 -0.3748 0.0471
Y 0.3737 -0.9270 -0.0315
Z 0.0555 -0.0116 0.9984

PART 4
OFFSET 6.2061 -3.1050 -3.3894
SCALE 1 1 1
X 1.0000 0.0000 0.0000
Y 0.0000 1.0000 0.0000
Z 0.0000 -0.0000 1.0000

PART 5
OFFSET 1.6245 4.2672 -6.2573
SCALE 1 1 1
X 0.3116 0.2412 -0.9191
Y -0.1574 -0.9408 -0.3003
Z -0.9371 0.2383 -0.2551

PART 6
OFFSET 5.3924 7.1843 -17.3729
SCALE 1 1 1
X 0.7398 -0.6725 0.0232
Y -0.2772 -0.2731 0.9212
Z -0.6131 -0.6879 -0.3884

PART 7
OFFSET 11.6845 1.4648 -17.1752
SCALE 1 1 1
X 0.7398 -0.6725 0.0232
Y 0.1890 0.1745 -0.9663
Z 0.6458 0.7193 0.2562

PART 8
OFFSET 13.8335 1.7073 -17.2201
SCALE 1 1 1
X 0.7431 -0.6689 0.0188
Y 0.6149 0.6937 0.3750
Z -0.2639 -0.2671 0.9268

PART 9
OFFSET 12.0382 0.2080 -19.2159
SCALE 1 1 1
X 0.7431 -0.6689 0.0188
Y 0.6149 0.6937 0.3750
Z -0.2639 -0.2671 0.9268

PART 10
OFFSET 13.2753 1.0890 -15.8440
SCALE 1 1 1
X 0.7431 -0.6689 0.0188
Y 0.6149 0.6937 0.3750
Z -0.2639 -0.2671 0.9268

PART 11
OFFSET 12.1741 -0.6721 -16.2577
SCALE 1 1 1
X 0.7431 -0.6689 0.0188
Y 0.6149 0.6937 0.3750
Z -0.2639 -0.2671 0.9268

PART 12
OFFSET 10.9072 -1.5528 -16.5747
SCALE 1 1 1
X 0.7431 -0.6689 0.0188
Y 0.6149 0.6937 0.3750
Z -0.2639 -0.2671 0.9268

PART 13
OFFSET 13.9524 -0.5967 -17.1040
SCALE 1 1 1
X -0.3708 -0.1048 0.9228
Y 0.9286 -0.0545 0.3670
Z 0.0119 0.9930 0.1175

PART 14
OFFSET 14.6866 -0.2887 -16.2865
SCALE 1 1 1
X 0.1930 0.6158 0.7639
Y 0.9478 0.0843 -0.3075
Z -0.2538 0.7834 -0.5674

PART 15
OFFSET 15.1837 1.0921 -14.7003
SCALE 1 1 1
X 0.0033 0.4330 0.9014
Y 0.8924 0.4055 -0.1980
Z -0.4512 0.8051 -0.3851

PART 16
OFFSET 15.0852 1.8571 -13.2765
SCALE 1 1 1
X -0.5280 0.2671 0.8061
Y 0.7539 0.5845 0.3001
Z -0.3910 0.7662 -0.5100

PART 17
OFFSET 14.5091 2.1910 -12.4229
SCALE 1 1 1
X 0.0167 -0.1745 0.9845
Y 0.3763 -0.9112 -0.1679
Z 0.9263 0.3733 0.0504

PART 18
OFFSET 12.6467 -0.4263 -16.6923
SCALE 1 1 1
X -0.8314 0.0453 0.5538
Y 0.0627 0.9980 0.0125
Z -0.5521 0.0451 -0.8326

PART 19
OFFSET 10.8667 -0.2088 -15.3252
SCALE 1 1 1
X -0.4552 0.6971 0.5540
Y 0.5546 0.7087 -0.4361
Z -0.6966 0.1087 -0.7092

PART 20
OFFSET 10.2222 0.7781 -14.5408
SCALE 1 1 1
X 0.0594 0.9907 0.1221
Y 0.6787 0.0496 -0.7327
Z -0.7320 0.1263 -0.6695

PART 21
OFFSET 10.2749 1.6565 -14.4326
