// Export filename: `C:/cod5/cod/cod5/xanim_export/viewmodel/US/m1garand/viewmodel_m1garand_grenade_pullout.XANIM_EXPORT`
// Source filename: `C:/cod5/cod/cod5/animation_assets/viewmodel/US/m1_garand/viewmodelanimation_m1garand.mb`
// Export time: Fri May 23 18:04:54 2008

ANIMATION
VERSION 3

NUMPARTS 83
PART 0 "J_Thumb_RI_1"
PART 1 "J_Thumb_RI_2"
PART 2 "J_Thumb_RI_3"
PART 3 "J_PinkyPalm_RI"
PART 4 "J_Pinky_RI_0"
PART 5 "J_Pinky_RI_1"
PART 6 "J_Pinky_RI_2"
PART 7 "J_Pinky_RI_3"
PART 8 "J_RingPalm_RI"
PART 9 "J_Ring_RI_0"
PART 10 "J_Ring_RI_1"
PART 11 "J_Ring_RI_2"
PART 12 "J_Ring_RI_3"
PART 13 "J_Webbing_RI"
PART 14 "J_Index_RI_0"
PART 15 "J_Index_RI_1"
PART 16 "J_Index_RI_2"
PART 17 "J_Index_RI_3"
PART 18 "J_Mid_RI_0"
PART 19 "J_Mid_RI_1"
PART 20 "J_Mid_RI_2"
PART 21 "J_Mid_RI_3"
PART 22 "tag_cambone"
PART 23 "tag_camera"
PART 24 "tag_gasmask"
PART 25 "RingPalm_FK_RI"
PART 26 "RingPalm_SDK_RI"
PART 27 "tag_torso"
PART 28 "J_Shoulder_LE"
PART 29 "J_Elbow_LE"
PART 30 "J_WristTwist_LE"
PART 31 "J_Sleave_Reshape_Bottom_LE_1"
PART 32 "J_Sleave_Reshape_Bottom_LE_2"
PART 33 "J_Sleave_Reshape_Top_LE_1"
PART 34 "J_Sleave_Reshape_Top_LE_2"
PART 35 "J_Sleave_Reshape_Top_LE_3"
PART 36 "J_Wrist_LE"
PART 37 "J_Thumb_LE_0"
PART 38 "J_Thumb_LE_1"
PART 39 "J_Thumb_LE_2"
PART 40 "J_Thumb_LE_3"
PART 41 "J_PinkyPalm_LE"
PART 42 "J_Pinky_LE_0"
PART 43 "J_Pinky_LE_1"
PART 44 "J_Pinky_LE_2"
PART 45 "J_Pinky_LE_3"
PART 46 "J_RingPalm_LE"
PART 47 "J_Ring_LE_0"
PART 48 "J_Ring_LE_1"
PART 49 "J_Ring_LE_2"
PART 50 "J_Ring_LE_3"
PART 51 "J_Webbing_LE"
PART 52 "J_Index_LE_0"
PART 53 "J_Index_LE_1"
PART 54 "J_Index_LE_2"
PART 55 "J_Index_LE_3"
PART 56 "J_Mid_LE_0"
PART 57 "J_Mid_LE_1"
PART 58 "J_Mid_LE_2"
PART 59 "J_Mid_LE_3"
PART 60 "tag_weapon"
PART 61 "J_Shoulder_RI"
PART 62 "J_Elbow_RI"
PART 63 "J_WristTwist_RI"
PART 64 "J_Sleave_Reshape_Top_RI_3"
PART 65 "J_Sleave_Reshape_Top_RI_2"
PART 66 "J_Sleave_Reshape_Top_RI_1"
PART 67 "J_Wrist_RI"
PART 68 "J_Thumb_RI_0"
PART 69 "RingPalm_FK_LE"
PART 70 "RingPalm_SDK_LE"
PART 71 "J_Gun"
PART 72 "tag_brass"
PART 73 "J_Bolt"
PART 74 "tag_flash"
PART 75 "j_stripper"
PART 76 "J_Clip"
PART 77 "TAG_APERTURE"
PART 78 "tag_bayonet"
PART 79 "tag_grenade"
PART 80 "tag_grenade_mount"
PART 81 "TAG_TELESCOPIC"
PART 82 "TAG_IRON_SIGHTS"

FRAMERATE 24
NUMFRAMES 21

FRAME 840
PART 0
OFFSET 6.4972 -4.0516 -11.2961
SCALE 1 1 1
X -0.1093 -0.8575 0.5028
Y -0.3219 -0.4481 -0.8340
Z 0.9404 -0.2530 -0.2271

PART 1
OFFSET 6.5490 -2.6658 -12.1322
SCALE 1 1 1
X 0.2216 -0.4938 0.8409
Y -0.3099 -0.8533 -0.4194
Z 0.9246 -0.1677 -0.3421

PART 2
OFFSET 6.2724 -2.1096 -13.0187
SCALE 1 1 1
X -0.4942 -0.4326 0.7540
Y -0.7375 0.6678 -0.1002
Z -0.4602 -0.6057 -0.6491

PART 3
OFFSET 4.9751 -6.6841 -12.5155
SCALE 1 1 1
X 0.1459 -0.3083 0.9400
Y 0.5440 -0.7686 -0.3365
Z 0.8263 0.5605 0.0556

PART 4
OFFSET 4.7010 -5.8155 -14.5783
SCALE 1 1 1
X 0.5503 -0.7978 0.2461
Y -0.1099 -0.3614 -0.9259
Z 0.8277 0.4825 -0.2866

PART 5
OFFSET 3.9218 -4.6859 -14.9268
SCALE 1 1 1
X 0.1616 -0.6969 -0.6987
Y -0.4897 0.5581 -0.6699
Z 0.8568 0.4504 -0.2511

PART 6
OFFSET 3.7786 -4.0680 -14.3072
SCALE 1 1 1
X -0.0699 -0.4152 -0.9070
Y -0.5670 0.7646 -0.3063
Z 0.8207 0.4929 -0.2889

PART 7
OFFSET 3.8450 -3.6735 -13.4455
SCALE 1 1 1
X 0.2908 -0.2337 0.9278
Y -0.2794 0.9067 0.3159
Z -0.9151 -0.3510 0.1984

PART 8
OFFSET 5.6450 -6.5075 -12.3434
SCALE 1 1 1
X -0.1280 -0.4165 0.9001
Y 0.5409 -0.7900 -0.2886
Z 0.8313 0.4499 0.3264

PART 9
OFFSET 5.8655 -5.5108 -14.7343
SCALE 1 1 1
X 0.4843 -0.8742 0.0352
Y -0.1151 -0.1035 -0.9879
Z 0.8673 0.4744 -0.1507

PART 10
OFFSET 5.0411 -4.0225 -14.7942
SCALE 1 1 1
X 0.0975 -0.4654 -0.8797
Y -0.4633 0.7611 -0.4540
Z 0.8808 0.4518 -0.1414

PART 11
OFFSET 4.9059 -3.3775 -13.5750
SCALE 1 1 1
X -0.2457 0.1922 -0.9501
Y -0.4057 0.8698 0.2808
Z 0.8804 0.4544 -0.1357

PART 12
OFFSET 5.1724 -3.5859 -12.5446
SCALE 1 1 1
X 0.4763 -0.6320 0.6113
Y -0.2290 0.5821 0.7802
Z -0.8489 -0.5116 0.1326

PART 13
OFFSET 4.8872 -9.3707 -7.8173
SCALE 1 1 1
X -0.0760 -0.6623 0.7454
Y -0.6205 0.6166 0.4846
Z -0.7805 -0.4257 -0.4578

PART 14
OFFSET 7.8580 -5.0865 -13.9650
SCALE 1 1 1
X -0.3247 -0.4284 0.8433
Y 0.5423 -0.8148 -0.2051
Z 0.7749 0.3907 0.4968

PART 15
OFFSET 8.4296 -4.3323 -15.4497
SCALE 1 1 1
X 0.0041 -0.7587 0.6514
Y 0.6659 -0.4839 -0.5678
Z 0.7460 0.4361 0.5033

PART 16
OFFSET 8.4699 -3.3834 -16.2110
SCALE 1 1 1
X 0.3443 -0.9258 0.1562
Y 0.5543 0.0661 -0.8297
Z 0.7578 0.3722 0.5359

PART 17
OFFSET 8.0811 -2.3377 -16.3874
SCALE 1 1 1
X -0.3993 0.3464 0.8489
Y -0.2609 0.8447 -0.4674
Z -0.8789 -0.4080 -0.2469

PART 18
OFFSET 6.8866 -5.2835 -14.4529
SCALE 1 1 1
X 0.1003 -0.8887 0.4474
Y 0.5852 -0.3110 -0.7489
Z 0.8047 0.3369 0.4889

PART 19
OFFSET 6.6907 -3.5474 -15.3268
SCALE 1 1 1
X 0.5858 -0.4715 -0.6592
Y -0.0254 0.8023 -0.5964
Z 0.8101 0.3661 0.4580

PART 20
OFFSET 5.8351 -2.8587 -14.3639
SCALE 1 1 1
X 0.4852 0.0085 -0.8744
Y -0.3711 0.9074 -0.1971
Z 0.7918 0.4201 0.4434

PART 21
OFFSET 5.2797 -2.8707 -13.3769
SCALE 1 1 1
X -0.1856 -0.6130 0.7680
Y -0.5356 0.7184 0.4439
Z -0.8238 -0.3289 -0.4617

PART 22
OFFSET 0.0000 0.0000 0.0000
SCALE 1 1 1
X 1.0000 0.0000 0.0000
Y 0.0000 1.0000 0.0000
Z 0.0000 0.0000 1.0000

PART 23
OFFSET 0.0000 0.0000 0.0000
SCALE 1 1 1
X 1.0000 0.0000 0.0000
Y 0.0000 1.0000 0.0000
Z 0.0000 0.0000 1.0000

PART 24
OFFSET 1.5404 0.0000 4.1357
SCALE 1 1 1
X 1.0000 0.0000 0.0000
Y 0.0000 1.0000 0.0000
Z 0.0000 0.0000 1.0000

PART 25
OFFSET 5.6450 -6.5075 -12.3434
SCALE 1 1 1
X -0.1280 -0.4165 0.9001
Y 0.5409 -0.7900 -0.2886
Z 0.8313 0.4499 0.3264

PART 26
OFFSET 5.6450 -6.5075 -12.3434
SCALE 1 1 1
X -0.1280 -0.4165 0.9001
Y 0.5409 -0.7900 -0.2886
Z 0.8313 0.4499 0.3264

PART 27
OFFSET 6.2061 -3.1050 -3.3894
SCALE 1 1 1
X 1.0000 0.0000 0.0000
Y 0.0000 1.0000 0.0000
Z 0.0000 -0.0000 1.0000

PART 28
OFFSET 1.6245 4.2672 -6.2573
SCALE 1 1 1
X 0.7977 0.2924 -0.5274
Y -0.5868 0.1747 -0.7907
Z -0.1391 0.9402 0.3109

PART 29
OFFSET 11.2719 7.8036 -12.6357
SCALE 1 1 1
X 0.2510 -0.4712 -0.8456
Y -0.7782 -0.6178 0.1132
Z -0.5757 0.6295 -0.5217

PART 30
OFFSET 13.4072 3.7959 -19.8275
SCALE 1 1 1
X 0.2510 -0.4712 -0.8456
Y 0.0408 0.8779 -0.4771
Z 0.9671 0.0853 0.2396

PART 31
OFFSET 15.1569 2.6350 -20.3472
SCALE 1 1 1
X 0.2573 -0.4692 -0.8448
Y 0.5861 -0.6193 0.5225
Z -0.7683 -0.6296 0.1157

PART 32
OFFSET 14.1160 5.2134 -21.6598
SCALE 1 1 1
X 0.2573 -0.4692 -0.8448
Y 0.5861 -0.6193 0.5225
Z -0.7683 -0.6296 0.1157

PART 33
OFFSET 13.7931 1.7823 -20.3181
SCALE 1 1 1
X 0.2573 -0.4692 -0.8448
Y 0.5861 -0.6193 0.5225
Z -0.7683 -0.6296 0.1157

PART 34
OFFSET 12.3896 2.6514 -21.6449
SCALE 1 1 1
X 0.2573 -0.4692 -0.8448
Y 0.5861 -0.6193 0.5225
Z -0.7683 -0.6296 0.1157

PART 35
OFFSET 11.2012 3.5804 -22.0986
SCALE 1 1 1
X 0.2573 -0.4692 -0.8448
Y 0.5861 -0.6193 0.5225
Z -0.7683 -0.6296 0.1157

PART 36
OFFSET 14.1768 2.3514 -22.4196
SCALE 1 1 1
X 0.9513 -0.2449 -0.1874
Y 0.1134 0.8429 -0.5260
Z 0.2868 0.4791 0.8296

PART 37
OFFSET 14.8319 3.2514 -22.6709
SCALE 1 1 1
X 0.8876 0.3634 0.2831
Y -0.2530 0.8982 -0.3595
Z -0.3849 0.2475 0.8892

PART 38
OFFSET 16.7006 4.1389 -22.0464
SCALE 1 1 1
X 0.9732 0.1132 0.2003
Y -0.0978 0.9916 -0.0852
Z -0.2082 0.0633 0.9760

PART 39
OFFSET 18.2541 4.2696 -21.6087
SCALE 1 1 1
X 0.8411 -0.4102 0.3525
Y 0.4222 0.9053 0.0459
Z -0.3380 0.1102 0.9347

PART 40
OFFSET 19.1554 3.8465 -21.1839
SCALE 1 1 1
X 0.9250 -0.1870 -0.3307
Y -0.3553 -0.1178 -0.9273
Z 0.1345 0.9753 -0.1754

PART 41
OFFSET 14.9183 1.3385 -21.8473
SCALE 1 1 1
X 0.7275 -0.6614 0.1822
Y 0.2173 0.4741 0.8532
Z -0.6507 -0.5811 0.4887

PART 42
OFFSET 16.6743 -0.0049 -21.4044
SCALE 1 1 1
X 0.3878 0.4091 0.8260
Y -0.7953 0.6016 0.0755
Z -0.4660 -0.6861 0.5587

PART 43
OFFSET 17.2234 0.5743 -20.2351
SCALE 1 1 1
X -0.0096 0.6639 0.7477
Y -0.9045 0.3130 -0.2896
Z -0.4263 -0.6791 0.5975

PART 44
OFFSET 17.2149 1.1630 -19.5721
SCALE 1 1 1
X -0.3081 0.7401 0.5978
Y -0.8181 0.1146 -0.5636
Z -0.4856 -0.6627 0.5701

PART 45
OFFSET 16.9222 1.8660 -19.0042
SCALE 1 1 1
X 0.8195 -0.5421 -0.1859
Y -0.4807 -0.4735 -0.7381
Z 0.3121 0.6942 -0.6486

PART 46
OFFSET 15.1628 1.7778 -22.3540
SCALE 1 1 1
X 0.8722 -0.4891 -0.0118
Y 0.2620 0.4466 0.8555
Z -0.4131 -0.7493 0.5176

PART 47
OFFSET 17.3592 0.3874 -22.3266
SCALE 1 1 1
X 0.4444 0.3734 0.8143
Y -0.7896 0.5926 0.1592
Z -0.4230 -0.7137 0.5582

PART 48
OFFSET 18.1159 1.0232 -20.9403
SCALE 1 1 1
X -0.0478 0.6478 0.7603
Y -0.9133 0.2798 -0.2959
Z -0.4044 -0.7085 0.5783

PART 49
OFFSET 18.0497 1.9210 -19.8866
SCALE 1 1 1
X -0.5804 0.6842 0.4415
Y -0.7072 -0.1547 -0.6899
Z -0.4037 -0.7127 0.5737

PART 50
OFFSET 17.4202 2.6631 -19.4078
SCALE 1 1 1
X 0.8597 -0.5073 0.0606
Y -0.2287 -0.4881 -0.8423
Z 0.4568 0.7102 -0.5356

PART 51
OFFSET 17.4430 3.1915 -23.3879
SCALE 1 1 1
X 0.9528 -0.2603 0.1561
Y 0.0067 -0.4963 -0.8681
Z 0.3034 0.8282 -0.4711

PART 52
OFFSET 17.8623 1.8547 -23.8549
SCALE 1 1 1
X 0.8609 0.2381 0.4495
Y -0.5066 0.4819 0.7149
Z -0.0464 -0.8432 0.5355

PART 53
OFFSET 19.3781 2.2740 -23.0634
SCALE 1 1 1
X 0.3932 0.4465 0.8037
Y -0.9192 0.2127 0.3315
Z -0.0229 -0.8691 0.4941

PART 54
OFFSET 19.8576 2.8696 -22.1163
SCALE 1 1 1
X -0.0606 0.5553 0.8294
Y -0.9981 -0.0220 -0.0582
Z -0.0140 -0.8314 0.5556

PART 55
OFFSET 19.7891 3.4969 -21.1795
SCALE 1 1 1
X 0.9168 -0.3947 -0.0612
Y -0.2393 -0.4201 -0.8754
Z 0.3198 0.8172 -0.4796

PART 56
OFFSET 17.6893 1.0523 -23.1155
SCALE 1 1 1
X 0.6395 0.3206 0.6988
Y -0.7522 0.4485 0.4827
Z -0.1586 -0.8343 0.5279

PART 57
OFFSET 18.9386 1.6786 -21.7504
SCALE 1 1 1
X -0.1376 0.5369 0.8324
Y -0.9708 0.0937 -0.2209
Z -0.1966 -0.8384 0.5083

PART 58
OFFSET 18.7377 2.4628 -20.5346
SCALE 1 1 1
X -0.7206 0.4848 0.4957
Y -0.6492 -0.2207 -0.7279
Z -0.2435 -0.8463 0.4737

PART 59
OFFSET 17.9202 3.0060 -19.9693
SCALE 1 1 1
X 0.9828 -0.1767 0.0545
Y -0.0510 -0.5427 -0.8384
Z 0.1777 0.8211 -0.5424

PART 60
OFFSET 13.2802 0.1602 -18.3637
SCALE 1 1 1
X 0.6705 0.3741 -0.6407
Y -0.4803 0.8770 0.0095
Z 0.5655 0.3014 0.7677

PART 61
OFFSET -2.1097 -3.5648 -2.9073
SCALE 1 1 1
X 0.2638 0.6059 0.7505
Y -0.2597 -0.7047 0.6602
Z 0.9290 -0.3690 -0.0285

PART 62
OFFSET -5.2996 -10.8928 -11.9841
SCALE 1 1 1
X -0.9400 -0.3362 -0.0577
Y 0.2319 -0.5058 -0.8309
Z 0.2501 -0.7944 0.5535

PART 63
OFFSET 2.6958 -8.0335 -11.4930
SCALE 1 1 1
X -0.9400 -0.3362 -0.0577
Y -0.0484 0.2990 -0.9530
Z 0.3376 -0.8931 -0.2974

PART 64
OFFSET 3.5574 -6.1143 -11.7944
SCALE 1 1 1
X -0.9421 -0.3310 -0.0543
Y -0.2507 0.8026 -0.5413
Z 0.2227 -0.4963 -0.8391

PART 65
OFFSET 3.9342 -6.2339 -10.6061
SCALE 1 1 1
X -0.9421 -0.3310 -0.0543
Y -0.2507 0.8026 -0.5413
Z 0.2227 -0.4963 -0.8391

PART 66
OFFSET 4.5207 -7.7319 -9.7441
SCALE 1 1 1
X -0.9421 -0.3310 -0.0543
Y -0.2507 0.8026 -0.5413
Z 0.2227 -0.4963 -0.8391

PART 67
OFFSET 5.5776 -7.0029 -11.3160
SCALE 1 1 1
X -0.3876 -0.5181 0.7625
Y -0.7747 -0.2652 -0.5740
Z 0.4996 -0.8132 -0.2986

PART 68
OFFSET 6.2944 -6.1801 -10.9825
SCALE 1 1 1
X -0.0932 -0.9759 0.1973
Y -0.4978 -0.1260 -0.8581
Z 0.8623 -0.1781 -0.4740

PART 69
OFFSET 15.1628 1.7778 -22.3540
SCALE 1 1 1
X 0.8722 -0.4891 -0.0118
Y 0.2620 0.4466 0.8555
Z -0.4131 -0.7493 0.5176

PART 70
OFFSET 15.1628 1.7778 -22.3540
SCALE 1 1 1
X 0.8722 -0.4891 -0.0118
Y 0.2620 0.4466 0.8555
Z -0.4131 -0.7493 0.5176

PART 71
OFFSET 13.2802 0.1602 -18.3637
SCALE 1 1 1
X 0.6705 0.3741 -0.6407
Y -0.4803 0.8770 0.0095
Z 0.5655 0.3014 0.7677

PART 72
OFFSET 10.6474 -1.9620 -19.5560
SCALE 1 1 1
X 0.6866 -0.6068 0.4005
Y 0.6948 0.3853 -0.6073
Z 0.2142 0.6952 0.6861

PART 73
OFFSET 14.5897 -1.1976 -17.3601
SCALE 1 1 1
X 0.6819 0.3802 -0.6249
Y -0.4803 0.8770 0.0095
Z 0.5517 0.2937 0.7807

PART 74
OFFSET 32.8139 11.0391 -35.0417
SCALE 1 1 1
X 0.6705 0.3741 -0.6407
Y -0.4803 0.8770 0.0095
Z 0.5655 0.3014 0.7677

PART 75
OFFSET 11.7943 -0.7239 -16.6553
SCALE 1 1 1
X 0.7011 0.3173 -0.6386
Y -0.4257 0.9047 -0.0180
Z 0.5720 0.2845 0.7694

PART 76
OFFSET 12.0839 -0.5549 -16.7951
SCALE 1 1 1
X 0.6705 0.3741 -0.6407
Y -0.4803 0.8770 0.0095
Z 0.5655 0.3014 0.7677

PART 77
OFFSET 10.1046 -1.6226 -13.0953
SCALE 1 1 1
X 0.6705 0.3741 -0.6407
Y -0.4803 0.8770 0.0095
Z 0.5655 0.3014 0.7677

PART 78
OFFSET 29.2828 9.0859 -33.2606
SCALE 1 1 1
X 0.6819 0.3802 -0.6249
Y -0.4803 0.8770 0.0095
Z 0.5517 0.2937 0.7807

PART 79
OFFSET 38.8946 14.4298 -40.6199
SCALE 1 1 1
X 0.6819 0.3802 -0.6249
Y -0.4803 0.8770 0.0095
Z 0.5517 0.2937 0.7807

PART 80
OFFSET 39.1197 14.5555 -40.8441
SCALE 1 1 1
X 0.6819 0.3802 -0.6249
Y -0.4803 0.8770 0.0095
Z 0.5517 0.2937 0.7807

PART 81
OFFSET 10.3224 0.0091 -15.0256
SCALE 1 1 1
X 0.6705 0.3741 -0.6407
Y -0.4803 0.8770 0.0095
Z 0.5655 0.3014 0.7677

PART 82
OFFSET 17.7239 2.1587 -21.3212
SCALE 1 1 1
X 0.6705 0.3741 -0.6407
Y -0.4803 0.8770 0.0095
Z 0.5655 0.3014 0.7677


FRAME 841
PART 0
OFFSET 6.3010 -3.7342 -10.9083
SCALE 1 1 1
X -0.1138 -0.8572 0.5023
Y -0.3039 -0.4513 -0.8390
Z 0.9459 -0.2482 -0.2091

PART 1
OFFSET 6.3607 -2.3495 -11.7458
SCALE 1 1 1
X 0.2086 -0.4911 0.8458
Y -0.2973 -0.8557 -0.4235
Z 0.9317 -0.1631 -0.3246

PART 2
OFFSET 6.0975 -1.7965 -12.6384
SCALE 1 1 1
X -0.5057 -0.4341 0.7455
Y -0.7392 0.6636 -0.1151
Z -0.4447 -0.6093 -0.6565

PART 3
OFFSET 4.8163 -6.3772 -12.1509
SCALE 1 1 1
X 0.1301 -0.3059 0.9431
Y 0.5544 -0.7662 -0.3250
Z 0.8220 0.5652 0.0699

PART 4
OFFSET 4.5757 -5.5136 -14.2200
SCALE 1 1 1
X 0.5501 -0.7944 0.2578
Y -0.0907 -0.3636 -0.9271
Z 0.8302 0.4866 -0.2721

PART 5
OFFSET 3.7970 -4.3890 -14.5849
SCALE 1 1 1
X 0.1784 -0.6972 -0.6943
Y -0.4803 0.5542 -0.6799
Z 0.8588 0.4547 -0.2360

PART 6
OFFSET 3.6389 -3.7708 -13.9693
SCALE 1 1 1
X -0.0508 -0.4172 -0.9074
Y -0.5655 0.7609 -0.3182
Z 0.8232 0.4969 -0.2746

PART 7
OFFSET 3.6871 -3.3745 -13.1072
SCALE 1 1 1
X 0.2748 -0.2304 0.9335
Y -0.2902 0.9057 0.3090
Z -0.9167 -0.3558 0.1820

PART 8
OFFSET 5.4819 -6.1965 -11.9667
SCALE 1 1 1
X -0.1423 -0.4156 0.8983
Y 0.5505 -0.7875 -0.2771
Z 0.8226 0.4551 0.3409

PART 9
OFFSET 5.7413 -5.2028 -14.3550
SCALE 1 1 1
X 0.4884 -0.8714 0.0457
Y -0.0962 -0.1058 -0.9897
Z 0.8673 0.4789 -0.1355

PART 10
OFFSET 4.9099 -3.7192 -14.4329
SCALE 1 1 1
X 0.1164 -0.4664 -0.8769
Y -0.4590 0.7577 -0.4639
Z 0.8808 0.4565 -0.1259

PART 11
OFFSET 4.7486 -3.0728 -13.2176
SCALE 1 1 1
X -0.2291 0.1892 -0.9549
Y -0.4156 0.8680 0.2717
Z 0.8802 0.4591 -0.1202

PART 12
OFFSET 4.9970 -3.2779 -12.1820
SCALE 1 1 1
X 0.4684 -0.6283 0.6212
Y -0.2466 0.5822 0.7747
Z -0.8484 -0.5161 0.1177

PART 13
OFFSET 4.6560 -9.0561 -7.4502
SCALE 1 1 1
X -0.0861 -0.6614 0.7451
Y -0.6328 0.6140 0.4718
Z -0.7695 -0.4308 -0.4714

PART 14
OFFSET 7.7167 -4.7661 -13.5496
SCALE 1 1 1
X -0.3379 -0.4287 0.8379
Y 0.5505 -0.8121 -0.1935
Z 0.7634 0.3959 0.5104

PART 15
OFFSET 8.3116 -4.0113 -15.0248
SCALE 1 1 1
X -0.0038 -0.7576 0.6527
Y 0.6790 -0.4811 -0.5545
Z 0.7341 0.4411 0.5162

PART 16
OFFSET 8.3608 -3.0635 -15.7870
SCALE 1 1 1
X 0.3464 -0.9236 0.1642
Y 0.5692 0.0678 -0.8194
Z 0.7457 0.3773 0.5492

PART 17
OFFSET 7.9696 -2.0203 -15.9725
SCALE 1 1 1
X -0.4168 0.3456 0.8407
Y -0.2568 0.8424 -0.4737
Z -0.8719 -0.4133 -0.2624

PART 18
OFFSET 6.7556 -4.9693 -14.0550
SCALE 1 1 1
X 0.0968 -0.8874 0.4508
Y 0.6007 -0.3090 -0.7374
Z 0.7936 0.3422 0.5031

PART 19
OFFSET 6.5665 -3.2358 -14.9356
SCALE 1 1 1
X 0.6005 -0.4694 -0.6474
Y -0.0188 0.8011 -0.5982
Z 0.7994 0.3714 0.4722

PART 20
OFFSET 5.6893 -2.5502 -13.9900
SCALE 1 1 1
X 0.5013 0.0097 -0.8652
Y -0.3723 0.9050 -0.2056
Z 0.7811 0.4252 0.4573

PART 21
OFFSET 5.1158 -2.5636 -13.0135
SCALE 1 1 1
X -0.1965 -0.6127 0.7655
Y -0.5477 0.7162 0.4326
Z -0.8133 -0.3343 -0.4763

PART 22
OFFSET 0.0000 0.0000 0.0000
SCALE 1 1 1
X 1.0000 0.0000 0.0000
Y 0.0000 1.0000 0.0000
Z 0.0000 0.0000 1.0000

PART 23
OFFSET 0.0000 0.0000 0.0000
SCALE 1 1 1
X 1.0000 0.0000 0.0000
Y 0.0000 1.0000 0.0000
Z 0.0000 0.0000 1.0000

PART 24
OFFSET 1.5404 0.0000 4.1357
SCALE 1 1 1
X 1.0000 0.0000 0.0000
Y 0.0000 1.0000 0.0000
Z 0.0000 0.0000 1.0000

PART 25
OFFSET 5.4819 -6.1965 -11.9667
SCALE 1 1 1
X -0.1423 -0.4156 0.8983
Y 0.5505 -0.7875 -0.2771
Z 0.8226 0.4551 0.3409

PART 26
OFFSET 5.4819 -6.1965 -11.9667
SCALE 1 1 1
X -0.1423 -0.4156 0.8983
Y 0.5505 -0.7875 -0.2771
Z 0.8226 0.4551 0.3409

PART 27
OFFSET 6.2061 -3.1050 -3.3894
SCALE 1 1 1
X 1.0000 0.0000 0.0000
Y 0.0000 1.0000 0.0000
Z 0.0000 -0.0000 1.0000

PART 28
OFFSET 1.6245 4.2672 -6.2573
SCALE 1 1 1
X 0.7796 0.3598 -0.5125
Y -0.5777 0.0971 -0.8105
Z -0.2418 0.9280 0.2836

PART 29
OFFSET 11.0533 8.6189 -12.4559
SCALE 1 1 1
X 0.2676 -0.5122 -0.8161
Y -0.7373 -0.6541 0.1687
Z -0.6202 0.5566 -0.5527

PART 30
OFFSET 13.3297 4.2624 -19.3973
SCALE 1 1 1
X 0.2676 -0.5122 -0.8161
Y 0.1514 0.8588 -0.4894
Z 0.9515 0.0074 0.3074

PART 31
OFFSET 15.1397 3.1756 -19.8686
SCALE 1 1 1
X 0.2737 -0.5098 -0.8156
Y 0.6300 -0.5457 0.5526
Z -0.7267 -0.6651 0.1718

PART 32
OFFSET 13.9253 5.5907 -21.3337
SCALE 1 1 1
X 0.2737 -0.5098 -0.8156
Y 0.6300 -0.5457 0.5526
Z -0.7267 -0.6651 0.1718

PART 33
OFFSET 13.8311 2.2467 -19.7574
SCALE 1 1 1
X 0.2737 -0.5098 -0.8156
Y 0.6300 -0.5457 0.5526
Z -0.7267 -0.6651 0.1718

PART 34
OFFSET 12.3589 2.9369 -21.1145
SCALE 1 1 1
X 0.2737 -0.5098 -0.8156
Y 0.6300 -0.5457 0.5526
Z -0.7267 -0.6651 0.1718

PART 35
OFFSET 11.1098 3.7596 -21.6087
SCALE 1 1 1
X 0.2737 -0.5098 -0.8156
Y 0.6300 -0.5457 0.5526
Z -0.7267 -0.6651 0.1718

PART 36
OFFSET 14.1502 2.6922 -21.8992
SCALE 1 1 1
X 0.9559 -0.2400 -0.1693
Y 0.1185 0.8426 -0.5253
Z 0.2687 0.4821 0.8339

PART 37
OFFSET 14.8049 3.5954 -22.1399
SCALE 1 1 1
X 0.8802 0.3688 0.2989
Y -0.2513 0.8961 -0.3658
Z -0.4027 0.2469 0.8814

PART 38
OFFSET 16.6567 4.4943 -21.4824
SCALE 1 1 1
X 0.9687 0.1190 0.2181
Y -0.1017 0.9908 -0.0888
Z -0.2266 0.0638 0.9719

PART 39
OFFSET 18.2012 4.6344 -21.0162
SCALE 1 1 1
X 0.8367 -0.4049 0.3688
Y 0.4163 0.9077 0.0521
Z -0.3559 0.1100 0.9280

PART 40
OFFSET 19.0968 4.2170 -20.5740
SCALE 1 1 1
X 0.9320 -0.1824 -0.3131
Y -0.3374 -0.1214 -0.9335
Z 0.1323 0.9757 -0.1747

PART 41
OFFSET 14.8865 1.6844 -21.3114
SCALE 1 1 1
X 0.7277 -0.6571 0.1969
Y 0.1989 0.4768 0.8562
Z -0.6565 -0.5839 0.4776

PART 42
OFFSET 16.6415 0.3515 -20.8335
SCALE 1 1 1
X 0.3702 0.4127 0.8323
Y -0.7998 0.5973 0.0596
Z -0.4725 -0.6877 0.5512

PART 43
OFFSET 17.1656 0.9358 -19.6552
SCALE 1 1 1
X -0.0272 0.6651 0.7462
Y -0.9007 0.3075 -0.3069
Z -0.4335 -0.6805 0.5908

PART 44
OFFSET 17.1415 1.5255 -18.9936
SCALE 1 1 1
X -0.3233 0.7394 0.5906
Y -0.8081 0.1091 -0.5788
Z -0.4924 -0.6644 0.5622

PART 45
OFFSET 16.8344 2.2280 -18.4325
SCALE 1 1 1
X 0.8257 -0.5379 -0.1697
Y -0.4643 -0.4774 -0.7460
Z 0.3203 0.6948 -0.6439

PART 46
OFFSET 15.1380 2.1242 -21.8142
SCALE 1 1 1
X 0.8749 -0.4842 0.0053
Y 0.2436 0.4495 0.8594
Z -0.4185 -0.7507 0.5112

PART 47
OFFSET 17.3412 0.7460 -21.7435
SCALE 1 1 1
X 0.4272 0.3773 0.8217
Y -0.7957 0.5884 0.1435
Z -0.4294 -0.7151 0.5516

PART 48
OFFSET 18.0685 1.3884 -20.3446
SCALE 1 1 1
X -0.0655 0.6489 0.7581
Y -0.9092 0.2742 -0.3133
Z -0.4112 -0.7098 0.5720

PART 49
OFFSET 17.9777 2.2877 -19.2940
SCALE 1 1 1
X -0.5923 0.6817 0.4294
Y -0.6934 -0.1598 -0.7026
Z -0.4104 -0.7139 0.5674

PART 50
OFFSET 17.3354 3.0271 -18.8282
SCALE 1 1 1
X 0.8612 -0.5024 0.0774
Y -0.2103 -0.4909 -0.8455
Z 0.4627 0.7118 -0.5284

PART 51
OFFSET 17.4292 3.5487 -22.8082
SCALE 1 1 1
X 0.9512 -0.2547 0.1742
Y 0.0255 -0.4977 -0.8670
Z 0.3075 0.8291 -0.4669

PART 52
OFFSET 17.8645 2.2135 -23.2649
SCALE 1 1 1
X 0.8511 0.2437 0.4650
Y -0.5224 0.4803 0.7045
Z -0.0516 -0.8426 0.5361

PART 53
OFFSET 19.3630 2.6425 -22.4462
SCALE 1 1 1
X 0.3758 0.4501 0.8101
Y -0.9263 0.2082 0.3141
Z -0.0273 -0.8684 0.4951

PART 54
OFFSET 19.8215 3.2425 -21.4915
SCALE 1 1 1
X -0.0790 0.5564 0.8272
Y -0.9967 -0.0277 -0.0766
Z -0.0197 -0.8305 0.5567

PART 55
OFFSET 19.7322 3.8709 -20.5572
SCALE 1 1 1
X 0.9199 -0.3897 -0.0435
Y -0.2207 -0.4229 -0.8789
Z 0.3241 0.8181 -0.4750

PART 56
OFFSET 17.6822 1.4115 -22.5273
SCALE 1 1 1
X 0.6246 0.3253 0.7099
Y -0.7635 0.4451 0.4678
Z -0.1638 -0.8343 0.5264

PART 57
OFFSET 18.9024 2.0470 -21.1405
SCALE 1 1 1
X -0.1560 0.5375 0.8287
Y -0.9670 0.0879 -0.2390
Z -0.2013 -0.8386 0.5061

PART 58
OFFSET 18.6746 2.8322 -19.9301
SCALE 1 1 1
X -0.7323 0.4816 0.4814
Y -0.6344 -0.2256 -0.7394
Z -0.2475 -0.8469 0.4707

PART 59
OFFSET 17.8439 3.3718 -19.3810
SCALE 1 1 1
X 0.9825 -0.1711 0.0731
Y -0.0325 -0.5444 -0.8382
Z 0.1832 0.8212 -0.5405

PART 60
OFFSET 13.1906 0.5031 -17.8566
SCALE 1 1 1
X 0.6802 0.3767 -0.6288
Y -0.4853 0.8744 -0.0010
Z 0.5495 0.3058 0.7775

PART 61
OFFSET -2.1097 -3.5648 -2.9073
SCALE 1 1 1
X 0.2682 0.6008 0.7531
Y -0.2565 -0.7090 0.6569
Z 0.9286 -0.3693 -0.0361

PART 62
OFFSET -5.3533 -10.8305 -12.0150
SCALE 1 1 1
X -0.9292 -0.3578 -0.0929
Y 0.2698 -0.4846 -0.8321
Z 0.2527 -0.7982 0.5468

PART 63
OFFSET 2.5497 -7.7874 -11.2247
SCALE 1 1 1
X -0.9292 -0.3578 -0.0929
Y -0.0213 0.3028 -0.9528
Z 0.3690 -0.8834 -0.2890

PART 64
OFFSET 3.3732 -5.8473 -11.4565
SCALE 1 1 1
X -0.9315 -0.3527 -0.0895
Y -0.2539 0.8061 -0.5345
Z 0.2606 -0.4752 -0.8404

PART 65
OFFSET 3.7146 -5.9756 -10.2595
SCALE 1 1 1
X -0.9315 -0.3527 -0.0895
Y -0.2539 0.8061 -0.5345
Z 0.2606 -0.4752 -0.8404

PART 66
OFFSET 4.3072 -7.4617 -9.4128
SCALE 1 1 1
X -0.9315 -0.3527 -0.0895
Y -0.2539 0.8061 -0.5345
Z 0.2606 -0.4752 -0.8404

PART 67
OFFSET 5.3982 -6.6905 -10.9398
SCALE 1 1 1
X -0.3989 -0.5189 0.7561
Y -0.7624 -0.2705 -0.5878
Z 0.5095 -0.8109 -0.2878

PART 68
OFFSET 6.1042 -5.8632 -10.5946
SCALE 1 1 1
X -0.0914 -0.9761 0.1973
Y -0.4811 -0.1302 -0.8670
Z 0.8719 -0.1742 -0.4576

PART 69
OFFSET 15.1380 2.1242 -21.8142
SCALE 1 1 1
X 0.8749 -0.4842 0.0053
Y 0.2436 0.4495 0.8594
Z -0.4185 -0.7507 0.5112

PART 70
OFFSET 15.1380 2.1242 -21.8142
SCALE 1 1 1
X 0.8749 -0.4842 0.0053
Y 0.2436 0.4495 0.8594
Z -0.4185 -0.7507 0.5112

PART 71
OFFSET 13.1906 0.5031 -17.8566
SCALE 1 1 1
X 0.6802 0.3767 -0.6288
Y -0.4853 0.8744 -0.0010
Z 0.5495 0.3058 0.7775

PART 72
OFFSET 10.5922 -1.6358 -19.0936
SCALE 1 1 1
X 0.6823 -0.6023 0.4143
Y 0.7038 0.3881 -0.5950
Z 0.1976 0.6976 0.6887

PART 73
OFFSET 14.4887 -0.8458 -16.8263
SCALE 1 1 1
X 0.6912 0.3829 -0.6128
Y -0.4853 0.8744 -0.0010
Z 0.5355 0.2981 0.7902

PART 74
OFFSET 32.9701 11.4614 -34.1892
SCALE 1 1 1
X 0.6802 0.3767 -0.6288
Y -0.4853 0.8744 -0.0010
Z 0.5495 0.3058 0.7775

PART 75
OFFSET 11.6796 -0.3856 -16.1744
SCALE 1 1 1
X 0.7112 0.3201 -0.6259
Y -0.4302 0.9023 -0.0274
Z 0.5560 0.2888 0.7794

PART 76
OFFSET 11.9694 -0.2160 -16.3091
SCALE 1 1 1
X 0.6802 0.3767 -0.6288
Y -0.4853 0.8744 -0.0010
Z 0.5495 0.3058 0.7775

PART 77
OFFSET 9.9277 -1.2883 -12.6448
SCALE 1 1 1
X 0.6802 0.3767 -0.6288
Y -0.4853 0.8744 -0.0010
Z 0.5495 0.3058 0.7775

PART 78
OFFSET 29.4174 9.4917 -32.4704
SCALE 1 1 1
X 0.6912 0.3829 -0.6128
Y -0.4853 0.8744 -0.0010
Z 0.5355 0.2981 0.7902

PART 79
OFFSET 39.1345 14.8762 -39.6599
SCALE 1 1 1
X 0.6912 0.3829 -0.6128
Y -0.4853 0.8744 -0.0010
Z 0.5355 0.2981 0.7902

PART 80
OFFSET 39.3630 15.0028 -39.8800
SCALE 1 1 1
X 0.6912 0.3829 -0.6128
Y -0.4853 0.8744 -0.0010
Z 0.5355 0.2981 0.7902

PART 81
OFFSET 10.1723 0.3412 -14.5736
SCALE 1 1 1
X 0.6802 0.3767 -0.6288
Y -0.4853 0.8744 -0.0010
Z 0.5495 0.3058 0.7775

PART 82
OFFSET 17.6773 2.5210 -20.7348
SCALE 1 1 1
X 0.6802 0.3767 -0.6288
Y -0.4853 0.8744 -0.0010
Z 0.5495 0.3058 0.7775


FRAME 842
PART 0
OFFSET 5.7785 -2.9459 -9.9620
SCALE 1 1 1
X -0.1276 -0.8570 0.4992
Y -0.2561 -0.4578 -0.8514
Z 0.9582 -0.2365 -0.1610

PART 1
OFFSET 5.8619 -1.5632 -10.8007
SCALE 1 1 1
X 0.1727 -0.4857 0.8569
Y -0.2649 -0.8608 -0.4345
Z 0.9487 -0.1520 -0.2773

PART 2
OFFSET 5.6363 -1.0164 -11.7072
SCALE 1 1 1
X -0.5365 -0.4383 0.7211
Y -0.7411 0.6535 -0.1541
Z -0.4037 -0.6171 -0.6754

PART 3
OFFSET 4.3915 -5.6119 -11.2669
SCALE 1 1 1
X 0.0870 -0.3012 0.9496
Y 0.5797 -0.7599 -0.2942
Z 0.8102 0.5760 0.1085

PART 4
OFFSET 4.2428 -4.7579 -13.3485
SCALE 1 1 1
X 0.5468 -0.7863 0.2877
Y -0.0399 -0.3676 -0.9291
Z 0.8363 0.4965 -0.2324

PART 5
OFFSET 3.4688 -3.6447 -13.7558
SCALE 1 1 1
X 0.2216 -0.6970 -0.6820
Y -0.4530 0.5458 -0.7049
Z 0.8635 0.4651 -0.1948

PART 6
OFFSET 3.2723 -3.0267 -13.1511
SCALE 1 1 1
X -0.0003 -0.4206 -0.9072
Y -0.5587 0.7525 -0.3487
Z 0.8294 0.5068 -0.2352

PART 7
OFFSET 3.2726 -2.6271 -12.2892
SCALE 1 1 1
X 0.2310 -0.2240 0.9468
Y -0.3168 0.9028 0.2909
Z -0.9199 -0.3671 0.1376

PART 8
OFFSET 5.0447 -5.4220 -11.0506
SCALE 1 1 1
X -0.1814 -0.4147 0.8917
Y 0.5737 -0.7811 -0.2465
Z 0.7987 0.4668 0.3796

PART 9
OFFSET 5.4096 -4.4324 -13.4267
SCALE 1 1 1
X 0.4967 -0.8649 0.0732
Y -0.0456 -0.1101 -0.9929
Z 0.8668 0.4898 -0.0941

PART 10
OFFSET 4.5640 -2.9599 -13.5512
SCALE 1 1 1
X 0.1658 -0.4675 -0.8683
Y -0.4451 0.7502 -0.4889
Z 0.8800 0.4675 -0.0838

PART 11
OFFSET 4.3343 -2.3120 -12.3479
SCALE 1 1 1
X -0.1838 0.1832 -0.9657
Y -0.4397 0.8634 0.2475
Z 0.8791 0.4701 -0.0781

PART 12
OFFSET 4.5336 -2.5107 -11.3005
SCALE 1 1 1
X 0.4450 -0.6202 0.6460
Y -0.2923 0.5813 0.7594
Z -0.8465 -0.5267 0.0774

PART 13
OFFSET 4.0325 -8.2781 -6.5700
SCALE 1 1 1
X -0.1145 -0.6602 0.7423
Y -0.6633 0.6071 0.4376
Z -0.7396 -0.4423 -0.5074

PART 14
OFFSET 7.3368 -3.9674 -12.5259
SCALE 1 1 1
X -0.3735 -0.4305 0.8217
Y 0.5698 -0.8055 -0.1630
Z 0.7320 0.4073 0.5461

PART 15
OFFSET 7.9944 -3.2095 -13.9727
SCALE 1 1 1
X -0.0265 -0.7556 0.6545
Y 0.7118 -0.4740 -0.5183
Z 0.7019 0.4522 0.5504

PART 16
OFFSET 8.0692 -2.2635 -14.7350
SCALE 1 1 1
X 0.3497 -0.9185 0.1847
Y 0.6083 0.0727 -0.7904
Z 0.7126 0.3887 0.5841

PART 17
OFFSET 7.6743 -1.2261 -14.9435
SCALE 1 1 1
X -0.4625 0.3427 0.8177
Y -0.2438 0.8376 -0.4889
Z -0.8525 -0.4255 -0.3038

PART 18
OFFSET 6.4047 -4.1848 -13.0777
SCALE 1 1 1
X 0.0858 -0.8846 0.4583
Y 0.6405 -0.3034 -0.7055
Z 0.7632 0.3540 0.5406

PART 19
OFFSET 6.2372 -2.4566 -13.9730
SCALE 1 1 1
X 0.6379 -0.4635 -0.6150
Y 0.0006 0.7989 -0.6014
Z 0.7701 0.3833 0.5099

PART 20
OFFSET 5.3054 -1.7796 -13.0747
SCALE 1 1 1
X 0.5434 0.0135 -0.8393
Y -0.3733 0.8995 -0.2272
Z 0.7519 0.4368 0.4939

PART 21
OFFSET 4.6844 -1.7974 -12.1277
SCALE 1 1 1
X -0.2263 -0.6128 0.7571
Y -0.5777 0.7103 0.4022
Z -0.7843 -0.3463 -0.5148

PART 22
OFFSET 0.0000 0.0000 0.0000
SCALE 1 1 1
X 1.0000 0.0000 0.0000
Y 0.0000 1.0000 0.0000
Z 0.0000 0.0000 1.0000

PART 23
OFFSET 0.0000 0.0000 0.0000
SCALE 1 1 1
X 1.0000 0.0000 0.0000
Y 0.0000 1.0000 0.0000
Z 0.0000 0.0000 1.0000

PART 24
OFFSET 1.5404 0.0000 4.1357
SCALE 1 1 1
X 1.0000 0.0000 0.0000
Y 0.0000 1.0000 0.0000
Z 0.0000 0.0000 1.0000

PART 25
OFFSET 5.0447 -5.4220 -11.0506
SCALE 1 1 1
X -0.1814 -0.4147 0.8917
Y 0.5737 -0.7811 -0.2465
Z 0.7987 0.4668 0.3796

PART 26
OFFSET 5.0447 -5.4220 -11.0506
SCALE 1 1 1
X -0.1814 -0.4147 0.8917
Y 0.5737 -0.7811 -0.2465
Z 0.7987 0.4668 0.3796

PART 27
OFFSET 6.2061 -3.1050 -3.3894
SCALE 1 1 1
X 1.0000 0.0000 0.0000
Y 0.0000 1.0000 0.0000
Z 0.0000 -0.0000 1.0000

PART 28
OFFSET 1.6245 4.2672 -6.2573
SCALE 1 1 1
X 0.7239 0.5026 -0.4725
Y -0.5255 -0.0419 -0.8497
Z -0.4469 0.8635 0.2338

PART 29
OFFSET 10.3797 10.3458 -11.9721
SCALE 1 1 1
X 0.3198 -0.5875 -0.7434
Y -0.6598 -0.7011 0.2702
Z -0.6799 0.4041 -0.6119

PART 30
OFFSET 13.0999 5.3492 -18.2949
SCALE 1 1 1
X 0.3198 -0.5875 -0.7434
Y 0.3518 0.8021 -0.4825
Z 0.8798 -0.1072 0.4632

PART 31
OFFSET 15.0174 4.4119 -18.6471
SCALE 1 1 1
X 0.3256 -0.5844 -0.7433
Y 0.6884 -0.3923 0.6100
Z -0.6481 -0.7103 0.2746

PART 32
OFFSET 13.5381 6.4550 -20.4053
SCALE 1 1 1
X 0.3256 -0.5844 -0.7433
Y 0.6884 -0.3923 0.6100
Z -0.6481 -0.7103 0.2746

PART 33
OFFSET 13.8200 3.3699 -18.3857
SCALE 1 1 1
X 0.3256 -0.5844 -0.7433
Y 0.6884 -0.3923 0.6100
Z -0.6481 -0.7103 0.2746

PART 34
OFFSET 12.2758 3.7019 -19.7966
SCALE 1 1 1
X 0.3256 -0.5844 -0.7433
Y 0.6884 -0.3923 0.6100
Z -0.6481 -0.7103 0.2746

PART 35
OFFSET 10.9416 4.3073 -20.3750
SCALE 1 1 1
X 0.3256 -0.5844 -0.7433
Y 0.6884 -0.3923 0.6100
Z -0.6481 -0.7103 0.2746

PART 36
OFFSET 14.0804 3.5483 -20.5738
SCALE 1 1 1
X 0.9661 -0.2280 -0.1208
Y 0.1336 0.8425 -0.5219
Z 0.2207 0.4881 0.8444

PART 37
OFFSET 14.7345 4.4591 -20.7851
SCALE 1 1 1
X 0.8594 0.3811 0.3408
Y -0.2443 0.8917 -0.3811
Z -0.4491 0.2443 0.8594

PART 38
OFFSET 16.5397 5.3842 -20.0400
SCALE 1 1 1
X 0.9550 0.1322 0.2654
Y -0.1099 0.9892 -0.0974
Z -0.2754 0.0638 0.9592

PART 39
OFFSET 18.0572 5.5458 -19.4983
SCALE 1 1 1
X 0.8225 -0.3928 0.4114
Y 0.4015 0.9132 0.0693
Z -0.4029 0.1082 0.9088

PART 40
OFFSET 18.9350 5.1415 -19.0106
SCALE 1 1 1
X 0.9487 -0.1713 -0.2658
Y -0.2891 -0.1286 -0.9486
Z 0.1283 0.9768 -0.1715

PART 41
OFFSET 14.7995 2.5519 -19.9465
SCALE 1 1 1
X 0.7254 -0.6469 0.2352
Y 0.1500 0.4820 0.8632
Z -0.6718 -0.5909 0.4466

PART 42
OFFSET 16.5456 1.2436 -19.3772
SCALE 1 1 1
X 0.3231 0.4200 0.8481
Y -0.8094 0.5870 0.0176
Z -0.4904 -0.6921 0.5296

PART 43
OFFSET 17.0030 1.8382 -18.1765
SCALE 1 1 1
X -0.0727 0.6670 0.7415
Y -0.8883 0.2948 -0.3523
Z -0.4536 -0.6842 0.5711

PART 44
OFFSET 16.9385 2.4297 -17.5191
SCALE 1 1 1
X -0.3617 0.7369 0.5711
Y -0.7797 0.0968 -0.6186
Z -0.5111 -0.6690 0.5396

PART 45
OFFSET 16.5949 3.1297 -16.9765
SCALE 1 1 1
X 0.8400 -0.5276 -0.1265
Y -0.4205 -0.4857 -0.7663
Z 0.3429 0.6969 -0.6299

PART 46
OFFSET 15.0700 2.9935 -20.4378
SCALE 1 1 1
X 0.8797 -0.4728 0.0505
Y 0.1948 0.4553 0.8688
Z -0.4337 -0.7545 0.4926

PART 47
OFFSET 17.2845 1.6443 -20.2528
SCALE 1 1 1
X 0.3810 0.3854 0.8404
Y -0.8093 0.5785 0.1016
Z -0.4470 -0.7189 0.5323

PART 48
OFFSET 17.9331 2.3004 -18.8220
SCALE 1 1 1
X -0.1114 0.6503 0.7515
Y -0.8960 0.2614 -0.3590
Z -0.4299 -0.7133 0.5535

PART 49
OFFSET 17.7787 3.2017 -17.7805
SCALE 1 1 1
X -0.6216 0.6753 0.3970
Y -0.6555 -0.1710 -0.7355
Z -0.4288 -0.7175 0.5490

PART 50
OFFSET 17.1046 3.9341 -17.3499
SCALE 1 1 1
X 0.8627 -0.4909 0.1219
Y -0.1618 -0.4962 -0.8530
Z 0.4792 0.7162 -0.5074

PART 51
OFFSET 17.3891 4.4446 -21.3222
SCALE 1 1 1
X 0.9446 -0.2417 0.2221
Y 0.0749 -0.5000 -0.8628
Z 0.3196 0.8316 -0.4542

PART 52
OFFSET 17.8637 3.1138 -21.7518
SCALE 1 1 1
X 0.8238 0.2562 0.5057
Y -0.5629 0.4756 0.6760
Z -0.0674 -0.8415 0.5360

PART 53
OFFSET 19.3141 3.5649 -20.8614
SCALE 1 1 1
X 0.3293 0.4575 0.8260
Y -0.9434 0.1970 0.2669
Z -0.0406 -0.8671 0.4964

PART 54
OFFSET 19.7169 4.1737 -19.8874
SCALE 1 1 1
X -0.1272 0.5579 0.8201
Y -0.9912 -0.0409 -0.1259
Z -0.0367 -0.8289 0.5581

PART 55
OFFSET 19.5732 4.8038 -18.9610
SCALE 1 1 1
X 0.9259 -0.3778 0.0036
Y -0.1714 -0.4284 -0.8872
Z 0.3368 0.8208 -0.4614

PART 56
OFFSET 17.6554 2.3117 -21.0212
SCALE 1 1 1
X 0.5844 0.3356 0.7388
Y -0.7915 0.4366 0.4277
Z -0.1790 -0.8347 0.5208

PART 57
OFFSET 18.7970 2.9674 -19.5779
SCALE 1 1 1
X -0.2038 0.5380 0.8179
Y -0.9550 0.0746 -0.2870
Z -0.2154 -0.8396 0.4986

PART 58
OFFSET 18.4993 3.7532 -18.3832
SCALE 1 1 1
X -0.7615 0.4735 0.4427
Y -0.5939 -0.2361 -0.7691
Z -0.2597 -0.8486 0.4610

PART 59
OFFSET 17.6354 4.2837 -17.8781
SCALE 1 1 1
X 0.9798 -0.1581 0.1223
Y 0.0162 -0.5474 -0.8367
Z 0.1992 0.8218 -0.5338

PART 60
OFFSET 12.9495 1.3593 -16.5757
SCALE 1 1 1
X 0.7056 0.3836 -0.5957
Y -0.4958 0.8680 -0.0283
Z 0.5062 0.3154 0.8027

PART 61
OFFSET -2.1097 -3.5648 -2.9073
SCALE 1 1 1
X 0.2753 0.5836 0.7640
Y -0.2471 -0.7250 0.6428
Z 0.9291 -0.3658 -0.0554

PART 62
OFFSET -5.4386 -10.6223 -12.1470
SCALE 1 1 1
X -0.8949 -0.4069 -0.1832
Y 0.3620 -0.4219 -0.8313
Z 0.2610 -0.8102 0.5248

PART 63
OFFSET 2.1730 -7.1614 -10.5889
SCALE 1 1 1
X -0.8949 -0.4069 -0.1832
Y 0.0509 0.3147 -0.9478
Z 0.4433 -0.8575 -0.2610

PART 64
OFFSET 2.8886 -5.1816 -10.6334
SCALE 1 1 1
X -0.8978 -0.4022 -0.1797
Y -0.2636 0.8173 -0.5123
Z 0.3529 -0.4126 -0.8398

PART 65
OFFSET 3.1407 -5.3415 -9.4212
SCALE 1 1 1
X -0.8978 -0.4022 -0.1797
Y -0.2636 0.8173 -0.5123
Z 0.3529 -0.4126 -0.8398

PART 66
OFFSET 3.7471 -6.7938 -8.6237
SCALE 1 1 1
X -0.8978 -0.4022 -0.1797
Y -0.2636 0.8173 -0.5123
Z 0.3529 -0.4126 -0.8398

PART 67
OFFSET 4.9165 -5.9139 -10.0273
SCALE 1 1 1
X -0.4292 -0.5217 0.7373
Y -0.7288 -0.2822 -0.6239
Z 0.5335 -0.8051 -0.2591

PART 68
OFFSET 5.5938 -5.0763 -9.6505
SCALE 1 1 1
X -0.0885 -0.9766 0.1962
Y -0.4357 -0.1391 -0.8893
Z 0.8957 -0.1642 -0.4132

PART 69
OFFSET 15.0700 2.9935 -20.4378
SCALE 1 1 1
X 0.8797 -0.4728 0.0505
Y 0.1948 0.4553 0.8688
Z -0.4337 -0.7545 0.4926

PART 70
OFFSET 15.0700 2.9935 -20.4378
SCALE 1 1 1
X 0.8797 -0.4728 0.0505
Y 0.1948 0.4553 0.8688
Z -0.4337 -0.7545 0.4926

PART 71
OFFSET 12.9495 1.3593 -16.5757
SCALE 1 1 1
X 0.7056 0.3836 -0.5957
Y -0.4958 0.8680 -0.0283
Z 0.5062 0.3154 0.8027

PART 72
OFFSET 10.4434 -0.8170 -17.9321
SCALE 1 1 1
X 0.6686 -0.5921 0.4499
Y 0.7275 0.3954 -0.5608
Z 0.1541 0.7022 0.6951

PART 73
OFFSET 14.2121 0.0307 -15.4773
SCALE 1 1 1
X 0.7158 0.3900 -0.5792
Y -0.4958 0.8680 -0.0283
Z 0.4917 0.3075 0.8147

PART 74
OFFSET 33.3729 12.5241 -31.9478
SCALE 1 1 1
X 0.7056 0.3836 -0.5957
Y -0.4958 0.8680 -0.0283
Z 0.5062 0.3154 0.8027

PART 75
OFFSET 11.3698 0.4569 -14.9672
SCALE 1 1 1
X 0.7372 0.3274 -0.5910
Y -0.4398 0.8966 -0.0519
Z 0.5129 0.2982 0.8050

PART 76
OFFSET 11.6623 0.6291 -15.0880
SCALE 1 1 1
X 0.7056 0.3836 -0.5957
Y -0.4958 0.8680 -0.0283
Z 0.5062 0.3154 0.8027

PART 77
OFFSET 9.4551 -0.4584 -11.5255
SCALE 1 1 1
X 0.7056 0.3836 -0.5957
Y -0.4958 0.8680 -0.0283
Z 0.5062 0.3154 0.8027

PART 78
OFFSET 29.7649 10.5136 -30.4000
SCALE 1 1 1
X 0.7158 0.3900 -0.5792
Y -0.4958 0.8680 -0.0283
Z 0.4917 0.3075 0.8147

PART 79
OFFSET 39.7568 16.0020 -37.1186
SCALE 1 1 1
X 0.7158 0.3900 -0.5792
Y -0.4958 0.8680 -0.0283
Z 0.4917 0.3075 0.8147

PART 80
OFFSET 39.9944 16.1309 -37.3277
SCALE 1 1 1
X 0.7158 0.3900 -0.5792
Y -0.4958 0.8680 -0.0283
Z 0.4917 0.3075 0.8147

PART 81
OFFSET 9.7742 1.1683 -13.4459
SCALE 1 1 1
X 0.7056 0.3836 -0.5957
Y -0.4958 0.8680 -0.0283
Z 0.5062 0.3154 0.8027

PART 82
OFFSET 17.5473 3.4267 -19.2353
SCALE 1 1 1
X 0.7056 0.3836 -0.5957
Y -0.4958 0.8680 -0.0283
Z 0.5062 0.3154 0.8027


FRAME 843
PART 0
OFFSET 5.0378 -1.9272 -8.7883
SCALE 1 1 1
X -0.1505 -0.8580 0.4911
Y -0.1876 -0.4630 -0.8663
Z 0.9706 -0.2225 -0.0913

PART 1
OFFSET 5.1609 -0.5448 -9.6227
SCALE 1 1 1
X 0.1179 -0.4816 0.8684
Y -0.2204 -0.8654 -0.4500
Z 0.9683 -0.1384 -0.2082

PART 2
OFFSET 4.9929 -0.0029 -10.5446
SCALE 1 1 1
X -0.5804 -0.4450 0.6820
Y -0.7376 0.6422 -0.2087
Z -0.3452 -0.6242 -0.7009

PART 3
OFFSET 3.7872 -4.6156 -10.1819
SCALE 1 1 1
X 0.0231 -0.2983 0.9542
Y 0.6103 -0.7517 -0.2498
Z 0.7918 0.5882 0.1647

PART 4
OFFSET 3.7757 -3.7675 -12.2712
SCALE 1 1 1
X 0.5362 -0.7776 0.3283
Y 0.0323 -0.3698 -0.9286
Z 0.8435 0.5085 -0.1732

PART 5
OFFSET 3.0167 -2.6665 -12.7360
SCALE 1 1 1
X 0.2801 -0.6948 -0.6624
Y -0.4092 0.5378 -0.7371
Z 0.8684 0.4775 -0.1337

PART 6
OFFSET 2.7683 -2.0505 -12.1487
SCALE 1 1 1
X 0.0709 -0.4221 -0.9038
Y -0.5432 0.7436 -0.3899
Z 0.8366 0.5186 -0.1766

PART 7
OFFSET 2.7009 -1.6495 -11.2901
SCALE 1 1 1
X 0.1658 -0.2189 0.9616
Y -0.3500 0.8985 0.2649
Z -0.9220 -0.3805 0.0723

PART 8
OFFSET 4.4204 -4.4157 -9.9198
SCALE 1 1 1
X -0.2388 -0.4158 0.8775
Y 0.6013 -0.7729 -0.2026
Z 0.7625 0.4793 0.4346

PART 9
OFFSET 4.9402 -3.4249 -12.2664
SCALE 1 1 1
X 0.5027 -0.8573 0.1110
Y 0.0274 -0.1125 -0.9933
Z 0.8640 0.5024 -0.0331

PART 10
OFFSET 4.0843 -1.9653 -12.4553
SCALE 1 1 1
X 0.2344 -0.4665 -0.8529
Y -0.4198 0.7427 -0.5217
Z 0.8768 0.4804 -0.0217

PART 11
OFFSET 3.7593 -1.3187 -11.2733
SCALE 1 1 1
X -0.1167 0.1788 -0.9769
Y -0.4689 0.8572 0.2129
Z 0.8755 0.4830 -0.0162

PART 12
OFFSET 3.8859 -1.5127 -10.2138
SCALE 1 1 1
X 0.4066 -0.6124 0.6780
Y -0.3545 0.5782 0.7349
Z -0.8421 -0.5391 0.0180

PART 13
OFFSET 3.1313 -7.2788 -5.5154
SCALE 1 1 1
X -0.1578 -0.6605 0.7340
Y -0.7018 0.5980 0.3872
Z -0.6947 -0.4540 -0.5579

PART 14
OFFSET 6.7908 -2.9299 -11.2311
SCALE 1 1 1
X -0.4252 -0.4345 0.7940
Y 0.5918 -0.7972 -0.1194
Z 0.6849 0.4191 0.5961

PART 15
OFFSET 7.5394 -2.1648 -12.6290
SCALE 1 1 1
X -0.0623 -0.7547 0.6531
Y 0.7540 -0.4643 -0.4646
Z 0.6539 0.4635 0.5980

PART 16
OFFSET 7.6548 -1.2191 -13.3866
SCALE 1 1 1
X 0.3489 -0.9129 0.2118
Y 0.6623 0.0803 -0.7450
Z 0.6631 0.4002 0.6326

PART 17
OFFSET 7.2607 -0.1880 -13.6258
SCALE 1 1 1
X -0.5249 0.3373 0.7815
Y -0.2203 0.8330 -0.5075
Z -0.8221 -0.4386 -0.3630

PART 18
OFFSET 5.9040 -3.1619 -11.8476
SCALE 1 1 1
X 0.0656 -0.8825 0.4657
Y 0.6938 -0.2951 -0.6569
Z 0.7172 0.3662 0.5929

PART 19
OFFSET 5.7758 -1.4379 -12.7574
SCALE 1 1 1
X 0.6871 -0.4550 -0.5664
Y 0.0321 0.7978 -0.6020
Z 0.7259 0.3955 0.5628

PART 20
OFFSET 4.7722 -0.7733 -11.9301
SCALE 1 1 1
X 0.6020 0.0201 -0.7982
Y -0.3692 0.8935 -0.2559
Z 0.7080 0.4487 0.5453

PART 21
OFFSET 4.0852 -0.7987 -11.0300
SCALE 1 1 1
X -0.2711 -0.6148 0.7406
Y -0.6154 0.7024 0.3578
Z -0.7402 -0.3588 -0.5687

PART 22
OFFSET 0.0000 0.0000 0.0000
SCALE 1 1 1
X 1.0000 0.0000 0.0000
Y 0.0000 1.0000 0.0000
Z 0.0000 0.0000 1.0000

PART 23
OFFSET 0.0000 0.0000 0.0000
SCALE 1 1 1
X 1.0000 0.0000 0.0000
Y 0.0000 1.0000 0.0000
Z 0.0000 0.0000 1.0000

PART 24
OFFSET 1.5404 0.0000 4.1357
SCALE 1 1 1
X 1.0000 0.0000 0.0000
Y 0.0000 1.0000 0.0000
Z 0.0000 0.0000 1.0000

PART 25
OFFSET 4.4204 -4.4157 -9.9198
SCALE 1 1 1
X -0.2388 -0.4158 0.8775
Y 0.6013 -0.7729 -0.2026
Z 0.7625 0.4793 0.4346

PART 26
OFFSET 4.4204 -4.4157 -9.9198
SCALE 1 1 1
X -0.2388 -0.4158 0.8775
Y 0.6013 -0.7729 -0.2026
Z 0.7625 0.4793 0.4346

PART 27
OFFSET 6.2061 -3.1050 -3.3894
SCALE 1 1 1
X 1.0000 0.0000 0.0000
Y 0.0000 1.0000 0.0000
Z 0.0000 -0.0000 1.0000

PART 28
OFFSET 1.6245 4.2672 -6.2573
SCALE 1 1 1
X 0.4962 0.6696 -0.5527
Y -0.3566 -0.4232 -0.8329
Z -0.7916 0.6104 0.0288

PART 29
OFFSET 7.6253 12.3649 -12.9417
SCALE 1 1 1
X 0.5495 -0.6649 -0.5059
Y -0.4399 -0.7450 0.5014
Z -0.7103 -0.0530 -0.7019

PART 30
OFFSET 12.2990 6.7095 -17.2446
SCALE 1 1 1
X 0.5495 -0.6649 -0.5059
Y 0.4977 0.7469 -0.4410
Z 0.6711 -0.0094 0.7413

PART 31
OFFSET 14.6763 6.3706 -16.9776
SCALE 1 1 1
X 0.5541 -0.6603 -0.5070
Y 0.7150 0.0656 0.6960
Z -0.4264 -0.7481 0.5085

PART 32
OFFSET 12.8898 6.9319 -18.8999
SCALE 1 1 1
X 0.5541 -0.6603 -0.5070
Y 0.7150 0.0656 0.6960
Z -0.4264 -0.7481 0.5085

PART 33
OFFSET 13.8180 4.4930 -16.4751
SCALE 1 1 1
X 0.5541 -0.6603 -0.5070
Y 0.7150 0.0656 0.6960
Z -0.4264 -0.7481 0.5085

PART 34
OFFSET 12.5547 4.4344 -17.5733
SCALE 1 1 1
X 0.5541 -0.6603 -0.5070
Y 0.7150 0.0656 0.6960
Z -0.4264 -0.7481 0.5085

PART 35
OFFSET 11.2924 4.7307 -18.5804
SCALE 1 1 1
X 0.5541 -0.6603 -0.5070
Y 0.7150 0.0656 0.6960
Z -0.4264 -0.7481 0.5085

PART 36
OFFSET 13.9836 4.6710 -18.7956
SCALE 1 1 1
X 0.9755 -0.2139 -0.0505
Y 0.1583 0.8434 -0.5134
Z 0.1524 0.4928 0.8567

PART 37
OFFSET 14.6378 5.5911 -18.9619
SCALE 1 1 1
X 0.8271 0.3944 0.4005
Y -0.2294 0.8873 -0.4001
Z -0.5131 0.2391 0.8243

PART 38
OFFSET 16.3711 6.5441 -18.0918
SCALE 1 1 1
X 0.9315 0.1468 0.3328
Y -0.1171 0.9873 -0.1078
Z -0.3444 0.0614 0.9368

PART 39
OFFSET 17.8433 6.7291 -17.4432
SCALE 1 1 1
X 0.7965 -0.3799 0.4704
Y 0.3821 0.9192 0.0954
Z -0.4686 0.1037 0.8773

PART 40
OFFSET 18.6897 6.3387 -16.8928
SCALE 1 1 1
X 0.9677 -0.1576 -0.1967
Y -0.2183 -0.1345 -0.9666
Z 0.1259 0.9783 -0.1646

PART 41
OFFSET 14.6704 3.6865 -18.1155
SCALE 1 1 1
X 0.7160 -0.6357 0.2884
Y 0.0806 0.4856 0.8704
Z -0.6934 -0.6000 0.3990

PART 42
OFFSET 16.3900 2.4051 -17.4189
SCALE 1 1 1
X 0.2552 0.4262 0.8679
Y -0.8171 0.5749 -0.0421
Z -0.5169 -0.6984 0.4950

PART 43
OFFSET 16.7514 3.0086 -16.1901
SCALE 1 1 1
X -0.1355 0.6672 0.7325
Y -0.8649 0.2810 -0.4159
Z -0.4833 -0.6899 0.5390

PART 44
OFFSET 16.6312 3.6001 -15.5407
SCALE 1 1 1
X -0.4124 0.7324 0.5417
Y -0.7347 0.0842 -0.6732
Z -0.5387 -0.6756 0.5034

PART 45
OFFSET 16.2394 4.2959 -15.0261
SCALE 1 1 1
X 0.8546 -0.5153 -0.0645
Y -0.3573 -0.4932 -0.7932
Z 0.3769 0.7009 -0.6056

PART 46
OFFSET 14.9689 4.1312 -18.5874
SCALE 1 1 1
X 0.8807 -0.4596 0.1147
Y 0.1253 0.4596 0.8792
Z -0.4568 -0.7600 0.4623

PART 47
OFFSET 17.1839 2.8153 -18.2404
SCALE 1 1 1
X 0.3140 0.3924 0.8645
Y -0.8229 0.5666 0.0417
Z -0.4735 -0.7246 0.5008

PART 48
OFFSET 17.7185 3.4834 -16.7685
SCALE 1 1 1
X -0.1745 0.6499 0.7397
Y -0.8717 0.2475 -0.4230
Z -0.4580 -0.7186 0.5233

PART 49
OFFSET 17.4767 4.3841 -15.7433
SCALE 1 1 1
X -0.6583 0.6667 0.3495
Y -0.5985 -0.1820 -0.7802
Z -0.4565 -0.7228 0.5188

PART 50
OFFSET 16.7627 5.1071 -15.3642
SCALE 1 1 1
X 0.8588 -0.4778 0.1848
Y -0.0929 -0.5000 -0.8611
Z 0.5038 0.7223 -0.4737

PART 51
OFFSET 17.3240 5.6150 -19.3073
SCALE 1 1 1
X 0.9297 -0.2273 0.2899
Y 0.1439 -0.5003 -0.8538
Z 0.3392 0.8354 -0.4324

PART 52
OFFSET 17.8476 4.2906 -19.6981
SCALE 1 1 1
