// Export filename: `C:/cod5/cod/cod5/xanim_export/viewmodel/US/m1garand/viewmodel_m1garand_grenade_first_pullout.XANIM_EXPORT`
// Source filename: `C:/cod5/cod/cod5/animation_assets/viewmodel/US/m1_garand/viewmodelanimation_m1garand.mb`
// Export time: Thu Jul 03 14:06:04 2008

ANIMATION
VERSION 3

NUMPARTS 92
PART 0 "RingPalm_FK_LE"
PART 1 "RingPalm_SDK_LE"
PART 2 "RingPalm_FK_RI"
PART 3 "RingPalm_SDK_RI"
PART 4 "tag_torso"
PART 5 "J_Shoulder_LE"
PART 6 "J_Elbow_LE"
PART 7 "J_WristTwist_LE"
PART 8 "J_Sleave_Reshape_Bottom_LE_1"
PART 9 "J_Sleave_Reshape_Bottom_LE_2"
PART 10 "J_Sleave_Reshape_Top_LE_1"
PART 11 "J_Sleave_Reshape_Top_LE_2"
PART 12 "J_Sleave_Reshape_Top_LE_3"
PART 13 "J_Wrist_LE"
PART 14 "J_Thumb_LE_0"
PART 15 "J_Thumb_LE_1"
PART 16 "J_Thumb_LE_2"
PART 17 "J_Thumb_LE_3"
PART 18 "J_PinkyPalm_LE"
PART 19 "J_Pinky_LE_0"
PART 20 "J_Pinky_LE_1"
PART 21 "J_Pinky_LE_2"
PART 22 "J_Pinky_LE_3"
PART 23 "J_RingPalm_LE"
PART 24 "J_Ring_LE_0"
PART 25 "J_Ring_LE_1"
PART 26 "J_Ring_LE_2"
PART 27 "J_Ring_LE_3"
PART 28 "J_Webbing_LE"
PART 29 "J_Index_LE_0"
PART 30 "J_Index_LE_1"
PART 31 "J_Index_LE_2"
PART 32 "J_Index_LE_3"
PART 33 "J_Mid_LE_0"
PART 34 "J_Mid_LE_1"
PART 35 "J_Mid_LE_2"
PART 36 "J_Mid_LE_3"
PART 37 "D_Sleave_Reshape_Bottom_LE_1"
PART 38 "D_Sleave_Reshape_Bottom_LE_2"
PART 39 "D_Sleave_Reshape_Top_LE_1"
PART 40 "D_Sleave_Reshape_Top_LE_2"
PART 41 "D_Sleave_Reshape_Top_LE_3"
PART 42 "tag_weapon"
PART 43 "J_Shoulder_RI"
PART 44 "J_Elbow_RI"
PART 45 "J_WristTwist_RI"
PART 46 "J_Sleave_Reshape_Top_RI_3"
PART 47 "J_Sleave_Reshape_Top_RI_2"
PART 48 "J_Sleave_Reshape_Top_RI_1"
PART 49 "J_Wrist_RI"
PART 50 "J_Thumb_RI_0"
PART 51 "J_Thumb_RI_1"
PART 52 "J_Thumb_RI_2"
PART 53 "J_Thumb_RI_3"
PART 54 "J_PinkyPalm_RI"
PART 55 "J_Pinky_RI_0"
PART 56 "J_Pinky_RI_1"
PART 57 "J_Pinky_RI_2"
PART 58 "J_Pinky_RI_3"
PART 59 "J_RingPalm_RI"
PART 60 "J_Ring_RI_0"
PART 61 "J_Ring_RI_1"
PART 62 "J_Ring_RI_2"
PART 63 "J_Ring_RI_3"
PART 64 "J_Webbing_RI"
PART 65 "J_Index_RI_0"
PART 66 "J_Index_RI_1"
PART 67 "J_Index_RI_2"
PART 68 "J_Index_RI_3"
PART 69 "J_Mid_RI_0"
PART 70 "J_Mid_RI_1"
PART 71 "J_Mid_RI_2"
PART 72 "J_Mid_RI_3"
PART 73 "D_Sleave_Reshape_Top_RI_3"
PART 74 "D_Sleave_Reshape_Top_RI_2"
PART 75 "D_Sleave_Reshape_Top_RI_1"
PART 76 "tag_cambone"
PART 77 "tag_camera"
PART 78 "tag_gasmask"
PART 79 "J_Gun"
PART 80 "tag_brass"
PART 81 "J_Bolt"
PART 82 "tag_flash"
PART 83 "j_stripper"
PART 84 "J_Clip"
PART 85 "TAG_APERTURE"
PART 86 "tag_bayonet"
PART 87 "tag_grenade"
PART 88 "tag_grenade_mount"
PART 89 "TAG_TELESCOPIC"
PART 90 "TAG_IRON_SIGHTS"
PART 91 "TAG_SUPPRESSOR"

FRAMERATE 24
NUMFRAMES 71

FRAME 1250
PART 0
OFFSET 8.9445 10.0326 -22.9367
SCALE 1 1 1
X 0.1419 0.0336 -0.9893
Y 0.7701 -0.6317 0.0890
Z -0.6219 -0.7745 -0.1156

PART 1
OFFSET 8.9445 10.0326 -22.9367
SCALE 1 1 1
X 0.1419 0.0336 -0.9893
Y 0.7701 -0.6317 0.0890
Z -0.6219 -0.7745 -0.1156

PART 2
OFFSET 5.6450 -6.5075 -12.3434
SCALE 1 1 1
X -0.1280 -0.4165 0.9001
Y 0.5409 -0.7900 -0.2886
Z 0.8313 0.4499 0.3264

PART 3
OFFSET 5.6450 -6.5075 -12.3434
SCALE 1 1 1
X -0.1280 -0.4165 0.9001
Y 0.5409 -0.7900 -0.2886
Z 0.8313 0.4499 0.3264

PART 4
OFFSET 6.2061 -3.1050 -3.3894
SCALE 1 1 1
X 1.0000 0.0000 0.0000
Y 0.0000 1.0000 0.0000
Z 0.0000 -0.0000 1.0000

PART 5
OFFSET 1.6245 4.2672 -6.2573
SCALE 1 1 1
X -0.2665 0.3422 -0.9011
Y 0.4788 -0.7644 -0.4319
Z -0.8365 -0.5465 0.0398

PART 6
OFFSET -1.5982 8.4054 -17.1547
SCALE 1 1 1
X 0.9058 0.1365 -0.4012
Y 0.4235 -0.3239 0.8460
Z -0.0145 -0.9362 -0.3512

PART 7
OFFSET 6.1058 9.5665 -20.5669
SCALE 1 1 1
X 0.9058 0.1365 -0.4012
Y 0.3380 0.3383 0.8782
Z 0.2556 -0.9311 0.2603

PART 8
OFFSET 7.0375 11.6261 -21.2421
SCALE 1 1 1
X 0.9033 0.1410 -0.4053
Y 0.0058 0.9403 0.3402
Z 0.4290 -0.3096 0.8486

PART 9
OFFSET 6.4820 9.4279 -22.2925
SCALE 1 1 1
X 0.9033 0.1410 -0.4053
Y 0.0058 0.9403 0.3402
Z 0.4290 -0.3096 0.8486

PART 10
OFFSET 8.4877 10.5980 -19.6247
SCALE 1 1 1
X 0.9033 0.1410 -0.4053
Y 0.0058 0.9403 0.3402
Z 0.4290 -0.3096 0.8486

PART 11
OFFSET 8.3518 9.1969 -20.1571
SCALE 1 1 1
X 0.9033 0.1410 -0.4053
Y 0.0058 0.9403 0.3402
Z 0.4290 -0.3096 0.8486

PART 12
OFFSET 7.7138 8.4203 -20.9112
SCALE 1 1 1
X 0.9033 0.1410 -0.4053
Y 0.0058 0.9403 0.3402
Z 0.4290 -0.3096 0.8486

PART 13
OFFSET 8.8826 9.9850 -21.7968
SCALE 1 1 1
X 0.2174 0.3567 -0.9086
Y 0.5431 0.7292 0.4162
Z 0.8110 -0.5840 -0.0352

PART 14
OFFSET 9.8376 10.6094 -21.8183
SCALE 1 1 1
X 0.8309 0.0512 -0.5540
Y 0.4610 0.4940 0.7372
Z 0.3114 -0.8680 0.3869

PART 15
OFFSET 11.6940 10.7208 -22.9186
SCALE 1 1 1
X 0.6467 0.0885 -0.7576
Y 0.7079 0.3001 0.6394
Z 0.2839 -0.9498 0.1315

PART 16
OFFSET 12.7277 10.7394 -24.1650
SCALE 1 1 1
X 0.2182 -0.2170 -0.9515
Y 0.9455 0.2886 0.1510
Z 0.2418 -0.9325 0.2682

PART 17
OFFSET 12.9908 10.4669 -25.1791
SCALE 1 1 1
X 0.2006 0.4983 -0.8435
Y -0.5926 0.7473 0.3005
Z 0.7801 0.4396 0.4452

PART 18
OFFSET 8.6490 9.3879 -23.0184
SCALE 1 1 1
X 0.0205 -0.2404 -0.9704
Y 0.7862 -0.5958 0.1642
Z -0.6176 -0.7663 0.1768

PART 19
OFFSET 8.8814 8.8863 -25.2045
SCALE 1 1 1
X 0.6836 -0.4396 -0.5826
Y 0.4700 -0.3456 0.8122
Z -0.5584 -0.8290 -0.0296

PART 20
OFFSET 9.8493 8.2639 -26.0293
SCALE 1 1 1
X 0.7127 -0.4989 0.4931
Y -0.4542 0.2075 0.8664
Z -0.5346 -0.8414 -0.0788

PART 21
OFFSET 10.4811 7.8215 -25.5921
SCALE 1 1 1
X 0.5252 -0.3878 0.7575
Y -0.6318 0.4186 0.6524
Z -0.5701 -0.8212 -0.0252

PART 22
OFFSET 10.9801 7.4531 -24.8724
SCALE 1 1 1
X 0.0774 0.1526 -0.9852
Y -0.8870 0.4618 0.0019
Z 0.4553 0.8737 0.1711

PART 23
OFFSET 8.9445 10.0326 -22.9367
SCALE 1 1 1
X 0.1419 0.0336 -0.9893
Y 0.7701 -0.6317 0.0890
Z -0.6219 -0.7745 -0.1156

PART 24
OFFSET 9.2034 10.0188 -25.5235
SCALE 1 1 1
X 0.7665 -0.5534 -0.3259
Y 0.1911 -0.2879 0.9384
Z -0.6132 -0.7815 -0.1149

PART 25
OFFSET 10.5083 9.0765 -26.0784
SCALE 1 1 1
X 0.7120 -0.5949 0.3730
Y -0.3742 0.1281 0.9185
Z -0.5942 -0.7935 -0.1314

PART 26
OFFSET 11.4951 8.2520 -25.5614
SCALE 1 1 1
X 0.2151 -0.3198 0.9227
Y -0.7717 0.5234 0.3613
Z -0.5985 -0.7898 -0.1342

PART 27
OFFSET 11.7284 7.9052 -24.5607
SCALE 1 1 1
X 0.2351 -0.0758 -0.9690
Y -0.7291 0.6455 -0.2274
Z 0.6427 0.7600 0.0965

PART 28
OFFSET 10.8500 11.9293 -23.9556
SCALE 1 1 1
X 0.3251 0.0322 -0.9451
Y -0.6910 0.6904 -0.2141
Z 0.6457 0.7227 0.2467

PART 29
OFFSET 9.8381 12.1418 -25.0101
SCALE 1 1 1
X 0.7759 -0.1422 -0.6146
Y 0.3760 -0.6780 0.6316
Z -0.5065 -0.7212 -0.4726

PART 30
OFFSET 11.2042 11.8914 -26.0922
SCALE 1 1 1
X 0.8296 -0.5408 -0.1393
Y -0.1770 -0.4912 0.8529
Z -0.5296 -0.6828 -0.5032

PART 31
OFFSET 12.2449 11.2755 -26.2310
SCALE 1 1 1
X 0.6973 -0.6534 0.2946
Y -0.5377 -0.2051 0.8178
Z -0.4739 -0.7287 -0.4943

PART 32
OFFSET 13.0325 10.5375 -25.8982
SCALE 1 1 1
X 0.1251 0.1929 -0.9732
Y -0.7563 0.6535 0.0323
Z 0.6422 0.7320 0.2276

PART 33
OFFSET 9.3712 11.2079 -25.3711
SCALE 1 1 1
X 0.8167 -0.4111 -0.4050
Y 0.1460 -0.5317 0.8342
Z -0.5583 -0.7404 -0.3742

PART 34
OFFSET 10.9666 10.4047 -26.1622
SCALE 1 1 1
X 0.6452 -0.6803 0.3478
Y -0.4886 -0.0174 0.8723
Z -0.5874 -0.7328 -0.3436

PART 35
OFFSET 11.9090 9.4111 -25.6541
SCALE 1 1 1
X 0.1951 -0.5268 0.8273
Y -0.7524 0.4606 0.4708
Z -0.6291 -0.7143 -0.3065

PART 36
OFFSET 12.1261 8.8090 -24.7197
SCALE 1 1 1
X 0.3712 0.1554 -0.9155
Y -0.7464 0.6365 -0.1946
Z 0.5524 0.7555 0.3522

PART 37
OFFSET 7.0375 11.6261 -21.2421
SCALE 1 1 1
X 0.9033 0.1410 -0.4053
Y 0.0058 0.9403 0.3402
Z 0.4290 -0.3096 0.8486

PART 38
OFFSET 6.4820 9.4279 -22.2925
SCALE 1 1 1
X 0.9033 0.1410 -0.4053
Y 0.0058 0.9403 0.3402
Z 0.4290 -0.3096 0.8486

PART 39
OFFSET 8.4877 10.5980 -19.6247
SCALE 1 1 1
X 0.9033 0.1410 -0.4053
Y 0.0058 0.9403 0.3402
Z 0.4290 -0.3096 0.8486

PART 40
OFFSET 8.3518 9.1969 -20.1571
SCALE 1 1 1
X 0.9033 0.1410 -0.4053
Y 0.0058 0.9403 0.3402
Z 0.4290 -0.3096 0.8486

PART 41
OFFSET 7.7138 8.4203 -20.9112
SCALE 1 1 1
X 0.9033 0.1410 -0.4053
Y 0.0058 0.9403 0.3402
Z 0.4290 -0.3096 0.8486

PART 42
OFFSET 13.2802 0.1602 -18.3637
SCALE 1 1 1
X 0.6705 0.3741 -0.6407
Y -0.4803 0.8770 0.0095
Z 0.5655 0.3014 0.7677

PART 43
OFFSET -2.1097 -3.5648 -2.9073
SCALE 1 1 1
X 0.2638 0.6059 0.7505
Y -0.2597 -0.7047 0.6602
Z 0.9290 -0.3690 -0.0285

PART 44
OFFSET -5.2996 -10.8928 -11.9841
SCALE 1 1 1
X -0.9400 -0.3362 -0.0577
Y 0.2319 -0.5058 -0.8309
Z 0.2501 -0.7944 0.5535

PART 45
OFFSET 2.6958 -8.0335 -11.4930
SCALE 1 1 1
X -0.9400 -0.3362 -0.0577
Y -0.0484 0.2990 -0.9530
Z 0.3376 -0.8931 -0.2974

PART 46
OFFSET 3.5574 -6.1143 -11.7944
SCALE 1 1 1
X -0.9421 -0.3310 -0.0543
Y -0.2507 0.8026 -0.5413
Z 0.2227 -0.4963 -0.8391

PART 47
OFFSET 3.9342 -6.2339 -10.6061
SCALE 1 1 1
X -0.9421 -0.3310 -0.0543
Y -0.2507 0.8026 -0.5413
Z 0.2227 -0.4963 -0.8391

PART 48
OFFSET 4.5207 -7.7319 -9.7441
SCALE 1 1 1
X -0.9421 -0.3310 -0.0543
Y -0.2507 0.8026 -0.5413
Z 0.2227 -0.4963 -0.8391

PART 49
OFFSET 5.5776 -7.0029 -11.3160
SCALE 1 1 1
X -0.3876 -0.5181 0.7625
Y -0.7747 -0.2652 -0.5740
Z 0.4996 -0.8132 -0.2986

PART 50
OFFSET 6.2944 -6.1801 -10.9825
SCALE 1 1 1
X -0.0932 -0.9759 0.1973
Y -0.4978 -0.1260 -0.8581
Z 0.8623 -0.1781 -0.4740

PART 51
OFFSET 6.4972 -4.0516 -11.2961
SCALE 1 1 1
X -0.1093 -0.8575 0.5028
Y -0.3219 -0.4481 -0.8340
Z 0.9404 -0.2530 -0.2271

PART 52
OFFSET 6.5490 -2.6658 -12.1322
SCALE 1 1 1
X 0.2216 -0.4938 0.8409
Y -0.3099 -0.8533 -0.4194
Z 0.9246 -0.1677 -0.3421

PART 53
OFFSET 6.2724 -2.1096 -13.0187
SCALE 1 1 1
X -0.4942 -0.4326 0.7540
Y -0.7375 0.6678 -0.1002
Z -0.4602 -0.6057 -0.6491

PART 54
OFFSET 4.9751 -6.6841 -12.5155
SCALE 1 1 1
X 0.1459 -0.3083 0.9400
Y 0.5440 -0.7686 -0.3365
Z 0.8263 0.5605 0.0556

PART 55
OFFSET 4.7010 -5.8155 -14.5783
SCALE 1 1 1
X 0.5503 -0.7978 0.2461
Y -0.1099 -0.3614 -0.9259
Z 0.8277 0.4825 -0.2866

PART 56
OFFSET 3.9218 -4.6859 -14.9268
SCALE 1 1 1
X 0.1616 -0.6969 -0.6987
Y -0.4897 0.5581 -0.6699
Z 0.8568 0.4504 -0.2511

PART 57
OFFSET 3.7786 -4.0680 -14.3072
SCALE 1 1 1
X -0.0699 -0.4152 -0.9070
Y -0.5670 0.7646 -0.3063
Z 0.8207 0.4929 -0.2889

PART 58
OFFSET 3.8450 -3.6735 -13.4455
SCALE 1 1 1
X 0.2908 -0.2337 0.9278
Y -0.2794 0.9067 0.3159
Z -0.9151 -0.3510 0.1984

PART 59
OFFSET 5.6450 -6.5075 -12.3434
SCALE 1 1 1
X -0.1280 -0.4165 0.9001
Y 0.5409 -0.7900 -0.2886
Z 0.8313 0.4499 0.3264

PART 60
OFFSET 5.8655 -5.5108 -14.7343
SCALE 1 1 1
X 0.4843 -0.8742 0.0352
Y -0.1151 -0.1035 -0.9879
Z 0.8673 0.4744 -0.1507

PART 61
OFFSET 5.0411 -4.0225 -14.7942
SCALE 1 1 1
X 0.0975 -0.4654 -0.8797
Y -0.4633 0.7611 -0.4540
Z 0.8808 0.4518 -0.1414

PART 62
OFFSET 4.9059 -3.3775 -13.5750
SCALE 1 1 1
X -0.2457 0.1922 -0.9501
Y -0.4057 0.8698 0.2808
Z 0.8804 0.4544 -0.1357

PART 63
OFFSET 5.1724 -3.5859 -12.5446
SCALE 1 1 1
X 0.4763 -0.6320 0.6113
Y -0.2290 0.5821 0.7802
Z -0.8489 -0.5116 0.1326

PART 64
OFFSET 4.8872 -9.3707 -7.8173
SCALE 1 1 1
X -0.0760 -0.6623 0.7454
Y -0.6205 0.6166 0.4846
Z -0.7805 -0.4257 -0.4578

PART 65
OFFSET 7.8580 -5.0865 -13.9650
SCALE 1 1 1
X -0.3247 -0.4284 0.8433
Y 0.5423 -0.8148 -0.2051
Z 0.7749 0.3907 0.4968

PART 66
OFFSET 8.4296 -4.3323 -15.4497
SCALE 1 1 1
X 0.0041 -0.7587 0.6514
Y 0.6659 -0.4839 -0.5678
Z 0.7460 0.4361 0.5033

PART 67
OFFSET 8.4699 -3.3834 -16.2110
SCALE 1 1 1
X 0.3443 -0.9258 0.1562
Y 0.5543 0.0661 -0.8297
Z 0.7578 0.3722 0.5359

PART 68
OFFSET 8.0811 -2.3377 -16.3874
SCALE 1 1 1
X -0.3993 0.3464 0.8489
Y -0.2609 0.8447 -0.4674
Z -0.8789 -0.4080 -0.2469

PART 69
OFFSET 6.8866 -5.2835 -14.4529
SCALE 1 1 1
X 0.1003 -0.8887 0.4474
Y 0.5852 -0.3110 -0.7489
Z 0.8047 0.3369 0.4889

PART 70
OFFSET 6.6907 -3.5474 -15.3268
SCALE 1 1 1
X 0.5858 -0.4715 -0.6592
Y -0.0254 0.8023 -0.5964
Z 0.8101 0.3661 0.4580

PART 71
OFFSET 5.8351 -2.8587 -14.3639
SCALE 1 1 1
X 0.4852 0.0085 -0.8744
Y -0.3711 0.9074 -0.1971
Z 0.7918 0.4201 0.4434

PART 72
OFFSET 5.2797 -2.8707 -13.3769
SCALE 1 1 1
X -0.1856 -0.6130 0.7680
Y -0.5356 0.7184 0.4439
Z -0.8238 -0.3289 -0.4617

PART 73
OFFSET 3.5574 -6.1143 -11.7944
SCALE 1 1 1
X -0.9421 -0.3310 -0.0543
Y -0.2507 0.8026 -0.5413
Z 0.2227 -0.4963 -0.8391

PART 74
OFFSET 3.9342 -6.2339 -10.6061
SCALE 1 1 1
X -0.9421 -0.3310 -0.0543
Y -0.2507 0.8026 -0.5413
Z 0.2227 -0.4963 -0.8391

PART 75
OFFSET 4.5207 -7.7319 -9.7441
SCALE 1 1 1
X -0.9421 -0.3310 -0.0543
Y -0.2507 0.8026 -0.5413
Z 0.2227 -0.4963 -0.8391

PART 76
OFFSET 0.0000 0.0000 0.0000
SCALE 1 1 1
X 1.0000 0.0000 0.0000
Y 0.0000 1.0000 0.0000
Z 0.0000 0.0000 1.0000

PART 77
OFFSET 0.0000 0.0000 0.0000
SCALE 1 1 1
X 1.0000 0.0000 0.0000
Y 0.0000 1.0000 0.0000
Z 0.0000 0.0000 1.0000

PART 78
OFFSET 1.5404 0.0000 4.1357
SCALE 1 1 1
X 1.0000 0.0000 0.0000
Y 0.0000 1.0000 0.0000
Z 0.0000 0.0000 1.0000

PART 79
OFFSET 13.2802 0.1602 -18.3637
SCALE 1 1 1
X 0.6705 0.3741 -0.6407
Y -0.4803 0.8770 0.0095
Z 0.5655 0.3014 0.7677

PART 80
OFFSET 10.6474 -1.9620 -19.5560
SCALE 1 1 1
X 0.6866 -0.6068 0.4005
Y 0.6948 0.3853 -0.6073
Z 0.2142 0.6952 0.6861

PART 81
OFFSET 14.5897 -1.1976 -17.3601
SCALE 1 1 1
X 0.6819 0.3802 -0.6249
Y -0.4803 0.8770 0.0095
Z 0.5517 0.2937 0.7807

PART 82
OFFSET 32.8139 11.0391 -35.0417
SCALE 1 1 1
X 0.6705 0.3741 -0.6407
Y -0.4803 0.8770 0.0095
Z 0.5655 0.3014 0.7677

PART 83
OFFSET 12.1302 -0.4802 -16.7383
SCALE 1 1 1
X 0.6956 0.3953 -0.5999
Y -0.4636 0.8849 0.0456
Z 0.5489 0.2464 0.7987

PART 84
OFFSET 12.0839 -0.5549 -16.7951
SCALE 1 1 1
X 0.6705 0.3741 -0.6407
Y -0.4803 0.8770 0.0095
Z 0.5655 0.3014 0.7677

PART 85
OFFSET 10.1046 -1.6226 -13.0953
SCALE 1 1 1
X 0.6705 0.3741 -0.6407
Y -0.4803 0.8770 0.0095
Z 0.5655 0.3014 0.7677

PART 86
OFFSET 29.2828 9.0859 -33.2606
SCALE 1 1 1
X 0.6819 0.3802 -0.6249
Y -0.4803 0.8770 0.0095
Z 0.5517 0.2937 0.7807

PART 87
OFFSET 10.2921 9.1806 -24.2605
SCALE 1 1 1
X 0.5886 0.8042 -0.0820
Y -0.0167 0.1136 0.9934
Z 0.8082 -0.5834 0.0803

PART 88
OFFSET 39.1197 14.5555 -40.8441
SCALE 1 1 1
X 0.6819 0.3802 -0.6249
Y -0.4803 0.8770 0.0095
Z 0.5517 0.2937 0.7807

PART 89
OFFSET 10.3224 0.0091 -15.0256
SCALE 1 1 1
X 0.6705 0.3741 -0.6407
Y -0.4803 0.8770 0.0095
Z 0.5655 0.3014 0.7677

PART 90
OFFSET 17.7239 2.1587 -21.3212
SCALE 1 1 1
X 0.6705 0.3741 -0.6407
Y -0.4803 0.8770 0.0095
Z 0.5655 0.3014 0.7677

PART 91
OFFSET 33.9565 11.6748 -35.9520
SCALE 1 1 1
X 0.6819 0.3802 -0.6249
Y -0.4803 0.8770 0.0095
Z 0.5517 0.2937 0.7807


FRAME 1251
PART 0
OFFSET 10.8635 11.3308 -23.6033
SCALE 1 1 1
X 0.1635 0.0668 -0.9843
Y 0.7881 -0.6090 0.0896
Z -0.5934 -0.7904 -0.1522

PART 1
OFFSET 10.8635 11.3308 -23.6033
SCALE 1 1 1
X 0.1635 0.0668 -0.9843
Y 0.7881 -0.6090 0.0896
Z -0.5934 -0.7904 -0.1522

PART 2
OFFSET 5.5299 -6.6909 -12.5224
SCALE 1 1 1
X -0.1379 -0.4247 0.8948
Y 0.5474 -0.7856 -0.2885
Z 0.8255 0.4500 0.3408

PART 3
OFFSET 5.5299 -6.6909 -12.5224
SCALE 1 1 1
X -0.1379 -0.4247 0.8948
Y 0.5474 -0.7856 -0.2885
Z 0.8255 0.4500 0.3408

PART 4
OFFSET 6.2061 -3.1050 -3.3894
SCALE 1 1 1
X 1.0000 0.0000 0.0000
Y 0.0000 1.0000 0.0000
Z 0.0000 -0.0000 1.0000

PART 5
OFFSET 1.6245 4.2672 -6.2573
SCALE 1 1 1
X -0.0796 0.3605 -0.9294
Y 0.5598 -0.7553 -0.3409
Z -0.8248 -0.5474 -0.1417

PART 6
OFFSET 0.6617 8.6267 -17.4970
SCALE 1 1 1
X 0.8742 0.2266 -0.4295
Y 0.4817 -0.2932 0.8258
Z 0.0611 -0.9288 -0.3655

PART 7
OFFSET 8.0970 10.5537 -21.1502
SCALE 1 1 1
X 0.8742 0.2266 -0.4295
Y 0.3321 0.3663 0.8692
Z 0.3543 -0.9025 0.2450

PART 8
OFFSET 8.8075 12.7039 -21.8199
SCALE 1 1 1
X 0.8711 0.2309 -0.4334
Y -0.0705 0.9323 0.3548
Z 0.4860 -0.2785 0.8284

PART 9
OFFSET 8.4233 10.4733 -22.8896
SCALE 1 1 1
X 0.8711 0.2309 -0.4334
Y -0.0705 0.9323 0.3548
Z 0.4860 -0.2785 0.8284

PART 10
OFFSET 10.4027 11.7971 -20.2724
SCALE 1 1 1
X 0.8711 0.2309 -0.4334
Y -0.0705 0.9323 0.3548
Z 0.4860 -0.2785 0.8284

PART 11
OFFSET 10.3809 10.3927 -20.8230
SCALE 1 1 1
X 0.8711 0.2309 -0.4334
Y -0.0705 0.9323 0.3548
Z 0.4860 -0.2785 0.8284

PART 12
OFFSET 9.7941 9.5647 -21.5661
SCALE 1 1 1
X 0.8711 0.2309 -0.4334
Y -0.0705 0.9323 0.3548
Z 0.4860 -0.2785 0.8284

PART 13
OFFSET 10.7769 11.2483 -22.4670
SCALE 1 1 1
X 0.2265 0.3896 -0.8927
Y 0.5092 0.7339 0.4495
Z 0.8303 -0.5564 -0.0322

PART 14
OFFSET 11.7112 11.9033 -22.4479
SCALE 1 1 1
X 0.8414 0.0938 -0.5322
Y 0.4275 0.4870 0.7616
Z 0.3306 -0.8684 0.3696

PART 15
OFFSET 13.5879 12.1060 -23.4999
SCALE 1 1 1
X 0.6608 0.1311 -0.7390
Y 0.6828 0.3040 0.6644
Z 0.3118 -0.9436 0.1114

PART 16
OFFSET 14.6488 12.1938 -24.7201
SCALE 1 1 1
X 0.2471 -0.1823 -0.9517
Y 0.9318 0.3143 0.1817
Z 0.2660 -0.9317 0.2475

PART 17
OFFSET 14.9440 11.9594 -25.7349
SCALE 1 1 1
X 0.2036 0.5287 -0.8241
Y -0.6236 0.7189 0.3072
Z 0.7548 0.4513 0.4760

PART 18
OFFSET 10.5912 10.6797 -23.7102
SCALE 1 1 1
X 0.0507 -0.2115 -0.9761
Y 0.8013 -0.5747 0.1662
Z -0.5961 -0.7905 0.1403

PART 19
OFFSET 10.8902 10.2492 -25.9033
SCALE 1 1 1
X 0.7109 -0.4004 -0.5782
Y 0.4622 -0.3537 0.8132
Z -0.5301 -0.8453 -0.0663

PART 20
OFFSET 11.8967 9.6823 -26.7219
SCALE 1 1 1
X 0.7171 -0.4899 0.4958
Y -0.4806 0.1677 0.8607
Z -0.5048 -0.8555 -0.1152

PART 21
OFFSET 12.5325 9.2479 -26.2823
SCALE 1 1 1
X 0.5200 -0.3926 0.7586
Y -0.6601 0.3791 0.6486
Z -0.5422 -0.8380 -0.0620

PART 22
OFFSET 13.0265 8.8750 -25.5616
SCALE 1 1 1
X 0.0951 0.1835 -0.9784
Y -0.9014 0.4329 -0.0064
Z 0.4224 0.8826 0.2065

PART 23
OFFSET 10.8635 11.3308 -23.6033
SCALE 1 1 1
X 0.1635 0.0668 -0.9843
Y 0.7881 -0.6090 0.0896
Z -0.5934 -0.7904 -0.1522

PART 24
OFFSET 11.1823 11.4002 -26.1825
SCALE 1 1 1
X 0.7915 -0.5189 -0.3229
Y 0.1788 -0.3087 0.9342
Z -0.5845 -0.7971 -0.1516

PART 25
OFFSET 12.5298 10.5168 -26.7323
SCALE 1 1 1
X 0.7223 -0.5823 0.3731
Y -0.3993 0.0894 0.9125
Z -0.5647 -0.8080 -0.1680

PART 26
OFFSET 13.5308 9.7097 -26.2152
SCALE 1 1 1
X 0.2042 -0.3393 0.9183
Y -0.7965 0.4877 0.3573
Z -0.5691 -0.8044 -0.1707

PART 27
OFFSET 13.7522 9.3417 -25.2193
SCALE 1 1 1
X 0.2597 -0.0402 -0.9648
Y -0.7444 0.6281 -0.2266
Z 0.6151 0.7771 0.1332

PART 28
OFFSET 12.7288 13.3164 -24.5223
SCALE 1 1 1
X 0.3455 0.0699 -0.9358
Y -0.7081 0.6738 -0.2111
Z 0.6158 0.7356 0.2823

PART 29
OFFSET 11.7351 13.5267 -25.5944
SCALE 1 1 1
X 0.7941 -0.0994 -0.5996
Y 0.3833 -0.6836 0.6211
Z -0.4716 -0.7230 -0.5048

PART 30
OFFSET 13.1333 13.3517 -26.6500
SCALE 1 1 1
X 0.8498 -0.5096 -0.1346
Y -0.1804 -0.5211 0.8342
Z -0.4953 -0.6846 -0.5348

PART 31
OFFSET 14.1965 12.7738 -26.7811
SCALE 1 1 1
X 0.7114 -0.6390 0.2927
Y -0.5494 -0.2458 0.7986
Z -0.4383 -0.7289 -0.5259

PART 32
OFFSET 15.0000 12.0521 -26.4505
SCALE 1 1 1
X 0.1411 0.2249 -0.9641
Y -0.7778 0.6277 0.0326
Z 0.6125 0.7453 0.2635

PART 33
OFFSET 11.3074 12.5892 -25.9926
SCALE 1 1 1
X 0.8388 -0.3729 -0.3967
Y 0.1440 -0.5507 0.8222
Z -0.5250 -0.7468 -0.4082

PART 34
OFFSET 12.9461 11.8608 -26.7676
SCALE 1 1 1
X 0.6589 -0.6690 0.3439
Y -0.5077 -0.0583 0.8595
Z -0.5550 -0.7410 -0.3781

PART 35
OFFSET 13.9086 10.8836 -26.2653
SCALE 1 1 1
X 0.1932 -0.5440 0.8165
Y -0.7778 0.4224 0.4655
Z -0.5982 -0.7250 -0.3415

PART 36
OFFSET 14.1236 10.2620 -25.3433
SCALE 1 1 1
X 0.3869 0.1937 -0.9016
Y -0.7621 0.6176 -0.1944
Z 0.5191 0.7623 0.3865

PART 37
OFFSET 8.8075 12.7039 -21.8199
SCALE 1 1 1
X 0.8711 0.2309 -0.4334
Y -0.0705 0.9323 0.3548
Z 0.4860 -0.2785 0.8284

PART 38
OFFSET 8.4233 10.4733 -22.8896
SCALE 1 1 1
X 0.8711 0.2309 -0.4334
Y -0.0705 0.9323 0.3548
Z 0.4860 -0.2785 0.8284

PART 39
OFFSET 10.4027 11.7971 -20.2724
SCALE 1 1 1
X 0.8711 0.2309 -0.4334
Y -0.0705 0.9323 0.3548
Z 0.4860 -0.2785 0.8284

PART 40
OFFSET 10.3809 10.3927 -20.8230
SCALE 1 1 1
X 0.8711 0.2309 -0.4334
Y -0.0705 0.9323 0.3548
Z 0.4860 -0.2785 0.8284

PART 41
OFFSET 9.7941 9.5647 -21.5661
SCALE 1 1 1
X 0.8711 0.2309 -0.4334
Y -0.0705 0.9323 0.3548
Z 0.4860 -0.2785 0.8284

PART 42
OFFSET 13.2171 0.0554 -18.3871
SCALE 1 1 1
X 0.6772 0.3820 -0.6289
Y -0.4835 0.8753 0.0110
Z 0.5546 0.2967 0.7774

PART 43
OFFSET -2.1223 -3.5649 -3.1117
SCALE 1 1 1
X 0.2754 0.6173 0.7369
Y -0.2587 -0.6907 0.6753
Z 0.9258 -0.3767 -0.0305

PART 44
OFFSET -5.4533 -11.0303 -12.0243
SCALE 1 1 1
X -0.9424 -0.3314 -0.0453
Y 0.2230 -0.5215 -0.8236
Z 0.2493 -0.7862 0.5654

PART 45
OFFSET 2.5622 -8.2114 -11.6391
SCALE 1 1 1
X -0.9424 -0.3314 -0.0453
Y -0.0581 0.2956 -0.9535
Z 0.3294 -0.8960 -0.2978

PART 46
OFFSET 3.4319 -6.2986 -11.9885
SCALE 1 1 1
X -0.9444 -0.3261 -0.0419
Y -0.2498 0.7946 -0.5534
Z 0.2138 -0.5121 -0.8319

PART 47
OFFSET 3.8178 -6.4040 -10.8007
SCALE 1 1 1
X -0.9444 -0.3261 -0.0419
Y -0.2498 0.7946 -0.5534
Z 0.2138 -0.5121 -0.8319

PART 48
OFFSET 4.4057 -7.9032 -9.9104
SCALE 1 1 1
X -0.9444 -0.3261 -0.0419
Y -0.2498 0.7946 -0.5534
Z 0.2138 -0.5121 -0.8319

PART 49
OFFSET 5.4513 -7.1954 -11.5002
SCALE 1 1 1
X -0.3954 -0.5260 0.7530
Y -0.7664 -0.2629 -0.5861
Z 0.5062 -0.8088 -0.2992

PART 50
OFFSET 6.1609 -6.3730 -11.1505
SCALE 1 1 1
X -0.0922 -0.9779 0.1876
Y -0.4864 -0.1202 -0.8654
Z 0.8689 -0.1710 -0.4645

PART 51
OFFSET 6.3600 -4.2412 -11.4431
SCALE 1 1 1
X -0.1126 -0.8622 0.4940
Y -0.3097 -0.4419 -0.8419
Z 0.9441 -0.2478 -0.2173

PART 52
OFFSET 6.4175 -2.8480 -12.2665
SCALE 1 1 1
X 0.2126 -0.5003 0.8394
Y -0.3015 -0.8507 -0.4307
Z 0.9295 -0.1615 -0.3317

PART 53
OFFSET 6.1502 -2.2852 -13.1516
SCALE 1 1 1
X -0.5022 -0.4409 0.7439
Y -0.7386 0.6661 -0.1038
Z -0.4498 -0.6016 -0.6602

PART 54
OFFSET 4.8629 -6.8683 -12.7045
SCALE 1 1 1
X 0.1350 -0.3160 0.9391
Y 0.5510 -0.7638 -0.3362
Z 0.8235 0.5629 0.0710

PART 55
OFFSET 4.6119 -5.9827 -14.7630
SCALE 1 1 1
X 0.5500 -0.7980 0.2462
Y -0.0968 -0.3538 -0.9303
Z 0.8295 0.4878 -0.2718

PART 56
OFFSET 3.8333 -4.8529 -15.1116
SCALE 1 1 1
X 0.1729 -0.6903 -0.7026
Y -0.4831 0.5622 -0.6712
Z 0.8583 0.4555 -0.2363

PART 57
OFFSET 3.6799 -4.2409 -14.4887
SCALE 1 1 1
X -0.0569 -0.4076 -0.9114
Y -0.5658 0.7653 -0.3069
Z 0.8226 0.4982 -0.2742

PART 58
OFFSET 3.7340 -3.8537 -13.6228
SCALE 1 1 1
X 0.2798 -0.2407 0.9294
Y -0.2866 0.9030 0.3201
Z -0.9163 -0.3559 0.1837

PART 59
OFFSET 5.5299 -6.6909 -12.5224
SCALE 1 1 1
X -0.1379 -0.4247 0.8948
Y 0.5474 -0.7856 -0.2885
Z 0.8255 0.4500 0.3408

PART 60
OFFSET 5.7773 -5.6727 -14.9016
SCALE 1 1 1
X 0.4869 -0.8728 0.0338
Y -0.1022 -0.0953 -0.9902
Z 0.8675 0.4787 -0.1356

PART 61
OFFSET 4.9483 -4.1868 -14.9591
SCALE 1 1 1
X 0.1103 -0.4574 -0.8824
Y -0.4602 0.7634 -0.4533
Z 0.8809 0.4561 -0.1263

PART 62
OFFSET 4.7954 -3.5528 -13.7362
SCALE 1 1 1
X -0.2343 0.1996 -0.9515
Y -0.4123 0.8659 0.2832
Z 0.8804 0.4586 -0.1206

PART 63
OFFSET 5.0495 -3.7693 -12.7043
SCALE 1 1 1
X 0.4708 -0.6356 0.6119
Y -0.2410 0.5745 0.7822
Z -0.8487 -0.5157 0.1173

PART 64
OFFSET 4.7249 -9.5959 -8.0312
SCALE 1 1 1
X -0.0831 -0.6690 0.7386
Y -0.6288 0.6102 0.4819
Z -0.7731 -0.4244 -0.4714

PART 65
OFFSET 7.7583 -5.2481 -14.1033
SCALE 1 1 1
X -0.3338 -0.4368 0.8353
Y 0.5477 -0.8111 -0.2052
Z 0.7672 0.3891 0.5100

PART 66
OFFSET 8.3460 -4.4791 -15.5740
SCALE 1 1 1
X -0.0015 -0.7644 0.6448
Y 0.6748 -0.4766 -0.5635
Z 0.7380 0.4343 0.5165

PART 67
OFFSET 8.3926 -3.5235 -16.3265
SCALE 1 1 1
X 0.3455 -0.9259 0.1525
Y 0.5645 0.0753 -0.8220
Z 0.7496 0.3701 0.5487

PART 68
OFFSET 8.0023 -2.4777 -16.4988
SCALE 1 1 1
X -0.4112 0.3376 0.8467
Y -0.2579 0.8478 -0.4633
Z -0.8743 -0.4089 -0.2616

PART 69
OFFSET 6.7938 -5.4443 -14.6052
SCALE 1 1 1
X 0.0978 -0.8922 0.4409
Y 0.5958 -0.3024 -0.7441
Z 0.7972 0.3354 0.5020

PART 70
OFFSET 6.6029 -3.7013 -15.4665
SCALE 1 1 1
X 0.5958 -0.4637 -0.6558
Y -0.0207 0.8073 -0.5897
Z 0.8029 0.3650 0.4714

PART 71
OFFSET 5.7326 -3.0240 -14.5087
SCALE 1 1 1
X 0.4962 0.0178 -0.8680
Y -0.3718 0.9078 -0.1940
Z 0.7846 0.4190 0.4571

PART 72
OFFSET 5.1648 -3.0465 -13.5289
SCALE 1 1 1
X -0.1932 -0.6202 0.7602
Y -0.5438 0.7127 0.4432
Z -0.8167 -0.3278 -0.4749

PART 73
OFFSET 3.4319 -6.2986 -11.9885
SCALE 1 1 1
X -0.9444 -0.3261 -0.0419
Y -0.2498 0.7946 -0.5534
Z 0.2138 -0.5121 -0.8319

PART 74
OFFSET 3.8178 -6.4040 -10.8007
SCALE 1 1 1
X -0.9444 -0.3261 -0.0419
Y -0.2498 0.7946 -0.5534
Z 0.2138 -0.5121 -0.8319

PART 75
OFFSET 4.4057 -7.9032 -9.9104
SCALE 1 1 1
X -0.9444 -0.3261 -0.0419
Y -0.2498 0.7946 -0.5534
Z 0.2138 -0.5121 -0.8319

PART 76
OFFSET 0.0000 0.0000 0.0000
SCALE 1 1 1
X 1.0000 0.0000 0.0000
Y 0.0000 1.0000 0.0000
Z 0.0000 0.0000 1.0000

PART 77
OFFSET 0.0000 0.0000 0.0000
SCALE 1 1 1
X 1.0000 0.0000 -0.0016
Y -0.0000 1.0000 -0.0000
Z 0.0016 0.0000 1.0000

PART 78
OFFSET 1.5469 0.0001 4.1333
SCALE 1 1 1
X 1.0000 0.0000 -0.0016
Y -0.0000 1.0000 -0.0000
Z 0.0016 0.0000 1.0000

PART 79
OFFSET 13.2171 0.0554 -18.3871
SCALE 1 1 1
X 0.6772 0.3820 -0.6289
Y -0.4835 0.8753 0.0110
Z 0.5546 0.2967 0.7774

PART 80
OFFSET 10.6073 -2.0655 -19.6311
SCALE 1 1 1
X 0.6836 -0.6079 0.4040
Y 0.7011 0.3930 -0.5950
Z 0.2030 0.6900 0.6948

PART 81
OFFSET 14.5186 -1.3066 -17.3786
SCALE 1 1 1
X 0.6884 0.3880 -0.6128
Y -0.4835 0.8753 0.0110
Z 0.5406 0.2888 0.7901

PART 82
OFFSET 32.9221 11.1465 -34.7203
SCALE 1 1 1
X 0.6772 0.3820 -0.6289
Y -0.4835 0.8753 0.0110
Z 0.5546 0.2967 0.7774

PART 83
OFFSET 12.0489 -0.6031 -16.7821
SCALE 1 1 1
X 0.7017 0.4029 -0.5876
Y -0.4673 0.8828 0.0474
Z 0.5378 0.2413 0.8078

PART 84
OFFSET 12.0035 -0.6775 -16.8401
SCALE 1 1 1
X 0.6772 0.3820 -0.6289
Y -0.4835 0.8753 0.0110
Z 0.5546 0.2967 0.7774

PART 85
OFFSET 9.9812 -1.7842 -13.1752
SCALE 1 1 1
X 0.6772 0.3820 -0.6289
Y -0.4835 0.8753 0.0110
Z 0.5546 0.2967 0.7774

PART 86
OFFSET 29.3756 9.1656 -33.0013
SCALE 1 1 1
X 0.6884 0.3880 -0.6128
Y -0.4835 0.8753 0.0110
Z 0.5406 0.2888 0.7901

PART 87
OFFSET 12.2684 10.5612 -24.9179
SCALE 1 1 1
X 0.5637 0.8247 -0.0452
Y -0.0433 0.0842 0.9955
Z 0.8248 -0.5593 0.0832

PART 88
OFFSET 39.2885 14.7350 -40.4112
SCALE 1 1 1
X 0.6884 0.3880 -0.6128
Y -0.4835 0.8753 0.0110
Z 0.5406 0.2888 0.7901

PART 89
OFFSET 10.2177 -0.1350 -15.0884
SCALE 1 1 1
X 0.6772 0.3820 -0.6289
Y -0.4835 0.8753 0.0110
Z 0.5546 0.2967 0.7774

PART 90
OFFSET 17.6908 2.0948 -21.2704
SCALE 1 1 1
X 0.6772 0.3820 -0.6289
Y -0.4835 0.8753 0.0110
Z 0.5546 0.2967 0.7774

PART 91
OFFSET 34.0739 11.7939 -35.6104
SCALE 1 1 1
X 0.6884 0.3880 -0.6128
Y -0.4835 0.8753 0.0110
Z 0.5406 0.2888 0.7901


FRAME 1252
PART 0
OFFSET 12.6783 12.5092 -24.0877
SCALE 1 1 1
X 0.2180 0.1090 -0.9699
Y 0.8087 -0.5764 0.1170
Z -0.5463 -0.8099 -0.2138

PART 1
OFFSET 12.6783 12.5092 -24.0877
SCALE 1 1 1
X 0.2180 0.1090 -0.9699
Y 0.8087 -0.5764 0.1170
Z -0.5463 -0.8099 -0.2138

PART 2
OFFSET 5.2260 -7.2114 -13.0390
SCALE 1 1 1
X -0.1651 -0.4483 0.8785
Y 0.5657 -0.7727 -0.2881
Z 0.8079 0.4494 0.3812

PART 3
OFFSET 5.2260 -7.2114 -13.0390
SCALE 1 1 1
X -0.1651 -0.4483 0.8785
Y 0.5657 -0.7727 -0.2881
Z 0.8079 0.4494 0.3812

PART 4
OFFSET 6.2061 -3.1050 -3.3894
SCALE 1 1 1
X 1.0000 0.0000 0.0000
Y 0.0000 1.0000 0.0000
Z 0.0000 -0.0000 1.0000

PART 5
OFFSET 1.6245 4.2671 -6.2573
SCALE 1 1 1
X 0.1164 0.3843 -0.9158
Y 0.6026 -0.7603 -0.2425
Z -0.7895 -0.5236 -0.3201

PART 6
OFFSET 3.0323 8.9149 -17.3334
SCALE 1 1 1
X 0.8207 0.2997 -0.4864
Y 0.5594 -0.2487 0.7907
Z 0.1160 -0.9211 -0.3718

PART 7
OFFSET 10.0128 11.4638 -21.4707
SCALE 1 1 1
X 0.8207 0.2997 -0.4864
Y 0.3236 0.4579 0.8280
Z 0.4709 -0.8370 0.2788

PART 8
OFFSET 10.4970 13.6868 -22.1540
SCALE 1 1 1
X 0.8170 0.3037 -0.4901
Y -0.1263 0.9237 0.3617
Z 0.5626 -0.2336 0.7930

PART 9
OFFSET 10.2274 11.4073 -23.2283
SCALE 1 1 1
X 0.8170 0.3037 -0.4901
Y -0.1263 0.9237 0.3617
Z 0.5626 -0.2336 0.7930

PART 10
OFFSET 12.2506 12.9269 -20.7412
SCALE 1 1 1
X 0.8170 0.3037 -0.4901
Y -0.1263 0.9237 0.3617
Z 0.5626 -0.2336 0.7930

PART 11
OFFSET 12.3189 11.5003 -21.2979
SCALE 1 1 1
X 0.8170 0.3037 -0.4901
Y -0.1263 0.9237 0.3617
Z 0.5626 -0.2336 0.7930

PART 12
OFFSET 11.7773 10.5833 -21.9927
SCALE 1 1 1
X 0.8170 0.3037 -0.4901
Y -0.1263 0.9237 0.3617
Z 0.5626 -0.2336 0.7930

PART 13
OFFSET 12.5288 12.3825 -22.9620
SCALE 1 1 1
X 0.2605 0.4308 -0.8640
Y 0.4474 0.7392 0.5034
Z 0.8556 -0.5177 -0.0002

PART 14
OFFSET 13.4291 13.0771 -22.8649
SCALE 1 1 1
X 0.8661 0.1498 -0.4770
Y 0.3589 0.4780 0.8017
Z 0.3480 -0.8655 0.3602

PART 15
OFFSET 15.3531 13.3998 -23.7941
SCALE 1 1 1
X 0.6964 0.1863 -0.6930
Y 0.6276 0.3100 0.7141
Z 0.3479 -0.9323 0.0990

PART 16
OFFSET 16.4790 13.5777 -24.9444
SCALE 1 1 1
X 0.3109 -0.1372 -0.9405
Y 0.9039 0.3484 0.2480
Z 0.2937 -0.9272 0.2323

PART 17
OFFSET 16.8440 13.3929 -25.9466
SCALE 1 1 1
X 0.2271 0.5662 -0.7924
Y -0.6731 0.6793 0.2924
Z 0.7038 0.4670 0.5354

PART 18
OFFSET 12.4432 11.8509 -24.2322
SCALE 1 1 1
X 0.1179 -0.1741 -0.9776
Y 0.8158 -0.5444 0.1953
Z -0.5662 -0.8206 0.0779

PART 19
OFFSET 12.8906 11.5125 -26.4162
SCALE 1 1 1
X 0.7615 -0.3478 -0.5470
Y 0.4293 -0.3617 0.8276
Z -0.4857 -0.8650 -0.1261

PART 20
OFFSET 13.9687 11.0200 -27.1906
SCALE 1 1 1
X 0.7085 -0.4751 0.5219
Y -0.5378 0.1155 0.8351
Z -0.4570 -0.8723 -0.1737

PART 21
OFFSET 14.5968 10.5988 -26.7279
SCALE 1 1 1
X 0.4919 -0.3960 0.7754
Y -0.7140 0.3262 0.6196
Z -0.4983 -0.8584 -0.1223

PART 22
OFFSET 15.0641 10.2226 -25.9912
SCALE 1 1 1
X 0.1440 0.2222 -0.9643
Y -0.9185 0.3926 -0.0467
Z 0.3682 0.8924 0.2607

PART 23
OFFSET 12.6783 12.5092 -24.0877
SCALE 1 1 1
X 0.2180 0.1090 -0.9699
Y 0.8087 -0.5764 0.1170
Z -0.5463 -0.8099 -0.2138

PART 24
OFFSET 13.1451 12.6844 -26.6391
SCALE 1 1 1
X 0.8323 -0.4716 -0.2914
Y 0.1375 -0.3336 0.9326
Z -0.5371 -0.8163 -0.2128

PART 25
OFFSET 14.5620 11.8815 -27.1352
SCALE 1 1 1
X 0.7252 -0.5628 0.3967
Y -0.4561 0.0391 0.8891
Z -0.5159 -0.8257 -0.2283

PART 26
OFFSET 15.5670 11.1015 -26.5853
SCALE 1 1 1
X 0.1651 -0.3624 0.9173
Y -0.8379 0.4390 0.3243
Z -0.5202 -0.8221 -0.2312

PART 27
OFFSET 15.7461 10.7084 -25.5905
SCALE 1 1 1
X 0.3178 0.0057 -0.9482
Y -0.7580 0.6023 -0.2504
Z 0.5696 0.7982 0.1957

PART 28
OFFSET 14.5009 14.6067 -24.8263
SCALE 1 1 1
X 0.3965 0.1184 -0.9104
Y -0.7248 0.6490 -0.2312
Z 0.5635 0.7515 0.3431

PART 29
OFFSET 13.5634 14.8110 -25.9490
SCALE 1 1 1
X 0.8318 -0.0428 -0.5534
Y 0.3772 -0.6877 0.6203
Z -0.4071 -0.7247 -0.5559

PART 30
OFFSET 15.0280 14.7356 -26.9233
SCALE 1 1 1
X 0.8789 -0.4665 -0.0996
Y -0.2050 -0.5580 0.8041
Z -0.4307 -0.6863 -0.5860

PART 31
OFFSET 16.1226 14.2102 -27.0088
SCALE 1 1 1
X 0.7216 -0.6169 0.3140
Y -0.5836 -0.2981 0.7554
Z -0.3724 -0.7284 -0.5752

PART 32
OFFSET 16.9377 13.5133 -26.6541
SCALE 1 1 1
X 0.1871 0.2651 -0.9459
Y -0.8065 0.5912 0.0061
Z 0.5608 0.7617 0.3244

PART 33
OFFSET 13.2037 13.8703 -26.4030
SCALE 1 1 1
X 0.8771 -0.3211 -0.3573
Y 0.1206 -0.5727 0.8108
Z -0.4650 -0.7543 -0.4636

PART 34
OFFSET 14.9172 13.2430 -27.1009
SCALE 1 1 1
X 0.6677 -0.6511 0.3609
Y -0.5543 -0.1112 0.8249
Z -0.4969 -0.7508 -0.4352

PART 35
OFFSET 15.8924 12.2920 -26.5738
SCALE 1 1 1
X 0.1696 -0.5637 0.8084
Y -0.8225 0.3708 0.4312
Z -0.5429 -0.7380 -0.4008

PART 36
OFFSET 16.0813 11.6481 -25.6614
SCALE 1 1 1
X 0.4300 0.2426 -0.8696
Y -0.7771 0.5898 -0.2197
Z 0.4597 0.7702 0.4421

PART 37
OFFSET 10.4970 13.6868 -22.1540
SCALE 1 1 1
X 0.8170 0.3037 -0.4901
Y -0.1263 0.9237 0.3617
Z 0.5626 -0.2336 0.7930

PART 38
OFFSET 10.2274 11.4073 -23.2283
SCALE 1 1 1
X 0.8170 0.3037 -0.4901
Y -0.1263 0.9237 0.3617
Z 0.5626 -0.2336 0.7930

PART 39
OFFSET 12.2506 12.9269 -20.7412
SCALE 1 1 1
X 0.8170 0.3037 -0.4901
Y -0.1263 0.9237 0.3617
Z 0.5626 -0.2336 0.7930

PART 40
OFFSET 12.3189 11.5003 -21.2979
SCALE 1 1 1
X 0.8170 0.3037 -0.4901
Y -0.1263 0.9237 0.3617
Z 0.5626 -0.2336 0.7930

PART 41
OFFSET 11.7773 10.5833 -21.9927
SCALE 1 1 1
X 0.8170 0.3037 -0.4901
Y -0.1263 0.9237 0.3617
Z 0.5626 -0.2336 0.7930

PART 42
OFFSET 13.0441 -0.2451 -18.4563
SCALE 1 1 1
X 0.6950 0.4043 -0.5946
Y -0.4930 0.8699 0.0153
Z 0.5234 0.2825 0.8039

PART 43
OFFSET -2.1594 -3.5650 -3.6901
SCALE 1 1 1
X 0.3063 0.6472 0.6981
Y -0.2552 -0.6507 0.7152
Z 0.9171 -0.3972 -0.0342

PART 44
OFFSET -5.8636 -11.3919 -12.1329
SCALE 1 1 1
X -0.9489 -0.3154 -0.0086
Y 0.1952 -0.5652 -0.8015
Z 0.2479 -0.7623 0.5979

PART 45
OFFSET 2.2074 -8.7091 -12.0595
SCALE 1 1 1
X -0.9489 -0.3154 -0.0086
Y -0.0858 0.2844 -0.9549
Z 0.3036 -0.9053 -0.2969

PART 46
OFFSET 3.0995 -6.8215 -12.5451
SCALE 1 1 1
X -0.9507 -0.3099 -0.0055
Y -0.2480 0.7712 -0.5863
Z 0.1859 -0.5560 -0.8101

PART 47
OFFSET 3.5136 -6.8873 -11.3611
SCALE 1 1 1
X -0.9507 -0.3099 -0.0055
Y -0.2480 0.7712 -0.5863
Z 0.1859 -0.5560 -0.8101

PART 48
OFFSET 4.1055 -8.3857 -10.3916
SCALE 1 1 1
X -0.9507 -0.3099 -0.0055
Y -0.2480 0.7712 -0.5863
Z 0.1859 -0.5560 -0.8101

PART 49
OFFSET 5.1164 -7.7422 -12.0331
SCALE 1 1 1
X -0.4163 -0.5486 0.7251
Y -0.7422 -0.2556 -0.6195
Z 0.5252 -0.7961 -0.3008

PART 50
OFFSET 5.8043 -6.9219 -11.6379
SCALE 1 1 1
X -0.0883 -0.9832 0.1600
Y -0.4540 -0.1033 -0.8850
Z 0.8866 -0.1508 -0.4372

PART 51
OFFSET 5.9908 -4.7816 -11.8706
SCALE 1 1 1
X -0.1208 -0.8753 0.4682
Y -0.2748 -0.4237 -0.8631
Z 0.9539 -0.2330 -0.1894

PART 52
OFFSET 6.0627 -3.3677 -12.6566
SCALE 1 1 1
X 0.1880 -0.5190 0.8338
Y -0.2769 -0.8425 -0.4621
Z 0.9423 -0.1440 -0.3021

PART 53
OFFSET 5.8210 -2.7855 -13.5366
SCALE 1 1 1
X -0.5236 -0.4643 0.7143
Y -0.7415 0.6612 -0.1137
Z -0.4195 -0.5892 -0.6905

PART 54
OFFSET 4.5678 -7.3908 -13.2492
SCALE 1 1 1
X 0.1049 -0.3381 0.9353
Y 0.5708 -0.7497 -0.3350
Z 0.8144 0.5690 0.1143

PART 55
OFFSET 4.3807 -6.4564 -15.2929
SCALE 1 1 1
X 0.5494 -0.7985 0.2460
Y -0.0599 -0.3313 -0.9416
Z 0.8334 0.5026 -0.2298

PART 56
OFFSET 3.6029 -5.3259 -15.6411
SCALE 1 1 1
X 0.2052 -0.6707 -0.7128
Y -0.4650 0.5740 -0.6740
Z 0.8612 0.4697 -0.1941

PART 57
OFFSET 3.4209 -4.7312 -15.0092
SCALE 1 1 1
X -0.0201 -0.3852 -0.9226
Y -0.5627 0.7671 -0.3080
Z 0.8264 0.5130 -0.2322

PART 58
OFFSET 3.4400 -4.3653 -14.1326
SCALE 1 1 1
X 0.2491 -0.2612 0.9326
Y -0.3074 0.8918 0.3319
Z -0.9184 -0.3694 0.1419

PART 59
OFFSET 5.2260 -7.2114 -13.0390
SCALE 1 1 1
X -0.1651 -0.4483 0.8785
Y 0.5657 -0.7727 -0.2881
Z 0.8079 0.4494 0.3812

PART 60
OFFSET 5.5469 -6.1316 -15.3820
SCALE 1 1 1
X 0.4947 -0.8685 0.0296
Y -0.0659 -0.0715 -0.9953
Z 0.8666 0.4904 -0.0926

PART 61
OFFSET 4.7046 -4.6529 -15.4324
SCALE 1 1 1
X 0.1465 -0.4341 -0.8889
Y -0.4520 0.7699 -0.4505
Z 0.8799 0.4678 -0.0834

PART 62
OFFSET 4.5015 -4.0513 -14.2005
SCALE 1 1 1
X -0.2024 0.2211 -0.9540
Y -0.4314 0.8545 0.2895
Z 0.8792 0.4701 -0.0776

PART 63
OFFSET 4.7210 -4.2910 -13.1658
SCALE 1 1 1
X 0.4555 -0.6461 0.6124
Y -0.2748 0.5523 0.7870
Z -0.8468 -0.5268 0.0741

PART 64
OFFSET 4.2930 -10.2358 -8.6526
SCALE 1 1 1
X -0.1021 -0.6881 0.7184
Y -0.6521 0.5917 0.4740
Z -0.7513 -0.4201 -0.5091

PART 65
OFFSET 7.4935 -5.7077 -14.5030
SCALE 1 1 1
X -0.3586 -0.4608 0.8118
Y 0.5634 -0.8003 -0.2054
Z 0.7443 0.3837 0.5466

PART 66
OFFSET 8.1249 -4.8964 -15.9323
SCALE 1 1 1
X -0.0162 -0.7803 0.6253
Y 0.6995 -0.4557 -0.5505
Z 0.7145 0.4284 0.5532

PART 67
OFFSET 8.1880 -3.9218 -16.6588
SCALE 1 1 1
X 0.3498 -0.9260 0.1419
Y 0.5926 0.1014 -0.7991
Z 0.7256 0.3636 0.5842

PART 68
OFFSET 7.7929 -2.8758 -16.8191
SCALE 1 1 1
X -0.4447 0.3122 0.8395
Y -0.2503 0.8566 -0.4512
Z -0.8600 -0.4108 -0.3028

PART 69
OFFSET 6.5497 -5.9007 -15.0438
SCALE 1 1 1
X 0.0916 -0.9020 0.4219
Y 0.6250 -0.2778 -0.7295
Z 0.7752 0.3305 0.5383

PART 70
OFFSET 6.3709 -4.1386 -15.8681
SCALE 1 1 1
X 0.6237 -0.4412 -0.6453
Y -0.0084 0.8216 -0.5700
Z 0.7816 0.3609 0.5087

PART 71
OFFSET 5.4599 -3.4941 -14.9256
SCALE 1 1 1
X 0.5266 0.0444 -0.8490
Y -0.3743 0.9087 -0.1847
Z 0.7633 0.4150 0.4951

PART 72
OFFSET 4.8579 -3.5467 -13.9677
SCALE 1 1 1
X -0.2134 -0.6410 0.7373
Y -0.5668 0.6959 0.4409
Z -0.7957 -0.3238 -0.5118

PART 73
OFFSET 3.0995 -6.8215 -12.5451
SCALE 1 1 1
X -0.9507 -0.3099 -0.0055
Y -0.2480 0.7712 -0.5863
Z 0.1859 -0.5560 -0.8101

PART 74
OFFSET 3.5136 -6.8873 -11.3611
SCALE 1 1 1
X -0.9507 -0.3099 -0.0055
Y -0.2480 0.7712 -0.5863
Z 0.1859 -0.5560 -0.8101

PART 75
OFFSET 4.1055 -8.3857 -10.3916
SCALE 1 1 1
X -0.9507 -0.3099 -0.0055
Y -0.2480 0.7712 -0.5863
Z 0.1859 -0.5560 -0.8101

PART 76
OFFSET 0.0000 0.0000 0.0000
SCALE 1 1 1
X 1.0000 0.0000 0.0000
Y 0.0000 1.0000 0.0000
Z 0.0000 0.0000 1.0000

PART 77
OFFSET 0.0000 0.0000 0.0000
SCALE 1 1 1
X 1.0000 0.0001 -0.0057
Y -0.0001 1.0000 -0.0000
Z 0.0057 0.0000 1.0000

PART 78
OFFSET 1.5640 0.0002 4.1269
SCALE 1 1 1
X 1.0000 0.0001 -0.0057
Y -0.0001 1.0000 -0.0000
Z 0.0057 0.0000 1.0000

PART 79
OFFSET 13.0441 -0.2451 -18.4563
SCALE 1 1 1
X 0.6950 0.4043 -0.5946
Y -0.4930 0.8699 0.0153
Z 0.5234 0.2825 0.8039

PART 80
OFFSET 10.5031 -2.3597 -19.8450
SCALE 1 1 1
X 0.6752 -0.6111 0.4131
Y 0.7176 0.4146 -0.5597
Z 0.1707 0.6743 0.7184

PART 81
OFFSET 14.3234 -1.6191 -17.4358
SCALE 1 1 1
X 0.7056 0.4100 -0.5780
Y -0.4930 0.8699 0.0153
Z 0.5091 0.2742 0.8159

PART 82
OFFSET 33.1975 11.4447 -33.7945
SCALE 1 1 1
X 0.6950 0.4043 -0.5946
Y -0.4930 0.8699 0.0153
Z 0.5234 0.2825 0.8039

PART 83
OFFSET 11.8267 -0.9551 -16.9109
SCALE 1 1 1
X 0.7178 0.4244 -0.5520
Y -0.4781 0.8768 0.0524
Z 0.5062 0.2263 0.8322

PART 84
OFFSET 11.7843 -1.0285 -16.9723
SCALE 1 1 1
X 0.6950 0.4043 -0.5946
Y -0.4930 0.8699 0.0153
Z 0.5234 0.2825 0.8039

PART 85
OFFSET 9.6449 -2.2464 -13.4106
SCALE 1 1 1
X 0.6950 0.4043 -0.5946
Y -0.4930 0.8699 0.0153
Z 0.5234 0.2825 0.8039

PART 86
OFFSET 29.6136 9.3867 -32.2530
SCALE 1 1 1
X 0.7056 0.4100 -0.5780
Y -0.4930 0.8699 0.0153
Z 0.5091 0.2742 0.8159

PART 87
OFFSET 14.1923 11.8497 -25.3394
SCALE 1 1 1
X 0.5267 0.8499 0.0161
Y -0.1058 0.0467 0.9933
Z 0.8434 -0.5249 0.1145

PART 88
OFFSET 39.7234 15.2371 -39.1635
SCALE 1 1 1
X 0.7056 0.4100 -0.5780
Y -0.4930 0.8699 0.0153
Z 0.5091 0.2742 0.8159

PART 89
OFFSET 9.9316 -0.5476 -15.2728
SCALE 1 1 1
X 0.6950 0.4043 -0.5946
Y -0.4930 0.8699 0.0153
Z 0.5234 0.2825 0.8039

PART 90
OFFSET 17.5955 1.9098 -21.1263
SCALE 1 1 1
X 0.6950 0.4043 -0.5946
Y -0.4930 0.8699 0.0153
Z 0.5234 0.2825 0.8039

PART 91
OFFSET 34.3732 12.1256 -34.6266
SCALE 1 1 1
X 0.7056 0.4100 -0.5780
Y -0.4930 0.8699 0.0153
Z 0.5091 0.2742 0.8159


FRAME 1253
PART 0
OFFSET 14.3911 13.6289 -24.2089
SCALE 1 1 1
X 0.2992 0.1613 -0.9405
Y 0.8258 -0.5376 0.1704
Z -0.4781 -0.8276 -0.2941

PART 1
OFFSET 14.3911 13.6289 -24.2089
SCALE 1 1 1
X 0.2992 0.1613 -0.9405
Y 0.8258 -0.5376 0.1704
Z -0.4781 -0.8276 -0.2941

PART 2
OFFSET 4.8151 -8.0181 -13.8708
SCALE 1 1 1
X -0.2045 -0.4858 0.8498
Y 0.5941 -0.7516 -0.2867
Z 0.7780 0.4462 0.4424

PART 3
OFFSET 4.8151 -8.0181 -13.8708
SCALE 1 1 1
X -0.2045 -0.4858 0.8498
Y 0.5941 -0.7516 -0.2867
Z 0.7780 0.4462 0.4424

PART 4
OFFSET 6.2061 -3.1051 -3.3894
SCALE 1 1 1
X 1.0000 0.0000 0.0000
Y 0.0000 1.0000 0.0000
Z 0.0000 -0.0000 1.0000

PART 5
OFFSET 1.6245 4.2669 -6.2573
SCALE 1 1 1
X 0.3289 0.4097 -0.8509
Y 0.6135 -0.7777 -0.1373
Z -0.7179 -0.4768 -0.5071

PART 6
OFFSET 5.6027 9.2215 -16.5475
SCALE 1 1 1
X 0.7384 0.3652 -0.5669
Y 0.6546 -0.1863 0.7326
Z 0.1619 -0.9121 -0.3766

PART 7
OFFSET 11.8831 12.3274 -21.3696
SCALE 1 1 1
X 0.7384 0.3652 -0.5669
Y 0.2967 0.5791 0.7594
Z 0.6056 -0.7289 0.3192

PART 8
OFFSET 12.1075 14.5979 -22.0774
SCALE 1 1 1
X 0.7340 0.3688 -0.5703
Y -0.1734 0.9137 0.3677
Z 0.6566 -0.1710 0.7346

PART 9
OFFSET 11.9283 12.2655 -23.1395
SCALE 1 1 1
X 0.7340 0.3688 -0.5703
Y -0.1734 0.9137 0.3677
Z 0.6566 -0.1710 0.7346

PART 10
OFFSET 14.0267 14.0249 -20.8710
SCALE 1 1 1
X 0.7340 0.3688 -0.5703
Y -0.1734 0.9137 0.3677
Z 0.6566 -0.1710 0.7346

PART 11
OFFSET 14.1822 12.5730 -21.4264
SCALE 1 1 1
X 0.7340 0.3688 -0.5703
Y -0.1734 0.9137 0.3677
Z 0.6566 -0.1710 0.7346

PART 12
OFFSET 13.7110 11.5247 -22.0427
SCALE 1 1 1
X 0.7340 0.3688 -0.5703
Y -0.1734 0.9137 0.3677
Z 0.6566 -0.1710 0.7346

PART 13
OFFSET 14.1468 13.4469 -23.1076
SCALE 1 1 1
X 0.3137 0.4802 -0.8192
Y 0.3573 0.7396 0.5704
Z 0.8797 -0.4716 0.0604

PART 14
OFFSET 14.9940 14.1829 -22.9009
SCALE 1 1 1
X 0.8962 0.2151 -0.3880
Y 0.2568 0.4616 0.8491
Z 0.3618 -0.8606 0.3585

PART 15
OFFSET 16.9737 14.6453 -23.6335
SCALE 1 1 1
X 0.7452 0.2519 -0.6174
Y 0.5414 0.3119 0.7808
Z 0.3893 -0.9161 0.0961

PART 16
OFFSET 18.1881 14.9308 -24.6660
SCALE 1 1 1
X 0.4027 -0.0806 -0.9118
Y 0.8565 0.3845 0.3443
Z 0.3229 -0.9196 0.2239

PART 17
OFFSET 18.6529 14.8081 -25.6359
SCALE 1 1 1
X 0.2664 0.6105 -0.7459
Y -0.7341 0.6300 0.2534
Z 0.6246 0.4801 0.6159

PART 18
OFFSET 14.2075 12.9659 -24.3993
SCALE 1 1 1
X 0.2163 -0.1260 -0.9682
Y 0.8238 -0.5086 0.2502
Z -0.5240 -0.8517 -0.0062

PART 19
OFFSET 14.8707 12.7445 -26.5431
SCALE 1 1 1
X 0.8266 -0.2838 -0.4860
Y 0.3716 -0.3735 0.8500
Z -0.4228 -0.8832 -0.2032

PART 20
OFFSET 16.0410 12.3426 -27.2312
SCALE 1 1 1
X 0.6834 -0.4590 0.5677
Y -0.6174 0.0516 0.7849
Z -0.3896 -0.8869 -0.2482

PART 21
OFFSET 16.6469 11.9357 -26.7279
SCALE 1 1 1
X 0.4405 -0.4022 0.8026
Y -0.7847 0.2617 0.5619
Z -0.4360 -0.8774 -0.2003

PART 22
OFFSET 17.0654 11.5536 -25.9654
