// Export filename: `C:/cod5/cod/cod5/xanim_export/viewmodel/US/30cal/viewmodel_30cal_breakdown.XANIM_EXPORT`
// Source filename: `C:/cod5/cod/cod5/animation_assets/viewmodel/US/30_cal/viewmodelanimation_30_cal.mb`
// Export time: Wed Aug 06 14:24:59 2008

ANIMATION
VERSION 3

NUMPARTS 96
PART 0 "RingPalm_FK_LE"
PART 1 "RingPalm_SDK_LE"
PART 2 "J_Webbing_RI"
PART 3 "J_Index_RI_0"
PART 4 "J_Index_RI_1"
PART 5 "J_Index_RI_2"
PART 6 "J_Index_RI_3"
PART 7 "J_Mid_RI_0"
PART 8 "J_Mid_RI_1"
PART 9 "J_Mid_RI_2"
PART 10 "J_Mid_RI_3"
PART 11 "tag_cambone"
PART 12 "tag_camera"
PART 13 "tag_gasmask"
PART 14 "J_Index_LE_3"
PART 15 "J_Mid_LE_0"
PART 16 "J_Mid_LE_1"
PART 17 "J_Mid_LE_2"
PART 18 "J_Mid_LE_3"
PART 19 "tag_weapon"
PART 20 "J_Shoulder_RI"
PART 21 "J_Elbow_RI"
PART 22 "J_WristTwist_RI"
PART 23 "J_Sleave_Reshape_Top_RI_3"
PART 24 "J_Sleave_Reshape_Top_RI_2"
PART 25 "J_Sleave_Reshape_Top_RI_1"
PART 26 "J_Wrist_RI"
PART 27 "J_Thumb_RI_0"
PART 28 "J_Thumb_RI_1"
PART 29 "J_Thumb_RI_2"
PART 30 "J_Thumb_RI_3"
PART 31 "J_PinkyPalm_RI"
PART 32 "J_Pinky_RI_0"
PART 33 "J_Pinky_RI_1"
PART 34 "J_Pinky_RI_2"
PART 35 "J_Pinky_RI_3"
PART 36 "J_RingPalm_RI"
PART 37 "J_Ring_RI_0"
PART 38 "J_Ring_RI_1"
PART 39 "J_Ring_RI_2"
PART 40 "J_Ring_RI_3"
PART 41 "RingPalm_FK_RI"
PART 42 "RingPalm_SDK_RI"
PART 43 "tag_torso"
PART 44 "J_Shoulder_LE"
PART 45 "J_Elbow_LE"
PART 46 "J_WristTwist_LE"
PART 47 "J_Sleave_Reshape_Bottom_LE_1"
PART 48 "J_Sleave_Reshape_Bottom_LE_2"
PART 49 "J_Sleave_Reshape_Top_LE_1"
PART 50 "J_Sleave_Reshape_Top_LE_2"
PART 51 "J_Sleave_Reshape_Top_LE_3"
PART 52 "J_Wrist_LE"
PART 53 "J_Thumb_LE_0"
PART 54 "J_Thumb_LE_1"
PART 55 "J_Thumb_LE_2"
PART 56 "J_Thumb_LE_3"
PART 57 "J_PinkyPalm_LE"
PART 58 "J_Pinky_LE_0"
PART 59 "J_Pinky_LE_1"
PART 60 "J_Pinky_LE_2"
PART 61 "J_Pinky_LE_3"
PART 62 "J_RingPalm_LE"
PART 63 "J_Ring_LE_0"
PART 64 "J_Ring_LE_1"
PART 65 "J_Ring_LE_2"
PART 66 "J_Ring_LE_3"
PART 67 "J_Webbing_LE"
PART 68 "J_Index_LE_0"
PART 69 "J_Index_LE_1"
PART 70 "J_Index_LE_2"
PART 71 "J_Gun"
PART 72 "J_Bolt"
PART 73 "J_Clip"
PART 74 "tag_bipod"
PART 75 "tag_top"
PART 76 "ammo01_jnt"
PART 77 "ammo02_jnt"
PART 78 "ammo03_jnt"
PART 79 "ammo04_jnt"
PART 80 "ammo05_jnt"
PART 81 "ammo06_jnt"
PART 82 "ammo07_jnt"
PART 83 "ammo08_jnt"
PART 84 "ammo09_jnt"
PART 85 "ammo10_jnt"
PART 86 "ammo11_jnt"
PART 87 "ammo12_jnt"
PART 88 "ammo13_jnt"
PART 89 "ammo14_jnt"
PART 90 "ammo15_jnt"
PART 91 "ammo16_jnt"
PART 92 "ammo17_jnt"
PART 93 "ammo18_jnt"
PART 94 "ammo19_jnt"
PART 95 "ammo20_jnt"

FRAMERATE 30
NUMFRAMES 72

FRAME 1000
PART 0
OFFSET -1.6506 10.2708 -18.3251
SCALE 1 1 1
X 0.3001 -0.9479 -0.1073
Y 0.0868 -0.0848 0.9926
Z -0.9499 -0.3072 0.0568

PART 1
OFFSET -1.6506 10.2708 -18.3251
SCALE 1 1 1
X 0.3001 -0.9479 -0.1073
Y 0.0868 -0.0848 0.9926
Z -0.9499 -0.3072 0.0568

PART 2
OFFSET -1.1660 -4.1386 -7.8588
SCALE 1 1 1
X -0.8788 -0.3688 0.3028
Y -0.3857 0.9226 0.0042
Z -0.2809 -0.1131 -0.9530

PART 3
OFFSET 6.7673 -3.1807 -8.9175
SCALE 1 1 1
X -0.5601 -0.8211 0.1101
Y 0.8145 -0.5701 -0.1077
Z 0.1512 0.0293 0.9881

PART 4
OFFSET 7.7534 -1.7351 -9.1114
SCALE 1 1 1
X 0.5597 -0.8286 -0.0085
Y 0.8214 0.5561 -0.1265
Z 0.1096 0.0638 0.9919

PART 5
OFFSET 7.0796 -0.7239 -9.0408
SCALE 1 1 1
X 0.9418 0.2941 -0.1627
Y -0.2928 0.9556 0.0324
Z 0.1650 0.0171 0.9861

PART 6
OFFSET 6.0158 -1.0561 -8.8570
SCALE 1 1 1
X 0.0041 -0.9536 0.3011
Y -0.9995 0.0056 0.0315
Z -0.0317 -0.3011 -0.9531

PART 7
OFFSET 6.5135 -3.0166 -9.9801
SCALE 1 1 1
X -0.2763 -0.9611 0.0020
Y 0.9600 -0.2760 -0.0462
Z 0.0450 -0.0108 0.9989

PART 8
OFFSET 7.0532 -1.1390 -9.9840
SCALE 1 1 1
X 0.9049 -0.4219 -0.0562
Y 0.4195 0.9064 -0.0506
Z 0.0723 0.0222 0.9971

PART 9
OFFSET 5.7315 -0.5228 -9.9019
SCALE 1 1 1
X 0.7664 0.6336 -0.1056
Y -0.6385 0.7694 -0.0175
Z 0.0701 0.0809 0.9943

PART 10
OFFSET 4.8625 -1.2405 -9.7894
SCALE 1 1 1
X -0.1843 -0.9825 0.0286
Y -0.9740 0.1865 0.1285
Z -0.1316 -0.0042 -0.9913

PART 11
OFFSET 0.0000 0.0000 0.0000
SCALE 1 1 1
X 1.0000 0.0000 0.0000
Y 0.0000 1.0000 0.0000
Z 0.0000 0.0000 1.0000

PART 12
OFFSET 0.0000 0.0000 0.0000
SCALE 1 1 1
X 1.0000 0.0000 0.0000
Y 0.0000 1.0000 0.0000
Z 0.0000 0.0000 1.0000

PART 13
OFFSET 0.0000 0.0000 0.0000
SCALE 1 1 1
X 1.0000 0.0000 0.0000
Y 0.0000 1.0000 0.0000
Z 0.0000 0.0000 1.0000

PART 14
OFFSET 0.9928 8.7806 -15.3916
SCALE 1 1 1
X 0.2460 -0.9634 0.1062
Y 0.1239 -0.0774 -0.9893
Z 0.9613 0.2566 0.1003

PART 15
OFFSET -0.0577 8.1387 -18.9625
SCALE 1 1 1
X 0.1979 -0.1886 0.9619
Y -0.5161 0.8142 0.2658
Z -0.8334 -0.5490 0.0638

PART 16
OFFSET 0.3289 7.7703 -17.0834
SCALE 1 1 1
X -0.1433 0.2858 0.9475
Y -0.5081 0.8003 -0.3182
Z -0.8493 -0.5271 0.0305

PART 17
OFFSET 0.1196 8.1877 -15.6994
SCALE 1 1 1
X -0.3992 0.6928 0.6006
Y -0.2875 0.5274 -0.7995
Z -0.8706 -0.4918 -0.0114

PART 18
OFFSET -0.3386 8.9684 -15.0188
SCALE 1 1 1
X 0.5454 -0.8366 0.0509
Y -0.0280 -0.0789 -0.9965
Z 0.8377 0.5420 -0.0665

PART 19
OFFSET 11.5307 -0.4261 -8.9251
SCALE 1 1 1
X 0.9874 0.0957 -0.1262
Y -0.0965 0.9953 -0.0000
Z 0.1256 0.0122 0.9920

PART 20
OFFSET -4.5005 -7.9373 -3.1869
SCALE 1 1 1
X 0.2446 -0.2834 0.9273
Y -0.2207 -0.9475 -0.2313
Z 0.9442 -0.1481 -0.2943

PART 21
OFFSET -7.4589 -4.5101 -14.4014
SCALE 1 1 1
X -0.8858 -0.1134 -0.4500
Y 0.3612 0.4403 -0.8220
Z 0.2914 -0.8907 -0.3490

PART 22
OFFSET 0.0751 -3.5455 -10.5739
SCALE 1 1 1
X -0.8858 -0.1134 -0.4500
Y 0.4499 0.0284 -0.8927
Z 0.1140 -0.9931 0.0259

PART 23
OFFSET 0.6828 -2.5179 -8.8317
SCALE 1 1 1
X -0.8887 -0.1136 -0.4441
Y -0.2940 0.8846 0.3621
Z 0.3517 0.4524 -0.8195

PART 24
OFFSET 0.8069 -3.3007 -8.0282
SCALE 1 1 1
X -0.8887 -0.1136 -0.4441
Y -0.2940 0.8846 0.3621
Z 0.3517 0.4524 -0.8195

PART 25
OFFSET 1.6188 -4.4971 -9.1040
SCALE 1 1 1
X -0.8887 -0.1136 -0.4441
Y -0.2940 0.8846 0.3621
Z 0.3517 0.4524 -0.8195

PART 26
OFFSET 2.7907 -3.1978 -9.1944
SCALE 1 1 1
X -0.9878 -0.0986 0.1203
Y -0.1205 -0.0035 -0.9927
Z 0.0983 -0.9951 -0.0084

PART 27
OFFSET 3.3110 -2.7414 -8.2871
SCALE 1 1 1
X -0.6876 -0.5310 -0.4952
Y 0.3079 0.4045 -0.8612
Z 0.6576 -0.7446 -0.1146

PART 28
OFFSET 4.7275 -1.5945 -7.1261
SCALE 1 1 1
X -0.8699 -0.4705 0.1479
Y -0.1104 -0.1065 -0.9882
Z 0.4806 -0.8760 0.0407

PART 29
OFFSET 6.0715 -0.7433 -7.4284
SCALE 1 1 1
X -0.6418 -0.4886 0.5911
Y -0.5004 -0.3173 -0.8056
Z 0.5812 -0.8128 -0.0409

PART 30
OFFSET 6.7474 -0.1723 -8.0520
SCALE 1 1 1
X -0.9502 0.0960 0.2966
Y 0.0789 0.9945 -0.0692
Z -0.3016 -0.0424 -0.9525

PART 31
OFFSET 3.4777 -2.9170 -10.3574
SCALE 1 1 1
X -0.7369 -0.1216 0.6650
Y 0.1694 -0.9855 0.0076
Z 0.6544 0.1182 0.7468

PART 32
OFFSET 5.2079 -2.5058 -11.7437
SCALE 1 1 1
X -0.6951 -0.7180 0.0352
Y 0.6975 -0.6855 -0.2089
Z 0.1741 -0.1207 0.9773

PART 33
OFFSET 6.1921 -1.4893 -11.7934
SCALE 1 1 1
X 0.7386 -0.6486 -0.1839
Y 0.6631 0.7482 0.0243
Z 0.1218 -0.1399 0.9826

PART 34
OFFSET 5.5372 -0.9142 -11.6304
SCALE 1 1 1
X 0.9447 0.3024 -0.1270
Y -0.2868 0.9495 0.1273
Z 0.1591 -0.0838 0.9837

PART 35
OFFSET 4.6398 -1.2015 -11.5098
SCALE 1 1 1
X -0.5655 -0.8152 -0.1250
Y -0.8043 0.5116 0.3021
Z -0.1823 0.2714 -0.9450

PART 36
OFFSET 3.7888 -3.0320 -9.7253
SCALE 1 1 1
X -0.9025 -0.0987 0.4193
Y 0.1237 -0.9918 0.0327
Z 0.4126 0.0814 0.9073

PART 37
OFFSET 6.0724 -2.8096 -10.9476
SCALE 1 1 1
X -0.3687 -0.9265 0.0754
Y 0.8971 -0.3760 -0.2321
Z 0.2434 -0.0179 0.9698

PART 38
OFFSET 6.7002 -1.2323 -11.0760
SCALE 1 1 1
X 0.9104 -0.3471 -0.2253
Y 0.3467 0.9370 -0.0426
Z 0.2259 -0.0393 0.9734

PART 39
OFFSET 5.4385 -0.7513 -10.7638
SCALE 1 1 1
X 0.6445 0.7557 -0.1164
Y -0.7323 0.6538 0.1905
Z 0.2201 -0.0376 0.9748

PART 40
OFFSET 4.7395 -1.5709 -10.6376
SCALE 1 1 1
X -0.0989 -0.9945 0.0345
Y -0.9781 0.1036 0.1807
Z -0.1833 -0.0158 -0.9829

PART 41
OFFSET 3.7888 -3.0320 -9.7253
SCALE 1 1 1
X -0.9025 -0.0987 0.4193
Y 0.1237 -0.9918 0.0327
Z 0.4126 0.0814 0.9073

PART 42
OFFSET 3.7888 -3.0320 -9.7253
SCALE 1 1 1
X -0.9025 -0.0987 0.4193
Y 0.1237 -0.9918 0.0327
Z 0.4126 0.0814 0.9073

PART 43
OFFSET 3.7075 0.0000 -1.3770
SCALE 1 1 1
X 1.0000 0.0000 0.0000
Y 0.0000 1.0000 0.0000
Z 0.0000 0.0000 1.0000

PART 44
OFFSET -0.0838 7.9373 -3.1869
SCALE 1 1 1
X -0.4048 0.7841 -0.4705
Y -0.6587 -0.6069 -0.4447
Z -0.6342 0.1299 0.7621

PART 45
OFFSET -4.9798 17.4197 -8.8769
SCALE 1 1 1
X 0.2624 -0.5225 -0.8113
Y 0.3730 -0.7204 0.5847
Z -0.8900 -0.4560 0.0059

PART 46
OFFSET -2.7484 12.9753 -15.7770
SCALE 1 1 1
X 0.2624 -0.5225 -0.8113
Y 0.8628 0.5035 -0.0453
Z 0.4322 -0.6881 0.5829

PART 47
OFFSET -0.9743 13.5679 -17.3064
SCALE 1 1 1
X 0.2626 -0.5170 -0.8147
Y 0.8838 0.4678 -0.0120
Z 0.3873 -0.7169 0.5797

PART 48
OFFSET -3.6006 13.0170 -17.3295
SCALE 1 1 1
X 0.2626 -0.5170 -0.8147
Y 0.8838 0.4678 -0.0120
Z 0.3873 -0.7169 0.5797

PART 49
OFFSET -0.3978 11.6710 -16.5423
SCALE 1 1 1
X 0.2626 -0.5170 -0.8147
Y 0.8838 0.4678 -0.0120
Z 0.3873 -0.7169 0.5797

PART 50
OFFSET -1.8932 10.9259 -16.4232
SCALE 1 1 1
X 0.2626 -0.5170 -0.8147
Y 0.8838 0.4678 -0.0120
Z 0.3873 -0.7169 0.5797

PART 51
OFFSET -3.4699 10.5238 -16.2043
SCALE 1 1 1
X 0.2626 -0.5170 -0.8147
Y 0.8838 0.4678 -0.0120
Z 0.3873 -0.7169 0.5797

PART 52
OFFSET -1.9441 11.3734 -18.2640
SCALE 1 1 1
X 0.5750 -0.8061 -0.1398
Y 0.8071 0.5869 -0.0647
Z 0.1342 -0.0757 0.9881

PART 53
OFFSET -0.8515 11.5461 -17.9836
SCALE 1 1 1
X 0.7712 0.0580 0.6340
Y 0.1911 0.9288 -0.3174
Z -0.6073 0.3659 0.7052

PART 54
OFFSET 0.7979 11.7843 -16.6079
SCALE 1 1 1
X 0.5762 -0.6580 0.4848
Y 0.6108 0.7408 0.2795
Z -0.5430 0.1351 0.8288

PART 55
OFFSET 1.6308 10.6929 -15.7492
SCALE 1 1 1
X 0.0772 -0.9244 0.3735
Y 0.8155 0.2741 0.5097
Z -0.5735 0.2652 0.7751

PART 56
OFFSET 1.7019 9.7101 -15.3011
SCALE 1 1 1
X 0.5935 -0.7963 -0.1171
Y 0.1470 0.2503 -0.9569
Z 0.7913 0.5507 0.2656

PART 57
OFFSET -2.2947 10.0476 -18.1134
SCALE 1 1 1
X 0.0164 -0.9992 -0.0353
Y 0.0742 -0.0340 0.9967
Z -0.9971 -0.0190 0.0736

PART 58
OFFSET -2.1034 7.8010 -18.0813
SCALE 1 1 1
X 0.1667 -0.2160 0.9621
Y -0.2031 0.9473 0.2479
Z -0.9649 -0.2367 0.1140

PART 59
OFFSET -1.8674 7.4952 -16.7192
SCALE 1 1 1
X 0.0766 0.2833 0.9560
Y -0.3027 0.9202 -0.2484
Z -0.9500 -0.2703 0.1562

PART 60
OFFSET -1.7995 7.7463 -15.8716
SCALE 1 1 1
X -0.1182 0.8555 0.5041
Y -0.2181 0.4729 -0.8537
Z -0.9687 -0.2109 0.1307

PART 61
OFFSET -1.9119 8.5591 -15.3927
SCALE 1 1 1
X 0.3675 -0.9207 0.1314
Y -0.2110 -0.2202 -0.9524
Z 0.9058 0.3222 -0.2752

PART 62
OFFSET -1.6506 10.2708 -18.3251
SCALE 1 1 1
X 0.3001 -0.9479 -0.1073
Y 0.0868 -0.0848 0.9926
Z -0.9499 -0.3072 0.0568

PART 63
OFFSET -1.0147 7.7671 -18.6170
SCALE 1 1 1
X 0.1232 -0.0987 0.9875
Y -0.3697 0.9188 0.1380
Z -0.9210 -0.3821 0.0767

PART 64
OFFSET -0.8050 7.5989 -16.9358
SCALE 1 1 1
X -0.0621 0.3837 0.9214
Y -0.4005 0.8360 -0.3752
Z -0.9142 -0.3923 0.1017

PART 65
OFFSET -0.8911 8.1307 -15.6589
SCALE 1 1 1
X -0.2465 0.7262 0.6418
Y -0.3233 0.5627 -0.7608
Z -0.9136 -0.3950 0.0961

PART 66
OFFSET -1.1584 8.9183 -14.9628
SCALE 1 1 1
X 0.3417 -0.9358 -0.0865
Y -0.0841 0.0613 -0.9946
Z 0.9360 0.3471 -0.0578

PART 67
OFFSET 1.1818 9.7796 -18.2681
SCALE 1 1 1
X 0.4222 -0.8930 0.1557
Y 0.0703 -0.1390 -0.9878
Z 0.9038 0.4280 0.0041

PART 68
OFFSET 0.8551 8.7030 -19.2248
SCALE 1 1 1
X 0.2169 -0.3325 0.9178
Y -0.4424 0.8046 0.3960
Z -0.8702 -0.4920 0.0275

PART 69
OFFSET 1.2371 8.1177 -17.6089
SCALE 1 1 1
X -0.0928 0.1505 0.9842
Y -0.5251 0.8325 -0.1768
Z -0.8460 -0.5332 0.0018

PART 70
OFFSET 1.1757 8.3330 -16.4124
SCALE 1 1 1
X -0.1619 0.3962 0.9038
Y -0.4824 0.7672 -0.4227
Z -0.8609 -0.5044 0.0669

PART 71
OFFSET 11.5307 -0.4261 -8.9251
SCALE 1 1 1
X 0.9874 0.0957 -0.1262
Y -0.0965 0.9953 0.0000
Z 0.1256 0.0122 0.9920

PART 72
OFFSET 14.0395 -1.6745 -7.8814
SCALE 1 1 1
X 0.9897 0.0959 -0.1059
Y -0.0965 0.9953 0.0000
Z 0.1054 0.0102 0.9944

PART 73
OFFSET 16.1132 1.3834 -7.6900
SCALE 1 1 1
X 0.9874 0.0957 -0.1262
Y -0.0965 0.9953 -0.0000
Z 0.1256 0.0122 0.9920

PART 74
OFFSET 35.7772 1.9243 -11.6821
SCALE 1 1 1
X 0.9842 0.0954 -0.1493
Y -0.0965 0.9953 0.0000
Z 0.1486 0.0144 0.9888

PART 75
OFFSET 18.5843 0.2577 -7.4623
SCALE 1 1 1
X 0.9874 0.0957 -0.1262
Y -0.0965 0.9953 -0.0000
Z 0.1256 0.0122 0.9920

PART 76
OFFSET 15.9509 0.5926 -7.7463
SCALE 1 1 1
X 0.1256 0.0122 0.9920
Y -0.0965 0.9953 0.0000
Z -0.9874 -0.0957 0.1262

PART 77
OFFSET 15.8979 0.9795 -7.8695
SCALE 1 1 1
X 0.0166 0.7310 0.6821
Y -0.1551 0.6759 -0.7205
Z -0.9878 -0.0938 0.1246

PART 78
OFFSET 15.8444 1.1180 -8.2009
SCALE 1 1 1
X -0.0636 0.9707 0.2316
Y -0.1352 0.2216 -0.9657
Z -0.9888 -0.0927 0.1172

PART 79
OFFSET 15.7773 1.2455 -8.6828
SCALE 1 1 1
X -0.0472 0.9475 0.3163
Y -0.1331 0.3079 -0.9421
Z -0.9900 -0.0866 0.1116

PART 80
OFFSET 15.6973 1.4568 -9.2475
SCALE 1 1 1
X -0.0300 0.9230 0.3836
Y -0.1291 0.3769 -0.9172
Z -0.9912 -0.0770 0.1079

PART 81
OFFSET 15.6190 1.7046 -9.8173
SCALE 1 1 1
X -0.0180 0.9094 0.4155
Y -0.1199 0.4106 -0.9039
Z -0.9926 -0.0661 0.1017

PART 82
OFFSET 15.5535 1.9368 -10.3302
SCALE 1 1 1
X -0.0166 0.9169 0.3987
Y -0.1127 0.3945 -0.9120
Z -0.9935 -0.0601 0.0968

PART 83
OFFSET 15.4971 2.1070 -10.7881
SCALE 1 1 1
X -0.0328 0.9602 0.2773
Y -0.1192 0.2717 -0.9550
Z -0.9923 -0.0644 0.1056

PART 84
OFFSET 15.4421 2.1722 -11.2092
SCALE 1 1 1
X -0.0579 0.9980 0.0264
Y -0.1362 0.0183 -0.9905
Z -0.9890 -0.0610 0.1349

PART 85
OFFSET 15.3834 2.1395 -11.6195
SCALE 1 1 1
X -0.0466 0.9885 -0.1436
Y -0.1443 -0.1489 -0.9783
Z -0.9884 -0.0248 0.1496

PART 86
OFFSET 15.3187 2.0652 -12.0523
SCALE 1 1 1
X -0.0048 0.9866 -0.1629
Y -0.1470 -0.1618 -0.9758
Z -0.9891 0.0192 0.1458

PART 87
OFFSET 15.2475 1.9962 -12.5343
SCALE 1 1 1
X 0.0312 0.9910 -0.1305
Y -0.1393 -0.1250 -0.9823
Z -0.9898 0.0488 0.1342

PART 88
OFFSET 15.1782 1.9321 -13.0633
SCALE 1 1 1
X 0.0496 0.9910 -0.1244
Y -0.1168 -0.1179 -0.9861
Z -0.9919 0.0634 0.1099

PART 89
OFFSET 15.1203 1.8614 -13.6295
SCALE 1 1 1
X 0.0614 0.9891 -0.1342
Y -0.0862 -0.1287 -0.9879
Z -0.9944 0.0722 0.0774

PART 90
OFFSET 15.0742 1.7861 -14.2118
SCALE 1 1 1
X 0.0687 0.9893 -0.1284
Y -0.0742 -0.1233 -0.9896
Z -0.9949 0.0775 0.0649

PART 91
OFFSET 15.0302 1.7225 -14.7775
SCALE 1 1 1
X 0.0569 0.9934 -0.0998
Y -0.0838 -0.0949 -0.9920
Z -0.9949 0.0649 0.0779

PART 92
OFFSET 14.9794 1.6823 -15.3102
SCALE 1 1 1
X 0.0146 0.9982 -0.0582
Y -0.1054 -0.0563 -0.9928
Z -0.9943 0.0206 0.1044

PART 93
OFFSET 14.9159 1.6582 -15.8605
SCALE 1 1 1
X -0.0410 0.9987 -0.0296
Y -0.1217 -0.0344 -0.9920
Z -0.9917 -0.0371 0.1229

PART 94
OFFSET 14.8356 1.6423 -16.4885
SCALE 1 1 1
X -0.0766 0.9969 0.0161
Y -0.1329 0.0058 -0.9911
Z -0.9882 -0.0780 0.1320

PART 95
OFFSET 14.7476 1.7273 -17.0789
SCALE 1 1 1
X -0.0369 0.9196 0.3911
Y -0.1612 0.3807 -0.9105
Z -0.9862 -0.0967 0.1342


FRAME 1001
PART 0
OFFSET 1.1977 10.6529 -18.7728
SCALE 1 1 1
X 0.4199 -0.8929 -0.1625
Y -0.1415 -0.2413 0.9601
Z -0.8965 -0.3801 -0.2277

PART 1
OFFSET 1.1977 10.6529 -18.7728
SCALE 1 1 1
X 0.4199 -0.8929 -0.1625
Y -0.1415 -0.2413 0.9601
Z -0.8965 -0.3801 -0.2277

PART 2
OFFSET -1.8993 -4.4739 -8.4125
SCALE 1 1 1
X -0.8880 -0.3785 0.2610
Y -0.3966 0.9178 -0.0185
Z -0.2326 -0.1199 -0.9652

PART 3
OFFSET 6.0640 -3.4223 -9.0860
SCALE 1 1 1
X -0.5549 -0.8275 0.0860
Y 0.8256 -0.5604 -0.0654
Z 0.1023 0.0347 0.9941

PART 4
OFFSET 7.0409 -1.9653 -9.2374
SCALE 1 1 1
X 0.5695 -0.8217 0.0223
Y 0.8198 0.5658 -0.0885
Z 0.0601 0.0687 0.9958

PART 5
OFFSET 6.3523 -0.9622 -9.2040
SCALE 1 1 1
X 0.9450 0.3051 -0.1176
Y -0.3056 0.9521 0.0141
Z 0.1163 0.0226 0.9930

PART 6
OFFSET 5.2848 -1.3068 -9.0711
SCALE 1 1 1
X 0.0009 -0.9524 0.3049
Y -0.9998 -0.0066 -0.0174
Z 0.0186 -0.3048 -0.9522

PART 7
OFFSET 5.8606 -3.2650 -10.1605
SCALE 1 1 1
X -0.2644 -0.9644 -0.0075
Y 0.9644 -0.2644 0.0019
Z -0.0039 -0.0068 1.0000

PART 8
OFFSET 6.3770 -1.3810 -10.1457
SCALE 1 1 1
X 0.9116 -0.4109 -0.0102
Y 0.4104 0.9113 -0.0338
Z 0.0231 0.0266 0.9994

PART 9
OFFSET 5.0455 -0.7808 -10.1309
SCALE 1 1 1
X 0.7629 0.6426 -0.0706
Y -0.6462 0.7614 -0.0519
Z 0.0204 0.0852 0.9962

PART 10
OFFSET 4.1809 -1.5087 -10.0580
SCALE 1 1 1
X -0.1736 -0.9845 0.0236
Y -0.9813 0.1749 0.0800
Z -0.0829 -0.0093 -0.9965

PART 11
OFFSET 0.0000 0.0000 0.0000
SCALE 1 1 1
X 1.0000 0.0000 0.0000
Y 0.0000 1.0000 0.0000
Z 0.0000 0.0000 1.0000

PART 12
OFFSET 0.0255 0.0648 -0.0268
SCALE 1 1 1
X 1.0000 -0.0004 -0.0012
Y 0.0004 1.0000 -0.0009
Z 0.0012 0.0009 1.0000

PART 13
OFFSET 0.0000 0.0000 0.0000
SCALE 1 1 1
X 1.0000 -0.0004 -0.0012
Y 0.0004 1.0000 -0.0009
Z 0.0012 0.0009 1.0000

PART 14
OFFSET 3.5403 8.5012 -15.4998
SCALE 1 1 1
X 0.3709 -0.9211 -0.1185
Y 0.2625 0.2264 -0.9380
Z 0.8908 0.3168 0.3258

PART 15
OFFSET 3.1219 8.7762 -19.2875
SCALE 1 1 1
X 0.0597 -0.4112 0.9096
Y -0.6485 0.6767 0.3485
Z -0.7588 -0.6107 -0.2262

PART 16
OFFSET 3.2386 7.9729 -17.5105
SCALE 1 1 1
X -0.3157 0.0015 0.9489
Y -0.5522 0.8129 -0.1850
Z -0.7717 -0.5824 -0.2558

PART 17
OFFSET 2.7775 7.9752 -16.1246
SCALE 1 1 1
X -0.5614 0.4498 0.6947
Y -0.2437 0.7123 -0.6582
Z -0.7909 -0.5388 -0.2902

PART 18
OFFSET 2.1363 8.4803 -15.3394
SCALE 1 1 1
X 0.6367 -0.7654 -0.0937
Y 0.1154 0.2147 -0.9698
Z 0.7625 0.6067 0.2250

PART 19
OFFSET 10.7884 -0.6093 -8.8721
SCALE 1 1 1
X 0.9911 0.1074 -0.0781
Y -0.1084 0.9941 -0.0088
Z 0.0767 0.0172 0.9969

PART 20
OFFSET -4.3881 -7.9373 -3.1869
SCALE 1 1 1
X 0.3206 -0.2151 0.9225
Y -0.1941 -0.9681 -0.1583
Z 0.9271 -0.1283 -0.3522

PART 21
OFFSET -8.2656 -5.3355 -14.3430
SCALE 1 1 1
X -0.8964 -0.1596 -0.4136
Y 0.3212 0.4094 -0.8540
Z 0.3056 -0.8983 -0.3157

PART 22
OFFSET -0.6417 -3.9784 -10.8250
SCALE 1 1 1
X -0.8964 -0.1596 -0.4136
Y 0.4160 0.0199 -0.9092
Z 0.1533 -0.9870 0.0485

PART 23
OFFSET -0.0023 -2.8669 -9.1608
SCALE 1 1 1
X -0.8991 -0.1595 -0.4076
Y -0.3076 0.8928 0.3291
Z 0.3114 0.4213 -0.8518

PART 24
OFFSET 0.1733 -3.6143 -8.3273
SCALE 1 1 1
X -0.8991 -0.1595 -0.4076
Y -0.3076 0.8928 0.3291
Z 0.3114 0.4213 -0.8518

PART 25
OFFSET 0.9657 -4.8280 -9.3363
SCALE 1 1 1
X -0.8991 -0.1595 -0.4076
Y -0.3076 0.8928 0.3291
Z 0.3114 0.4213 -0.8518

PART 26
OFFSET 2.1063 -3.4892 -9.5569
SCALE 1 1 1
X -0.9913 -0.1103 0.0723
Y -0.0718 -0.0085 -0.9974
Z 0.1107 -0.9939 0.0005

PART 27
OFFSET 2.5760 -3.0233 -8.6272
SCALE 1 1 1
X -0.6561 -0.5412 -0.5260
Y 0.3447 0.4052 -0.8468
Z 0.6714 -0.7369 -0.0793

PART 28
OFFSET 3.9200 -1.8549 -7.4031
SCALE 1 1 1
X -0.8704 -0.4806 0.1071
Y -0.0606 -0.1113 -0.9919
Z 0.4886 -0.8698 0.0678

PART 29
OFFSET 5.2667 -0.9883 -7.6428
SCALE 1 1 1
X -0.6640 -0.4944 0.5610
Y -0.4565 -0.3263 -0.8277
Z 0.5923 -0.8057 -0.0090

PART 30
OFFSET 5.9654 -0.4113 -8.2350
SCALE 1 1 1
X -0.9646 0.0854 0.2494
Y 0.0701 0.9951 -0.0694
Z -0.2541 -0.0495 -0.9659

PART 31
OFFSET 2.8459 -3.2042 -10.6862
SCALE 1 1 1
X -0.7670 -0.1283 0.6286
Y 0.1808 -0.9833 0.0199
Z 0.6156 0.1289 0.7774

PART 32
OFFSET 4.6368 -2.7766 -11.9879
SCALE 1 1 1
X -0.6873 -0.7264 0.0041
Y 0.7151 -0.6776 -0.1717
Z 0.1275 -0.1151 0.9851

PART 33
OFFSET 5.6099 -1.7482 -11.9936
SCALE 1 1 1
X 0.7545 -0.6401 -0.1449
Y 0.6520 0.7563 0.0537
Z 0.0752 -0.1349 0.9880

PART 34
OFFSET 4.9409 -1.1807 -11.8652
SCALE 1 1 1
X 0.9460 0.3135 -0.0819
Y -0.3042 0.9463 0.1092
Z 0.1117 -0.0784 0.9906

PART 35
OFFSET 4.0421 -1.4786 -11.7874
SCALE 1 1 1
X -0.5488 -0.8225 -0.1492
Y -0.8243 0.5027 0.2603
Z -0.1391 0.2658 -0.9539

PART 36
OFFSET 3.1271 -3.3130 -10.0391
SCALE 1 1 1
X -0.9206 -0.1084 0.3751
Y 0.1340 -0.9901 0.0428
Z 0.3667 0.0897 0.9260

PART 37
OFFSET 5.4649 -3.0669 -11.1492
SCALE 1 1 1
X -0.3607 -0.9307 0.0612
Y 0.9119 -0.3657 -0.1864
Z 0.1958 -0.0115 0.9806

PART 38
OFFSET 6.0791 -1.4825 -11.2533
SCALE 1 1 1
X 0.9244 -0.3367 -0.1791
Y 0.3370 0.9410 -0.0295
Z 0.1785 -0.0331 0.9834

PART 39
OFFSET 4.7979 -1.0159 -11.0051
SCALE 1 1 1
X 0.6402 0.7632 -0.0878
Y -0.7486 0.6454 0.1518
Z 0.1725 -0.0314 0.9845

PART 40
OFFSET 4.1036 -1.8436 -10.9098
SCALE 1 1 1
X -0.0884 -0.9955 0.0337
Y -0.9869 0.0922 0.1322
Z -0.1347 -0.0216 -0.9906

PART 41
OFFSET 3.1271 -3.3130 -10.0391
SCALE 1 1 1
X -0.9206 -0.1084 0.3751
Y 0.1340 -0.9901 0.0428
Z 0.3667 0.0897 0.9260

PART 42
OFFSET 3.1271 -3.3130 -10.0391
SCALE 1 1 1
X -0.9206 -0.1084 0.3751
Y 0.1340 -0.9901 0.0428
Z 0.3667 0.0897 0.9260

PART 43
OFFSET 3.7075 0.0000 -1.3770
SCALE 1 1 1
X 1.0000 0.0000 0.0000
Y 0.0000 1.0000 0.0000
Z 0.0000 0.0000 1.0000

PART 44
OFFSET 0.5783 8.9402 -3.0950
SCALE 1 1 1
X -0.3973 0.7167 -0.5732
Y -0.5152 -0.6910 -0.5069
Z -0.7594 0.0939 0.6438

PART 45
OFFSET -4.2260 17.6077 -10.0272
SCALE 1 1 1
X 0.4325 -0.5100 -0.7435
Y 0.3514 -0.6641 0.6599
Z -0.8304 -0.5466 -0.1080

PART 46
OFFSET -0.5478 13.2697 -16.3514
SCALE 1 1 1
X 0.4325 -0.5100 -0.7435
Y 0.8757 0.4340 0.2116
Z 0.2148 -0.7426 0.6343

PART 47
OFFSET 1.3639 14.0113 -17.6265
SCALE 1 1 1
X 0.4326 -0.5045 -0.7472
Y 0.8240 0.5576 0.1006
Z 0.3658 -0.6592 0.6570

PART 48
OFFSET -1.1569 13.1871 -18.0129
SCALE 1 1 1
X 0.4326 -0.5045 -0.7472
Y 0.8240 0.5576 0.1006
Z 0.3658 -0.6592 0.6570

PART 49
OFFSET 2.0082 12.2000 -16.7121
SCALE 1 1 1
X 0.4326 -0.5045 -0.7472
Y 0.8240 0.5576 0.1006
Z 0.3658 -0.6592 0.6570

PART 50
OFFSET 0.5964 11.3075 -16.7870
SCALE 1 1 1
X 0.4326 -0.5045 -0.7472
Y 0.8240 0.5576 0.1006
Z 0.3658 -0.6592 0.6570

PART 51
OFFSET -0.9425 10.7559 -16.7912
SCALE 1 1 1
X 0.4326 -0.5045 -0.7472
Y 0.8240 0.5576 0.1006
Z 0.3658 -0.6592 0.6570

PART 52
OFFSET 0.7780 11.7061 -18.6309
SCALE 1 1 1
X 0.6772 -0.7283 -0.1045
Y 0.7295 0.6462 0.2242
Z -0.0957 -0.2281 0.9689

PART 53
OFFSET 1.7473 11.9084 -18.0637
SCALE 1 1 1
X 0.6348 -0.0216 0.7724
Y 0.1942 0.9720 -0.1324
Z -0.7479 0.2341 0.6212

PART 54
OFFSET 3.0949 11.9718 -16.3756
SCALE 1 1 1
X 0.5312 -0.6822 0.5024
Y 0.4847 0.7311 0.4802
Z -0.6949 -0.0115 0.7190

PART 55
OFFSET 3.8456 10.8256 -15.5126
SCALE 1 1 1
X 0.0884 -0.9592 0.2687
Y 0.6821 0.2549 0.6854
Z -0.7259 0.1227 0.6767

PART 56
OFFSET 3.9196 9.7983 -15.1794
SCALE 1 1 1
X 0.6721 -0.7343 -0.0951
Y 0.2962 0.3844 -0.8743
Z 0.6786 0.5595 0.4759

PART 57
OFFSET 0.5506 10.3518 -18.7635
SCALE 1 1 1
X 0.1347 -0.9758 -0.1721
Y -0.1602 -0.1929 0.9681
Z -0.9778 -0.1029 -0.1823

PART 58
OFFSET 0.9761 8.1506 -19.0050
SCALE 1 1 1
X 0.0140 -0.4493 0.8933
Y -0.3619 0.8305 0.4234
Z -0.9321 -0.3293 -0.1509

PART 59
OFFSET 0.9960 7.5145 -17.7403
SCALE 1 1 1
X -0.1559 0.0789 0.9846
Y -0.3568 0.9250 -0.1307
Z -0.9211 -0.3717 -0.1161

PART 60
OFFSET 0.8577 7.5845 -16.8673
SCALE 1 1 1
X -0.3230 0.7137 0.6216
Y -0.0974 0.6282 -0.7719
Z -0.9414 -0.3098 -0.1334

PART 61
OFFSET 0.5509 8.2626 -16.2768
SCALE 1 1 1
X 0.4443 -0.8954 0.0285
Y 0.0154 -0.0242 -0.9996
Z 0.8958 0.4445 0.0030

PART 62
OFFSET 1.1977 10.6529 -18.7728
SCALE 1 1 1
X 0.4199 -0.8929 -0.1625
Y -0.1415 -0.2413 0.9601
Z -0.8965 -0.3801 -0.2277

PART 63
OFFSET 2.1574 8.2844 -19.2496
SCALE 1 1 1
X -0.0399 -0.3487 0.9364
Y -0.4854 0.8259 0.2869
Z -0.8734 -0.4431 -0.2022

PART 64
OFFSET 2.0896 7.6907 -17.6554
SCALE 1 1 1
X -0.2584 0.1142 0.9593
Y -0.4199 0.8810 -0.2180
Z -0.8700 -0.4592 -0.1797

PART 65
OFFSET 1.7315 7.8490 -16.3259
SCALE 1 1 1
X -0.4239 0.4933 0.7596
Y -0.2581 0.7382 -0.6233
Z -0.8682 -0.4602 -0.1856

PART 66
OFFSET 1.2718 8.3839 -15.5021
SCALE 1 1 1
X 0.4520 -0.8484 -0.2754
Y 0.0690 0.3411 -0.9375
Z 0.8893 0.4047 0.2128

PART 67
OFFSET 3.9727 10.3648 -18.0778
SCALE 1 1 1
X 0.4695 -0.8736 0.1277
Y 0.3168 0.0317 -0.9480
Z 0.8241 0.4855 0.2917

PART 68
OFFSET 4.0027 9.4404 -19.2292
SCALE 1 1 1
X 0.1028 -0.5227 0.8463
Y -0.6135 0.6363 0.4676
Z -0.7829 -0.5673 -0.2553

PART 69
OFFSET 4.1837 8.5201 -17.7392
SCALE 1 1 1
X -0.2543 -0.1361 0.9575
Y -0.6116 0.7895 -0.0503
Z -0.7491 -0.5984 -0.2840

PART 70
OFFSET 3.9201 8.3910 -16.5579
SCALE 1 1 1
X -0.3362 0.0975 0.9367
Y -0.5318 0.8012 -0.2743
Z -0.7773 -0.5904 -0.2175

PART 71
OFFSET 10.7884 -0.6093 -8.8721
SCALE 1 1 1
X 0.9911 0.1074 -0.0781
Y -0.1084 0.9941 -0.0088
Z 0.0767 0.0172 0.9969

PART 72
OFFSET 13.2580 -1.8231 -7.7017
SCALE 1 1 1
X 0.9925 0.1077 -0.0578
Y -0.1084 0.9941 -0.0088
Z 0.0565 0.0150 0.9983

PART 73
OFFSET 15.2826 1.2608 -7.4218
SCALE 1 1 1
X 0.9911 0.1074 -0.0781
Y -0.1084 0.9941 -0.0088
Z 0.0767 0.0172 0.9969

PART 74
OFFSET 35.1105 2.0295 -10.4499
SCALE 1 1 1
X 0.9891 0.1070 -0.1012
Y -0.1084 0.9941 -0.0088
Z 0.0997 0.0197 0.9948

PART 75
OFFSET 17.7531 0.1664 -7.0689
SCALE 1 1 1
X 0.9911 0.1074 -0.0781
Y -0.1084 0.9941 -0.0088
Z 0.0767 0.0172 0.9969

PART 76
OFFSET 15.1221 0.5725 -7.4765
SCALE 1 1 1
X 0.0767 0.0172 0.9969
Y -0.1084 0.9941 -0.0088
Z -0.9911 -0.1074 0.0781

PART 77
OFFSET 15.0656 1.0006 -7.5957
SCALE 1 1 1
X -0.0044 0.6166 0.7873
Y -0.1344 0.7798 -0.6114
Z -0.9909 -0.1085 0.0795

PART 78
OFFSET 15.0193 1.2027 -7.9196
SCALE 1 1 1
X -0.0753 0.9428 0.3247
Y -0.1001 0.3168 -0.9432
Z -0.9921 -0.1035 0.0705

PART 79
OFFSET 14.9750 1.3263 -8.4123
SCALE 1 1 1
X -0.0854 0.9727 0.2159
Y -0.0782 0.2095 -0.9747
Z -0.9933 -0.1002 0.0582

PART 80
OFFSET 14.9300 1.4476 -9.0169
SCALE 1 1 1
X -0.0855 0.9772 0.1943
Y -0.0685 0.1888 -0.9796
Z -0.9940 -0.0971 0.0508

PART 81
OFFSET 14.8873 1.5714 -9.6554
SCALE 1 1 1
X -0.0835 0.9762 0.2001
Y -0.0630 0.1953 -0.9787
Z -0.9945 -0.0943 0.0452

PART 82
OFFSET 14.8494 1.6904 -10.2601
SCALE 1 1 1
X -0.0858 0.9797 0.1813
Y -0.0604 0.1765 -0.9824
Z -0.9945 -0.0952 0.0441

PART 83
OFFSET 14.8157 1.7623 -10.8094
SCALE 1 1 1
X -0.0942 0.9934 0.0660
Y -0.0615 0.0604 -0.9963
Z -0.9937 -0.0979 0.0554

PART 84
OFFSET 14.7849 1.7385 -11.2948
SCALE 1 1 1
X -0.0967 0.9820 -0.1621
Y -0.0652 -0.1688 -0.9835
Z -0.9932 -0.0845 0.0804

PART 85
OFFSET 14.7536 1.6238 -11.7363
SCALE 1 1 1
X -0.0696 0.9507 -0.3023
Y -0.0722 -0.3070 -0.9490
Z -0.9950 -0.0443 0.0900

PART 86
OFFSET 14.7168 1.4767 -12.1835
SCALE 1 1 1
X -0.0237 0.9564 -0.2912
Y -0.0844 -0.2922 -0.9526
Z -0.9962 0.0020 0.0876

PART 87
OFFSET 14.6725 1.3461 -12.6767
SCALE 1 1 1
X 0.0148 0.9740 -0.2262
Y -0.0840 -0.2242 -0.9709
Z -0.9964 0.0334 0.0785

PART 88
OFFSET 14.6322 1.2348 -13.2141
SCALE 1 1 1
X 0.0374 0.9817 -0.1868
Y -0.0588 -0.1845 -0.9811
Z -0.9976 0.0476 0.0508

PART 89
OFFSET 14.6101 1.1345 -13.7835
SCALE 1 1 1
X 0.0536 0.9850 -0.1643
Y -0.0190 -0.1635 -0.9864
Z -0.9984 0.0560 0.0100

PART 90
OFFSET 14.6042 1.0453 -14.3636
SCALE 1 1 1
X 0.0626 0.9883 -0.1391
Y -0.0064 -0.1390 -0.9903
Z -0.9980 0.0629 -0.0024

PART 91
OFFSET 14.5964 0.9760 -14.9243
SCALE 1 1 1
X 0.0498 0.9933 -0.1048
Y -0.0278 -0.1035 -0.9942
Z -0.9984 0.0524 0.0225

PART 92
OFFSET 14.5714 0.9327 -15.4523
SCALE 1 1 1
X 0.0054 0.9981 -0.0608
Y -0.0647 -0.0604 -0.9961
Z -0.9979 0.0094 0.0643

PART 93
OFFSET 14.5290 0.9090 -16.0029
SCALE 1 1 1
X -0.0508 0.9984 -0.0248
Y -0.0849 -0.0290 -0.9960
Z -0.9951 -0.0485 0.0862

PART 94
OFFSET 14.4727 0.8995 -16.6403
SCALE 1 1 1
X -0.0878 0.9958 0.0277
Y -0.0918 0.0196 -0.9956
Z -0.9919 -0.0900 0.0897

PART 95
OFFSET 14.4079 0.9942 -17.2464
SCALE 1 1 1
X -0.0659 0.9159 0.3960
Y -0.1241 0.3862 -0.9140
Z -0.9901 -0.1094 0.0882


FRAME 1002
PART 0
OFFSET 4.1766 11.2647 -18.8474
SCALE 1 1 1
X 0.5575 -0.8046 -0.2045
Y -0.3281 -0.4398 0.8360
Z -0.7626 -0.3990 -0.5092

PART 1
OFFSET 4.1766 11.2647 -18.8474
SCALE 1 1 1
X 0.5575 -0.8046 -0.2045
Y -0.3281 -0.4398 0.8360
Z -0.7626 -0.3990 -0.5092

PART 2
OFFSET -2.6118 -4.8014 -8.9874
SCALE 1 1 1
X -0.8959 -0.3882 0.2160
Y -0.4057 0.9131 -0.0417
Z -0.1811 -0.1250 -0.9755

PART 3
OFFSET 5.3630 -3.6587 -9.2526
SCALE 1 1 1
X -0.5490 -0.8337 0.0598
Y 0.8343 -0.5509 -0.0211
Z 0.0505 0.0383 0.9980

PART 4
OFFSET 6.3296 -2.1909 -9.3579
SCALE 1 1 1
X 0.5770 -0.8150 0.0541
Y 0.8167 0.5751 -0.0479
Z 0.0079 0.0718 0.9974

PART 5
OFFSET 5.6286 -1.1958 -9.3631
SCALE 1 1 1
X 0.9463 0.3158 -0.0697
Y -0.3168 0.9485 -0.0046
Z 0.0647 0.0264 0.9976

PART 6
OFFSET 4.5598 -1.5524 -9.2843
SCALE 1 1 1
X -0.0038 -0.9516 0.3074
Y -0.9975 -0.0183 -0.0689
Z 0.0712 -0.3069 -0.9491

PART 7
OFFSET 5.2135 -3.5064 -10.3366
SCALE 1 1 1
X -0.2525 -0.9674 -0.0182
Y 0.9660 -0.2531 0.0525
Z -0.0554 -0.0044 0.9985

PART 8
OFFSET 5.7068 -1.6165 -10.3010
SCALE 1 1 1
X 0.9156 -0.4003 0.0381
Y 0.4011 0.9159 -0.0153
Z -0.0288 0.0293 0.9992

PART 9
OFFSET 4.3695 -1.0318 -10.3566
SCALE 1 1 1
X 0.7581 0.6513 -0.0331
Y -0.6514 0.7537 -0.0875
Z -0.0320 0.0879 0.9956

PART 10
OFFSET 3.5107 -1.7696 -10.3262
SCALE 1 1 1
X -0.1632 -0.9864 0.0176
Y -0.9861 0.1637 0.0287
Z -0.0312 -0.0127 -0.9994

PART 11
OFFSET 0.0000 0.0000 0.0000
SCALE 1 1 1
X 1.0000 0.0000 0.0000
Y 0.0000 1.0000 0.0000
Z 0.0000 0.0000 1.0000

PART 12
OFFSET 0.0890 0.2296 -0.0957
SCALE 1 1 1
X 1.0000 -0.0015 -0.0046
Y 0.0015 1.0000 -0.0033
Z 0.0046 0.0033 1.0000

PART 13
OFFSET -0.0000 -0.0000 -0.0000
SCALE 1 1 1
X 1.0000 -0.0015 -0.0046
Y 0.0015 1.0000 -0.0033
Z 0.0046 0.0033 1.0000

PART 14
OFFSET 6.3427 8.3599 -15.5528
SCALE 1 1 1
X 0.5670 -0.7667 -0.3011
Y 0.3198 0.5418 -0.7773
Z 0.7591 0.3445 0.5524

PART 15
OFFSET 6.3928 9.6937 -19.1791
SCALE 1 1 1
X -0.0066 -0.6381 0.7699
Y -0.7996 0.4658 0.3792
Z -0.6006 -0.6131 -0.5133

PART 16
OFFSET 6.3798 8.4471 -17.6750
SCALE 1 1 1
X -0.4317 -0.3228 0.8423
Y -0.6612 0.7484 -0.0521
Z -0.6135 -0.5794 -0.5365

PART 17
OFFSET 5.7492 7.9756 -16.4448
SCALE 1 1 1
X -0.7128 0.1245 0.6902
Y -0.2964 0.8384 -0.4574
Z -0.6356 -0.5306 -0.5607

PART 18
OFFSET 4.9376 8.1123 -15.6667
SCALE 1 1 1
X 0.7765 -0.5971 -0.2012
Y 0.1840 0.5203 -0.8339
Z 0.6026 0.6105 0.5139

PART 19
OFFSET 10.0374 -0.7904 -8.8039
SCALE 1 1 1
X 0.9925 0.1188 -0.0273
Y -0.1193 0.9927 -0.0174
Z 0.0250 0.0206 0.9995

PART 20
OFFSET -4.2605 -7.9373 -3.1869
SCALE 1 1 1
X 0.3962 -0.1419 0.9071
Y -0.1583 -0.9837 -0.0848
Z 0.9044 -0.1100 -0.4122

PART 21
OFFSET -9.0521 -6.2208 -14.1576
SCALE 1 1 1
X -0.9064 -0.2115 -0.3656
Y 0.2701 0.3753 -0.8867
Z 0.3248 -0.9024 -0.2831

PART 22
OFFSET -1.3428 -4.4215 -11.0477
SCALE 1 1 1
X -0.9064 -0.2115 -0.3656
Y 0.3724 0.0084 -0.9280
Z 0.1994 -0.9773 0.0712

PART 23
OFFSET -0.6705 -3.2187 -9.4754
SCALE 1 1 1
X -0.9089 -0.2113 -0.3596
Y -0.3261 0.8975 0.2968
Z 0.2600 0.3870 -0.8847

PART 24
OFFSET -0.4305 -3.9234 -8.6153
SCALE 1 1 1
X -0.9089 -0.2113 -0.3596
Y -0.3261 0.8975 0.2968
Z 0.2600 0.3870 -0.8847

PART 25
OFFSET 0.3471 -5.1485 -9.5623
SCALE 1 1 1
X -0.9089 -0.2113 -0.3596
Y -0.3261 0.8975 0.2968
Z 0.2600 0.3870 -0.8847

PART 26
OFFSET 1.4359 -3.7729 -9.9268
SCALE 1 1 1
X -0.9923 -0.1217 0.0214
Y -0.0201 -0.0118 -0.9997
Z 0.1219 -0.9925 0.0093

PART 27
OFFSET 1.8516 -3.2993 -8.9754
SCALE 1 1 1
X -0.6218 -0.5501 -0.5575
Y 0.3833 0.4071 -0.8291
Z 0.6830 -0.7292 -0.0423

PART 28
OFFSET 3.1171 -2.1123 -7.6872
SCALE 1 1 1
X -0.8691 -0.4904 0.0636
Y -0.0081 -0.1145 -0.9934
Z 0.4945 -0.8639 0.0955

PART 29
OFFSET 4.4643 -1.2307 -7.8598
SCALE 1 1 1
X -0.6863 -0.5007 0.5276
Y -0.4094 -0.3336 -0.8492
Z 0.6012 -0.7987 0.0240

PART 30
OFFSET 5.1859 -0.6470 -8.4170
SCALE 1 1 1
X -0.9771 0.0747 0.1990
Y 0.0621 0.9957 -0.0687
Z -0.2033 -0.0548 -0.9776

PART 31
OFFSET 2.2295 -3.4820 -11.0172
SCALE 1 1 1
X -0.7969 -0.1357 0.5886
Y 0.1908 -0.9811 0.0322
Z 0.5731 0.1380 0.8078

PART 32
OFFSET 4.0801 -3.0368 -12.2261
SCALE 1 1 1
X -0.6782 -0.7343 -0.0291
Y 0.7308 -0.6696 -0.1325
Z 0.0778 -0.1112 0.9907

PART 33
OFFSET 5.0403 -1.9972 -12.1848
SCALE 1 1 1
X 0.7683 -0.6316 -0.1038
Y 0.6396 0.7640 0.0849
Z 0.0257 -0.1316 0.9910

PART 34
OFFSET 4.3591 -1.4371 -12.0928
SCALE 1 1 1
X 0.9453 0.3243 -0.0340
Y -0.3203 0.9430 0.0905
Z 0.0614 -0.0747 0.9953

PART 35
OFFSET 3.4610 -1.7453 -12.0605
SCALE 1 1 1
X -0.5309 -0.8292 -0.1748
Y -0.8424 0.4937 0.2159
Z -0.0928 0.2619 -0.9606

PART 36
OFFSET 2.4781 -3.5860 -10.3562
SCALE 1 1 1
X -0.9375 -0.1182 0.3274
Y 0.1430 -0.9883 0.0527
Z 0.3174 0.0962 0.9434

PART 37
OFFSET 4.8671 -3.3154 -11.3450
SCALE 1 1 1
X -0.3527 -0.9346 0.0453
Y 0.9244 -0.3555 -0.1380
Z 0.1451 -0.0068 0.9894

PART 38
OFFSET 5.4676 -1.7242 -11.4221
SCALE 1 1 1
X 0.9363 -0.3263 -0.1302
Y 0.3272 0.9448 -0.0149
Z 0.1278 -0.0286 0.9914

PART 39
OFFSET 4.1700 -1.2719 -11.2417
SCALE 1 1 1
X 0.6351 0.7704 -0.0570
Y -0.7628 0.6370 0.1110
Z 0.1218 -0.0270 0.9922

PART 40
OFFSET 3.4812 -2.1074 -11.1799
SCALE 1 1 1
X -0.0786 -0.9964 0.0321
Y -0.9934 0.0810 0.0809
Z -0.0832 -0.0256 -0.9962

PART 41
OFFSET 2.4781 -3.5860 -10.3562
SCALE 1 1 1
X -0.9375 -0.1182 0.3274
Y 0.1430 -0.9883 0.0527
Z 0.3174 0.0962 0.9434

PART 42
OFFSET 2.4781 -3.5860 -10.3562
SCALE 1 1 1
X -0.9375 -0.1182 0.3274
Y 0.1430 -0.9883 0.0527
Z 0.3174 0.0962 0.9434

PART 43
OFFSET 3.7075 0.0000 -1.3770
SCALE 1 1 1
X 1.0000 0.0000 0.0000
Y 0.0000 1.0000 0.0000
Z 0.0000 0.0000 1.0000

PART 44
OFFSET 1.2743 10.0381 -2.9907
SCALE 1 1 1
X -0.3572 0.6525 -0.6683
Y -0.3751 -0.7555 -0.5372
Z -0.8554 0.0587 0.5146

PART 45
OFFSET -3.0461 17.9299 -11.0725
SCALE 1 1 1
X 0.5747 -0.4926 -0.6535
Y 0.3068 -0.6107 0.7301
Z -0.7587 -0.6200 -0.1998

PART 46
OFFSET 1.8417 13.7401 -16.6310
SCALE 1 1 1
X 0.5747 -0.4926 -0.6535
Y 0.8184 0.3428 0.4613
Z -0.0032 -0.7999 0.6001

PART 47
OFFSET 3.8011 14.6166 -17.7055
SCALE 1 1 1
X 0.5749 -0.4872 -0.6573
Y 0.7526 0.6301 0.1912
Z 0.3210 -0.6046 0.7290

PART 48
OFFSET 1.4852 13.5545 -18.3564
SCALE 1 1 1
X 0.5749 -0.4872 -0.6573
Y 0.7526 0.6301 0.1912
Z 0.3210 -0.6046 0.7290

PART 49
OFFSET 4.4761 12.8364 -16.5703
SCALE 1 1 1
X 0.5749 -0.4872 -0.6573
Y 0.7526 0.6301 0.1912
Z 0.3210 -0.6046 0.7290

PART 50
OFFSET 3.1935 11.8729 -16.8190
SCALE 1 1 1
X 0.5749 -0.4872 -0.6573
Y 0.7526 0.6301 0.1912
Z 0.3210 -0.6046 0.7290

PART 51
OFFSET 1.8193 11.4075 -17.0934
SCALE 1 1 1
X 0.5749 -0.4872 -0.6573
Y 0.7526 0.6301 0.1912
Z 0.3210 -0.6046 0.7290

PART 52
OFFSET 3.6034 12.2299 -18.6345
SCALE 1 1 1
X 0.7710 -0.6344 -0.0556
Y 0.5682 0.6457 0.5101
Z -0.2877 -0.4249 0.8583

PART 53
OFFSET 4.3804 12.3932 -17.8148
SCALE 1 1 1
X 0.4981 -0.1441 0.8551
Y 0.1353 0.9869 0.0875
Z -0.8565 0.0721 0.5111

PART 54
OFFSET 5.4211 12.1848 -15.9325
SCALE 1 1 1
X 0.5081 -0.7132 0.4828
Y 0.3166 0.6760 0.6654
Z -0.8010 -0.1852 0.5693

PART 55
OFFSET 6.1328 10.9724 -15.1290
SCALE 1 1 1
X 0.1457 -0.9798 0.1372
Y 0.5251 0.1942 0.8286
Z -0.8385 -0.0487 0.5427

PART 56
OFFSET 6.2610 9.9139 -14.9416
SCALE 1 1 1
X 0.7544 -0.6519 -0.0766
Y 0.3956 0.5447 -0.7395
Z 0.5238 0.5276 0.6688

PART 57
OFFSET 3.5893 10.9158 -19.0544
SCALE 1 1 1
X 0.2954 -0.9070 -0.3000
Y -0.3543 -0.3956 0.8473
Z -0.8873 -0.1440 -0.4382

PART 58
OFFSET 4.3388 8.8503 -19.5607
SCALE 1 1 1
X -0.0559 -0.6839 0.7274
Y -0.5675 0.6212 0.5405
Z -0.8215 -0.3826 -0.4228

PART 59
OFFSET 4.2597 7.8820 -18.5308
SCALE 1 1 1
X -0.3595 -0.1732 0.9169
Y -0.4648 0.8853 -0.0151
Z -0.8091 -0.4317 -0.3988

PART 60
OFFSET 3.9410 7.7284 -17.7179
SCALE 1 1 1
X -0.5488 0.5071 0.6646
Y -0.0395 0.7784 -0.6265
Z -0.8351 -0.3701 -0.4071

PART 61
OFFSET 3.4197 8.2102 -17.0865
SCALE 1 1 1
X 0.5653 -0.8230 -0.0562
Y 0.2178 0.2146 -0.9521
Z 0.7956 0.5260 0.3005

PART 62
OFFSET 4.1766 11.2647 -18.8474
SCALE 1 1 1
X 0.5575 -0.8046 -0.2045
Y -0.3281 -0.4398 0.8360
Z -0.7626 -0.3990 -0.5092

PART 63
OFFSET 5.5174 9.1268 -19.4722
SCALE 1 1 1
X -0.1240 -0.6096 0.7829
Y -0.6493 0.6465 0.4005
Z -0.7503 -0.4587 -0.4760

PART 64
OFFSET 5.3063 8.0890 -18.1392
SCALE 1 1 1
X -0.4115 -0.2065 0.8877
Y -0.5209 0.8525 -0.0432
Z -0.7479 -0.4802 -0.4584

PART 65
OFFSET 4.7359 7.8029 -16.9089
SCALE 1 1 1
X -0.6000 0.1778 0.7800
Y -0.2913 0.8595 -0.4200
Z -0.7451 -0.4792 -0.4639

PART 66
OFFSET 4.0852 7.9956 -16.0630
SCALE 1 1 1
X 0.6214 -0.6602 -0.4220
Y 0.1375 0.6221 -0.7708
Z 0.7714 0.4209 0.4773

PART 67
OFFSET 6.7280 11.0716 -17.5360
SCALE 1 1 1
X 0.5355 -0.8400 0.0876
Y 0.5213 0.2471 -0.8168
Z 0.6644 0.4831 0.5702

PART 68
OFFSET 7.1430 10.4027 -18.7856
SCALE 1 1 1
X 0.0598 -0.7106 0.7010
Y -0.7901 0.3955 0.4683
Z -0.6100 -0.5819 -0.5378

PART 69
OFFSET 7.2482 9.1515 -17.5513
SCALE 1 1 1
X -0.3468 -0.4492 0.8234
Y -0.7473 0.6628 0.0468
Z -0.5668 -0.5991 -0.5655

PART 70
OFFSET 6.8611 8.6419 -16.5159
SCALE 1 1 1
X -0.4589 -0.2497 0.8527
Y -0.6510 0.7476 -0.1315
Z -0.6046 -0.6155 -0.5056

PART 71
OFFSET 10.0374 -0.7904 -8.8039
SCALE 1 1 1
X 0.9925 0.1188 -0.0273
Y -0.1193 0.9927 -0.0174
Z 0.0250 0.0206 0.9995

PART 72
OFFSET 12.4571 -1.9724 -7.5040
SCALE 1 1 1
X 0.9929 0.1192 -0.0068
Y -0.1193 0.9927 -0.0174
Z 0.0047 0.0181 0.9998

PART 73
OFFSET 14.4289 1.1356 -7.1295
SCALE 1 1 1
X 0.9925 0.1188 -0.0273
Y -0.1193 0.9927 -0.0174
Z 0.0250 0.0206 0.9995

PART 74
OFFSET 34.3765 2.1279 -9.1334
SCALE 1 1 1
X 0.9917 0.1183 -0.0504
Y -0.1193 0.9927 -0.0174
Z 0.0480 0.0233 0.9986

PART 75
OFFSET 16.8904 0.0708 -6.6463
SCALE 1 1 1
X 0.9925 0.1188 -0.0273
Y -0.1193 0.9927 -0.0174
Z 0.0250 0.0206 0.9995

PART 76
OFFSET 14.2574 0.6275 -7.1970
SCALE 1 1 1
X 0.0250 0.0206 0.9995
Y -0.1193 0.9927 -0.0174
Z -0.9925 -0.1188 0.0273

PART 77
OFFSET 14.1931 1.1184 -7.3261
SCALE 1 1 1
X -0.0374 0.5133 0.8574
Y -0.1217 0.8493 -0.5138
Z -0.9919 -0.1235 0.0306

PART 78
OFFSET 14.1453 1.4312 -7.6609
SCALE 1 1 1
X -0.0883 0.8670 0.4904
Y -0.0787 0.4847 -0.8711
Z -0.9930 -0.1155 0.0254

PART 79
OFFSET 14.1181 1.5990 -8.1532
SCALE 1 1 1
X -0.1085 0.9748 0.1951
Y -0.0296 0.1930 -0.9808
Z -0.9937 -0.1122 0.0079

PART 80
OFFSET 14.1087 1.6700 -8.7482
SCALE 1 1 1
X -0.1147 0.9909 0.0697
Y -0.0062 0.0695 -0.9976
Z -0.9934 -0.1149 -0.0018

PART 81
OFFSET 14.1069 1.7076 -9.3842
SCALE 1 1 1
X -0.1154 0.9911 0.0663
Y -0.0023 0.0665 -0.9978
Z -0.9933 -0.1153 -0.0054

PART 82
OFFSET 14.1041 1.7574 -10.0050
SCALE 1 1 1
X -0.1147 0.9900 0.0820
Y -0.0069 0.0818 -0.9966
Z -0.9934 -0.1148 -0.0025

PART 83
OFFSET 14.0986 1.7904 -10.5784
SCALE 1 1 1
X -0.1124 0.9935 0.0173
Y -0.0125 0.0160 -0.9998
Z -0.9936 -0.1126 0.0106

PART 84
OFFSET 14.0906 1.7608 -11.0800
SCALE 1 1 1
X -0.0985 0.9849 -0.1426
Y -0.0200 -0.1452 -0.9892
Z -0.9949 -0.0946 0.0340

PART 85
OFFSET 14.0794 1.6668 -11.5252
SCALE 1 1 1
X -0.0622 0.9669 -0.2476
Y -0.0292 -0.2497 -0.9679
Z -0.9976 -0.0530 0.0437

PART 86
OFFSET 14.0639 1.5508 -11.9700
SCALE 1 1 1
X -0.0163 0.9720 -0.2346
Y -0.0380 -0.2350 -0.9712
Z -0.9991 -0.0069 0.0408

PART 87
OFFSET 14.0449 1.4480 -12.4602
SCALE 1 1 1
X 0.0177 0.9831 -0.1822
Y -0.0341 -0.1815 -0.9828
Z -0.9993 0.0236 0.0303

PART 88
OFFSET 14.0321 1.3572 -12.9959
SCALE 1 1 1
X 0.0369 0.9868 -0.1574
Y -0.0101 -0.1571 -0.9875
Z -0.9993 0.0380 0.0042

PART 89
OFFSET 14.0369 1.2687 -13.5649
SCALE 1 1 1
X 0.0509 0.9874 -0.1497
Y 0.0251 -0.1511 -0.9882
Z -0.9984 0.0465 -0.0325

PART 90
OFFSET 14.0566 1.1836 -14.1463
SCALE 1 1 1
X 0.0582 0.9893 -0.1336
Y 0.0374 -0.1359 -0.9900
Z -0.9976 0.0526 -0.0449

PART 91
OFFSET 14.0748 1.1143 -14.7097
SCALE 1 1 1
X 0.0435 0.9937 -0.1032
Y 0.0216 -0.1042 -0.9943
Z -0.9988 0.0411 -0.0260

PART 92
OFFSET 14.0781 1.0698 -15.2413
SCALE 1 1 1
X -0.0030 0.9980 -0.0639
Y -0.0081 -0.0639 -0.9979
Z -1.0000 -0.0024 0.0083

PART 93
OFFSET 14.0677 1.0427 -15.7942
SCALE 1 1 1
X -0.0611 0.9975 -0.0358
Y -0.0268 -0.0375 -0.9989
Z -0.9978 -0.0600 0.0291

PART 94
OFFSET 14.0479 1.0262 -16.4302
SCALE 1 1 1
X -0.1009 0.9948 0.0104
Y -0.0367 0.0067 -0.9993
Z -0.9942 -0.1012 0.0358

PART 95
OFFSET 14.0155 1.1123 -17.0332
SCALE 1 1 1
X -0.0972 0.9183 0.3838
Y -0.0795 0.3773 -0.9227
Z -0.9921 -0.1202 0.0364


FRAME 1003
PART 0
OFFSET 7.1886 12.0612 -18.5151
SCALE 1 1 1
X 0.6997 -0.6795 -0.2207
Y -0.4300 -0.6472 0.6294
Z -0.5705 -0.3455 -0.7451

PART 1
OFFSET 7.1886 12.0612 -18.5151
SCALE 1 1 1
X 0.6997 -0.6795 -0.2207
Y -0.4300 -0.6472 0.6294
Z -0.5705 -0.3455 -0.7451

PART 2
OFFSET -3.2881 -5.1206 -9.5709
SCALE 1 1 1
X -0.9017 -0.3978 0.1692
Y -0.4129 0.9084 -0.0651
Z -0.1278 -0.1286 -0.9834

PART 3
OFFSET 4.6766 -3.8898 -9.4164
SCALE 1 1 1
X -0.5422 -0.8396 0.0325
Y 0.8403 -0.5416 0.0243
Z -0.0028 0.0404 0.9992

PART 4
OFFSET 5.6312 -2.4115 -9.4735
SCALE 1 1 1
X 0.5822 -0.8084 0.0863
Y 0.8117 0.5840 -0.0058
Z -0.0457 0.0735 0.9962

PART 5
OFFSET 4.9205 -1.4243 -9.5180
SCALE 1 1 1
X 0.9451 0.3262 -0.0202
Y -0.3266 0.9449 -0.0234
Z 0.0115 0.0287 0.9995

PART 6
OFFSET 3.8530 -1.7927 -9.4951
SCALE 1 1 1
X -0.0096 -0.9511 0.3088
Y -0.9921 -0.0294 -0.1216
Z 0.1247 -0.3076 -0.9433

PART 7
OFFSET 4.5830 -3.7410 -10.5071
SCALE 1 1 1
X -0.2405 -0.9702 -0.0294
Y 0.9646 -0.2423 0.1040
Z -0.1081 -0.0034 0.9941

PART 8
OFFSET 5.0528 -1.8457 -10.4495
SCALE 1 1 1
X 0.9166 -0.3901 0.0873
Y 0.3912 0.9203 0.0039
Z -0.0819 0.0306 0.9962

PART 9
OFFSET 3.7140 -1.2759 -10.5771
SCALE 1 1 1
X 0.7516 0.6596 0.0056
Y -0.6541 0.7463 -0.1234
Z -0.0856 0.0891 0.9923

PART 10
OFFSET 2.8629 -2.0231 -10.5906
SCALE 1 1 1
X -0.1531 -0.9882 0.0111
Y -0.9880 0.1528 -0.0238
Z 0.0218 -0.0146 -0.9997

PART 11
OFFSET 0.0000 0.0000 0.0000
