// Export filename: `C:/cod5/cod/cod5/xanim_export/viewmodel/US/30cal/viewmodel_30cal_idle.XANIM_EXPORT`
// Source filename: `C:/cod5/cod/cod5/animation_assets/viewmodel/US/30_cal/viewmodelanimation_30_cal.mb`
// Export time: Fri Jul 25 17:00:46 2008

ANIMATION
VERSION 3

NUMPARTS 96
PART 0 "RingPalm_FK_LE"
PART 1 "RingPalm_SDK_LE"
PART 2 "J_Webbing_RI"
PART 3 "J_Index_RI_0"
PART 4 "J_Index_RI_1"
PART 5 "J_Index_RI_2"
PART 6 "J_Index_RI_3"
PART 7 "J_Mid_RI_0"
PART 8 "J_Mid_RI_1"
PART 9 "J_Mid_RI_2"
PART 10 "J_Mid_RI_3"
PART 11 "tag_cambone"
PART 12 "tag_camera"
PART 13 "tag_gasmask"
PART 14 "J_Index_LE_3"
PART 15 "J_Mid_LE_0"
PART 16 "J_Mid_LE_1"
PART 17 "J_Mid_LE_2"
PART 18 "J_Mid_LE_3"
PART 19 "tag_weapon"
PART 20 "J_Shoulder_RI"
PART 21 "J_Elbow_RI"
PART 22 "J_WristTwist_RI"
PART 23 "J_Sleave_Reshape_Top_RI_3"
PART 24 "J_Sleave_Reshape_Top_RI_2"
PART 25 "J_Sleave_Reshape_Top_RI_1"
PART 26 "J_Wrist_RI"
PART 27 "J_Thumb_RI_0"
PART 28 "J_Thumb_RI_1"
PART 29 "J_Thumb_RI_2"
PART 30 "J_Thumb_RI_3"
PART 31 "J_PinkyPalm_RI"
PART 32 "J_Pinky_RI_0"
PART 33 "J_Pinky_RI_1"
PART 34 "J_Pinky_RI_2"
PART 35 "J_Pinky_RI_3"
PART 36 "J_RingPalm_RI"
PART 37 "J_Ring_RI_0"
PART 38 "J_Ring_RI_1"
PART 39 "J_Ring_RI_2"
PART 40 "J_Ring_RI_3"
PART 41 "RingPalm_FK_RI"
PART 42 "RingPalm_SDK_RI"
PART 43 "tag_torso"
PART 44 "J_Shoulder_LE"
PART 45 "J_Elbow_LE"
PART 46 "J_WristTwist_LE"
PART 47 "J_Sleave_Reshape_Bottom_LE_1"
PART 48 "J_Sleave_Reshape_Bottom_LE_2"
PART 49 "J_Sleave_Reshape_Top_LE_1"
PART 50 "J_Sleave_Reshape_Top_LE_2"
PART 51 "J_Sleave_Reshape_Top_LE_3"
PART 52 "J_Wrist_LE"
PART 53 "J_Thumb_LE_0"
PART 54 "J_Thumb_LE_1"
PART 55 "J_Thumb_LE_2"
PART 56 "J_Thumb_LE_3"
PART 57 "J_PinkyPalm_LE"
PART 58 "J_Pinky_LE_0"
PART 59 "J_Pinky_LE_1"
PART 60 "J_Pinky_LE_2"
PART 61 "J_Pinky_LE_3"
PART 62 "J_RingPalm_LE"
PART 63 "J_Ring_LE_0"
PART 64 "J_Ring_LE_1"
PART 65 "J_Ring_LE_2"
PART 66 "J_Ring_LE_3"
PART 67 "J_Webbing_LE"
PART 68 "J_Index_LE_0"
PART 69 "J_Index_LE_1"
PART 70 "J_Index_LE_2"
PART 71 "J_Gun"
PART 72 "J_Bolt"
PART 73 "J_Clip"
PART 74 "tag_bipod"
PART 75 "tag_top"
PART 76 "ammo01_jnt"
PART 77 "ammo02_jnt"
PART 78 "ammo03_jnt"
PART 79 "ammo04_jnt"
PART 80 "ammo05_jnt"
PART 81 "ammo06_jnt"
PART 82 "ammo07_jnt"
PART 83 "ammo08_jnt"
PART 84 "ammo09_jnt"
PART 85 "ammo10_jnt"
PART 86 "ammo11_jnt"
PART 87 "ammo12_jnt"
PART 88 "ammo13_jnt"
PART 89 "ammo14_jnt"
PART 90 "ammo15_jnt"
PART 91 "ammo16_jnt"
PART 92 "ammo17_jnt"
PART 93 "ammo18_jnt"
PART 94 "ammo19_jnt"
PART 95 "ammo20_jnt"

FRAMERATE 30
NUMFRAMES 2

FRAME 0
PART 0
OFFSET 18.4454 -2.2567 -7.3033
SCALE 1 1 1
X 0.2603 -0.9633 -0.0652
Y -0.0461 -0.0799 0.9957
Z -0.9644 -0.2561 -0.0652

PART 1
OFFSET 18.4454 -2.2567 -7.3033
SCALE 1 1 1
X 0.2603 -0.9633 -0.0652
Y -0.0461 -0.0799 0.9957
Z -0.9644 -0.2561 -0.0652

PART 2
OFFSET -3.8924 -6.6747 -6.3305
SCALE 1 1 1
X -0.9289 -0.3191 0.1881
Y -0.3331 0.9417 -0.0480
Z -0.1618 -0.1072 -0.9810

PART 3
OFFSET 4.1509 -6.1466 -6.3607
SCALE 1 1 1
X -0.6128 -0.7893 0.0392
Y 0.7899 -0.6132 -0.0004
Z 0.0243 0.0307 0.9992

PART 4
OFFSET 5.2298 -4.7569 -6.4296
SCALE 1 1 1
X 0.5110 -0.8570 0.0659
Y 0.8594 0.5108 -0.0211
Z -0.0156 0.0674 0.9976

PART 5
OFFSET 4.6076 -3.7109 -6.4491
SCALE 1 1 1
X 0.9693 0.2425 -0.0407
Y -0.2430 0.9700 -0.0081
Z 0.0376 0.0178 0.9991

PART 6
OFFSET 3.5127 -3.9848 -6.4031
SCALE 1 1 1
X -0.0856 -0.9496 0.3016
Y -0.9935 0.0586 -0.0976
Z 0.0750 -0.3080 -0.9484

PART 7
OFFSET 4.0450 -5.9794 -7.4476
SCALE 1 1 1
X -0.3252 -0.9451 -0.0311
Y 0.9419 -0.3267 0.0786
Z -0.0844 -0.0037 0.9964

PART 8
OFFSET 4.6804 -4.1331 -7.3868
SCALE 1 1 1
X 0.8807 -0.4696 0.0620
Y 0.4704 0.8825 0.0015
Z -0.0554 0.0278 0.9981

PART 9
OFFSET 3.3940 -3.4472 -7.4774
SCALE 1 1 1
X 0.8064 0.5913 -0.0076
Y -0.5889 0.8018 -0.1017
Z -0.0540 0.0865 0.9948

PART 10
OFFSET 2.4807 -4.1170 -7.4758
SCALE 1 1 1
X -0.2388 -0.9710 0.0072
Y -0.9711 0.2388 0.0015
Z -0.0031 -0.0067 -1.0000

PART 11
OFFSET 0.0000 0.0000 0.0000
SCALE 1 1 1
X 1.0000 0.0000 0.0000
Y 0.0000 1.0000 0.0000
Z 0.0000 0.0000 1.0000

PART 12
OFFSET 0.0000 0.0000 0.0000
SCALE 1 1 1
X 1.0000 0.0000 0.0000
Y 0.0000 1.0000 0.0000
Z 0.0000 0.0000 1.0000

PART 13
OFFSET 0.0000 0.0000 0.0000
SCALE 1 1 1
X 1.0000 0.0000 0.0000
Y 0.0000 1.0000 0.0000
Z 0.0000 0.0000 1.0000

PART 14
OFFSET 20.6063 -3.8563 -4.0497
SCALE 1 1 1
X 0.1784 -0.9740 0.1396
Y 0.2457 -0.0933 -0.9649
Z 0.9528 0.2065 0.2226

PART 15
OFFSET 19.9906 -4.4758 -7.7246
SCALE 1 1 1
X 0.0622 -0.1896 0.9799
Y -0.5017 0.8428 0.1950
Z -0.8628 -0.5037 -0.0427

PART 16
OFFSET 20.1122 -4.8462 -5.8103
SCALE 1 1 1
X -0.2484 0.3019 0.9204
Y -0.4195 0.8229 -0.3832
Z -0.8731 -0.4813 -0.0778

PART 17
OFFSET 19.7494 -4.4052 -4.4660
SCALE 1 1 1
X -0.4355 0.7185 0.5423
Y -0.1537 0.5342 -0.8313
Z -0.8870 -0.4453 -0.1222

PART 18
OFFSET 19.2500 -3.5949 -3.8521
SCALE 1 1 1
X 0.4888 -0.8637 0.1229
Y 0.0961 -0.0868 -0.9916
Z 0.8671 0.4965 0.0406

PART 19
OFFSET 9.0164 -3.6472 -5.7617
SCALE 1 1 1
X 0.9991 0.0423 0.0018
Y -0.0423 0.9990 -0.0151
Z -0.0025 0.0150 0.9999

PART 20
OFFSET -3.5797 -7.9373 -3.1869
SCALE 1 1 1
X 0.4768 -0.1703 0.8624
Y -0.2769 -0.9602 -0.0365
Z 0.8343 -0.2214 -0.5050

PART 21
OFFSET -9.3460 -5.8779 -13.6163
SCALE 1 1 1
X -0.8291 0.0068 -0.5590
Y 0.5269 0.3440 -0.7772
Z 0.1870 -0.9389 -0.2888

PART 22
OFFSET -2.2940 -5.9358 -8.8614
SCALE 1 1 1
X -0.8291 0.0068 -0.5590
Y 0.5591 0.0016 -0.8291
Z -0.0048 -1.0000 -0.0051

PART 23
OFFSET -1.7429 -4.9995 -7.0940
SCALE 1 1 1
X -0.8328 0.0073 -0.5536
Y -0.1922 0.9339 0.3015
Z 0.5192 0.3575 -0.7763

PART 24
OFFSET -1.8424 -5.7884 -6.2706
SCALE 1 1 1
X -0.8328 0.0073 -0.5536
Y -0.1922 0.9339 0.3015
Z 0.5192 0.3575 -0.7763

PART 25
OFFSET -1.1775 -7.0926 -7.0950
SCALE 1 1 1
X -0.8328 0.0073 -0.5536
Y -0.1922 0.9339 0.3015
Z 0.5192 0.3575 -0.7763

PART 26
OFFSET 0.2478 -5.9566 -7.1476
SCALE 1 1 1
X -0.9989 -0.0452 -0.0077
Y 0.0080 -0.0066 -0.9999
Z 0.0452 -0.9990 0.0070

PART 27
OFFSET 0.6708 -5.5197 -6.1820
SCALE 1 1 1
X -0.6457 -0.4987 -0.5783
Y 0.4372 0.3795 -0.8154
Z 0.6261 -0.7793 -0.0270

PART 28
OFFSET 1.9857 -4.4381 -4.8512
SCALE 1 1 1
X -0.9057 -0.4225 0.0358
Y 0.0120 -0.1099 -0.9939
Z 0.4238 -0.8997 0.1046

PART 29
OFFSET 3.4009 -3.6618 -4.9801
SCALE 1 1 1
X -0.7376 -0.4484 0.5048
Y -0.4090 -0.2981 -0.8625
Z 0.5373 -0.8426 0.0365

PART 30
OFFSET 4.1810 -3.1332 -5.5129
SCALE 1 1 1
X -0.9739 0.1488 0.1714
Y 0.1402 0.9882 -0.0611
Z -0.1785 -0.0355 -0.9833

PART 31
OFFSET 1.0926 -5.7235 -8.2132
SCALE 1 1 1
X -0.8217 -0.0762 0.5648
Y 0.1141 -0.9930 0.0320
Z 0.5584 0.0907 0.8246

PART 32
OFFSET 3.0061 -5.4173 -9.3660
SCALE 1 1 1
X -0.7313 -0.6800 -0.0528
Y 0.6808 -0.7233 -0.1155
Z 0.0403 -0.1204 0.9919

PART 33
OFFSET 4.0415 -4.4546 -9.2912
SCALE 1 1 1
X 0.7203 -0.6884 -0.0855
Y 0.6935 0.7123 0.1076
Z -0.0132 -0.1368 0.9905

PART 34
OFFSET 3.4029 -3.8443 -9.2154
SCALE 1 1 1
X 0.9680 0.2509 -0.0050
Y -0.2496 0.9645 0.0868
Z 0.0266 -0.0828 0.9962

PART 35
OFFSET 2.4832 -4.0827 -9.2107
SCALE 1 1 1
X -0.5875 -0.7854 -0.1947
Y -0.8080 0.5562 0.1946
Z -0.0446 0.2717 -0.9614

PART 36
OFFSET 1.3132 -5.8487 -7.5459
SCALE 1 1 1
X -0.9528 -0.0470 0.2998
Y 0.0652 -0.9966 0.0510
Z 0.2963 0.0682 0.9526

PART 37
OFFSET 3.7436 -5.7587 -8.4643
SCALE 1 1 1
X -0.4244 -0.9050 0.0297
Y 0.8981 -0.4249 -0.1135
Z 0.1154 -0.0215 0.9931

PART 38
OFFSET 4.4662 -4.2180 -8.5150
SCALE 1 1 1
X 0.9119 -0.3967 -0.1052
Y 0.3990 0.9170 -0.0000
Z 0.0965 -0.0419 0.9945

PART 39
OFFSET 3.2025 -3.6681 -8.3692
SCALE 1 1 1
X 0.6936 0.7195 -0.0344
Y -0.7146 0.6933 0.0928
Z 0.0906 -0.0398 0.9951

PART 40
OFFSET 2.4502 -4.4485 -8.3319
SCALE 1 1 1
X -0.1556 -0.9875 0.0241
Y -0.9862 0.1567 0.0529
Z -0.0560 -0.0155 -0.9983

PART 41
OFFSET 1.3132 -5.8487 -7.5459
SCALE 1 1 1
X -0.9528 -0.0470 0.2998
Y 0.0652 -0.9966 0.0510
Z 0.2963 0.0682 0.9526

PART 42
OFFSET 1.3132 -5.8487 -7.5459
SCALE 1 1 1
X -0.9528 -0.0470 0.2998
Y 0.0652 -0.9966 0.0510
Z 0.2963 0.0682 0.9526

PART 43
OFFSET 3.7075 0.0000 -1.3770
SCALE 1 1 1
X 1.0000 0.0000 0.0000
Y 0.0000 1.0000 0.0000
Z 0.0000 0.0000 1.0000

PART 44
OFFSET -0.0838 7.9373 -3.1869
SCALE 1 1 1
X 0.8406 -0.0974 -0.5328
Y -0.2477 -0.9439 -0.2183
Z -0.4817 0.3154 -0.8176

PART 45
OFFSET 10.0825 6.7593 -9.6305
SCALE 1 1 1
X 0.7020 -0.6826 0.2028
Y -0.5448 -0.3314 0.7703
Z -0.4586 -0.6513 -0.6045

PART 46
OFFSET 16.0537 0.9531 -7.9053
SCALE 1 1 1
X 0.7020 -0.6826 0.2028
Y 0.6875 0.7239 0.0569
Z -0.1857 0.0995 0.9776

PART 47
OFFSET 18.2455 1.4284 -7.0067
SCALE 1 1 1
X 0.7065 -0.6789 0.1999
Y 0.4644 0.6579 0.5928
Z -0.5340 -0.3260 0.7801

PART 48
OFFSET 17.1147 0.2013 -9.1083
SCALE 1 1 1
X 0.7065 -0.6789 0.1999
Y 0.4644 0.6579 0.5928
Z -0.5340 -0.3260 0.7801

PART 49
OFFSET 17.3439 0.1674 -5.5536
SCALE 1 1 1
X 0.7065 -0.6789 0.1999
Y 0.4644 0.6579 0.5928
Z -0.5340 -0.3260 0.7801

PART 50
OFFSET 16.4809 -0.8692 -6.5467
SCALE 1 1 1
X 0.7065 -0.6789 0.1999
Y 0.4644 0.6579 0.5928
Z -0.5340 -0.3260 0.7801

PART 51
OFFSET 15.5780 -1.5867 -7.7152
SCALE 1 1 1
X 0.7065 -0.6789 0.1999
Y 0.4644 0.6579 0.5928
Z -0.5340 -0.3260 0.7801

PART 52
OFFSET 18.2059 -1.1396 -7.2835
SCALE 1 1 1
X 0.5442 -0.8366 -0.0625
Y 0.8390 0.5429 0.0383
Z 0.0018 -0.0733 0.9973

PART 53
OFFSET 19.2611 -1.0222 -6.8650
SCALE 1 1 1
X 0.6853 0.0233 0.7279
Y 0.2797 0.9144 -0.2926
Z -0.6724 0.4041 0.6201

PART 54
OFFSET 20.7303 -0.8582 -5.2889
SCALE 1 1 1
X 0.4730 -0.6829 0.5567
Y 0.6086 0.7102 0.3539
Z -0.6370 0.1714 0.7515

PART 55
OFFSET 21.3863 -1.9837 -4.3272
SCALE 1 1 1
X -0.0210 -0.9236 0.3828
Y 0.7567 0.2355 0.6098
Z -0.6534 0.3025 0.6940

PART 56
OFFSET 21.3466 -2.9647 -3.8711
SCALE 1 1 1
X 0.5601 -0.8275 -0.0376
Y 0.2820 0.2331 -0.9307
Z 0.7789 0.5107 0.3639

PART 57
OFFSET 17.7685 -2.4437 -7.1758
SCALE 1 1 1
X -0.0326 -0.9990 -0.0303
Y -0.0564 -0.0284 0.9980
Z -0.9979 0.0343 -0.0554

PART 58
OFFSET 17.8335 -4.6967 -7.1133
SCALE 1 1 1
X 0.0298 -0.2153 0.9761
Y -0.1823 0.9590 0.2171
Z -0.9828 -0.1844 -0.0106

PART 59
OFFSET 17.8757 -5.0016 -5.7314
SCALE 1 1 1
X -0.0319 0.2879 0.9571
Y -0.2186 0.9324 -0.2878
Z -0.9753 -0.2184 0.0332

PART 60
OFFSET 17.8475 -4.7464 -4.8828
SCALE 1 1 1
X -0.1361 0.8653 0.4824
Y -0.0810 0.4756 -0.8759
Z -0.9874 -0.1583 0.0053

PART 61
OFFSET 17.7182 -3.9243 -4.4245
SCALE 1 1 1
X 0.2977 -0.9375 0.1801
Y -0.0983 -0.2178 -0.9710
Z 0.9496 0.2714 -0.1570

PART 62
OFFSET 18.4454 -2.2567 -7.3033
SCALE 1 1 1
X 0.2603 -0.9633 -0.0652
Y -0.0461 -0.0799 0.9957
Z -0.9644 -0.2561 -0.0652

PART 63
OFFSET 18.9786 -4.7932 -7.5042
SCALE 1 1 1
X -0.0102 -0.0957 0.9954
Y -0.3347 0.9383 0.0868
Z -0.9423 -0.3322 -0.0416

PART 64
OFFSET 18.9612 -4.9561 -5.8096
SCALE 1 1 1
X -0.1594 0.3952 0.9047
Y -0.3036 0.8523 -0.4258
Z -0.9394 -0.3425 -0.0159

PART 65
OFFSET 18.7403 -4.4084 -4.5558
SCALE 1 1 1
X -0.2877 0.7442 0.6028
Y -0.1923 0.5717 -0.7976
Z -0.9382 -0.3454 -0.0214

PART 66
OFFSET 18.4283 -3.6013 -3.9021
SCALE 1 1 1
X 0.2994 -0.9533 -0.0393
Y 0.0478 0.0561 -0.9973
Z 0.9529 0.2967 0.0624

PART 67
OFFSET 21.2166 -2.8960 -6.8806
SCALE 1 1 1
X 0.3503 -0.9125 0.2111
Y 0.1892 -0.1519 -0.9701
Z 0.9173 0.3798 0.1194

PART 68
OFFSET 20.9585 -3.9629 -7.8685
SCALE 1 1 1
X 0.0791 -0.3347 0.9390
Y -0.4460 0.8306 0.3336
Z -0.8915 -0.4451 -0.0836

PART 69
OFFSET 21.0977 -4.5522 -6.2153
SCALE 1 1 1
X -0.2103 0.1646 0.9637
Y -0.4527 0.8573 -0.2452
Z -0.8665 -0.4878 -0.1058

PART 70
OFFSET 20.8946 -4.3225 -5.0373
SCALE 1 1 1
X -0.2553 0.4128 0.8743
Y -0.3823 0.7875 -0.4834
Z -0.8881 -0.4577 -0.0433

PART 71
OFFSET 9.0164 -3.6472 -5.7617
SCALE 1 1 1
X 0.9991 0.0423 0.0018
Y -0.0423 0.9990 -0.0151
Z -0.0025 0.0150 0.9999

PART 72
OFFSET 11.2998 -5.0162 -4.4000
SCALE 1 1 1
X 0.9988 0.0426 0.0223
Y -0.0423 0.9990 -0.0151
Z -0.0229 0.0141 0.9996

PART 73
OFFSET 13.4923 -2.0701 -3.9511
SCALE 1 1 1
X 0.9991 0.0423 0.0018
Y -0.0423 0.9990 -0.0151
Z -0.0025 0.0150 0.9999

PART 74
OFFSET 33.5069 -2.6048 -5.3776
SCALE 1 1 1
X 0.2327 -0.0048 -0.9725
Y -0.0423 0.9990 -0.0151
Z 0.9716 0.0446 0.2323

PART 75
OFFSET 15.8498 -3.3224 -3.4040
SCALE 1 1 1
X 0.9991 0.0423 0.0018
Y -0.0423 0.9990 -0.0151
Z -0.0025 0.0150 0.9999

PART 76
OFFSET 13.2823 -2.5136 -4.0960
SCALE 1 1 1
X -0.0025 0.0150 0.9999
Y -0.0423 0.9990 -0.0151
Z -0.9991 -0.0423 -0.0018

PART 77
OFFSET 13.2622 -2.0435 -4.3056
SCALE 1 1 1
X -0.0306 0.6987 0.7148
Y -0.0320 0.7141 -0.6993
Z -0.9990 -0.0443 0.0005

PART 78
OFFSET 13.2452 -1.7022 -4.7474
SCALE 1 1 1
X -0.0332 0.8138 0.5802
Y -0.0326 0.5793 -0.8145
Z -0.9989 -0.0460 0.0073

PART 79
OFFSET 13.2213 -1.3151 -5.1735
SCALE 1 1 1
X -0.0175 0.6250 0.7804
Y -0.0500 0.7790 -0.6250
Z -0.9986 -0.0500 0.0176

PART 80
OFFSET 13.1910 -0.8201 -5.4669
SCALE 1 1 1
X 0.0087 0.3977 0.9175
Y -0.0518 0.9165 -0.3968
Z -0.9986 -0.0440 0.0286

PART 81
OFFSET 13.1649 -0.2683 -5.6412
SCALE 1 1 1
X 0.0416 0.2124 0.9763
Y -0.0353 0.9768 -0.2110
Z -0.9985 -0.0257 0.0481

PART 82
OFFSET 13.1495 0.2953 -5.7218
SCALE 1 1 1
X 0.0773 0.0874 0.9932
Y -0.0230 0.9960 -0.0859
Z -0.9967 -0.0162 0.0790

PART 83
OFFSET 13.1333 0.8689 -5.7571
SCALE 1 1 1
X 0.1014 0.0562 0.9933
Y -0.0379 0.9979 -0.0526
Z -0.9941 -0.0323 0.1034

PART 84
OFFSET 13.1011 1.4607 -5.8000
SCALE 1 1 1
X 0.1028 0.1046 0.9892
Y -0.0668 0.9929 -0.0980
Z -0.9925 -0.0560 0.1090

PART 85
OFFSET 13.0641 2.0672 -5.8758
SCALE 1 1 1
X 0.0893 0.1519 0.9844
Y -0.0440 0.9879 -0.1485
Z -0.9950 -0.0301 0.0949

PART 86
OFFSET 13.0597 2.6731 -5.9817
SCALE 1 1 1
X 0.0767 0.1920 0.9784
Y 0.0404 0.9799 -0.1955
Z -0.9962 0.0546 0.0674

PART 87
OFFSET 13.1116 3.2666 -6.1171
SCALE 1 1 1
X 0.0769 0.2432 0.9669
Y 0.1153 0.9611 -0.2509
Z -0.9904 0.1308 0.0459

PART 88
OFFSET 13.1840 3.8534 -6.2941
SCALE 1 1 1
X 0.0934 0.3159 0.9442
Y 0.1052 0.9399 -0.3248
Z -0.9901 0.1296 0.0546

PART 89
OFFSET 13.2279 4.4422 -6.5267
SCALE 1 1 1
X 0.1292 0.3983 0.9081
Y 0.0334 0.9135 -0.4054
Z -0.9911 0.0827 0.1047

PART 90
OFFSET 13.2388 5.0154 -6.8054
SCALE 1 1 1
X 0.1771 0.4576 0.8713
Y 0.0113 0.8843 -0.4667
Z -0.9841 0.0925 0.1514

PART 91
OFFSET 13.2557 5.5288 -7.0966
SCALE 1 1 1
X 0.2201 0.4967 0.8396
Y 0.0615 0.8519 -0.5201
Z -0.9735 0.1661 0.1570

PART 92
OFFSET 13.3073 5.9566 -7.3897
SCALE 1 1 1
X 0.2644 0.5752 0.7741
Y 0.1236 0.7759 -0.6187
Z -0.9565 0.2592 0.1341

PART 93
OFFSET 13.3712 6.3512 -7.7697
SCALE 1 1 1
X 0.3300 0.6895 0.6447
Y 0.0949 0.6553 -0.7494
Z -0.9392 0.3085 0.1508

PART 94
OFFSET 13.4154 6.7821 -8.3352
SCALE 1 1 1
X 0.3966 0.7364 0.5482
Y 0.0472 0.5800 -0.8133
Z -0.9168 0.3484 0.1953

PART 95
OFFSET 13.4847 7.2657 -8.9504
SCALE 1 1 1
X 0.3810 0.6201 0.6858
Y 0.1671 0.6833 -0.7107
Z -0.9093 0.3854 0.1567


FRAME 1
PART 0
OFFSET 18.4454 -2.2567 -7.3033
SCALE 1 1 1
X 0.2603 -0.9633 -0.0652
Y -0.0461 -0.0799 0.9957
Z -0.9644 -0.2561 -0.0652

PART 1
OFFSET 18.4454 -2.2567 -7.3033
SCALE 1 1 1
X 0.2603 -0.9633 -0.0652
Y -0.0461 -0.0799 0.9957
Z -0.9644 -0.2561 -0.0652

PART 2
OFFSET -3.8924 -6.6747 -6.3305
SCALE 1 1 1
X -0.9289 -0.3191 0.1881
Y -0.3331 0.9417 -0.0480
Z -0.1618 -0.1072 -0.9810

PART 3
OFFSET 4.1509 -6.1466 -6.3607
SCALE 1 1 1
X -0.6128 -0.7893 0.0392
Y 0.7899 -0.6132 -0.0004
Z 0.0243 0.0307 0.9992

PART 4
OFFSET 5.2298 -4.7569 -6.4296
SCALE 1 1 1
X 0.5110 -0.8570 0.0659
Y 0.8594 0.5108 -0.0211
Z -0.0156 0.0674 0.9976

PART 5
OFFSET 4.6076 -3.7109 -6.4491
SCALE 1 1 1
X 0.9693 0.2425 -0.0407
Y -0.2430 0.9700 -0.0081
Z 0.0376 0.0178 0.9991

PART 6
OFFSET 3.5127 -3.9848 -6.4031
SCALE 1 1 1
X -0.0856 -0.9496 0.3016
Y -0.9935 0.0586 -0.0976
Z 0.0750 -0.3080 -0.9484

PART 7
OFFSET 4.0450 -5.9794 -7.4476
SCALE 1 1 1
X -0.3252 -0.9451 -0.0311
Y 0.9419 -0.3267 0.0786
Z -0.0844 -0.0037 0.9964

PART 8
OFFSET 4.6804 -4.1331 -7.3868
SCALE 1 1 1
X 0.8807 -0.4696 0.0620
Y 0.4704 0.8825 0.0015
Z -0.0554 0.0278 0.9981

PART 9
OFFSET 3.3940 -3.4472 -7.4774
SCALE 1 1 1
X 0.8064 0.5913 -0.0076
Y -0.5889 0.8018 -0.1017
Z -0.0540 0.0865 0.9948

PART 10
OFFSET 2.4807 -4.1170 -7.4758
SCALE 1 1 1
X -0.2388 -0.9710 0.0072
Y -0.9711 0.2388 0.0015
Z -0.0031 -0.0067 -1.0000

PART 11
OFFSET 0.0000 0.0000 0.0000
SCALE 1 1 1
X 1.0000 0.0000 0.0000
Y 0.0000 1.0000 0.0000
Z 0.0000 0.0000 1.0000

PART 12
OFFSET 0.0000 0.0000 0.0000
SCALE 1 1 1
X 1.0000 0.0000 0.0000
Y 0.0000 1.0000 0.0000
Z 0.0000 0.0000 1.0000

PART 13
OFFSET 0.0000 0.0000 0.0000
SCALE 1 1 1
X 1.0000 0.0000 0.0000
Y 0.0000 1.0000 0.0000
Z 0.0000 0.0000 1.0000

PART 14
OFFSET 20.6063 -3.8563 -4.0497
SCALE 1 1 1
X 0.1784 -0.9740 0.1396
Y 0.2457 -0.0933 -0.9649
Z 0.9528 0.2065 0.2226

PART 15
OFFSET 19.9906 -4.4758 -7.7246
SCALE 1 1 1
X 0.0622 -0.1896 0.9799
Y -0.5017 0.8428 0.1950
Z -0.8628 -0.5037 -0.0427

PART 16
OFFSET 20.1122 -4.8462 -5.8103
SCALE 1 1 1
X -0.2484 0.3019 0.9204
Y -0.4195 0.8229 -0.3832
Z -0.8731 -0.4813 -0.0778

PART 17
OFFSET 19.7494 -4.4052 -4.4660
SCALE 1 1 1
X -0.4355 0.7185 0.5423
Y -0.1537 0.5342 -0.8313
Z -0.8870 -0.4453 -0.1222

PART 18
OFFSET 19.2500 -3.5949 -3.8521
SCALE 1 1 1
X 0.4888 -0.8637 0.1229
Y 0.0961 -0.0868 -0.9916
Z 0.8671 0.4965 0.0406

PART 19
OFFSET 9.0164 -3.6472 -5.7617
SCALE 1 1 1
X 0.9991 0.0423 0.0018
Y -0.0423 0.9990 -0.0151
Z -0.0025 0.0150 0.9999

PART 20
OFFSET -3.5797 -7.9373 -3.1869
SCALE 1 1 1
X 0.4768 -0.1703 0.8624
Y -0.2769 -0.9602 -0.0365
Z 0.8343 -0.2214 -0.5050

PART 21
OFFSET -9.3460 -5.8779 -13.6163
SCALE 1 1 1
X -0.8291 0.0068 -0.5590
Y 0.5269 0.3440 -0.7772
Z 0.1870 -0.9389 -0.2888

PART 22
OFFSET -2.2940 -5.9358 -8.8614
SCALE 1 1 1
X -0.8291 0.0068 -0.5590
Y 0.5591 0.0016 -0.8291
Z -0.0048 -1.0000 -0.0051

PART 23
OFFSET -1.7429 -4.9995 -7.0940
SCALE 1 1 1
X -0.8328 0.0073 -0.5536
Y -0.1922 0.9339 0.3015
Z 0.5192 0.3575 -0.7763

PART 24
OFFSET -1.8424 -5.7884 -6.2706
SCALE 1 1 1
X -0.8328 0.0073 -0.5536
Y -0.1922 0.9339 0.3015
Z 0.5192 0.3575 -0.7763

PART 25
OFFSET -1.1775 -7.0926 -7.0950
SCALE 1 1 1
X -0.8328 0.0073 -0.5536
Y -0.1922 0.9339 0.3015
Z 0.5192 0.3575 -0.7763

PART 26
OFFSET 0.2478 -5.9566 -7.1476
SCALE 1 1 1
X -0.9989 -0.0452 -0.0077
Y 0.0080 -0.0066 -0.9999
Z 0.0452 -0.9990 0.0070

PART 27
OFFSET 0.6708 -5.5197 -6.1820
SCALE 1 1 1
X -0.6457 -0.4987 -0.5783
Y 0.4372 0.3795 -0.8154
Z 0.6261 -0.7793 -0.0270

PART 28
OFFSET 1.9857 -4.4381 -4.8512
SCALE 1 1 1
X -0.9057 -0.4225 0.0358
Y 0.0120 -0.1099 -0.9939
Z 0.4238 -0.8997 0.1046

PART 29
OFFSET 3.4009 -3.6618 -4.9801
SCALE 1 1 1
X -0.7376 -0.4484 0.5048
Y -0.4090 -0.2981 -0.8625
Z 0.5373 -0.8426 0.0365

PART 30
OFFSET 4.1810 -3.1332 -5.5129
SCALE 1 1 1
X -0.9739 0.1488 0.1714
Y 0.1402 0.9882 -0.0611
Z -0.1785 -0.0355 -0.9833

PART 31
OFFSET 1.0926 -5.7235 -8.2132
SCALE 1 1 1
X -0.8217 -0.0762 0.5648
Y 0.1141 -0.9930 0.0320
Z 0.5584 0.0907 0.8246

PART 32
OFFSET 3.0061 -5.4173 -9.3660
SCALE 1 1 1
X -0.7313 -0.6800 -0.0528
Y 0.6808 -0.7233 -0.1155
Z 0.0403 -0.1204 0.9919

PART 33
OFFSET 4.0415 -4.4546 -9.2912
SCALE 1 1 1
X 0.7203 -0.6884 -0.0855
Y 0.6935 0.7123 0.1076
Z -0.0132 -0.1368 0.9905

PART 34
OFFSET 3.4029 -3.8443 -9.2154
SCALE 1 1 1
X 0.9680 0.2509 -0.0050
Y -0.2496 0.9645 0.0868
Z 0.0266 -0.0828 0.9962

PART 35
OFFSET 2.4832 -4.0827 -9.2107
SCALE 1 1 1
X -0.5875 -0.7854 -0.1947
Y -0.8080 0.5562 0.1946
Z -0.0446 0.2717 -0.9614

PART 36
OFFSET 1.3132 -5.8487 -7.5459
SCALE 1 1 1
X -0.9528 -0.0470 0.2998
Y 0.0652 -0.9966 0.0510
Z 0.2963 0.0682 0.9526

PART 37
OFFSET 3.7436 -5.7587 -8.4643
SCALE 1 1 1
X -0.4244 -0.9050 0.0297
Y 0.8981 -0.4249 -0.1135
Z 0.1154 -0.0215 0.9931

PART 38
OFFSET 4.4662 -4.2180 -8.5150
SCALE 1 1 1
X 0.9119 -0.3967 -0.1052
Y 0.3990 0.9170 -0.0000
Z 0.0965 -0.0419 0.9945

PART 39
OFFSET 3.2025 -3.6681 -8.3692
SCALE 1 1 1
X 0.6936 0.7195 -0.0344
Y -0.7146 0.6933 0.0928
Z 0.0906 -0.0398 0.9951

PART 40
OFFSET 2.4502 -4.4485 -8.3319
SCALE 1 1 1
X -0.1556 -0.9875 0.0241
Y -0.9862 0.1567 0.0529
Z -0.0560 -0.0155 -0.9983

PART 41
OFFSET 1.3132 -5.8487 -7.5459
SCALE 1 1 1
X -0.9528 -0.0470 0.2998
Y 0.0652 -0.9966 0.0510
Z 0.2963 0.0682 0.9526

PART 42
OFFSET 1.3132 -5.8487 -7.5459
SCALE 1 1 1
X -0.9528 -0.0470 0.2998
Y 0.0652 -0.9966 0.0510
Z 0.2963 0.0682 0.9526

PART 43
OFFSET 3.7075 0.0000 -1.3770
SCALE 1 1 1
X 1.0000 0.0000 0.0000
Y 0.0000 1.0000 0.0000
Z 0.0000 0.0000 1.0000

PART 44
OFFSET -0.0838 7.9373 -3.1869
SCALE 1 1 1
X 0.8406 -0.0974 -0.5328
Y -0.2477 -0.9439 -0.2183
Z -0.4817 0.3154 -0.8176

PART 45
OFFSET 10.0825 6.7593 -9.6305
SCALE 1 1 1
X 0.7020 -0.6826 0.2028
Y -0.5448 -0.3314 0.7703
Z -0.4586 -0.6513 -0.6045

PART 46
OFFSET 16.0537 0.9531 -7.9053
SCALE 1 1 1
X 0.7020 -0.6826 0.2028
Y 0.6875 0.7239 0.0569
Z -0.1857 0.0995 0.9776

PART 47
OFFSET 18.2455 1.4284 -7.0067
SCALE 1 1 1
X 0.7065 -0.6789 0.1999
Y 0.4644 0.6579 0.5928
Z -0.5340 -0.3260 0.7801

PART 48
OFFSET 17.1147 0.2013 -9.1083
SCALE 1 1 1
X 0.7065 -0.6789 0.1999
Y 0.4644 0.6579 0.5928
Z -0.5340 -0.3260 0.7801

PART 49
OFFSET 17.3439 0.1674 -5.5536
SCALE 1 1 1
X 0.7065 -0.6789 0.1999
Y 0.4644 0.6579 0.5928
Z -0.5340 -0.3260 0.7801

PART 50
OFFSET 16.4809 -0.8692 -6.5467
SCALE 1 1 1
X 0.7065 -0.6789 0.1999
Y 0.4644 0.6579 0.5928
Z -0.5340 -0.3260 0.7801

PART 51
OFFSET 15.5780 -1.5867 -7.7152
SCALE 1 1 1
X 0.7065 -0.6789 0.1999
Y 0.4644 0.6579 0.5928
Z -0.5340 -0.3260 0.7801

PART 52
OFFSET 18.2059 -1.1396 -7.2835
SCALE 1 1 1
X 0.5442 -0.8366 -0.0625
Y 0.8390 0.5429 0.0383
Z 0.0018 -0.0733 0.9973

PART 53
OFFSET 19.2611 -1.0222 -6.8650
SCALE 1 1 1
X 0.6853 0.0233 0.7279
Y 0.2797 0.9144 -0.2926
Z -0.6724 0.4041 0.6201

PART 54
OFFSET 20.7303 -0.8582 -5.2889
SCALE 1 1 1
X 0.4730 -0.6829 0.5567
Y 0.6086 0.7102 0.3539
Z -0.6370 0.1714 0.7515

PART 55
OFFSET 21.3863 -1.9837 -4.3272
SCALE 1 1 1
X -0.0210 -0.9236 0.3828
Y 0.7567 0.2355 0.6098
Z -0.6534 0.3025 0.6940

PART 56
OFFSET 21.3466 -2.9647 -3.8711
SCALE 1 1 1
X 0.5601 -0.8275 -0.0376
Y 0.2820 0.2331 -0.9307
Z 0.7789 0.5107 0.3639

PART 57
OFFSET 17.7685 -2.4437 -7.1758
SCALE 1 1 1
X -0.0326 -0.9990 -0.0303
Y -0.0564 -0.0284 0.9980
Z -0.9979 0.0343 -0.0554

PART 58
OFFSET 17.8335 -4.6967 -7.1133
SCALE 1 1 1
X 0.0298 -0.2153 0.9761
Y -0.1823 0.9590 0.2171
Z -0.9828 -0.1844 -0.0106

PART 59
OFFSET 17.8757 -5.0016 -5.7314
SCALE 1 1 1
X -0.0319 0.2879 0.9571
Y -0.2186 0.9324 -0.2878
Z -0.9753 -0.2184 0.0332

PART 60
OFFSET 17.8475 -4.7464 -4.8828
SCALE 1 1 1
X -0.1361 0.8653 0.4824
Y -0.0810 0.4756 -0.8759
Z -0.9874 -0.1583 0.0053

PART 61
OFFSET 17.7182 -3.9243 -4.4245
SCALE 1 1 1
X 0.2977 -0.9375 0.1801
Y -0.0983 -0.2178 -0.9710
Z 0.9496 0.2714 -0.1570

PART 62
OFFSET 18.4454 -2.2567 -7.3033
SCALE 1 1 1
X 0.2603 -0.9633 -0.0652
Y -0.0461 -0.0799 0.9957
Z -0.9644 -0.2561 -0.0652

PART 63
OFFSET 18.9786 -4.7932 -7.5042
SCALE 1 1 1
X -0.0102 -0.0957 0.9954
Y -0.3347 0.9383 0.0868
Z -0.9423 -0.3322 -0.0416

PART 64
OFFSET 18.9612 -4.9561 -5.8096
SCALE 1 1 1
X -0.1594 0.3952 0.9047
Y -0.3036 0.8523 -0.4258
Z -0.9394 -0.3425 -0.0159

PART 65
OFFSET 18.7403 -4.4084 -4.5558
SCALE 1 1 1
X -0.2877 0.7442 0.6028
Y -0.1923 0.5717 -0.7976
Z -0.9382 -0.3454 -0.0214

PART 66
OFFSET 18.4283 -3.6013 -3.9021
SCALE 1 1 1
X 0.2994 -0.9533 -0.0393
Y 0.0478 0.0561 -0.9973
Z 0.9529 0.2967 0.0624

PART 67
OFFSET 21.2166 -2.8960 -6.8806
SCALE 1 1 1
X 0.3503 -0.9125 0.2111
Y 0.1892 -0.1519 -0.9701
Z 0.9173 0.3798 0.1194

PART 68
OFFSET 20.9585 -3.9629 -7.8685
SCALE 1 1 1
X 0.0791 -0.3347 0.9390
Y -0.4460 0.8306 0.3336
Z -0.8915 -0.4451 -0.0836

PART 69
OFFSET 21.0977 -4.5522 -6.2153
SCALE 1 1 1
X -0.2103 0.1646 0.9637
Y -0.4527 0.8573 -0.2452
Z -0.8665 -0.4878 -0.1058

PART 70
OFFSET 20.8946 -4.3225 -5.0373
SCALE 1 1 1
X -0.2553 0.4128 0.8743
Y -0.3823 0.7875 -0.4834
Z -0.8881 -0.4577 -0.0433

PART 71
OFFSET 9.0164 -3.6472 -5.7617
SCALE 1 1 1
X 0.9991 0.0423 0.0018
Y -0.0423 0.9990 -0.0151
Z -0.0025 0.0150 0.9999

PART 72
OFFSET 11.2998 -5.0162 -4.4000
SCALE 1 1 1
X 0.9988 0.0426 0.0223
Y -0.0423 0.9990 -0.0151
Z -0.0229 0.0141 0.9996

PART 73
OFFSET 13.4923 -2.0701 -3.9511
SCALE 1 1 1
X 0.9991 0.0423 0.0018
Y -0.0423 0.9990 -0.0151
Z -0.0025 0.0150 0.9999

PART 74
OFFSET 33.5069 -2.6048 -5.3776
SCALE 1 1 1
X 0.2327 -0.0048 -0.9725
Y -0.0423 0.9990 -0.0151
Z 0.9716 0.0446 0.2323

PART 75
OFFSET 15.8498 -3.3224 -3.4040
SCALE 1 1 1
X 0.9991 0.0423 0.0018
Y -0.0423 0.9990 -0.0151
Z -0.0025 0.0150 0.9999

PART 76
OFFSET 13.2823 -2.5136 -4.0960
SCALE 1 1 1
X -0.0025 0.0150 0.9999
Y -0.0423 0.9990 -0.0151
Z -0.9991 -0.0423 -0.0018

PART 77
OFFSET 13.2622 -2.0435 -4.3056
SCALE 1 1 1
X -0.0306 0.6987 0.7148
Y -0.0320 0.7141 -0.6993
Z -0.9990 -0.0443 0.0005

PART 78
OFFSET 13.2452 -1.7022 -4.7474
SCALE 1 1 1
X -0.0332 0.8138 0.5802
Y -0.0326 0.5793 -0.8145
Z -0.9989 -0.0460 0.0073

PART 79
OFFSET 13.2213 -1.3151 -5.1735
SCALE 1 1 1
X -0.0175 0.6250 0.7804
Y -0.0500 0.7790 -0.6250
Z -0.9986 -0.0500 0.0176

PART 80
OFFSET 13.1910 -0.8201 -5.4669
SCALE 1 1 1
X 0.0087 0.3977 0.9175
Y -0.0518 0.9165 -0.3968
Z -0.9986 -0.0440 0.0286

PART 81
OFFSET 13.1649 -0.2683 -5.6412
SCALE 1 1 1
X 0.0416 0.2124 0.9763
Y -0.0353 0.9768 -0.2110
Z -0.9985 -0.0257 0.0481

PART 82
OFFSET 13.1495 0.2953 -5.7218
SCALE 1 1 1
X 0.0773 0.0874 0.9932
Y -0.0230 0.9960 -0.0859
Z -0.9967 -0.0162 0.0790

PART 83
OFFSET 13.1333 0.8689 -5.7571
SCALE 1 1 1
X 0.1014 0.0562 0.9933
Y -0.0379 0.9979 -0.0526
Z -0.9941 -0.0323 0.1034

PART 84
OFFSET 13.1011 1.4607 -5.8000
SCALE 1 1 1
X 0.1028 0.1046 0.9892
Y -0.0668 0.9929 -0.0980
Z -0.9925 -0.0560 0.1090

PART 85
OFFSET 13.0641 2.0672 -5.8758
SCALE 1 1 1
X 0.0893 0.1519 0.9844
Y -0.0440 0.9879 -0.1485
Z -0.9950 -0.0301 0.0949

PART 86
OFFSET 13.0597 2.6731 -5.9817
SCALE 1 1 1
X 0.0767 0.1920 0.9784
Y 0.0404 0.9799 -0.1955
Z -0.9962 0.0546 0.0674

PART 87
OFFSET 13.1116 3.2666 -6.1171
SCALE 1 1 1
X 0.0769 0.2432 0.9669
Y 0.1153 0.9611 -0.2509
Z -0.9904 0.1308 0.0459

PART 88
OFFSET 13.1840 3.8534 -6.2941
SCALE 1 1 1
X 0.0934 0.3159 0.9442
Y 0.1052 0.9399 -0.3248
Z -0.9901 0.1296 0.0546

PART 89
OFFSET 13.2279 4.4422 -6.5267
SCALE 1 1 1
X 0.1292 0.3983 0.9081
Y 0.0334 0.9135 -0.4054
Z -0.9911 0.0827 0.1047

PART 90
OFFSET 13.2388 5.0154 -6.8054
SCALE 1 1 1
X 0.1771 0.4576 0.8713
Y 0.0113 0.8843 -0.4667
Z -0.9841 0.0925 0.1514

PART 91
OFFSET 13.2557 5.5288 -7.0966
SCALE 1 1 1
X 0.2201 0.4967 0.8396
Y 0.0615 0.8519 -0.5201
Z -0.9735 0.1661 0.1570

PART 92
OFFSET 13.3073 5.9566 -7.3897
SCALE 1 1 1
X 0.2644 0.5752 0.7741
Y 0.1236 0.7759 -0.6187
Z -0.9565 0.2592 0.1341

PART 93
OFFSET 13.3712 6.3512 -7.7697
SCALE 1 1 1
X 0.3300 0.6895 0.6447
Y 0.0949 0.6553 -0.7494
Z -0.9392 0.3085 0.1508

PART 94
OFFSET 13.4154 6.7821 -8.3352
SCALE 1 1 1
X 0.3966 0.7364 0.5482
Y 0.0472 0.5800 -0.8133
Z -0.9168 0.3484 0.1953

PART 95
OFFSET 13.4847 7.2657 -8.9504
SCALE 1 1 1
X 0.3810 0.6201 0.6858
Y 0.1671 0.6833 -0.7107
Z -0.9093 0.3854 0.1567


NOTETRACKS

PART 0
NUMTRACKS 0

PART 1
NUMTRACKS 0

PART 2
NUMTRACKS 0

PART 3
NUMTRACKS 0

PART 4
NUMTRACKS 0

PART 5
NUMTRACKS 0

PART 6
NUMTRACKS 0

PART 7
NUMTRACKS 0

PART 8
NUMTRACKS 0

PART 9
NUMTRACKS 0

PART 10
NUMTRACKS 0

PART 11
NUMTRACKS 0

PART 12
NUMTRACKS 0

PART 13
NUMTRACKS 0

PART 14
NUMTRACKS 0

PART 15
NUMTRACKS 0

PART 16
NUMTRACKS 0

PART 17
NUMTRACKS 0

PART 18
NUMTRACKS 0

PART 19
NUMTRACKS 0

PART 20
NUMTRACKS 0

PART 21
NUMTRACKS 0

PART 22
NUMTRACKS 0

PART 23
NUMTRACKS 0

PART 24
NUMTRACKS 0

PART 25
NUMTRACKS 0

PART 26
NUMTRACKS 0

PART 27
NUMTRACKS 0

PART 28
NUMTRACKS 0

PART 29
NUMTRACKS 0

PART 30
NUMTRACKS 0

PART 31
NUMTRACKS 0

PART 32
NUMTRACKS 0

PART 33
NUMTRACKS 0

PART 34
NUMTRACKS 0

PART 35
NUMTRACKS 0

PART 36
NUMTRACKS 0

PART 37
NUMTRACKS 0

PART 38
NUMTRACKS 0

PART 39
NUMTRACKS 0

PART 40
NUMTRACKS 0

PART 41
NUMTRACKS 0

PART 42
NUMTRACKS 0

PART 43
NUMTRACKS 0

PART 44
NUMTRACKS 0

PART 45
NUMTRACKS 0

PART 46
NUMTRACKS 0

PART 47
NUMTRACKS 0

PART 48
NUMTRACKS 0

PART 49
NUMTRACKS 0

PART 50
NUMTRACKS 0

PART 51
NUMTRACKS 0

PART 52
NUMTRACKS 0

PART 53
NUMTRACKS 0

PART 54
NUMTRACKS 0

PART 55
NUMTRACKS 0

PART 56
NUMTRACKS 0

PART 57
NUMTRACKS 0

PART 58
NUMTRACKS 0

PART 59
NUMTRACKS 0

PART 60
NUMTRACKS 0

PART 61
NUMTRACKS 0

PART 62
NUMTRACKS 0

PART 63
NUMTRACKS 0

PART 64
NUMTRACKS 0

PART 65
NUMTRACKS 0

PART 66
NUMTRACKS 0

PART 67
NUMTRACKS 0

PART 68
NUMTRACKS 0

PART 69
NUMTRACKS 0

PART 70
NUMTRACKS 0

PART 71
NUMTRACKS 0

PART 72
NUMTRACKS 0

PART 73
NUMTRACKS 0

PART 74
NUMTRACKS 0

PART 75
NUMTRACKS 0

PART 76
NUMTRACKS 0

PART 77
NUMTRACKS 0

PART 78
NUMTRACKS 0

PART 79
NUMTRACKS 0

PART 80
NUMTRACKS 0

PART 81
NUMTRACKS 0

PART 82
NUMTRACKS 0

PART 83
NUMTRACKS 0

PART 84
NUMTRACKS 0

PART 85
NUMTRACKS 0

PART 86
NUMTRACKS 0

PART 87
NUMTRACKS 0

PART 88
NUMTRACKS 0

PART 89
NUMTRACKS 0

PART 90
NUMTRACKS 0

PART 91
NUMTRACKS 0

PART 92
NUMTRACKS 0

PART 93
NUMTRACKS 0

PART 94
NUMTRACKS 0

PART 95
NUMTRACKS 0

