// Export filename: `C:/cod5/cod/cod5/xanim_export/viewmodel/US/30cal/viewmodel_30cal_ADS_down.XANIM_EXPORT`
// Source filename: `C:/cod5/cod/cod5/animation_assets/viewmodel/US/30_cal/viewmodelanimation_30_cal.mb`
// Export time: Fri Jul 25 17:00:39 2008

ANIMATION
VERSION 3

NUMPARTS 2
PART 0 "tag_view"
PART 1 "tag_torso"

FRAMERATE 30
NUMFRAMES 16

FRAME 15
PART 0
OFFSET 0.0000 0.0000 0.0000
SCALE 1 1 1
X 1.0000 0.0000 0.0000
Y 0.0000 1.0000 0.0000
Z 0.0000 0.0000 1.0000

PART 1
OFFSET 3.7075 3.8031 0.2480
SCALE 1 1 1
X 0.9991 -0.0436 0.0007
Y 0.0435 0.9989 0.0158
Z -0.0014 -0.0158 0.9999


FRAME 16
PART 0
OFFSET 0.0000 0.0000 0.0000
SCALE 1 1 1
X 1.0000 0.0000 0.0000
Y 0.0000 1.0000 0.0000
Z 0.0000 0.0000 1.0000

PART 1
OFFSET 3.7244 3.7786 0.2498
SCALE 1 1 1
X 0.9990 -0.0452 0.0013
Y 0.0452 0.9988 0.0181
Z -0.0021 -0.0180 0.9998


FRAME 17
PART 0
OFFSET 0.0000 0.0000 0.0000
SCALE 1 1 1
X 1.0000 0.0000 0.0000
Y 0.0000 1.0000 0.0000
Z 0.0000 0.0000 1.0000

PART 1
OFFSET 3.7679 3.7079 0.2515
SCALE 1 1 1
X 0.9988 -0.0494 0.0029
Y 0.0493 0.9985 0.0239
Z -0.0041 -0.0237 0.9997


FRAME 18
PART 0
OFFSET 0.0000 0.0000 0.0000
SCALE 1 1 1
X 1.0000 0.0000 0.0000
Y 0.0000 1.0000 0.0000
Z 0.0000 0.0000 1.0000

PART 1
OFFSET 3.8275 3.5949 0.2468
SCALE 1 1 1
X 0.9985 -0.0549 0.0051
Y 0.0547 0.9980 0.0318
Z -0.0068 -0.0315 0.9995


FRAME 19
PART 0
OFFSET 0.0000 0.0000 0.0000
SCALE 1 1 1
X 1.0000 0.0000 0.0000
Y 0.0000 1.0000 0.0000
Z 0.0000 0.0000 1.0000

PART 1
OFFSET 3.8923 3.4437 0.2296
SCALE 1 1 1
X 0.9981 -0.0606 0.0075
Y 0.0602 0.9974 0.0403
Z -0.0099 -0.0397 0.9992


FRAME 20
PART 0
OFFSET 0.0000 0.0000 0.0000
SCALE 1 1 1
X 1.0000 0.0000 0.0000
Y 0.0000 1.0000 0.0000
Z 0.0000 0.0000 1.0000

PART 1
OFFSET 3.9519 3.2583 0.1940
SCALE 1 1 1
X 0.9978 -0.0652 0.0097
Y 0.0647 0.9968 0.0478
Z -0.0127 -0.0471 0.9988


FRAME 21
PART 0
OFFSET 0.0000 0.0000 0.0000
SCALE 1 1 1
X 1.0000 0.0000 0.0000
Y 0.0000 1.0000 0.0000
Z 0.0000 0.0000 1.0000

PART 1
OFFSET 3.9954 3.0427 0.1337
SCALE 1 1 1
X 0.9976 -0.0677 0.0112
Y 0.0671 0.9963 0.0530
Z -0.0148 -0.0522 0.9985


FRAME 22
PART 0
OFFSET 0.0000 0.0000 0.0000
SCALE 1 1 1
X 1.0000 0.0000 0.0000
Y 0.0000 1.0000 0.0000
Z 0.0000 0.0000 1.0000

PART 1
OFFSET 4.0123 2.8009 0.0428
SCALE 1 1 1
X 0.9977 -0.0669 0.0118
Y 0.0662 0.9963 0.0544
Z -0.0154 -0.0535 0.9984


FRAME 23
PART 0
OFFSET 0.0000 0.0000 0.0000
SCALE 1 1 1
X 1.0000 0.0000 0.0000
Y 0.0000 1.0000 0.0000
Z 0.0000 0.0000 1.0000

PART 1
OFFSET 3.9992 2.4864 -0.1012
SCALE 1 1 1
X 0.9980 -0.0618 0.0113
Y 0.0612 0.9968 0.0513
Z -0.0144 -0.0505 0.9986


FRAME 24
PART 0
OFFSET 0.0000 0.0000 0.0000
SCALE 1 1 1
X 1.0000 0.0000 0.0000
Y 0.0000 1.0000 0.0000
Z 0.0000 0.0000 1.0000

PART 1
OFFSET 3.9647 2.0780 -0.3009
SCALE 1 1 1
X 0.9985 -0.0532 0.0099
Y 0.0527 0.9976 0.0447
Z -0.0123 -0.0441 0.9989


FRAME 25
PART 0
OFFSET 0.0000 0.0000 0.0000
SCALE 1 1 1
X 1.0000 0.0000 0.0000
Y 0.0000 1.0000 0.0000
Z 0.0000 0.0000 1.0000

PART 1
OFFSET 3.9159 1.6176 -0.5334
SCALE 1 1 1
X 0.9991 -0.0424 0.0080
Y 0.0420 0.9985 0.0360
Z -0.0095 -0.0356 0.9993


FRAME 26
PART 0
OFFSET 0.0000 0.0000 0.0000
SCALE 1 1 1
X 1.0000 0.0000 0.0000
Y 0.0000 1.0000 0.0000
Z 0.0000 0.0000 1.0000

PART 1
OFFSET 3.8599 1.1469 -0.7754
SCALE 1 1 1
X 0.9995 -0.0306 0.0059
Y 0.0304 0.9992 0.0262
Z -0.0067 -0.0260 0.9996


FRAME 27
PART 0
OFFSET 0.0000 0.0000 0.0000
SCALE 1 1 1
X 1.0000 0.0000 0.0000
Y 0.0000 1.0000 0.0000
Z 0.0000 0.0000 1.0000

PART 1
OFFSET 3.8039 0.7080 -1.0039
SCALE 1 1 1
X 0.9998 -0.0191 0.0037
Y 0.0191 0.9997 0.0165
Z -0.0040 -0.0164 0.9999


FRAME 28
PART 0
OFFSET 0.0000 0.0000 0.0000
SCALE 1 1 1
X 1.0000 0.0000 0.0000
Y 0.0000 1.0000 0.0000
Z 0.0000 0.0000 1.0000

PART 1
OFFSET 3.7551 0.3426 -1.1957
SCALE 1 1 1
X 1.0000 -0.0094 0.0018
Y 0.0094 0.9999 0.0081
Z -0.0019 -0.0081 1.0000


FRAME 29
PART 0
OFFSET 0.0000 0.0000 0.0000
SCALE 1 1 1
X 1.0000 0.0000 0.0000
Y 0.0000 1.0000 0.0000
Z 0.0000 0.0000 1.0000

PART 1
OFFSET 3.7206 0.0926 -1.3278
SCALE 1 1 1
X 1.0000 -0.0026 0.0005
Y 0.0026 1.0000 0.0022
Z -0.0005 -0.0022 1.0000


FRAME 30
PART 0
OFFSET 0.0000 0.0000 0.0000
SCALE 1 1 1
X 1.0000 0.0000 0.0000
Y 0.0000 1.0000 0.0000
Z 0.0000 0.0000 1.0000

PART 1
OFFSET 3.7075 0.0000 -1.3770
SCALE 1 1 1
X 1.0000 0.0000 0.0000
Y 0.0000 1.0000 0.0000
Z 0.0000 0.0000 1.0000


NOTETRACKS

PART 0
NUMTRACKS 0

PART 1
NUMTRACKS 0

