// Export filename: `C:/cod5/cod/cod5/xanim_export/viewmodel/US/30cal/viewmodel_30cal_putaway.XANIM_EXPORT`
// Source filename: `C:/cod5/cod/cod5/animation_assets/viewmodel/US/30_cal/viewmodelanimation_30_cal.mb`
// Export time: Fri Jul 25 17:00:48 2008

ANIMATION
VERSION 3

NUMPARTS 96
PART 0 "RingPalm_FK_LE"
PART 1 "RingPalm_SDK_LE"
PART 2 "J_Webbing_RI"
PART 3 "J_Index_RI_0"
PART 4 "J_Index_RI_1"
PART 5 "J_Index_RI_2"
PART 6 "J_Index_RI_3"
PART 7 "J_Mid_RI_0"
PART 8 "J_Mid_RI_1"
PART 9 "J_Mid_RI_2"
PART 10 "J_Mid_RI_3"
PART 11 "tag_cambone"
PART 12 "tag_camera"
PART 13 "tag_gasmask"
PART 14 "J_Index_LE_3"
PART 15 "J_Mid_LE_0"
PART 16 "J_Mid_LE_1"
PART 17 "J_Mid_LE_2"
PART 18 "J_Mid_LE_3"
PART 19 "tag_weapon"
PART 20 "J_Shoulder_RI"
PART 21 "J_Elbow_RI"
PART 22 "J_WristTwist_RI"
PART 23 "J_Sleave_Reshape_Top_RI_3"
PART 24 "J_Sleave_Reshape_Top_RI_2"
PART 25 "J_Sleave_Reshape_Top_RI_1"
PART 26 "J_Wrist_RI"
PART 27 "J_Thumb_RI_0"
PART 28 "J_Thumb_RI_1"
PART 29 "J_Thumb_RI_2"
PART 30 "J_Thumb_RI_3"
PART 31 "J_PinkyPalm_RI"
PART 32 "J_Pinky_RI_0"
PART 33 "J_Pinky_RI_1"
PART 34 "J_Pinky_RI_2"
PART 35 "J_Pinky_RI_3"
PART 36 "J_RingPalm_RI"
PART 37 "J_Ring_RI_0"
PART 38 "J_Ring_RI_1"
PART 39 "J_Ring_RI_2"
PART 40 "J_Ring_RI_3"
PART 41 "RingPalm_FK_RI"
PART 42 "RingPalm_SDK_RI"
PART 43 "tag_torso"
PART 44 "J_Shoulder_LE"
PART 45 "J_Elbow_LE"
PART 46 "J_WristTwist_LE"
PART 47 "J_Sleave_Reshape_Bottom_LE_1"
PART 48 "J_Sleave_Reshape_Bottom_LE_2"
PART 49 "J_Sleave_Reshape_Top_LE_1"
PART 50 "J_Sleave_Reshape_Top_LE_2"
PART 51 "J_Sleave_Reshape_Top_LE_3"
PART 52 "J_Wrist_LE"
PART 53 "J_Thumb_LE_0"
PART 54 "J_Thumb_LE_1"
PART 55 "J_Thumb_LE_2"
PART 56 "J_Thumb_LE_3"
PART 57 "J_PinkyPalm_LE"
PART 58 "J_Pinky_LE_0"
PART 59 "J_Pinky_LE_1"
PART 60 "J_Pinky_LE_2"
PART 61 "J_Pinky_LE_3"
PART 62 "J_RingPalm_LE"
PART 63 "J_Ring_LE_0"
PART 64 "J_Ring_LE_1"
PART 65 "J_Ring_LE_2"
PART 66 "J_Ring_LE_3"
PART 67 "J_Webbing_LE"
PART 68 "J_Index_LE_0"
PART 69 "J_Index_LE_1"
PART 70 "J_Index_LE_2"
PART 71 "J_Gun"
PART 72 "J_Bolt"
PART 73 "J_Clip"
PART 74 "tag_bipod"
PART 75 "tag_top"
PART 76 "ammo01_jnt"
PART 77 "ammo02_jnt"
PART 78 "ammo03_jnt"
PART 79 "ammo04_jnt"
PART 80 "ammo05_jnt"
PART 81 "ammo06_jnt"
PART 82 "ammo07_jnt"
PART 83 "ammo08_jnt"
PART 84 "ammo09_jnt"
PART 85 "ammo10_jnt"
PART 86 "ammo11_jnt"
PART 87 "ammo12_jnt"
PART 88 "ammo13_jnt"
PART 89 "ammo14_jnt"
PART 90 "ammo15_jnt"
PART 91 "ammo16_jnt"
PART 92 "ammo17_jnt"
PART 93 "ammo18_jnt"
PART 94 "ammo19_jnt"
PART 95 "ammo20_jnt"

FRAMERATE 30
NUMFRAMES 26

FRAME 180
PART 0
OFFSET 18.4454 -2.2567 -7.3033
SCALE 1 1 1
X 0.2603 -0.9633 -0.0652
Y -0.0461 -0.0799 0.9957
Z -0.9644 -0.2561 -0.0652

PART 1
OFFSET 18.4454 -2.2567 -7.3033
SCALE 1 1 1
X 0.2603 -0.9633 -0.0652
Y -0.0461 -0.0799 0.9957
Z -0.9644 -0.2561 -0.0652

PART 2
OFFSET -3.8924 -6.6747 -6.3305
SCALE 1 1 1
X -0.9289 -0.3191 0.1881
Y -0.3331 0.9417 -0.0480
Z -0.1618 -0.1072 -0.9810

PART 3
OFFSET 4.1509 -6.1466 -6.3607
SCALE 1 1 1
X -0.6128 -0.7893 0.0392
Y 0.7899 -0.6132 -0.0004
Z 0.0243 0.0307 0.9992

PART 4
OFFSET 5.2298 -4.7569 -6.4296
SCALE 1 1 1
X 0.5110 -0.8570 0.0659
Y 0.8594 0.5108 -0.0211
Z -0.0156 0.0674 0.9976

PART 5
OFFSET 4.6076 -3.7109 -6.4491
SCALE 1 1 1
X 0.9693 0.2425 -0.0407
Y -0.2430 0.9700 -0.0081
Z 0.0376 0.0178 0.9991

PART 6
OFFSET 3.5127 -3.9848 -6.4031
SCALE 1 1 1
X -0.0856 -0.9496 0.3016
Y -0.9935 0.0586 -0.0976
Z 0.0750 -0.3080 -0.9484

PART 7
OFFSET 4.0450 -5.9794 -7.4476
SCALE 1 1 1
X -0.3252 -0.9451 -0.0311
Y 0.9419 -0.3267 0.0786
Z -0.0844 -0.0037 0.9964

PART 8
OFFSET 4.6804 -4.1331 -7.3868
SCALE 1 1 1
X 0.8807 -0.4696 0.0620
Y 0.4704 0.8825 0.0015
Z -0.0554 0.0278 0.9981

PART 9
OFFSET 3.3940 -3.4472 -7.4774
SCALE 1 1 1
X 0.8064 0.5913 -0.0076
Y -0.5889 0.8018 -0.1017
Z -0.0540 0.0865 0.9948

PART 10
OFFSET 2.4807 -4.1170 -7.4758
SCALE 1 1 1
X -0.2388 -0.9710 0.0072
Y -0.9711 0.2388 0.0015
Z -0.0031 -0.0067 -1.0000

PART 11
OFFSET 0.0000 0.0000 0.0000
SCALE 1 1 1
X 1.0000 0.0000 0.0000
Y 0.0000 1.0000 0.0000
Z 0.0000 0.0000 1.0000

PART 12
OFFSET -0.0010 -0.0010 -0.0010
SCALE 1 1 1
X 1.0000 -0.0000 0.0000
Y 0.0000 1.0000 -0.0000
Z -0.0000 0.0000 1.0000

PART 13
OFFSET 0.0000 0.0000 0.0000
SCALE 1 1 1
X 1.0000 -0.0000 0.0000
Y 0.0000 1.0000 -0.0000
Z -0.0000 0.0000 1.0000

PART 14
OFFSET 20.6063 -3.8563 -4.0497
SCALE 1 1 1
X 0.1784 -0.9740 0.1396
Y 0.2457 -0.0933 -0.9649
Z 0.9528 0.2065 0.2226

PART 15
OFFSET 19.9906 -4.4758 -7.7246
SCALE 1 1 1
X 0.0622 -0.1896 0.9799
Y -0.5017 0.8428 0.1950
Z -0.8628 -0.5037 -0.0427

PART 16
OFFSET 20.1122 -4.8462 -5.8103
SCALE 1 1 1
X -0.2484 0.3019 0.9204
Y -0.4195 0.8229 -0.3832
Z -0.8731 -0.4813 -0.0778

PART 17
OFFSET 19.7494 -4.4052 -4.4660
SCALE 1 1 1
X -0.4355 0.7185 0.5423
Y -0.1537 0.5342 -0.8313
Z -0.8870 -0.4453 -0.1222

PART 18
OFFSET 19.2500 -3.5949 -3.8521
SCALE 1 1 1
X 0.4888 -0.8637 0.1229
Y 0.0961 -0.0868 -0.9916
Z 0.8671 0.4965 0.0406

PART 19
OFFSET 9.0164 -3.6472 -5.7617
SCALE 1 1 1
X 0.9991 0.0423 0.0018
Y -0.0423 0.9990 -0.0151
Z -0.0025 0.0150 0.9999

PART 20
OFFSET -3.5797 -7.9373 -3.1869
SCALE 1 1 1
X 0.4768 -0.1703 0.8624
Y -0.2769 -0.9602 -0.0365
Z 0.8343 -0.2214 -0.5050

PART 21
OFFSET -9.3460 -5.8779 -13.6163
SCALE 1 1 1
X -0.8291 0.0068 -0.5590
Y 0.5269 0.3440 -0.7772
Z 0.1870 -0.9389 -0.2888

PART 22
OFFSET -2.2940 -5.9358 -8.8614
SCALE 1 1 1
X -0.8291 0.0068 -0.5590
Y 0.5591 0.0016 -0.8291
Z -0.0048 -1.0000 -0.0051

PART 23
OFFSET -1.7429 -4.9995 -7.0940
SCALE 1 1 1
X -0.8328 0.0073 -0.5536
Y -0.1922 0.9339 0.3015
Z 0.5192 0.3575 -0.7763

PART 24
OFFSET -1.8424 -5.7884 -6.2706
SCALE 1 1 1
X -0.8328 0.0073 -0.5536
Y -0.1922 0.9339 0.3015
Z 0.5192 0.3575 -0.7763

PART 25
OFFSET -1.1775 -7.0926 -7.0950
SCALE 1 1 1
X -0.8328 0.0073 -0.5536
Y -0.1922 0.9339 0.3015
Z 0.5192 0.3575 -0.7763

PART 26
OFFSET 0.2478 -5.9566 -7.1476
SCALE 1 1 1
X -0.9989 -0.0452 -0.0077
Y 0.0080 -0.0066 -0.9999
Z 0.0452 -0.9990 0.0070

PART 27
OFFSET 0.6708 -5.5197 -6.1820
SCALE 1 1 1
X -0.6457 -0.4987 -0.5783
Y 0.4372 0.3795 -0.8154
Z 0.6261 -0.7793 -0.0270

PART 28
OFFSET 1.9857 -4.4381 -4.8512
SCALE 1 1 1
X -0.9057 -0.4225 0.0358
Y 0.0120 -0.1099 -0.9939
Z 0.4238 -0.8997 0.1046

PART 29
OFFSET 3.4009 -3.6618 -4.9801
SCALE 1 1 1
X -0.7376 -0.4484 0.5048
Y -0.4090 -0.2981 -0.8625
Z 0.5373 -0.8426 0.0365

PART 30
OFFSET 4.1810 -3.1332 -5.5129
SCALE 1 1 1
X -0.9739 0.1488 0.1714
Y 0.1402 0.9882 -0.0611
Z -0.1785 -0.0355 -0.9833

PART 31
OFFSET 1.0926 -5.7235 -8.2132
SCALE 1 1 1
X -0.8217 -0.0762 0.5648
Y 0.1141 -0.9930 0.0320
Z 0.5584 0.0907 0.8246

PART 32
OFFSET 3.0061 -5.4173 -9.3660
SCALE 1 1 1
X -0.7313 -0.6800 -0.0528
Y 0.6808 -0.7233 -0.1155
Z 0.0403 -0.1204 0.9919

PART 33
OFFSET 4.0415 -4.4546 -9.2912
SCALE 1 1 1
X 0.7203 -0.6884 -0.0855
Y 0.6935 0.7123 0.1076
Z -0.0132 -0.1368 0.9905

PART 34
OFFSET 3.4029 -3.8443 -9.2154
SCALE 1 1 1
X 0.9680 0.2509 -0.0050
Y -0.2496 0.9645 0.0868
Z 0.0266 -0.0828 0.9962

PART 35
OFFSET 2.4832 -4.0827 -9.2107
SCALE 1 1 1
X -0.5875 -0.7854 -0.1947
Y -0.8080 0.5562 0.1946
Z -0.0446 0.2717 -0.9614

PART 36
OFFSET 1.3132 -5.8487 -7.5459
SCALE 1 1 1
X -0.9528 -0.0470 0.2998
Y 0.0652 -0.9966 0.0510
Z 0.2963 0.0682 0.9526

PART 37
OFFSET 3.7436 -5.7587 -8.4643
SCALE 1 1 1
X -0.4244 -0.9050 0.0297
Y 0.8981 -0.4249 -0.1135
Z 0.1154 -0.0215 0.9931

PART 38
OFFSET 4.4662 -4.2180 -8.5150
SCALE 1 1 1
X 0.9119 -0.3967 -0.1052
Y 0.3990 0.9170 -0.0000
Z 0.0965 -0.0419 0.9945

PART 39
OFFSET 3.2025 -3.6681 -8.3692
SCALE 1 1 1
X 0.6936 0.7195 -0.0344
Y -0.7146 0.6933 0.0928
Z 0.0906 -0.0398 0.9951

PART 40
OFFSET 2.4502 -4.4485 -8.3319
SCALE 1 1 1
X -0.1556 -0.9875 0.0241
Y -0.9862 0.1567 0.0529
Z -0.0560 -0.0155 -0.9983

PART 41
OFFSET 1.3132 -5.8487 -7.5459
SCALE 1 1 1
X -0.9528 -0.0470 0.2998
Y 0.0652 -0.9966 0.0510
Z 0.2963 0.0682 0.9526

PART 42
OFFSET 1.3132 -5.8487 -7.5459
SCALE 1 1 1
X -0.9528 -0.0470 0.2998
Y 0.0652 -0.9966 0.0510
Z 0.2963 0.0682 0.9526

PART 43
OFFSET 3.7075 0.0000 -1.3770
SCALE 1 1 1
X 1.0000 0.0000 0.0000
Y 0.0000 1.0000 0.0000
Z 0.0000 0.0000 1.0000

PART 44
OFFSET -0.0838 7.9373 -3.1869
SCALE 1 1 1
X 0.8406 -0.0974 -0.5328
Y -0.2477 -0.9439 -0.2183
Z -0.4817 0.3154 -0.8176

PART 45
OFFSET 10.0825 6.7593 -9.6305
SCALE 1 1 1
X 0.7020 -0.6826 0.2028
Y -0.5448 -0.3314 0.7703
Z -0.4586 -0.6513 -0.6045

PART 46
OFFSET 16.0537 0.9531 -7.9053
SCALE 1 1 1
X 0.7020 -0.6826 0.2028
Y 0.6875 0.7239 0.0569
Z -0.1857 0.0995 0.9776

PART 47
OFFSET 18.2455 1.4284 -7.0067
SCALE 1 1 1
X 0.7065 -0.6789 0.1999
Y 0.4644 0.6579 0.5928
Z -0.5340 -0.3260 0.7801

PART 48
OFFSET 17.1147 0.2013 -9.1083
SCALE 1 1 1
X 0.7065 -0.6789 0.1999
Y 0.4644 0.6579 0.5928
Z -0.5340 -0.3260 0.7801

PART 49
OFFSET 17.3439 0.1674 -5.5536
SCALE 1 1 1
X 0.7065 -0.6789 0.1999
Y 0.4644 0.6579 0.5928
Z -0.5340 -0.3260 0.7801

PART 50
OFFSET 16.4809 -0.8692 -6.5467
SCALE 1 1 1
X 0.7065 -0.6789 0.1999
Y 0.4644 0.6579 0.5928
Z -0.5340 -0.3260 0.7801

PART 51
OFFSET 15.5780 -1.5867 -7.7152
SCALE 1 1 1
X 0.7065 -0.6789 0.1999
Y 0.4644 0.6579 0.5928
Z -0.5340 -0.3260 0.7801

PART 52
OFFSET 18.2059 -1.1396 -7.2835
SCALE 1 1 1
X 0.5442 -0.8366 -0.0625
Y 0.8390 0.5429 0.0383
Z 0.0018 -0.0733 0.9973

PART 53
OFFSET 19.2611 -1.0222 -6.8650
SCALE 1 1 1
X 0.6853 0.0233 0.7279
Y 0.2797 0.9144 -0.2926
Z -0.6724 0.4041 0.6201

PART 54
OFFSET 20.7303 -0.8582 -5.2889
SCALE 1 1 1
X 0.4730 -0.6829 0.5567
Y 0.6086 0.7102 0.3539
Z -0.6370 0.1714 0.7515

PART 55
OFFSET 21.3863 -1.9837 -4.3272
SCALE 1 1 1
X -0.0210 -0.9236 0.3828
Y 0.7567 0.2355 0.6098
Z -0.6534 0.3025 0.6940

PART 56
OFFSET 21.3466 -2.9647 -3.8711
SCALE 1 1 1
X 0.5601 -0.8275 -0.0376
Y 0.2820 0.2331 -0.9307
Z 0.7789 0.5107 0.3639

PART 57
OFFSET 17.7685 -2.4437 -7.1758
SCALE 1 1 1
X -0.0326 -0.9990 -0.0303
Y -0.0564 -0.0284 0.9980
Z -0.9979 0.0343 -0.0554

PART 58
OFFSET 17.8335 -4.6967 -7.1133
SCALE 1 1 1
X 0.0298 -0.2153 0.9761
Y -0.1823 0.9590 0.2171
Z -0.9828 -0.1844 -0.0106

PART 59
OFFSET 17.8757 -5.0016 -5.7314
SCALE 1 1 1
X -0.0319 0.2879 0.9571
Y -0.2186 0.9324 -0.2878
Z -0.9753 -0.2184 0.0332

PART 60
OFFSET 17.8475 -4.7464 -4.8828
SCALE 1 1 1
X -0.1361 0.8653 0.4824
Y -0.0810 0.4756 -0.8759
Z -0.9874 -0.1583 0.0053

PART 61
OFFSET 17.7182 -3.9243 -4.4245
SCALE 1 1 1
X 0.2977 -0.9375 0.1801
Y -0.0983 -0.2178 -0.9710
Z 0.9496 0.2714 -0.1570

PART 62
OFFSET 18.4454 -2.2567 -7.3033
SCALE 1 1 1
X 0.2603 -0.9633 -0.0652
Y -0.0461 -0.0799 0.9957
Z -0.9644 -0.2561 -0.0652

PART 63
OFFSET 18.9786 -4.7932 -7.5042
SCALE 1 1 1
X -0.0102 -0.0957 0.9954
Y -0.3347 0.9383 0.0868
Z -0.9423 -0.3322 -0.0416

PART 64
OFFSET 18.9612 -4.9561 -5.8096
SCALE 1 1 1
X -0.1594 0.3952 0.9047
Y -0.3036 0.8523 -0.4258
Z -0.9394 -0.3425 -0.0159

PART 65
OFFSET 18.7403 -4.4084 -4.5558
SCALE 1 1 1
X -0.2877 0.7442 0.6028
Y -0.1923 0.5717 -0.7976
Z -0.9382 -0.3454 -0.0214

PART 66
OFFSET 18.4283 -3.6013 -3.9021
SCALE 1 1 1
X 0.2994 -0.9533 -0.0393
Y 0.0478 0.0561 -0.9973
Z 0.9529 0.2967 0.0624

PART 67
OFFSET 21.2166 -2.8960 -6.8806
SCALE 1 1 1
X 0.3503 -0.9125 0.2111
Y 0.1892 -0.1519 -0.9701
Z 0.9173 0.3798 0.1194

PART 68
OFFSET 20.9585 -3.9629 -7.8685
SCALE 1 1 1
X 0.0791 -0.3347 0.9390
Y -0.4460 0.8306 0.3336
Z -0.8915 -0.4451 -0.0836

PART 69
OFFSET 21.0977 -4.5522 -6.2153
SCALE 1 1 1
X -0.2103 0.1646 0.9637
Y -0.4527 0.8573 -0.2452
Z -0.8665 -0.4878 -0.1058

PART 70
OFFSET 20.8946 -4.3225 -5.0373
SCALE 1 1 1
X -0.2553 0.4128 0.8743
Y -0.3823 0.7875 -0.4834
Z -0.8881 -0.4577 -0.0433

PART 71
OFFSET 9.0164 -3.6472 -5.7617
SCALE 1 1 1
X 0.9991 0.0423 0.0018
Y -0.0423 0.9990 -0.0151
Z -0.0025 0.0150 0.9999

PART 72
OFFSET 11.2998 -5.0162 -4.4000
SCALE 1 1 1
X 0.9988 0.0426 0.0223
Y -0.0423 0.9990 -0.0151
Z -0.0229 0.0141 0.9996

PART 73
OFFSET 13.4923 -2.0701 -3.9511
SCALE 1 1 1
X 0.9991 0.0423 0.0018
Y -0.0423 0.9990 -0.0151
Z -0.0025 0.0150 0.9999

PART 74
OFFSET 33.5069 -2.6048 -5.3776
SCALE 1 1 1
X 0.2327 -0.0048 -0.9725
Y -0.0423 0.9990 -0.0151
Z 0.9716 0.0446 0.2323

PART 75
OFFSET 15.8498 -3.3224 -3.4040
SCALE 1 1 1
X 0.9991 0.0423 0.0018
Y -0.0423 0.9990 -0.0151
Z -0.0025 0.0150 0.9999

PART 76
OFFSET 13.2823 -2.5136 -4.0960
SCALE 1 1 1
X -0.0025 0.0150 0.9999
Y -0.0423 0.9990 -0.0151
Z -0.9991 -0.0423 -0.0018

PART 77
OFFSET 13.2622 -2.0435 -4.3056
SCALE 1 1 1
X -0.0306 0.6987 0.7148
Y -0.0320 0.7141 -0.6993
Z -0.9990 -0.0443 0.0005

PART 78
OFFSET 13.2452 -1.7022 -4.7474
SCALE 1 1 1
X -0.0332 0.8138 0.5802
Y -0.0326 0.5793 -0.8145
Z -0.9989 -0.0460 0.0073

PART 79
OFFSET 13.2213 -1.3151 -5.1735
SCALE 1 1 1
X -0.0175 0.6250 0.7804
Y -0.0500 0.7790 -0.6250
Z -0.9986 -0.0500 0.0176

PART 80
OFFSET 13.1910 -0.8201 -5.4669
SCALE 1 1 1
X 0.0087 0.3977 0.9175
Y -0.0518 0.9165 -0.3968
Z -0.9986 -0.0440 0.0286

PART 81
OFFSET 13.1649 -0.2683 -5.6412
SCALE 1 1 1
X 0.0416 0.2124 0.9763
Y -0.0353 0.9768 -0.2110
Z -0.9985 -0.0257 0.0481

PART 82
OFFSET 13.1495 0.2953 -5.7218
SCALE 1 1 1
X 0.0773 0.0874 0.9932
Y -0.0230 0.9960 -0.0859
Z -0.9967 -0.0162 0.0790

PART 83
OFFSET 13.1333 0.8689 -5.7571
SCALE 1 1 1
X 0.1014 0.0562 0.9933
Y -0.0379 0.9979 -0.0526
Z -0.9941 -0.0323 0.1034

PART 84
OFFSET 13.1011 1.4607 -5.8000
SCALE 1 1 1
X 0.1028 0.1046 0.9892
Y -0.0668 0.9929 -0.0980
Z -0.9925 -0.0560 0.1090

PART 85
OFFSET 13.0641 2.0672 -5.8758
SCALE 1 1 1
X 0.0893 0.1519 0.9844
Y -0.0440 0.9879 -0.1485
Z -0.9950 -0.0301 0.0949

PART 86
OFFSET 13.0597 2.6731 -5.9817
SCALE 1 1 1
X 0.0767 0.1920 0.9784
Y 0.0404 0.9799 -0.1955
Z -0.9962 0.0546 0.0674

PART 87
OFFSET 13.1116 3.2666 -6.1171
SCALE 1 1 1
X 0.0769 0.2432 0.9669
Y 0.1153 0.9611 -0.2509
Z -0.9904 0.1308 0.0459

PART 88
OFFSET 13.1840 3.8534 -6.2941
SCALE 1 1 1
X 0.0934 0.3159 0.9442
Y 0.1052 0.9399 -0.3248
Z -0.9901 0.1296 0.0546

PART 89
OFFSET 13.2279 4.4422 -6.5267
SCALE 1 1 1
X 0.1292 0.3983 0.9081
Y 0.0334 0.9135 -0.4054
Z -0.9911 0.0827 0.1047

PART 90
OFFSET 13.2388 5.0154 -6.8054
SCALE 1 1 1
X 0.1771 0.4576 0.8713
Y 0.0113 0.8843 -0.4667
Z -0.9841 0.0925 0.1514

PART 91
OFFSET 13.2557 5.5288 -7.0966
SCALE 1 1 1
X 0.2201 0.4967 0.8396
Y 0.0615 0.8519 -0.5201
Z -0.9735 0.1661 0.1570

PART 92
OFFSET 13.3073 5.9566 -7.3897
SCALE 1 1 1
X 0.2644 0.5752 0.7741
Y 0.1236 0.7759 -0.6187
Z -0.9565 0.2592 0.1341

PART 93
OFFSET 13.3712 6.3512 -7.7697
SCALE 1 1 1
X 0.3300 0.6895 0.6447
Y 0.0949 0.6553 -0.7494
Z -0.9392 0.3085 0.1508

PART 94
OFFSET 13.4154 6.7821 -8.3352
SCALE 1 1 1
X 0.3966 0.7364 0.5482
Y 0.0472 0.5800 -0.8133
Z -0.9168 0.3484 0.1953

PART 95
OFFSET 13.4847 7.2657 -8.9504
SCALE 1 1 1
X 0.3810 0.6201 0.6858
Y 0.1671 0.6833 -0.7107
Z -0.9093 0.3854 0.1567


FRAME 181
PART 0
OFFSET 18.2655 -2.4081 -6.7847
SCALE 1 1 1
X 0.2836 -0.9575 -0.0527
Y -0.0986 -0.0838 0.9916
Z -0.9539 -0.2760 -0.1181

PART 1
OFFSET 18.2655 -2.4081 -6.7847
SCALE 1 1 1
X 0.2836 -0.9575 -0.0527
Y -0.0986 -0.0838 0.9916
Z -0.9539 -0.2760 -0.1181

PART 2
OFFSET -3.9944 -7.2947 -7.0377
SCALE 1 1 1
X -0.9308 -0.3389 0.1366
Y -0.3498 0.9346 -0.0643
Z -0.1059 -0.1077 -0.9885

PART 3
OFFSET 4.0258 -6.5986 -6.6289
SCALE 1 1 1
X -0.5973 -0.8020 0.0043
Y 0.8015 -0.5966 0.0415
Z -0.0307 0.0282 0.9991

PART 4
OFFSET 5.0773 -5.1865 -6.6365
SCALE 1 1 1
X 0.5246 -0.8464 0.0920
Y 0.8484 0.5287 0.0267
Z -0.0712 0.0641 0.9954

PART 5
OFFSET 4.4352 -4.1537 -6.6879
SCALE 1 1 1
X 0.9648 0.2628 0.0125
Y -0.2625 0.9647 -0.0196
Z -0.0172 0.0156 0.9997

PART 6
OFFSET 3.3455 -4.4505 -6.7021
SCALE 1 1 1
X -0.0820 -0.9521 0.2948
Y -0.9877 0.0381 -0.1514
Z 0.1329 -0.3036 -0.9435

PART 7
OFFSET 3.9756 -6.4304 -7.7197
SCALE 1 1 1
X -0.3031 -0.9516 -0.0505
Y 0.9428 -0.3072 0.1292
Z -0.1384 -0.0084 0.9903

PART 8
OFFSET 4.5678 -4.5714 -7.6211
SCALE 1 1 1
X 0.8857 -0.4512 0.1090
Y 0.4509 0.8921 0.0287
Z -0.1102 0.0237 0.9936

PART 9
OFFSET 3.2741 -3.9123 -7.7802
SCALE 1 1 1
X 0.7930 0.6080 0.0374
Y -0.5992 0.7896 -0.1321
Z -0.1099 0.0824 0.9905

PART 10
OFFSET 2.3763 -4.6010 -7.8296
SCALE 1 1 1
X -0.2183 -0.9758 -0.0076
Y -0.9745 0.2184 -0.0510
Z 0.0514 -0.0037 -0.9987

PART 11
OFFSET 0.0000 0.0000 0.0000
SCALE 1 1 1
X 1.0000 0.0000 0.0000
Y 0.0000 1.0000 0.0000
Z 0.0000 0.0000 1.0000

PART 12
OFFSET -0.0010 -0.0010 -0.0010
SCALE 1 1 1
X 1.0000 -0.0000 0.0000
Y 0.0000 1.0000 -0.0000
Z -0.0000 0.0000 1.0000

PART 13
OFFSET -0.0000 0.0000 -0.0000
SCALE 1 1 1
X 1.0000 -0.0000 0.0000
Y 0.0000 1.0000 -0.0000
Z -0.0000 0.0000 1.0000

PART 14
OFFSET 20.2792 -3.9719 -3.4212
SCALE 1 1 1
X 0.1910 -0.9705 0.1473
Y 0.2997 -0.0852 -0.9502
Z 0.9347 0.2256 0.2746

PART 15
OFFSET 19.8776 -4.5931 -7.1252
SCALE 1 1 1
X 0.0128 -0.1912 0.9815
Y -0.5291 0.8316 0.1689
Z -0.8484 -0.5215 -0.0905

PART 16
OFFSET 19.9026 -4.9667 -5.2079
SCALE 1 1 1
X -0.3044 0.2939 0.9061
Y -0.4152 0.8151 -0.4039
Z -0.8573 -0.4992 -0.1261

PART 17
OFFSET 19.4580 -4.5374 -3.8845
SCALE 1 1 1
X -0.4793 0.7077 0.5191
Y -0.1194 0.5334 -0.8374
Z -0.8695 -0.4634 -0.1711

PART 18
OFFSET 18.9090 -3.7395 -3.2972
SCALE 1 1 1
X 0.4994 -0.8537 0.1478
Y 0.1517 -0.0818 -0.9850
Z 0.8530 0.5144 0.0887

PART 19
OFFSET 8.7978 -3.9998 -5.7613
SCALE 1 1 1
X 0.9964 0.0632 0.0563
Y -0.0624 0.9979 -0.0155
Z -0.0572 0.0119 0.9983

PART 20
OFFSET -3.9658 -7.9373 -3.1869
SCALE 1 1 1
X 0.4679 -0.1112 0.8768
Y -0.3315 -0.9417 0.0574
Z 0.8193 -0.3175 -0.4775

PART 21
OFFSET -9.6243 -6.5921 -13.7904
SCALE 1 1 1
X -0.8463 -0.0090 -0.5327
Y 0.5160 0.2347 -0.8238
Z 0.1325 -0.9720 -0.1940

PART 22
OFFSET -2.4264 -6.5155 -9.2599
SCALE 1 1 1
X -0.8463 -0.0090 -0.5327
Y 0.5326 0.0105 -0.8463
Z 0.0132 -0.9999 -0.0041

PART 23
OFFSET -1.7607 -5.5025 -7.6342
SCALE 1 1 1
X -0.8497 -0.0077 -0.5272
Y -0.1375 0.9686 0.2073
Z 0.5090 0.2486 -0.8241

PART 24
OFFSET -1.8647 -6.2423 -6.7363
SCALE 1 1 1
X -0.8497 -0.0077 -0.5272
Y -0.1375 0.9686 0.2073
Z 0.5090 0.2486 -0.8241

PART 25
OFFSET -1.3836 -7.5745 -7.2913
SCALE 1 1 1
X -0.8497 -0.0077 -0.5272
Y -0.1375 0.9686 0.2073
Z 0.5090 0.2486 -0.8241

PART 26
OFFSET 0.1681 -6.4878 -7.6269
SCALE 1 1 1
X -0.9959 -0.0661 -0.0622
Y 0.0626 -0.0035 -0.9980
Z 0.0657 -0.9978 0.0076

PART 27
OFFSET 0.5287 -6.0451 -6.6389
SCALE 1 1 1
X -0.6026 -0.5104 -0.6135
Y 0.4728 0.3909 -0.7897
Z 0.6429 -0.7660 0.0057

PART 28
OFFSET 1.7461 -4.9402 -5.2365
SCALE 1 1 1
X -0.8972 -0.4414 -0.0143
Y 0.0683 -0.1067 -0.9919
Z 0.4364 -0.8909 0.1259

PART 29
OFFSET 3.1497 -4.1341 -5.2866
SCALE 1 1 1
X -0.7544 -0.4653 0.4630
Y -0.3551 -0.3040 -0.8840
Z 0.5521 -0.8313 0.0642

PART 30
OFFSET 3.9463 -3.5878 -5.7753
SCALE 1 1 1
X -0.9847 0.1279 0.1184
Y 0.1225 0.9911 -0.0516
Z -0.1240 -0.0363 -0.9916

PART 31
OFFSET 1.0645 -6.2340 -8.6444
SCALE 1 1 1
X -0.8494 -0.0950 0.5191
Y 0.1330 -0.9905 0.0363
Z 0.5107 0.0999 0.8540

PART 32
OFFSET 3.0311 -5.8844 -9.6908
SCALE 1 1 1
X -0.7129 -0.6950 -0.0938
Y 0.7012 -0.7085 -0.0796
Z -0.0112 -0.1225 0.9924

PART 33
OFFSET 4.0404 -4.9005 -9.5579
SCALE 1 1 1
X 0.7382 -0.6729 -0.0474
Y 0.6715 0.7264 0.1465
Z -0.0642 -0.1400 0.9881

PART 34
OFFSET 3.3859 -4.3039 -9.5160
SCALE 1 1 1
X 0.9613 0.2711 0.0482
Y -0.2741 0.9588 0.0748
Z -0.0259 -0.0851 0.9960

PART 35
OFFSET 2.4726 -4.5615 -9.5617
SCALE 1 1 1
X -0.5594 -0.7969 -0.2279
Y -0.8289 0.5386 0.1514
Z 0.0021 0.2735 -0.9619

PART 36
OFFSET 1.2511 -6.3565 -7.9664
SCALE 1 1 1
X -0.9665 -0.0678 0.2474
Y 0.0833 -0.9951 0.0526
Z 0.2426 0.0715 0.9675

PART 37
OFFSET 3.7255 -6.2130 -8.7509
SCALE 1 1 1
X -0.4063 -0.9137 0.0049
Y 0.9117 -0.4057 -0.0652
Z 0.0616 -0.0220 0.9979

PART 38
OFFSET 4.4172 -4.6574 -8.7593
SCALE 1 1 1
X 0.9244 -0.3773 -0.0561
Y 0.3790 0.9251 0.0234
Z 0.0431 -0.0429 0.9982

PART 39
OFFSET 3.1361 -4.1345 -8.6816
SCALE 1 1 1
X 0.6792 0.7340 0.0048
Y -0.7330 0.6780 0.0550
Z 0.0372 -0.0409 0.9985

PART 40
OFFSET 2.3995 -4.9305 -8.6867
SCALE 1 1 1
X -0.1359 -0.9906 0.0137
Y -0.9907 0.1359 -0.0006
Z -0.0013 -0.0137 -0.9999

PART 41
OFFSET 1.2511 -6.3565 -7.9664
SCALE 1 1 1
X -0.9665 -0.0678 0.2474
Y 0.0833 -0.9951 0.0526
Z 0.2426 0.0715 0.9675

PART 42
OFFSET 1.2511 -6.3565 -7.9664
SCALE 1 1 1
X -0.9665 -0.0678 0.2474
Y 0.0833 -0.9951 0.0526
Z 0.2426 0.0715 0.9675

PART 43
OFFSET 3.7075 0.0000 -1.3770
SCALE 1 1 1
X 1.0000 0.0000 0.0000
Y 0.0000 1.0000 0.0000
Z 0.0000 0.0000 1.0000

PART 44
OFFSET 0.3369 7.9373 -3.1869
SCALE 1 1 1
X 0.8300 -0.0903 -0.5505
Y -0.2421 -0.9473 -0.2097
Z -0.5026 0.3073 -0.8081

PART 45
OFFSET 10.3742 6.8458 -9.8445
SCALE 1 1 1
X 0.6592 -0.7037 0.2652
Y -0.5914 -0.2673 0.7608
Z -0.4645 -0.6583 -0.5923

PART 46
OFFSET 15.9809 0.8609 -7.5888
SCALE 1 1 1
X 0.6592 -0.7037 0.2652
Y 0.7088 0.6992 0.0933
Z -0.2511 0.1265 0.9597

PART 47
OFFSET 18.1545 1.2777 -6.6195
SCALE 1 1 1
X 0.6640 -0.7002 0.2623
Y 0.4710 0.6641 0.5806
Z -0.5807 -0.2619 0.7708

PART 48
OFFSET 17.0527 0.0020 -8.7077
SCALE 1 1 1
X 0.6640 -0.7002 0.2623
Y 0.4710 0.6641 0.5806
Z -0.5807 -0.2619 0.7708

PART 49
OFFSET 17.1338 0.1332 -5.1489
SCALE 1 1 1
X 0.6640 -0.7002 0.2623
Y 0.4710 0.6641 0.5806
Z -0.5807 -0.2619 0.7708

PART 50
OFFSET 16.2631 -0.9100 -6.1282
SCALE 1 1 1
X 0.6640 -0.7002 0.2623
Y 0.4710 0.6641 0.5806
Z -0.5807 -0.2619 0.7708

PART 51
OFFSET 15.3752 -1.6417 -7.2994
SCALE 1 1 1
X 0.6640 -0.7002 0.2623
Y 0.4710 0.6641 0.5806
Z -0.5807 -0.2619 0.7708

PART 52
OFFSET 18.0018 -1.2963 -6.7758
SCALE 1 1 1
X 0.5643 -0.8249 -0.0343
Y 0.8240 0.5601 0.0850
Z -0.0509 -0.0762 0.9958

PART 53
OFFSET 19.0299 -1.1581 -6.3004
SCALE 1 1 1
X 0.6440 0.0354 0.7642
Y 0.2760 0.9209 -0.2753
Z -0.7135 0.3882 0.5833

PART 54
OFFSET 20.4075 -0.9682 -4.6463
SCALE 1 1 1
X 0.4563 -0.6745 0.5804
Y 0.5734 0.7217 0.3878
Z -0.6804 0.1558 0.7160

PART 55
OFFSET 21.0337 -2.0826 -3.6523
SCALE 1 1 1
X -0.0224 -0.9250 0.3794
Y 0.7173 0.2495 0.6506
Z -0.6964 0.2867 0.6579

PART 56
OFFSET 20.9898 -3.0655 -3.2008
SCALE 1 1 1
X 0.5786 -0.8155 -0.0085
Y 0.3272 0.2417 -0.9135
Z 0.7471 0.5258 0.4067

PART 57
OFFSET 17.5866 -2.6095 -6.6945
SCALE 1 1 1
X -0.0099 -0.9994 -0.0338
Y -0.1100 -0.0325 0.9934
Z -0.9939 0.0136 -0.1096

PART 58
OFFSET 17.6955 -4.8610 -6.6328
SCALE 1 1 1
X -0.0188 -0.2176 0.9759
Y -0.2139 0.9543 0.2087
Z -0.9767 -0.2049 -0.0645

PART 59
OFFSET 17.6689 -5.1690 -5.2512
SCALE 1 1 1
X -0.0899 0.2843 0.9545
Y -0.2222 0.9285 -0.2975
Z -0.9709 -0.2388 -0.0203

PART 60
OFFSET 17.5892 -4.9169 -4.4049
SCALE 1 1 1
X -0.1803 0.8608 0.4759
Y -0.0432 0.4764 -0.8782
Z -0.9827 -0.1789 -0.0487

PART 61
OFFSET 17.4179 -4.0991 -3.9528
SCALE 1 1 1
X 0.3071 -0.9316 0.1943
Y -0.0407 -0.2169 -0.9753
Z 0.9508 0.2916 -0.1046

PART 62
OFFSET 18.2655 -2.4081 -6.7847
SCALE 1 1 1
X 0.2836 -0.9575 -0.0527
Y -0.0986 -0.0838 0.9916
Z -0.9539 -0.2760 -0.1181

PART 63
OFFSET 18.8620 -4.9323 -6.9609
SCALE 1 1 1
X -0.0623 -0.0989 0.9931
Y -0.3585 0.9309 0.0702
Z -0.9314 -0.3517 -0.0935

PART 64
OFFSET 18.7559 -5.1006 -5.2700
SCALE 1 1 1
X -0.2167 0.3891 0.8954
Y -0.2978 0.8471 -0.4402
Z -0.9297 -0.3620 -0.0677

PART 65
OFFSET 18.4556 -4.5613 -4.0291
SCALE 1 1 1
X -0.3356 0.7363 0.5876
Y -0.1606 0.5699 -0.8058
Z -0.9282 -0.3648 -0.0731

PART 66
OFFSET 18.0916 -3.7629 -3.3919
SCALE 1 1 1
X 0.3211 -0.9467 -0.0247
Y 0.1008 0.0601 -0.9931
Z 0.9417 0.3164 0.1148

PART 67
OFFSET 21.0223 -2.9907 -6.2128
SCALE 1 1 1
X 0.3574 -0.9056 0.2282
Y 0.2448 -0.1450 -0.9587
Z 0.9013 0.3985 0.1699

PART 68
OFFSET 20.8408 -4.0598 -7.2153
SCALE 1 1 1
X 0.0349 -0.3358 0.9413
Y -0.4808 0.8201 0.3103
Z -0.8761 -0.4634 -0.1328

PART 69
OFFSET 20.9022 -4.6509 -5.5580
SCALE 1 1 1
X -0.2658 0.1573 0.9511
Y -0.4566 0.8484 -0.2679
Z -0.8490 -0.5055 -0.1537

PART 70
OFFSET 20.6306 -4.4290 -4.3924
SCALE 1 1 1
X -0.3111 0.4047 0.8599
Y -0.3719 0.7808 -0.5021
Z -0.8746 -0.4760 -0.0924

PART 71
OFFSET 8.7978 -3.9998 -5.7613
SCALE 1 1 1
X 0.9964 0.0632 0.0563
Y -0.0624 0.9979 -0.0155
Z -0.0572 0.0119 0.9983

PART 72
OFFSET 11.0320 -5.3249 -4.2799
SCALE 1 1 1
X 0.9950 0.0634 0.0767
Y -0.0624 0.9979 -0.0155
Z -0.0775 0.0106 0.9969

PART 73
OFFSET 13.1344 -2.3350 -3.7068
SCALE 1 1 1
X 0.9964 0.0632 0.0563
Y -0.0624 0.9979 -0.0155
Z -0.0572 0.0119 0.9983

PART 74
OFFSET 33.2038 -2.4472 -4.0423
SCALE 1 1 1
X 0.2853 0.0030 -0.9584
Y -0.0624 0.9979 -0.0155
Z 0.9564 0.0642 0.2849

PART 75
OFFSET 15.4845 -3.5394 -3.0344
SCALE 1 1 1
X 0.9964 0.0632 0.0563
Y -0.0624 0.9979 -0.0155
Z -0.0572 0.0119 0.9983

PART 76
OFFSET 12.9409 -2.7607 -3.8682
SCALE 1 1 1
X -0.0572 0.0119 0.9983
Y -0.0624 0.9979 -0.0155
Z -0.9964 -0.0632 -0.0563

PART 77
OFFSET 12.9238 -2.2652 -4.0566
SCALE 1 1 1
X -0.0826 0.6127 0.7860
Y -0.0038 0.7885 -0.6150
Z -0.9966 -0.0538 -0.0628

PART 78
OFFSET 12.9273 -1.8702 -4.4474
SCALE 1 1 1
X -0.0799 0.7237 0.6855
Y 0.0076 0.6881 -0.7256
Z -0.9968 -0.0528 -0.0605

PART 79
OFFSET 12.9238 -1.4355 -4.8125
SCALE 1 1 1
X -0.0617 0.5217 0.8509
Y -0.0214 0.8517 -0.5237
Z -0.9979 -0.0505 -0.0414

PART 80
OFFSET 12.9081 -0.9095 -5.0469
SCALE 1 1 1
X -0.0250 0.2970 0.9546
Y -0.0273 0.9543 -0.2976
Z -0.9993 -0.0335 -0.0158

PART 81
OFFSET 12.8979 -0.3294 -5.1698
SCALE 1 1 1
X 0.0215 0.1256 0.9918
Y -0.0022 0.9921 -0.1256
Z -0.9998 0.0005 0.0216

PART 82
OFFSET 12.9050 0.2707 -5.2107
SCALE 1 1 1
X 0.0692 0.0254 0.9973
Y 0.0194 0.9995 -0.0268
Z -0.9974 0.0212 0.0687

PART 83
OFFSET 12.9142 0.8853 -5.2214
SCALE 1 1 1
X 0.1024 0.0227 0.9945
Y 0.0048 0.9997 -0.0233
Z -0.9947 0.0071 0.1022

PART 84
OFFSET 12.9047 1.5153 -5.2572
SCALE 1 1 1
X 0.1108 0.0981 0.9890
Y -0.0334 0.9949 -0.0949
Z -0.9933 -0.0225 0.1135

PART 85
OFFSET 12.8798 2.1586 -5.3400
SCALE 1 1 1
X 0.1041 0.1590 0.9818
Y -0.0361 0.9871 -0.1561
Z -0.9939 -0.0192 0.1084

PART 86
OFFSET 12.8668 2.8093 -5.4576
SCALE 1 1 1
X 0.0940 0.1949 0.9763
Y 0.0037 0.9806 -0.1961
Z -0.9956 0.0221 0.0914

PART 87
OFFSET 12.8846 3.4600 -5.6002
SCALE 1 1 1
X 0.0889 0.2306 0.9690
Y 0.0421 0.9711 -0.2350
Z -0.9951 0.0617 0.0767

PART 88
OFFSET 12.9131 4.0977 -5.7737
SCALE 1 1 1
X 0.0955 0.2886 0.9527
Y 0.0368 0.9554 -0.2931
Z -0.9947 0.0630 0.0806

PART 89
OFFSET 12.9247 4.7077 -5.9874
SCALE 1 1 1
X 0.1214 0.3663 0.9225
Y 0.0017 0.9293 -0.3692
Z -0.9926 0.0464 0.1122

PART 90
OFFSET 12.9314 5.2782 -6.2414
SCALE 1 1 1
X 0.1648 0.4331 0.8862
Y 0.0352 0.8953 -0.4441
Z -0.9857 0.1043 0.1323

PART 91
OFFSET 12.9856 5.7993 -6.5274
SCALE 1 1 1
X 0.2124 0.4759 0.8535
Y 0.1639 0.8437 -0.5112
Z -0.9633 0.2484 0.1012

PART 92
OFFSET 13.1205 6.2693 -6.8481
SCALE 1 1 1
X 0.2650 0.5318 0.8044
Y 0.2722 0.7590 -0.5915
Z -0.9250 0.3757 0.0563

PART 93
OFFSET 13.2873 6.7171 -7.2538
SCALE 1 1 1
X 0.3387 0.6194 0.7082
Y 0.2387 0.6715 -0.7015
Z -0.9101 0.4067 0.0796

PART 94
OFFSET 13.4207 7.1783 -7.7988
SCALE 1 1 1
X 0.4120 0.6752 0.6119
Y 0.1446 0.6145 -0.7755
Z -0.8996 0.4080 0.1555

PART 95
OFFSET 13.5486 7.6619 -8.3532
SCALE 1 1 1
X 0.3747 0.5613 0.7379
Y 0.2396 0.7103 -0.6619
Z -0.8957 0.4248 0.1316


FRAME 182
PART 0
OFFSET 18.1245 -2.5712 -6.5544
SCALE 1 1 1
X 0.3110 -0.9496 -0.0387
Y -0.1555 -0.0910 0.9836
Z -0.9376 -0.2999 -0.1760

PART 1
OFFSET 18.1245 -2.5712 -6.5544
SCALE 1 1 1
X 0.3110 -0.9496 -0.0387
Y -0.1555 -0.0910 0.9836
Z -0.9376 -0.2999 -0.1760

PART 2
OFFSET -3.9459 -8.0279 -8.1567
SCALE 1 1 1
X -0.9282 -0.3634 0.0795
Y -0.3695 0.9256 -0.0821
Z -0.0437 -0.1056 -0.9934

PART 3
OFFSET 4.0146 -7.1275 -7.2658
SCALE 1 1 1
X -0.5754 -0.8172 -0.0341
Y 0.8128 -0.5760 0.0875
Z -0.0912 0.0226 0.9956

PART 4
OFFSET 5.0277 -5.6888 -7.2058
SCALE 1 1 1
X 0.5400 -0.8330 0.1205
Y 0.8312 0.5503 0.0792
Z -0.1323 0.0575 0.9895

PART 5
OFFSET 4.3632 -4.6726 -7.2922
SCALE 1 1 1
X 0.9551 0.2875 0.0712
Y -0.2858 0.9577 -0.0321
Z -0.0774 0.0103 0.9969

PART 6
OFFSET 3.2844 -4.9973 -7.3726
SCALE 1 1 1
X -0.0747 -0.9552 0.2862
Y -0.9776 0.0134 -0.2102
Z 0.1969 -0.2955 -0.9348

PART 7
OFFSET 4.0255 -6.9555 -8.3570
SCALE 1 1 1
X -0.2747 -0.9588 -0.0716
Y 0.9411 -0.2834 0.1844
Z -0.1972 -0.0167 0.9802

PART 8
OFFSET 4.5622 -5.0823 -8.2171
SCALE 1 1 1
X 0.8890 -0.4288 0.1604
Y 0.4251 0.9033 0.0586
Z -0.1700 0.0161 0.9853

PART 9
OFFSET 3.2637 -4.4560 -8.4513
SCALE 1 1 1
X 0.7733 0.6281 0.0868
Y -0.6105 0.7746 -0.1652
Z -0.1710 0.0748 0.9824

PART 10
OFFSET 2.3886 -5.1673 -8.5567
SCALE 1 1 1
X -0.1921 -0.9811 -0.0238
Y -0.9751 0.1935 -0.1086
Z 0.1111 0.0024 -0.9938

PART 11
OFFSET 0.0000 0.0000 0.0000
SCALE 1 1 1
X 1.0000 0.0000 0.0000
Y 0.0000 1.0000 0.0000
Z 0.0000 0.0000 1.0000

PART 12
OFFSET -0.0010 -0.0010 -0.0010
SCALE 1 1 1
X 1.0000 -0.0000 0.0000
Y 0.0000 1.0000 -0.0000
Z -0.0000 0.0000 1.0000

PART 13
OFFSET 0.0000 0.0000 0.0000
SCALE 1 1 1
X 1.0000 -0.0000 0.0000
Y 0.0000 1.0000 -0.0000
Z -0.0000 0.0000 1.0000

PART 14
OFFSET 19.9734 -4.0987 -3.0814
SCALE 1 1 1
X 0.2070 -0.9659 0.1553
Y 0.3581 -0.0730 -0.9308
Z 0.9104 0.2483 0.3308

PART 15
OFFSET 19.8103 -4.7124 -6.8048
SCALE 1 1 1
X -0.0410 -0.1955 0.9798
Y -0.5597 0.8168 0.1396
Z -0.8277 -0.5427 -0.1429

PART 16
OFFSET 19.7303 -5.0943 -4.8907
SCALE 1 1 1
X -0.3656 0.2817 0.8871
Y -0.4113 0.8061 -0.4254
Z -0.8349 -0.5205 -0.1789

PART 17
OFFSET 19.1963 -4.6829 -3.5949
SCALE 1 1 1
X -0.5277 0.6926 0.4917
Y -0.0829 0.5341 -0.8413
Z -0.8453 -0.4848 -0.2244

PART 18
OFFSET 18.5926 -3.9023 -3.0390
SCALE 1 1 1
X 0.5117 -0.8412 0.1747
Y 0.2124 -0.0731 -0.9744
Z 0.8325 0.5357 0.1413

PART 19
OFFSET 8.6571 -4.4110 -6.1054
SCALE 1 1 1
X 0.9893 0.0885 0.1161
Y -0.0873 0.9961 -0.0160
Z -0.1171 0.0057 0.9931

PART 20
OFFSET -4.4011 -7.9373 -3.1869
SCALE 1 1 1
X 0.4641 -0.0491 0.8844
Y -0.3888 -0.9084 0.1536
Z 0.7959 -0.4151 -0.4408

PART 21
OFFSET -10.0145 -7.3431 -13.8827
SCALE 1 1 1
X -0.8847 -0.0200 -0.4658
Y 0.4608 0.1150 -0.8800
Z 0.0712 -0.9932 -0.0926

PART 22
OFFSET -2.4901 -7.1727 -9.9208
SCALE 1 1 1
X -0.8847 -0.0200 -0.4658
Y 0.4655 0.0177 -0.8849
Z 0.0260 -0.9996 -0.0063

PART 23
OFFSET -1.6457 -6.0772 -8.4841
SCALE 1 1 1
X -0.8876 -0.0180 -0.4603
Y -0.0753 0.9915 0.1065
Z 0.4544 0.1292 -0.8814

PART 24
OFFSET -1.7098 -6.7530 -7.5089
SCALE 1 1 1
X -0.8876 -0.0180 -0.4603
Y -0.0753 0.9915 0.1065
Z 0.4544 0.1292 -0.8814

PART 25
OFFSET -1.3989 -8.0811 -7.8287
SCALE 1 1 1
X -0.8876 -0.0180 -0.4603
Y -0.0753 0.9915 0.1065
Z 0.4544 0.1292 -0.8814

PART 26
OFFSET 0.2220 -7.1113 -8.4927
SCALE 1 1 1
X -0.9883 -0.0914 -0.1220
Y 0.1222 0.0029 -0.9925
Z 0.0911 -0.9958 0.0083

PART 27
OFFSET 0.5112 -6.6642 -7.4835
SCALE 1 1 1
X -0.5514 -0.5228 -0.6502
Y 0.5089 0.4068 -0.7587
Z 0.6610 -0.7492 0.0418

PART 28
OFFSET 1.6135 -5.5350 -6.0071
SCALE 1 1 1
X -0.8829 -0.4643 -0.0695
Y 0.1303 -0.1001 -0.9864
Z 0.4510 -0.8800 0.1489

PART 29
OFFSET 2.9961 -4.6929 -5.9704
SCALE 1 1 1
X -0.7684 -0.4867 0.4155
Y -0.2935 -0.3088 -0.9047
Z 0.5687 -0.8171 0.0944

PART 30
OFFSET 3.8060 -4.1239 -6.4087
SCALE 1 1 1
X -0.9930 0.1019 0.0596
Y 0.0996 0.9942 -0.0409
Z -0.0634 -0.0347 -0.9974

PART 31
OFFSET 1.1707 -6.8296 -9.4539
SCALE 1 1 1
X -0.8762 -0.1194 0.4669
Y 0.1563 -0.9869 0.0410
Z 0.4559 0.1089 0.8833

PART 32
OFFSET 3.1867 -6.4246 -10.3794
SCALE 1 1 1
X -0.6877 -0.7126 -0.1386
Y 0.7228 -0.6899 -0.0397
Z -0.0673 -0.1275 0.9896

PART 33
OFFSET 4.1603 -5.4157 -10.1831
SCALE 1 1 1
X 0.7569 -0.6535 -0.0052
Y 0.6425 0.7427 0.1889
Z -0.1195 -0.1463 0.9820

PART 34
OFFSET 3.4892 -4.8363 -10.1785
SCALE 1 1 1
X 0.9494 0.2955 0.1066
Y -0.3030 0.9510 0.0614
Z -0.0832 -0.0906 0.9924

PART 35
OFFSET 2.5873 -5.1171 -10.2798
SCALE 1 1 1
X -0.5239 -0.8100 -0.2636
Y -0.8501 0.5163 0.1032
Z 0.0525 0.2781 -0.9591

PART 36
OFFSET 1.3196 -6.9505 -8.7663
SCALE 1 1 1
X -0.9775 -0.0939 0.1888
Y 0.1058 -0.9929 0.0543
Z 0.1823 0.0731 0.9805

PART 37
OFFSET 3.8319 -6.7397 -9.4007
SCALE 1 1 1
X -0.3820 -0.9239 -0.0224
Y 0.9242 -0.3818 -0.0118
Z 0.0024 -0.0252 0.9997

PART 38
OFFSET 4.4822 -5.1667 -9.3626
SCALE 1 1 1
X 0.9356 -0.3531 -0.0019
Y 0.3528 0.9344 0.0490
Z -0.0156 -0.0465 0.9988

PART 39
OFFSET 3.1856 -4.6774 -9.3600
SCALE 1 1 1
X 0.6584 0.7512 0.0479
Y -0.7524 0.6586 0.0132
Z -0.0216 -0.0447 0.9988

PART 40
OFFSET 2.4715 -5.4920 -9.4119
SCALE 1 1 1
X -0.1107 -0.9939 0.0024
Y -0.9921 0.1104 -0.0595
Z 0.0589 -0.0089 -0.9982

PART 41
OFFSET 1.3196 -6.9505 -8.7663
SCALE 1 1 1
X -0.9775 -0.0939 0.1888
Y 0.1058 -0.9929 0.0543
Z 0.1823 0.0731 0.9805

PART 42
OFFSET 1.3196 -6.9505 -8.7663
SCALE 1 1 1
X -0.9775 -0.0939 0.1888
Y 0.1058 -0.9929 0.0543
Z 0.1823 0.0731 0.9805

PART 43
OFFSET 3.7075 0.0000 -1.3770
SCALE 1 1 1
X 1.0000 0.0000 0.0000
Y 0.0000 1.0000 0.0000
Z 0.0000 0.0000 1.0000

PART 44
OFFSET 0.2711 7.9373 -3.1869
SCALE 1 1 1
X 0.8326 -0.0987 -0.5449
Y -0.2479 -0.9463 -0.2074
Z -0.4952 0.3078 -0.8124

PART 45
OFFSET 10.3411 6.7439 -9.7774
SCALE 1 1 1
X 0.6474 -0.7096 0.2782
Y -0.6033 -0.2540 0.7559
Z -0.4657 -0.6572 -0.5926

PART 46
OFFSET 15.8473 0.7086 -7.4108
SCALE 1 1 1
X 0.6474 -0.7096 0.2782
Y 0.7034 0.6968 0.1403
Z -0.2934 0.1049 0.9502

PART 47
OFFSET 18.0145 1.1064 -6.4196
SCALE 1 1 1
X 0.6522 -0.7062 0.2754
Y 0.4725 0.6628 0.5809
Z -0.5927 -0.2488 0.7660

PART 48
OFFSET 16.9212 -0.1720 -8.5105
SCALE 1 1 1
X 0.6522 -0.7062 0.2754
Y 0.4725 0.6628 0.5809
Z -0.5927 -0.2488 0.7660

PART 49
OFFSET 16.9630 -0.0139 -4.9521
SCALE 1 1 1
X 0.6522 -0.7062 0.2754
Y 0.4725 0.6628 0.5809
Z -0.5927 -0.2488 0.7660

PART 50
OFFSET 16.0908 -1.0540 -5.9333
SCALE 1 1 1
X 0.6522 -0.7062 0.2754
Y 0.4725 0.6628 0.5809
Z -0.5927 -0.2488 0.7660

PART 51
OFFSET 15.2075 -1.7839 -7.1091
SCALE 1 1 1
X 0.6522 -0.7062 0.2754
Y 0.4725 0.6628 0.5809
Z -0.5927 -0.2488 0.7660

PART 52
OFFSET 17.8319 -1.4667 -6.5578
SCALE 1 1 1
X 0.5865 -0.8099 -0.0031
Y 0.8026 0.5808 0.1360
Z -0.1084 -0.0822 0.9907

PART 53
OFFSET 18.8258 -1.3043 -6.0211
SCALE 1 1 1
X 0.5960 0.0483 0.8015
Y 0.2679 0.9290 -0.2552
Z -0.7570 0.3669 0.5407

PART 54
OFFSET 20.0966 -1.0869 -4.2869
SCALE 1 1 1
X 0.4381 -0.6653 0.6045
Y 0.5302 0.7343 0.4238
Z -0.7259 0.1348 0.6745

PART 55
OFFSET 20.6910 -2.1896 -3.2607
SCALE 1 1 1
X -0.0210 -0.9271 0.3743
Y 0.6704 0.2647 0.6932
Z -0.7417 0.2655 0.6159

PART 56
OFFSET 20.6457 -3.1755 -2.8159
SCALE 1 1 1
X 0.5991 -0.8003 0.0235
Y 0.3749 0.2544 -0.8915
Z 0.7075 0.5429 0.4525

PART 57
OFFSET 17.4469 -2.7905 -6.5058
SCALE 1 1 1
X 0.0181 -0.9991 -0.0376
Y -0.1683 -0.0401 0.9849
Z -0.9856 -0.0115 -0.1689

PART 58
OFFSET 17.6104 -5.0386 -6.4449
SCALE 1 1 1
X -0.0715 -0.2227 0.9723
Y -0.2508 0.9475 0.1986
Z -0.9654 -0.2296 -0.1236

PART 59
OFFSET 17.5092 -5.3539 -5.0684
SCALE 1 1 1
X -0.1542 0.2773 0.9483
Y -0.2280 0.9239 -0.3073
Z -0.9614 -0.2636 -0.0793

PART 60
OFFSET 17.3725 -5.1080 -4.2276
SCALE 1 1 1
X -0.2308 0.8536 0.4670
Y -0.0029 0.4793 -0.8776
Z -0.9730 -0.2039 -0.1081

PART 61
OFFSET 17.1532 -4.2970 -3.7839
SCALE 1 1 1
X 0.3190 -0.9243 0.2094
Y 0.0233 -0.2132 -0.9767
Z 0.9475 0.3165 -0.0465

PART 62
OFFSET 18.1245 -2.5712 -6.5544
SCALE 1 1 1
X 0.3110 -0.9496 -0.0387
Y -0.1555 -0.0910 0.9836
Z -0.9376 -0.2999 -0.1760

PART 63
OFFSET 18.7959 -5.0783 -6.7027
SCALE 1 1 1
X -0.1191 -0.1052 0.9873
Y -0.3862 0.9210 0.0516
Z -0.9147 -0.3751 -0.1503

PART 64
OFFSET 18.5932 -5.2574 -5.0219
SCALE 1 1 1
X -0.2799 0.3791 0.8820
Y -0.2929 0.8412 -0.4545
Z -0.9143 -0.3855 -0.1244

PART 65
OFFSET 18.2053 -4.7320 -3.7994
SCALE 1 1 1
X -0.3892 0.7245 0.5688
Y -0.1268 0.5695 -0.8122
Z -0.9124 -0.3882 -0.1297

PART 66
OFFSET 17.7832 -3.9462 -3.1825
SCALE 1 1 1
X 0.3465 -0.9380 -0.0085
Y 0.1585 0.0674 -0.9851
Z 0.9246 0.3399 0.1720

PART 67
OFFSET 20.8564 -3.0853 -5.8203
SCALE 1 1 1
X 0.3665 -0.8972 0.2463
Y 0.3054 -0.1340 -0.9427
Z 0.8789 0.4207 0.2249

PART 68
OFFSET 20.7630 -4.1540 -6.8353
SCALE 1 1 1
X -0.0128 -0.3393 0.9406
Y -0.5197 0.8059 0.2836
Z -0.8543 -0.4852 -0.1866

PART 69
OFFSET 20.7405 -4.7513 -5.1793
SCALE 1 1 1
X -0.3262 0.1458 0.9340
Y -0.4616 0.8376 -0.2920
Z -0.8249 -0.5264 -0.2060

PART 70
OFFSET 20.3940 -4.5420 -4.0313
SCALE 1 1 1
X -0.3724 0.3925 0.8410
Y -0.3614 0.7733 -0.5209
Z -0.8548 -0.4979 -0.1462

PART 71
OFFSET 8.6571 -4.4110 -6.1054
SCALE 1 1 1
X 0.9893 0.0885 0.1161
Y -0.0873 0.9961 -0.0160
Z -0.1171 0.0057 0.9931

PART 72
OFFSET 10.8324 -5.6852 -4.4970
SCALE 1 1 1
X 0.9867 0.0886 0.1364
Y -0.0873 0.9961 -0.0160
Z -0.1373 0.0039 0.9905

PART 73
OFFSET 12.8183 -2.6450 -3.7893
SCALE 1 1 1
X 0.9893 0.0885 0.1161
Y -0.0873 0.9961 -0.0160
Z -0.1171 0.0057 0.9931

PART 74
OFFSET 32.8680 -2.2389 -2.9220
SCALE 1 1 1
X 0.3420 0.0149 -0.9396
Y -0.0873 0.9961 -0.0160
Z 0.9356 0.0875 0.3419

PART 75
OFFSET 15.1545 -3.7917 -2.9812
SCALE 1 1 1
X 0.9893 0.0885 0.1161
Y -0.0873 0.9961 -0.0160
Z -0.1171 0.0057 0.9931

PART 76
OFFSET 12.6458 -3.0720 -3.9640
SCALE 1 1 1
X -0.1171 0.0057 0.9931
Y -0.0873 0.9961 -0.0160
Z -0.9893 -0.0885 -0.1161

PART 77
OFFSET 12.6263 -2.5455 -4.1122
SCALE 1 1 1
X -0.1431 0.4701 0.8710
Y 0.0105 0.8807 -0.4736
Z -0.9897 -0.0586 -0.1309

PART 78
OFFSET 12.6430 -2.0873 -4.4145
SCALE 1 1 1
X -0.1369 0.5701 0.8101
Y 0.0371 0.8202 -0.5709
Z -0.9899 -0.0481 -0.1334

PART 79
OFFSET 12.6547 -1.6037 -4.6899
SCALE 1 1 1
X -0.1076 0.3890 0.9149
Y 0.0030 0.9204 -0.3910
Z -0.9942 -0.0394 -0.1002

PART 80
OFFSET 12.6540 -1.0571 -4.8577
SCALE 1 1 1
X -0.0537 0.2050 0.9773
Y 0.0024 0.9787 -0.2052
Z -0.9986 -0.0087 -0.0530

PART 81
OFFSET 12.6666 -0.4667 -4.9378
SCALE 1 1 1
X 0.0115 0.0722 0.9973
Y 0.0470 0.9962 -0.0727
Z -0.9988 0.0477 0.0081

PART 82
OFFSET 12.7105 0.1481 -4.9594
SCALE 1 1 1
X 0.0749 0.0072 0.9972
Y 0.0868 0.9961 -0.0137
Z -0.9934 0.0875 0.0740

PART 83
OFFSET 12.7649 0.7739 -4.9737
SCALE 1 1 1
X 0.1207 0.0368 0.9920
Y 0.0783 0.9958 -0.0465
Z -0.9896 0.0833 0.1173

PART 84
OFFSET 12.7999 1.3995 -5.0351
SCALE 1 1 1
X 0.1407 0.1472 0.9790
Y 0.0300 0.9878 -0.1529
Z -0.9896 0.0508 0.1345

PART 85
OFFSET 12.8047 2.0262 -5.1614
SCALE 1 1 1
X 0.1470 0.2338 0.9611
Y -0.0122 0.9720 -0.2346
Z -0.9891 0.0228 0.1457

PART 86
OFFSET 12.7869 2.6674 -5.3329
SCALE 1 1 1
X 0.1454 0.2779 0.9495
Y -0.0387 0.9606 -0.2752
Z -0.9886 0.0033 0.1504

PART 87
OFFSET 12.7549 3.3265 -5.5310
SCALE 1 1 1
X 0.1363 0.3059 0.9422
Y -0.0527 0.9520 -0.3015
Z -0.9893 -0.0086 0.1459

PART 88
OFFSET 12.7169 3.9636 -5.7465
SCALE 1 1 1
X 0.1299 0.3465 0.9290
Y -0.0590 0.9380 -0.3416
Z -0.9898 -0.0105 0.1423

PART 89
OFFSET 12.6821 4.5304 -5.9733
SCALE 1 1 1
X 0.1409 0.4087 0.9017
Y -0.0431 0.9125 -0.4068
Z -0.9891 0.0184 0.1462

PART 90
OFFSET 12.6886 5.0266 -6.2228
SCALE 1 1 1
X 0.1753 0.4719 0.8641
Y 0.0890 0.8665 -0.4912
Z -0.9805 0.1630 0.1099

PART 91
OFFSET 12.8026 5.5005 -6.5236
SCALE 1 1 1
X 0.2248 0.4980 0.8375
Y 0.3091 0.7787 -0.5460
Z -0.9241 0.3816 0.0212

PART 92
OFFSET 13.0601 5.9889 -6.8989
SCALE 1 1 1
X 0.2849 0.5067 0.8137
Y 0.4277 0.6925 -0.5810
Z -0.8579 0.5135 -0.0195

PART 93
OFFSET 13.3705 6.4762 -7.3482
SCALE 1 1 1
X 0.3577 0.5465 0.7572
Y 0.3995 0.6434 -0.6530
Z -0.8441 0.5361 0.0118

PART 94
OFFSET 13.6169 6.9345 -7.8602
SCALE 1 1 1
X 0.4235 0.6055 0.6738
Y 0.2782 0.6209 -0.7328
Z -0.8621 0.4978 0.0945

PART 95
OFFSET 13.8052 7.3725 -8.3196
SCALE 1 1 1
X 0.3529 0.4897 0.7973
Y 0.3322 0.7310 -0.5960
Z -0.8747 0.4752 0.0953


FRAME 183
PART 0
OFFSET 17.9845 -2.7391 -6.5778
SCALE 1 1 1
X 0.3409 -0.9398 -0.0236
Y -0.2152 -0.1025 0.9712
Z -0.9151 -0.3260 -0.2372

PART 1
OFFSET 17.9845 -2.7391 -6.5778
SCALE 1 1 1
X 0.3409 -0.9398 -0.0236
Y -0.2152 -0.1025 0.9712
Z -0.9151 -0.3260 -0.2372

PART 2
OFFSET -3.7667 -8.8289 -9.6180
SCALE 1 1 1
X -0.9202 -0.3910 0.0180
Y -0.3908 0.9149 -0.1008
Z 0.0230 -0.0998 -0.9947

PART 3
OFFSET 4.0904 -7.7019 -8.2147
SCALE 1 1 1
X -0.5475 -0.8334 -0.0751
Y 0.8223 -0.5525 0.1364
Z -0.1552 0.0129 0.9878

PART 4
OFFSET 5.0545 -6.2345 -8.0825
SCALE 1 1 1
X 0.5557 -0.8177 0.1506
Y 0.8078 0.5738 0.1351
Z -0.1968 0.0466 0.9793

PART 5
OFFSET 4.3670 -5.2377 -8.2060
SCALE 1 1 1
X 0.9397 0.3148 0.1337
Y -0.3115 0.9492 -0.0454
Z -0.1412 0.0010 0.9900

PART 6
OFFSET 3.3056 -5.5933 -8.3570
SCALE 1 1 1
X -0.0644 -0.9590 0.2759
Y -0.9621 -0.0137 -0.2723
Z 0.2649 -0.2830 -0.9218

PART 7
OFFSET 4.1658 -7.5219 -9.3021
SCALE 1 1 1
X -0.2410 -0.9660 -0.0940
Y 0.9354 -0.2570 0.2429
Z -0.2588 -0.0294 0.9655

PART 8
OFFSET 4.6367 -5.6349 -9.1184
SCALE 1 1 1
X 0.8893 -0.4037 0.2147
Y 0.3935 0.9149 0.0903
Z -0.2329 0.0041 0.9725

PART 9
OFFSET 3.3377 -5.0452 -9.4320
SCALE 1 1 1
X 0.7472 0.6498 0.1394
Y -0.6215 0.7575 -0.2000
Z -0.2355 0.0628 0.9698

PART 10
OFFSET 2.4927 -5.7811 -9.5969
SCALE 1 1 1
X -0.1609 -0.9861 -0.0411
Y -0.9715 0.1656 -0.1698
Z 0.1742 0.0126 -0.9846

PART 11
OFFSET 0.0000 0.0000 0.0000
SCALE 1 1 1
X 1.0000 0.0000 0.0000
Y 0.0000 1.0000 0.0000
Z 0.0000 0.0000 1.0000

PART 12
OFFSET -0.0010 -0.0010 -0.0010
SCALE 1 1 1
X 1.0000 -0.0000 0.0000
