// Export filename: `C:/cod5/cod/cod5/xanim_export/viewmodel/US/30cal/viewmodel_30cal_pullout_empty.XANIM_EXPORT`
// Source filename: `C:/cod5/cod/cod5/animation_assets/viewmodel/US/30_cal/viewmodelanimation_30_cal.mb`
// Export time: Fri Jul 25 17:00:54 2008

ANIMATION
VERSION 3

NUMPARTS 96
PART 0 "RingPalm_FK_LE"
PART 1 "RingPalm_SDK_LE"
PART 2 "J_Webbing_RI"
PART 3 "J_Index_RI_0"
PART 4 "J_Index_RI_1"
PART 5 "J_Index_RI_2"
PART 6 "J_Index_RI_3"
PART 7 "J_Mid_RI_0"
PART 8 "J_Mid_RI_1"
PART 9 "J_Mid_RI_2"
PART 10 "J_Mid_RI_3"
PART 11 "tag_cambone"
PART 12 "tag_camera"
PART 13 "tag_gasmask"
PART 14 "J_Index_LE_3"
PART 15 "J_Mid_LE_0"
PART 16 "J_Mid_LE_1"
PART 17 "J_Mid_LE_2"
PART 18 "J_Mid_LE_3"
PART 19 "tag_weapon"
PART 20 "J_Shoulder_RI"
PART 21 "J_Elbow_RI"
PART 22 "J_WristTwist_RI"
PART 23 "J_Sleave_Reshape_Top_RI_3"
PART 24 "J_Sleave_Reshape_Top_RI_2"
PART 25 "J_Sleave_Reshape_Top_RI_1"
PART 26 "J_Wrist_RI"
PART 27 "J_Thumb_RI_0"
PART 28 "J_Thumb_RI_1"
PART 29 "J_Thumb_RI_2"
PART 30 "J_Thumb_RI_3"
PART 31 "J_PinkyPalm_RI"
PART 32 "J_Pinky_RI_0"
PART 33 "J_Pinky_RI_1"
PART 34 "J_Pinky_RI_2"
PART 35 "J_Pinky_RI_3"
PART 36 "J_RingPalm_RI"
PART 37 "J_Ring_RI_0"
PART 38 "J_Ring_RI_1"
PART 39 "J_Ring_RI_2"
PART 40 "J_Ring_RI_3"
PART 41 "RingPalm_FK_RI"
PART 42 "RingPalm_SDK_RI"
PART 43 "tag_torso"
PART 44 "J_Shoulder_LE"
PART 45 "J_Elbow_LE"
PART 46 "J_WristTwist_LE"
PART 47 "J_Sleave_Reshape_Bottom_LE_1"
PART 48 "J_Sleave_Reshape_Bottom_LE_2"
PART 49 "J_Sleave_Reshape_Top_LE_1"
PART 50 "J_Sleave_Reshape_Top_LE_2"
PART 51 "J_Sleave_Reshape_Top_LE_3"
PART 52 "J_Wrist_LE"
PART 53 "J_Thumb_LE_0"
PART 54 "J_Thumb_LE_1"
PART 55 "J_Thumb_LE_2"
PART 56 "J_Thumb_LE_3"
PART 57 "J_PinkyPalm_LE"
PART 58 "J_Pinky_LE_0"
PART 59 "J_Pinky_LE_1"
PART 60 "J_Pinky_LE_2"
PART 61 "J_Pinky_LE_3"
PART 62 "J_RingPalm_LE"
PART 63 "J_Ring_LE_0"
PART 64 "J_Ring_LE_1"
PART 65 "J_Ring_LE_2"
PART 66 "J_Ring_LE_3"
PART 67 "J_Webbing_LE"
PART 68 "J_Index_LE_0"
PART 69 "J_Index_LE_1"
PART 70 "J_Index_LE_2"
PART 71 "J_Gun"
PART 72 "J_Bolt"
PART 73 "J_Clip"
PART 74 "tag_bipod"
PART 75 "tag_top"
PART 76 "ammo01_jnt"
PART 77 "ammo02_jnt"
PART 78 "ammo03_jnt"
PART 79 "ammo04_jnt"
PART 80 "ammo05_jnt"
PART 81 "ammo06_jnt"
PART 82 "ammo07_jnt"
PART 83 "ammo08_jnt"
PART 84 "ammo09_jnt"
PART 85 "ammo10_jnt"
PART 86 "ammo11_jnt"
PART 87 "ammo12_jnt"
PART 88 "ammo13_jnt"
PART 89 "ammo14_jnt"
PART 90 "ammo15_jnt"
PART 91 "ammo16_jnt"
PART 92 "ammo17_jnt"
PART 93 "ammo18_jnt"
PART 94 "ammo19_jnt"
PART 95 "ammo20_jnt"

FRAMERATE 30
NUMFRAMES 36

FRAME 480
PART 0
OFFSET 0.4454 12.0939 -6.6395
SCALE 1 1 1
X 0.8103 -0.5628 -0.1636
Y 0.2773 0.1223 0.9530
Z -0.5163 -0.8175 0.2552

PART 1
OFFSET 0.4454 12.0939 -6.6395
SCALE 1 1 1
X 0.8103 -0.5628 -0.1636
Y 0.2773 0.1223 0.9530
Z -0.5163 -0.8175 0.2552

PART 2
OFFSET -11.8905 -5.1912 1.6368
SCALE 1 1 1
X -0.3843 -0.7879 0.4812
Y -0.8755 0.4764 0.0807
Z -0.2928 -0.3902 -0.8729

PART 3
OFFSET -6.6539 0.3122 -1.0585
SCALE 1 1 1
X 0.1127 -0.9671 0.2280
Y 0.9608 0.0476 -0.2730
Z 0.2531 0.2499 0.9346

PART 4
OFFSET -6.8524 2.0150 -1.4601
SCALE 1 1 1
X 0.9472 -0.2966 -0.1217
Y 0.2503 0.9213 -0.2975
Z 0.2004 0.2514 0.9469

PART 5
OFFSET -7.9918 2.3908 -1.2546
SCALE 1 1 1
X 0.5017 0.7880 -0.3569
Y -0.8215 0.5632 0.0888
Z 0.2710 0.2487 0.9299

PART 6
OFFSET -8.5584 1.5007 -0.8515
SCALE 1 1 1
X 0.6545 -0.6950 0.2976
Y -0.7559 -0.6094 0.2394
Z 0.0150 -0.3817 -0.9242

PART 7
OFFSET -7.1191 0.1387 -2.0455
SCALE 1 1 1
X 0.3993 -0.9146 0.0637
Y 0.8948 0.3736 -0.2444
Z 0.1998 0.1546 0.9676

PART 8
OFFSET -7.8991 1.9254 -2.1698
SCALE 1 1 1
X 0.9437 0.2252 -0.2421
Y -0.2639 0.9542 -0.1408
Z 0.1993 0.1968 0.9600

PART 9
OFFSET -9.2775 1.5965 -1.8163
SCALE 1 1 1
X 0.1629 0.9501 -0.2659
Y -0.9736 0.1985 0.1129
Z 0.1600 0.2405 0.9574

PART 10
OFFSET -9.4638 0.5188 -1.5218
SCALE 1 1 1
X 0.4867 -0.8707 0.0706
Y -0.8356 -0.4405 0.3282
Z -0.2547 -0.2187 -0.9420

PART 11
OFFSET 0.0000 0.0000 0.0000
SCALE 1 1 1
X 1.0000 0.0000 0.0000
Y 0.0000 1.0000 0.0000
Z 0.0000 0.0000 1.0000

PART 12
OFFSET -0.0001 -0.0001 -0.0001
SCALE 1 1 1
X 1.0000 -0.0000 0.0000
Y 0.0000 1.0000 -0.0000
Z -0.0000 0.0000 1.0000

PART 13
OFFSET -0.0000 0.0000 0.0000
SCALE 1 1 1
X 1.0000 -0.0000 0.0000
Y 0.0000 1.0000 -0.0000
Z -0.0000 0.0000 1.0000

PART 14
OFFSET 3.8580 12.9714 -4.3161
SCALE 1 1 1
X 0.8131 -0.5794 0.0566
Y -0.0144 -0.1172 -0.9930
Z 0.5820 0.8066 -0.1037

PART 15
OFFSET 2.9004 11.3418 -7.5864
SCALE 1 1 1
X 0.4223 0.1065 0.9002
Y -0.8641 0.3473 0.3643
Z -0.2738 -0.9317 0.2386

PART 16
OFFSET 3.7253 11.5498 -5.8278
SCALE 1 1 1
X -0.1388 0.2608 0.9554
Y -0.9422 0.2624 -0.2085
Z -0.3051 -0.9290 0.2093

PART 17
OFFSET 3.5226 11.9308 -4.4324
SCALE 1 1 1
X -0.6455 0.3708 0.6677
Y -0.6787 0.1224 -0.7241
Z -0.3502 -0.9206 0.1726

PART 18
OFFSET 2.7895 12.3441 -3.6744
SCALE 1 1 1
X 0.9509 -0.3036 -0.0606
Y -0.1298 -0.2132 -0.9683
Z 0.2811 0.9286 -0.2421

PART 19
OFFSET -4.7892 5.3891 -2.0719
SCALE 1 1 1
X 0.6675 0.6675 -0.3299
Y -0.7031 0.7109 0.0160
Z 0.2452 0.2213 0.9439

PART 20
OFFSET -3.5797 -7.9373 -3.1869
SCALE 1 1 1
X 0.8514 0.0141 0.5243
Y 0.5085 0.2224 -0.8318
Z -0.1284 0.9748 0.1822

PART 21
OFFSET -13.8770 -8.1081 -9.5272
SCALE 1 1 1
X -0.3610 -0.5108 -0.7802
Y -0.8552 0.5151 0.0584
Z 0.3720 0.6883 -0.6228

PART 22
OFFSET -10.8069 -3.7632 -2.8911
SCALE 1 1 1
X -0.3610 -0.5108 -0.7802
Y 0.5631 0.5475 -0.6190
Z 0.7434 -0.6628 0.0900

PART 23
OFFSET -11.1397 -4.7297 -0.2612
SCALE 1 1 1
X -0.3569 -0.5158 -0.7788
Y -0.3587 -0.6942 0.6241
Z -0.8625 0.5021 0.0627

PART 24
OFFSET -9.7585 -4.7831 -0.3768
SCALE 1 1 1
X -0.3569 -0.5158 -0.7788
Y -0.3587 -0.6942 0.6241
Z -0.8625 0.5021 0.0627

PART 25
OFFSET -9.4943 -2.4441 -1.9021
SCALE 1 1 1
X -0.3569 -0.5158 -0.7788
Y -0.3587 -0.6942 0.6241
Z -0.8625 0.5021 0.0627

PART 26
OFFSET -9.7003 -2.1971 -0.4992
SCALE 1 1 1
X -0.6670 -0.6708 0.3243
Y -0.2469 -0.2116 -0.9457
Z 0.7030 -0.7108 -0.0245

PART 27
OFFSET -9.4506 -1.3993 0.2776
SCALE 1 1 1
X -0.2637 -0.9033 -0.3385
Y -0.1596 0.3870 -0.9082
Z 0.9513 -0.1854 -0.2462

PART 28
OFFSET -8.9186 0.5215 1.1125
SCALE 1 1 1
X -0.3379 -0.8821 0.3282
Y -0.1734 -0.2844 -0.9429
Z 0.9251 -0.3755 -0.0568

PART 29
OFFSET -8.4871 1.9706 0.5328
SCALE 1 1 1
X -0.0830 -0.6951 0.7141
Y -0.3064 -0.6640 -0.6820
Z 0.9483 -0.2754 -0.1578

PART 30
OFFSET -8.4355 2.7462 -0.2206
SCALE 1 1 1
X -0.7336 -0.4730 0.4880
Y -0.5807 0.8093 -0.0884
Z -0.3531 -0.3482 -0.8684

PART 31
OFFSET -9.5424 -1.7124 -1.7812
SCALE 1 1 1
X -0.3757 -0.4598 0.8046
Y 0.7533 -0.6572 -0.0238
Z 0.5398 0.5972 0.5933

PART 32
OFFSET -8.7120 -0.5117 -3.4998
SCALE 1 1 1
X -0.0667 -0.9809 0.1825
Y 0.9291 -0.1277 -0.3470
Z 0.3637 0.1464 0.9199

PART 33
OFFSET -8.6175 0.8771 -3.7582
SCALE 1 1 1
X 0.9409 -0.0704 -0.3313
Y 0.0328 0.9925 -0.1177
Z 0.3371 0.0999 0.9362

PART 34
OFFSET -9.4518 0.9394 -3.4645
SCALE 1 1 1
X 0.5042 0.8010 -0.3227
Y -0.7980 0.5750 0.1804
Z 0.3300 0.1665 0.9292

PART 35
OFFSET -9.9308 0.1784 -3.1579
SCALE 1 1 1
X 0.0676 -0.9977 -0.0008
Y -0.8852 -0.0603 0.4612
Z -0.4602 -0.0304 -0.8873

PART 36
OFFSET -9.1334 -1.5235 -1.2275
SCALE 1 1 1
X -0.5546 -0.5777 0.5988
Y 0.7267 -0.6869 0.0103
Z 0.4054 0.4409 0.8008

PART 37
OFFSET -7.7381 -0.1048 -2.9004
SCALE 1 1 1
X 0.3190 -0.9351 0.1547
Y 0.8808 0.2322 -0.4126
Z 0.3499 0.2678 0.8977

PART 38
OFFSET -8.2811 1.4872 -3.1637
SCALE 1 1 1
X 0.8737 0.2637 -0.4089
Y -0.3371 0.9340 -0.1180
Z 0.3508 0.2409 0.9049

PART 39
OFFSET -9.4919 1.1218 -2.5970
SCALE 1 1 1
X -0.0084 0.9678 -0.2515
Y -0.9384 0.0792 0.3364
Z 0.3455 0.2389 0.9075

PART 40
OFFSET -9.4828 0.0722 -2.3242
SCALE 1 1 1
X 0.5599 -0.8265 0.0586
Y -0.7779 -0.5001 0.3804
Z -0.2851 -0.2586 -0.9229

PART 41
OFFSET -9.1334 -1.5235 -1.2275
SCALE 1 1 1
X -0.5546 -0.5777 0.5988
Y 0.7267 -0.6869 0.0103
Z 0.4054 0.4409 0.8008

PART 42
OFFSET -9.1334 -1.5235 -1.2275
SCALE 1 1 1
X -0.5546 -0.5777 0.5988
Y 0.7267 -0.6869 0.0103
Z 0.4054 0.4409 0.8008

PART 43
OFFSET 3.7075 0.0000 -1.3770
SCALE 1 1 1
X 1.0000 0.0000 0.0000
Y 0.0000 1.0000 0.0000
Z 0.0000 0.0000 1.0000

PART 44
OFFSET -0.0838 7.9373 -3.1869
SCALE 1 1 1
X -0.9633 0.2256 -0.1458
Y 0.1296 -0.0855 -0.9879
Z -0.2353 -0.9705 0.0531

PART 45
OFFSET -11.7333 10.6653 -4.9507
SCALE 1 1 1
X 0.9738 0.1823 -0.1359
Y 0.2272 -0.8024 0.5518
Z -0.0085 -0.5682 -0.8228

PART 46
OFFSET -3.4506 12.2155 -6.1065
SCALE 1 1 1
X 0.9738 0.1823 -0.1359
Y -0.1958 0.9761 -0.0939
Z 0.1155 0.1181 0.9863

PART 47
OFFSET -2.2246 14.0550 -5.1312
SCALE 1 1 1
X 0.9725 0.1886 -0.1369
Y 0.0025 0.5792 0.8152
Z 0.2331 -0.7931 0.5627

PART 48
OFFSET -2.7544 12.9929 -7.5381
SCALE 1 1 1
X 0.9725 0.1886 -0.1369
Y 0.0025 0.5792 0.8152
Z 0.2331 -0.7931 0.5627

PART 49
OFFSET -1.2579 12.3200 -4.3763
SCALE 1 1 1
X 0.9725 0.1886 -0.1369
Y 0.0025 0.5792 0.8152
Z 0.2331 -0.7931 0.5627

PART 50
OFFSET -1.3580 11.3132 -5.7110
SCALE 1 1 1
X 0.9725 0.1886 -0.1369
Y 0.0025 0.5792 0.8152
Z 0.2331 -0.7931 0.5627

PART 51
OFFSET -1.7813 10.4783 -7.0599
SCALE 1 1 1
X 0.9725 0.1886 -0.1369
Y 0.0025 0.5792 0.8152
Z 0.2331 -0.7931 0.5627

PART 52
OFFSET -0.4652 12.7743 -6.5231
SCALE 1 1 1
X 0.9236 -0.2875 -0.2534
Y 0.2298 0.9446 -0.2342
Z 0.3067 0.1580 0.9386

PART 53
OFFSET 0.2981 13.6215 -6.4777
SCALE 1 1 1
X 0.6484 0.6075 0.4588
Y -0.4935 0.7943 -0.3542
Z -0.5796 0.0032 0.8149

PART 54
OFFSET 1.6158 15.0118 -5.4776
SCALE 1 1 1
X 0.9301 -0.0876 0.3566
Y 0.0385 0.9890 0.1427
Z -0.3652 -0.1190 0.9233

PART 55
OFFSET 3.0742 14.7980 -4.8070
SCALE 1 1 1
X 0.7030 -0.6174 0.3530
Y 0.5255 0.7854 0.3271
Z -0.4792 -0.0444 0.8766

PART 56
OFFSET 3.8214 14.1417 -4.3796
SCALE 1 1 1
X 0.9350 -0.2654 -0.2351
Y -0.1992 0.1552 -0.9676
Z 0.2933 0.9516 0.0923

PART 57
OFFSET 0.1323 11.5514 -6.2971
SCALE 1 1 1
X 0.6393 -0.7682 -0.0338
Y 0.2362 0.1544 0.9593
Z -0.7318 -0.6213 0.2802

PART 58
OFFSET 1.7042 9.9348 -6.2961
SCALE 1 1 1
X 0.4160 0.0660 0.9070
Y -0.7140 0.6414 0.2808
Z -0.5632 -0.7644 0.3139

PART 59
OFFSET 2.2931 10.0281 -5.0120
SCALE 1 1 1
X 0.0308 0.3960 0.9177
Y -0.8512 0.4916 -0.1836
Z -0.5239 -0.7755 0.3522

PART 60
OFFSET 2.3204 10.3793 -4.1983
SCALE 1 1 1
X -0.5509 0.6574 0.5141
Y -0.6003 0.1158 -0.7913
Z -0.5798 -0.7446 0.3309

PART 61
OFFSET 1.7970 11.0038 -3.7099
SCALE 1 1 1
X 0.8821 -0.4678 0.0557
Y -0.1719 -0.4298 -0.8864
Z 0.4386 0.7723 -0.4595

PART 62
OFFSET 0.4454 12.0939 -6.6395
SCALE 1 1 1
X 0.8103 -0.5628 -0.1636
Y 0.2773 0.1223 0.9530
Z -0.5163 -0.8175 0.2552

PART 63
OFFSET 2.4655 10.5091 -7.0471
SCALE 1 1 1
X 0.3128 0.1333 0.9404
Y -0.8397 0.5015 0.2083
Z -0.4438 -0.8548 0.2688

PART 64
OFFSET 2.9981 10.7361 -5.4461
SCALE 1 1 1
X -0.1434 0.3833 0.9124
Y -0.8922 0.3489 -0.2868
Z -0.4283 -0.8552 0.2920

PART 65
OFFSET 2.7993 11.2673 -4.1815
SCALE 1 1 1
X -0.5443 0.4967 0.6761
Y -0.7221 0.1328 -0.6789
Z -0.4270 -0.8577 0.2864

PART 66
OFFSET 2.2090 11.8060 -3.4483
SCALE 1 1 1
X 0.8374 -0.5250 -0.1520
Y -0.2606 -0.1391 -0.9554
Z 0.4804 0.8397 -0.2533

PART 67
OFFSET 2.9115 13.4725 -7.1729
SCALE 1 1 1
X 0.9099 -0.4093 0.0679
Y -0.0158 -0.1977 -0.9801
Z 0.4146 0.8907 -0.1864

PART 68
OFFSET 3.1932 12.3076 -8.0358
SCALE 1 1 1
X 0.5207 0.0009 0.8537
Y -0.7815 0.4030 0.4763
Z -0.3436 -0.9152 0.2105

PART 69
OFFSET 4.1101 12.3092 -6.5327
SCALE 1 1 1
X -0.0091 0.1923 0.9813
Y -0.9529 0.2960 -0.0668
Z -0.3033 -0.9356 0.1806

PART 70
OFFSET 4.1175 12.5999 -5.3507
SCALE 1 1 1
X -0.2297 0.3289 0.9160
Y -0.9183 0.2385 -0.3160
Z -0.3224 -0.9137 0.2472

PART 71
OFFSET -4.7892 5.3891 -2.0719
SCALE 1 1 1
X 0.6675 0.6675 -0.3299
Y -0.7031 0.7109 0.0160
Z 0.2452 0.2213 0.9439

PART 72
OFFSET -1.9321 6.1149 -1.5695
SCALE 1 1 1
X 0.6724 0.6719 -0.3105
Y -0.7031 0.7109 0.0160
Z 0.2315 0.2076 0.9504

PART 73
OFFSET -2.2658 9.7905 -1.8281
SCALE 1 1 1
X 0.6675 0.6675 -0.3299
Y -0.7031 0.7109 0.0160
Z 0.2452 0.2213 0.9439

PART 74
OFFSET 11.6570 21.8273 -9.8390
SCALE 1 1 1
X -0.0847 -0.0615 -0.9945
Y -0.7031 0.7109 0.0160
Z 0.7061 0.7006 -0.1034

PART 75
OFFSET 0.3553 10.4776 -2.1165
SCALE 1 1 1
X 0.6675 0.6675 -0.3299
Y -0.7031 0.7109 0.0160
Z 0.2452 0.2213 0.9439

PART 76
OFFSET -2.1198 7.8889 -4.5292
SCALE 1 1 1
X 0.2452 0.2213 0.9439
Y -0.7031 0.7109 0.0160
Z -0.6675 -0.6675 0.3299

PART 77
OFFSET -2.3442 8.1440 -4.4354
SCALE 1 1 1
X 0.7024 -0.4174 0.5765
Y -0.3071 0.5530 0.7745
Z -0.6421 -0.7211 0.2602

PART 78
OFFSET -2.3153 8.1761 -4.2387
SCALE 1 1 1
X 0.5860 -0.7443 -0.3204
Y 0.3778 -0.0988 0.9206
Z -0.7169 -0.6605 0.2233

PART 79
OFFSET -2.2303 8.1505 -4.0354
SCALE 1 1 1
X 0.6081 -0.7444 -0.2758
Y 0.3348 -0.0746 0.9393
Z -0.7198 -0.6635 0.2039

PART 80
OFFSET -2.1857 8.1483 -3.8717
SCALE 1 1 1
X 0.6862 -0.7235 -0.0756
Y 0.1729 0.0613 0.9830
Z -0.7066 -0.6876 0.1672

PART 81
OFFSET -2.1763 8.1662 -3.7440
SCALE 1 1 1
X 0.7390 -0.6483 0.1835
Y -0.0453 0.2239 0.9736
Z -0.6722 -0.7277 0.1361

PART 82
OFFSET -2.1909 8.1977 -3.6409
SCALE 1 1 1
X 0.7429 -0.5673 0.3553
Y -0.1854 0.3358 0.9235
Z -0.6432 -0.7520 0.1443

PART 83
OFFSET -2.2095 8.2381 -3.5294
SCALE 1 1 1
X 0.7445 -0.6056 0.2810
Y -0.0981 0.3170 0.9433
Z -0.6604 -0.7299 0.1766

PART 84
OFFSET -2.2111 8.2825 -3.3730
SCALE 1 1 1
X 0.7308 -0.6722 0.1187
Y 0.0575 0.2338 0.9706
Z -0.6801 -0.7025 0.2095

PART 85
OFFSET -2.1922 8.3207 -3.1841
SCALE 1 1 1
X 0.7118 -0.7021 0.0197
Y 0.1294 0.1587 0.9788
Z -0.6903 -0.6942 0.2039

PART 86
OFFSET -2.1671 8.3372 -3.0237
SCALE 1 1 1
X 0.6708 -0.7314 -0.1226
Y 0.1817 0.0018 0.9834
Z -0.7190 -0.6819 0.1341

PART 87
OFFSET -2.1448 8.3212 -2.9336
SCALE 1 1 1
X 0.4719 -0.7220 -0.5060
Y 0.3290 -0.3883 0.8608
Z -0.8180 -0.5727 0.0543

PART 88
OFFSET -2.1096 8.2832 -2.8707
SCALE 1 1 1
X 0.3481 -0.6714 -0.6542
Y 0.5067 -0.4524 0.7339
Z -0.7887 -0.5870 0.1827

PART 89
OFFSET -2.0404 8.2394 -2.7723
SCALE 1 1 1
X 0.4487 -0.7142 -0.5372
Y 0.5558 -0.2476 0.7936
Z -0.6998 -0.6547 0.2858

PART 90
OFFSET -1.9304 8.2113 -2.6177
SCALE 1 1 1
X 0.5247 -0.7361 -0.4277
Y 0.5871 -0.0510 0.8079
Z -0.6165 -0.6750 0.4054

PART 91
OFFSET -1.7879 8.2264 -2.4287
SCALE 1 1 1
X 0.5974 -0.7446 -0.2978
Y 0.6082 0.1786 0.7734
Z -0.5227 -0.6432 0.5596

PART 92
OFFSET -1.6289 8.3033 -2.2278
SCALE 1 1 1
X 0.6680 -0.7326 -0.1306
Y 0.5611 0.3807 0.7350
Z -0.4887 -0.5643 0.6654

PART 93
OFFSET -1.4993 8.4259 -2.0331
SCALE 1 1 1
X 0.7303 -0.6734 0.1151
Y 0.3872 0.5469 0.7423
Z -0.5628 -0.4975 0.6601

PART 94
OFFSET -1.4530 8.5710 -1.8620
SCALE 1 1 1
X 0.7153 -0.4519 0.5330
Y -0.0627 0.7182 0.6930
Z -0.6960 -0.5291 0.4854

PART 95
OFFSET -1.5473 8.7678 -1.7362
SCALE 1 1 1
X 0.4477 -0.0058 0.8942
Y -0.5708 0.7679 0.2907
Z -0.6883 -0.6406 0.3405


FRAME 481
PART 0
OFFSET 0.5768 12.0034 -6.6861
SCALE 1 1 1
X 0.8080 -0.5662 -0.1630
Y 0.2763 0.1197 0.9536
Z -0.5204 -0.8155 0.2532

PART 1
OFFSET 0.5768 12.0034 -6.6861
SCALE 1 1 1
X 0.8080 -0.5662 -0.1630
Y 0.2763 0.1197 0.9536
Z -0.5204 -0.8155 0.2532

PART 2
OFFSET -11.8499 -5.2378 1.5457
SCALE 1 1 1
X -0.3886 -0.7869 0.4794
Y -0.8735 0.4802 0.0800
Z -0.2931 -0.3877 -0.8739

PART 3
OFFSET -6.5843 0.2459 -1.1333
SCALE 1 1 1
X 0.1080 -0.9679 0.2269
Y 0.9615 0.0437 -0.2713
Z 0.2527 0.2474 0.9354

PART 4
OFFSET -6.7745 1.9500 -1.5328
SCALE 1 1 1
X 0.9461 -0.3007 -0.1205
Y 0.2549 0.9206 -0.2958
Z 0.1999 0.2492 0.9476

PART 5
OFFSET -7.9125 2.3307 -1.3287
SCALE 1 1 1
X 0.5058 0.7862 -0.3550
Y -0.8191 0.5668 0.0882
Z 0.2706 0.2462 0.9307

PART 6
OFFSET -8.4838 1.4426 -0.9277
SCALE 1 1 1
X 0.6509 -0.6983 0.2977
Y -0.7590 -0.6063 0.2373
Z 0.0148 -0.3804 -0.9247

PART 7
OFFSET -7.0486 0.0757 -2.1213
SCALE 1 1 1
X 0.3951 -0.9165 0.0630
Y 0.8969 0.3699 -0.2424
Z 0.1989 0.1523 0.9681

PART 8
OFFSET -7.8204 1.8661 -2.2444
SCALE 1 1 1
X 0.9451 0.2213 -0.2402
Y -0.2594 0.9556 -0.1399
Z 0.1986 0.1946 0.9606

PART 9
OFFSET -9.2009 1.5429 -1.8936
SCALE 1 1 1
X 0.1676 0.9498 -0.2643
Y -0.9729 0.2027 0.1116
Z 0.1595 0.2384 0.9580

PART 10
OFFSET -9.3925 0.4656 -1.6009
SCALE 1 1 1
X 0.4827 -0.8730 0.0702
Y -0.8381 -0.4372 0.3262
Z -0.2541 -0.2163 -0.9427

PART 11
OFFSET 0.0000 0.0000 0.0000
SCALE 1 1 1
X 1.0000 0.0000 0.0000
Y 0.0000 1.0000 0.0000
Z 0.0000 0.0000 1.0000

PART 12
OFFSET -0.0001 -0.0001 -0.0001
SCALE 1 1 1
X 1.0000 -0.0000 0.0000
Y 0.0000 1.0000 -0.0000
Z -0.0000 0.0000 1.0000

PART 13
OFFSET 0.0000 0.0000 0.0000
SCALE 1 1 1
X 1.0000 -0.0000 0.0000
Y 0.0000 1.0000 -0.0000
Z -0.0000 0.0000 1.0000

PART 14
OFFSET 3.9895 12.8624 -4.3559
SCALE 1 1 1
X 0.8104 -0.5831 0.0571
Y -0.0133 -0.1158 -0.9932
Z 0.5857 0.8041 -0.1016

PART 15
OFFSET 3.0300 11.2417 -7.6301
SCALE 1 1 1
X 0.4213 0.1033 0.9010
Y -0.8632 0.3506 0.3634
Z -0.2784 -0.9308 0.2369

PART 16
OFFSET 3.8530 11.4435 -5.8698
SCALE 1 1 1
X -0.1392 0.2601 0.9555
Y -0.9406 0.2669 -0.2097
Z -0.3095 -0.9280 0.2075

PART 17
OFFSET 3.6496 11.8235 -4.4742
SCALE 1 1 1
X -0.6449 0.3727 0.6672
Y -0.6770 0.1265 -0.7250
Z -0.3546 -0.9193 0.1708

PART 18
OFFSET 2.9172 12.2390 -3.7168
SCALE 1 1 1
X 0.9496 -0.3078 -0.0594
Y -0.1291 -0.2113 -0.9689
Z 0.2857 0.9277 -0.2404

PART 19
OFFSET -4.6952 5.3158 -2.1365
SCALE 1 1 1
X 0.6710 0.6650 -0.3279
Y -0.6999 0.7141 0.0158
Z 0.2446 0.2189 0.9446

PART 20
OFFSET -3.5797 -7.9373 -3.1869
SCALE 1 1 1
X 0.8483 0.0204 0.5292
Y 0.5128 0.2180 -0.8304
Z -0.1323 0.9757 0.1744

PART 21
OFFSET -13.8384 -8.1842 -9.5869
SCALE 1 1 1
X -0.3626 -0.5128 -0.7782
Y -0.8537 0.5176 0.0567
Z 0.3737 0.6849 -0.6255

PART 22
OFFSET -10.7544 -3.8227 -2.9682
SCALE 1 1 1
X -0.3626 -0.5128 -0.7782
Y 0.5643 0.5438 -0.6212
Z 0.7417 -0.6644 0.0922

PART 23
OFFSET -11.0890 -4.7783 -0.3345
SCALE 1 1 1
X -0.3585 -0.5178 -0.7768
Y -0.3604 -0.6908 0.6268
Z -0.8611 0.5047 0.0611

PART 24
OFFSET -9.7080 -4.8359 -0.4503
SCALE 1 1 1
X -0.3585 -0.5178 -0.7768
Y -0.3604 -0.6908 0.6268
Z -0.8611 0.5047 0.0611

PART 25
OFFSET -9.4379 -2.5034 -1.9845
SCALE 1 1 1
X -0.3585 -0.5178 -0.7768
Y -0.3604 -0.6908 0.6268
Z -0.8611 0.5047 0.0611

PART 26
OFFSET -9.6427 -2.2506 -0.5825
SCALE 1 1 1
X -0.6705 -0.6683 0.3222
Y -0.2463 -0.2091 -0.9464
Z 0.6998 -0.7139 -0.0244

PART 27
OFFSET -9.3908 -1.4551 0.1958
SCALE 1 1 1
X -0.2671 -0.9016 -0.3402
Y -0.1564 0.3890 -0.9079
Z 0.9509 -0.1893 -0.2449

PART 28
OFFSET -8.8516 0.4622 1.0343
SCALE 1 1 1
X -0.3424 -0.8810 0.3264
Y -0.1731 -0.2823 -0.9436
Z 0.9235 -0.3796 -0.0558

PART 29
OFFSET -8.4126 1.9102 0.4573
SCALE 1 1 1
X -0.0873 -0.6957 0.7130
Y -0.3083 -0.6617 -0.6835
Z 0.9473 -0.2795 -0.1567

PART 30
OFFSET -8.3563 2.6866 -0.2950
SCALE 1 1 1
X -0.7365 -0.4704 0.4861
Y -0.5769 0.8121 -0.0882
Z -0.3533 -0.3454 -0.8694

PART 31
OFFSET -9.4806 -1.7648 -1.8636
SCALE 1 1 1
X -0.3791 -0.4592 0.8034
Y 0.7504 -0.6606 -0.0235
Z 0.5415 0.5940 0.5950

PART 32
OFFSET -8.6420 -0.5655 -3.5791
SCALE 1 1 1
X -0.0714 -0.9809 0.1810
Y 0.9291 -0.1314 -0.3456
Z 0.3628 0.1435 0.9207

PART 33
OFFSET -8.5409 0.8232 -3.8354
SCALE 1 1 1
X 0.9411 -0.0741 -0.3298
Y 0.0374 0.9925 -0.1163
Z 0.3360 0.0971 0.9369

PART 34
OFFSET -9.3753 0.8889 -3.5430
SCALE 1 1 1
X 0.5083 0.7992 -0.3207
Y -0.7957 0.5783 0.1799
Z 0.3292 0.1638 0.9299

PART 35
OFFSET -9.8583 0.1296 -3.2383
SCALE 1 1 1
X 0.0631 -0.9980 -0.0021
Y -0.8863 -0.0570 0.4597
Z -0.4589 -0.0271 -0.8881

PART 36
OFFSET -9.0717 -1.5785 -1.3089
SCALE 1 1 1
X -0.5582 -0.5761 0.5971
Y 0.7236 -0.6902 0.0106
Z 0.4060 0.4380 0.8021

PART 37
OFFSET -7.6673 -0.1637 -2.9776
SCALE 1 1 1
X 0.3145 -0.9367 0.1539
Y 0.8825 0.2288 -0.4108
Z 0.3496 0.2650 0.8986

PART 38
OFFSET -8.2027 1.4311 -3.2395
SCALE 1 1 1
X 0.8755 0.2603 -0.4071
Y -0.3327 0.9357 -0.1172
Z 0.3504 0.2381 0.9058

PART 39
OFFSET -9.4161 1.0703 -2.6753
SCALE 1 1 1
X -0.0037 0.9682 -0.2502
Y -0.9386 0.0830 0.3350
Z 0.3451 0.2360 0.9084

PART 40
OFFSET -9.4121 0.0202 -2.4040
SCALE 1 1 1
X 0.5562 -0.8290 0.0583
Y -0.7808 -0.4972 0.3785
Z -0.2848 -0.2560 -0.9238

PART 41
OFFSET -9.0717 -1.5785 -1.3089
SCALE 1 1 1
X -0.5582 -0.5761 0.5971
Y 0.7236 -0.6902 0.0106
Z 0.4060 0.4380 0.8021

PART 42
OFFSET -9.0717 -1.5785 -1.3089
SCALE 1 1 1
X -0.5582 -0.5761 0.5971
Y 0.7236 -0.6902 0.0106
Z 0.4060 0.4380 0.8021

PART 43
OFFSET 3.7075 0.0000 -1.3770
SCALE 1 1 1
X 1.0000 0.0000 0.0000
Y 0.0000 1.0000 0.0000
Z 0.0000 0.0000 1.0000

PART 44
OFFSET -0.0838 7.9373 -3.1869
SCALE 1 1 1
X -0.9564 0.2611 -0.1312
Y 0.1064 -0.1070 -0.9886
Z -0.2721 -0.9594 0.0746

PART 45
OFFSET -11.6500 11.0946 -4.7732
SCALE 1 1 1
X 0.9782 0.1377 -0.1553
Y 0.2021 -0.8021 0.5620
Z -0.0472 -0.5811 -0.8125

PART 46
OFFSET -3.3298 12.2656 -6.0942
SCALE 1 1 1
X 0.9782 0.1377 -0.1553
Y -0.1547 0.9825 -0.1036
Z 0.1383 0.1253 0.9824

PART 47
OFFSET -2.0092 14.0666 -5.1720
SCALE 1 1 1
X 0.9771 0.1441 -0.1564
Y 0.0415 0.5922 0.8047
Z 0.2086 -0.7928 0.5726

PART 48
OFFSET -2.6260 12.9880 -7.5506
SCALE 1 1 1
X 0.9771 0.1441 -0.1564
Y 0.0415 0.5922 0.8047
Z 0.2086 -0.7928 0.5726

PART 49
OFFSET -1.1049 12.3044 -4.4028
SCALE 1 1 1
X 0.9771 0.1441 -0.1564
Y 0.0415 0.5922 0.8047
Z 0.2086 -0.7928 0.5726

PART 50
OFFSET -1.2714 11.2805 -5.7178
SCALE 1 1 1
X 0.9771 0.1441 -0.1564
Y 0.0415 0.5922 0.8047
Z 0.2086 -0.7928 0.5726

PART 51
OFFSET -1.7536 10.4420 -7.0445
SCALE 1 1 1
X 0.9771 0.1441 -0.1564
Y 0.0415 0.5922 0.8047
Z 0.2086 -0.7928 0.5726

PART 52
OFFSET -0.3309 12.6877 -6.5703
SCALE 1 1 1
X 0.9228 -0.2913 -0.2523
Y 0.2344 0.9439 -0.2325
Z 0.3058 0.1554 0.9393

PART 53
OFFSET 0.4361 13.5314 -6.5224
SCALE 1 1 1
X 0.6504 0.6039 0.4607
Y -0.4894 0.7970 -0.3539
Z -0.5810 0.0047 0.8139

PART 54
OFFSET 1.7583 14.9145 -5.5182
SCALE 1 1 1
X 0.9291 -0.0923 0.3580
Y 0.0426 0.9886 0.1442
Z -0.3672 -0.1187 0.9225

PART 55
OFFSET 3.2147 14.6932 -4.8455
SCALE 1 1 1
X 0.6996 -0.6210 0.3533
Y 0.5285 0.7826 0.3291
Z -0.4809 -0.0435 0.8757

PART 56
OFFSET 3.9582 14.0329 -4.4178
SCALE 1 1 1
X 0.9342 -0.2692 -0.2339
Y -0.1969 0.1575 -0.9677
Z 0.2974 0.9501 0.0941

PART 57
OFFSET 0.2608 11.4619 -6.3450
SCALE 1 1 1
X 0.6359 -0.7710 -0.0338
Y 0.2354 0.1520 0.9599
Z -0.7350 -0.6184 0.2781

PART 58
OFFSET 1.8254 9.8382 -6.3437
SCALE 1 1 1
X 0.4148 0.0628 0.9078
Y -0.7116 0.6442 0.2805
Z -0.5671 -0.7623 0.3119

PART 59
OFFSET 2.4126 9.9272 -5.0585
SCALE 1 1 1
X 0.0310 0.3946 0.9183
Y -0.8487 0.4957 -0.1843
Z -0.5279 -0.7737 0.3503

PART 60
OFFSET 2.4401 10.2770 -4.2443
SCALE 1 1 1
X -0.5488 0.6592 0.5141
Y -0.5985 0.1195 -0.7922
Z -0.5836 -0.7424 0.3289

PART 61
OFFSET 1.9188 10.9033 -3.7559
SCALE 1 1 1
X 0.8799 -0.4719 0.0565
Y -0.1724 -0.4278 -0.8873
Z 0.4429 0.7710 -0.4577

PART 62
OFFSET 0.5768 12.0034 -6.6861
SCALE 1 1 1
X 0.8080 -0.5662 -0.1630
Y 0.2763 0.1197 0.9536
Z -0.5204 -0.8155 0.2532

PART 63
OFFSET 2.5905 10.4102 -7.0926
SCALE 1 1 1
X 0.3119 0.1306 0.9411
Y -0.8378 0.5049 0.2076
Z -0.4481 -0.8532 0.2669

PART 64
OFFSET 3.1214 10.6325 -5.4904
SCALE 1 1 1
X -0.1432 0.3827 0.9127
Y -0.8902 0.3533 -0.2878
Z -0.4326 -0.8537 0.2901

PART 65
OFFSET 2.9230 11.1629 -4.2255
SCALE 1 1 1
X -0.5432 0.4981 0.6759
Y -0.7204 0.1370 -0.6799
Z -0.4313 -0.8562 0.2845

PART 66
OFFSET 2.3339 11.7032 -3.4925
SCALE 1 1 1
X 0.8353 -0.5285 -0.1514
Y -0.2597 -0.1366 -0.9560
Z 0.4846 0.8379 -0.2514

PART 67
OFFSET 3.0499 13.3717 -7.2135
SCALE 1 1 1
X 0.9079 -0.4135 0.0688
Y -0.0151 -0.1963 -0.9804
Z 0.4189 0.8891 -0.1845

PART 68
OFFSET 3.3279 12.2068 -8.0776
SCALE 1 1 1
X 0.5193 -0.0026 0.8546
Y -0.7805 0.4058 0.4755
Z -0.3480 -0.9140 0.2087

PART 69
OFFSET 4.2422 12.2022 -6.5730
SCALE 1 1 1
X -0.0098 0.1910 0.9815
Y -0.9514 0.3003 -0.0680
Z -0.3077 -0.9345 0.1788

PART 70
OFFSET 4.2490 12.4912 -5.3906
SCALE 1 1 1
X -0.2298 0.3287 0.9161
Y -0.9167 0.2431 -0.3171
Z -0.3269 -0.9126 0.2454

PART 71
OFFSET -4.6952 5.3158 -2.1365
SCALE 1 1 1
X 0.6710 0.6650 -0.3279
Y -0.6999 0.7141 0.0158
Z 0.2446 0.2189 0.9446

PART 72
OFFSET -1.8357 6.0281 -1.6284
SCALE 1 1 1
X 0.6759 0.6693 -0.3085
Y -0.6999 0.7141 0.0158
Z 0.2309 0.2052 0.9511

PART 73
OFFSET -2.1526 9.7055 -1.8824
SCALE 1 1 1
X 0.6710 0.6650 -0.3279
Y -0.6999 0.7141 0.0158
Z 0.2446 0.2189 0.9446

PART 74
OFFSET 11.8371 21.6910 -9.8536
SCALE 1 1 1
X -0.0834 -0.0597 -0.9947
Y -0.6999 0.7141 0.0158
Z 0.7094 0.6975 -0.1013

PART 75
OFFSET 0.4721 10.3812 -2.1655
SCALE 1 1 1
X 0.6710 0.6650 -0.3279
Y -0.6999 0.7141 0.0158
Z 0.2446 0.2189 0.9446

PART 76
OFFSET -2.0106 7.8070 -4.5859
SCALE 1 1 1
X 0.2446 0.2189 0.9446
Y -0.6999 0.7141 0.0158
Z -0.6710 -0.6650 0.3279

PART 77
OFFSET -2.2340 8.0630 -4.4922
SCALE 1 1 1
X 0.6996 -0.4214 0.5771
Y -0.3059 0.5533 0.7748
Z -0.6458 -0.7185 0.2582

PART 78
OFFSET -2.2053 8.0946 -4.2954
SCALE 1 1 1
X 0.5832 -0.7465 -0.3204
Y 0.3758 -0.1018 0.9211
Z -0.7202 -0.6576 0.2212

PART 79
OFFSET -2.1208 8.0684 -4.0919
SCALE 1 1 1
X 0.6052 -0.7467 -0.2759
Y 0.3329 -0.0774 0.9398
Z -0.7231 -0.6606 0.2018

PART 80
OFFSET -2.0764 8.0657 -3.9282
SCALE 1 1 1
X 0.6830 -0.7265 -0.0755
Y 0.1716 0.0591 0.9834
Z -0.7099 -0.6846 0.1651

PART 81
OFFSET -2.0672 8.0835 -3.8004
SCALE 1 1 1
X 0.7357 -0.6519 0.1837
Y -0.0458 0.2227 0.9738
Z -0.6757 -0.7249 0.1340

PART 82
OFFSET -2.0817 8.1149 -3.6973
SCALE 1 1 1
X 0.7398 -0.5712 0.3555
Y -0.1851 0.3352 0.9238
Z -0.6469 -0.7492 0.1422

PART 83
OFFSET -2.1003 8.1552 -3.5857
SCALE 1 1 1
X 0.7413 -0.6094 0.2812
Y -0.0981 0.3161 0.9436
Z -0.6639 -0.7271 0.1745

PART 84
OFFSET -2.1020 8.1993 -3.4293
SCALE 1 1 1
X 0.7276 -0.6756 0.1190
Y 0.0569 0.2323 0.9710
Z -0.6836 -0.6997 0.2074

PART 85
OFFSET -2.0832 8.2373 -3.2402
SCALE 1 1 1
X 0.7087 -0.7053 0.0200
Y 0.1285 0.1568 0.9792
Z -0.6937 -0.6914 0.2017

PART 86
OFFSET -2.0584 8.2534 -3.0798
SCALE 1 1 1
X 0.6678 -0.7342 -0.1224
Y 0.1800 -0.0003 0.9837
Z -0.7223 -0.6789 0.1319

PART 87
OFFSET -2.0363 8.2372 -2.9898
SCALE 1 1 1
X 0.4694 -0.7234 -0.5063
Y 0.3258 -0.3911 0.8608
Z -0.8206 -0.5691 0.0521

PART 88
OFFSET -2.0014 8.1990 -2.9269
SCALE 1 1 1
X 0.3461 -0.6720 -0.6547
Y 0.5035 -0.4558 0.7340
Z -0.7917 -0.5836 0.1806

PART 89
OFFSET -1.9325 8.1546 -2.8283
SCALE 1 1 1
X 0.4464 -0.7155 -0.5375
Y 0.5534 -0.2513 0.7941
Z -0.7032 -0.6519 0.2838

PART 90
OFFSET -1.8229 8.1259 -2.6736
SCALE 1 1 1
X 0.5221 -0.7378 -0.4279
Y 0.5855 -0.0547 0.8088
Z -0.6202 -0.6728 0.4034

PART 91
OFFSET -1.6806 8.1401 -2.4844
SCALE 1 1 1
X 0.5946 -0.7468 -0.2979
Y 0.6077 0.1748 0.7747
Z -0.5265 -0.6416 0.5578

PART 92
OFFSET -1.5216 8.2160 -2.2831
SCALE 1 1 1
X 0.6650 -0.7354 -0.1305
Y 0.5616 0.3771 0.7365
Z -0.4923 -0.5630 0.6638

PART 93
OFFSET -1.3918 8.3377 -2.0880
SCALE 1 1 1
X 0.7271 -0.6768 0.1154
Y 0.3884 0.5441 0.7437
Z -0.5661 -0.4959 0.6585

PART 94
OFFSET -1.3451 8.4824 -1.9166
SCALE 1 1 1
X 0.7125 -0.4559 0.5334
Y -0.0605 0.7174 0.6940
Z -0.6991 -0.5267 0.4835

PART 95
OFFSET -1.4388 8.6795 -1.7907
SCALE 1 1 1
X 0.4463 -0.0091 0.8949
Y -0.5678 0.7700 0.2910
Z -0.6917 -0.6380 0.3384


FRAME 482
PART 0
OFFSET 0.9527 11.7439 -6.8077
SCALE 1 1 1
X 0.8015 -0.5758 -0.1615
Y 0.2732 0.1124 0.9554
Z -0.5320 -0.8098 0.2474

PART 1
OFFSET 0.9527 11.7439 -6.8077
SCALE 1 1 1
X 0.8015 -0.5758 -0.1615
Y 0.2732 0.1124 0.9554
Z -0.5320 -0.8098 0.2474

PART 2
OFFSET -11.7326 -5.3690 1.2964
SCALE 1 1 1
X -0.4009 -0.7837 0.4744
Y -0.8677 0.4910 0.0778
Z -0.2939 -0.3805 -0.8769

PART 3
OFFSET -6.3846 0.0572 -1.3359
SCALE 1 1 1
X 0.0946 -0.9701 0.2235
Y 0.9633 0.0325 -0.2666
Z 0.2514 0.2405 0.9375

PART 4
OFFSET -6.5511 1.7652 -1.7294
SCALE 1 1 1
X 0.9427 -0.3123 -0.1173
Y 0.2681 0.9184 -0.2909
Z 0.1986 0.2428 0.9495

PART 5
OFFSET -7.6851 2.1596 -1.5291
SCALE 1 1 1
X 0.5175 0.7811 -0.3495
Y -0.8122 0.5769 0.0866
Z 0.2693 0.2390 0.9329

PART 6
OFFSET -8.2696 1.2774 -1.1344
SCALE 1 1 1
X 0.6405 -0.7078 0.2980
Y -0.7678 -0.5975 0.2313
Z 0.0143 -0.3769 -0.9261

PART 7
OFFSET -6.8463 -0.1030 -2.3266
SCALE 1 1 1
X 0.3830 -0.9217 0.0612
Y 0.9027 0.3594 -0.2367
Z 0.1962 0.1459 0.9696

PART 8
OFFSET -7.5945 1.6976 -2.4462
SCALE 1 1 1
X 0.9490 0.2102 -0.2349
Y -0.2464 0.9594 -0.1373
Z 0.1965 0.1882 0.9623

PART 9
OFFSET -8.9807 1.3907 -2.1032
SCALE 1 1 1
X 0.1810 0.9486 -0.2597
Y -0.9707 0.2147 0.1078
Z 0.1580 0.2326 0.9597

PART 10
OFFSET -9.1875 0.3148 -1.8158
SCALE 1 1 1
X 0.4711 -0.8794 0.0689
Y -0.8452 -0.4277 0.3205
Z -0.2524 -0.2093 -0.9447

PART 11
OFFSET 0.0000 0.0000 0.0000
SCALE 1 1 1
X 1.0000 0.0000 0.0000
Y 0.0000 1.0000 0.0000
Z 0.0000 0.0000 1.0000

PART 12
OFFSET -0.0001 -0.0001 -0.0001
SCALE 1 1 1
X 1.0000 -0.0000 0.0000
Y 0.0000 1.0000 -0.0000
Z -0.0000 0.0000 1.0000

PART 13
OFFSET 0.0000 -0.0000 0.0000
SCALE 1 1 1
X 1.0000 -0.0000 0.0000
Y 0.0000 1.0000 -0.0000
Z -0.0000 0.0000 1.0000

PART 14
OFFSET 4.3649 12.5499 -4.4580
SCALE 1 1 1
X 0.8026 -0.5937 0.0586
Y -0.0101 -0.1117 -0.9937
Z 0.5965 0.7969 -0.0956

PART 15
OFFSET 3.4004 10.9545 -7.7431
SCALE 1 1 1
X 0.4183 0.0944 0.9034
Y -0.8603 0.3602 0.3607
Z -0.2914 -0.9281 0.2318

PART 16
OFFSET 4.2175 11.1389 -5.9783
SCALE 1 1 1
X -0.1404 0.2581 0.9559
Y -0.9361 0.2797 -0.2131
Z -0.3224 -0.9247 0.2023

PART 17
OFFSET 4.0124 11.5159 -4.5821
SCALE 1 1 1
X -0.6433 0.3783 0.6656
Y -0.6719 0.1380 -0.7277
Z -0.3672 -0.9153 0.1654

PART 18
OFFSET 3.2817 11.9378 -3.8265
SCALE 1 1 1
X 0.9458 -0.3197 -0.0562
Y -0.1272 -0.2058 -0.9703
Z 0.2987 0.9249 -0.2353

PART 19
OFFSET -4.4260 5.1064 -2.3098
SCALE 1 1 1
X 0.6810 0.6576 -0.3220
Y -0.6908 0.7229 0.0154
Z 0.2429 0.2120 0.9466

PART 20
OFFSET -3.5797 -7.9373 -3.1869
SCALE 1 1 1
X 0.8393 0.0380 0.5423
Y 0.5246 0.2054 -0.8262
Z -0.1428 0.9779 0.1524

PART 21
OFFSET -13.7301 -8.3974 -9.7459
SCALE 1 1 1
X -0.3675 -0.5181 -0.7723
Y -0.8495 0.5250 0.0520
Z 0.3785 0.6752 -0.6331

PART 22
OFFSET -10.6041 -3.9904 -3.1771
SCALE 1 1 1
X -0.3675 -0.5181 -0.7723
Y 0.5675 0.5330 -0.6276
Z 0.7368 -0.6690 0.0982

PART 23
OFFSET -10.9435 -4.9153 -0.5331
SCALE 1 1 1
X -0.3635 -0.5231 -0.7709
Y -0.3652 -0.6812 0.6345
Z -0.8570 0.5122 0.0566

PART 24
OFFSET -9.5631 -4.9852 -0.6496
SCALE 1 1 1
X -0.3635 -0.5231 -0.7709
Y -0.3652 -0.6812 0.6345
Z -0.8570 0.5122 0.0566

PART 25
OFFSET -9.2760 -2.6714 -2.2089
SCALE 1 1 1
X -0.3635 -0.5231 -0.7709
Y -0.3652 -0.6812 0.6345
Z -0.8570 0.5122 0.0566

PART 26
OFFSET -9.4773 -2.4020 -0.8094
SCALE 1 1 1
X -0.6805 -0.6609 0.3164
Y -0.2445 -0.2022 -0.9483
Z 0.6908 -0.7227 -0.0239

PART 27
OFFSET -9.2189 -1.6128 -0.0268
SCALE 1 1 1
X -0.2770 -0.8967 -0.3451
Y -0.1471 0.3945 -0.9070
Z 0.9495 -0.2005 -0.2412

PART 28
OFFSET -8.6592 0.2941 0.8219
SCALE 1 1 1
X -0.3552 -0.8779 0.3213
Y -0.1722 -0.2764 -0.9455
Z 0.9188 -0.3911 -0.0530

PART 29
OFFSET -8.1990 1.7386 0.2528
SCALE 1 1 1
X -0.0996 -0.6974 0.7098
Y -0.3134 -0.6550 -0.6875
Z 0.9444 -0.2910 -0.1533

PART 30
OFFSET -8.1292 2.5171 -0.4961
SCALE 1 1 1
X -0.7447 -0.4629 0.4807
Y -0.5660 0.8197 -0.0876
Z -0.3535 -0.3374 -0.8725

PART 31
OFFSET -9.3028 -1.9132 -2.0878
SCALE 1 1 1
X -0.3887 -0.4575 0.7997
Y 0.7420 -0.6700 -0.0226
Z 0.5462 0.5846 0.5999

PART 32
OFFSET -8.4408 -0.7180 -3.7945
SCALE 1 1 1
X -0.0848 -0.9806 0.1768
Y 0.9290 -0.1419 -0.3418
Z 0.3602 0.1352 0.9230

PART 33
OFFSET -8.3208 0.6703 -4.0448
SCALE 1 1 1
X 0.9417 -0.0849 -0.3257
Y 0.0507 0.9924 -0.1121
Z 0.3327 0.0891 0.9388

PART 34
OFFSET -9.1557 0.7455 -3.7560
SCALE 1 1 1
X 0.5200 0.7939 -0.3151
Y -0.7891 0.5877 0.1784
Z 0.3268 0.1559 0.9321

PART 35
OFFSET -9.6497 -0.0087 -3.4567
SCALE 1 1 1
X 0.0504 -0.9987 -0.0058
Y -0.8891 -0.0475 0.4553
Z -0.4550 -0.0178 -0.8903

PART 36
OFFSET -8.8942 -1.7344 -1.5304
SCALE 1 1 1
X -0.5684 -0.5712 0.5922
Y 0.7146 -0.6994 0.0112
Z 0.4078 0.4296 0.8057

PART 37
OFFSET -7.4639 -0.3311 -3.1868
SCALE 1 1 1
X 0.3018 -0.9413 0.1516
Y 0.8873 0.2191 -0.4058
Z 0.3487 0.2570 0.9013

PART 38
OFFSET -7.9777 1.2714 -3.4449
SCALE 1 1 1
X 0.8807 0.2507 -0.4019
Y -0.3202 0.9404 -0.1150
Z 0.3491 0.2300 0.9084

PART 39
OFFSET -9.1982 0.9239 -2.8879
SCALE 1 1 1
X 0.0099 0.9691 -0.2463
Y -0.9390 0.0937 0.3309
Z 0.3437 0.2280 0.9110

PART 40
OFFSET -9.2090 -0.1271 -2.6207
SCALE 1 1 1
X 0.5452 -0.8363 0.0576
Y -0.7889 -0.4886 0.3728
Z -0.2836 -0.2487 -0.9261

PART 41
OFFSET -8.8942 -1.7344 -1.5304
SCALE 1 1 1
X -0.5684 -0.5712 0.5922
Y 0.7146 -0.6994 0.0112
Z 0.4078 0.4296 0.8057

PART 42
OFFSET -8.8942 -1.7344 -1.5304
SCALE 1 1 1
X -0.5684 -0.5712 0.5922
Y 0.7146 -0.6994 0.0112
Z 0.4078 0.4296 0.8057

PART 43
OFFSET 3.7075 0.0000 -1.3770
SCALE 1 1 1
X 1.0000 0.0000 0.0000
Y 0.0000 1.0000 0.0000
Z 0.0000 0.0000 1.0000

PART 44
OFFSET -0.0838 7.9373 -3.1869
SCALE 1 1 1
X -0.9289 0.3525 -0.1138
Y 0.0606 -0.1584 -0.9855
Z -0.3654 -0.9223 0.1257

PART 45
OFFSET -11.3174 12.2004 -4.5629
SCALE 1 1 1
X 0.9827 0.0206 -0.1841
Y 0.1278 -0.7949 0.5931
Z -0.1341 -0.6064 -0.7838

PART 46
OFFSET -2.9593 12.3760 -6.1289
SCALE 1 1 1
X 0.9827 0.0206 -0.1841
Y -0.0449 0.9907 -0.1287
Z 0.1798 0.1347 0.9744

PART 47
OFFSET -1.4220 14.0557 -5.3208
SCALE 1 1 1
X 0.9823 0.0271 -0.1855
Y 0.1295 0.6177 0.7757
Z 0.1356 -0.7860 0.6032

PART 48
OFFSET -2.2212 12.9522 -7.6328
SCALE 1 1 1
X 0.9823 0.0271 -0.1855
Y 0.1295 0.6177 0.7757
Z 0.1356 -0.7860 0.6032

PART 49
OFFSET -0.6970 12.2380 -4.4933
SCALE 1 1 1
X 0.9823 0.0271 -0.1855
Y 0.1295 0.6177 0.7757
Z 0.1356 -0.7860 0.6032

PART 50
OFFSET -1.0128 11.1838 -5.7560
SCALE 1 1 1
X 0.9823 0.0271 -0.1855
Y 0.1295 0.6177 0.7757
Z 0.1356 -0.7860 0.6032

PART 51
OFFSET -1.6220 10.3486 -7.0315
SCALE 1 1 1
X 0.9823 0.0271 -0.1855
Y 0.1295 0.6177 0.7757
Z 0.1356 -0.7860 0.6032

PART 52
OFFSET 0.0533 12.4393 -6.6934
SCALE 1 1 1
X 0.9202 -0.3021 -0.2491
Y 0.2476 0.9418 -0.2276
Z 0.3033 0.1477 0.9414

PART 53
OFFSET 0.8307 13.2729 -6.6385
SCALE 1 1 1
X 0.6558 0.5937 0.4662
Y -0.4775 0.8046 -0.3530
Z -0.5847 0.0089 0.8112

PART 54
OFFSET 2.1658 14.6349 -5.6226
SCALE 1 1 1
X 0.9262 -0.1056 0.3620
Y 0.0546 0.9874 0.1483
Z -0.3731 -0.1176 0.9203

PART 55
OFFSET 3.6159 14.3924 -4.9440
SCALE 1 1 1
X 0.6899 -0.6313 0.3541
Y 0.5369 0.7744 0.3347
Z -0.4855 -0.0408 0.8733

PART 56
OFFSET 4.3489 13.7210 -4.5154
SCALE 1 1 1
X 0.9318 -0.2803 -0.2306
Y -0.1903 0.1638 -0.9680
Z 0.3091 0.9458 0.0993

PART 57
OFFSET 0.6281 11.2051 -6.4702
SCALE 1 1 1
X 0.6261 -0.7790 -0.0339
Y 0.2327 0.1452 0.9616
Z -0.7442 -0.6100 0.2722

PART 58
OFFSET 2.1719 9.5615 -6.4681
SCALE 1 1 1
X 0.4112 0.0539 0.9099
Y -0.7046 0.6521 0.2798
Z -0.5783 -0.7562 0.3062

PART 59
OFFSET 2.7540 9.6379 -5.1798
SCALE 1 1 1
X 0.0317 0.3905 0.9200
Y -0.8414 0.5072 -0.1863
Z -0.5395 -0.7682 0.3447

PART 60
OFFSET 2.7821 9.9841 -4.3641
SCALE 1 1 1
X -0.5428 0.6641 0.5141
Y -0.5931 0.1303 -0.7945
Z -0.5946 -0.7362 0.3232

PART 61
OFFSET 2.2665 10.6151 -3.8756
SCALE 1 1 1
X 0.8735 -0.4833 0.0588
Y -0.1736 -0.4220 -0.8898
Z 0.4549 0.7670 -0.4525

PART 62
OFFSET 0.9527 11.7439 -6.8077
SCALE 1 1 1
X 0.8015 -0.5758 -0.1615
Y 0.2732 0.1124 0.9554
Z -0.5320 -0.8098 0.2474

PART 63
OFFSET 2.9477 10.1266 -7.2111
SCALE 1 1 1
X 0.3090 0.1229 0.9431
Y -0.8323 0.5148 0.2057
Z -0.4602 -0.8485 0.2614

PART 64
OFFSET 3.4739 10.3358 -5.6055
SCALE 1 1 1
X -0.1427 0.3809 0.9136
Y -0.8842 0.3658 -0.2906
Z -0.4448 -0.8492 0.2846

PART 65
OFFSET 3.2762 10.8637 -4.3394
SCALE 1 1 1
X -0.5400 0.5024 0.6753
Y -0.7153 0.1489 -0.6828
Z -0.4435 -0.8517 0.2790

PART 66
OFFSET 2.6905 11.4086 -3.6071
SCALE 1 1 1
X 0.8292 -0.5386 -0.1495
Y -0.2568 -0.1295 -0.9577
Z 0.4964 0.8326 -0.2457

PART 67
OFFSET 3.4456 13.0825 -7.3180
SCALE 1 1 1
X 0.9022 -0.4253 0.0714
Y -0.0129 -0.1922 -0.9813
Z 0.4311 0.8844 -0.1789

PART 68
OFFSET 3.7128 11.9175 -8.1854
SCALE 1 1 1
X 0.5152 -0.0126 0.8570
Y -0.7775 0.4139 0.4735
Z -0.3607 -0.9102 0.2034

PART 69
OFFSET 4.6198 11.8952 -6.6766
SCALE 1 1 1
X -0.0120 0.1873 0.9822
Y -0.9472 0.3127 -0.0712
Z -0.3205 -0.9312 0.1736

PART 70
OFFSET 4.6246 12.1795 -5.4930
SCALE 1 1 1
X -0.2299 0.3280 0.9163
Y -0.9120 0.2560 -0.3205
Z -0.3397 -0.9093 0.2402

PART 71
OFFSET -4.4260 5.1064 -2.3098
SCALE 1 1 1
X 0.6810 0.6576 -0.3220
Y -0.6908 0.7229 0.0154
Z 0.2429 0.2120 0.9466

PART 72
OFFSET -1.5601 5.7801 -1.7854
SCALE 1 1 1
X 0.6859 0.6618 -0.3026
Y -0.6908 0.7229 0.0154
Z 0.2289 0.1985 0.9530

PART 73
OFFSET -1.8287 9.4622 -2.0261
SCALE 1 1 1
X 0.6810 0.6576 -0.3220
Y -0.6908 0.7229 0.0154
Z 0.2429 0.2120 0.9466

PART 74
OFFSET 12.3509 21.2989 -9.8833
SCALE 1 1 1
X -0.0794 -0.0547 -0.9953
Y -0.6908 0.7229 0.0154
Z 0.7187 0.6888 -0.0952

PART 75
OFFSET 0.8057 10.1054 -2.2942
SCALE 1 1 1
X 0.6810 0.6576 -0.3220
Y -0.6908 0.7229 0.0154
Z 0.2429 0.2120 0.9466

PART 76
OFFSET -1.6982 7.5727 -4.7365
SCALE 1 1 1
X 0.2429 0.2120 0.9466
Y -0.6908 0.7229 0.0154
Z -0.6810 -0.6576 0.3220

PART 77
OFFSET -1.9188 7.8312 -4.6428
SCALE 1 1 1
X 0.6913 -0.4326 0.5787
Y -0.3025 0.5541 0.7755
Z -0.6561 -0.7112 0.2522

PART 78
OFFSET -1.8905 7.8617 -4.4458
SCALE 1 1 1
X 0.5751 -0.7526 -0.3207
Y 0.3701 -0.1102 0.9224
Z -0.7296 -0.6492 0.2151

PART 79
OFFSET -1.8074 7.8335 -4.2421
SCALE 1 1 1
X 0.5969 -0.7533 -0.2760
Y 0.3274 -0.0853 0.9410
Z -0.7325 -0.6521 0.1957

PART 80
OFFSET -1.7638 7.8297 -4.0781
SCALE 1 1 1
X 0.6740 -0.7349 -0.0752
Y 0.1677 0.0530 0.9844
Z -0.7194 -0.6761 0.1590

PART 81
OFFSET -1.7549 7.8468 -3.9502
SCALE 1 1 1
X 0.7264 -0.6620 0.1843
Y -0.0474 0.2193 0.9745
Z -0.6856 -0.7167 0.1279

PART 82
OFFSET -1.7695 7.8780 -3.8470
SCALE 1 1 1
X 0.7307 -0.5822 0.3565
Y -0.1850 0.3337 0.9243
Z -0.6571 -0.7414 0.1362

PART 83
OFFSET -1.7881 7.9180 -3.7353
SCALE 1 1 1
X 0.7321 -0.6200 0.2822
Y -0.0985 0.3135 0.9445
Z -0.6740 -0.7192 0.1685

PART 84
OFFSET -1.7900 7.9616 -3.5787
SCALE 1 1 1
X 0.7184 -0.6853 0.1197
Y 0.0552 0.2277 0.9722
Z -0.6935 -0.6917 0.2014

PART 85
OFFSET -1.7716 7.9986 -3.3894
SCALE 1 1 1
X 0.6995 -0.7143 0.0206
Y 0.1257 0.1514 0.9804
Z -0.7035 -0.6832 0.1957

PART 86
OFFSET -1.7474 8.0138 -3.2288
SCALE 1 1 1
X 0.6589 -0.7422 -0.1221
Y 0.1752 -0.0065 0.9845
Z -0.7315 -0.6701 0.1258

PART 87
OFFSET -1.7260 7.9969 -3.1388
SCALE 1 1 1
X 0.4625 -0.7273 -0.5071
Y 0.3167 -0.3987 0.8607
Z -0.8281 -0.5586 0.0459

PART 88
OFFSET -1.6918 7.9580 -3.0759
SCALE 1 1 1
X 0.3405 -0.6738 -0.6558
Y 0.4941 -0.4652 0.7344
Z -0.7999 -0.5741 0.1745

PART 89
OFFSET -1.6240 7.9124 -2.9772
SCALE 1 1 1
X 0.4397 -0.7190 -0.5382
Y 0.5464 -0.2615 0.7957
Z -0.7128 -0.6440 0.2778

PART 90
OFFSET -1.5155 7.8816 -2.8221
SCALE 1 1 1
X 0.5146 -0.7427 -0.4284
Y 0.5809 -0.0654 0.8113
Z -0.6306 -0.6664 0.3978

PART 91
OFFSET -1.3740 7.8932 -2.6321
SCALE 1 1 1
X 0.5864 -0.7532 -0.2980
Y 0.6062 0.1640 0.7782
Z -0.5373 -0.6370 0.5528

PART 92
OFFSET -1.2149 7.9664 -2.4298
SCALE 1 1 1
X 0.6561 -0.7433 -0.1303
Y 0.5629 0.3670 0.7406
Z -0.5027 -0.5593 0.6592

PART 93
OFFSET -1.0845 8.0856 -2.2336
SCALE 1 1 1
X 0.7178 -0.6865 0.1161
Y 0.3918 0.5361 0.7477
Z -0.5756 -0.4912 0.6538

PART 94
OFFSET -1.0368 8.2290 -2.0614
SCALE 1 1 1
X 0.7040 -0.4672 0.5348
Y -0.0545 0.7153 0.6967
Z -0.7081 -0.5197 0.4781

PART 95
OFFSET -1.1285 8.4268 -1.9351
SCALE 1 1 1
X 0.4419 -0.0185 0.8969
Y -0.5592 0.7761 0.2915
Z -0.7014 -0.6304 0.3326


FRAME 483
PART 0
OFFSET 1.5452 11.3323 -6.9768
SCALE 1 1 1
X 0.7909 -0.5910 -0.1590
Y 0.2681 0.1011 0.9581
Z -0.5501 -0.8004 0.2384

PART 1
OFFSET 1.5452 11.3323 -6.9768
SCALE 1 1 1
X 0.7909 -0.5910 -0.1590
Y 0.2681 0.1011 0.9581
Z -0.5501 -0.8004 0.2384

PART 2
OFFSET -11.5445 -5.5694 0.9249
SCALE 1 1 1
X -0.4203 -0.7783 0.4665
Y -0.8582 0.5080 0.0743
Z -0.2948 -0.3691 -0.8814

PART 3
OFFSET -6.0681 -0.2366 -1.6332
SCALE 1 1 1
X 0.0733 -0.9732 0.2182
Y 0.9657 0.0146 -0.2592
Z 0.2490 0.2297 0.9409

PART 4
OFFSET -6.1971 1.4768 -2.0173
SCALE 1 1 1
X 0.9371 -0.3306 -0.1121
Y 0.2888 0.9146 -0.2832
Z 0.1962 0.2330 0.9525

PART 5
OFFSET -7.3244 1.8929 -1.8231
SCALE 1 1 1
X 0.5358 0.7726 -0.3407
Y -0.8011 0.5926 0.0841
Z 0.2669 0.2278 0.9364

PART 6
OFFSET -7.9296 1.0202 -1.4383
SCALE 1 1 1
X 0.6238 -0.7224 0.2984
Y -0.7815 -0.5832 0.2218
Z 0.0138 -0.3715 -0.9283

PART 7
OFFSET -6.5254 -0.3814 -2.6284
SCALE 1 1 1
X 0.3639 -0.9296 0.0584
Y 0.9115 0.3425 -0.2277
Z 0.1917 0.1360 0.9720

PART 8
OFFSET -7.2362 1.4347 -2.7424
SCALE 1 1 1
X 0.9549 0.1923 -0.2264
Y -0.2260 0.9650 -0.1332
Z 0.1929 0.1784 0.9649

PART 9
OFFSET -8.6309 1.1537 -2.4117
SCALE 1 1 1
X 0.2021 0.9463 -0.2524
Y -0.9670 0.2336 0.1018
Z 0.1553 0.2235 0.9622

PART 10
OFFSET -8.8615 0.0806 -2.1326
SCALE 1 1 1
X 0.4527 -0.8891 0.0670
Y -0.8561 -0.4124 0.3115
Z -0.2493 -0.1984 -0.9479

PART 11
OFFSET 0.0000 0.0000 0.0000
SCALE 1 1 1
X 1.0000 0.0000 0.0000
Y 0.0000 1.0000 0.0000
Z 0.0000 0.0000 1.0000

PART 12
OFFSET -0.0001 -0.0001 -0.0001
SCALE 1 1 1
X 1.0000 -0.0000 0.0000
Y 0.0000 1.0000 -0.0000
Z -0.0000 0.0000 1.0000

PART 13
OFFSET 0.0000 0.0000 0.0000
SCALE 1 1 1
X 1.0000 -0.0000 0.0000
