// Export filename: `C:/cod5/cod/cod5/xanim_export/viewmodel/US/30cal/viewmodel_30cal_deploy.XANIM_EXPORT`
// Source filename: `C:/cod5/cod/cod5/animation_assets/viewmodel/US/30_cal/viewmodelanimation_30_cal.mb`
// Export time: Fri Jul 25 17:00:47 2008

ANIMATION
VERSION 3

NUMPARTS 96
PART 0 "RingPalm_FK_LE"
PART 1 "RingPalm_SDK_LE"
PART 2 "J_Webbing_RI"
PART 3 "J_Index_RI_0"
PART 4 "J_Index_RI_1"
PART 5 "J_Index_RI_2"
PART 6 "J_Index_RI_3"
PART 7 "J_Mid_RI_0"
PART 8 "J_Mid_RI_1"
PART 9 "J_Mid_RI_2"
PART 10 "J_Mid_RI_3"
PART 11 "tag_cambone"
PART 12 "tag_camera"
PART 13 "tag_gasmask"
PART 14 "J_Index_LE_3"
PART 15 "J_Mid_LE_0"
PART 16 "J_Mid_LE_1"
PART 17 "J_Mid_LE_2"
PART 18 "J_Mid_LE_3"
PART 19 "tag_weapon"
PART 20 "J_Shoulder_RI"
PART 21 "J_Elbow_RI"
PART 22 "J_WristTwist_RI"
PART 23 "J_Sleave_Reshape_Top_RI_3"
PART 24 "J_Sleave_Reshape_Top_RI_2"
PART 25 "J_Sleave_Reshape_Top_RI_1"
PART 26 "J_Wrist_RI"
PART 27 "J_Thumb_RI_0"
PART 28 "J_Thumb_RI_1"
PART 29 "J_Thumb_RI_2"
PART 30 "J_Thumb_RI_3"
PART 31 "J_PinkyPalm_RI"
PART 32 "J_Pinky_RI_0"
PART 33 "J_Pinky_RI_1"
PART 34 "J_Pinky_RI_2"
PART 35 "J_Pinky_RI_3"
PART 36 "J_RingPalm_RI"
PART 37 "J_Ring_RI_0"
PART 38 "J_Ring_RI_1"
PART 39 "J_Ring_RI_2"
PART 40 "J_Ring_RI_3"
PART 41 "RingPalm_FK_RI"
PART 42 "RingPalm_SDK_RI"
PART 43 "tag_torso"
PART 44 "J_Shoulder_LE"
PART 45 "J_Elbow_LE"
PART 46 "J_WristTwist_LE"
PART 47 "J_Sleave_Reshape_Bottom_LE_1"
PART 48 "J_Sleave_Reshape_Bottom_LE_2"
PART 49 "J_Sleave_Reshape_Top_LE_1"
PART 50 "J_Sleave_Reshape_Top_LE_2"
PART 51 "J_Sleave_Reshape_Top_LE_3"
PART 52 "J_Wrist_LE"
PART 53 "J_Thumb_LE_0"
PART 54 "J_Thumb_LE_1"
PART 55 "J_Thumb_LE_2"
PART 56 "J_Thumb_LE_3"
PART 57 "J_PinkyPalm_LE"
PART 58 "J_Pinky_LE_0"
PART 59 "J_Pinky_LE_1"
PART 60 "J_Pinky_LE_2"
PART 61 "J_Pinky_LE_3"
PART 62 "J_RingPalm_LE"
PART 63 "J_Ring_LE_0"
PART 64 "J_Ring_LE_1"
PART 65 "J_Ring_LE_2"
PART 66 "J_Ring_LE_3"
PART 67 "J_Webbing_LE"
PART 68 "J_Index_LE_0"
PART 69 "J_Index_LE_1"
PART 70 "J_Index_LE_2"
PART 71 "J_Gun"
PART 72 "J_Bolt"
PART 73 "J_Clip"
PART 74 "tag_bipod"
PART 75 "tag_top"
PART 76 "ammo01_jnt"
PART 77 "ammo02_jnt"
PART 78 "ammo03_jnt"
PART 79 "ammo04_jnt"
PART 80 "ammo05_jnt"
PART 81 "ammo06_jnt"
PART 82 "ammo07_jnt"
PART 83 "ammo08_jnt"
PART 84 "ammo09_jnt"
PART 85 "ammo10_jnt"
PART 86 "ammo11_jnt"
PART 87 "ammo12_jnt"
PART 88 "ammo13_jnt"
PART 89 "ammo14_jnt"
PART 90 "ammo15_jnt"
PART 91 "ammo16_jnt"
PART 92 "ammo17_jnt"
PART 93 "ammo18_jnt"
PART 94 "ammo19_jnt"
PART 95 "ammo20_jnt"

FRAMERATE 30
NUMFRAMES 49

FRAME 125
PART 0
OFFSET 18.4454 -2.2567 -7.3033
SCALE 1 1 1
X 0.2603 -0.9633 -0.0652
Y -0.0461 -0.0799 0.9957
Z -0.9644 -0.2561 -0.0652

PART 1
OFFSET 18.4454 -2.2567 -7.3033
SCALE 1 1 1
X 0.2603 -0.9633 -0.0652
Y -0.0461 -0.0799 0.9957
Z -0.9644 -0.2561 -0.0652

PART 2
OFFSET -3.8924 -6.6747 -6.3305
SCALE 1 1 1
X -0.9289 -0.3191 0.1881
Y -0.3331 0.9417 -0.0480
Z -0.1618 -0.1072 -0.9810

PART 3
OFFSET 4.1509 -6.1466 -6.3607
SCALE 1 1 1
X -0.6128 -0.7893 0.0392
Y 0.7899 -0.6132 -0.0004
Z 0.0243 0.0307 0.9992

PART 4
OFFSET 5.2298 -4.7569 -6.4296
SCALE 1 1 1
X 0.5110 -0.8570 0.0659
Y 0.8594 0.5108 -0.0211
Z -0.0156 0.0674 0.9976

PART 5
OFFSET 4.6076 -3.7109 -6.4491
SCALE 1 1 1
X 0.9693 0.2425 -0.0407
Y -0.2430 0.9700 -0.0081
Z 0.0376 0.0178 0.9991

PART 6
OFFSET 3.5127 -3.9848 -6.4031
SCALE 1 1 1
X -0.0856 -0.9496 0.3016
Y -0.9935 0.0586 -0.0976
Z 0.0750 -0.3080 -0.9484

PART 7
OFFSET 4.0450 -5.9794 -7.4476
SCALE 1 1 1
X -0.3252 -0.9451 -0.0311
Y 0.9419 -0.3267 0.0786
Z -0.0844 -0.0037 0.9964

PART 8
OFFSET 4.6804 -4.1331 -7.3868
SCALE 1 1 1
X 0.8807 -0.4696 0.0620
Y 0.4704 0.8825 0.0015
Z -0.0554 0.0278 0.9981

PART 9
OFFSET 3.3940 -3.4472 -7.4774
SCALE 1 1 1
X 0.8064 0.5913 -0.0076
Y -0.5889 0.8018 -0.1017
Z -0.0540 0.0865 0.9948

PART 10
OFFSET 2.4807 -4.1170 -7.4758
SCALE 1 1 1
X -0.2388 -0.9710 0.0072
Y -0.9711 0.2388 0.0015
Z -0.0031 -0.0067 -1.0000

PART 11
OFFSET 0.0000 0.0000 0.0000
SCALE 1 1 1
X 1.0000 0.0000 0.0000
Y 0.0000 1.0000 0.0000
Z 0.0000 0.0000 1.0000

PART 12
OFFSET -0.0010 -0.0010 -0.0010
SCALE 1 1 1
X 1.0000 -0.0000 0.0000
Y 0.0000 1.0000 -0.0000
Z -0.0000 0.0000 1.0000

PART 13
OFFSET 0.0000 0.0000 -0.0000
SCALE 1 1 1
X 1.0000 -0.0000 0.0000
Y 0.0000 1.0000 -0.0000
Z -0.0000 0.0000 1.0000

PART 14
OFFSET 20.6063 -3.8563 -4.0497
SCALE 1 1 1
X 0.1784 -0.9740 0.1396
Y 0.2457 -0.0933 -0.9649
Z 0.9528 0.2065 0.2226

PART 15
OFFSET 19.9906 -4.4758 -7.7246
SCALE 1 1 1
X 0.0622 -0.1896 0.9799
Y -0.5017 0.8428 0.1950
Z -0.8628 -0.5037 -0.0427

PART 16
OFFSET 20.1122 -4.8462 -5.8103
SCALE 1 1 1
X -0.2484 0.3019 0.9204
Y -0.4195 0.8229 -0.3832
Z -0.8731 -0.4813 -0.0778

PART 17
OFFSET 19.7494 -4.4052 -4.4660
SCALE 1 1 1
X -0.4355 0.7185 0.5423
Y -0.1537 0.5342 -0.8313
Z -0.8870 -0.4453 -0.1222

PART 18
OFFSET 19.2500 -3.5949 -3.8521
SCALE 1 1 1
X 0.4888 -0.8637 0.1229
Y 0.0961 -0.0868 -0.9916
Z 0.8671 0.4965 0.0406

PART 19
OFFSET 9.0164 -3.6472 -5.7617
SCALE 1 1 1
X 0.9991 0.0423 0.0018
Y -0.0423 0.9990 -0.0151
Z -0.0025 0.0150 0.9999

PART 20
OFFSET -3.5797 -7.9373 -3.1869
SCALE 1 1 1
X 0.3905 0.1016 0.9150
Y -0.0777 -0.9867 0.1427
Z 0.9173 -0.1268 -0.3774

PART 21
OFFSET -8.3028 -9.1658 -14.2524
SCALE 1 1 1
X -0.7390 -0.2773 -0.6140
Y 0.5416 0.2975 -0.7862
Z 0.4007 -0.9136 -0.0696

PART 22
OFFSET -2.0176 -6.8069 -9.0300
SCALE 1 1 1
X -0.7390 -0.2773 -0.6140
Y 0.6424 -0.0152 -0.7662
Z 0.2032 -0.9606 0.1894

PART 23
OFFSET -1.8771 -5.4709 -7.4596
SCALE 1 1 1
X -0.7433 -0.2766 -0.6091
Y -0.4064 0.9100 0.0826
Z 0.5314 0.3089 -0.7888

PART 24
OFFSET -1.9193 -6.1006 -6.5002
SCALE 1 1 1
X -0.7433 -0.2766 -0.6091
Y -0.4064 0.9100 0.0826
Z 0.5314 0.3089 -0.7888

PART 25
OFFSET -0.9375 -7.3504 -6.9554
SCALE 1 1 1
X -0.7433 -0.2766 -0.6091
Y -0.4064 0.9100 0.0826
Z 0.5314 0.3089 -0.7888

PART 26
OFFSET 0.2478 -5.9566 -7.1476
SCALE 1 1 1
X -0.9989 -0.0452 -0.0077
Y 0.0080 -0.0066 -0.9999
Z 0.0452 -0.9990 0.0070

PART 27
OFFSET 0.6708 -5.5197 -6.1820
SCALE 1 1 1
X -0.6457 -0.4987 -0.5783
Y 0.4372 0.3795 -0.8154
Z 0.6261 -0.7793 -0.0270

PART 28
OFFSET 1.9857 -4.4381 -4.8512
SCALE 1 1 1
X -0.9057 -0.4225 0.0358
Y 0.0120 -0.1099 -0.9939
Z 0.4238 -0.8997 0.1046

PART 29
OFFSET 3.4009 -3.6618 -4.9801
SCALE 1 1 1
X -0.7376 -0.4484 0.5048
Y -0.4090 -0.2981 -0.8625
Z 0.5373 -0.8426 0.0365

PART 30
OFFSET 4.1810 -3.1332 -5.5129
SCALE 1 1 1
X -0.9739 0.1488 0.1714
Y 0.1402 0.9882 -0.0611
Z -0.1785 -0.0355 -0.9833

PART 31
OFFSET 1.0926 -5.7235 -8.2132
SCALE 1 1 1
X -0.8217 -0.0762 0.5648
Y 0.1141 -0.9930 0.0320
Z 0.5584 0.0907 0.8246

PART 32
OFFSET 3.0061 -5.4173 -9.3660
SCALE 1 1 1
X -0.7313 -0.6800 -0.0528
Y 0.6808 -0.7233 -0.1155
Z 0.0403 -0.1204 0.9919

PART 33
OFFSET 4.0415 -4.4546 -9.2912
SCALE 1 1 1
X 0.7203 -0.6884 -0.0855
Y 0.6935 0.7123 0.1076
Z -0.0132 -0.1368 0.9905

PART 34
OFFSET 3.4029 -3.8443 -9.2154
SCALE 1 1 1
X 0.9680 0.2509 -0.0050
Y -0.2496 0.9645 0.0868
Z 0.0266 -0.0828 0.9962

PART 35
OFFSET 2.4832 -4.0827 -9.2107
SCALE 1 1 1
X -0.5875 -0.7854 -0.1947
Y -0.8080 0.5562 0.1946
Z -0.0446 0.2717 -0.9614

PART 36
OFFSET 1.3132 -5.8487 -7.5459
SCALE 1 1 1
X -0.9528 -0.0470 0.2998
Y 0.0652 -0.9966 0.0510
Z 0.2963 0.0682 0.9526

PART 37
OFFSET 3.7436 -5.7587 -8.4643
SCALE 1 1 1
X -0.4244 -0.9050 0.0297
Y 0.8981 -0.4249 -0.1135
Z 0.1154 -0.0215 0.9931

PART 38
OFFSET 4.4662 -4.2180 -8.5150
SCALE 1 1 1
X 0.9119 -0.3967 -0.1052
Y 0.3990 0.9170 -0.0000
Z 0.0965 -0.0419 0.9945

PART 39
OFFSET 3.2025 -3.6681 -8.3692
SCALE 1 1 1
X 0.6936 0.7195 -0.0344
Y -0.7146 0.6933 0.0928
Z 0.0906 -0.0398 0.9951

PART 40
OFFSET 2.4502 -4.4485 -8.3319
SCALE 1 1 1
X -0.1556 -0.9875 0.0241
Y -0.9862 0.1567 0.0529
Z -0.0560 -0.0155 -0.9983

PART 41
OFFSET 1.3132 -5.8487 -7.5459
SCALE 1 1 1
X -0.9528 -0.0470 0.2998
Y 0.0652 -0.9966 0.0510
Z 0.2963 0.0682 0.9526

PART 42
OFFSET 1.3132 -5.8487 -7.5459
SCALE 1 1 1
X -0.9528 -0.0470 0.2998
Y 0.0652 -0.9966 0.0510
Z 0.2963 0.0682 0.9526

PART 43
OFFSET 3.7075 0.0000 -1.3770
SCALE 1 1 1
X 1.0000 0.0000 0.0000
Y 0.0000 1.0000 0.0000
Z 0.0000 0.0000 1.0000

PART 44
OFFSET -0.0838 7.9373 -3.1869
SCALE 1 1 1
X 0.8406 -0.0974 -0.5328
Y -0.2477 -0.9439 -0.2183
Z -0.4817 0.3154 -0.8176

PART 45
OFFSET 10.0825 6.7593 -9.6305
SCALE 1 1 1
X 0.7020 -0.6826 0.2028
Y -0.5448 -0.3314 0.7703
Z -0.4586 -0.6513 -0.6045

PART 46
OFFSET 16.0537 0.9531 -7.9053
SCALE 1 1 1
X 0.7020 -0.6826 0.2028
Y 0.6875 0.7239 0.0569
Z -0.1857 0.0995 0.9776

PART 47
OFFSET 18.2455 1.4284 -7.0067
SCALE 1 1 1
X 0.7065 -0.6789 0.1999
Y 0.4644 0.6579 0.5928
Z -0.5340 -0.3260 0.7801

PART 48
OFFSET 17.1147 0.2013 -9.1083
SCALE 1 1 1
X 0.7065 -0.6789 0.1999
Y 0.4644 0.6579 0.5928
Z -0.5340 -0.3260 0.7801

PART 49
OFFSET 17.3439 0.1674 -5.5536
SCALE 1 1 1
X 0.7065 -0.6789 0.1999
Y 0.4644 0.6579 0.5928
Z -0.5340 -0.3260 0.7801

PART 50
OFFSET 16.4809 -0.8692 -6.5467
SCALE 1 1 1
X 0.7065 -0.6789 0.1999
Y 0.4644 0.6579 0.5928
Z -0.5340 -0.3260 0.7801

PART 51
OFFSET 15.5780 -1.5867 -7.7152
SCALE 1 1 1
X 0.7065 -0.6789 0.1999
Y 0.4644 0.6579 0.5928
Z -0.5340 -0.3260 0.7801

PART 52
OFFSET 18.2059 -1.1396 -7.2835
SCALE 1 1 1
X 0.5442 -0.8366 -0.0625
Y 0.8390 0.5429 0.0383
Z 0.0018 -0.0733 0.9973

PART 53
OFFSET 19.2611 -1.0222 -6.8650
SCALE 1 1 1
X 0.6853 0.0233 0.7279
Y 0.2797 0.9144 -0.2926
Z -0.6724 0.4041 0.6201

PART 54
OFFSET 20.7303 -0.8582 -5.2889
SCALE 1 1 1
X 0.4730 -0.6829 0.5567
Y 0.6086 0.7102 0.3539
Z -0.6370 0.1714 0.7515

PART 55
OFFSET 21.3863 -1.9837 -4.3272
SCALE 1 1 1
X -0.0210 -0.9236 0.3828
Y 0.7567 0.2355 0.6098
Z -0.6534 0.3025 0.6940

PART 56
OFFSET 21.3466 -2.9647 -3.8711
SCALE 1 1 1
X 0.5601 -0.8275 -0.0376
Y 0.2820 0.2331 -0.9307
Z 0.7789 0.5107 0.3639

PART 57
OFFSET 17.7685 -2.4437 -7.1758
SCALE 1 1 1
X -0.0326 -0.9990 -0.0303
Y -0.0564 -0.0284 0.9980
Z -0.9979 0.0343 -0.0554

PART 58
OFFSET 17.8335 -4.6967 -7.1133
SCALE 1 1 1
X 0.0298 -0.2153 0.9761
Y -0.1823 0.9590 0.2171
Z -0.9828 -0.1844 -0.0106

PART 59
OFFSET 17.8757 -5.0016 -5.7314
SCALE 1 1 1
X -0.0319 0.2879 0.9571
Y -0.2186 0.9324 -0.2878
Z -0.9753 -0.2184 0.0332

PART 60
OFFSET 17.8475 -4.7464 -4.8828
SCALE 1 1 1
X -0.1361 0.8653 0.4824
Y -0.0810 0.4756 -0.8759
Z -0.9874 -0.1583 0.0053

PART 61
OFFSET 17.7182 -3.9243 -4.4245
SCALE 1 1 1
X 0.2977 -0.9375 0.1801
Y -0.0983 -0.2178 -0.9710
Z 0.9496 0.2714 -0.1570

PART 62
OFFSET 18.4454 -2.2567 -7.3033
SCALE 1 1 1
X 0.2603 -0.9633 -0.0652
Y -0.0461 -0.0799 0.9957
Z -0.9644 -0.2561 -0.0652

PART 63
OFFSET 18.9786 -4.7932 -7.5042
SCALE 1 1 1
X -0.0102 -0.0957 0.9954
Y -0.3347 0.9383 0.0868
Z -0.9423 -0.3322 -0.0416

PART 64
OFFSET 18.9612 -4.9561 -5.8096
SCALE 1 1 1
X -0.1594 0.3952 0.9047
Y -0.3036 0.8523 -0.4258
Z -0.9394 -0.3425 -0.0159

PART 65
OFFSET 18.7403 -4.4084 -4.5558
SCALE 1 1 1
X -0.2877 0.7442 0.6028
Y -0.1923 0.5717 -0.7976
Z -0.9382 -0.3454 -0.0214

PART 66
OFFSET 18.4283 -3.6013 -3.9021
SCALE 1 1 1
X 0.2994 -0.9533 -0.0393
Y 0.0478 0.0561 -0.9973
Z 0.9529 0.2967 0.0624

PART 67
OFFSET 21.2166 -2.8960 -6.8806
SCALE 1 1 1
X 0.3503 -0.9125 0.2111
Y 0.1892 -0.1519 -0.9701
Z 0.9173 0.3798 0.1194

PART 68
OFFSET 20.9585 -3.9629 -7.8685
SCALE 1 1 1
X 0.0791 -0.3347 0.9390
Y -0.4460 0.8306 0.3336
Z -0.8915 -0.4451 -0.0836

PART 69
OFFSET 21.0977 -4.5522 -6.2153
SCALE 1 1 1
X -0.2103 0.1646 0.9637
Y -0.4527 0.8573 -0.2452
Z -0.8665 -0.4878 -0.1058

PART 70
OFFSET 20.8946 -4.3225 -5.0373
SCALE 1 1 1
X -0.2553 0.4128 0.8743
Y -0.3823 0.7875 -0.4834
Z -0.8881 -0.4577 -0.0433

PART 71
OFFSET 9.0164 -3.6472 -5.7617
SCALE 1 1 1
X 0.9991 0.0423 0.0018
Y -0.0423 0.9990 -0.0151
Z -0.0025 0.0150 0.9999

PART 72
OFFSET 11.2998 -5.0162 -4.4000
SCALE 1 1 1
X 0.9988 0.0426 0.0223
Y -0.0423 0.9990 -0.0151
Z -0.0229 0.0141 0.9996

PART 73
OFFSET 13.4923 -2.0701 -3.9511
SCALE 1 1 1
X 0.9991 0.0423 0.0018
Y -0.0423 0.9990 -0.0151
Z -0.0025 0.0150 0.9999

PART 74
OFFSET 33.5069 -2.6048 -5.3776
SCALE 1 1 1
X 0.2327 -0.0048 -0.9725
Y -0.0423 0.9990 -0.0151
Z 0.9716 0.0446 0.2323

PART 75
OFFSET 15.8498 -3.3224 -3.4040
SCALE 1 1 1
X 0.9991 0.0423 0.0018
Y -0.0423 0.9990 -0.0151
Z -0.0025 0.0150 0.9999

PART 76
OFFSET 13.2823 -2.5136 -4.0960
SCALE 1 1 1
X -0.0025 0.0150 0.9999
Y -0.0423 0.9990 -0.0151
Z -0.9991 -0.0423 -0.0018

PART 77
OFFSET 13.2622 -2.0435 -4.3056
SCALE 1 1 1
X -0.0306 0.6987 0.7148
Y -0.0320 0.7141 -0.6993
Z -0.9990 -0.0443 0.0005

PART 78
OFFSET 13.2452 -1.7022 -4.7474
SCALE 1 1 1
X -0.0332 0.8138 0.5802
Y -0.0326 0.5793 -0.8145
Z -0.9989 -0.0460 0.0073

PART 79
OFFSET 13.2213 -1.3151 -5.1735
SCALE 1 1 1
X -0.0175 0.6250 0.7804
Y -0.0500 0.7790 -0.6250
Z -0.9986 -0.0500 0.0176

PART 80
OFFSET 13.1910 -0.8201 -5.4669
SCALE 1 1 1
X 0.0087 0.3977 0.9175
Y -0.0518 0.9165 -0.3968
Z -0.9986 -0.0440 0.0286

PART 81
OFFSET 13.1649 -0.2683 -5.6412
SCALE 1 1 1
X 0.0416 0.2124 0.9763
Y -0.0353 0.9768 -0.2110
Z -0.9985 -0.0257 0.0481

PART 82
OFFSET 13.1495 0.2953 -5.7218
SCALE 1 1 1
X 0.0773 0.0874 0.9932
Y -0.0230 0.9960 -0.0859
Z -0.9967 -0.0162 0.0790

PART 83
OFFSET 13.1333 0.8689 -5.7571
SCALE 1 1 1
X 0.1014 0.0562 0.9933
Y -0.0379 0.9979 -0.0526
Z -0.9941 -0.0323 0.1034

PART 84
OFFSET 13.1011 1.4607 -5.8000
SCALE 1 1 1
X 0.1028 0.1046 0.9892
Y -0.0668 0.9929 -0.0980
Z -0.9925 -0.0560 0.1090

PART 85
OFFSET 13.0641 2.0672 -5.8758
SCALE 1 1 1
X 0.0893 0.1519 0.9844
Y -0.0440 0.9879 -0.1485
Z -0.9950 -0.0301 0.0949

PART 86
OFFSET 13.0597 2.6731 -5.9817
SCALE 1 1 1
X 0.0767 0.1920 0.9784
Y 0.0404 0.9799 -0.1955
Z -0.9962 0.0546 0.0674

PART 87
OFFSET 13.1116 3.2666 -6.1171
SCALE 1 1 1
X 0.0769 0.2432 0.9669
Y 0.1153 0.9611 -0.2509
Z -0.9904 0.1308 0.0459

PART 88
OFFSET 13.1840 3.8534 -6.2941
SCALE 1 1 1
X 0.0934 0.3159 0.9442
Y 0.1052 0.9399 -0.3248
Z -0.9901 0.1296 0.0546

PART 89
OFFSET 13.2279 4.4422 -6.5267
SCALE 1 1 1
X 0.1292 0.3983 0.9081
Y 0.0334 0.9135 -0.4054
Z -0.9911 0.0827 0.1047

PART 90
OFFSET 13.2388 5.0154 -6.8054
SCALE 1 1 1
X 0.1771 0.4576 0.8713
Y 0.0113 0.8843 -0.4667
Z -0.9841 0.0925 0.1514

PART 91
OFFSET 13.2557 5.5288 -7.0966
SCALE 1 1 1
X 0.2201 0.4967 0.8396
Y 0.0615 0.8519 -0.5201
Z -0.9735 0.1661 0.1570

PART 92
OFFSET 13.3073 5.9566 -7.3897
SCALE 1 1 1
X 0.2644 0.5752 0.7741
Y 0.1236 0.7759 -0.6187
Z -0.9565 0.2592 0.1341

PART 93
OFFSET 13.3712 6.3512 -7.7697
SCALE 1 1 1
X 0.3300 0.6895 0.6447
Y 0.0949 0.6553 -0.7494
Z -0.9392 0.3085 0.1508

PART 94
OFFSET 13.4154 6.7821 -8.3352
SCALE 1 1 1
X 0.3966 0.7364 0.5482
Y 0.0472 0.5800 -0.8133
Z -0.9168 0.3484 0.1953

PART 95
OFFSET 13.4847 7.2657 -8.9504
SCALE 1 1 1
X 0.3810 0.6201 0.6858
Y 0.1671 0.6833 -0.7107
Z -0.9093 0.3854 0.1567


FRAME 126
PART 0
OFFSET 18.6710 -1.6980 -6.9400
SCALE 1 1 1
X 0.3513 -0.9283 -0.1220
Y -0.2506 -0.2188 0.9430
Z -0.9021 -0.3007 -0.3095

PART 1
OFFSET 18.6710 -1.6980 -6.9400
SCALE 1 1 1
X 0.3513 -0.9283 -0.1220
Y -0.2506 -0.2188 0.9430
Z -0.9021 -0.3007 -0.3095

PART 2
OFFSET -3.6750 -6.8218 -6.4111
SCALE 1 1 1
X -0.9325 -0.3234 0.1609
Y -0.3369 0.9393 -0.0652
Z -0.1301 -0.1150 -0.9848

PART 3
OFFSET 4.3620 -6.2453 -6.1914
SCALE 1 1 1
X -0.6091 -0.7927 0.0254
Y 0.7931 -0.6084 0.0289
Z -0.0074 0.0378 0.9993

PART 4
OFFSET 5.4344 -4.8496 -6.2362
SCALE 1 1 1
X 0.5137 -0.8535 0.0880
Y 0.8567 0.5159 0.0024
Z -0.0474 0.0742 0.9961

PART 5
OFFSET 4.8070 -3.8076 -6.2828
SCALE 1 1 1
X 0.9687 0.2480 -0.0119
Y -0.2482 0.9684 -0.0227
Z 0.0059 0.0249 0.9997

PART 6
OFFSET 3.7129 -4.0877 -6.2693
SCALE 1 1 1
X -0.0896 -0.9480 0.3055
Y -0.9903 0.0519 -0.1292
Z 0.1067 -0.3141 -0.9434

PART 7
OFFSET 4.2895 -6.0863 -7.2823
SCALE 1 1 1
X -0.3186 -0.9473 -0.0346
Y 0.9408 -0.3205 0.1106
Z -0.1158 0.0027 0.9933

PART 8
OFFSET 4.9119 -4.2357 -7.2147
SCALE 1 1 1
X 0.8811 -0.4638 0.0930
Y 0.4649 0.8853 0.0100
Z -0.0870 0.0344 0.9956

PART 9
OFFSET 3.6250 -3.5583 -7.3506
SCALE 1 1 1
X 0.8028 0.5961 0.0136
Y -0.5900 0.7975 -0.1259
Z -0.0859 0.0931 0.9919

PART 10
OFFSET 2.7160 -4.2336 -7.3731
SCALE 1 1 1
X -0.2332 -0.9724 0.0066
Y -0.9720 0.2329 -0.0309
Z 0.0285 -0.0136 -0.9995

PART 11
OFFSET 0.0000 0.0000 0.0000
SCALE 1 1 1
X 1.0000 0.0000 0.0000
Y 0.0000 1.0000 0.0000
Z 0.0000 0.0000 1.0000

PART 12
OFFSET 0.0014 -0.0010 -0.0010
SCALE 1 1 1
X 1.0000 -0.0037 -0.0033
Y 0.0037 1.0000 -0.0039
Z 0.0033 0.0039 1.0000

PART 13
OFFSET 0.0000 0.0000 0.0000
SCALE 1 1 1
X 1.0000 -0.0037 -0.0033
Y 0.0037 1.0000 -0.0039
Z 0.0033 0.0039 1.0000

PART 14
OFFSET 20.5032 -3.9156 -3.4648
SCALE 1 1 1
X 0.2950 -0.9550 -0.0301
Y 0.3826 0.1469 -0.9122
Z 0.8755 0.2576 0.4087

PART 15
OFFSET 20.4583 -3.7437 -7.2721
SCALE 1 1 1
X -0.0562 -0.4129 0.9091
Y -0.6151 0.7315 0.2942
Z -0.7864 -0.5426 -0.2951

PART 16
OFFSET 20.3485 -4.5503 -5.4963
SCALE 1 1 1
X -0.4279 0.0919 0.8991
Y -0.4316 0.8533 -0.2926
Z -0.7941 -0.5133 -0.3254

PART 17
OFFSET 19.7235 -4.4160 -4.1829
SCALE 1 1 1
X -0.5907 0.5613 0.5796
Y -0.0681 0.6811 -0.7290
Z -0.8040 -0.4701 -0.3641

PART 18
OFFSET 19.0488 -3.7841 -3.5285
SCALE 1 1 1
X 0.5479 -0.8354 0.0444
Y 0.2672 0.1244 -0.9556
Z 0.7927 0.5354 0.2914

PART 19
OFFSET 9.1915 -3.7124 -5.4571
SCALE 1 1 1
X 0.9983 0.0484 0.0330
Y -0.0476 0.9986 -0.0235
Z -0.0341 0.0219 0.9992

PART 20
OFFSET -3.5797 -7.9373 -3.1869
SCALE 1 1 1
X 0.3576 0.1115 0.9272
Y -0.1030 -0.9821 0.1578
Z 0.9282 -0.1519 -0.3397

PART 21
OFFSET -7.9048 -9.2859 -14.4002
SCALE 1 1 1
X -0.7250 -0.2767 -0.6307
Y 0.5714 0.2696 -0.7751
Z 0.3845 -0.9224 -0.0374

PART 22
OFFSET -1.7381 -6.9326 -9.0359
SCALE 1 1 1
X -0.7250 -0.2767 -0.6307
Y 0.6598 -0.0165 -0.7513
Z 0.1975 -0.9608 0.1945

PART 23
OFFSET -1.6122 -5.5824 -7.4921
SCALE 1 1 1
X -0.7295 -0.2758 -0.6260
Y -0.3906 0.9192 0.0503
Z 0.5615 0.2812 -0.7782

PART 24
OFFSET -1.6925 -6.2004 -6.5208
SCALE 1 1 1
X -0.7295 -0.2758 -0.6260
Y -0.3906 0.9192 0.0503
Z 0.5615 0.2812 -0.7782

PART 25
OFFSET -0.7546 -7.4608 -6.8884
SCALE 1 1 1
X -0.7295 -0.2758 -0.6260
Y -0.3906 0.9192 0.0503
Z 0.5615 0.2812 -0.7782

PART 26
OFFSET 0.4846 -6.0843 -7.1023
SCALE 1 1 1
X -0.9979 -0.0513 -0.0389
Y 0.0396 -0.0135 -0.9991
Z 0.0508 -0.9986 0.0155

PART 27
OFFSET 0.8744 -5.6382 -6.1270
SCALE 1 1 1
X -0.6242 -0.5066 -0.5948
Y 0.4605 0.3764 -0.8039
Z 0.6311 -0.7757 -0.0017

PART 28
OFFSET 2.1402 -4.5395 -4.7632
SCALE 1 1 1
X -0.9039 -0.4277 0.0103
Y 0.0440 -0.1167 -0.9922
Z 0.4256 -0.8963 0.1243

PART 29
OFFSET 3.5543 -3.7555 -4.8528
SCALE 1 1 1
X -0.7506 -0.4494 0.4844
Y -0.3798 -0.3066 -0.8728
Z 0.5407 -0.8391 0.0594

PART 30
OFFSET 4.3477 -3.2260 -5.3646
SCALE 1 1 1
X -0.9797 0.1441 0.1396
Y 0.1363 0.9886 -0.0637
Z -0.1472 -0.0434 -0.9882

PART 31
OFFSET 1.3612 -5.8535 -8.1424
SCALE 1 1 1
X -0.8387 -0.0773 0.5391
Y 0.1188 -0.9920 0.0426
Z 0.5315 0.0998 0.8411

PART 32
OFFSET 3.3084 -5.5437 -9.2364
SCALE 1 1 1
X -0.7253 -0.6847 -0.0710
Y 0.6884 -0.7199 -0.0888
Z 0.0097 -0.1133 0.9935

PART 33
OFFSET 4.3353 -4.5743 -9.1359
SCALE 1 1 1
X 0.7266 -0.6846 -0.0578
Y 0.6856 0.7173 0.1244
Z -0.0437 -0.1300 0.9906

PART 34
OFFSET 3.6910 -3.9673 -9.0846
SCALE 1 1 1
X 0.9662 0.2568 0.0237
Y -0.2578 0.9635 0.0720
Z -0.0044 -0.0757 0.9971

PART 35
OFFSET 2.7731 -4.2113 -9.1072
SCALE 1 1 1
X -0.5765 -0.7903 -0.2076
Y -0.8169 0.5526 0.1651
Z -0.0158 0.2647 -0.9642

PART 36
OFFSET 1.5614 -5.9727 -7.4676
SCALE 1 1 1
X -0.9615 -0.0507 0.2699
Y 0.0694 -0.9958 0.0601
Z 0.2657 0.0765 0.9610

PART 37
OFFSET 4.0191 -5.8744 -8.3096
SCALE 1 1 1
X -0.4199 -0.9073 0.0228
Y 0.9037 -0.4203 -0.0821
Z 0.0841 -0.0139 0.9964

PART 38
OFFSET 4.7339 -4.3297 -8.3484
SCALE 1 1 1
X 0.9170 -0.3919 -0.0736
Y 0.3934 0.9193 0.0060
Z 0.0653 -0.0345 0.9973

PART 39
OFFSET 3.4630 -3.7866 -8.2464
SCALE 1 1 1
X 0.6901 0.7235 -0.0176
Y -0.7212 0.6896 0.0653
Z 0.0594 -0.0324 0.9977

PART 40
OFFSET 2.7145 -4.5712 -8.2273
SCALE 1 1 1
X -0.1505 -0.9883 0.0262
Y -0.9883 0.1511 0.0207
Z -0.0244 -0.0228 -0.9994

PART 41
OFFSET 1.5614 -5.9727 -7.4676
SCALE 1 1 1
X -0.9615 -0.0507 0.2699
Y 0.0694 -0.9958 0.0601
Z 0.2657 0.0765 0.9610

PART 42
OFFSET 1.5614 -5.9727 -7.4676
SCALE 1 1 1
X -0.9615 -0.0507 0.2699
Y 0.0694 -0.9958 0.0601
Z 0.2657 0.0765 0.9610

PART 43
OFFSET 3.7075 0.0000 -1.3770
SCALE 1 1 1
X 1.0000 0.0000 0.0000
Y 0.0000 1.0000 0.0000
Z 0.0000 0.0000 1.0000

PART 44
OFFSET -0.0838 7.9373 -3.1869
SCALE 1 1 1
X 0.8570 -0.0530 -0.5126
Y -0.2150 -0.9408 -0.2622
Z -0.4683 0.3349 -0.8176

PART 45
OFFSET 10.2807 7.2960 -9.3860
SCALE 1 1 1
X 0.6962 -0.6833 0.2202
Y -0.5795 -0.3539 0.7341
Z -0.4237 -0.6387 -0.6423

PART 46
OFFSET 16.2019 1.4844 -7.5135
SCALE 1 1 1
X 0.6962 -0.6833 0.2202
Y 0.6174 0.7264 0.3019
Z -0.3662 -0.0743 0.9276

PART 47
OFFSET 18.3435 1.9502 -6.4966
SCALE 1 1 1
X 0.7008 -0.6794 0.2175
Y 0.4300 0.6456 0.6311
Z -0.5692 -0.3487 0.7446

PART 48
OFFSET 17.3261 0.7694 -8.6811
SCALE 1 1 1
X 0.7008 -0.6794 0.2175
Y 0.4300 0.6456 0.6311
Z -0.5692 -0.3487 0.7446

PART 49
OFFSET 17.3809 0.6477 -5.1214
SCALE 1 1 1
X 0.7008 -0.6794 0.2175
Y 0.4300 0.6456 0.6311
Z -0.5692 -0.3487 0.7446

PART 50
OFFSET 16.5752 -0.3688 -6.1810
SCALE 1 1 1
X 0.7008 -0.6794 0.2175
Y 0.4300 0.6456 0.6311
Z -0.5692 -0.3487 0.7446

PART 51
OFFSET 15.7359 -1.0622 -7.4100
SCALE 1 1 1
X 0.7008 -0.6794 0.2175
Y 0.4300 0.6456 0.6311
Z -0.5692 -0.3487 0.7446

PART 52
OFFSET 18.3362 -0.6103 -6.8385
SCALE 1 1 1
X 0.6159 -0.7868 -0.0406
Y 0.7607 0.5805 0.2903
Z -0.2048 -0.2097 0.9561

PART 53
OFFSET 19.2632 -0.4900 -6.1841
SCALE 1 1 1
X 0.5810 -0.0325 0.8132
Y 0.2472 0.9591 -0.1383
Z -0.7754 0.2814 0.5653

PART 54
OFFSET 20.4986 -0.4487 -4.4115
SCALE 1 1 1
X 0.4790 -0.6724 0.5643
Y 0.4716 0.7393 0.4806
Z -0.7404 0.0359 0.6712

PART 55
OFFSET 21.1608 -1.5743 -3.4540
SCALE 1 1 1
X 0.0738 -0.9356 0.3451
Y 0.6398 0.3099 0.7033
Z -0.7650 0.1689 0.6215

PART 56
OFFSET 21.2165 -2.5731 -3.0404
SCALE 1 1 1
X 0.6778 -0.7353 0.0005
Y 0.3470 0.3193 -0.8818
Z 0.6482 0.5978 0.4715

PART 57
OFFSET 18.0014 -1.9400 -6.9905
SCALE 1 1 1
X 0.0619 -0.9855 -0.1579
Y -0.2656 -0.1688 0.9492
Z -0.9621 -0.0168 -0.2722

PART 58
OFFSET 18.2481 -4.1726 -7.1893
SCALE 1 1 1
X -0.1110 -0.4822 0.8690
Y -0.3287 0.8430 0.4258
Z -0.9379 -0.2383 -0.2521

PART 59
OFFSET 18.0910 -4.8553 -5.9590
SCALE 1 1 1
X -0.2474 0.0712 0.9663
Y -0.2578 0.9565 -0.1365
Z -0.9340 -0.2829 -0.2183

PART 60
OFFSET 17.8716 -4.7922 -5.1022
SCALE 1 1 1
X -0.3197 0.7222 0.6134
Y 0.0358 0.6561 -0.7538
Z -0.9468 -0.2191 -0.2356

PART 61
OFFSET 17.5679 -4.1061 -4.5195
SCALE 1 1 1
X 0.3590 -0.9326 0.0382
Y 0.1131 0.0029 -0.9936
Z 0.9265 0.3610 0.1065

PART 62
OFFSET 18.6710 -1.6980 -6.9400
SCALE 1 1 1
X 0.3513 -0.9283 -0.1220
Y -0.2506 -0.2188 0.9430
Z -0.9021 -0.3007 -0.3095

PART 63
OFFSET 19.4542 -4.1471 -7.3234
SCALE 1 1 1
X -0.1553 -0.3795 0.9121
Y -0.4395 0.8534 0.2802
Z -0.8847 -0.3574 -0.2993

PART 64
OFFSET 19.1899 -4.7931 -5.7706
SCALE 1 1 1
X -0.3622 0.1783 0.9149
Y -0.2932 0.9099 -0.2934
Z -0.8848 -0.3745 -0.2773

PART 65
OFFSET 18.6879 -4.5461 -4.5026
SCALE 1 1 1
X -0.4640 0.5954 0.6559
Y -0.0782 0.7100 -0.6998
Z -0.8824 -0.3760 -0.2829

PART 66
OFFSET 18.1846 -3.9003 -3.7913
SCALE 1 1 1
X 0.3814 -0.9119 -0.1515
Y 0.2399 0.2559 -0.9365
Z 0.8927 0.3208 0.3164

PART 67
OFFSET 21.3329 -2.2262 -5.9903
SCALE 1 1 1
X 0.3754 -0.9108 0.1715
Y 0.4045 -0.0055 -0.9145
Z 0.8339 0.4127 0.3664

PART 68
OFFSET 21.3860 -3.1602 -7.1331
SCALE 1 1 1
X -0.0096 -0.5105 0.8598
Y -0.5997 0.6910 0.4036
Z -0.8002 -0.5117 -0.3128

PART 69
OFFSET 21.3691 -4.0590 -5.6192
SCALE 1 1 1
X -0.3553 -0.0779 0.9315
Y -0.5349 0.8342 -0.1342
Z -0.7666 -0.5460 -0.3380

PART 70
OFFSET 20.9838 -4.1206 -4.4663
SCALE 1 1 1
X -0.4255 0.1815 0.8866
Y -0.4227 0.8264 -0.3720
Z -0.8002 -0.5331 -0.2749

PART 71
OFFSET 9.1915 -3.7124 -5.4571
SCALE 1 1 1
X 0.9983 0.0484 0.0330
Y -0.0476 0.9986 -0.0235
Z -0.0341 0.0219 0.9992

PART 72
OFFSET 11.4387 -5.0581 -4.0145
SCALE 1 1 1
X 0.9974 0.0488 0.0535
Y -0.0476 0.9986 -0.0235
Z -0.0545 0.0209 0.9983

PART 73
OFFSET 13.5987 -2.0958 -3.5176
SCALE 1 1 1
X 0.9983 0.0484 0.0330
Y -0.0476 0.9986 -0.0235
Z -0.0341 0.0219 0.9992

PART 74
OFFSET 33.6512 -2.5192 -4.3086
SCALE 1 1 1
X 0.2633 -0.0101 -0.9647
Y -0.0476 0.9986 -0.0235
Z 0.9635 0.0521 0.2625

PART 75
OFFSET 15.9451 -3.3300 -2.8875
SCALE 1 1 1
X 0.9983 0.0484 0.0330
Y -0.0476 0.9986 -0.0235
Z -0.0341 0.0219 0.9992

PART 76
OFFSET 13.3961 -2.5415 -3.6659
SCALE 1 1 1
X -0.0341 0.0219 0.9992
Y -0.0476 0.9986 -0.0235
Z -0.9983 -0.0484 -0.0330

PART 77
OFFSET 13.3820 -2.0572 -3.8642
SCALE 1 1 1
X -0.0562 0.6503 0.7576
Y -0.0065 0.7585 -0.6516
Z -0.9984 -0.0416 -0.0384

PART 78
OFFSET 13.3819 -1.6887 -4.2763
SCALE 1 1 1
X -0.0558 0.7715 0.6337
Y -0.0008 0.6347 -0.7728
Z -0.9984 -0.0436 -0.0348

PART 79
OFFSET 13.3745 -1.2842 -4.6750
SCALE 1 1 1
X -0.0446 0.5947 0.8027
Y -0.0270 0.8025 -0.5961
Z -0.9986 -0.0483 -0.0198

PART 80
OFFSET 13.3540 -0.7879 -4.9558
SCALE 1 1 1
X -0.0215 0.3933 0.9192
Y -0.0414 0.9182 -0.3938
Z -0.9989 -0.0465 -0.0034

PART 81
OFFSET 13.3301 -0.2397 -5.1372
SCALE 1 1 1
X 0.0110 0.2425 0.9701
Y -0.0384 0.9695 -0.2419
Z -0.9992 -0.0346 0.0200

PART 82
OFFSET 13.3099 0.3242 -5.2456
SCALE 1 1 1
X 0.0497 0.1471 0.9879
Y -0.0348 0.9887 -0.1455
Z -0.9982 -0.0271 0.0543

PART 83
OFFSET 13.2869 0.8995 -5.3179
SCALE 1 1 1
X 0.0800 0.1184 0.9897
Y -0.0468 0.9923 -0.1150
Z -0.9957 -0.0371 0.0849

PART 84
OFFSET 13.2525 1.4897 -5.3927
SCALE 1 1 1
X 0.0880 0.1453 0.9855
Y -0.0655 0.9880 -0.1398
Z -0.9940 -0.0522 0.0964

PART 85
OFFSET 13.2168 2.0918 -5.4847
SCALE 1 1 1
X 0.0779 0.1625 0.9836
Y -0.0440 0.9862 -0.1594
Z -0.9960 -0.0308 0.0840

PART 86
OFFSET 13.2085 2.6966 -5.5849
SCALE 1 1 1
X 0.0619 0.1633 0.9846
Y 0.0251 0.9860 -0.1651
Z -0.9978 0.0350 0.0569

PART 87
OFFSET 13.2463 3.2964 -5.6905
SCALE 1 1 1
X 0.0531 0.1855 0.9812
Y 0.0884 0.9779 -0.1897
Z -0.9947 0.0968 0.0356

PART 88
OFFSET 13.3041 3.8922 -5.8279
SCALE 1 1 1
X 0.0620 0.2609 0.9634
Y 0.0895 0.9599 -0.2657
Z -0.9941 0.1027 0.0362

PART 89
OFFSET 13.3461 4.4860 -6.0293
SCALE 1 1 1
X 0.0950 0.3676 0.9251
Y 0.0435 0.9269 -0.3727
Z -0.9945 0.0757 0.0721

PART 90
OFFSET 13.3670 5.0611 -6.2891
SCALE 1 1 1
X 0.1410 0.4361 0.8888
Y 0.0298 0.8955 -0.4441
Z -0.9896 0.0891 0.1132

PART 91
OFFSET 13.3918 5.5824 -6.5641
SCALE 1 1 1
X 0.1807 0.4669 0.8656
Y 0.0644 0.8726 -0.4841
Z -0.9814 0.1432 0.1276

PART 92
OFFSET 13.4386 6.0296 -6.8358
SCALE 1 1 1
X 0.2240 0.5387 0.8122
Y 0.1040 0.8154 -0.5695
Z -0.9690 0.2121 0.1266

PART 93
OFFSET 13.4915 6.4468 -7.1920
SCALE 1 1 1
X 0.2953 0.6704 0.6807
Y 0.0789 0.6929 -0.7167
Z -0.9521 0.2653 0.1517

PART 94
OFFSET 13.5294 6.8918 -7.7366
SCALE 1 1 1
X 0.3583 0.7384 0.5712
Y 0.0441 0.5978 -0.8004
Z -0.9326 0.3120 0.1816

PART 95
OFFSET 13.5945 7.3817 -8.3365
SCALE 1 1 1
X 0.3262 0.6315 0.7034
Y 0.1572 0.6975 -0.6991
Z -0.9321 0.3386 0.1283


FRAME 127
PART 0
OFFSET 18.7362 -0.3526 -7.0598
SCALE 1 1 1
X 0.5990 -0.7702 -0.2191
Y -0.5329 -0.5876 0.6089
Z -0.5977 -0.2480 -0.7624

PART 1
OFFSET 18.7362 -0.3526 -7.0598
SCALE 1 1 1
X 0.5990 -0.7702 -0.2191
Y -0.5329 -0.5876 0.6089
Z -0.5977 -0.2480 -0.7624

PART 2
OFFSET -3.6744 -7.2485 -7.1632
SCALE 1 1 1
X -0.9346 -0.3362 0.1162
Y -0.3475 0.9328 -0.0959
Z -0.0761 -0.1300 -0.9886

PART 3
OFFSET 4.3300 -6.5395 -6.5291
SCALE 1 1 1
X -0.5973 -0.8020 0.0045
Y 0.7997 -0.5951 0.0791
Z -0.0608 0.0508 0.9969

PART 4
OFFSET 5.3816 -5.1275 -6.5369
SCALE 1 1 1
X 0.5214 -0.8438 0.1269
Y 0.8473 0.5296 0.0402
Z -0.1011 0.0865 0.9911

PART 5
OFFSET 4.7416 -4.0964 -6.6310
SCALE 1 1 1
X 0.9640 0.2634 0.0356
Y -0.2616 0.9639 -0.0493
Z -0.0473 0.0382 0.9982

PART 6
OFFSET 3.6527 -4.3939 -6.6712
SCALE 1 1 1
X -0.0910 -0.9452 0.3136
Y -0.9827 0.0343 -0.1819
Z 0.1612 -0.3248 -0.9320

PART 7
OFFSET 4.3127 -6.3961 -7.6244
SCALE 1 1 1
X -0.3017 -0.9526 -0.0380
Y 0.9385 -0.3038 0.1644
Z -0.1682 0.0139 0.9857

PART 8
OFFSET 4.9021 -4.5350 -7.5500
SCALE 1 1 1
X 0.8819 -0.4482 0.1457
Y 0.4501 0.8927 0.0221
Z -0.1400 0.0461 0.9891

PART 9
OFFSET 3.6139 -3.8803 -7.7629
SCALE 1 1 1
X 0.7917 0.6091 0.0475
Y -0.5948 0.7861 -0.1679
Z -0.1396 0.1047 0.9847

PART 10
OFFSET 2.7179 -4.5704 -7.8238
SCALE 1 1 1
X -0.2182 -0.9759 0.0079
Y -0.9725 0.2168 -0.0852
Z 0.0815 -0.0263 -0.9963

PART 11
OFFSET 0.0000 0.0000 0.0000
SCALE 1 1 1
X 1.0000 0.0000 0.0000
Y 0.0000 1.0000 0.0000
Z 0.0000 0.0000 1.0000

PART 12
OFFSET 0.0063 -0.0011 -0.0010
SCALE 1 1 1
X 0.9999 -0.0123 -0.0114
Y 0.0122 0.9998 -0.0131
Z 0.0115 0.0129 0.9998

PART 13
OFFSET 0.0000 0.0000 0.0000
SCALE 1 1 1
X 0.9999 -0.0123 -0.0114
Y 0.0122 0.9998 -0.0131
Z 0.0115 0.0129 0.9998

PART 14
OFFSET 20.3678 -4.0466 -3.9214
SCALE 1 1 1
X 0.6851 -0.6765 -0.2701
Y 0.4536 0.6863 -0.5686
Z 0.5700 0.2670 0.7770

PART 15
OFFSET 20.9757 -1.9239 -7.1312
SCALE 1 1 1
X -0.0569 -0.8404 0.5390
Y -0.8970 0.2800 0.3420
Z -0.4383 -0.4640 -0.7698

PART 16
OFFSET 20.8645 -3.5657 -6.0783
SCALE 1 1 1
X -0.6517 -0.4434 0.6154
Y -0.6098 0.7888 -0.0774
Z -0.4511 -0.4257 -0.7844

PART 17
OFFSET 19.9127 -4.2133 -5.1794
SCALE 1 1 1
X -0.8780 0.0776 0.4722
Y -0.1132 0.9250 -0.3626
Z -0.4650 -0.3719 -0.8034

PART 18
OFFSET 18.9150 -4.1287 -4.6500
SCALE 1 1 1
X 0.7753 -0.6266 -0.0791
Y 0.4425 0.6284 -0.6398
Z 0.4506 0.4610 0.7645

PART 19
OFFSET 9.0743 -3.9196 -5.5772
SCALE 1 1 1
X 0.9943 0.0649 0.0848
Y -0.0617 0.9973 -0.0399
Z -0.0872 0.0345 0.9956

PART 20
OFFSET -3.5797 -7.9373 -3.1869
SCALE 1 1 1
X 0.4029 0.1690 0.8995
Y -0.1228 -0.9639 0.2361
Z 0.9070 -0.2056 -0.3676

PART 21
OFFSET -8.4524 -9.9816 -14.0653
SCALE 1 1 1
X -0.7740 -0.3049 -0.5549
Y 0.5231 0.1857 -0.8318
Z 0.3567 -0.9341 0.0158

PART 22
OFFSET -1.8689 -7.3880 -9.3460
SCALE 1 1 1
X -0.7740 -0.3049 -0.5549
Y 0.5893 -0.0265 -0.8075
Z 0.2316 -0.9520 0.2002

PART 23
OFFSET -1.5838 -5.9593 -7.9366
SCALE 1 1 1
X -0.7781 -0.3035 -0.5499
Y -0.3620 0.9322 -0.0022
Z 0.5133 0.1973 -0.8352

PART 24
OFFSET -1.6029 -6.5188 -6.9110
SCALE 1 1 1
X -0.7781 -0.3035 -0.5499
Y -0.3620 0.9322 -0.0022
Z 0.5133 0.1973 -0.8352

PART 25
OFFSET -0.7995 -7.7838 -7.1572
SCALE 1 1 1
X -0.7781 -0.3035 -0.5499
Y -0.3620 0.9322 -0.0022
Z 0.5133 0.1973 -0.8352

PART 26
OFFSET 0.5041 -6.4532 -7.6449
SCALE 1 1 1
X -0.9936 -0.0679 -0.0906
Y 0.0926 -0.0260 -0.9954
Z 0.0653 -0.9974 0.0321

PART 27
OFFSET 0.8349 -5.9880 -6.6568
SCALE 1 1 1
X -0.5840 -0.5244 -0.6197
Y 0.4965 0.3732 -0.7837
Z 0.6422 -0.7653 0.0424

PART 28
OFFSET 2.0098 -4.8511 -5.2438
SCALE 1 1 1
X -0.8964 -0.4421 -0.0313
Y 0.0981 -0.1291 -0.9868
Z 0.4322 -0.8877 0.1591

PART 29
OFFSET 3.4144 -4.0457 -5.2699
SCALE 1 1 1
X -0.7681 -0.4550 0.4505
Y -0.3284 -0.3241 -0.8872
Z 0.5497 -0.8294 0.0995

PART 30
OFFSET 4.2255 -3.5102 -5.7465
SCALE 1 1 1
X -0.9878 0.1301 0.0858
Y 0.1242 0.9898 -0.0703
Z -0.0941 -0.0587 -0.9938

PART 31
OFFSET 1.4308 -6.2220 -8.6405
SCALE 1 1 1
X -0.8647 -0.0837 0.4953
Y 0.1316 -0.9893 0.0627
Z 0.4847 0.1194 0.8665

PART 32
OFFSET 3.4281 -5.8953 -9.6348
SCALE 1 1 1
X -0.7099 -0.6972 -0.0995
Y 0.7031 -0.7098 -0.0424
Z -0.0411 -0.1000 0.9941

PART 33
OFFSET 4.4331 -4.9081 -9.4940
SCALE 1 1 1
X 0.7392 -0.6735 -0.0099
Y 0.6670 0.7298 0.1502
Z -0.0939 -0.1176 0.9886

PART 34
OFFSET 3.7778 -4.3110 -9.4852
SCALE 1 1 1
X 0.9595 0.2726 0.0709
Y -0.2761 0.9601 0.0448
Z -0.0559 -0.0626 0.9965

PART 35
OFFSET 2.8662 -4.5700 -9.5526
SCALE 1 1 1
X -0.5525 -0.8021 -0.2265
Y -0.8329 0.5415 0.1141
Z 0.0311 0.2517 -0.9673

PART 36
OFFSET 1.5969 -6.3290 -7.9546
SCALE 1 1 1
X -0.9736 -0.0627 0.2196
Y 0.0815 -0.9936 0.0776
Z 0.2134 0.0935 0.9725

PART 37
OFFSET 4.0938 -6.2022 -8.6674
SCALE 1 1 1
X -0.4065 -0.9136 0.0134
Y 0.9131 -0.4067 -0.0286
Z 0.0315 0.0006 0.9995

PART 38
OFFSET 4.7858 -4.6468 -8.6901
SCALE 1 1 1
X 0.9256 -0.3780 -0.0197
Y 0.3783 0.9256 0.0138
Z 0.0130 -0.0203 0.9997

PART 39
OFFSET 3.5030 -4.1229 -8.6628
SCALE 1 1 1
X 0.6789 0.7342 0.0086
Y -0.7342 0.6787 0.0176
Z 0.0071 -0.0183 0.9998

PART 40
OFFSET 2.7667 -4.9192 -8.6721
SCALE 1 1 1
X -0.1365 -0.9901 0.0321
Y -0.9902 0.1354 -0.0335
Z 0.0288 -0.0363 -0.9989

PART 41
OFFSET 1.5969 -6.3290 -7.9546
SCALE 1 1 1
X -0.9736 -0.0627 0.2196
Y 0.0815 -0.9936 0.0776
Z 0.2134 0.0935 0.9725

PART 42
OFFSET 1.5969 -6.3290 -7.9546
SCALE 1 1 1
X -0.9736 -0.0627 0.2196
Y 0.0815 -0.9936 0.0776
Z 0.2134 0.0935 0.9725

PART 43
OFFSET 3.7075 0.0000 -1.3770
SCALE 1 1 1
X 1.0000 0.0000 0.0000
Y 0.0000 1.0000 0.0000
Z 0.0000 0.0000 1.0000

PART 44
OFFSET -0.0838 7.9373 -3.1869
SCALE 1 1 1
X 0.8530 0.0558 -0.5190
Y -0.1498 -0.9263 -0.3458
Z -0.5000 0.3727 -0.7817

PART 45
OFFSET 10.2318 8.6118 -9.4635
SCALE 1 1 1
X 0.6816 -0.6947 0.2299
Y -0.6230 -0.3861 0.6803
Z -0.3838 -0.6069 -0.6960

PART 46
OFFSET 16.0288 2.7032 -7.5077
SCALE 1 1 1
X 0.6816 -0.6947 0.2299
Y 0.3086 0.5578 0.7705
Z -0.6635 -0.4542 0.5945

PART 47
OFFSET 18.1046 3.1153 -6.3419
SCALE 1 1 1
X 0.6863 -0.6907 0.2278
Y 0.3908 0.6144 0.6855
Z -0.6134 -0.3814 0.6915

PART 48
OFFSET 17.2220 2.0402 -8.6369
SCALE 1 1 1
X 0.6863 -0.6907 0.2278
Y 0.3908 0.6144 0.6855
Z -0.6134 -0.3814 0.6915

PART 49
OFFSET 17.0602 1.7528 -5.0900
SCALE 1 1 1
X 0.6863 -0.6907 0.2278
Y 0.3908 0.6144 0.6855
Z -0.6134 -0.3814 0.6915

PART 50
OFFSET 16.3206 0.7889 -6.2429
SCALE 1 1 1
X 0.6863 -0.6907 0.2278
Y 0.3908 0.6144 0.6855
Z -0.6134 -0.3814 0.6915

PART 51
OFFSET 15.5577 0.1558 -7.5516
SCALE 1 1 1
X 0.6863 -0.6907 0.2278
Y 0.3908 0.6144 0.6855
Z -0.6134 -0.3814 0.6915

PART 52
OFFSET 18.1183 0.5735 -6.8027
SCALE 1 1 1
X 0.7641 -0.6449 0.0127
Y 0.4076 0.4981 0.7654
Z -0.4999 -0.5797 0.6435

PART 53
OFFSET 18.6501 0.5260 -5.7942
SCALE 1 1 1
X 0.3736 -0.2052 0.9046
Y 0.0318 0.9775 0.2085
Z -0.9270 -0.0491 0.3717

PART 54
OFFSET 19.4079 0.1781 -3.8006
SCALE 1 1 1
X 0.5065 -0.6358 0.5825
Y 0.0829 0.7083 0.7010
Z -0.8583 -0.3068 0.4115

PART 55
OFFSET 20.1245 -0.9248 -2.8560
SCALE 1 1 1
X 0.3038 -0.9004 0.3114
Y 0.2833 0.3974 0.8728
Z -0.9096 -0.1770 0.3759

PART 56
OFFSET 20.4162 -1.8999 -2.4872
SCALE 1 1 1
X 0.8670 -0.4691 0.1683
Y 0.4307 0.5354 -0.7265
Z 0.2507 0.7023 0.6662

PART 57
OFFSET 18.2274 -0.6227 -7.4814
SCALE 1 1 1
X 0.3724 -0.8380 -0.3988
Y -0.5615 -0.5456 0.6221
Z -0.7390 -0.0077 -0.6737

PART 58
OFFSET 19.1029 -2.5714 -8.2031
SCALE 1 1 1
X -0.0671 -0.9354 0.3471
Y -0.7412 0.2796 0.6103
Z -0.6679 -0.2163 -0.7121

PART 59
OFFSET 19.0079 -3.8957 -7.7118
SCALE 1 1 1
X -0.5399 -0.4906 0.6840
Y -0.5322 0.8285 0.1742
Z -0.6521 -0.2699 -0.7084

PART 60
OFFSET 18.5292 -4.3307 -7.1053
SCALE 1 1 1
X -0.7320 0.2030 0.6504
Y 0.0060 0.9565 -0.2918
Z -0.6813 -0.2096 -0.7014

PART 61
OFFSET 17.8338 -4.1379 -6.4875
SCALE 1 1 1
X 0.6546 -0.7254 -0.2129
Y 0.3895 0.5650 -0.7274
Z 0.6479 0.3933 0.6524

PART 62
OFFSET 18.7362 -0.3526 -7.0598
SCALE 1 1 1
X 0.5990 -0.7702 -0.2191
Y -0.5329 -0.5876 0.6089
Z -0.5977 -0.2480 -0.7624

PART 63
OFFSET 20.2138 -2.3754 -7.7550
SCALE 1 1 1
X -0.1331 -0.8973 0.4210
Y -0.7914 0.3519 0.4998
Z -0.5966 -0.2666 -0.7569

PART 64
OFFSET 19.9872 -3.9030 -7.0383
SCALE 1 1 1
X -0.6401 -0.3929 0.6602
Y -0.4882 0.8716 0.0453
Z -0.5932 -0.2933 -0.7497

PART 65
OFFSET 19.1000 -4.4475 -6.1233
SCALE 1 1 1
X -0.8048 0.1265 0.5800
Y -0.0735 0.9482 -0.3089
Z -0.5890 -0.2912 -0.7538

PART 66
OFFSET 18.2273 -4.3103 -5.4943
SCALE 1 1 1
X 0.6724 -0.6596 -0.3358
Y 0.4264 0.7160 -0.5528
Z 0.6051 0.2285 0.7627

PART 67
OFFSET 20.8532 -0.9345 -5.2033
SCALE 1 1 1
X 0.5011 -0.8643 0.0429
Y 0.7159 0.3862 -0.5816
Z 0.4861 0.3221 0.8124

PART 68
OFFSET 21.5890 -1.3484 -6.4150
SCALE 1 1 1
X 0.0127 -0.8408 0.5411
Y -0.9111 0.2133 0.3528
Z -0.4121 -0.4975 -0.7633

PART 69
OFFSET 21.6114 -2.8289 -5.4623
SCALE 1 1 1
X -0.4551 -0.6381 0.6211
Y -0.8134 0.5817 0.0017
Z -0.3623 -0.5044 -0.7838

PART 70
OFFSET 21.0802 -3.5740 -4.6596
SCALE 1 1 1
X -0.6307 -0.4184 0.6536
Y -0.6591 0.7334 -0.1666
Z -0.4096 -0.5358 -0.7383

PART 71
OFFSET 9.0743 -3.9196 -5.5772
SCALE 1 1 1
X 0.9943 0.0649 0.0848
Y -0.0617 0.9973 -0.0399
Z -0.0872 0.0345 0.9956

PART 72
OFFSET 11.2626 -5.2098 -3.9996
SCALE 1 1 1
X 0.9923 0.0656 0.1052
Y -0.0617 0.9973 -0.0399
Z -0.1075 0.0331 0.9937

PART 73
OFFSET 13.3475 -2.2067 -3.4313
SCALE 1 1 1
X 0.9943 0.0649 0.0848
Y -0.0617 0.9973 -0.0399
Z -0.0872 0.0345 0.9956

PART 74
OFFSET 33.4178 -2.3171 -3.1599
SCALE 1 1 1
X 0.3141 -0.0186 -0.9492
Y -0.0617 0.9973 -0.0399
Z 0.9474 0.0711 0.3121

PART 75
OFFSET 15.6760 -3.3945 -2.6614
SCALE 1 1 1
X 0.9943 0.0649 0.0848
Y -0.0617 0.9973 -0.0399
Z -0.0872 0.0345 0.9956

PART 76
OFFSET 13.1598 -2.6576 -3.5838
SCALE 1 1 1
X -0.0872 0.0345 0.9956
Y -0.0617 0.9973 -0.0399
Z -0.9943 -0.0649 -0.0848

PART 77
OFFSET 13.1506 -2.1503 -3.7652
SCALE 1 1 1
X -0.1063 0.5693 0.8152
Y 0.0224 0.8210 -0.5704
Z -0.9941 -0.0424 -0.1000

PART 78
OFFSET 13.1711 -1.7374 -4.1300
SCALE 1 1 1
X -0.1032 0.6937 0.7128
Y 0.0400 0.7190 -0.6939
Z -0.9939 -0.0431 -0.1019

PART 79
OFFSET 13.1839 -1.3048 -4.4852
SCALE 1 1 1
X -0.0953 0.5446 0.8332
Y 0.0014 0.8371 -0.5470
Z -0.9954 -0.0510 -0.0805

PART 80
OFFSET 13.1748 -0.8067 -4.7473
SCALE 1 1 1
X -0.0745 0.3890 0.9182
Y -0.0305 0.9195 -0.3920
Z -0.9968 -0.0572 -0.0567

PART 81
OFFSET 13.1523 -0.2652 -4.9423
SCALE 1 1 1
X -0.0417 0.2937 0.9550
Y -0.0446 0.9543 -0.2954
Z -0.9981 -0.0549 -0.0267

PART 82
OFFSET 13.1244 0.2979 -5.0985
SCALE 1 1 1
X 0.0014 0.2435 0.9699
Y -0.0510 0.9686 -0.2432
Z -0.9987 -0.0491 0.0137

PART 83
OFFSET 13.0920 0.8749 -5.2340
SCALE 1 1 1
X 0.0409 0.2207 0.9745
Y -0.0583 0.9742 -0.2182
Z -0.9975 -0.0479 0.0527

PART 84
OFFSET 13.0548 1.4615 -5.3639
SCALE 1 1 1
X 0.0601 0.2166 0.9744
Y -0.0635 0.9750 -0.2128
Z -0.9962 -0.0491 0.0724

PART 85
OFFSET 13.0196 2.0561 -5.4859
SCALE 1 1 1
X 0.0567 0.1861 0.9809
Y -0.0485 0.9818 -0.1835
Z -0.9972 -0.0371 0.0647

PART 86
OFFSET 13.0005 2.6595 -5.5811
SCALE 1 1 1
X 0.0360 0.1229 0.9918
Y -0.0102 0.9924 -0.1226
Z -0.9993 -0.0057 0.0370

PART 87
OFFSET 13.0074 3.2708 -5.6433
SCALE 1 1 1
X 0.0130 0.0967 0.9952
Y 0.0292 0.9949 -0.0970
Z -0.9995 0.0304 0.0101

PART 88
OFFSET 13.0324 3.8823 -5.7216
SCALE 1 1 1
X 0.0087 0.1732 0.9848
Y 0.0483 0.9837 -0.1734
Z -0.9988 0.0491 0.0002

PART 89
OFFSET 13.0634 4.4844 -5.8763
SCALE 1 1 1
X 0.0366 0.3206 0.9465
Y 0.0495 0.9454 -0.3222
Z -0.9981 0.0586 0.0187

PART 90
OFFSET 13.0946 5.0622 -6.1084
SCALE 1 1 1
X 0.0799 0.4060 0.9104
Y 0.0513 0.9104 -0.4105
Z -0.9955 0.0794 0.0519

PART 91
OFFSET 13.1266 5.5952 -6.3600
SCALE 1 1 1
X 0.1152 0.4229 0.8988
Y 0.0586 0.9004 -0.4311
Z -0.9916 0.1023 0.0789

PART 92
OFFSET 13.1593 6.0729 -6.6012
SCALE 1 1 1
X 0.1557 0.4815 0.8625
Y 0.0602 0.8669 -0.4948
Z -0.9860 0.1289 0.1060

PART 93
OFFSET 13.1884 6.5252 -6.9242
SCALE 1 1 1
X 0.2338 0.6406 0.7314
Y 0.0417 0.7450 -0.6658
Z -0.9714 0.1861 0.1474

PART 94
OFFSET 13.2100 6.9913 -7.4413
SCALE 1 1 1
X 0.2908 0.7439 0.6017
Y 0.0315 0.6211 -0.7831
Z -0.9563 0.2467 0.1572

PART 95
OFFSET 13.2630 7.4891 -8.0234
SCALE 1 1 1
X 0.2326 0.6510 0.7226
Y 0.1329 0.7147 -0.6867
Z -0.9635 0.2557 0.0797


FRAME 128
PART 0
OFFSET 18.6941 1.2901 -7.2299
SCALE 1 1 1
X 0.8681 -0.4519 -0.2052
Y -0.4620 -0.8869 -0.0015
Z -0.1813 0.0962 -0.9787

PART 1
OFFSET 18.6941 1.2901 -7.2299
SCALE 1 1 1
X 0.8681 -0.4519 -0.2052
Y -0.4620 -0.8869 -0.0015
Z -0.1813 0.0962 -0.9787

PART 2
OFFSET -3.8004 -7.8841 -8.4355
SCALE 1 1 1
X -0.9328 -0.3557 0.0574
Y -0.3602 0.9228 -0.1367
Z -0.0044 -0.1482 -0.9889

PART 3
OFFSET 4.1232 -6.9804 -7.2630
SCALE 1 1 1
X -0.5785 -0.8154 -0.0222
Y 0.8051 -0.5751 0.1450
Z -0.1310 0.0660 0.9892

PART 4
OFFSET 5.1417 -5.5448 -7.2240
SCALE 1 1 1
X 0.5296 -0.8294 0.1780
Y 0.8307 0.5496 0.0890
Z -0.1716 0.1007 0.9800

PART 5
OFFSET 4.4875 -4.5305 -7.3808
SCALE 1 1 1
X 0.9532 0.2861 0.0973
Y -0.2785 0.9567 -0.0848
Z -0.1174 0.0537 0.9916

PART 6
OFFSET 3.4108 -4.8537 -7.4907
SCALE 1 1 1
X -0.0919 -0.9417 0.3238
Y -0.9682 0.0086 -0.2499
Z 0.2326 -0.3365 -0.9125

PART 7
OFFSET 4.1790 -6.8557 -8.3593
SCALE 1 1 1
X -0.2774 -0.9598 -0.0414
Y 0.9312 -0.2793 0.2344
Z -0.2365 0.0265 0.9713

PART 8
OFFSET 4.7210 -4.9806 -8.2784
SCALE 1 1 1
X 0.8793 -0.4253 0.2145
Y 0.4278 0.9031 0.0368
Z -0.2094 0.0594 0.9760

PART 9
OFFSET 3.4367 -4.3593 -8.5917
SCALE 1 1 1
X 0.7730 0.6279 0.0909
Y -0.5987 0.7693 -0.2229
Z -0.2099 0.1179 0.9706

PART 10
OFFSET 2.5623 -5.0708 -8.7017
SCALE 1 1 1
X -0.1969 -0.9804 0.0106
Y -0.9687 0.1929 -0.1561
Z 0.1510 -0.0410 -0.9877

PART 11
OFFSET 0.0000 0.0000 0.0000
SCALE 1 1 1
X 1.0000 0.0000 0.0000
Y 0.0000 1.0000 0.0000
Z 0.0000 0.0000 1.0000

PART 12
OFFSET 0.0099 -0.0011 -0.0010
SCALE 1 1 1
X 0.9995 -0.0227 -0.0215
