// Export filename: `C:/cod5/cod/cod5/xanim_export/viewmodel/US/30cal/viewmodel_30cal_putaway_fast.XANIM_EXPORT`
// Source filename: `C:/cod5/cod/cod5/animation_assets/viewmodel/US/30_cal/viewmodelanimation_30_cal.mb`
// Export time: Fri Jul 25 17:00:45 2008

ANIMATION
VERSION 3

NUMPARTS 96
PART 0 "RingPalm_FK_LE"
PART 1 "RingPalm_SDK_LE"
PART 2 "J_Webbing_RI"
PART 3 "J_Index_RI_0"
PART 4 "J_Index_RI_1"
PART 5 "J_Index_RI_2"
PART 6 "J_Index_RI_3"
PART 7 "J_Mid_RI_0"
PART 8 "J_Mid_RI_1"
PART 9 "J_Mid_RI_2"
PART 10 "J_Mid_RI_3"
PART 11 "tag_cambone"
PART 12 "tag_camera"
PART 13 "tag_gasmask"
PART 14 "J_Index_LE_3"
PART 15 "J_Mid_LE_0"
PART 16 "J_Mid_LE_1"
PART 17 "J_Mid_LE_2"
PART 18 "J_Mid_LE_3"
PART 19 "tag_weapon"
PART 20 "J_Shoulder_RI"
PART 21 "J_Elbow_RI"
PART 22 "J_WristTwist_RI"
PART 23 "J_Sleave_Reshape_Top_RI_3"
PART 24 "J_Sleave_Reshape_Top_RI_2"
PART 25 "J_Sleave_Reshape_Top_RI_1"
PART 26 "J_Wrist_RI"
PART 27 "J_Thumb_RI_0"
PART 28 "J_Thumb_RI_1"
PART 29 "J_Thumb_RI_2"
PART 30 "J_Thumb_RI_3"
PART 31 "J_PinkyPalm_RI"
PART 32 "J_Pinky_RI_0"
PART 33 "J_Pinky_RI_1"
PART 34 "J_Pinky_RI_2"
PART 35 "J_Pinky_RI_3"
PART 36 "J_RingPalm_RI"
PART 37 "J_Ring_RI_0"
PART 38 "J_Ring_RI_1"
PART 39 "J_Ring_RI_2"
PART 40 "J_Ring_RI_3"
PART 41 "RingPalm_FK_RI"
PART 42 "RingPalm_SDK_RI"
PART 43 "tag_torso"
PART 44 "J_Shoulder_LE"
PART 45 "J_Elbow_LE"
PART 46 "J_WristTwist_LE"
PART 47 "J_Sleave_Reshape_Bottom_LE_1"
PART 48 "J_Sleave_Reshape_Bottom_LE_2"
PART 49 "J_Sleave_Reshape_Top_LE_1"
PART 50 "J_Sleave_Reshape_Top_LE_2"
PART 51 "J_Sleave_Reshape_Top_LE_3"
PART 52 "J_Wrist_LE"
PART 53 "J_Thumb_LE_0"
PART 54 "J_Thumb_LE_1"
PART 55 "J_Thumb_LE_2"
PART 56 "J_Thumb_LE_3"
PART 57 "J_PinkyPalm_LE"
PART 58 "J_Pinky_LE_0"
PART 59 "J_Pinky_LE_1"
PART 60 "J_Pinky_LE_2"
PART 61 "J_Pinky_LE_3"
PART 62 "J_RingPalm_LE"
PART 63 "J_Ring_LE_0"
PART 64 "J_Ring_LE_1"
PART 65 "J_Ring_LE_2"
PART 66 "J_Ring_LE_3"
PART 67 "J_Webbing_LE"
PART 68 "J_Index_LE_0"
PART 69 "J_Index_LE_1"
PART 70 "J_Index_LE_2"
PART 71 "J_Gun"
PART 72 "J_Bolt"
PART 73 "J_Clip"
PART 74 "tag_bipod"
PART 75 "tag_top"
PART 76 "ammo01_jnt"
PART 77 "ammo02_jnt"
PART 78 "ammo03_jnt"
PART 79 "ammo04_jnt"
PART 80 "ammo05_jnt"
PART 81 "ammo06_jnt"
PART 82 "ammo07_jnt"
PART 83 "ammo08_jnt"
PART 84 "ammo09_jnt"
PART 85 "ammo10_jnt"
PART 86 "ammo11_jnt"
PART 87 "ammo12_jnt"
PART 88 "ammo13_jnt"
PART 89 "ammo14_jnt"
PART 90 "ammo15_jnt"
PART 91 "ammo16_jnt"
PART 92 "ammo17_jnt"
PART 93 "ammo18_jnt"
PART 94 "ammo19_jnt"
PART 95 "ammo20_jnt"

FRAMERATE 30
NUMFRAMES 10

FRAME 108
PART 0
OFFSET 18.4454 -2.2567 -7.3033
SCALE 1 1 1
X 0.2603 -0.9633 -0.0652
Y -0.0461 -0.0799 0.9957
Z -0.9644 -0.2561 -0.0652

PART 1
OFFSET 18.4454 -2.2567 -7.3033
SCALE 1 1 1
X 0.2603 -0.9633 -0.0652
Y -0.0461 -0.0799 0.9957
Z -0.9644 -0.2561 -0.0652

PART 2
OFFSET -3.8924 -6.6747 -6.3305
SCALE 1 1 1
X -0.9289 -0.3191 0.1881
Y -0.3331 0.9417 -0.0480
Z -0.1618 -0.1072 -0.9810

PART 3
OFFSET 4.1509 -6.1466 -6.3607
SCALE 1 1 1
X -0.6128 -0.7893 0.0392
Y 0.7899 -0.6132 -0.0004
Z 0.0243 0.0307 0.9992

PART 4
OFFSET 5.2298 -4.7569 -6.4296
SCALE 1 1 1
X 0.5110 -0.8570 0.0659
Y 0.8594 0.5108 -0.0211
Z -0.0156 0.0674 0.9976

PART 5
OFFSET 4.6076 -3.7109 -6.4491
SCALE 1 1 1
X 0.9693 0.2425 -0.0407
Y -0.2430 0.9700 -0.0081
Z 0.0376 0.0178 0.9991

PART 6
OFFSET 3.5127 -3.9848 -6.4031
SCALE 1 1 1
X -0.0856 -0.9496 0.3016
Y -0.9935 0.0586 -0.0976
Z 0.0750 -0.3080 -0.9484

PART 7
OFFSET 4.0450 -5.9794 -7.4476
SCALE 1 1 1
X -0.3252 -0.9451 -0.0311
Y 0.9419 -0.3267 0.0786
Z -0.0844 -0.0037 0.9964

PART 8
OFFSET 4.6804 -4.1331 -7.3868
SCALE 1 1 1
X 0.8807 -0.4696 0.0620
Y 0.4704 0.8825 0.0015
Z -0.0554 0.0278 0.9981

PART 9
OFFSET 3.3940 -3.4472 -7.4774
SCALE 1 1 1
X 0.8064 0.5913 -0.0076
Y -0.5889 0.8018 -0.1017
Z -0.0540 0.0865 0.9948

PART 10
OFFSET 2.4807 -4.1170 -7.4758
SCALE 1 1 1
X -0.2388 -0.9710 0.0072
Y -0.9711 0.2388 0.0015
Z -0.0031 -0.0067 -1.0000

PART 11
OFFSET 0.0000 0.0000 0.0000
SCALE 1 1 1
X 1.0000 0.0000 0.0000
Y 0.0000 1.0000 0.0000
Z 0.0000 0.0000 1.0000

PART 12
OFFSET -0.0009 -0.0009 -0.0009
SCALE 1 1 1
X 1.0000 -0.0000 0.0000
Y 0.0000 1.0000 -0.0000
Z -0.0000 0.0000 1.0000

PART 13
OFFSET -0.0000 -0.0000 -0.0000
SCALE 1 1 1
X 1.0000 -0.0000 0.0000
Y 0.0000 1.0000 -0.0000
Z -0.0000 0.0000 1.0000

PART 14
OFFSET 20.6063 -3.8563 -4.0497
SCALE 1 1 1
X 0.1784 -0.9740 0.1396
Y 0.2457 -0.0933 -0.9649
Z 0.9528 0.2065 0.2226

PART 15
OFFSET 19.9906 -4.4758 -7.7246
SCALE 1 1 1
X 0.0622 -0.1896 0.9799
Y -0.5017 0.8428 0.1950
Z -0.8628 -0.5037 -0.0427

PART 16
OFFSET 20.1122 -4.8462 -5.8103
SCALE 1 1 1
X -0.2484 0.3019 0.9204
Y -0.4195 0.8229 -0.3832
Z -0.8731 -0.4813 -0.0778

PART 17
OFFSET 19.7494 -4.4052 -4.4660
SCALE 1 1 1
X -0.4355 0.7185 0.5423
Y -0.1537 0.5342 -0.8313
Z -0.8870 -0.4453 -0.1222

PART 18
OFFSET 19.2500 -3.5949 -3.8521
SCALE 1 1 1
X 0.4888 -0.8637 0.1229
Y 0.0961 -0.0868 -0.9916
Z 0.8671 0.4965 0.0406

PART 19
OFFSET 9.0164 -3.6472 -5.7617
SCALE 1 1 1
X 0.9991 0.0423 0.0018
Y -0.0423 0.9990 -0.0151
Z -0.0025 0.0150 0.9999

PART 20
OFFSET -3.5797 -7.9373 -3.1869
SCALE 1 1 1
X 0.4768 -0.1703 0.8624
Y -0.2769 -0.9602 -0.0365
Z 0.8343 -0.2214 -0.5050

PART 21
OFFSET -9.3460 -5.8779 -13.6163
SCALE 1 1 1
X -0.8291 0.0068 -0.5590
Y 0.5269 0.3440 -0.7772
Z 0.1870 -0.9389 -0.2888

PART 22
OFFSET -2.2940 -5.9358 -8.8614
SCALE 1 1 1
X -0.8291 0.0068 -0.5590
Y 0.5591 0.0016 -0.8291
Z -0.0048 -1.0000 -0.0051

PART 23
OFFSET -1.7429 -4.9995 -7.0940
SCALE 1 1 1
X -0.8328 0.0073 -0.5536
Y -0.1922 0.9339 0.3015
Z 0.5192 0.3575 -0.7763

PART 24
OFFSET -1.8424 -5.7884 -6.2706
SCALE 1 1 1
X -0.8328 0.0073 -0.5536
Y -0.1922 0.9339 0.3015
Z 0.5192 0.3575 -0.7763

PART 25
OFFSET -1.1775 -7.0926 -7.0950
SCALE 1 1 1
X -0.8328 0.0073 -0.5536
Y -0.1922 0.9339 0.3015
Z 0.5192 0.3575 -0.7763

PART 26
OFFSET 0.2478 -5.9566 -7.1476
SCALE 1 1 1
X -0.9989 -0.0452 -0.0077
Y 0.0080 -0.0066 -0.9999
Z 0.0452 -0.9990 0.0070

PART 27
OFFSET 0.6708 -5.5197 -6.1820
SCALE 1 1 1
X -0.6457 -0.4987 -0.5783
Y 0.4372 0.3795 -0.8154
Z 0.6261 -0.7793 -0.0270

PART 28
OFFSET 1.9857 -4.4381 -4.8512
SCALE 1 1 1
X -0.9057 -0.4225 0.0358
Y 0.0120 -0.1099 -0.9939
Z 0.4238 -0.8997 0.1046

PART 29
OFFSET 3.4009 -3.6618 -4.9801
SCALE 1 1 1
X -0.7376 -0.4484 0.5048
Y -0.4090 -0.2981 -0.8625
Z 0.5373 -0.8426 0.0365

PART 30
OFFSET 4.1810 -3.1332 -5.5129
SCALE 1 1 1
X -0.9739 0.1488 0.1714
Y 0.1402 0.9882 -0.0611
Z -0.1785 -0.0355 -0.9833

PART 31
OFFSET 1.0926 -5.7235 -8.2132
SCALE 1 1 1
X -0.8217 -0.0762 0.5648
Y 0.1141 -0.9930 0.0320
Z 0.5584 0.0907 0.8246

PART 32
OFFSET 3.0061 -5.4173 -9.3660
SCALE 1 1 1
X -0.7313 -0.6800 -0.0528
Y 0.6808 -0.7233 -0.1155
Z 0.0403 -0.1204 0.9919

PART 33
OFFSET 4.0415 -4.4546 -9.2912
SCALE 1 1 1
X 0.7203 -0.6884 -0.0855
Y 0.6935 0.7123 0.1076
Z -0.0132 -0.1368 0.9905

PART 34
OFFSET 3.4029 -3.8443 -9.2154
SCALE 1 1 1
X 0.9680 0.2509 -0.0050
Y -0.2496 0.9645 0.0868
Z 0.0266 -0.0828 0.9962

PART 35
OFFSET 2.4832 -4.0827 -9.2107
SCALE 1 1 1
X -0.5875 -0.7854 -0.1947
Y -0.8080 0.5562 0.1946
Z -0.0446 0.2717 -0.9614

PART 36
OFFSET 1.3132 -5.8487 -7.5459
SCALE 1 1 1
X -0.9528 -0.0470 0.2998
Y 0.0652 -0.9966 0.0510
Z 0.2963 0.0682 0.9526

PART 37
OFFSET 3.7436 -5.7587 -8.4643
SCALE 1 1 1
X -0.4244 -0.9050 0.0297
Y 0.8981 -0.4249 -0.1135
Z 0.1154 -0.0215 0.9931

PART 38
OFFSET 4.4662 -4.2180 -8.5150
SCALE 1 1 1
X 0.9119 -0.3967 -0.1052
Y 0.3990 0.9170 -0.0000
Z 0.0965 -0.0419 0.9945

PART 39
OFFSET 3.2025 -3.6681 -8.3692
SCALE 1 1 1
X 0.6936 0.7195 -0.0344
Y -0.7146 0.6933 0.0928
Z 0.0906 -0.0398 0.9951

PART 40
OFFSET 2.4502 -4.4485 -8.3319
SCALE 1 1 1
X -0.1556 -0.9875 0.0241
Y -0.9862 0.1567 0.0529
Z -0.0560 -0.0155 -0.9983

PART 41
OFFSET 1.3132 -5.8487 -7.5459
SCALE 1 1 1
X -0.9528 -0.0470 0.2998
Y 0.0652 -0.9966 0.0510
Z 0.2963 0.0682 0.9526

PART 42
OFFSET 1.3132 -5.8487 -7.5459
SCALE 1 1 1
X -0.9528 -0.0470 0.2998
Y 0.0652 -0.9966 0.0510
Z 0.2963 0.0682 0.9526

PART 43
OFFSET 3.7075 0.0000 -1.3770
SCALE 1 1 1
X 1.0000 0.0000 0.0000
Y 0.0000 1.0000 0.0000
Z 0.0000 0.0000 1.0000

PART 44
OFFSET -0.0838 7.9373 -3.1869
SCALE 1 1 1
X 0.8406 -0.0974 -0.5328
Y -0.2477 -0.9439 -0.2183
Z -0.4817 0.3154 -0.8176

PART 45
OFFSET 10.0825 6.7593 -9.6305
SCALE 1 1 1
X 0.7020 -0.6826 0.2028
Y -0.5448 -0.3314 0.7703
Z -0.4586 -0.6513 -0.6045

PART 46
OFFSET 16.0537 0.9531 -7.9053
SCALE 1 1 1
X 0.7020 -0.6826 0.2028
Y 0.6875 0.7239 0.0569
Z -0.1857 0.0995 0.9776

PART 47
OFFSET 18.2455 1.4284 -7.0067
SCALE 1 1 1
X 0.7065 -0.6789 0.1999
Y 0.4644 0.6579 0.5928
Z -0.5340 -0.3260 0.7801

PART 48
OFFSET 17.1147 0.2013 -9.1083
SCALE 1 1 1
X 0.7065 -0.6789 0.1999
Y 0.4644 0.6579 0.5928
Z -0.5340 -0.3260 0.7801

PART 49
OFFSET 17.3439 0.1674 -5.5536
SCALE 1 1 1
X 0.7065 -0.6789 0.1999
Y 0.4644 0.6579 0.5928
Z -0.5340 -0.3260 0.7801

PART 50
OFFSET 16.4809 -0.8692 -6.5467
SCALE 1 1 1
X 0.7065 -0.6789 0.1999
Y 0.4644 0.6579 0.5928
Z -0.5340 -0.3260 0.7801

PART 51
OFFSET 15.5780 -1.5867 -7.7152
SCALE 1 1 1
X 0.7065 -0.6789 0.1999
Y 0.4644 0.6579 0.5928
Z -0.5340 -0.3260 0.7801

PART 52
OFFSET 18.2059 -1.1396 -7.2835
SCALE 1 1 1
X 0.5442 -0.8366 -0.0625
Y 0.8390 0.5429 0.0383
Z 0.0018 -0.0733 0.9973

PART 53
OFFSET 19.2611 -1.0222 -6.8650
SCALE 1 1 1
X 0.6853 0.0233 0.7279
Y 0.2797 0.9144 -0.2926
Z -0.6724 0.4041 0.6201

PART 54
OFFSET 20.7303 -0.8582 -5.2889
SCALE 1 1 1
X 0.4730 -0.6829 0.5567
Y 0.6086 0.7102 0.3539
Z -0.6370 0.1714 0.7515

PART 55
OFFSET 21.3863 -1.9837 -4.3272
SCALE 1 1 1
X -0.0210 -0.9236 0.3828
Y 0.7567 0.2355 0.6098
Z -0.6534 0.3025 0.6940

PART 56
OFFSET 21.3466 -2.9647 -3.8711
SCALE 1 1 1
X 0.5601 -0.8275 -0.0376
Y 0.2820 0.2331 -0.9307
Z 0.7789 0.5107 0.3639

PART 57
OFFSET 17.7685 -2.4437 -7.1758
SCALE 1 1 1
X -0.0326 -0.9990 -0.0303
Y -0.0564 -0.0284 0.9980
Z -0.9979 0.0343 -0.0554

PART 58
OFFSET 17.8335 -4.6967 -7.1133
SCALE 1 1 1
X 0.0298 -0.2153 0.9761
Y -0.1823 0.9590 0.2171
Z -0.9828 -0.1844 -0.0106

PART 59
OFFSET 17.8757 -5.0016 -5.7314
SCALE 1 1 1
X -0.0319 0.2879 0.9571
Y -0.2186 0.9324 -0.2878
Z -0.9753 -0.2184 0.0332

PART 60
OFFSET 17.8475 -4.7464 -4.8828
SCALE 1 1 1
X -0.1361 0.8653 0.4824
Y -0.0810 0.4756 -0.8759
Z -0.9874 -0.1583 0.0053

PART 61
OFFSET 17.7182 -3.9243 -4.4245
SCALE 1 1 1
X 0.2977 -0.9375 0.1801
Y -0.0983 -0.2178 -0.9710
Z 0.9496 0.2714 -0.1570

PART 62
OFFSET 18.4454 -2.2567 -7.3033
SCALE 1 1 1
X 0.2603 -0.9633 -0.0652
Y -0.0461 -0.0799 0.9957
Z -0.9644 -0.2561 -0.0652

PART 63
OFFSET 18.9786 -4.7932 -7.5042
SCALE 1 1 1
X -0.0102 -0.0957 0.9954
Y -0.3347 0.9383 0.0868
Z -0.9423 -0.3322 -0.0416

PART 64
OFFSET 18.9612 -4.9561 -5.8096
SCALE 1 1 1
X -0.1594 0.3952 0.9047
Y -0.3036 0.8523 -0.4258
Z -0.9394 -0.3425 -0.0159

PART 65
OFFSET 18.7403 -4.4084 -4.5558
SCALE 1 1 1
X -0.2877 0.7442 0.6028
Y -0.1923 0.5717 -0.7976
Z -0.9382 -0.3454 -0.0214

PART 66
OFFSET 18.4283 -3.6013 -3.9021
SCALE 1 1 1
X 0.2994 -0.9533 -0.0393
Y 0.0478 0.0561 -0.9973
Z 0.9529 0.2967 0.0624

PART 67
OFFSET 21.2166 -2.8960 -6.8806
SCALE 1 1 1
X 0.3503 -0.9125 0.2111
Y 0.1892 -0.1519 -0.9701
Z 0.9173 0.3798 0.1194

PART 68
OFFSET 20.9585 -3.9629 -7.8685
SCALE 1 1 1
X 0.0791 -0.3347 0.9390
Y -0.4460 0.8306 0.3336
Z -0.8915 -0.4451 -0.0836

PART 69
OFFSET 21.0977 -4.5522 -6.2153
SCALE 1 1 1
X -0.2103 0.1646 0.9637
Y -0.4527 0.8573 -0.2452
Z -0.8665 -0.4878 -0.1058

PART 70
OFFSET 20.8946 -4.3225 -5.0373
SCALE 1 1 1
X -0.2553 0.4128 0.8743
Y -0.3823 0.7875 -0.4834
Z -0.8881 -0.4577 -0.0433

PART 71
OFFSET 9.0164 -3.6472 -5.7617
SCALE 1 1 1
X 0.9991 0.0423 0.0018
Y -0.0423 0.9990 -0.0151
Z -0.0025 0.0150 0.9999

PART 72
OFFSET 11.2998 -5.0162 -4.4000
SCALE 1 1 1
X 0.9988 0.0426 0.0223
Y -0.0423 0.9990 -0.0151
Z -0.0229 0.0141 0.9996

PART 73
OFFSET 13.4923 -2.0701 -3.9511
SCALE 1 1 1
X 0.9991 0.0423 0.0018
Y -0.0423 0.9990 -0.0151
Z -0.0025 0.0150 0.9999

PART 74
OFFSET 33.5069 -2.6048 -5.3776
SCALE 1 1 1
X 0.2327 -0.0048 -0.9725
Y -0.0423 0.9990 -0.0151
Z 0.9716 0.0446 0.2323

PART 75
OFFSET 15.8498 -3.3224 -3.4040
SCALE 1 1 1
X 0.9991 0.0423 0.0018
Y -0.0423 0.9990 -0.0151
Z -0.0025 0.0150 0.9999

PART 76
OFFSET 13.2823 -2.5136 -4.0960
SCALE 1 1 1
X -0.0025 0.0150 0.9999
Y -0.0423 0.9990 -0.0151
Z -0.9991 -0.0423 -0.0018

PART 77
OFFSET 13.2622 -2.0435 -4.3056
SCALE 1 1 1
X -0.0306 0.6987 0.7148
Y -0.0320 0.7141 -0.6993
Z -0.9990 -0.0443 0.0005

PART 78
OFFSET 13.2452 -1.7022 -4.7474
SCALE 1 1 1
X -0.0332 0.8138 0.5802
Y -0.0326 0.5793 -0.8145
Z -0.9989 -0.0460 0.0073

PART 79
OFFSET 13.2213 -1.3151 -5.1735
SCALE 1 1 1
X -0.0175 0.6250 0.7804
Y -0.0500 0.7790 -0.6250
Z -0.9986 -0.0500 0.0176

PART 80
OFFSET 13.1910 -0.8201 -5.4669
SCALE 1 1 1
X 0.0087 0.3977 0.9175
Y -0.0518 0.9165 -0.3968
Z -0.9986 -0.0440 0.0286

PART 81
OFFSET 13.1649 -0.2683 -5.6412
SCALE 1 1 1
X 0.0416 0.2124 0.9763
Y -0.0353 0.9768 -0.2110
Z -0.9985 -0.0257 0.0481

PART 82
OFFSET 13.1495 0.2953 -5.7218
SCALE 1 1 1
X 0.0773 0.0874 0.9932
Y -0.0230 0.9960 -0.0859
Z -0.9967 -0.0162 0.0790

PART 83
OFFSET 13.1333 0.8689 -5.7571
SCALE 1 1 1
X 0.1014 0.0562 0.9933
Y -0.0379 0.9979 -0.0526
Z -0.9941 -0.0323 0.1034

PART 84
OFFSET 13.1011 1.4607 -5.8000
SCALE 1 1 1
X 0.1028 0.1046 0.9892
Y -0.0668 0.9929 -0.0980
Z -0.9925 -0.0560 0.1090

PART 85
OFFSET 13.0641 2.0672 -5.8758
SCALE 1 1 1
X 0.0893 0.1519 0.9844
Y -0.0440 0.9879 -0.1485
Z -0.9950 -0.0301 0.0949

PART 86
OFFSET 13.0597 2.6731 -5.9817
SCALE 1 1 1
X 0.0767 0.1920 0.9784
Y 0.0404 0.9799 -0.1955
Z -0.9962 0.0546 0.0674

PART 87
OFFSET 13.1116 3.2666 -6.1171
SCALE 1 1 1
X 0.0769 0.2432 0.9669
Y 0.1153 0.9611 -0.2509
Z -0.9904 0.1308 0.0459

PART 88
OFFSET 13.1840 3.8534 -6.2941
SCALE 1 1 1
X 0.0934 0.3159 0.9442
Y 0.1052 0.9399 -0.3248
Z -0.9901 0.1296 0.0546

PART 89
OFFSET 13.2279 4.4422 -6.5267
SCALE 1 1 1
X 0.1292 0.3983 0.9081
Y 0.0334 0.9135 -0.4054
Z -0.9911 0.0827 0.1047

PART 90
OFFSET 13.2388 5.0154 -6.8054
SCALE 1 1 1
X 0.1771 0.4576 0.8713
Y 0.0113 0.8843 -0.4667
Z -0.9841 0.0925 0.1514

PART 91
OFFSET 13.2557 5.5288 -7.0966
SCALE 1 1 1
X 0.2201 0.4967 0.8396
Y 0.0615 0.8519 -0.5201
Z -0.9735 0.1661 0.1570

PART 92
OFFSET 13.3073 5.9566 -7.3897
SCALE 1 1 1
X 0.2644 0.5752 0.7741
Y 0.1236 0.7759 -0.6187
Z -0.9565 0.2592 0.1341

PART 93
OFFSET 13.3712 6.3512 -7.7697
SCALE 1 1 1
X 0.3300 0.6895 0.6447
Y 0.0949 0.6553 -0.7494
Z -0.9392 0.3085 0.1508

PART 94
OFFSET 13.4154 6.7821 -8.3352
SCALE 1 1 1
X 0.3966 0.7364 0.5482
Y 0.0472 0.5800 -0.8133
Z -0.9168 0.3484 0.1953

PART 95
OFFSET 13.4847 7.2657 -8.9504
SCALE 1 1 1
X 0.3810 0.6201 0.6858
Y 0.1671 0.6833 -0.7107
Z -0.9093 0.3854 0.1567


FRAME 109
PART 0
OFFSET 17.7479 -2.9361 -8.1098
SCALE 1 1 1
X 0.1793 -0.9822 -0.0553
Y -0.1073 -0.0754 0.9914
Z -0.9779 -0.1718 -0.1189

PART 1
OFFSET 17.7479 -2.9361 -8.1098
SCALE 1 1 1
X 0.1793 -0.9822 -0.0553
Y -0.1073 -0.0754 0.9914
Z -0.9779 -0.1718 -0.1189

PART 2
OFFSET -4.9077 -5.4056 -8.3771
SCALE 1 1 1
X -0.9619 -0.2375 0.1356
Y -0.2475 0.9669 -0.0617
Z -0.1165 -0.0930 -0.9888

PART 3
OFFSET 3.1407 -5.5751 -7.9661
SCALE 1 1 1
X -0.6799 -0.7333 0.0021
Y 0.7328 -0.6793 0.0399
Z -0.0278 0.0286 0.9992

PART 4
OFFSET 4.3377 -4.2839 -7.9698
SCALE 1 1 1
X 0.4307 -0.8980 0.0897
Y 0.9002 0.4346 0.0281
Z -0.0643 0.0686 0.9956

PART 5
OFFSET 3.8102 -3.1881 -8.0183
SCALE 1 1 1
X 0.9874 0.1577 0.0133
Y -0.1575 0.9874 -0.0169
Z -0.0158 0.0146 0.9998

PART 6
OFFSET 2.6949 -3.3662 -8.0334
SCALE 1 1 1
X -0.1837 -0.9386 0.2921
Y -0.9779 0.1443 -0.1513
Z 0.0999 -0.3135 -0.9443

PART 7
OFFSET 3.1093 -5.3995 -9.0564
SCALE 1 1 1
X -0.4035 -0.9135 -0.0531
Y 0.9044 -0.4069 0.1284
Z -0.1389 0.0038 0.9903

PART 8
OFFSET 3.8975 -3.6150 -8.9526
SCALE 1 1 1
X 0.8322 -0.5440 0.1077
Y 0.5440 0.8385 0.0312
Z -0.1073 0.0326 0.9937

PART 9
OFFSET 2.6820 -2.8205 -9.1100
SCALE 1 1 1
X 0.8537 0.5193 0.0391
Y -0.5110 0.8497 -0.1300
Z -0.1007 0.0910 0.9907

PART 10
OFFSET 1.7155 -3.4088 -9.1614
SCALE 1 1 1
X -0.3218 -0.9468 -0.0103
Y -0.9454 0.3219 -0.0504
Z 0.0510 -0.0065 -0.9987

PART 11
OFFSET 0.0000 0.0000 0.0000
SCALE 1 1 1
X 1.0000 0.0000 0.0000
Y 0.0000 1.0000 0.0000
Z 0.0000 0.0000 1.0000

PART 12
OFFSET -0.0010 -0.0010 -0.0010
SCALE 1 1 1
X 1.0000 -0.0000 0.0000
Y 0.0000 1.0000 -0.0000
Z -0.0000 0.0000 1.0000

PART 13
OFFSET -0.0000 0.0000 -0.0000
SCALE 1 1 1
X 1.0000 -0.0000 0.0000
Y 0.0000 1.0000 -0.0000
Z -0.0000 0.0000 1.0000

PART 14
OFFSET 19.5812 -4.7162 -4.7506
SCALE 1 1 1
X 0.0857 -0.9858 0.1446
Y 0.2891 -0.1143 -0.9504
Z 0.9534 0.1233 0.2752

PART 15
OFFSET 19.1164 -5.2806 -8.4564
SCALE 1 1 1
X -0.0081 -0.1942 0.9809
Y -0.4369 0.8831 0.1712
Z -0.8995 -0.4272 -0.0920

PART 16
OFFSET 19.1006 -5.6599 -6.5401
SCALE 1 1 1
X -0.2714 0.3224 0.9069
Y -0.3252 0.8561 -0.4017
Z -0.9058 -0.4040 -0.1275

PART 17
OFFSET 18.7041 -5.1890 -5.2155
SCALE 1 1 1
X -0.4008 0.7536 0.5210
Y -0.0613 0.5454 -0.8359
Z -0.9141 -0.3670 -0.1724

PART 18
OFFSET 18.2437 -4.3385 -4.6261
SCALE 1 1 1
X 0.4049 -0.9027 0.1454
Y 0.1424 -0.0949 -0.9853
Z 0.9032 0.4196 0.0901

PART 19
OFFSET 8.1638 -3.5057 -7.0912
SCALE 1 1 1
X 0.9974 -0.0442 0.0565
Y 0.0450 0.9989 -0.0127
Z -0.0559 0.0153 0.9983

PART 20
OFFSET -4.0570 -7.9373 -3.1869
SCALE 1 1 1
X 0.6255 -0.1288 0.7696
Y -0.1937 -0.9810 -0.0068
Z 0.7558 -0.1449 -0.6385

PART 21
OFFSET -11.6213 -6.3796 -12.4938
SCALE 1 1 1
X -0.9454 -0.1150 -0.3051
Y 0.2419 0.3799 -0.8928
Z 0.2186 -0.9179 -0.3313

PART 22
OFFSET -3.5807 -5.4011 -9.8991
SCALE 1 1 1
X -0.9454 -0.1150 -0.3051
Y 0.3122 -0.0500 -0.9487
Z 0.0939 -0.9921 0.0832

PART 23
OFFSET -2.7007 -4.2795 -8.3325
SCALE 1 1 1
X -0.9474 -0.1148 -0.2988
Y -0.2194 0.9126 0.3450
Z 0.2331 0.3924 -0.8898

PART 24
OFFSET -2.4730 -5.0115 -7.5074
SCALE 1 1 1
X -0.9474 -0.1148 -0.2988
Y -0.2194 0.9126 0.3450
Z 0.2331 0.3924 -0.8898

PART 25
OFFSET -1.8478 -6.2994 -8.6335
SCALE 1 1 1
X -0.9474 -0.1148 -0.2988
Y -0.2194 0.9126 0.3450
Z 0.2331 0.3924 -0.8898

PART 26
OFFSET -0.6825 -5.0483 -8.9639
SCALE 1 1 1
X -0.9972 0.0413 -0.0624
Y 0.0622 -0.0074 -0.9980
Z -0.0417 -0.9991 0.0048

PART 27
OFFSET -0.2768 -4.6496 -7.9747
SCALE 1 1 1
X -0.6537 -0.4411 -0.6149
Y 0.5123 0.3401 -0.7886
Z 0.5570 -0.8305 0.0036

PART 28
OFFSET 1.0517 -3.6855 -6.5692
SCALE 1 1 1
X -0.9394 -0.3426 -0.0156
Y 0.0568 -0.1107 -0.9922
Z 0.3382 -0.9329 0.1234

PART 29
OFFSET 2.5337 -3.0345 -6.6171
SCALE 1 1 1
X -0.8001 -0.3829 0.4617
Y -0.3854 -0.2618 -0.8849
Z 0.4597 -0.8859 0.0619

PART 30
OFFSET 3.3845 -2.5755 -7.1041
SCALE 1 1 1
X -0.9653 0.2325 0.1187
Y 0.2282 0.9724 -0.0488
Z -0.1268 -0.0200 -0.9917

PART 31
OFFSET 0.2363 -4.8893 -9.9807
SCALE 1 1 1
X -0.8549 -0.0048 0.5188
Y 0.0260 -0.9991 0.0336
Z 0.5182 0.0422 0.8542

PART 32
OFFSET 2.2294 -4.7499 -11.0260
SCALE 1 1 1
X -0.7833 -0.6142 -0.0957
Y 0.6211 -0.7795 -0.0815
Z -0.0246 -0.1233 0.9921

PART 33
OFFSET 3.3384 -3.8804 -10.8904
SCALE 1 1 1
X 0.6618 -0.7481 -0.0492
Y 0.7455 0.6497 0.1486
Z -0.0792 -0.1350 0.9877

PART 34
OFFSET 2.7517 -3.2171 -10.8468
SCALE 1 1 1
X 0.9849 0.1663 0.0490
Y -0.1697 0.9824 0.0775
Z -0.0352 -0.0846 0.9958

PART 35
OFFSET 1.8160 -3.3751 -10.8933
SCALE 1 1 1
X -0.6416 -0.7317 -0.2301
Y -0.7663 0.6240 0.1528
Z 0.0318 0.2744 -0.9611

PART 36
OFFSET 0.4085 -5.0330 -9.3030
SCALE 1 1 1
X -0.9683 0.0356 0.2471
Y -0.0240 -0.9985 0.0499
Z 0.2485 0.0424 0.9677

PART 37
OFFSET 2.8842 -5.1537 -10.0871
SCALE 1 1 1
X -0.5020 -0.8649 0.0024
Y 0.8629 -0.5010 -0.0663
Z 0.0586 -0.0312 0.9978

PART 38
OFFSET 3.7389 -3.6813 -10.0911
SCALE 1 1 1
X 0.8786 -0.4741 -0.0571
Y 0.4761 0.8790 0.0259
Z 0.0379 -0.0500 0.9980

PART 39
OFFSET 2.5212 -3.0241 -10.0120
SCALE 1 1 1
X 0.7540 0.6568 0.0068
Y -0.6561 0.7525 0.0569
Z 0.0322 -0.0474 0.9984

PART 40
OFFSET 1.7035 -3.7365 -10.0194
SCALE 1 1 1
X -0.2414 -0.9704 0.0110
Y -0.9704 0.2414 -0.0003
Z -0.0024 -0.0107 -0.9999

PART 41
OFFSET 0.4085 -5.0330 -9.3030
SCALE 1 1 1
X -0.9683 0.0356 0.2471
Y -0.0240 -0.9985 0.0499
Z 0.2485 0.0424 0.9677

PART 42
OFFSET 0.4085 -5.0330 -9.3030
SCALE 1 1 1
X -0.9683 0.0356 0.2471
Y -0.0240 -0.9985 0.0499
Z 0.2485 0.0424 0.9677

PART 43
OFFSET 3.7075 0.0000 -1.3770
SCALE 1 1 1
X 1.0000 0.0000 0.0000
Y 0.0000 1.0000 0.0000
Z 0.0000 0.0000 1.0000

PART 44
OFFSET -0.0838 7.9373 -3.1869
SCALE 1 1 1
X 0.8034 -0.1341 -0.5801
Y -0.2879 -0.9403 -0.1813
Z -0.5212 0.3127 -0.7941

PART 45
OFFSET 9.6325 6.3153 -10.2030
SCALE 1 1 1
X 0.6890 -0.7016 0.1819
Y -0.5116 -0.2930 0.8077
Z -0.5134 -0.6496 -0.5608

PART 46
OFFSET 15.4927 0.3482 -8.6557
SCALE 1 1 1
X 0.6890 -0.7016 0.1819
Y 0.6961 0.7105 0.1033
Z -0.2017 0.0555 0.9779

PART 47
OFFSET 17.7462 0.7687 -7.8922
SCALE 1 1 1
X 0.6935 -0.6980 0.1786
Y 0.5187 0.6557 0.5486
Z -0.5001 -0.2878 0.8168

PART 48
OFFSET 16.4589 -0.4698 -9.8949
SCALE 1 1 1
X 0.6935 -0.6980 0.1786
Y 0.5187 0.6557 0.5486
Z -0.5001 -0.2878 0.8168

PART 49
OFFSET 16.8856 -0.4237 -6.3586
SCALE 1 1 1
X 0.6935 -0.6980 0.1786
Y 0.5187 0.6557 0.5486
Z -0.5001 -0.2878 0.8168

PART 50
OFFSET 15.9340 -1.4538 -7.2746
SCALE 1 1 1
X 0.6935 -0.6980 0.1786
Y 0.5187 0.6557 0.5486
Z -0.5001 -0.2878 0.8168

PART 51
OFFSET 14.9435 -2.1680 -8.3721
SCALE 1 1 1
X 0.6935 -0.6980 0.1786
Y 0.5187 0.6557 0.5486
Z -0.5001 -0.2878 0.8168

PART 52
OFFSET 17.6050 -1.8025 -8.0979
SCALE 1 1 1
X 0.4725 -0.8806 -0.0365
Y 0.8793 0.4683 0.0865
Z -0.0591 -0.0730 0.9956

PART 53
OFFSET 18.6419 -1.7767 -7.6221
SCALE 1 1 1
X 0.6438 -0.0360 0.7643
Y 0.3733 0.8867 -0.2727
Z -0.6679 0.4609 0.5843

PART 54
OFFSET 20.0313 -1.7402 -5.9674
SCALE 1 1 1
X 0.3811 -0.7211 0.5785
Y 0.6474 0.6549 0.3899
Z -0.6600 0.2260 0.7164

PART 55
OFFSET 20.5340 -2.9181 -4.9765
SCALE 1 1 1
X -0.1216 -0.9183 0.3768
Y 0.7397 0.1693 0.6513
Z -0.6618 0.3579 0.6587

PART 56
OFFSET 20.3848 -3.8919 -4.5278
SCALE 1 1 1
X 0.4878 -0.8729 -0.0108
Y 0.3516 0.2077 -0.9128
Z 0.7990 0.4415 0.4082

PART 57
OFFSET 17.0513 -3.0638 -8.0203
SCALE 1 1 1
X -0.1171 -0.9924 -0.0366
Y -0.1132 -0.0233 0.9933
Z -0.9866 0.1205 -0.1096

PART 58
OFFSET 16.9181 -5.3141 -7.9648
SCALE 1 1 1
X -0.0424 -0.2170 0.9753
Y -0.1104 0.9712 0.2113
Z -0.9930 -0.0987 -0.0651

PART 59
OFFSET 16.8581 -5.6213 -6.5840
SCALE 1 1 1
X -0.0592 0.2897 0.9553
Y -0.1212 0.9478 -0.2950
Z -0.9909 -0.1332 -0.0210

PART 60
OFFSET 16.8056 -5.3644 -5.7370
SCALE 1 1 1
X -0.0871 0.8739 0.4782
Y 0.0085 0.4807 -0.8768
Z -0.9962 -0.0723 -0.0493

PART 61
OFFSET 16.7229 -4.5342 -5.2827
SCALE 1 1 1
X 0.2053 -0.9597 0.1918
Y -0.0634 -0.2086 -0.9759
Z 0.9766 0.1882 -0.1037

PART 62
OFFSET 17.7479 -2.9361 -8.1098
SCALE 1 1 1
X 0.1793 -0.9822 -0.0553
Y -0.1073 -0.0754 0.9914
Z -0.9779 -0.1718 -0.1189

PART 63
OFFSET 18.0702 -5.5092 -8.2930
SCALE 1 1 1
X -0.0729 -0.0943 0.9929
Y -0.2566 0.9638 0.0727
Z -0.9638 -0.2495 -0.0945

PART 64
OFFSET 17.9461 -5.6698 -6.6027
SCALE 1 1 1
X -0.1740 0.4076 0.8964
Y -0.2051 0.8753 -0.4378
Z -0.9632 -0.2600 -0.0687

PART 65
OFFSET 17.7050 -5.1049 -5.3603
SCALE 1 1 1
X -0.2549 0.7664 0.5896
Y -0.0982 0.5861 -0.8043
Z -0.9620 -0.2629 -0.0741

PART 66
OFFSET 17.4286 -4.2737 -4.7208
SCALE 1 1 1
X 0.2176 -0.9756 -0.0273
Y 0.1070 0.0517 -0.9929
Z 0.9701 0.2132 0.1157

PART 67
OFFSET 20.4261 -3.8127 -7.5395
SCALE 1 1 1
X 0.2581 -0.9394 0.2257
Y 0.2282 -0.1678 -0.9591
Z 0.9388 0.2990 0.1710

PART 68
OFFSET 20.1313 -4.8534 -8.5450
SCALE 1 1 1
X -0.0017 -0.3402 0.9404
Y -0.3902 0.8661 0.3126
Z -0.9207 -0.3664 -0.1342

PART 69
OFFSET 20.1284 -5.4523 -6.8893
SCALE 1 1 1
X -0.2477 0.1823 0.9515
Y -0.3629 0.8932 -0.2656
Z -0.8983 -0.4111 -0.1552

PART 70
OFFSET 19.8818 -5.2057 -5.7231
SCALE 1 1 1
X -0.2662 0.4334 0.8610
Y -0.2858 0.8176 -0.4999
Z -0.9206 -0.3792 -0.0937

PART 71
OFFSET 8.1638 -3.5057 -7.0912
SCALE 1 1 1
X 0.9974 -0.0442 0.0565
Y 0.0450 0.9989 -0.0127
Z -0.0559 0.0153 0.9983

PART 72
OFFSET 10.2425 -5.0669 -5.6134
SCALE 1 1 1
X 0.9961 -0.0439 0.0769
Y 0.0450 0.9989 -0.0127
Z -0.0763 0.0162 0.9970

PART 73
OFFSET 12.6533 -2.3214 -5.0320
SCALE 1 1 1
X 0.9974 -0.0442 0.0565
Y 0.0450 0.9989 -0.0127
Z -0.0559 0.0153 0.9983

PART 74
OFFSET 32.5949 -4.5852 -5.3671
SCALE 1 1 1
X 0.2843 -0.0250 -0.9584
Y 0.0450 0.9989 -0.0127
Z 0.9577 -0.0395 0.2851

PART 75
OFFSET 14.8604 -3.7728 -4.3628
SCALE 1 1 1
X 0.9974 -0.0442 0.0565
Y 0.0450 0.9989 -0.0127
Z -0.0559 0.0153 0.9983

PART 76
OFFSET 12.4141 -2.7451 -5.1901
SCALE 1 1 1
X -0.0559 0.0153 0.9983
Y 0.0450 0.9989 -0.0127
Z -0.9974 0.0442 -0.0565

PART 77
OFFSET 12.4462 -2.2750 -5.3983
SCALE 1 1 1
X -0.0092 0.6988 0.7153
Y 0.0681 0.7141 -0.6967
Z -0.9976 0.0423 -0.0541

PART 78
OFFSET 12.4829 -1.9336 -5.8388
SCALE 1 1 1
X 0.0055 0.8137 0.5813
Y 0.0622 0.5799 -0.8123
Z -0.9980 0.0406 -0.0474

PART 79
OFFSET 12.5159 -1.5459 -6.2638
SCALE 1 1 1
X -0.0062 0.6243 0.7811
Y 0.0518 0.7803 -0.6233
Z -0.9986 0.0366 -0.0372

PART 80
OFFSET 12.5445 -1.0502 -6.5564
SCALE 1 1 1
X -0.0074 0.3965 0.9180
Y 0.0494 0.9171 -0.3957
Z -0.9988 0.0424 -0.0264

PART 81
OFFSET 12.5758 -0.4981 -6.7306
SCALE 1 1 1
X 0.0052 0.2111 0.9775
Y 0.0609 0.9756 -0.2110
Z -0.9981 0.0606 -0.0078

PART 82
OFFSET 12.6137 0.0648 -6.8112
SCALE 1 1 1
X 0.0271 0.0835 0.9961
Y 0.0679 0.9940 -0.0852
Z -0.9973 0.0700 0.0212

PART 83
OFFSET 12.6490 0.6371 -6.8449
SCALE 1 1 1
X 0.0459 0.0448 0.9979
Y 0.0510 0.9976 -0.0471
Z -0.9976 0.0530 0.0435

PART 84
OFFSET 12.6699 1.2281 -6.8822
SCALE 1 1 1
X 0.0487 0.0837 0.9953
Y 0.0237 0.9961 -0.0849
Z -0.9985 0.0277 0.0466

PART 85
OFFSET 12.6892 1.8344 -6.9471
SCALE 1 1 1
X 0.0368 0.1251 0.9915
Y 0.0498 0.9907 -0.1268
Z -0.9981 0.0541 0.0303

PART 86
OFFSET 12.7438 2.4405 -7.0367
SCALE 1 1 1
X 0.0258 0.1617 0.9865
Y 0.1383 0.9768 -0.1637
Z -0.9901 0.1406 0.0028

PART 87
OFFSET 12.8572 3.0353 -7.1507
SCALE 1 1 1
X 0.0297 0.2086 0.9776
Y 0.2153 0.9537 -0.2100
Z -0.9761 0.2167 -0.0165

PART 88
OFFSET 12.9944 3.6292 -7.3034
SCALE 1 1 1
X 0.0525 0.2740 0.9603
Y 0.2076 0.9376 -0.2788
Z -0.9768 0.2140 -0.0076

PART 89
OFFSET 13.1076 4.2364 -7.5117
SCALE 1 1 1
X 0.0957 0.3469 0.9330
Y 0.1393 0.9234 -0.3576
Z -0.9856 0.1642 0.0401

PART 90
OFFSET 13.1888 4.8370 -7.7671
SCALE 1 1 1
X 0.1495 0.3983 0.9050
Y 0.1179 0.9016 -0.4163
Z -0.9817 0.1689 0.0878

PART 91
OFFSET 13.2706 5.3775 -8.0353
SCALE 1 1 1
X 0.1980 0.4325 0.8796
Y 0.1650 0.8699 -0.4649
Z -0.9662 0.2372 0.1009

PART 92
OFFSET 13.3777 5.8253 -8.3062
SCALE 1 1 1
X 0.2589 0.5122 0.8189
Y 0.2229 0.7933 -0.5666
Z -0.9398 0.3292 0.0912

PART 93
OFFSET 13.4979 6.2388 -8.6695
SCALE 1 1 1
X 0.3542 0.6306 0.6906
Y 0.1908 0.6742 -0.7135
Z -0.9155 0.3845 0.1185

PART 94
OFFSET 13.6126 6.6954 -9.2294
SCALE 1 1 1
X 0.4401 0.6761 0.5910
Y 0.1418 0.5975 -0.7892
Z -0.8867 0.4311 0.1671

PART 95
OFFSET 13.7627 7.2000 -9.8445
SCALE 1 1 1
X 0.4103 0.5656 0.7154
Y 0.2678 0.6752 -0.6873
Z -0.8717 0.4736 0.1255


FRAME 110
PART 0
OFFSET 16.4116 -2.9907 -9.1664
SCALE 1 1 1
X 0.1746 -0.9841 -0.0330
Y -0.2264 -0.0728 0.9713
Z -0.9582 -0.1621 -0.2355

PART 1
OFFSET 16.4116 -2.9907 -9.1664
SCALE 1 1 1
X 0.1746 -0.9841 -0.0330
Y -0.2264 -0.0728 0.9713
Z -0.9582 -0.1621 -0.2355

PART 2
OFFSET -6.0716 -5.2331 -12.1537
SCALE 1 1 1
X -0.9736 -0.2276 0.0191
Y -0.2284 0.9693 -0.0914
Z 0.0022 -0.0933 -0.9956

PART 3
OFFSET 1.8670 -5.4827 -10.7784
SCALE 1 1 1
X -0.6826 -0.7265 -0.0794
Y 0.7158 -0.6865 0.1279
Z -0.1474 0.0305 0.9886

PART 4
OFFSET 3.0688 -4.2036 -10.6386
SCALE 1 1 1
X 0.4077 -0.9021 0.1411
Y 0.8946 0.4256 0.1360
Z -0.1827 0.0708 0.9806

PART 5
OFFSET 2.5621 -3.1026 -10.7506
SCALE 1 1 1
X 0.9802 0.1478 0.1318
Y -0.1443 0.9889 -0.0360
Z -0.1357 0.0163 0.9906

PART 6
OFFSET 1.4549 -3.2695 -10.8995
SCALE 1 1 1
X -0.2270 -0.9362 0.2683
Y -0.9511 0.1539 -0.2678
Z 0.2094 -0.3159 -0.9254

PART 7
OFFSET 1.9686 -5.3085 -11.8646
SCALE 1 1 1
X -0.4034 -0.9094 -0.1009
Y 0.8782 -0.4158 0.2363
Z -0.2568 0.0067 0.9664

PART 8
OFFSET 2.7567 -3.5319 -11.6675
SCALE 1 1 1
X 0.8076 -0.5521 0.2072
Y 0.5448 0.8330 0.0961
Z -0.2256 0.0353 0.9736

PART 9
OFFSET 1.5771 -2.7254 -11.9701
SCALE 1 1 1
X 0.8480 0.5108 0.1412
Y -0.4830 0.8546 -0.1907
Z -0.2181 0.0935 0.9714

PART 10
OFFSET 0.6178 -3.3041 -12.1370
SCALE 1 1 1
X -0.3278 -0.9435 -0.0485
Y -0.9292 0.3313 -0.1638
Z 0.1706 -0.0086 -0.9853

PART 11
OFFSET 0.0000 0.0000 0.0000
SCALE 1 1 1
X 1.0000 0.0000 0.0000
Y 0.0000 1.0000 0.0000
Z 0.0000 0.0000 1.0000

PART 12
OFFSET -0.0010 -0.0010 -0.0010
SCALE 1 1 1
X 1.0000 -0.0000 0.0000
Y 0.0000 1.0000 -0.0000
Z -0.0000 0.0000 1.0000

PART 13
OFFSET 0.0000 -0.0000 0.0000
SCALE 1 1 1
X 1.0000 -0.0000 0.0000
Y 0.0000 1.0000 -0.0000
Z -0.0000 0.0000 1.0000

PART 14
OFFSET 17.8097 -4.7838 -5.6106
SCALE 1 1 1
X 0.0577 -0.9863 0.1542
Y 0.4001 -0.1187 -0.9088
Z 0.9147 0.1142 0.3878

PART 15
OFFSET 17.7879 -5.3493 -9.3452
SCALE 1 1 1
X -0.1279 -0.1925 0.9729
Y -0.4453 0.8877 0.1171
Z -0.8862 -0.4183 -0.1993

PART 16
OFFSET 17.5381 -5.7255 -7.4445
SCALE 1 1 1
X -0.3752 0.3265 0.8675
Y -0.2659 0.8587 -0.4382
Z -0.8880 -0.3950 -0.2353

PART 17
OFFSET 16.9901 -5.2485 -6.1773
SCALE 1 1 1
X -0.4528 0.7584 0.4688
Y 0.0452 0.5447 -0.8374
Z -0.8904 -0.3580 -0.2809

PART 18
OFFSET 16.4709 -4.3925 -5.6478
SCALE 1 1 1
X 0.3753 -0.9065 0.1934
Y 0.2588 -0.0979 -0.9610
Z 0.8901 0.4107 0.1979

PART 19
OFFSET 6.7692 -3.4625 -9.3068
SCALE 1 1 1
X 0.9829 -0.0542 0.1760
Y 0.0564 0.9984 -0.0076
Z -0.1753 0.0174 0.9844

PART 20
OFFSET -5.3363 -7.9373 -3.1869
SCALE 1 1 1
X 0.6484 -0.0745 0.7576
Y -0.2223 -0.9703 0.0949
Z 0.7281 -0.2300 -0.6457

PART 21
OFFSET -13.1782 -7.0365 -12.3497
SCALE 1 1 1
X -0.9831 -0.1830 -0.0105
Y -0.0353 0.2452 -0.9688
Z 0.1798 -0.9520 -0.2475

PART 22
OFFSET -4.8168 -5.4801 -12.2607
SCALE 1 1 1
X -0.9831 -0.1830 -0.0105
Y 0.0180 -0.0397 -0.9990
Z 0.1824 -0.9823 0.0424

PART 23
OFFSET -3.6005 -4.2142 -11.1998
SCALE 1 1 1
X -0.9833 -0.1818 -0.0040
Y -0.1765 0.9489 0.2614
Z -0.0437 0.2578 -0.9652

PART 24
OFFSET -3.0984 -4.8628 -10.3855
SCALE 1 1 1
X -0.9833 -0.1818 -0.0040
Y -0.1765 0.9489 0.2614
Z -0.0437 0.2578 -0.9652

PART 25
OFFSET -2.7425 -6.1842 -11.2180
SCALE 1 1 1
X -0.9833 -0.1818 -0.0040
Y -0.1765 0.9489 0.2614
Z -0.0437 0.2578 -0.9652

PART 26
OFFSET -1.8031 -4.9192 -12.2286
SCALE 1 1 1
X -0.9820 0.0512 -0.1818
Y 0.1816 -0.0096 -0.9833
Z -0.0521 -0.9986 0.0001

PART 27
OFFSET -1.5152 -4.5229 -11.1979
SCALE 1 1 1
X -0.5795 -0.4355 -0.6889
Y 0.6068 0.3337 -0.7214
Z 0.5440 -0.8361 0.0708

PART 28
OFFSET -0.3554 -3.5700 -9.6433
SCALE 1 1 1
X -0.9341 -0.3332 -0.1282
Y 0.1745 -0.1128 -0.9782
Z 0.3114 -0.9361 0.1635

PART 29
OFFSET 1.1281 -2.9341 -9.5130
SCALE 1 1 1
X -0.8537 -0.3741 0.3624
Y -0.2789 -0.2593 -0.9247
Z 0.4399 -0.8904 0.1170

PART 30
OFFSET 2.0358 -2.4843 -9.8944
SCALE 1 1 1
X -0.9702 0.2423 0.0018
Y 0.2423 0.9700 -0.0214
Z -0.0069 -0.0203 -0.9998

PART 31
OFFSET -0.7672 -4.7710 -13.1277
SCALE 1 1 1
X -0.9110 0.0046 0.4123
Y 0.0116 -0.9993 0.0368
Z 0.4121 0.0383 0.9103

PART 32
OFFSET 1.3384 -4.6532 -13.9259
SCALE 1 1 1
X -0.7723 -0.6065 -0.1890
Y 0.6185 -0.7858 -0.0060
Z -0.1449 -0.1215 0.9820

PART 33
OFFSET 2.4319 -3.7946 -13.6584
SCALE 1 1 1
X 0.6553 -0.7548 0.0309
Y 0.7288 0.6424 0.2368
Z -0.1986 -0.1326 0.9711

PART 34
OFFSET 1.8509 -3.1254 -13.6858
SCALE 1 1 1
X 0.9735 0.1565 0.1669
Y -0.1678 0.9842 0.0562
Z -0.1555 -0.0827 0.9844

PART 35
OFFSET 0.9261 -3.2741 -13.8444
SCALE 1 1 1
X -0.6167 -0.7256 -0.3053
Y -0.7728 0.6319 0.0594
Z 0.1498 0.2725 -0.9504

PART 36
OFFSET -0.6791 -4.9153 -12.4342
SCALE 1 1 1
X -0.9906 0.0457 0.1290
Y -0.0399 -0.9981 0.0470
Z 0.1309 0.0414 0.9905

PART 37
OFFSET 1.8715 -5.0621 -12.9150
SCALE 1 1 1
X -0.5074 -0.8598 -0.0577
Y 0.8595 -0.5098 0.0380
Z -0.0621 -0.0303 0.9976

PART 38
OFFSET 2.7354 -3.5983 -12.8168
SCALE 1 1 1
X 0.8742 -0.4830 0.0490
Y 0.4784 0.8742 0.0826
Z -0.0828 -0.0488 0.9954

PART 39
OFFSET 1.5238 -2.9289 -12.8848
SCALE 1 1 1
X 0.7543 0.6492 0.0972
Y -0.6505 0.7592 -0.0226
Z -0.0885 -0.0461 0.9950

PART 40
OFFSET 0.7056 -3.6330 -12.9901
SCALE 1 1 1
X -0.2508 -0.9679 -0.0177
Y -0.9609 0.2511 -0.1170
Z 0.1177 -0.0123 -0.9930

PART 41
OFFSET -0.6791 -4.9153 -12.4342
SCALE 1 1 1
X -0.9906 0.0457 0.1290
Y -0.0399 -0.9981 0.0470
Z 0.1309 0.0414 0.9905

PART 42
OFFSET -0.6791 -4.9153 -12.4342
SCALE 1 1 1
X -0.9906 0.0457 0.1290
Y -0.0399 -0.9981 0.0470
Z 0.1309 0.0414 0.9905

PART 43
OFFSET 3.7075 0.0000 -1.3770
SCALE 1 1 1
X 1.0000 0.0000 0.0000
Y 0.0000 1.0000 0.0000
Z 0.0000 0.0000 1.0000

PART 44
OFFSET -0.0838 7.9373 -3.1869
SCALE 1 1 1
X 0.7270 -0.1097 -0.6778
Y -0.2976 -0.9400 -0.1671
Z -0.6188 0.3232 -0.7160

PART 45
OFFSET 8.7087 6.6104 -11.3841
SCALE 1 1 1
X 0.6543 -0.7317 0.1912
Y -0.4953 -0.2236 0.8394
Z -0.5714 -0.6439 -0.5087

PART 46
OFFSET 14.2739 0.3873 -9.7582
SCALE 1 1 1
X 0.6543 -0.7317 0.1912
Y 0.7058 0.6816 0.1931
Z -0.2716 0.0085 0.9624

PART 47
OFFSET 16.5761 0.7094 -9.0995
SCALE 1 1 1
X 0.6588 -0.7285 0.1875
Y 0.5766 0.6492 0.4961
Z -0.4831 -0.2187 0.8478

PART 48
OFFSET 15.1420 -0.5442 -10.9899
SCALE 1 1 1
X 0.6588 -0.7285 0.1875
Y 0.5766 0.6492 0.4961
Z -0.4831 -0.2187 0.8478

PART 49
OFFSET 15.7097 -0.3560 -7.4782
SCALE 1 1 1
X 0.6588 -0.7285 0.1875
Y 0.5766 0.6492 0.4961
Z -0.4831 -0.2187 0.8478

PART 50
OFFSET 14.6653 -1.3702 -8.3066
SCALE 1 1 1
X 0.6588 -0.7285 0.1875
Y 0.5766 0.6492 0.4961
Z -0.4831 -0.2187 0.8478

PART 51
OFFSET 13.5930 -2.0757 -9.3303
SCALE 1 1 1
X 0.6588 -0.7285 0.1875
Y 0.5766 0.6492 0.4961
Z -0.4831 -0.2187 0.8478

PART 52
OFFSET 16.2798 -1.8557 -9.1722
SCALE 1 1 1
X 0.4645 -0.8853 0.0208
Y 0.8673 0.4596 0.1914
Z -0.1790 -0.0708 0.9813

PART 53
OFFSET 17.2522 -1.8396 -8.5752
SCALE 1 1 1
X 0.5469 -0.0412 0.8362
Y 0.4123 0.8825 -0.2262
Z -0.7286 0.4685 0.4997

PART 54
OFFSET 18.4330 -1.8144 -6.7655
SCALE 1 1 1
X 0.3015 -0.7240 0.6204
Y 0.6025 0.6490 0.4646
Z -0.7390 0.2337 0.6318

PART 55
OFFSET 18.8010 -2.9958 -5.7209
SCALE 1 1 1
X -0.1753 -0.9164 0.3598
Y 0.6578 0.1629 0.7354
Z -0.7325 0.3656 0.5743

PART 56
OFFSET 18.5891 -3.9673 -5.2931
SCALE 1 1 1
X 0.4767 -0.8778 0.0483
Y 0.4608 0.2027 -0.8640
Z 0.7486 0.4341 0.5011

PART 57
OFFSET 15.7080 -3.1113 -9.1612
SCALE 1 1 1
X -0.1219 -0.9913 -0.0501
Y -0.2320 -0.0206 0.9725
Z -0.9651 0.1302 -0.2274

PART 58
OFFSET 15.5462 -5.3600 -9.1213
SCALE 1 1 1
X -0.1614 -0.2150 0.9632
Y -0.1251 0.9726 0.1961
Z -0.9789 -0.0888 -0.1839

PART 59
OFFSET 15.3176 -5.6644 -7.7576
SCALE 1 1 1
X -0.1706 0.2918 0.9411
Y -0.0752 0.9485 -0.3077
Z -0.9825 -0.1233 -0.1399

PART 60
OFFSET 15.1663 -5.4057 -6.9232
SCALE 1 1 1
X -0.1350 0.8755 0.4640
Y 0.1187 0.4792 -0.8696
Z -0.9837 -0.0624 -0.1686

PART 61
OFFSET 15.0381 -4.5740 -6.4824
SCALE 1 1 1
X 0.1710 -0.9614 0.2154
Y 0.0522 -0.2095 -0.9764
Z 0.9839 0.1782 0.0143

PART 62
OFFSET 16.4116 -2.9907 -9.1664
SCALE 1 1 1
X 0.1746 -0.9841 -0.0330
Y -0.2264 -0.0728 0.9713
Z -0.9582 -0.1621 -0.2355

PART 63
OFFSET 16.7275 -5.5672 -9.3086
SCALE 1 1 1
X -0.1927 -0.0920 0.9769
Y -0.2537 0.9664 0.0410
Z -0.9479 -0.2400 -0.2095

PART 64
OFFSET 16.3995 -5.7239 -7.6454
SCALE 1 1 1
X -0.2763 0.4108 0.8689
Y -0.1421 0.8767 -0.4596
Z -0.9505 -0.2504 -0.1838

PART 65
OFFSET 16.0166 -5.1546 -6.4412
SCALE 1 1 1
X -0.3161 0.7698 0.5544
Y 0.0051 0.5858 -0.8105
Z -0.9487 -0.2534 -0.1891

PART 66
OFFSET 15.6737 -4.3197 -5.8399
SCALE 1 1 1
X 0.2094 -0.9778 -0.0006
Y 0.2261 0.0490 -0.9729
Z 0.9513 0.2036 0.2314

PART 67
OFFSET 18.9928 -3.8932 -8.2780
SCALE 1 1 1
X 0.2195 -0.9416 0.2554
Y 0.3400 -0.1716 -0.9246
Z 0.9144 0.2899 0.2825

PART 68
OFFSET 18.8105 -4.9325 -9.3113
SCALE 1 1 1
X -0.1181 -0.3386 0.9335
Y -0.4161 0.8704 0.2631
Z -0.9016 -0.3573 -0.2437

PART 69
OFFSET 18.6025 -5.5287 -7.6678
SCALE 1 1 1
X -0.3584 0.1862 0.9148
Y -0.3192 0.8964 -0.3076
Z -0.8773 -0.4023 -0.2618

PART 70
OFFSET 18.2201 -5.2779 -6.5398
SCALE 1 1 1
X -0.3633 0.4374 0.8226
Y -0.2154 0.8196 -0.5309
Z -0.9064 -0.3700 -0.2036

PART 71
OFFSET 6.7692 -3.4625 -9.3068
SCALE 1 1 1
X 0.9829 -0.0542 0.1760
Y 0.0564 0.9984 -0.0076
Z -0.1753 0.0174 0.9844

PART 72
OFFSET 8.6393 -5.0421 -7.5893
SCALE 1 1 1
X 0.9791 -0.0538 0.1961
Y 0.0564 0.9984 -0.0076
Z -0.1954 0.0185 0.9806

PART 73
OFFSET 10.9905 -2.3201 -6.7234
SCALE 1 1 1
X 0.9829 -0.0542 0.1760
Y 0.0564 0.9984 -0.0076
Z -0.1753 0.0174 0.9844

PART 74
OFFSET 30.8039 -4.7845 -4.6586
SCALE 1 1 1
X 0.3972 -0.0294 -0.9173
Y 0.0564 0.9984 -0.0076
Z 0.9160 -0.0487 0.3982

PART 75
OFFSET 13.0864 -3.7925 -5.7933
SCALE 1 1 1
X 0.9829 -0.0542 0.1760
Y 0.0564 0.9984 -0.0076
Z -0.1753 0.0174 0.9844

PART 76
OFFSET 10.7678 -2.7416 -6.9090
SCALE 1 1 1
X -0.1753 0.0174 0.9844
Y 0.0564 0.9984 -0.0076
Z -0.9829 0.0542 -0.1760

PART 77
OFFSET 10.8294 -2.2722 -7.1120
SCALE 1 1 1
X -0.0880 0.7000 0.7087
Y 0.1586 0.7123 -0.6838
Z -0.9834 0.0522 -0.1737

PART 78
OFFSET 10.9223 -1.9319 -7.5450
SCALE 1 1 1
X -0.0562 0.8145 0.5774
Y 0.1653 0.5779 -0.7992
Z -0.9846 0.0505 -0.1671

PART 79
OFFSET 11.0100 -1.5452 -7.9631
SCALE 1 1 1
X -0.0937 0.6256 0.7745
Y 0.1342 0.7787 -0.6128
Z -0.9865 0.0465 -0.1569

PART 80
OFFSET 11.0787 -1.0502 -8.2505
SCALE 1 1 1
X -0.1137 0.3984 0.9101
Y 0.1060 0.9157 -0.3877
Z -0.9878 0.0524 -0.1463

PART 81
OFFSET 11.1364 -0.4987 -8.4204
SCALE 1 1 1
X -0.1106 0.2141 0.9705
Y 0.0960 0.9743 -0.2040
Z -0.9892 0.0705 -0.1283

PART 82
OFFSET 11.1896 0.0637 -8.4971
SCALE 1 1 1
X -0.0935 0.0864 0.9919
Y 0.0880 0.9930 -0.0782
Z -0.9917 0.0800 -0.1005

PART 83
OFFSET 11.2344 0.6354 -8.5266
SCALE 1 1 1
X -0.0769 0.0446 0.9960
Y 0.0660 0.9970 -0.0395
Z -0.9948 0.0627 -0.0796

PART 84
OFFSET 11.2651 1.2254 -8.5590
SCALE 1 1 1
X -0.0750 0.0785 0.9941
Y 0.0425 0.9962 -0.0754
Z -0.9963 0.0366 -0.0780

PART 85
OFFSET 11.2973 1.8308 -8.6161
SCALE 1 1 1
X -0.0875 0.1164 0.9893
Y 0.0736 0.9912 -0.1101
Z -0.9934 0.0632 -0.0953

PART 86
OFFSET 11.3681 2.4372 -8.6915
SCALE 1 1 1
X -0.0988 0.1508 0.9836
Y 0.1667 0.9770 -0.1331
Z -0.9810 0.1508 -0.1217

PART 87
OFFSET 11.5011 3.0349 -8.7828
SCALE 1 1 1
X -0.0942 0.1957 0.9761
Y 0.2487 0.9540 -0.1672
Z -0.9640 0.2270 -0.1385

PART 88
OFFSET 11.6633 3.6355 -8.9086
SCALE 1 1 1
X -0.0697 0.2581 0.9636
Y 0.2489 0.9399 -0.2338
Z -0.9660 0.2236 -0.1297

PART 89
OFFSET 11.8087 4.2541 -9.0917
SCALE 1 1 1
X -0.0239 0.3276 0.9445
Y 0.1906 0.9289 -0.3174
Z -0.9814 0.1724 -0.0847

PART 90
OFFSET 11.9281 4.8697 -9.3249
SCALE 1 1 1
X 0.0323 0.3765 0.9258
Y 0.1759 0.9097 -0.3761
Z -0.9839 0.1749 -0.0369

PART 91
OFFSET 12.0484 5.4251 -9.5711
SCALE 1 1 1
X 0.0837 0.4095 0.9084
Y 0.2265 0.8800 -0.4176
Z -0.9704 0.2407 -0.0191

PART 92
OFFSET 12.1923 5.8853 -9.8182
SCALE 1 1 1
X 0.1554 0.4910 0.8572
Y 0.2943 0.8053 -0.5147
Z -0.9430 0.3323 -0.0194

PART 93
OFFSET 12.3600 6.3107 -10.1588
SCALE 1 1 1
X 0.2739 0.6135 0.7407
Y 0.2797 0.6860 -0.6717
Z -0.9202 0.3912 0.0163

PART 94
OFFSET 12.5473 6.7819 -10.7006
SCALE 1 1 1
X 0.3777 0.6603 0.6491
Y 0.2408 0.6068 -0.7575
Z -0.8941 0.4424 0.0702

PART 95
OFFSET 12.7789 7.2992 -11.2966
SCALE 1 1 1
X 0.3346 0.5524 0.7635
Y 0.3565 0.6758 -0.6451
Z -0.8723 0.4880 0.0292


FRAME 111
PART 0
OFFSET 14.7488 -2.8138 -10.4400
SCALE 1 1 1
X 0.2029 -0.9791 -0.0101
Y -0.3395 -0.0800 0.9372
Z -0.9184 -0.1867 -0.3487

PART 1
OFFSET 14.7488 -2.8138 -10.4400
SCALE 1 1 1
X 0.2029 -0.9791 -0.0101
Y -0.3395 -0.0800 0.9372
Z -0.9184 -0.1867 -0.3487

PART 2
OFFSET -7.1463 -5.6375 -16.1033
SCALE 1 1 1
X -0.9625 -0.2529 -0.0976
Y -0.2409 0.9631 -0.1199
Z 0.1243 -0.0919 -0.9880

PART 3
OFFSET 0.5732 -5.6819 -13.7835
SCALE 1 1 1
X -0.6489 -0.7439 -0.1595
Y 0.7129 -0.6678 0.2142
Z -0.2659 0.0253 0.9637

PART 4
OFFSET 1.7158 -4.3721 -13.5026
SCALE 1 1 1
X 0.4111 -0.8914 0.1907
Y 0.8604 0.4486 0.2417
Z -0.3010 0.0647 0.9514

PART 5
OFFSET 1.1977 -3.2845 -13.6767
SCALE 1 1 1
X 0.9531 0.1731 0.2484
Y -0.1646 0.9848 -0.0549
Z -0.2541 0.0114 0.9671

PART 6
OFFSET 0.1212 -3.4801 -13.9573
SCALE 1 1 1
X -0.2331 -0.9422 0.2407
Y -0.9157 0.1294 -0.3804
Z 0.3273 -0.3091 -0.8929

PART 7
OFFSET 0.8000 -5.5037 -14.8500
SCALE 1 1 1
X -0.3645 -0.9195 -0.1470
Y 0.8540 -0.3931 0.3408
Z -0.3712 -0.0013 0.9286

PART 8
OFFSET 1.5122 -3.7074 -14.5628
SCALE 1 1 1
X 0.7910 -0.5312 0.3037
Y 0.5075 0.8468 0.1593
Z -0.3418 0.0281 0.9393

PART 9
OFFSET 0.3569 -2.9315 -15.0064
SCALE 1 1 1
X 0.8113 0.5326 0.2412
Y -0.4787 0.8420 -0.2489
Z -0.3356 0.0865 0.9380

PART 10
OFFSET -0.5599 -3.5347 -15.2863
SCALE 1 1 1
X -0.2949 -0.9517 -0.0859
Y -0.9111 0.3072 -0.2749
Z 0.2880 -0.0028 -0.9576

PART 11
OFFSET 0.0000 0.0000 0.0000
SCALE 1 1 1
X 1.0000 0.0000 0.0000
Y 0.0000 1.0000 0.0000
Z 0.0000 0.0000 1.0000

PART 12
