// Export filename: `C:/cod5/cod/cod5/xanim_export/viewmodel/US/30cal/viewmodel_30cal_putaway_empty.XANIM_EXPORT`
// Source filename: `C:/cod5/cod/cod5/animation_assets/viewmodel/US/30_cal/viewmodelanimation_30_cal.mb`
// Export time: Fri Jul 25 17:00:55 2008

ANIMATION
VERSION 3

NUMPARTS 96
PART 0 "RingPalm_FK_LE"
PART 1 "RingPalm_SDK_LE"
PART 2 "J_Webbing_RI"
PART 3 "J_Index_RI_0"
PART 4 "J_Index_RI_1"
PART 5 "J_Index_RI_2"
PART 6 "J_Index_RI_3"
PART 7 "J_Mid_RI_0"
PART 8 "J_Mid_RI_1"
PART 9 "J_Mid_RI_2"
PART 10 "J_Mid_RI_3"
PART 11 "tag_cambone"
PART 12 "tag_camera"
PART 13 "tag_gasmask"
PART 14 "J_Index_LE_3"
PART 15 "J_Mid_LE_0"
PART 16 "J_Mid_LE_1"
PART 17 "J_Mid_LE_2"
PART 18 "J_Mid_LE_3"
PART 19 "tag_weapon"
PART 20 "J_Shoulder_RI"
PART 21 "J_Elbow_RI"
PART 22 "J_WristTwist_RI"
PART 23 "J_Sleave_Reshape_Top_RI_3"
PART 24 "J_Sleave_Reshape_Top_RI_2"
PART 25 "J_Sleave_Reshape_Top_RI_1"
PART 26 "J_Wrist_RI"
PART 27 "J_Thumb_RI_0"
PART 28 "J_Thumb_RI_1"
PART 29 "J_Thumb_RI_2"
PART 30 "J_Thumb_RI_3"
PART 31 "J_PinkyPalm_RI"
PART 32 "J_Pinky_RI_0"
PART 33 "J_Pinky_RI_1"
PART 34 "J_Pinky_RI_2"
PART 35 "J_Pinky_RI_3"
PART 36 "J_RingPalm_RI"
PART 37 "J_Ring_RI_0"
PART 38 "J_Ring_RI_1"
PART 39 "J_Ring_RI_2"
PART 40 "J_Ring_RI_3"
PART 41 "RingPalm_FK_RI"
PART 42 "RingPalm_SDK_RI"
PART 43 "tag_torso"
PART 44 "J_Shoulder_LE"
PART 45 "J_Elbow_LE"
PART 46 "J_WristTwist_LE"
PART 47 "J_Sleave_Reshape_Bottom_LE_1"
PART 48 "J_Sleave_Reshape_Bottom_LE_2"
PART 49 "J_Sleave_Reshape_Top_LE_1"
PART 50 "J_Sleave_Reshape_Top_LE_2"
PART 51 "J_Sleave_Reshape_Top_LE_3"
PART 52 "J_Wrist_LE"
PART 53 "J_Thumb_LE_0"
PART 54 "J_Thumb_LE_1"
PART 55 "J_Thumb_LE_2"
PART 56 "J_Thumb_LE_3"
PART 57 "J_PinkyPalm_LE"
PART 58 "J_Pinky_LE_0"
PART 59 "J_Pinky_LE_1"
PART 60 "J_Pinky_LE_2"
PART 61 "J_Pinky_LE_3"
PART 62 "J_RingPalm_LE"
PART 63 "J_Ring_LE_0"
PART 64 "J_Ring_LE_1"
PART 65 "J_Ring_LE_2"
PART 66 "J_Ring_LE_3"
PART 67 "J_Webbing_LE"
PART 68 "J_Index_LE_0"
PART 69 "J_Index_LE_1"
PART 70 "J_Index_LE_2"
PART 71 "J_Gun"
PART 72 "J_Bolt"
PART 73 "J_Clip"
PART 74 "tag_bipod"
PART 75 "tag_top"
PART 76 "ammo01_jnt"
PART 77 "ammo02_jnt"
PART 78 "ammo03_jnt"
PART 79 "ammo04_jnt"
PART 80 "ammo05_jnt"
PART 81 "ammo06_jnt"
PART 82 "ammo07_jnt"
PART 83 "ammo08_jnt"
PART 84 "ammo09_jnt"
PART 85 "ammo10_jnt"
PART 86 "ammo11_jnt"
PART 87 "ammo12_jnt"
PART 88 "ammo13_jnt"
PART 89 "ammo14_jnt"
PART 90 "ammo15_jnt"
PART 91 "ammo16_jnt"
PART 92 "ammo17_jnt"
PART 93 "ammo18_jnt"
PART 94 "ammo19_jnt"
PART 95 "ammo20_jnt"

FRAMERATE 30
NUMFRAMES 26

FRAME 525
PART 0
OFFSET 18.4454 -2.2567 -7.3033
SCALE 1 1 1
X 0.2603 -0.9633 -0.0652
Y -0.0461 -0.0799 0.9957
Z -0.9644 -0.2561 -0.0652

PART 1
OFFSET 18.4454 -2.2567 -7.3033
SCALE 1 1 1
X 0.2603 -0.9633 -0.0652
Y -0.0461 -0.0799 0.9957
Z -0.9644 -0.2561 -0.0652

PART 2
OFFSET -3.8924 -6.6747 -6.3305
SCALE 1 1 1
X -0.9289 -0.3191 0.1881
Y -0.3331 0.9417 -0.0480
Z -0.1618 -0.1072 -0.9810

PART 3
OFFSET 4.1509 -6.1466 -6.3607
SCALE 1 1 1
X -0.6128 -0.7893 0.0392
Y 0.7899 -0.6132 -0.0004
Z 0.0243 0.0307 0.9992

PART 4
OFFSET 5.2298 -4.7569 -6.4296
SCALE 1 1 1
X 0.5110 -0.8570 0.0659
Y 0.8594 0.5108 -0.0211
Z -0.0156 0.0674 0.9976

PART 5
OFFSET 4.6076 -3.7109 -6.4491
SCALE 1 1 1
X 0.9693 0.2425 -0.0407
Y -0.2430 0.9700 -0.0081
Z 0.0376 0.0178 0.9991

PART 6
OFFSET 3.5127 -3.9848 -6.4031
SCALE 1 1 1
X -0.0856 -0.9496 0.3016
Y -0.9935 0.0586 -0.0976
Z 0.0750 -0.3080 -0.9484

PART 7
OFFSET 4.0450 -5.9794 -7.4476
SCALE 1 1 1
X -0.3252 -0.9451 -0.0311
Y 0.9419 -0.3267 0.0786
Z -0.0844 -0.0037 0.9964

PART 8
OFFSET 4.6804 -4.1331 -7.3868
SCALE 1 1 1
X 0.8807 -0.4696 0.0620
Y 0.4704 0.8825 0.0015
Z -0.0554 0.0278 0.9981

PART 9
OFFSET 3.3940 -3.4472 -7.4774
SCALE 1 1 1
X 0.8064 0.5913 -0.0076
Y -0.5889 0.8018 -0.1017
Z -0.0540 0.0865 0.9948

PART 10
OFFSET 2.4807 -4.1170 -7.4758
SCALE 1 1 1
X -0.2388 -0.9710 0.0072
Y -0.9711 0.2388 0.0015
Z -0.0031 -0.0067 -1.0000

PART 11
OFFSET 0.0000 0.0000 0.0000
SCALE 1 1 1
X 1.0000 0.0000 0.0000
Y 0.0000 1.0000 0.0000
Z 0.0000 0.0000 1.0000

PART 12
OFFSET -0.0000 -0.0000 -0.0000
SCALE 1 1 1
X 1.0000 -0.0000 0.0000
Y 0.0000 1.0000 -0.0000
Z -0.0000 0.0000 1.0000

PART 13
OFFSET -0.0000 -0.0000 -0.0000
SCALE 1 1 1
X 1.0000 -0.0000 0.0000
Y 0.0000 1.0000 -0.0000
Z -0.0000 0.0000 1.0000

PART 14
OFFSET 20.6063 -3.8563 -4.0497
SCALE 1 1 1
X 0.1784 -0.9740 0.1396
Y 0.2457 -0.0933 -0.9649
Z 0.9528 0.2065 0.2226

PART 15
OFFSET 19.9906 -4.4758 -7.7246
SCALE 1 1 1
X 0.0622 -0.1896 0.9799
Y -0.5017 0.8428 0.1950
Z -0.8628 -0.5037 -0.0427

PART 16
OFFSET 20.1122 -4.8462 -5.8103
SCALE 1 1 1
X -0.2484 0.3019 0.9204
Y -0.4195 0.8229 -0.3832
Z -0.8731 -0.4813 -0.0778

PART 17
OFFSET 19.7494 -4.4052 -4.4660
SCALE 1 1 1
X -0.4355 0.7185 0.5423
Y -0.1537 0.5342 -0.8313
Z -0.8870 -0.4453 -0.1222

PART 18
OFFSET 19.2500 -3.5949 -3.8521
SCALE 1 1 1
X 0.4888 -0.8637 0.1229
Y 0.0961 -0.0868 -0.9916
Z 0.8671 0.4965 0.0406

PART 19
OFFSET 9.0164 -3.6472 -5.7617
SCALE 1 1 1
X 0.9991 0.0423 0.0018
Y -0.0423 0.9990 -0.0151
Z -0.0025 0.0150 0.9999

PART 20
OFFSET -3.5797 -7.9373 -3.1869
SCALE 1 1 1
X 0.4768 -0.1703 0.8624
Y -0.2769 -0.9602 -0.0365
Z 0.8343 -0.2214 -0.5050

PART 21
OFFSET -9.3460 -5.8779 -13.6163
SCALE 1 1 1
X -0.8291 0.0068 -0.5590
Y 0.5269 0.3440 -0.7772
Z 0.1870 -0.9389 -0.2888

PART 22
OFFSET -2.2940 -5.9358 -8.8614
SCALE 1 1 1
X -0.8291 0.0068 -0.5590
Y 0.5591 0.0016 -0.8291
Z -0.0048 -1.0000 -0.0051

PART 23
OFFSET -1.7429 -4.9995 -7.0940
SCALE 1 1 1
X -0.8328 0.0073 -0.5536
Y -0.1922 0.9339 0.3015
Z 0.5192 0.3575 -0.7763

PART 24
OFFSET -1.8424 -5.7884 -6.2706
SCALE 1 1 1
X -0.8328 0.0073 -0.5536
Y -0.1922 0.9339 0.3015
Z 0.5192 0.3575 -0.7763

PART 25
OFFSET -1.1775 -7.0926 -7.0950
SCALE 1 1 1
X -0.8328 0.0073 -0.5536
Y -0.1922 0.9339 0.3015
Z 0.5192 0.3575 -0.7763

PART 26
OFFSET 0.2478 -5.9566 -7.1476
SCALE 1 1 1
X -0.9989 -0.0452 -0.0077
Y 0.0080 -0.0066 -0.9999
Z 0.0452 -0.9990 0.0070

PART 27
OFFSET 0.6708 -5.5197 -6.1820
SCALE 1 1 1
X -0.6457 -0.4987 -0.5783
Y 0.4372 0.3795 -0.8154
Z 0.6261 -0.7793 -0.0270

PART 28
OFFSET 1.9857 -4.4381 -4.8512
SCALE 1 1 1
X -0.9057 -0.4225 0.0358
Y 0.0120 -0.1099 -0.9939
Z 0.4238 -0.8997 0.1046

PART 29
OFFSET 3.4009 -3.6618 -4.9801
SCALE 1 1 1
X -0.7376 -0.4484 0.5048
Y -0.4090 -0.2981 -0.8625
Z 0.5373 -0.8426 0.0365

PART 30
OFFSET 4.1810 -3.1332 -5.5129
SCALE 1 1 1
X -0.9739 0.1488 0.1714
Y 0.1402 0.9882 -0.0611
Z -0.1785 -0.0355 -0.9833

PART 31
OFFSET 1.0926 -5.7235 -8.2132
SCALE 1 1 1
X -0.8217 -0.0762 0.5648
Y 0.1141 -0.9930 0.0320
Z 0.5584 0.0907 0.8246

PART 32
OFFSET 3.0061 -5.4173 -9.3660
SCALE 1 1 1
X -0.7313 -0.6800 -0.0528
Y 0.6808 -0.7233 -0.1155
Z 0.0403 -0.1204 0.9919

PART 33
OFFSET 4.0415 -4.4546 -9.2912
SCALE 1 1 1
X 0.7203 -0.6884 -0.0855
Y 0.6935 0.7123 0.1076
Z -0.0132 -0.1368 0.9905

PART 34
OFFSET 3.4029 -3.8443 -9.2154
SCALE 1 1 1
X 0.9680 0.2509 -0.0050
Y -0.2496 0.9645 0.0868
Z 0.0266 -0.0828 0.9962

PART 35
OFFSET 2.4832 -4.0827 -9.2107
SCALE 1 1 1
X -0.5875 -0.7854 -0.1947
Y -0.8080 0.5562 0.1946
Z -0.0446 0.2717 -0.9614

PART 36
OFFSET 1.3132 -5.8487 -7.5459
SCALE 1 1 1
X -0.9528 -0.0470 0.2998
Y 0.0652 -0.9966 0.0510
Z 0.2963 0.0682 0.9526

PART 37
OFFSET 3.7436 -5.7587 -8.4643
SCALE 1 1 1
X -0.4244 -0.9050 0.0297
Y 0.8981 -0.4249 -0.1135
Z 0.1154 -0.0215 0.9931

PART 38
OFFSET 4.4662 -4.2180 -8.5150
SCALE 1 1 1
X 0.9119 -0.3967 -0.1052
Y 0.3990 0.9170 -0.0000
Z 0.0965 -0.0419 0.9945

PART 39
OFFSET 3.2025 -3.6681 -8.3692
SCALE 1 1 1
X 0.6936 0.7195 -0.0344
Y -0.7146 0.6933 0.0928
Z 0.0906 -0.0398 0.9951

PART 40
OFFSET 2.4502 -4.4485 -8.3319
SCALE 1 1 1
X -0.1556 -0.9875 0.0241
Y -0.9862 0.1567 0.0529
Z -0.0560 -0.0155 -0.9983

PART 41
OFFSET 1.3132 -5.8487 -7.5459
SCALE 1 1 1
X -0.9528 -0.0470 0.2998
Y 0.0652 -0.9966 0.0510
Z 0.2963 0.0682 0.9526

PART 42
OFFSET 1.3132 -5.8487 -7.5459
SCALE 1 1 1
X -0.9528 -0.0470 0.2998
Y 0.0652 -0.9966 0.0510
Z 0.2963 0.0682 0.9526

PART 43
OFFSET 3.7075 0.0000 -1.3770
SCALE 1 1 1
X 1.0000 0.0000 0.0000
Y 0.0000 1.0000 0.0000
Z 0.0000 0.0000 1.0000

PART 44
OFFSET -0.0838 7.9373 -3.1869
SCALE 1 1 1
X 0.8406 -0.0974 -0.5328
Y -0.2477 -0.9439 -0.2183
Z -0.4817 0.3154 -0.8176

PART 45
OFFSET 10.0825 6.7593 -9.6305
SCALE 1 1 1
X 0.7020 -0.6826 0.2028
Y -0.5448 -0.3314 0.7703
Z -0.4586 -0.6513 -0.6045

PART 46
OFFSET 16.0537 0.9531 -7.9053
SCALE 1 1 1
X 0.7020 -0.6826 0.2028
Y 0.6875 0.7239 0.0569
Z -0.1857 0.0995 0.9776

PART 47
OFFSET 18.2455 1.4284 -7.0067
SCALE 1 1 1
X 0.7065 -0.6789 0.1999
Y 0.4644 0.6579 0.5928
Z -0.5340 -0.3260 0.7801

PART 48
OFFSET 17.1147 0.2013 -9.1083
SCALE 1 1 1
X 0.7065 -0.6789 0.1999
Y 0.4644 0.6579 0.5928
Z -0.5340 -0.3260 0.7801

PART 49
OFFSET 17.3439 0.1674 -5.5536
SCALE 1 1 1
X 0.7065 -0.6789 0.1999
Y 0.4644 0.6579 0.5928
Z -0.5340 -0.3260 0.7801

PART 50
OFFSET 16.4809 -0.8692 -6.5467
SCALE 1 1 1
X 0.7065 -0.6789 0.1999
Y 0.4644 0.6579 0.5928
Z -0.5340 -0.3260 0.7801

PART 51
OFFSET 15.5780 -1.5867 -7.7152
SCALE 1 1 1
X 0.7065 -0.6789 0.1999
Y 0.4644 0.6579 0.5928
Z -0.5340 -0.3260 0.7801

PART 52
OFFSET 18.2059 -1.1396 -7.2835
SCALE 1 1 1
X 0.5442 -0.8366 -0.0625
Y 0.8390 0.5429 0.0383
Z 0.0018 -0.0733 0.9973

PART 53
OFFSET 19.2611 -1.0222 -6.8650
SCALE 1 1 1
X 0.6853 0.0233 0.7279
Y 0.2797 0.9144 -0.2926
Z -0.6724 0.4041 0.6201

PART 54
OFFSET 20.7303 -0.8582 -5.2889
SCALE 1 1 1
X 0.4730 -0.6829 0.5567
Y 0.6086 0.7102 0.3539
Z -0.6370 0.1714 0.7515

PART 55
OFFSET 21.3863 -1.9837 -4.3272
SCALE 1 1 1
X -0.0210 -0.9236 0.3828
Y 0.7567 0.2355 0.6098
Z -0.6534 0.3025 0.6940

PART 56
OFFSET 21.3466 -2.9647 -3.8711
SCALE 1 1 1
X 0.5601 -0.8275 -0.0376
Y 0.2820 0.2331 -0.9307
Z 0.7789 0.5107 0.3639

PART 57
OFFSET 17.7685 -2.4437 -7.1758
SCALE 1 1 1
X -0.0326 -0.9990 -0.0303
Y -0.0564 -0.0284 0.9980
Z -0.9979 0.0343 -0.0554

PART 58
OFFSET 17.8335 -4.6967 -7.1133
SCALE 1 1 1
X 0.0298 -0.2153 0.9761
Y -0.1823 0.9590 0.2171
Z -0.9828 -0.1844 -0.0106

PART 59
OFFSET 17.8757 -5.0016 -5.7314
SCALE 1 1 1
X -0.0319 0.2879 0.9571
Y -0.2186 0.9324 -0.2878
Z -0.9753 -0.2184 0.0332

PART 60
OFFSET 17.8475 -4.7464 -4.8828
SCALE 1 1 1
X -0.1361 0.8653 0.4824
Y -0.0810 0.4756 -0.8759
Z -0.9874 -0.1583 0.0053

PART 61
OFFSET 17.7182 -3.9243 -4.4245
SCALE 1 1 1
X 0.2977 -0.9375 0.1801
Y -0.0983 -0.2178 -0.9710
Z 0.9496 0.2714 -0.1570

PART 62
OFFSET 18.4454 -2.2567 -7.3033
SCALE 1 1 1
X 0.2603 -0.9633 -0.0652
Y -0.0461 -0.0799 0.9957
Z -0.9644 -0.2561 -0.0652

PART 63
OFFSET 18.9786 -4.7932 -7.5042
SCALE 1 1 1
X -0.0102 -0.0957 0.9954
Y -0.3347 0.9383 0.0868
Z -0.9423 -0.3322 -0.0416

PART 64
OFFSET 18.9612 -4.9561 -5.8096
SCALE 1 1 1
X -0.1594 0.3952 0.9047
Y -0.3036 0.8523 -0.4258
Z -0.9394 -0.3425 -0.0159

PART 65
OFFSET 18.7403 -4.4084 -4.5558
SCALE 1 1 1
X -0.2877 0.7442 0.6028
Y -0.1923 0.5717 -0.7976
Z -0.9382 -0.3454 -0.0214

PART 66
OFFSET 18.4283 -3.6013 -3.9021
SCALE 1 1 1
X 0.2994 -0.9533 -0.0393
Y 0.0478 0.0561 -0.9973
Z 0.9529 0.2967 0.0624

PART 67
OFFSET 21.2166 -2.8960 -6.8806
SCALE 1 1 1
X 0.3503 -0.9125 0.2111
Y 0.1892 -0.1519 -0.9701
Z 0.9173 0.3798 0.1194

PART 68
OFFSET 20.9585 -3.9629 -7.8685
SCALE 1 1 1
X 0.0791 -0.3347 0.9390
Y -0.4460 0.8306 0.3336
Z -0.8915 -0.4451 -0.0836

PART 69
OFFSET 21.0977 -4.5522 -6.2153
SCALE 1 1 1
X -0.2103 0.1646 0.9637
Y -0.4527 0.8573 -0.2452
Z -0.8665 -0.4878 -0.1058

PART 70
OFFSET 20.8946 -4.3225 -5.0373
SCALE 1 1 1
X -0.2553 0.4128 0.8743
Y -0.3823 0.7875 -0.4834
Z -0.8881 -0.4577 -0.0433

PART 71
OFFSET 9.0164 -3.6472 -5.7617
SCALE 1 1 1
X 0.9991 0.0423 0.0018
Y -0.0423 0.9990 -0.0151
Z -0.0025 0.0150 0.9999

PART 72
OFFSET 11.2998 -5.0162 -4.4000
SCALE 1 1 1
X 0.9988 0.0426 0.0223
Y -0.0423 0.9990 -0.0151
Z -0.0229 0.0141 0.9996

PART 73
OFFSET 13.4923 -2.0701 -3.9511
SCALE 1 1 1
X 0.9991 0.0423 0.0018
Y -0.0423 0.9990 -0.0151
Z -0.0025 0.0150 0.9999

PART 74
OFFSET 33.5069 -2.6048 -5.3776
SCALE 1 1 1
X 0.2327 -0.0048 -0.9725
Y -0.0423 0.9990 -0.0151
Z 0.9716 0.0446 0.2323

PART 75
OFFSET 15.8498 -3.3224 -3.4040
SCALE 1 1 1
X 0.9991 0.0423 0.0018
Y -0.0423 0.9990 -0.0151
Z -0.0025 0.0150 0.9999

PART 76
OFFSET 13.2823 -3.6221 -6.8633
SCALE 1 1 1
X -0.0025 0.0150 0.9999
Y -0.0423 0.9990 -0.0151
Z -0.9991 -0.0423 -0.0018

PART 77
OFFSET 13.2573 -3.2809 -6.7785
SCALE 1 1 1
X 0.0315 -0.7713 0.6357
Y -0.1195 0.6286 0.7685
Z -0.9923 -0.1002 -0.0724

PART 78
OFFSET 13.2324 -3.2733 -6.5788
SCALE 1 1 1
X 0.0408 -0.9501 -0.3091
Y -0.1061 -0.3118 0.9442
Z -0.9935 -0.0057 -0.1136

PART 79
OFFSET 13.2076 -3.3460 -6.3707
SCALE 1 1 1
X 0.0413 -0.9643 -0.2615
Y -0.1269 -0.2647 0.9560
Z -0.9911 -0.0063 -0.1333

PART 80
OFFSET 13.1829 -3.3750 -6.2053
SCALE 1 1 1
X 0.0424 -0.9979 -0.0482
Y -0.1676 -0.0547 0.9843
Z -0.9849 -0.0336 -0.1696

PART 81
OFFSET 13.1583 -3.3659 -6.0787
SCALE 1 1 1
X 0.0408 -0.9734 0.2257
Y -0.2129 0.2122 0.9538
Z -0.9762 -0.0870 -0.1986

PART 82
OFFSET 13.1340 -3.3310 -5.9786
SCALE 1 1 1
X 0.0379 -0.9132 0.4058
Y -0.2226 0.3882 0.8943
Z -0.9742 -0.1242 -0.1885

PART 83
OFFSET 13.1096 -3.2868 -5.8697
SCALE 1 1 1
X 0.0394 -0.9439 0.3280
Y -0.1803 0.3161 0.9314
Z -0.9828 -0.0958 -0.1578

PART 84
OFFSET 13.0847 -3.2503 -5.7132
SCALE 1 1 1
X 0.0415 -0.9867 0.1573
Y -0.1340 0.1506 0.9795
Z -0.9901 -0.0617 -0.1260

PART 85
OFFSET 13.0594 -3.2316 -5.5221
SCALE 1 1 1
X 0.0422 -0.9977 0.0528
Y -0.1345 0.0467 0.9898
Z -0.9900 -0.0488 -0.1322

PART 86
OFFSET 13.0339 -3.2336 -5.3609
SCALE 1 1 1
X 0.0423 -0.9943 -0.0981
Y -0.1995 -0.1046 0.9743
Z -0.9790 -0.0216 -0.2027

PART 87
OFFSET 13.0093 -3.2590 -5.2737
SCALE 1 1 1
X 0.0374 -0.8601 -0.5088
Y -0.3044 -0.4947 0.8140
Z -0.9518 0.1244 -0.2803

PART 88
OFFSET 12.9887 -3.3097 -5.2134
SCALE 1 1 1
X 0.0327 -0.7420 -0.6696
Y -0.1793 -0.6635 0.7264
Z -0.9833 0.0963 -0.1547

PART 89
OFFSET 12.9763 -3.3871 -5.1120
SCALE 1 1 1
X 0.0366 -0.8393 -0.5424
Y -0.0347 -0.5435 0.8387
Z -0.9987 -0.0118 -0.0490

PART 90
OFFSET 12.9835 -3.4791 -4.9439
SCALE 1 1 1
X 0.0391 -0.9047 -0.4243
Y 0.1075 -0.4184 0.9019
Z -0.9934 -0.0809 0.0809

PART 91
OFFSET 13.0295 -3.5604 -4.7259
SCALE 1 1 1
X 0.0411 -0.9577 -0.2850
Y 0.2797 -0.2628 0.9234
Z -0.9592 -0.1177 0.2571

PART 92
OFFSET 13.1223 -3.6067 -4.4793
SCALE 1 1 1
X 0.0423 -0.9934 -0.1066
Y 0.3883 -0.0820 0.9179
Z -0.9206 -0.0802 0.3823

PART 93
OFFSET 13.2256 -3.5996 -4.2365
SCALE 1 1 1
X 0.0415 -0.9873 0.1536
Y 0.3706 0.1580 0.9153
Z -0.9279 0.0189 0.3724

PART 94
OFFSET 13.2934 -3.5202 -4.0325
SCALE 1 1 1
X 0.0331 -0.8062 0.5907
Y 0.1829 0.5859 0.7895
Z -0.9826 0.0819 0.1668

PART 95
OFFSET 13.3111 -3.3089 -3.8965
SCALE 1 1 1
X 0.0105 -0.2900 0.9570
Y -0.0054 0.9570 0.2901
Z -0.9999 -0.0083 0.0085


FRAME 526
PART 0
OFFSET 18.8750 -2.3116 -7.0485
SCALE 1 1 1
X 0.2770 -0.9591 -0.0580
Y -0.0783 -0.0827 0.9935
Z -0.9577 -0.2706 -0.0980

PART 1
OFFSET 18.8750 -2.3116 -7.0485
SCALE 1 1 1
X 0.2770 -0.9591 -0.0580
Y -0.0783 -0.0827 0.9935
Z -0.9577 -0.2706 -0.0980

PART 2
OFFSET -3.4127 -7.0710 -6.8327
SCALE 1 1 1
X -0.9297 -0.3335 0.1563
Y -0.3457 0.9366 -0.0576
Z -0.1272 -0.1075 -0.9860

PART 3
OFFSET 4.6181 -6.4206 -6.5922
SCALE 1 1 1
X -0.6016 -0.7986 0.0173
Y 0.7987 -0.6012 0.0251
Z -0.0096 0.0289 0.9995

PART 4
OFFSET 5.6773 -5.0145 -6.6227
SCALE 1 1 1
X 0.5216 -0.8493 0.0816
Y 0.8517 0.5239 0.0086
Z -0.0500 0.0650 0.9966

PART 5
OFFSET 5.0402 -3.9781 -6.6613
SCALE 1 1 1
X 0.9663 0.2573 -0.0078
Y -0.2573 0.9662 -0.0147
Z 0.0038 0.0162 0.9999

PART 6
OFFSET 3.9487 -4.2687 -6.6525
SCALE 1 1 1
X -0.0812 -0.9514 0.2970
Y -0.9905 0.0437 -0.1307
Z 0.1114 -0.3048 -0.9459

PART 7
OFFSET 4.5461 -6.2527 -7.6818
SCALE 1 1 1
X -0.3096 -0.9499 -0.0435
Y 0.9436 -0.3125 0.1096
Z -0.1177 -0.0071 0.9930

PART 8
OFFSET 5.1508 -4.3970 -7.5967
SCALE 1 1 1
X 0.8852 -0.4562 0.0907
Y 0.4565 0.8895 0.0187
Z -0.0892 0.0248 0.9957

PART 9
OFFSET 3.8578 -3.7306 -7.7292
SCALE 1 1 1
X 0.7971 0.6035 0.0204
Y -0.5973 0.7930 -0.1201
Z -0.0886 0.0835 0.9926

PART 10
OFFSET 2.9553 -4.4142 -7.7594
SCALE 1 1 1
X -0.2240 -0.9746 -0.0024
Y -0.9741 0.2240 -0.0307
Z 0.0305 -0.0045 -0.9995

PART 11
OFFSET 0.0000 0.0000 0.0000
SCALE 1 1 1
X 1.0000 0.0000 0.0000
Y 0.0000 1.0000 0.0000
Z 0.0000 0.0000 1.0000

PART 12
OFFSET -0.0000 -0.0000 -0.0000
SCALE 1 1 1
X 1.0000 -0.0000 0.0000
Y 0.0000 1.0000 -0.0000
Z -0.0000 0.0000 1.0000

PART 13
OFFSET -0.0000 -0.0000 -0.0000
SCALE 1 1 1
X 1.0000 -0.0000 0.0000
Y 0.0000 1.0000 -0.0000
Z -0.0000 0.0000 1.0000

PART 14
OFFSET 20.9498 -3.8852 -3.7269
SCALE 1 1 1
X 0.1885 -0.9715 0.1439
Y 0.2792 -0.0874 -0.9562
Z 0.9415 0.2204 0.2548

PART 15
OFFSET 20.4672 -4.5060 -7.4213
SCALE 1 1 1
X 0.0323 -0.1908 0.9811
Y -0.5207 0.8347 0.1794
Z -0.8531 -0.5167 -0.0724

PART 16
OFFSET 20.5302 -4.8788 -5.5047
SCALE 1 1 1
X -0.2837 0.2961 0.9120
Y -0.4189 0.8173 -0.3957
Z -0.8626 -0.4943 -0.1078

PART 17
OFFSET 20.1158 -4.4462 -4.1726
SCALE 1 1 1
X -0.4643 0.7107 0.5286
Y -0.1339 0.5336 -0.8351
Z -0.8755 -0.4585 -0.1526

PART 18
OFFSET 19.5838 -3.6450 -3.5744
SCALE 1 1 1
X 0.4975 -0.8564 0.1378
Y 0.1306 -0.0831 -0.9879
Z 0.8576 0.5095 0.0705

PART 19
OFFSET 9.4220 -3.8487 -5.8263
SCALE 1 1 1
X 0.9977 0.0575 0.0354
Y -0.0570 0.9983 -0.0148
Z -0.0362 0.0128 0.9993

PART 20
OFFSET -3.5797 -7.9373 -3.1869
SCALE 1 1 1
X 0.4389 -0.1375 0.8879
Y -0.3260 -0.9452 0.0148
Z 0.8373 -0.2960 -0.4597

PART 21
OFFSET -8.8882 -6.2748 -13.9256
SCALE 1 1 1
X -0.8322 0.0012 -0.5545
Y 0.5349 0.2655 -0.8021
Z 0.1463 -0.9641 -0.2216

PART 22
OFFSET -1.8102 -6.2847 -9.2092
SCALE 1 1 1
X -0.8322 0.0012 -0.5545
Y 0.5545 0.0101 -0.8321
Z 0.0046 -0.9999 -0.0090

PART 23
OFFSET -1.1991 -5.3030 -7.5302
SCALE 1 1 1
X -0.8358 0.0022 -0.5491
Y -0.1516 0.9602 0.2346
Z 0.5278 0.2794 -0.8021

PART 24
OFFSET -1.3209 -6.0605 -6.6573
SCALE 1 1 1
X -0.8358 0.0022 -0.5491
Y -0.1516 0.9602 0.2346
Z 0.5278 0.2794 -0.8021

PART 25
OFFSET -0.7897 -7.3884 -7.2779
SCALE 1 1 1
X -0.8358 0.0022 -0.5491
Y -0.1516 0.9602 0.2346
Z 0.5278 0.2794 -0.8021

PART 26
OFFSET 0.7410 -6.2883 -7.5093
SCALE 1 1 1
X -0.9973 -0.0604 -0.0413
Y 0.0416 -0.0043 -0.9991
Z 0.0602 -0.9982 0.0068

PART 27
OFFSET 1.1247 -5.8471 -6.5293
SCALE 1 1 1
X -0.6182 -0.5072 -0.6004
Y 0.4584 0.3878 -0.7996
Z 0.6385 -0.7696 -0.0072

PART 28
OFFSET 2.3776 -4.7484 -5.1534
SCALE 1 1 1
X -0.8998 -0.4363 0.0047
Y 0.0469 -0.1076 -0.9931
Z 0.4338 -0.8933 0.1173

PART 29
OFFSET 3.7844 -3.9505 -5.2334
SCALE 1 1 1
X -0.7472 -0.4607 0.4790
Y -0.3752 -0.3025 -0.8762
Z 0.5485 -0.8344 0.0531

PART 30
OFFSET 4.5737 -3.4089 -5.7390
SCALE 1 1 1
X -0.9813 0.1336 0.1389
Y 0.1271 0.9904 -0.0548
Z -0.1449 -0.0361 -0.9888

PART 31
OFFSET 1.6174 -6.0401 -8.5455
SCALE 1 1 1
X -0.8389 -0.0899 0.5368
Y 0.1281 -0.9912 0.0341
Z 0.5290 0.0974 0.8430

PART 32
OFFSET 3.5636 -5.7023 -9.6330
SCALE 1 1 1
X -0.7187 -0.6909 -0.0784
Y 0.6953 -0.7126 -0.0938
Z 0.0089 -0.1219 0.9925

PART 33
OFFSET 4.5811 -4.7241 -9.5220
SCALE 1 1 1
X 0.7332 -0.6771 -0.0624
Y 0.6786 0.7226 0.1320
Z -0.0443 -0.1391 0.9893

PART 34
OFFSET 3.9310 -4.1238 -9.4667
SCALE 1 1 1
X 0.9637 0.2656 0.0279
Y -0.2670 0.9604 0.0799
Z -0.0055 -0.0845 0.9964

PART 35
OFFSET 3.0155 -4.3761 -9.4932
SCALE 1 1 1
X -0.5686 -0.7938 -0.2156
Y -0.8224 0.5434 0.1683
Z -0.0165 0.2730 -0.9619

PART 36
OFFSET 1.8174 -6.1633 -7.8715
SCALE 1 1 1
X -0.9615 -0.0622 0.2676
Y 0.0787 -0.9956 0.0515
Z 0.2632 0.0706 0.9622

PART 37
OFFSET 4.2756 -6.0344 -8.7077
SCALE 1 1 1
X -0.4113 -0.9114 0.0140
Y 0.9078 -0.4110 -0.0840
Z 0.0823 -0.0219 0.9964

PART 38
OFFSET 4.9759 -4.4828 -8.7316
SCALE 1 1 1
X 0.9208 -0.3826 -0.0752
Y 0.3847 0.9229 0.0148
Z 0.0637 -0.0426 0.9971

PART 39
OFFSET 3.6997 -3.9525 -8.6273
SCALE 1 1 1
X 0.6833 0.7301 -0.0099
Y -0.7278 0.6822 0.0699
Z 0.0578 -0.0406 0.9975

PART 40
OFFSET 2.9586 -4.7443 -8.6166
SCALE 1 1 1
X -0.1412 -0.9898 0.0172
Y -0.9897 0.1416 0.0200
Z -0.0223 -0.0142 -0.9997

PART 41
OFFSET 1.8174 -6.1633 -7.8715
SCALE 1 1 1
X -0.9615 -0.0622 0.2676
Y 0.0787 -0.9956 0.0515
Z 0.2632 0.0706 0.9622

PART 42
OFFSET 1.8174 -6.1633 -7.8715
SCALE 1 1 1
X -0.9615 -0.0622 0.2676
Y 0.0787 -0.9956 0.0515
Z 0.2632 0.0706 0.9622

PART 43
OFFSET 3.7075 0.0000 -1.3770
SCALE 1 1 1
X 1.0000 0.0000 0.0000
Y 0.0000 1.0000 0.0000
Z 0.0000 0.0000 1.0000

PART 44
OFFSET -0.0838 7.9373 -3.1869
SCALE 1 1 1
X 0.8589 -0.1151 -0.4991
Y -0.2529 -0.9426 -0.2179
Z -0.4454 0.3134 -0.8387

PART 45
OFFSET 10.3031 6.5454 -9.2232
SCALE 1 1 1
X 0.7186 -0.6692 0.1891
Y -0.5347 -0.3578 0.7655
Z -0.4447 -0.6512 -0.6150

PART 46
OFFSET 16.4150 0.8533 -7.6146
SCALE 1 1 1
X 0.7186 -0.6692 0.1891
Y 0.6672 0.7401 0.0838
Z -0.1961 0.0660 0.9784

PART 47
OFFSET 18.5973 1.3646 -6.7126
SCALE 1 1 1
X 0.7230 -0.6653 0.1862
Y 0.4503 0.6582 0.6034
Z -0.5240 -0.3524 0.7754

PART 48
OFFSET 17.4903 0.1482 -8.8331
SCALE 1 1 1
X 0.7230 -0.6653 0.1862
Y 0.4503 0.6582 0.6034
Z -0.5240 -0.3524 0.7754

PART 49
OFFSET 17.7297 0.0570 -5.2802
SCALE 1 1 1
X 0.7230 -0.6653 0.1862
Y 0.4503 0.6582 0.6034
Z -0.5240 -0.3524 0.7754

PART 50
OFFSET 16.8890 -0.9821 -6.2895
SCALE 1 1 1
X 0.7230 -0.6653 0.1862
Y 0.4503 0.6582 0.6034
Z -0.5240 -0.3524 0.7754

PART 51
OFFSET 16.0002 -1.7002 -7.4686
SCALE 1 1 1
X 0.7230 -0.6653 0.1862
Y 0.4503 0.6582 0.6034
Z -0.5240 -0.3524 0.7754

PART 52
OFFSET 18.6179 -1.1984 -7.0348
SCALE 1 1 1
X 0.5587 -0.8281 -0.0455
Y 0.8288 0.5555 0.0673
Z -0.0305 -0.0754 0.9967

PART 53
OFFSET 19.6565 -1.0658 -6.5811
SCALE 1 1 1
X 0.6600 0.0321 0.7505
Y 0.2754 0.9192 -0.2815
Z -0.6989 0.3925 0.5979

PART 54
OFFSET 21.0695 -0.8829 -4.9563
SCALE 1 1 1
X 0.4645 -0.6768 0.5711
Y 0.5855 0.7186 0.3753
Z -0.6644 0.1601 0.7300

PART 55
OFFSET 21.7100 -2.0004 -3.9749
SCALE 1 1 1
X -0.0197 -0.9246 0.3803
Y 0.7322 0.2457 0.6352
Z -0.6808 0.2910 0.6722

PART 56
OFFSET 21.6700 -2.9828 -3.5221
SCALE 1 1 1
X 0.5737 -0.8188 -0.0201
Y 0.3094 0.2394 -0.9203
Z 0.7584 0.5217 0.3907

PART 57
OFFSET 18.1971 -2.5092 -6.9440
SCALE 1 1 1
X -0.0164 -0.9993 -0.0330
Y -0.0894 -0.0314 0.9955
Z -0.9959 0.0192 -0.0888

PART 58
OFFSET 18.2944 -4.7611 -6.8832
SCALE 1 1 1
X 0.0004 -0.2170 0.9762
Y -0.2041 0.9556 0.2125
Z -0.9790 -0.1993 -0.0439

PART 59
OFFSET 18.2950 -5.0683 -5.5011
SCALE 1 1 1
X -0.0683 0.2853 0.9560
Y -0.2230 0.9296 -0.2934
Z -0.9724 -0.2333 0.0001

PART 60
OFFSET 18.2344 -4.8154 -4.6535
SCALE 1 1 1
X -0.1654 0.8621 0.4790
Y -0.0588 0.4762 -0.8774
Z -0.9845 -0.1733 -0.0281

PART 61
OFFSET 18.0772 -3.9963 -4.1984
SCALE 1 1 1
X 0.3058 -0.9333 0.1885
Y -0.0624 -0.2172 -0.9741
Z 0.9501 0.2861 -0.1246

PART 62
OFFSET 18.8750 -2.3116 -7.0485
SCALE 1 1 1
X 0.2770 -0.9591 -0.0580
Y -0.0783 -0.0827 0.9935
Z -0.9577 -0.2706 -0.0980

PART 63
OFFSET 19.4533 -4.8393 -7.2356
SCALE 1 1 1
X -0.0421 -0.0980 0.9943
Y -0.3517 0.9329 0.0771
Z -0.9352 -0.3464 -0.0738

PART 64
OFFSET 19.3816 -5.0061 -5.5428
SCALE 1 1 1
X -0.1957 0.3908 0.8995
Y -0.3021 0.8485 -0.4344
Z -0.9330 -0.3568 -0.0480

PART 65
OFFSET 19.1105 -4.4645 -4.2962
SCALE 1 1 1
X -0.3191 0.7385 0.5940
Y -0.1742 0.5704 -0.8027
Z -0.9316 -0.3596 -0.0534

PART 66
OFFSET 18.7644 -3.6637 -3.6520
SCALE 1 1 1
X 0.3151 -0.9486 -0.0308
Y 0.0804 0.0590 -0.9950
Z 0.9457 0.3110 0.0948

PART 67
OFFSET 21.6399 -2.9097 -6.5341
SCALE 1 1 1
X 0.3569 -0.9076 0.2213
Y 0.2239 -0.1469 -0.9635
Z 0.9069 0.3934 0.1508

PART 68
OFFSET 21.4313 -3.9782 -7.5319
SCALE 1 1 1
X 0.0526 -0.3355 0.9406
Y -0.4695 0.8230 0.3198
Z -0.8813 -0.4585 -0.1142

PART 69
OFFSET 21.5240 -4.5689 -5.8759
SCALE 1 1 1
X -0.2450 0.1593 0.9564
Y -0.4573 0.8508 -0.2588
Z -0.8549 -0.5007 -0.1356

PART 70
OFFSET 21.2782 -4.3449 -4.7050
SCALE 1 1 1
X -0.2907 0.4069 0.8660
Y -0.3779 0.7826 -0.4947
Z -0.8790 -0.4710 -0.0738

PART 71
OFFSET 9.4220 -3.8487 -5.8263
SCALE 1 1 1
X 0.9977 0.0575 0.0354
Y -0.0570 0.9983 -0.0148
Z -0.0362 0.0128 0.9993

PART 72
OFFSET 11.6791 -5.1858 -4.3911
SCALE 1 1 1
X 0.9968 0.0578 0.0558
Y -0.0570 0.9983 -0.0148
Z -0.0566 0.0116 0.9983

PART 73
OFFSET 13.8101 -2.2077 -3.8640
SCALE 1 1 1
X 0.9977 0.0575 0.0354
Y -0.0570 0.9983 -0.0148
Z -0.0362 0.0128 0.9993

PART 74
OFFSET 33.8671 -2.4348 -4.6193
SCALE 1 1 1
X 0.2652 0.0008 -0.9642
Y -0.0570 0.9983 -0.0148
Z 0.9625 0.0589 0.2648

PART 75
OFFSET 16.1668 -3.4251 -3.2402
SCALE 1 1 1
X 0.9977 0.0575 0.0354
Y -0.0570 0.9983 -0.0148
Z -0.0362 0.0128 0.9993

PART 76
OFFSET 13.7212 -3.7557 -6.7788
SCALE 1 1 1
X -0.0362 0.0128 0.9993
Y -0.0570 0.9983 -0.0148
Z -0.9977 -0.0575 -0.0354

PART 77
OFFSET 13.6881 -3.4151 -6.6943
SCALE 1 1 1
X 0.0219 -0.7719 0.6354
Y -0.1548 0.6252 0.7649
Z -0.9877 -0.1152 -0.1058

PART 78
OFFSET 13.6564 -3.4084 -6.4957
SCALE 1 1 1
X 0.0657 -0.9487 -0.3093
Y -0.1330 -0.3155 0.9396
Z -0.9889 -0.0205 -0.1469

PART 79
OFFSET 13.6258 -3.4818 -6.2888
SCALE 1 1 1
X 0.0648 -0.9630 -0.2616
Y -0.1548 -0.2687 0.9507
Z -0.9858 -0.0211 -0.1665

PART 80
OFFSET 13.5959 -3.5115 -6.1245
SCALE 1 1 1
X 0.0592 -0.9971 -0.0481
Y -0.1998 -0.0591 0.9781
Z -0.9781 -0.0483 -0.2027

PART 81
OFFSET 13.5670 -3.5030 -5.9989
SCALE 1 1 1
X 0.0480 -0.9729 0.2263
Y -0.2483 0.2078 0.9461
Z -0.9675 -0.1016 -0.2315

PART 82
OFFSET 13.5388 -3.4686 -5.8998
SCALE 1 1 1
X 0.0381 -0.9126 0.4070
Y -0.2592 0.3843 0.8861
Z -0.9651 -0.1392 -0.2219

PART 83
OFFSET 13.5100 -3.4251 -5.7923
SCALE 1 1 1
X 0.0426 -0.9434 0.3290
Y -0.2179 0.3126 0.9246
Z -0.9750 -0.1111 -0.1922

PART 84
OFFSET 13.4793 -3.3894 -5.6378
SCALE 1 1 1
X 0.0512 -0.9863 0.1569
Y -0.1709 0.1461 0.9744
Z -0.9839 -0.0767 -0.1611

PART 85
OFFSET 13.4472 -3.3717 -5.4492
SCALE 1 1 1
X 0.0556 -0.9971 0.0515
Y -0.1704 0.0413 0.9845
Z -0.9838 -0.0635 -0.1676

PART 86
OFFSET 13.4163 -3.3747 -5.2904
SCALE 1 1 1
X 0.0608 -0.9931 -0.1005
Y -0.2334 -0.1121 0.9659
Z -0.9705 -0.0353 -0.2386

PART 87
OFFSET 13.3891 -3.4007 -5.2051
SCALE 1 1 1
X 0.0676 -0.8556 -0.5132
Y -0.3271 -0.5050 0.7987
Z -0.9426 0.1139 -0.3140

PART 88
OFFSET 13.3672 -3.4519 -5.1462
SCALE 1 1 1
X 0.0664 -0.7384 -0.6711
Y -0.1941 -0.6693 0.7172
Z -0.9787 0.0827 -0.1878

PART 89
OFFSET 13.3525 -3.5298 -5.0455
SCALE 1 1 1
X 0.0676 -0.8370 -0.5430
Y -0.0546 -0.5466 0.8356
Z -0.9962 -0.0268 -0.0826

PART 90
OFFSET 13.3555 -3.6224 -4.8773
SCALE 1 1 1
X 0.0672 -0.9026 -0.4252
Y 0.0835 -0.4196 0.9039
Z -0.9942 -0.0962 0.0472

PART 91
OFFSET 13.3954 -3.7040 -4.6576
SCALE 1 1 1
X 0.0653 -0.9558 -0.2866
Y 0.2524 -0.2621 0.9314
Z -0.9654 -0.1332 0.2242

PART 92
OFFSET 13.4808 -3.7500 -4.4076
SCALE 1 1 1
X 0.0611 -0.9921 -0.1092
Y 0.3584 -0.0803 0.9301
Z -0.9316 -0.0959 0.3507

PART 93
OFFSET 13.5760 -3.7425 -4.1609
SCALE 1 1 1
X 0.0516 -0.9873 0.1502
Y 0.3372 0.1588 0.9279
Z -0.9400 0.0028 0.3411

PART 94
OFFSET 13.6357 -3.6631 -3.9540
SCALE 1 1 1
X 0.0258 -0.8089 0.5874
Y 0.1475 0.5842 0.7981
Z -0.9887 0.0661 0.1344

PART 95
OFFSET 13.6457 -3.4523 -3.8167
SCALE 1 1 1
X -0.0170 -0.2931 0.9559
Y -0.0298 0.9558 0.2925
Z -0.9994 -0.0235 -0.0250


FRAME 527
PART 0
OFFSET 18.9042 -2.4130 -6.9360
SCALE 1 1 1
X 0.3006 -0.9526 -0.0476
Y -0.1222 -0.0880 0.9886
Z -0.9459 -0.2914 -0.1429

PART 1
OFFSET 18.9042 -2.4130 -6.9360
SCALE 1 1 1
X 0.3006 -0.9526 -0.0476
Y -0.1222 -0.0880 0.9886
Z -0.9459 -0.2914 -0.1429

PART 2
OFFSET -3.2583 -7.6644 -7.7644
SCALE 1 1 1
X -0.9283 -0.3546 0.1122
Y -0.3634 0.9289 -0.0711
Z -0.0790 -0.1068 -0.9911

PART 3
OFFSET 4.7363 -6.8376 -7.1507
SCALE 1 1 1
X -0.5838 -0.8118 -0.0126
Y 0.8099 -0.5834 0.0605
Z -0.0565 0.0251 0.9981

PART 4
OFFSET 5.7643 -5.4083 -7.1285
SCALE 1 1 1
X 0.5360 -0.8379 0.1034
Y 0.8386 0.5425 0.0493
Z -0.0975 0.0603 0.9934

PART 5
OFFSET 5.1067 -4.3861 -7.1939
SCALE 1 1 1
X 0.9597 0.2786 0.0376
Y -0.2778 0.9603 -0.0241
Z -0.0428 0.0127 0.9990

PART 6
OFFSET 4.0228 -4.7008 -7.2364
SCALE 1 1 1
X -0.0737 -0.9540 0.2905
Y -0.9841 0.0223 -0.1763
Z 0.1618 -0.2989 -0.9405

PART 7
OFFSET 4.7111 -6.6674 -8.2420
SCALE 1 1 1
X -0.2860 -0.9563 -0.0602
Y 0.9442 -0.2920 0.1524
Z -0.1633 -0.0133 0.9865

PART 8
OFFSET 5.2698 -4.7992 -8.1243
SCALE 1 1 1
X 0.8900 -0.4369 0.1304
Y 0.4353 0.8993 0.0421
Z -0.1357 0.0193 0.9906

PART 9
OFFSET 3.9698 -4.1610 -8.3148
SCALE 1 1 1
X 0.7817 0.6209 0.0588
Y -0.6086 0.7800 -0.1456
Z -0.1363 0.0780 0.9876

PART 10
OFFSET 3.0851 -4.8642 -8.3885
SCALE 1 1 1
X -0.2019 -0.9793 -0.0153
Y -0.9764 0.2025 -0.0752
Z 0.0767 -0.0003 -0.9971

PART 11
OFFSET 0.0000 0.0000 0.0000
SCALE 1 1 1
X 1.0000 0.0000 0.0000
Y 0.0000 1.0000 0.0000
Z 0.0000 0.0000 1.0000

PART 12
OFFSET -0.0000 -0.0000 -0.0000
SCALE 1 1 1
X 1.0000 -0.0000 0.0000
Y 0.0000 1.0000 -0.0000
Z -0.0000 0.0000 1.0000

PART 13
OFFSET 0.0000 0.0000 0.0000
SCALE 1 1 1
X 1.0000 -0.0000 0.0000
Y 0.0000 1.0000 -0.0000
Z -0.0000 0.0000 1.0000

PART 14
OFFSET 20.8577 -3.9523 -3.5259
SCALE 1 1 1
X 0.2032 -0.9676 0.1500
Y 0.3250 -0.0778 -0.9425
Z 0.9236 0.2403 0.2987

PART 15
OFFSET 20.5603 -4.5704 -7.2403
SCALE 1 1 1
X -0.0089 -0.1935 0.9811
Y -0.5469 0.8223 0.1573
Z -0.8372 -0.5351 -0.1132

PART 16
OFFSET 20.5429 -4.9485 -5.3238
SCALE 1 1 1
X -0.3321 0.2865 0.8987
Y -0.4182 0.8092 -0.4125
Z -0.8455 -0.5129 -0.1489

PART 17
OFFSET 20.0579 -4.5300 -4.0111
SCALE 1 1 1
X -0.5039 0.6983 0.5083
Y -0.1070 0.5335 -0.8390
Z -0.8571 -0.4772 -0.1941

PART 18
OFFSET 19.4811 -3.7428 -3.4362
SCALE 1 1 1
X 0.5095 -0.8457 0.1585
Y 0.1779 -0.0767 -0.9810
Z 0.8419 0.5281 0.1114

PART 19
OFFSET 9.4414 -4.1630 -6.1566
SCALE 1 1 1
X 0.9935 0.0794 0.0817
Y -0.0784 0.9968 -0.0149
Z -0.0826 0.0084 0.9965

PART 20
OFFSET -3.5797 -7.9373 -3.1869
SCALE 1 1 1
X 0.4666 -0.0786 0.8810
Y -0.3655 -0.9241 0.1111
Z 0.8054 -0.3739 -0.4599

PART 21
OFFSET -9.2225 -6.9865 -13.8414
SCALE 1 1 1
X -0.8751 -0.0172 -0.4836
Y 0.4742 0.1680 -0.8642
Z 0.0961 -0.9856 -0.1388

PART 22
OFFSET -1.7791 -6.8403 -9.7284
SCALE 1 1 1
X -0.8751 -0.0172 -0.4836
Y 0.4833 0.0158 -0.8753
Z 0.0227 -0.9997 -0.0055

PART 23
OFFSET -0.9910 -5.7801 -8.2180
SCALE 1 1 1
X -0.8782 -0.0155 -0.4780
Y -0.1004 0.9832 0.1526
Z 0.4676 0.1820 -0.8650

PART 24
OFFSET -1.0601 -6.4855 -7.2742
SCALE 1 1 1
X -0.8782 -0.0155 -0.4780
Y -0.1004 0.9832 0.1526
Z 0.4676 0.1820 -0.8650

PART 25
OFFSET -0.6869 -7.8176 -7.6965
SCALE 1 1 1
X -0.8782 -0.0155 -0.4780
Y -0.1004 0.9832 0.1526
Z 0.4676 0.1820 -0.8650

PART 26
OFFSET 0.9038 -6.7877 -8.2459
SCALE 1 1 1
X -0.9928 -0.0823 -0.0876
Y 0.0879 0.0002 -0.9961
Z 0.0820 -0.9966 0.0071

PART 27
OFFSET 1.2320 -6.3416 -7.2482
SCALE 1 1 1
X -0.5784 -0.5186 -0.6297
Y 0.4862 0.4007 -0.7766
Z 0.6551 -0.7553 0.0203

PART 28
OFFSET 2.3951 -5.2205 -5.8129
SCALE 1 1 1
X -0.8891 -0.4561 -0.0381
Y 0.0952 -0.1029 -0.9901
Z 0.4477 -0.8840 0.1349

PART 29
OFFSET 3.7860 -4.3914 -5.8257
SCALE 1 1 1
X -0.7581 -0.4788 0.4427
Y -0.3275 -0.3075 -0.8934
Z 0.5639 -0.8223 0.0763

PART 30
OFFSET 4.5856 -3.8307 -6.2927
SCALE 1 1 1
X -0.9894 0.1114 0.0937
Y 0.1074 0.9931 -0.0463
Z -0.0982 -0.0357 -0.9945

PART 31
OFFSET 1.8214 -6.5165 -9.2399
SCALE 1 1 1
X -0.8606 -0.1104 0.4971
Y 0.1484 -0.9882 0.0375
Z 0.4872 0.1060 0.8669

PART 32
OFFSET 3.8079 -6.1319 -10.2352
SCALE 1 1 1
X -0.6987 -0.7063 -0.1134
Y 0.7146 -0.6967 -0.0633
Z -0.0343 -0.1252 0.9915

PART 33
OFFSET 4.7971 -5.1319 -10.0747
SCALE 1 1 1
X 0.7502 -0.6606 -0.0301
Y 0.6555 0.7369 0.1651
Z -0.0869 -0.1436 0.9858

PART 34
OFFSET 4.1320 -4.5462 -10.0480
SCALE 1 1 1
X 0.9552 0.2868 0.0731
Y -0.2917 0.9539 0.0700
Z -0.0497 -0.0882 0.9949

PART 35
OFFSET 3.2245 -4.8186 -10.1175
SCALE 1 1 1
X -0.5403 -0.8054 -0.2437
Y -0.8412 0.5245 0.1315
Z 0.0220 0.2761 -0.9609

PART 36
OFFSET 1.9928 -6.6376 -8.5576
SCALE 1 1 1
X -0.9713 -0.0844 0.2226
Y 0.0984 -0.9938 0.0526
Z 0.2168 0.0729 0.9735

PART 37
OFFSET 4.4835 -6.4515 -9.2788
SCALE 1 1 1
X -0.3912 -0.9203 -0.0074
Y 0.9196 -0.3905 -0.0430
Z 0.0367 -0.0236 0.9990

PART 38
OFFSET 5.1495 -4.8847 -9.2662
SCALE 1 1 1
X 0.9316 -0.3619 -0.0335
Y 0.3630 0.9311 0.0350
Z 0.0185 -0.0448 0.9988

PART 39
OFFSET 3.8584 -4.3831 -9.2198
SCALE 1 1 1
X 0.6666 0.7450 0.0236
Y -0.7453 0.6657 0.0379
Z 0.0125 -0.0429 0.9990

PART 40
OFFSET 3.1353 -5.1911 -9.2454
SCALE 1 1 1
X -0.1198 -0.9928 0.0081
Y -0.9925 0.1196 -0.0254
Z 0.0243 -0.0111 -0.9996

PART 41
OFFSET 1.9928 -6.6376 -8.5576
SCALE 1 1 1
X -0.9713 -0.0844 0.2226
Y 0.0984 -0.9938 0.0526
Z 0.2168 0.0729 0.9735

PART 42
OFFSET 1.9928 -6.6376 -8.5576
SCALE 1 1 1
X -0.9713 -0.0844 0.2226
Y 0.0984 -0.9938 0.0526
Z 0.2168 0.0729 0.9735

PART 43
OFFSET 3.7075 0.0000 -1.3770
SCALE 1 1 1
X 1.0000 0.0000 0.0000
Y 0.0000 1.0000 0.0000
Z 0.0000 0.0000 1.0000

PART 44
OFFSET -0.0838 7.9373 -3.1869
SCALE 1 1 1
X 0.8612 -0.1226 -0.4933
Y -0.2574 -0.9420 -0.2153
Z -0.4383 0.3124 -0.8428

PART 45
OFFSET 10.3314 6.4545 -9.1524
SCALE 1 1 1
X 0.7165 -0.6707 0.1919
Y -0.5373 -0.3551 0.7650
Z -0.4449 -0.6512 -0.6148

PART 46
OFFSET 16.4255 0.7502 -7.5198
SCALE 1 1 1
X 0.7165 -0.6707 0.1919
Y 0.6614 0.7406 0.1185
Z -0.2216 0.0420 0.9742

PART 47
OFFSET 18.6071 1.2578 -6.6138
SCALE 1 1 1
X 0.7209 -0.6667 0.1891
Y 0.4505 0.6582 0.6032
Z -0.5266 -0.3497 0.7748

PART 48
OFFSET 17.5019 0.0404 -8.7346
SCALE 1 1 1
X 0.7209 -0.6667 0.1891
Y 0.4505 0.6582 0.6032
Z -0.5266 -0.3497 0.7748

PART 49
OFFSET 17.7330 -0.0451 -5.1810
SCALE 1 1 1
X 0.7209 -0.6667 0.1891
Y 0.4505 0.6582 0.6032
Z -0.5266 -0.3497 0.7748

PART 50
OFFSET 16.8920 -1.0840 -6.1904
SCALE 1 1 1
X 0.7209 -0.6667 0.1891
Y 0.4505 0.6582 0.6032
Z -0.5266 -0.3497 0.7748

PART 51
OFFSET 16.0042 -1.8019 -7.3702
SCALE 1 1 1
X 0.7209 -0.6667 0.1891
Y 0.4505 0.6582 0.6032
Z -0.5266 -0.3497 0.7748

PART 52
OFFSET 18.6221 -1.3058 -6.9314
SCALE 1 1 1
X 0.5785 -0.8154 -0.0218
Y 0.8123 0.5734 0.1071
Z -0.0748 -0.0796 0.9940

PART 53
OFFSET 19.6354 -1.1520 -6.4297
SCALE 1 1 1
X 0.6238 0.0440 0.7804
Y 0.2676 0.9260 -0.2661
Z -0.7344 0.3748 0.5659

PART 54
OFFSET 20.9673 -0.9437 -4.7408
SCALE 1 1 1
X 0.4525 -0.6684 0.5903
Y 0.5514 0.7300 0.4039
Z -0.7008 0.1427 0.6989

PART 55
OFFSET 21.5865 -2.0503 -3.7337
SCALE 1 1 1
X -0.0167 -0.9262 0.3766
Y 0.6964 0.2595 0.6691
Z -0.7175 0.2735 0.6407

PART 56
OFFSET 21.5474 -3.0350 -3.2857
SCALE 1 1 1
X 0.5920 -0.8059 0.0044
Y 0.3462 0.2495 -0.9044
Z 0.7277 0.5369 0.4267

PART 57
OFFSET 18.2267 -2.6259 -6.8635
SCALE 1 1 1
X 0.0074 -0.9993 -0.0363
Y -0.1346 -0.0369 0.9902
Z -0.9909 -0.0025 -0.1348

PART 58
OFFSET 18.3712 -4.8753 -6.8040
SCALE 1 1 1
X -0.0399 -0.2204 0.9746
Y -0.2349 0.9501 0.2053
Z -0.9712 -0.2207 -0.0897

PART 59
OFFSET 18.3147 -5.1874 -5.4242
SCALE 1 1 1
X -0.1188 0.2803 0.9525
Y -0.2298 0.9255 -0.3010
Z -0.9660 -0.2547 -0.0455

PART 60
OFFSET 18.2094 -4.9389 -4.5796
SCALE 1 1 1
X -0.2065 0.8565 0.4730
Y -0.0288 0.4779 -0.8779
Z -0.9780 -0.1949 -0.0740

PART 61
OFFSET 18.0132 -4.1252 -4.1302
SCALE 1 1 1
X 0.3174 -0.9269 0.2000
Y -0.0124 -0.2150 -0.9765
Z 0.9482 0.3075 -0.0798

PART 62
OFFSET 18.9042 -2.4130 -6.9360
SCALE 1 1 1
X 0.3006 -0.9526 -0.0476
Y -0.1222 -0.0880 0.9886
Z -0.9459 -0.2914 -0.1429

PART 63
OFFSET 19.5466 -4.9266 -7.1025
SCALE 1 1 1
X -0.0858 -0.1025 0.9910
Y -0.3755 0.9247 0.0631
Z -0.9228 -0.3667 -0.1179

PART 64
OFFSET 19.4005 -5.1011 -5.4153
SCALE 1 1 1
X -0.2457 0.3831 0.8904
Y -0.3005 0.8432 -0.4457
Z -0.9216 -0.3771 -0.0920

PART 65
OFFSET 19.0600 -4.5701 -4.1812
SCALE 1 1 1
X -0.3625 0.7291 0.5805
Y -0.1495 0.5693 -0.8084
Z -0.9199 -0.3799 -0.0974

PART 66
OFFSET 18.6669 -3.7794 -3.5517
SCALE 1 1 1
X 0.3372 -0.9413 -0.0186
Y 0.1250 0.0644 -0.9901
Z 0.9331 0.3315 0.1393

PART 67
OFFSET 21.6550 -2.9517 -6.2956
SCALE 1 1 1
X 0.3664 -0.9002 0.2352
Y 0.2714 -0.1384 -0.9525
Z 0.8900 0.4128 0.1936

PART 68
OFFSET 21.5166 -4.0210 -7.3048
SCALE 1 1 1
X 0.0166 -0.3376 0.9411
Y -0.5020 0.8112 0.2998
Z -0.8647 -0.4774 -0.1560

PART 69
OFFSET 21.5458 -4.6154 -5.6478
SCALE 1 1 1
X -0.2924 0.1504 0.9444
Y -0.4636 0.8415 -0.2775
Z -0.8364 -0.5190 -0.1763

PART 70
OFFSET 21.2411 -4.4011 -4.4890
SCALE 1 1 1
X -0.3394 0.3973 0.8526
Y -0.3719 0.7759 -0.5096
Z -0.8640 -0.4901 -0.1156

PART 71
OFFSET 9.4414 -4.1630 -6.1566
SCALE 1 1 1
X 0.9935 0.0794 0.0817
Y -0.0784 0.9968 -0.0149
Z -0.0826 0.0084 0.9965

PART 72
OFFSET 11.6589 -5.4550 -4.6219
SCALE 1 1 1
X 0.9916 0.0796 0.1021
Y -0.0784 0.9968 -0.0149
Z -0.1029 0.0068 0.9947

PART 73
OFFSET 13.6964 -2.4324 -3.9891
SCALE 1 1 1
X 0.9935 0.0794 0.0817
Y -0.0784 0.9968 -0.0149
Z -0.0826 0.0084 0.9965

PART 74
OFFSET 33.7670 -2.2137 -3.8156
SCALE 1 1 1
X 0.3094 0.0101 -0.9509
Y -0.0784 0.9968 -0.0149
Z 0.9477 0.0792 0.3092

PART 75
OFFSET 16.0483 -3.5998 -3.2600
SCALE 1 1 1
X 0.9935 0.0794 0.0817
Y -0.0784 0.9968 -0.0149
Z -0.0826 0.0084 0.9965

PART 76
OFFSET 13.7749 -3.9697 -6.8936
SCALE 1 1 1
X -0.0826 0.0084 0.9965
Y -0.0784 0.9968 -0.0149
Z -0.9935 -0.0794 -0.0817

PART 77
OFFSET 13.7304 -3.6302 -6.8101
SCALE 1 1 1
X 0.0096 -0.7730 0.6343
Y -0.2041 0.6195 0.7580
Z -0.9789 -0.1368 -0.1518

PART 78
OFFSET 13.6894 -3.6248 -6.6134
SCALE 1 1 1
X 0.1010 -0.9458 -0.3087
Y -0.1695 -0.3221 0.9314
Z -0.9803 -0.0417 -0.1928

PART 79
OFFSET 13.6509 -3.6997 -6.4087
SCALE 1 1 1
X 0.0982 -0.9603 -0.2610
Y -0.1928 -0.2756 0.9417
Z -0.9763 -0.0422 -0.2122

PART 80
OFFSET 13.6143 -3.7304 -6.2465
SCALE 1 1 1
X 0.0834 -0.9954 -0.0471
Y -0.2438 -0.0662 0.9676
Z -0.9662 -0.0693 -0.2482

PART 81
OFFSET 13.5794 -3.7228 -6.1228
SCALE 1 1 1
X 0.0588 -0.9718 0.2286
Y -0.2972 0.2015 0.9333
Z -0.9530 -0.1228 -0.2769

PART 82
OFFSET 13.5459 -3.6893 -6.0257
SCALE 1 1 1
X 0.0388 -0.9110 0.4106
Y -0.3108 0.3795 0.8714
Z -0.9497 -0.1615 -0.2684

PART 83
OFFSET 13.5112 -3.6467 -5.9209
SCALE 1 1 1
X 0.0477 -0.9420 0.3323
Y -0.2720 0.3078 0.9117
Z -0.9611 -0.1339 -0.2415

PART 84
OFFSET 13.4724 -3.6128 -5.7711
SCALE 1 1 1
X 0.0658 -0.9855 0.1562
Y -0.2244 0.1379 0.9647
Z -0.9723 -0.0985 -0.2120

PART 85
OFFSET 13.4311 -3.5973 -5.5886
SCALE 1 1 1
X 0.0756 -0.9960 0.0482
Y -0.2225 0.0303 0.9745
Z -0.9720 -0.0844 -0.2194

PART 86
OFFSET 13.3929 -3.6022 -5.4358
SCALE 1 1 1
X 0.0880 -0.9904 -0.1067
Y -0.2837 -0.1276 0.9504
Z -0.9549 -0.0533 -0.2922

PART 87
OFFSET 13.3622 -3.6293 -5.3548
SCALE 1 1 1
X 0.1108 -0.8438 -0.5250
Y -0.3610 -0.5264 0.7698
Z -0.9260 0.1043 -0.3629

PART 88
OFFSET 13.3387 -3.6812 -5.2984
SCALE 1 1 1
X 0.1140 -0.7298 -0.6741
Y -0.2140 -0.6806 0.7007
Z -0.9702 0.0644 -0.2337

PART 89
OFFSET 13.3211 -3.7601 -5.1991
SCALE 1 1 1
X 0.1114 -0.8319 -0.5436
Y -0.0811 -0.5528 0.8294
Z -0.9905 -0.0483 -0.1290

PART 90
OFFSET 13.3184 -3.8541 -5.0306
SCALE 1 1 1
X 0.1070 -0.8981 -0.4266
Y 0.0509 -0.4236 0.9044
Z -0.9930 -0.1185 0.0003

PART 91
OFFSET 13.3500 -3.9369 -4.8084
SCALE 1 1 1
X 0.1000 -0.9517 -0.2902
Y 0.2145 -0.2642 0.9403
Z -0.9716 -0.1563 0.1778

PART 92
OFFSET 13.4251 -3.9836 -4.5535
SCALE 1 1 1
X 0.0886 -0.9893 -0.1155
Y 0.3164 -0.0820 0.9451
Z -0.9445 -0.1203 0.3057

PART 93
OFFSET 13.5090 -3.9767 -4.3011
SCALE 1 1 1
X 0.0673 -0.9877 0.1412
Y 0.2903 0.1548 0.9443
Z -0.9546 -0.0226 0.2972

PART 94
OFFSET 13.5576 -3.8985 -4.0900
SCALE 1 1 1
X 0.0176 -0.8157 0.5782
Y 0.0979 0.5769 0.8109
Z -0.9950 0.0423 0.0900

PART 95
OFFSET 13.5566 -3.6892 -3.9506
SCALE 1 1 1
X -0.0543 -0.3003 0.9523
Y -0.0647 0.9528 0.2968
Z -0.9964 -0.0455 -0.0712


FRAME 528
PART 0
OFFSET 18.6432 -2.5477 -6.9715
SCALE 1 1 1
X 0.3291 -0.9437 -0.0345
Y -0.1754 -0.0970 0.9797
Z -0.9279 -0.3163 -0.1975

PART 1
OFFSET 18.6432 -2.5477 -6.9715
SCALE 1 1 1
X 0.3291 -0.9437 -0.0345
Y -0.1754 -0.0970 0.9797
Z -0.9279 -0.3163 -0.1975

PART 2
OFFSET -3.2834 -8.3991 -9.0762
SCALE 1 1 1
X -0.9230 -0.3805 0.0579
Y -0.3844 0.9190 -0.0877
Z -0.0199 -0.1032 -0.9945

PART 3
OFFSET 4.6379 -7.3572 -8.0072
SCALE 1 1 1
X -0.5595 -0.8274 -0.0491
Y 0.8210 -0.5614 0.1038
Z -0.1135 0.0178 0.9934

PART 4
OFFSET 5.6230 -5.9005 -7.9207
SCALE 1 1 1
X 0.5523 -0.8235 0.1301
Y 0.8191 0.5650 0.0990
Z -0.1551 0.0519 0.9865

PART 5
OFFSET 4.9422 -4.8963 -8.0190
SCALE 1 1 1
X 0.9479 0.3045 0.0931
Y -0.3025 0.9525 -0.0357
Z -0.0995 0.0057 0.9950

PART 6
OFFSET 3.8715 -5.2402 -8.1241
SCALE 1 1 1
X -0.0635 -0.9574 0.2818
Y -0.9728 -0.0036 -0.2317
Z 0.2228 -0.2889 -0.9311

PART 7
OFFSET 4.6696 -7.1815 -9.0974
SCALE 1 1 1
X -0.2556 -0.9634 -0.0804
Y 0.9418 -0.2669 0.2044
Z -0.2184 -0.0234 0.9756

PART 8
OFFSET 5.1689 -5.2993 -8.9404
SCALE 1 1 1
X 0.8930 -0.4131 0.1788
Y 0.4072 0.9106 0.0705
Z -0.1919 0.0098 0.9814

PART 9
OFFSET 3.8647 -4.6959 -9.2015
SCALE 1 1 1
X 0.7596 0.6417 0.1056
Y -0.6208 0.7639 -0.1765
Z -0.1940 0.0685 0.9786

PART 10
OFFSET 3.0053 -5.4227 -9.3282
SCALE 1 1 1
X -0.1736 -0.9843 -0.0308
Y -0.9758 0.1761 -0.1296
Z 0.1330 0.0076 -0.9911

PART 11
