// Export filename: `C:/cod5/cod/cod5/xanim_export/viewmodel/US/30cal/viewmodel_30cal_ADS_fire.XANIM_EXPORT`
// Source filename: `C:/cod5/cod/cod5/animation_assets/viewmodel/US/30_cal/viewmodelanimation_30_cal.mb`
// Export time: Fri Jul 25 18:21:14 2008

ANIMATION
VERSION 3

NUMPARTS 96
PART 0 "RingPalm_FK_LE"
PART 1 "RingPalm_SDK_LE"
PART 2 "J_Webbing_RI"
PART 3 "J_Index_RI_0"
PART 4 "J_Index_RI_1"
PART 5 "J_Index_RI_2"
PART 6 "J_Index_RI_3"
PART 7 "J_Mid_RI_0"
PART 8 "J_Mid_RI_1"
PART 9 "J_Mid_RI_2"
PART 10 "J_Mid_RI_3"
PART 11 "tag_cambone"
PART 12 "tag_camera"
PART 13 "tag_gasmask"
PART 14 "J_Index_LE_3"
PART 15 "J_Mid_LE_0"
PART 16 "J_Mid_LE_1"
PART 17 "J_Mid_LE_2"
PART 18 "J_Mid_LE_3"
PART 19 "tag_weapon"
PART 20 "J_Shoulder_RI"
PART 21 "J_Elbow_RI"
PART 22 "J_WristTwist_RI"
PART 23 "J_Sleave_Reshape_Top_RI_3"
PART 24 "J_Sleave_Reshape_Top_RI_2"
PART 25 "J_Sleave_Reshape_Top_RI_1"
PART 26 "J_Wrist_RI"
PART 27 "J_Thumb_RI_0"
PART 28 "J_Thumb_RI_1"
PART 29 "J_Thumb_RI_2"
PART 30 "J_Thumb_RI_3"
PART 31 "J_PinkyPalm_RI"
PART 32 "J_Pinky_RI_0"
PART 33 "J_Pinky_RI_1"
PART 34 "J_Pinky_RI_2"
PART 35 "J_Pinky_RI_3"
PART 36 "J_RingPalm_RI"
PART 37 "J_Ring_RI_0"
PART 38 "J_Ring_RI_1"
PART 39 "J_Ring_RI_2"
PART 40 "J_Ring_RI_3"
PART 41 "RingPalm_FK_RI"
PART 42 "RingPalm_SDK_RI"
PART 43 "tag_torso"
PART 44 "J_Shoulder_LE"
PART 45 "J_Elbow_LE"
PART 46 "J_WristTwist_LE"
PART 47 "J_Sleave_Reshape_Bottom_LE_1"
PART 48 "J_Sleave_Reshape_Bottom_LE_2"
PART 49 "J_Sleave_Reshape_Top_LE_1"
PART 50 "J_Sleave_Reshape_Top_LE_2"
PART 51 "J_Sleave_Reshape_Top_LE_3"
PART 52 "J_Wrist_LE"
PART 53 "J_Thumb_LE_0"
PART 54 "J_Thumb_LE_1"
PART 55 "J_Thumb_LE_2"
PART 56 "J_Thumb_LE_3"
PART 57 "J_PinkyPalm_LE"
PART 58 "J_Pinky_LE_0"
PART 59 "J_Pinky_LE_1"
PART 60 "J_Pinky_LE_2"
PART 61 "J_Pinky_LE_3"
PART 62 "J_RingPalm_LE"
PART 63 "J_Ring_LE_0"
PART 64 "J_Ring_LE_1"
PART 65 "J_Ring_LE_2"
PART 66 "J_Ring_LE_3"
PART 67 "J_Webbing_LE"
PART 68 "J_Index_LE_0"
PART 69 "J_Index_LE_1"
PART 70 "J_Index_LE_2"
PART 71 "J_Gun"
PART 72 "J_Bolt"
PART 73 "J_Clip"
PART 74 "tag_bipod"
PART 75 "tag_top"
PART 76 "ammo01_jnt"
PART 77 "ammo02_jnt"
PART 78 "ammo03_jnt"
PART 79 "ammo04_jnt"
PART 80 "ammo05_jnt"
PART 81 "ammo06_jnt"
PART 82 "ammo07_jnt"
PART 83 "ammo08_jnt"
PART 84 "ammo09_jnt"
PART 85 "ammo10_jnt"
PART 86 "ammo11_jnt"
PART 87 "ammo12_jnt"
PART 88 "ammo13_jnt"
PART 89 "ammo14_jnt"
PART 90 "ammo15_jnt"
PART 91 "ammo16_jnt"
PART 92 "ammo17_jnt"
PART 93 "ammo18_jnt"
PART 94 "ammo19_jnt"
PART 95 "ammo20_jnt"

FRAMERATE 30
NUMFRAMES 11

FRAME 400
PART 0
OFFSET 18.4454 -2.2567 -7.3033
SCALE 1 1 1
X 0.2603 -0.9633 -0.0652
Y -0.0461 -0.0799 0.9957
Z -0.9644 -0.2561 -0.0652

PART 1
OFFSET 18.4454 -2.2567 -7.3033
SCALE 1 1 1
X 0.2603 -0.9633 -0.0652
Y -0.0461 -0.0799 0.9957
Z -0.9644 -0.2561 -0.0652

PART 2
OFFSET -3.8924 -6.6747 -6.3305
SCALE 1 1 1
X -0.9289 -0.3191 0.1881
Y -0.3331 0.9417 -0.0480
Z -0.1618 -0.1072 -0.9810

PART 3
OFFSET 4.1509 -6.1466 -6.3607
SCALE 1 1 1
X -0.6128 -0.7893 0.0392
Y 0.7899 -0.6132 -0.0004
Z 0.0243 0.0307 0.9992

PART 4
OFFSET 5.2298 -4.7569 -6.4296
SCALE 1 1 1
X 0.5110 -0.8570 0.0659
Y 0.8594 0.5108 -0.0211
Z -0.0156 0.0674 0.9976

PART 5
OFFSET 4.6076 -3.7109 -6.4491
SCALE 1 1 1
X 0.9693 0.2425 -0.0407
Y -0.2430 0.9700 -0.0081
Z 0.0376 0.0178 0.9991

PART 6
OFFSET 3.5127 -3.9848 -6.4031
SCALE 1 1 1
X -0.0856 -0.9496 0.3016
Y -0.9935 0.0586 -0.0976
Z 0.0750 -0.3080 -0.9484

PART 7
OFFSET 4.0450 -5.9794 -7.4476
SCALE 1 1 1
X -0.3252 -0.9451 -0.0311
Y 0.9419 -0.3267 0.0786
Z -0.0844 -0.0037 0.9964

PART 8
OFFSET 4.6804 -4.1331 -7.3868
SCALE 1 1 1
X 0.8807 -0.4696 0.0620
Y 0.4704 0.8825 0.0015
Z -0.0554 0.0278 0.9981

PART 9
OFFSET 3.3940 -3.4472 -7.4774
SCALE 1 1 1
X 0.8064 0.5913 -0.0076
Y -0.5889 0.8018 -0.1017
Z -0.0540 0.0865 0.9948

PART 10
OFFSET 2.4807 -4.1170 -7.4758
SCALE 1 1 1
X -0.2388 -0.9710 0.0072
Y -0.9711 0.2388 0.0015
Z -0.0031 -0.0067 -1.0000

PART 11
OFFSET 0.0000 0.0000 0.0000
SCALE 1 1 1
X 1.0000 0.0000 0.0000
Y 0.0000 1.0000 0.0000
Z 0.0000 0.0000 1.0000

PART 12
OFFSET -0.0001 -0.0001 -0.0001
SCALE 1 1 1
X 1.0000 -0.0000 0.0000
Y 0.0000 1.0000 -0.0000
Z -0.0000 0.0000 1.0000

PART 13
OFFSET -0.0000 -0.0000 -0.0000
SCALE 1 1 1
X 1.0000 -0.0000 0.0000
Y 0.0000 1.0000 -0.0000
Z -0.0000 0.0000 1.0000

PART 14
OFFSET 20.6063 -3.8563 -4.0497
SCALE 1 1 1
X 0.1784 -0.9740 0.1396
Y 0.2457 -0.0933 -0.9649
Z 0.9528 0.2065 0.2226

PART 15
OFFSET 19.9906 -4.4758 -7.7246
SCALE 1 1 1
X 0.0622 -0.1896 0.9799
Y -0.5017 0.8428 0.1950
Z -0.8628 -0.5037 -0.0427

PART 16
OFFSET 20.1122 -4.8462 -5.8103
SCALE 1 1 1
X -0.2484 0.3019 0.9204
Y -0.4195 0.8229 -0.3832
Z -0.8731 -0.4813 -0.0778

PART 17
OFFSET 19.7494 -4.4052 -4.4660
SCALE 1 1 1
X -0.4355 0.7185 0.5423
Y -0.1537 0.5342 -0.8313
Z -0.8870 -0.4453 -0.1222

PART 18
OFFSET 19.2500 -3.5949 -3.8521
SCALE 1 1 1
X 0.4888 -0.8637 0.1229
Y 0.0961 -0.0868 -0.9916
Z 0.8671 0.4965 0.0406

PART 19
OFFSET 9.0164 -3.6472 -5.7617
SCALE 1 1 1
X 0.9991 0.0423 0.0018
Y -0.0423 0.9990 -0.0151
Z -0.0025 0.0150 0.9999

PART 20
OFFSET -3.5797 -7.9373 -3.1869
SCALE 1 1 1
X 0.4768 -0.1703 0.8624
Y -0.2769 -0.9602 -0.0365
Z 0.8343 -0.2214 -0.5050

PART 21
OFFSET -9.3460 -5.8779 -13.6163
SCALE 1 1 1
X -0.8291 0.0068 -0.5590
Y 0.5269 0.3440 -0.7772
Z 0.1870 -0.9389 -0.2888

PART 22
OFFSET -2.2940 -5.9358 -8.8614
SCALE 1 1 1
X -0.8291 0.0068 -0.5590
Y 0.5591 0.0016 -0.8291
Z -0.0048 -1.0000 -0.0051

PART 23
OFFSET -1.7429 -4.9995 -7.0940
SCALE 1 1 1
X -0.8328 0.0073 -0.5536
Y -0.1922 0.9339 0.3015
Z 0.5192 0.3575 -0.7763

PART 24
OFFSET -1.8424 -5.7884 -6.2706
SCALE 1 1 1
X -0.8328 0.0073 -0.5536
Y -0.1922 0.9339 0.3015
Z 0.5192 0.3575 -0.7763

PART 25
OFFSET -1.1775 -7.0926 -7.0950
SCALE 1 1 1
X -0.8328 0.0073 -0.5536
Y -0.1922 0.9339 0.3015
Z 0.5192 0.3575 -0.7763

PART 26
OFFSET 0.2478 -5.9566 -7.1476
SCALE 1 1 1
X -0.9989 -0.0452 -0.0077
Y 0.0080 -0.0066 -0.9999
Z 0.0452 -0.9990 0.0070

PART 27
OFFSET 0.6708 -5.5197 -6.1820
SCALE 1 1 1
X -0.6457 -0.4987 -0.5783
Y 0.4372 0.3795 -0.8154
Z 0.6261 -0.7793 -0.0270

PART 28
OFFSET 1.9857 -4.4381 -4.8512
SCALE 1 1 1
X -0.9057 -0.4225 0.0358
Y 0.0120 -0.1099 -0.9939
Z 0.4238 -0.8997 0.1046

PART 29
OFFSET 3.4009 -3.6618 -4.9801
SCALE 1 1 1
X -0.7376 -0.4484 0.5048
Y -0.4090 -0.2981 -0.8625
Z 0.5373 -0.8426 0.0365

PART 30
OFFSET 4.1810 -3.1332 -5.5129
SCALE 1 1 1
X -0.9739 0.1488 0.1714
Y 0.1402 0.9882 -0.0611
Z -0.1785 -0.0355 -0.9833

PART 31
OFFSET 1.0926 -5.7235 -8.2132
SCALE 1 1 1
X -0.8217 -0.0762 0.5648
Y 0.1141 -0.9930 0.0320
Z 0.5584 0.0907 0.8246

PART 32
OFFSET 3.0061 -5.4173 -9.3660
SCALE 1 1 1
X -0.7313 -0.6800 -0.0528
Y 0.6808 -0.7233 -0.1155
Z 0.0403 -0.1204 0.9919

PART 33
OFFSET 4.0415 -4.4546 -9.2912
SCALE 1 1 1
X 0.7203 -0.6884 -0.0855
Y 0.6935 0.7123 0.1076
Z -0.0132 -0.1368 0.9905

PART 34
OFFSET 3.4029 -3.8443 -9.2154
SCALE 1 1 1
X 0.9680 0.2509 -0.0050
Y -0.2496 0.9645 0.0868
Z 0.0266 -0.0828 0.9962

PART 35
OFFSET 2.4832 -4.0827 -9.2107
SCALE 1 1 1
X -0.5875 -0.7854 -0.1947
Y -0.8080 0.5562 0.1946
Z -0.0446 0.2717 -0.9614

PART 36
OFFSET 1.3132 -5.8487 -7.5459
SCALE 1 1 1
X -0.9528 -0.0470 0.2998
Y 0.0652 -0.9966 0.0510
Z 0.2963 0.0682 0.9526

PART 37
OFFSET 3.7436 -5.7587 -8.4643
SCALE 1 1 1
X -0.4244 -0.9050 0.0297
Y 0.8981 -0.4249 -0.1135
Z 0.1154 -0.0215 0.9931

PART 38
OFFSET 4.4662 -4.2180 -8.5150
SCALE 1 1 1
X 0.9119 -0.3967 -0.1052
Y 0.3990 0.9170 -0.0000
Z 0.0965 -0.0419 0.9945

PART 39
OFFSET 3.2025 -3.6681 -8.3692
SCALE 1 1 1
X 0.6936 0.7195 -0.0344
Y -0.7146 0.6933 0.0928
Z 0.0906 -0.0398 0.9951

PART 40
OFFSET 2.4502 -4.4485 -8.3319
SCALE 1 1 1
X -0.1556 -0.9875 0.0241
Y -0.9862 0.1567 0.0529
Z -0.0560 -0.0155 -0.9983

PART 41
OFFSET 1.3132 -5.8487 -7.5459
SCALE 1 1 1
X -0.9528 -0.0470 0.2998
Y 0.0652 -0.9966 0.0510
Z 0.2963 0.0682 0.9526

PART 42
OFFSET 1.3132 -5.8487 -7.5459
SCALE 1 1 1
X -0.9528 -0.0470 0.2998
Y 0.0652 -0.9966 0.0510
Z 0.2963 0.0682 0.9526

PART 43
OFFSET 3.7075 0.0000 -1.3770
SCALE 1 1 1
X 1.0000 0.0000 0.0000
Y 0.0000 1.0000 0.0000
Z 0.0000 0.0000 1.0000

PART 44
OFFSET -0.0838 7.9373 -3.1869
SCALE 1 1 1
X 0.8406 -0.0974 -0.5328
Y -0.2477 -0.9439 -0.2183
Z -0.4817 0.3154 -0.8176

PART 45
OFFSET 10.0825 6.7593 -9.6305
SCALE 1 1 1
X 0.7020 -0.6826 0.2028
Y -0.5448 -0.3314 0.7703
Z -0.4586 -0.6513 -0.6045

PART 46
OFFSET 16.0537 0.9531 -7.9053
SCALE 1 1 1
X 0.7020 -0.6826 0.2028
Y 0.6875 0.7239 0.0569
Z -0.1857 0.0995 0.9776

PART 47
OFFSET 18.2455 1.4284 -7.0067
SCALE 1 1 1
X 0.7065 -0.6789 0.1999
Y 0.4644 0.6579 0.5928
Z -0.5340 -0.3260 0.7801

PART 48
OFFSET 17.1147 0.2013 -9.1083
SCALE 1 1 1
X 0.7065 -0.6789 0.1999
Y 0.4644 0.6579 0.5928
Z -0.5340 -0.3260 0.7801

PART 49
OFFSET 17.3439 0.1674 -5.5536
SCALE 1 1 1
X 0.7065 -0.6789 0.1999
Y 0.4644 0.6579 0.5928
Z -0.5340 -0.3260 0.7801

PART 50
OFFSET 16.4809 -0.8692 -6.5467
SCALE 1 1 1
X 0.7065 -0.6789 0.1999
Y 0.4644 0.6579 0.5928
Z -0.5340 -0.3260 0.7801

PART 51
OFFSET 15.5780 -1.5867 -7.7152
SCALE 1 1 1
X 0.7065 -0.6789 0.1999
Y 0.4644 0.6579 0.5928
Z -0.5340 -0.3260 0.7801

PART 52
OFFSET 18.2059 -1.1396 -7.2835
SCALE 1 1 1
X 0.5442 -0.8366 -0.0625
Y 0.8390 0.5429 0.0383
Z 0.0018 -0.0733 0.9973

PART 53
OFFSET 19.2611 -1.0222 -6.8650
SCALE 1 1 1
X 0.6853 0.0233 0.7279
Y 0.2797 0.9144 -0.2926
Z -0.6724 0.4041 0.6201

PART 54
OFFSET 20.7303 -0.8582 -5.2889
SCALE 1 1 1
X 0.4730 -0.6829 0.5567
Y 0.6086 0.7102 0.3539
Z -0.6370 0.1714 0.7515

PART 55
OFFSET 21.3863 -1.9837 -4.3272
SCALE 1 1 1
X -0.0210 -0.9236 0.3828
Y 0.7567 0.2355 0.6098
Z -0.6534 0.3025 0.6940

PART 56
OFFSET 21.3466 -2.9647 -3.8711
SCALE 1 1 1
X 0.5601 -0.8275 -0.0376
Y 0.2820 0.2331 -0.9307
Z 0.7789 0.5107 0.3639

PART 57
OFFSET 17.7685 -2.4437 -7.1758
SCALE 1 1 1
X -0.0326 -0.9990 -0.0303
Y -0.0564 -0.0284 0.9980
Z -0.9979 0.0343 -0.0554

PART 58
OFFSET 17.8335 -4.6967 -7.1133
SCALE 1 1 1
X 0.0298 -0.2153 0.9761
Y -0.1823 0.9590 0.2171
Z -0.9828 -0.1844 -0.0106

PART 59
OFFSET 17.8757 -5.0016 -5.7314
SCALE 1 1 1
X -0.0319 0.2879 0.9571
Y -0.2186 0.9324 -0.2878
Z -0.9753 -0.2184 0.0332

PART 60
OFFSET 17.8475 -4.7464 -4.8828
SCALE 1 1 1
X -0.1361 0.8653 0.4824
Y -0.0810 0.4756 -0.8759
Z -0.9874 -0.1583 0.0053

PART 61
OFFSET 17.7182 -3.9243 -4.4245
SCALE 1 1 1
X 0.2977 -0.9375 0.1801
Y -0.0983 -0.2178 -0.9710
Z 0.9496 0.2714 -0.1570

PART 62
OFFSET 18.4454 -2.2567 -7.3033
SCALE 1 1 1
X 0.2603 -0.9633 -0.0652
Y -0.0461 -0.0799 0.9957
Z -0.9644 -0.2561 -0.0652

PART 63
OFFSET 18.9786 -4.7932 -7.5042
SCALE 1 1 1
X -0.0102 -0.0957 0.9954
Y -0.3347 0.9383 0.0868
Z -0.9423 -0.3322 -0.0416

PART 64
OFFSET 18.9612 -4.9561 -5.8096
SCALE 1 1 1
X -0.1594 0.3952 0.9047
Y -0.3036 0.8523 -0.4258
Z -0.9394 -0.3425 -0.0159

PART 65
OFFSET 18.7403 -4.4084 -4.5558
SCALE 1 1 1
X -0.2877 0.7442 0.6028
Y -0.1923 0.5717 -0.7976
Z -0.9382 -0.3454 -0.0214

PART 66
OFFSET 18.4283 -3.6013 -3.9021
SCALE 1 1 1
X 0.2994 -0.9533 -0.0393
Y 0.0478 0.0561 -0.9973
Z 0.9529 0.2967 0.0624

PART 67
OFFSET 21.2166 -2.8960 -6.8806
SCALE 1 1 1
X 0.3503 -0.9125 0.2111
Y 0.1892 -0.1519 -0.9701
Z 0.9173 0.3798 0.1194

PART 68
OFFSET 20.9585 -3.9629 -7.8685
SCALE 1 1 1
X 0.0791 -0.3347 0.9390
Y -0.4460 0.8306 0.3336
Z -0.8915 -0.4451 -0.0836

PART 69
OFFSET 21.0977 -4.5522 -6.2153
SCALE 1 1 1
X -0.2103 0.1646 0.9637
Y -0.4527 0.8573 -0.2452
Z -0.8665 -0.4878 -0.1058

PART 70
OFFSET 20.8946 -4.3225 -5.0373
SCALE 1 1 1
X -0.2553 0.4128 0.8743
Y -0.3823 0.7875 -0.4834
Z -0.8881 -0.4577 -0.0433

PART 71
OFFSET 9.0164 -3.6472 -5.7617
SCALE 1 1 1
X 0.9991 0.0423 0.0018
Y -0.0423 0.9990 -0.0151
Z -0.0025 0.0150 0.9999

PART 72
OFFSET 11.2998 -5.0162 -4.4000
SCALE 1 1 1
X 0.9988 0.0426 0.0223
Y -0.0423 0.9990 -0.0151
Z -0.0229 0.0141 0.9996

PART 73
OFFSET 13.4923 -2.0701 -3.9511
SCALE 1 1 1
X 0.9991 0.0423 0.0018
Y -0.0423 0.9990 -0.0151
Z -0.0025 0.0150 0.9999

PART 74
OFFSET 33.5069 -2.6048 -5.3776
SCALE 1 1 1
X 0.2327 -0.0048 -0.9725
Y -0.0423 0.9990 -0.0151
Z 0.9716 0.0446 0.2323

PART 75
OFFSET 15.8498 -3.3224 -3.4040
SCALE 1 1 1
X 0.9991 0.0423 0.0018
Y -0.0423 0.9990 -0.0151
Z -0.0025 0.0150 0.9999

PART 76
OFFSET 13.2823 -2.5136 -4.0960
SCALE 1 1 1
X -0.0025 0.0150 0.9999
Y -0.0423 0.9990 -0.0151
Z -0.9991 -0.0423 -0.0018

PART 77
OFFSET 13.2622 -2.0435 -4.3056
SCALE 1 1 1
X -0.0306 0.6987 0.7148
Y -0.0320 0.7141 -0.6993
Z -0.9990 -0.0443 0.0005

PART 78
OFFSET 13.2452 -1.7022 -4.7474
SCALE 1 1 1
X -0.0332 0.8138 0.5802
Y -0.0326 0.5793 -0.8145
Z -0.9989 -0.0460 0.0073

PART 79
OFFSET 13.2213 -1.3151 -5.1735
SCALE 1 1 1
X -0.0175 0.6250 0.7804
Y -0.0500 0.7790 -0.6250
Z -0.9986 -0.0500 0.0176

PART 80
OFFSET 13.1910 -0.8201 -5.4669
SCALE 1 1 1
X 0.0087 0.3977 0.9175
Y -0.0518 0.9165 -0.3968
Z -0.9986 -0.0440 0.0286

PART 81
OFFSET 13.1649 -0.2683 -5.6412
SCALE 1 1 1
X 0.0416 0.2124 0.9763
Y -0.0353 0.9768 -0.2110
Z -0.9985 -0.0257 0.0481

PART 82
OFFSET 13.1495 0.2953 -5.7218
SCALE 1 1 1
X 0.0773 0.0874 0.9932
Y -0.0230 0.9960 -0.0859
Z -0.9967 -0.0162 0.0790

PART 83
OFFSET 13.1333 0.8689 -5.7571
SCALE 1 1 1
X 0.1014 0.0562 0.9933
Y -0.0379 0.9979 -0.0526
Z -0.9941 -0.0323 0.1034

PART 84
OFFSET 13.1011 1.4607 -5.8000
SCALE 1 1 1
X 0.1028 0.1046 0.9892
Y -0.0668 0.9929 -0.0980
Z -0.9925 -0.0560 0.1090

PART 85
OFFSET 13.0641 2.0672 -5.8758
SCALE 1 1 1
X 0.0893 0.1519 0.9844
Y -0.0440 0.9879 -0.1485
Z -0.9950 -0.0301 0.0949

PART 86
OFFSET 13.0597 2.6731 -5.9817
SCALE 1 1 1
X 0.0767 0.1920 0.9784
Y 0.0404 0.9799 -0.1955
Z -0.9962 0.0546 0.0674

PART 87
OFFSET 13.1116 3.2666 -6.1171
SCALE 1 1 1
X 0.0769 0.2432 0.9669
Y 0.1153 0.9611 -0.2509
Z -0.9904 0.1308 0.0459

PART 88
OFFSET 13.1840 3.8534 -6.2941
SCALE 1 1 1
X 0.0934 0.3159 0.9442
Y 0.1052 0.9399 -0.3248
Z -0.9901 0.1296 0.0546

PART 89
OFFSET 13.2279 4.4422 -6.5267
SCALE 1 1 1
X 0.1292 0.3983 0.9081
Y 0.0334 0.9135 -0.4054
Z -0.9911 0.0827 0.1047

PART 90
OFFSET 13.2388 5.0154 -6.8054
SCALE 1 1 1
X 0.1771 0.4576 0.8713
Y 0.0113 0.8843 -0.4667
Z -0.9841 0.0925 0.1514

PART 91
OFFSET 13.2557 5.5288 -7.0966
SCALE 1 1 1
X 0.2201 0.4967 0.8396
Y 0.0615 0.8519 -0.5201
Z -0.9735 0.1661 0.1570

PART 92
OFFSET 13.3073 5.9566 -7.3897
SCALE 1 1 1
X 0.2644 0.5752 0.7741
Y 0.1236 0.7759 -0.6187
Z -0.9565 0.2592 0.1341

PART 93
OFFSET 13.3712 6.3512 -7.7697
SCALE 1 1 1
X 0.3300 0.6895 0.6447
Y 0.0949 0.6553 -0.7494
Z -0.9392 0.3085 0.1508

PART 94
OFFSET 13.4154 6.7821 -8.3352
SCALE 1 1 1
X 0.3966 0.7364 0.5482
Y 0.0472 0.5800 -0.8133
Z -0.9168 0.3484 0.1953

PART 95
OFFSET 13.4847 7.2657 -8.9504
SCALE 1 1 1
X 0.3810 0.6201 0.6858
Y 0.1671 0.6833 -0.7107
Z -0.9093 0.3854 0.1567


FRAME 401
PART 0
OFFSET 18.4006 -2.2567 -7.3032
SCALE 1 1 1
X 0.2603 -0.9633 -0.0652
Y -0.0462 -0.0799 0.9957
Z -0.9644 -0.2561 -0.0653

PART 1
OFFSET 18.4006 -2.2567 -7.3032
SCALE 1 1 1
X 0.2603 -0.9633 -0.0652
Y -0.0462 -0.0799 0.9957
Z -0.9644 -0.2561 -0.0653

PART 2
OFFSET -3.9372 -6.6747 -6.3308
SCALE 1 1 1
X -0.9289 -0.3191 0.1880
Y -0.3331 0.9417 -0.0480
Z -0.1618 -0.1072 -0.9810

PART 3
OFFSET 4.1061 -6.1466 -6.3608
SCALE 1 1 1
X -0.6128 -0.7893 0.0392
Y 0.7899 -0.6132 -0.0004
Z 0.0243 0.0307 0.9992

PART 4
OFFSET 5.1849 -4.7569 -6.4298
SCALE 1 1 1
X 0.5110 -0.8570 0.0659
Y 0.8594 0.5108 -0.0211
Z -0.0156 0.0674 0.9976

PART 5
OFFSET 4.5627 -3.7109 -6.4493
SCALE 1 1 1
X 0.9693 0.2425 -0.0407
Y -0.2430 0.9700 -0.0081
Z 0.0375 0.0178 0.9991

PART 6
OFFSET 3.4679 -3.9848 -6.4033
SCALE 1 1 1
X -0.0857 -0.9496 0.3016
Y -0.9935 0.0586 -0.0976
Z 0.0750 -0.3080 -0.9484

PART 7
OFFSET 4.0002 -5.9794 -7.4477
SCALE 1 1 1
X -0.3252 -0.9451 -0.0311
Y 0.9418 -0.3267 0.0786
Z -0.0845 -0.0037 0.9964

PART 8
OFFSET 4.6355 -4.1331 -7.3870
SCALE 1 1 1
X 0.8807 -0.4696 0.0620
Y 0.4704 0.8825 0.0015
Z -0.0554 0.0278 0.9981

PART 9
OFFSET 3.3492 -3.4472 -7.4775
SCALE 1 1 1
X 0.8064 0.5913 -0.0076
Y -0.5889 0.8018 -0.1017
Z -0.0540 0.0865 0.9948

PART 10
OFFSET 2.4358 -4.1170 -7.4760
SCALE 1 1 1
X -0.2388 -0.9710 0.0072
Y -0.9711 0.2388 0.0014
Z -0.0031 -0.0067 -1.0000

PART 11
OFFSET 0.0000 0.0000 0.0000
SCALE 1 1 1
X 1.0000 0.0000 0.0000
Y 0.0000 1.0000 0.0000
Z 0.0000 0.0000 1.0000

PART 12
OFFSET -0.0001 -0.0001 -0.0001
SCALE 1 1 1
X 1.0000 -0.0000 0.0000
Y 0.0000 1.0000 -0.0000
Z -0.0000 0.0000 1.0000

PART 13
OFFSET -0.0000 0.0000 -0.0000
SCALE 1 1 1
X 1.0000 -0.0000 0.0000
Y 0.0000 1.0000 -0.0000
Z -0.0000 0.0000 1.0000

PART 14
OFFSET 20.5614 -3.8563 -4.0496
SCALE 1 1 1
X 0.1784 -0.9740 0.1396
Y 0.2457 -0.0933 -0.9649
Z 0.9528 0.2065 0.2226

PART 15
OFFSET 19.9458 -4.4757 -7.7245
SCALE 1 1 1
X 0.0622 -0.1896 0.9799
Y -0.5017 0.8428 0.1950
Z -0.8628 -0.5037 -0.0427

PART 16
OFFSET 20.0673 -4.8462 -5.8102
SCALE 1 1 1
X -0.2484 0.3019 0.9204
Y -0.4195 0.8229 -0.3832
Z -0.8731 -0.4813 -0.0778

PART 17
OFFSET 19.7045 -4.4052 -4.4659
SCALE 1 1 1
X -0.4355 0.7185 0.5423
Y -0.1537 0.5342 -0.8313
Z -0.8870 -0.4453 -0.1222

PART 18
OFFSET 19.2051 -3.5949 -3.8520
SCALE 1 1 1
X 0.4888 -0.8637 0.1229
Y 0.0961 -0.0868 -0.9916
Z 0.8671 0.4965 0.0406

PART 19
OFFSET 8.9715 -3.6472 -5.7618
SCALE 1 1 1
X 0.9991 0.0423 0.0019
Y -0.0423 0.9990 -0.0151
Z -0.0025 0.0150 0.9999

PART 20
OFFSET -3.5797 -7.9373 -3.1869
SCALE 1 1 1
X 0.4825 -0.1690 0.8594
Y -0.2746 -0.9609 -0.0349
Z 0.8317 -0.2192 -0.5101

PART 21
OFFSET -9.4149 -5.8929 -13.5808
SCALE 1 1 1
X -0.8312 0.0055 -0.5560
Y 0.5233 0.3454 -0.7790
Z 0.1877 -0.9384 -0.2900

PART 22
OFFSET -2.3453 -5.9397 -8.8522
SCALE 1 1 1
X -0.8312 0.0055 -0.5560
Y 0.5560 0.0013 -0.8312
Z -0.0038 -1.0000 -0.0042

PART 23
OFFSET -1.7896 -5.0022 -7.0860
SCALE 1 1 1
X -0.8348 0.0060 -0.5505
Y -0.1929 0.9334 0.3027
Z 0.5156 0.3589 -0.7780

PART 24
OFFSET -1.8847 -5.7911 -6.2625
SCALE 1 1 1
X -0.8348 0.0060 -0.5505
Y -0.1929 0.9334 0.3027
Z 0.5156 0.3589 -0.7780

PART 25
OFFSET -1.2187 -7.0945 -7.0923
SCALE 1 1 1
X -0.8348 0.0060 -0.5505
Y -0.1929 0.9334 0.3027
Z 0.5156 0.3589 -0.7780

PART 26
OFFSET 0.2029 -5.9566 -7.1478
SCALE 1 1 1
X -0.9989 -0.0452 -0.0078
Y 0.0081 -0.0066 -0.9999
Z 0.0452 -0.9990 0.0070

PART 27
OFFSET 0.6260 -5.5197 -6.1822
SCALE 1 1 1
X -0.6457 -0.4987 -0.5783
Y 0.4372 0.3795 -0.8154
Z 0.6261 -0.7793 -0.0270

PART 28
OFFSET 1.9408 -4.4381 -4.8514
SCALE 1 1 1
X -0.9057 -0.4225 0.0358
Y 0.0120 -0.1099 -0.9939
Z 0.4238 -0.8997 0.1046

PART 29
OFFSET 3.3560 -3.6618 -4.9802
SCALE 1 1 1
X -0.7376 -0.4484 0.5048
Y -0.4089 -0.2981 -0.8625
Z 0.5373 -0.8426 0.0365

PART 30
OFFSET 4.1361 -3.1332 -5.5131
SCALE 1 1 1
X -0.9739 0.1488 0.1714
Y 0.1402 0.9882 -0.0611
Z -0.1785 -0.0355 -0.9833

PART 31
OFFSET 1.0477 -5.7235 -8.2134
SCALE 1 1 1
X -0.8217 -0.0762 0.5648
Y 0.1141 -0.9930 0.0320
Z 0.5584 0.0907 0.8246

PART 32
OFFSET 2.9613 -5.4173 -9.3662
SCALE 1 1 1
X -0.7313 -0.6800 -0.0528
Y 0.6808 -0.7233 -0.1155
Z 0.0403 -0.1204 0.9919

PART 33
OFFSET 3.9967 -4.4546 -9.2913
SCALE 1 1 1
X 0.7203 -0.6884 -0.0854
Y 0.6935 0.7123 0.1076
Z -0.0132 -0.1368 0.9905

PART 34
OFFSET 3.3581 -3.8443 -9.2156
SCALE 1 1 1
X 0.9680 0.2509 -0.0050
Y -0.2496 0.9645 0.0868
Z 0.0266 -0.0828 0.9962

PART 35
OFFSET 2.4384 -4.0827 -9.2109
SCALE 1 1 1
X -0.5875 -0.7854 -0.1947
Y -0.8080 0.5562 0.1946
Z -0.0445 0.2717 -0.9614

PART 36
OFFSET 1.2684 -5.8487 -7.5461
SCALE 1 1 1
X -0.9529 -0.0470 0.2998
Y 0.0652 -0.9966 0.0510
Z 0.2963 0.0682 0.9526

PART 37
OFFSET 3.6988 -5.7587 -8.4645
SCALE 1 1 1
X -0.4244 -0.9050 0.0297
Y 0.8981 -0.4249 -0.1135
Z 0.1154 -0.0215 0.9931

PART 38
OFFSET 4.4214 -4.2180 -8.5151
SCALE 1 1 1
X 0.9119 -0.3967 -0.1052
Y 0.3990 0.9170 -0.0000
Z 0.0965 -0.0419 0.9945

PART 39
OFFSET 3.1576 -3.6681 -8.3693
SCALE 1 1 1
X 0.6936 0.7195 -0.0343
Y -0.7146 0.6933 0.0928
Z 0.0906 -0.0398 0.9951

PART 40
OFFSET 2.4054 -4.4485 -8.3321
SCALE 1 1 1
X -0.1556 -0.9875 0.0241
Y -0.9862 0.1567 0.0529
Z -0.0560 -0.0155 -0.9983

PART 41
OFFSET 1.2684 -5.8487 -7.5461
SCALE 1 1 1
X -0.9529 -0.0470 0.2998
Y 0.0652 -0.9966 0.0510
Z 0.2963 0.0682 0.9526

PART 42
OFFSET 1.2684 -5.8487 -7.5461
SCALE 1 1 1
X -0.9529 -0.0470 0.2998
Y 0.0652 -0.9966 0.0510
Z 0.2963 0.0682 0.9526

PART 43
OFFSET 3.7075 0.0000 -1.3770
SCALE 1 1 1
X 1.0000 0.0000 0.0000
Y 0.0000 1.0000 0.0000
Z 0.0000 0.0000 1.0000

PART 44
OFFSET -0.0838 7.9373 -3.1869
SCALE 1 1 1
X 0.8392 -0.0959 -0.5354
Y -0.2472 -0.9440 -0.2184
Z -0.4845 0.3156 -0.8159

PART 45
OFFSET 10.0650 6.7781 -9.6614
SCALE 1 1 1
X 0.6997 -0.6843 0.2055
Y -0.5470 -0.3280 0.7702
Z -0.4596 -0.6513 -0.6038

PART 46
OFFSET 16.0161 0.9581 -7.9134
SCALE 1 1 1
X 0.6997 -0.6843 0.2055
Y 0.6895 0.7220 0.0566
Z -0.1871 0.1021 0.9770

PART 47
OFFSET 18.2079 1.4289 -7.0123
SCALE 1 1 1
X 0.7042 -0.6805 0.2026
Y 0.4654 0.6579 0.5921
Z -0.5362 -0.3227 0.7800

PART 48
OFFSET 17.0768 0.2004 -9.1130
SCALE 1 1 1
X 0.7042 -0.6805 0.2026
Y 0.4654 0.6579 0.5921
Z -0.5362 -0.3227 0.7800

PART 49
OFFSET 17.3001 0.1739 -5.5579
SCALE 1 1 1
X 0.7042 -0.6805 0.2026
Y 0.4654 0.6579 0.5921
Z -0.5362 -0.3227 0.7800

PART 50
OFFSET 16.4357 -0.8624 -6.5500
SCALE 1 1 1
X 0.7042 -0.6805 0.2026
Y 0.4654 0.6579 0.5921
Z -0.5362 -0.3227 0.7800

PART 51
OFFSET 15.5325 -1.5799 -7.7184
SCALE 1 1 1
X 0.7042 -0.6805 0.2026
Y 0.4654 0.6579 0.5921
Z -0.5362 -0.3227 0.7800

PART 52
OFFSET 18.1610 -1.1396 -7.2834
SCALE 1 1 1
X 0.5442 -0.8366 -0.0624
Y 0.8389 0.5429 0.0384
Z 0.0018 -0.0733 0.9973

PART 53
OFFSET 19.2162 -1.0222 -6.8649
SCALE 1 1 1
X 0.6852 0.0233 0.7279
Y 0.2798 0.9144 -0.2926
Z -0.6724 0.4041 0.6201

PART 54
OFFSET 20.6854 -0.8582 -5.2888
SCALE 1 1 1
X 0.4730 -0.6829 0.5567
Y 0.6086 0.7102 0.3539
Z -0.6371 0.1714 0.7515

PART 55
OFFSET 21.3414 -1.9837 -4.3270
SCALE 1 1 1
X -0.0210 -0.9236 0.3828
Y 0.7567 0.2355 0.6098
Z -0.6534 0.3025 0.6940

PART 56
OFFSET 21.3017 -2.9647 -3.8709
SCALE 1 1 1
X 0.5601 -0.8275 -0.0376
Y 0.2820 0.2331 -0.9307
Z 0.7789 0.5107 0.3639

PART 57
OFFSET 17.7236 -2.4436 -7.1757
SCALE 1 1 1
X -0.0326 -0.9990 -0.0303
Y -0.0564 -0.0284 0.9980
Z -0.9979 0.0343 -0.0554

PART 58
OFFSET 17.7887 -4.6967 -7.1133
SCALE 1 1 1
X 0.0298 -0.2153 0.9761
Y -0.1823 0.9590 0.2171
Z -0.9828 -0.1844 -0.0107

PART 59
OFFSET 17.8309 -5.0016 -5.7313
SCALE 1 1 1
X -0.0319 0.2879 0.9571
Y -0.2186 0.9324 -0.2878
Z -0.9753 -0.2184 0.0332

PART 60
OFFSET 17.8026 -4.7464 -4.8827
SCALE 1 1 1
X -0.1361 0.8653 0.4824
Y -0.0809 0.4756 -0.8759
Z -0.9874 -0.1583 0.0053

PART 61
OFFSET 17.6733 -3.9243 -4.4244
SCALE 1 1 1
X 0.2977 -0.9375 0.1801
Y -0.0983 -0.2178 -0.9710
Z 0.9496 0.2714 -0.1570

PART 62
OFFSET 18.4006 -2.2567 -7.3032
SCALE 1 1 1
X 0.2603 -0.9633 -0.0652
Y -0.0462 -0.0799 0.9957
Z -0.9644 -0.2561 -0.0653

PART 63
OFFSET 18.9338 -4.7931 -7.5041
SCALE 1 1 1
X -0.0102 -0.0957 0.9954
Y -0.3347 0.9383 0.0868
Z -0.9423 -0.3322 -0.0416

PART 64
OFFSET 18.9164 -4.9561 -5.8095
SCALE 1 1 1
X -0.1594 0.3952 0.9047
Y -0.3036 0.8523 -0.4258
Z -0.9394 -0.3425 -0.0159

PART 65
OFFSET 18.6954 -4.4084 -4.5557
SCALE 1 1 1
X -0.2877 0.7442 0.6028
Y -0.1923 0.5717 -0.7976
Z -0.9382 -0.3454 -0.0214

PART 66
OFFSET 18.3834 -3.6013 -3.9020
SCALE 1 1 1
X 0.2994 -0.9533 -0.0393
Y 0.0479 0.0561 -0.9973
Z 0.9529 0.2967 0.0624

PART 67
OFFSET 21.1717 -2.8960 -6.8804
SCALE 1 1 1
X 0.3503 -0.9125 0.2111
Y 0.1892 -0.1518 -0.9701
Z 0.9173 0.3798 0.1194

PART 68
OFFSET 20.9136 -3.9629 -7.8684
SCALE 1 1 1
X 0.0790 -0.3347 0.9390
Y -0.4460 0.8306 0.3336
Z -0.8915 -0.4451 -0.0836

PART 69
OFFSET 21.0528 -4.5522 -6.2151
SCALE 1 1 1
X -0.2103 0.1646 0.9637
Y -0.4527 0.8573 -0.2452
Z -0.8665 -0.4878 -0.1058

PART 70
OFFSET 20.8497 -4.3225 -5.0372
SCALE 1 1 1
X -0.2553 0.4128 0.8743
Y -0.3823 0.7875 -0.4834
Z -0.8881 -0.4577 -0.0433

PART 71
OFFSET 8.9715 -3.6472 -5.7618
SCALE 1 1 1
X 0.9991 0.0423 0.0019
Y -0.0423 0.9990 -0.0151
Z -0.0025 0.0150 0.9999

PART 72
OFFSET 11.2549 -5.0162 -4.4001
SCALE 1 1 1
X 0.9988 0.0426 0.0223
Y -0.0423 0.9990 -0.0151
Z -0.0229 0.0141 0.9996

PART 73
OFFSET 13.4474 -2.0701 -3.9511
SCALE 1 1 1
X 0.9991 0.0423 0.0019
Y -0.0423 0.9990 -0.0151
Z -0.0025 0.0150 0.9999

PART 74
OFFSET 33.4620 -2.6047 -5.3772
SCALE 1 1 1
X 0.2327 -0.0048 -0.9725
Y -0.0423 0.9990 -0.0151
Z 0.9716 0.0446 0.2323

PART 75
OFFSET 15.8049 -3.3224 -3.4039
SCALE 1 1 1
X 0.9991 0.0423 0.0019
Y -0.0423 0.9990 -0.0151
Z -0.0025 0.0150 0.9999

PART 76
OFFSET 13.2409 -2.6621 -4.0845
SCALE 1 1 1
X -0.0025 0.0150 0.9999
Y -0.0423 0.9990 -0.0151
Z -0.9991 -0.0423 -0.0019

PART 77
OFFSET 13.2202 -2.1760 -4.2726
SCALE 1 1 1
X -0.0279 0.6333 0.7734
Y -0.0342 0.7726 -0.6340
Z -0.9990 -0.0441 0.0001

PART 78
OFFSET 13.2021 -1.8041 -4.6741
SCALE 1 1 1
X -0.0310 0.7647 0.6436
Y -0.0348 0.6427 -0.7653
Z -0.9989 -0.0462 0.0067

PART 79
OFFSET 13.1778 -1.3969 -5.0765
SCALE 1 1 1
X -0.0167 0.6085 0.7933
Y -0.0497 0.7920 -0.6085
Z -0.9986 -0.0496 0.0170

PART 80
OFFSET 13.1476 -0.9004 -5.3744
SCALE 1 1 1
X 0.0071 0.4219 0.9066
Y -0.0516 0.9056 -0.4210
Z -0.9986 -0.0438 0.0282

PART 81
OFFSET 13.1210 -0.3561 -5.5696
SCALE 1 1 1
X 0.0378 0.2564 0.9658
Y -0.0377 0.9662 -0.2551
Z -0.9986 -0.0268 0.0462

PART 82
OFFSET 13.1037 0.2000 -5.6756
SCALE 1 1 1
X 0.0714 0.1325 0.9886
Y -0.0270 0.9910 -0.1309
Z -0.9971 -0.0173 0.0743

PART 83
OFFSET 13.0857 0.7693 -5.7339
SCALE 1 1 1
X 0.0948 0.0904 0.9914
Y -0.0396 0.9954 -0.0870
Z -0.9947 -0.0310 0.0979

PART 84
OFFSET 13.0539 1.3620 -5.7921
SCALE 1 1 1
X 0.0981 0.1202 0.9879
Y -0.0636 0.9914 -0.1143
Z -0.9931 -0.0516 0.1049

PART 85
OFFSET 13.0190 1.9738 -5.8745
SCALE 1 1 1
X 0.0881 0.1553 0.9839
Y -0.0402 0.9875 -0.1523
Z -0.9953 -0.0262 0.0932

PART 86
OFFSET 13.0156 2.5861 -5.9819
SCALE 1 1 1
X 0.0785 0.1906 0.9785
Y 0.0393 0.9802 -0.1941
Z -0.9961 0.0537 0.0695

PART 87
OFFSET 13.0658 3.1845 -6.1170
SCALE 1 1 1
X 0.0807 0.2403 0.9673
Y 0.1107 0.9623 -0.2483
Z -0.9906 0.1272 0.0511

PART 88
OFFSET 13.1364 3.7743 -6.2927
SCALE 1 1 1
X 0.0977 0.3118 0.9451
Y 0.1043 0.9412 -0.3213
Z -0.9897 0.1300 0.0595

PART 89
OFFSET 13.1824 4.3647 -6.5232
SCALE 1 1 1
X 0.1322 0.3928 0.9101
Y 0.0401 0.9152 -0.4009
Z -0.9904 0.0895 0.1053

PART 90
OFFSET 13.1980 4.9412 -6.7982
SCALE 1 1 1
X 0.1752 0.4468 0.8773
Y 0.0179 0.8895 -0.4566
Z -0.9844 0.0957 0.1479

PART 91
OFFSET 13.2164 5.4650 -7.0827
SCALE 1 1 1
X 0.2079 0.4757 0.8547
Y 0.0565 0.8665 -0.4960
Z -0.9765 0.1514 0.1533

PART 92
OFFSET 13.2621 5.9130 -7.3659
SCALE 1 1 1
X 0.2381 0.5526 0.7987
Y 0.1045 0.8030 -0.5867
Z -0.9656 0.2231 0.1335

PART 93
OFFSET 13.3164 6.3281 -7.7372
SCALE 1 1 1
X 0.2927 0.6871 0.6649
Y 0.0789 0.6757 -0.7330
Z -0.9529 0.2670 0.1436

PART 94
OFFSET 13.3529 6.7675 -8.3009
SCALE 1 1 1
X 0.3530 0.7539 0.5541
Y 0.0388 0.5800 -0.8137
Z -0.9348 0.3088 0.1755

PART 95
OFFSET 13.4125 7.2513 -8.9202
SCALE 1 1 1
X 0.3446 0.6422 0.6847
Y 0.1457 0.6839 -0.7149
Z -0.9274 0.3461 0.1422


FRAME 402
PART 0
OFFSET 18.3173 -2.2566 -7.3031
SCALE 1 1 1
X 0.2603 -0.9633 -0.0652
Y -0.0462 -0.0799 0.9957
Z -0.9644 -0.2561 -0.0653

PART 1
OFFSET 18.3173 -2.2566 -7.3031
SCALE 1 1 1
X 0.2603 -0.9633 -0.0652
Y -0.0462 -0.0799 0.9957
Z -0.9644 -0.2561 -0.0653

PART 2
OFFSET -4.0205 -6.6748 -6.3313
SCALE 1 1 1
X -0.9289 -0.3191 0.1880
Y -0.3331 0.9417 -0.0480
Z -0.1617 -0.1072 -0.9810

PART 3
OFFSET 4.0228 -6.1466 -6.3611
SCALE 1 1 1
X -0.6128 -0.7893 0.0391
Y 0.7899 -0.6132 -0.0004
Z 0.0243 0.0307 0.9992

PART 4
OFFSET 5.1016 -4.7569 -6.4300
SCALE 1 1 1
X 0.5110 -0.8570 0.0659
Y 0.8594 0.5108 -0.0211
Z -0.0156 0.0674 0.9976

PART 5
OFFSET 4.4794 -3.7110 -6.4495
SCALE 1 1 1
X 0.9693 0.2425 -0.0407
Y -0.2430 0.9700 -0.0081
Z 0.0375 0.0178 0.9991

PART 6
OFFSET 3.3845 -3.9848 -6.4036
SCALE 1 1 1
X -0.0857 -0.9496 0.3016
Y -0.9935 0.0586 -0.0976
Z 0.0750 -0.3080 -0.9484

PART 7
OFFSET 3.9169 -5.9794 -7.4480
SCALE 1 1 1
X -0.3252 -0.9451 -0.0311
Y 0.9418 -0.3267 0.0787
Z -0.0845 -0.0037 0.9964

PART 8
OFFSET 4.5523 -4.1331 -7.3873
SCALE 1 1 1
X 0.8807 -0.4696 0.0620
Y 0.4704 0.8825 0.0015
Z -0.0554 0.0278 0.9981

PART 9
OFFSET 3.2659 -3.4472 -7.4778
SCALE 1 1 1
X 0.8064 0.5913 -0.0076
Y -0.5889 0.8018 -0.1017
Z -0.0541 0.0865 0.9948

PART 10
OFFSET 2.3525 -4.1170 -7.4763
SCALE 1 1 1
X -0.2388 -0.9711 0.0072
Y -0.9711 0.2388 0.0014
Z -0.0031 -0.0067 -1.0000

PART 11
OFFSET 0.0000 0.0000 0.0000
SCALE 1 1 1
X 1.0000 0.0000 0.0000
Y 0.0000 1.0000 0.0000
Z 0.0000 0.0000 1.0000

PART 12
OFFSET -0.0001 -0.0001 -0.0001
SCALE 1 1 1
X 1.0000 -0.0000 0.0000
Y 0.0000 1.0000 -0.0000
Z -0.0000 0.0000 1.0000

PART 13
OFFSET -0.0000 -0.0000 -0.0000
SCALE 1 1 1
X 1.0000 -0.0000 0.0000
Y 0.0000 1.0000 -0.0000
Z -0.0000 0.0000 1.0000

PART 14
OFFSET 20.4780 -3.8563 -4.0494
SCALE 1 1 1
X 0.1784 -0.9740 0.1396
Y 0.2457 -0.0933 -0.9648
Z 0.9528 0.2065 0.2227

PART 15
OFFSET 19.8625 -4.4757 -7.7243
SCALE 1 1 1
X 0.0622 -0.1896 0.9799
Y -0.5017 0.8428 0.1950
Z -0.8628 -0.5037 -0.0427

PART 16
OFFSET 19.9840 -4.8462 -5.8100
SCALE 1 1 1
X -0.2485 0.3019 0.9204
Y -0.4195 0.8229 -0.3832
Z -0.8731 -0.4813 -0.0778

PART 17
OFFSET 19.6211 -4.4052 -4.4657
SCALE 1 1 1
X -0.4355 0.7185 0.5423
Y -0.1537 0.5342 -0.8313
Z -0.8870 -0.4453 -0.1222

PART 18
OFFSET 19.1217 -3.5949 -3.8518
SCALE 1 1 1
X 0.4888 -0.8637 0.1230
Y 0.0961 -0.0868 -0.9916
Z 0.8671 0.4965 0.0406

PART 19
OFFSET 8.8882 -3.6472 -5.7619
SCALE 1 1 1
X 0.9991 0.0423 0.0019
Y -0.0423 0.9990 -0.0151
Z -0.0025 0.0150 0.9999

PART 20
OFFSET -3.5797 -7.9373 -3.1869
SCALE 1 1 1
X 0.4931 -0.1667 0.8538
Y -0.2702 -0.9623 -0.0318
Z 0.8269 -0.2150 -0.5195

PART 21
OFFSET -9.5434 -5.9217 -13.5133
SCALE 1 1 1
X -0.8351 0.0030 -0.5501
Y 0.5166 0.3480 -0.7823
Z 0.1891 -0.9375 -0.2922

PART 22
OFFSET -2.4405 -5.9474 -8.8346
SCALE 1 1 1
X -0.8351 0.0030 -0.5501
Y 0.5501 0.0009 -0.8351
Z -0.0020 -1.0000 -0.0024

PART 23
OFFSET -1.8762 -5.0074 -7.0708
SCALE 1 1 1
X -0.8387 0.0035 -0.5446
Y -0.1941 0.9324 0.3049
Z 0.5088 0.3615 -0.7813

PART 24
OFFSET -1.9629 -5.7961 -6.2471
SCALE 1 1 1
X -0.8387 0.0035 -0.5446
Y -0.1941 0.9324 0.3049
Z 0.5088 0.3615 -0.7813

PART 25
OFFSET -1.2953 -7.0982 -7.0871
SCALE 1 1 1
X -0.8387 0.0035 -0.5446
Y -0.1941 0.9324 0.3049
Z 0.5088 0.3615 -0.7813

PART 26
OFFSET 0.1196 -5.9566 -7.1482
SCALE 1 1 1
X -0.9989 -0.0452 -0.0078
Y 0.0081 -0.0066 -0.9999
Z 0.0452 -0.9990 0.0070

PART 27
OFFSET 0.5426 -5.5197 -6.1826
SCALE 1 1 1
X -0.6456 -0.4987 -0.5783
Y 0.4372 0.3795 -0.8154
Z 0.6261 -0.7793 -0.0269

PART 28
OFFSET 1.8574 -4.4381 -4.8518
SCALE 1 1 1
X -0.9057 -0.4225 0.0358
Y 0.0120 -0.1099 -0.9939
Z 0.4238 -0.8997 0.1046

PART 29
OFFSET 3.2727 -3.6618 -4.9805
SCALE 1 1 1
X -0.7377 -0.4484 0.5047
Y -0.4089 -0.2981 -0.8625
Z 0.5373 -0.8426 0.0365

PART 30
OFFSET 4.0528 -3.1332 -5.5134
SCALE 1 1 1
X -0.9739 0.1488 0.1714
Y 0.1402 0.9882 -0.0611
Z -0.1785 -0.0355 -0.9833

PART 31
OFFSET 0.9645 -5.7235 -8.2138
SCALE 1 1 1
X -0.8217 -0.0762 0.5648
Y 0.1141 -0.9930 0.0320
Z 0.5583 0.0907 0.8246

PART 32
OFFSET 2.8781 -5.4173 -9.3665
SCALE 1 1 1
X -0.7313 -0.6800 -0.0528
Y 0.6809 -0.7233 -0.1154
Z 0.0403 -0.1204 0.9919

PART 33
OFFSET 3.9135 -4.4546 -9.2916
SCALE 1 1 1
X 0.7203 -0.6884 -0.0854
Y 0.6935 0.7123 0.1076
Z -0.0132 -0.1368 0.9905

PART 34
OFFSET 3.2748 -3.8443 -9.2159
SCALE 1 1 1
X 0.9680 0.2509 -0.0050
Y -0.2496 0.9645 0.0868
Z 0.0266 -0.0828 0.9962

PART 35
OFFSET 2.3552 -4.0827 -9.2112
SCALE 1 1 1
X -0.5875 -0.7854 -0.1947
Y -0.8080 0.5562 0.1946
Z -0.0445 0.2717 -0.9614

PART 36
OFFSET 1.1851 -5.8487 -7.5465
SCALE 1 1 1
X -0.9529 -0.0470 0.2997
Y 0.0652 -0.9966 0.0510
Z 0.2963 0.0682 0.9527

PART 37
OFFSET 3.6156 -5.7587 -8.4648
SCALE 1 1 1
X -0.4244 -0.9050 0.0297
Y 0.8981 -0.4249 -0.1135
Z 0.1153 -0.0215 0.9931

PART 38
OFFSET 4.3382 -4.2180 -8.5154
SCALE 1 1 1
X 0.9119 -0.3967 -0.1052
Y 0.3990 0.9170 -0.0000
Z 0.0964 -0.0419 0.9945

PART 39
OFFSET 3.0744 -3.6682 -8.3697
SCALE 1 1 1
X 0.6936 0.7195 -0.0343
Y -0.7146 0.6933 0.0928
Z 0.0906 -0.0398 0.9951

PART 40
OFFSET 2.3221 -4.4485 -8.3324
SCALE 1 1 1
X -0.1556 -0.9875 0.0241
Y -0.9862 0.1567 0.0529
Z -0.0560 -0.0155 -0.9983

PART 41
OFFSET 1.1851 -5.8487 -7.5465
SCALE 1 1 1
X -0.9529 -0.0470 0.2997
Y 0.0652 -0.9966 0.0510
Z 0.2963 0.0682 0.9527

PART 42
OFFSET 1.1851 -5.8487 -7.5465
SCALE 1 1 1
X -0.9529 -0.0470 0.2997
Y 0.0652 -0.9966 0.0510
Z 0.2963 0.0682 0.9527

PART 43
OFFSET 3.7075 0.0000 -1.3770
SCALE 1 1 1
X 1.0000 0.0000 0.0000
Y 0.0000 1.0000 0.0000
Z 0.0000 0.0000 1.0000

PART 44
OFFSET -0.0838 7.9373 -3.1869
SCALE 1 1 1
X 0.8365 -0.0930 -0.5401
Y -0.2462 -0.9442 -0.2187
Z -0.4896 0.3159 -0.8127

PART 45
OFFSET 10.0324 6.8123 -9.7183
SCALE 1 1 1
X 0.6953 -0.6872 0.2104
Y -0.5511 -0.3218 0.7699
Z -0.4614 -0.6513 -0.6024

PART 46
OFFSET 15.9462 0.9672 -7.9284
SCALE 1 1 1
X 0.6953 -0.6872 0.2104
Y 0.6932 0.7185 0.0560
Z -0.1897 0.1069 0.9760

PART 47
OFFSET 18.1379 1.4298 -7.0227
SCALE 1 1 1
X 0.6998 -0.6835 0.2075
Y 0.4673 0.6578 0.5907
Z -0.5403 -0.3165 0.7797

PART 48
OFFSET 17.0063 0.1986 -9.1216
SCALE 1 1 1
X 0.6998 -0.6835 0.2075
Y 0.4673 0.6578 0.5907
Z -0.5403 -0.3165 0.7797

PART 49
OFFSET 17.2190 0.1858 -5.5658
SCALE 1 1 1
X 0.6998 -0.6835 0.2075
Y 0.4673 0.6578 0.5907
Z -0.5403 -0.3165 0.7797

PART 50
OFFSET 16.3518 -0.8498 -6.5561
SCALE 1 1 1
X 0.6998 -0.6835 0.2075
Y 0.4673 0.6578 0.5907
Z -0.5403 -0.3165 0.7797

PART 51
OFFSET 15.4481 -1.5673 -7.7242
SCALE 1 1 1
X 0.6998 -0.6835 0.2075
Y 0.4673 0.6578 0.5907
Z -0.5403 -0.3165 0.7797

PART 52
OFFSET 18.0777 -1.1396 -7.2832
SCALE 1 1 1
X 0.5442 -0.8366 -0.0624
Y 0.8389 0.5429 0.0384
Z 0.0018 -0.0733 0.9973

PART 53
OFFSET 19.1329 -1.0222 -6.8648
SCALE 1 1 1
X 0.6852 0.0233 0.7280
Y 0.2798 0.9144 -0.2926
Z -0.6725 0.4041 0.6201

PART 54
OFFSET 20.6021 -0.8582 -5.2886
SCALE 1 1 1
X 0.4730 -0.6829 0.5567
Y 0.6086 0.7102 0.3540
Z -0.6371 0.1714 0.7515

PART 55
OFFSET 21.2580 -1.9837 -4.3268
SCALE 1 1 1
X -0.0210 -0.9236 0.3828
Y 0.7567 0.2355 0.6099
Z -0.6534 0.3025 0.6940

PART 56
OFFSET 21.2183 -2.9646 -3.8707
SCALE 1 1 1
X 0.5602 -0.8275 -0.0375
Y 0.2820 0.2331 -0.9307
Z 0.7789 0.5107 0.3640

PART 57
OFFSET 17.6403 -2.4436 -7.1756
SCALE 1 1 1
X -0.0326 -0.9990 -0.0303
Y -0.0565 -0.0284 0.9980
Z -0.9979 0.0343 -0.0555

PART 58
OFFSET 17.7054 -4.6967 -7.1131
SCALE 1 1 1
X 0.0298 -0.2153 0.9761
Y -0.1823 0.9590 0.2171
Z -0.9828 -0.1844 -0.0107

PART 59
OFFSET 17.7475 -5.0016 -5.7312
SCALE 1 1 1
X -0.0319 0.2879 0.9571
Y -0.2186 0.9324 -0.2878
Z -0.9753 -0.2184 0.0332

PART 60
OFFSET 17.7192 -4.7464 -4.8826
SCALE 1 1 1
X -0.1361 0.8653 0.4824
Y -0.0809 0.4756 -0.8759
Z -0.9874 -0.1583 0.0053

PART 61
OFFSET 17.5899 -3.9243 -4.4243
SCALE 1 1 1
X 0.2977 -0.9375 0.1801
Y -0.0983 -0.2178 -0.9710
Z 0.9496 0.2714 -0.1570

PART 62
OFFSET 18.3173 -2.2566 -7.3031
SCALE 1 1 1
X 0.2603 -0.9633 -0.0652
Y -0.0462 -0.0799 0.9957
Z -0.9644 -0.2561 -0.0653

PART 63
OFFSET 18.8505 -4.7931 -7.5039
SCALE 1 1 1
X -0.0103 -0.0957 0.9954
Y -0.3347 0.9383 0.0868
Z -0.9423 -0.3322 -0.0417

PART 64
OFFSET 18.8330 -4.9561 -5.8093
SCALE 1 1 1
X -0.1595 0.3952 0.9047
Y -0.3036 0.8523 -0.4259
Z -0.9394 -0.3425 -0.0159

PART 65
OFFSET 18.6120 -4.4084 -4.5556
SCALE 1 1 1
X -0.2877 0.7442 0.6028
Y -0.1922 0.5717 -0.7976
Z -0.9382 -0.3454 -0.0214

PART 66
OFFSET 18.3000 -3.6012 -3.9018
SCALE 1 1 1
X 0.2994 -0.9533 -0.0393
Y 0.0479 0.0561 -0.9973
Z 0.9529 0.2967 0.0625

PART 67
OFFSET 21.0884 -2.8960 -6.8802
SCALE 1 1 1
X 0.3503 -0.9125 0.2112
Y 0.1892 -0.1518 -0.9701
Z 0.9173 0.3798 0.1195

PART 68
OFFSET 20.8304 -3.9629 -7.8682
SCALE 1 1 1
X 0.0790 -0.3347 0.9390
Y -0.4460 0.8306 0.3336
Z -0.8915 -0.4451 -0.0836

PART 69
OFFSET 20.9695 -4.5522 -6.2149
SCALE 1 1 1
X -0.2104 0.1646 0.9637
Y -0.4527 0.8573 -0.2452
Z -0.8665 -0.4878 -0.1058

PART 70
OFFSET 20.7664 -4.3225 -5.0369
SCALE 1 1 1
X -0.2553 0.4128 0.8743
Y -0.3823 0.7875 -0.4834
Z -0.8881 -0.4577 -0.0433

PART 71
OFFSET 8.8882 -3.6472 -5.7619
SCALE 1 1 1
X 0.9991 0.0423 0.0019
Y -0.0423 0.9990 -0.0151
Z -0.0025 0.0150 0.9999

PART 72
OFFSET 11.1715 -5.0162 -4.4001
SCALE 1 1 1
X 0.9988 0.0426 0.0223
Y -0.0423 0.9990 -0.0151
Z -0.0229 0.0141 0.9996

PART 73
OFFSET 13.3640 -2.0701 -3.9511
SCALE 1 1 1
X 0.9991 0.0423 0.0019
Y -0.0423 0.9990 -0.0151
Z -0.0025 0.0150 0.9999

PART 74
OFFSET 33.3787 -2.6047 -5.3766
SCALE 1 1 1
X 0.2328 -0.0048 -0.9725
Y -0.0423 0.9990 -0.0151
Z 0.9716 0.0446 0.2323

PART 75
OFFSET 15.7215 -3.3224 -3.4038
SCALE 1 1 1
X 0.9991 0.0423 0.0019
Y -0.0423 0.9990 -0.0151
Z -0.0025 0.0150 0.9999

PART 76
OFFSET 13.1649 -2.9758 -4.0603
SCALE 1 1 1
X -0.0025 0.0150 0.9999
Y -0.0423 0.9990 -0.0151
Z -0.9991 -0.0423 -0.0019

PART 77
OFFSET 13.1429 -2.4559 -4.2030
SCALE 1 1 1
X -0.0215 0.4795 0.8773
Y -0.0379 0.8765 -0.4800
Z -0.9990 -0.0436 -0.0007

PART 78
OFFSET 13.1226 -2.0193 -4.5193
SCALE 1 1 1
X -0.0255 0.6391 0.7687
Y -0.0390 0.7677 -0.6396
Z -0.9989 -0.0463 0.0054

PART 79
OFFSET 13.0974 -1.5698 -4.8716
SCALE 1 1 1
X -0.0150 0.5735 0.8191
Y -0.0490 0.8178 -0.5734
Z -0.9987 -0.0488 0.0159

PART 80
OFFSET 13.0675 -1.0702 -5.1791
SCALE 1 1 1
X 0.0039 0.4715 0.8819
Y -0.0511 0.8808 -0.4707
Z -0.9987 -0.0432 0.0276

PART 81
OFFSET 13.0397 -0.5416 -5.4184
SCALE 1 1 1
X 0.0300 0.3483 0.9369
Y -0.0426 0.9369 -0.3469
Z -0.9986 -0.0295 0.0430

PART 82
OFFSET 13.0183 -0.0014 -5.5780
SCALE 1 1 1
X 0.0592 0.2279 0.9719
Y -0.0354 0.9735 -0.2261
Z -0.9976 -0.0210 0.0657

PART 83
OFFSET 12.9966 0.5590 -5.6851
SCALE 1 1 1
X 0.0812 0.1624 0.9834
Y -0.0432 0.9863 -0.1593
Z -0.9958 -0.0295 0.0871

PART 84
OFFSET 12.9655 1.1535 -5.7755
SCALE 1 1 1
X 0.0887 0.1524 0.9843
Y -0.0569 0.9874 -0.1477
Z -0.9944 -0.0429 0.0963

PART 85
OFFSET 12.9351 1.7763 -5.8717
SCALE 1 1 1
X 0.0856 0.1624 0.9830
Y -0.0325 0.9866 -0.1601
Z -0.9958 -0.0183 0.0897

PART 86
OFFSET 12.9339 2.4022 -5.9823
SCALE 1 1 1
X 0.0825 0.1877 0.9787
Y 0.0371 0.9808 -0.1913
Z -0.9959 0.0521 0.0740

PART 87
OFFSET 12.9803 3.0109 -6.1169
SCALE 1 1 1
X 0.0887 0.2343 0.9681
Y 0.1013 0.9648 -0.2427
Z -0.9909 0.1196 0.0619

PART 88
OFFSET 13.0472 3.6071 -6.2898
SCALE 1 1 1
X 0.1069 0.3033 0.9469
Y 0.1024 0.9439 -0.3139
Z -0.9890 0.1305 0.0699

PART 89
OFFSET 13.0976 4.2008 -6.5157
SCALE 1 1 1
X 0.1389 0.3813 0.9139
Y 0.0541 0.9186 -0.3915
Z -0.9888 0.1038 0.1070

PART 90
OFFSET 13.1231 4.7838 -6.7829
SCALE 1 1 1
X 0.1727 0.4242 0.8890
Y 0.0314 0.8997 -0.4354
Z -0.9845 0.1031 0.1420

PART 91
OFFSET 13.1446 5.3295 -7.0533
SCALE 1 1 1
X 0.1867 0.4315 0.8826
Y 0.0464 0.8935 -0.4467
Z -0.9813 0.1243 0.1468

PART 92
OFFSET 13.1778 5.8206 -7.3154
SCALE 1 1 1
X 0.1898 0.5005 0.8447
Y 0.0663 0.8518 -0.5196
Z -0.9796 0.1547 0.1285

PART 93
OFFSET 13.2122 6.2794 -7.6685
SCALE 1 1 1
X 0.2174 0.6730 0.7069
Y 0.0466 0.7163 -0.6963
Z -0.9750 0.1843 0.1243

PART 94
OFFSET 13.2333 6.7381 -8.2283
SCALE 1 1 1
X 0.2594 0.7827 0.5657
Y 0.0220 0.5808 -0.8137
Z -0.9655 0.2236 0.1334

PART 95
OFFSET 13.2722 7.2221 -8.8566
SCALE 1 1 1
X 0.2641 0.6833 0.6807
Y 0.0994 0.6828 -0.7239
Z -0.9594 0.2588 0.1124


FRAME 403
PART 0
OFFSET 18.2724 -2.2566 -7.3030
SCALE 1 1 1
X 0.2603 -0.9633 -0.0652
Y -0.0462 -0.0799 0.9957
Z -0.9644 -0.2561 -0.0653

PART 1
OFFSET 18.2724 -2.2566 -7.3030
SCALE 1 1 1
X 0.2603 -0.9633 -0.0652
Y -0.0462 -0.0799 0.9957
Z -0.9644 -0.2561 -0.0653

PART 2
OFFSET -4.0654 -6.6748 -6.3316
SCALE 1 1 1
X -0.9289 -0.3191 0.1880
Y -0.3331 0.9417 -0.0480
Z -0.1617 -0.1072 -0.9810

PART 3
OFFSET 3.9779 -6.1466 -6.3613
SCALE 1 1 1
X -0.6128 -0.7893 0.0391
Y 0.7899 -0.6132 -0.0003
Z 0.0243 0.0307 0.9992

PART 4
OFFSET 5.0567 -4.7569 -6.4302
SCALE 1 1 1
X 0.5110 -0.8570 0.0659
Y 0.8594 0.5108 -0.0211
Z -0.0156 0.0674 0.9976

PART 5
OFFSET 4.4345 -3.7110 -6.4497
SCALE 1 1 1
X 0.9693 0.2425 -0.0407
Y -0.2430 0.9700 -0.0081
Z 0.0375 0.0178 0.9991

PART 6
OFFSET 3.3397 -3.9848 -6.4037
SCALE 1 1 1
X -0.0857 -0.9496 0.3016
Y -0.9935 0.0586 -0.0976
Z 0.0750 -0.3080 -0.9484

PART 7
OFFSET 3.8720 -5.9794 -7.4482
SCALE 1 1 1
X -0.3252 -0.9451 -0.0311
Y 0.9418 -0.3267 0.0787
Z -0.0845 -0.0037 0.9964

PART 8
OFFSET 4.5074 -4.1331 -7.3874
SCALE 1 1 1
X 0.8807 -0.4696 0.0620
Y 0.4704 0.8825 0.0015
Z -0.0554 0.0278 0.9981

PART 9
OFFSET 3.2210 -3.4472 -7.4780
SCALE 1 1 1
X 0.8064 0.5913 -0.0076
Y -0.5889 0.8018 -0.1017
Z -0.0541 0.0865 0.9948

PART 10
OFFSET 2.3077 -4.1170 -7.4765
SCALE 1 1 1
X -0.2388 -0.9711 0.0072
Y -0.9711 0.2388 0.0014
Z -0.0031 -0.0067 -1.0000

PART 11
OFFSET 0.0000 0.0000 0.0000
SCALE 1 1 1
X 1.0000 0.0000 0.0000
Y 0.0000 1.0000 0.0000
Z 0.0000 0.0000 1.0000

PART 12
OFFSET -0.0001 -0.0001 -0.0001
SCALE 1 1 1
X 1.0000 -0.0000 0.0000
