// Export filename: `C:/cod5/cod/cod5/xanim_export/viewmodel/US/30cal/viewmodel_30cal_lastshot.XANIM_EXPORT`
// Source filename: `C:/cod5/cod/cod5/animation_assets/viewmodel/US/30_cal/viewmodelanimation_30_cal.mb`
// Export time: Fri Jul 25 17:00:52 2008

ANIMATION
VERSION 3

NUMPARTS 96
PART 0 "RingPalm_FK_LE"
PART 1 "RingPalm_SDK_LE"
PART 2 "J_Webbing_RI"
PART 3 "J_Index_RI_0"
PART 4 "J_Index_RI_1"
PART 5 "J_Index_RI_2"
PART 6 "J_Index_RI_3"
PART 7 "J_Mid_RI_0"
PART 8 "J_Mid_RI_1"
PART 9 "J_Mid_RI_2"
PART 10 "J_Mid_RI_3"
PART 11 "tag_cambone"
PART 12 "tag_camera"
PART 13 "tag_gasmask"
PART 14 "J_Index_LE_3"
PART 15 "J_Mid_LE_0"
PART 16 "J_Mid_LE_1"
PART 17 "J_Mid_LE_2"
PART 18 "J_Mid_LE_3"
PART 19 "tag_weapon"
PART 20 "J_Shoulder_RI"
PART 21 "J_Elbow_RI"
PART 22 "J_WristTwist_RI"
PART 23 "J_Sleave_Reshape_Top_RI_3"
PART 24 "J_Sleave_Reshape_Top_RI_2"
PART 25 "J_Sleave_Reshape_Top_RI_1"
PART 26 "J_Wrist_RI"
PART 27 "J_Thumb_RI_0"
PART 28 "J_Thumb_RI_1"
PART 29 "J_Thumb_RI_2"
PART 30 "J_Thumb_RI_3"
PART 31 "J_PinkyPalm_RI"
PART 32 "J_Pinky_RI_0"
PART 33 "J_Pinky_RI_1"
PART 34 "J_Pinky_RI_2"
PART 35 "J_Pinky_RI_3"
PART 36 "J_RingPalm_RI"
PART 37 "J_Ring_RI_0"
PART 38 "J_Ring_RI_1"
PART 39 "J_Ring_RI_2"
PART 40 "J_Ring_RI_3"
PART 41 "RingPalm_FK_RI"
PART 42 "RingPalm_SDK_RI"
PART 43 "tag_torso"
PART 44 "J_Shoulder_LE"
PART 45 "J_Elbow_LE"
PART 46 "J_WristTwist_LE"
PART 47 "J_Sleave_Reshape_Bottom_LE_1"
PART 48 "J_Sleave_Reshape_Bottom_LE_2"
PART 49 "J_Sleave_Reshape_Top_LE_1"
PART 50 "J_Sleave_Reshape_Top_LE_2"
PART 51 "J_Sleave_Reshape_Top_LE_3"
PART 52 "J_Wrist_LE"
PART 53 "J_Thumb_LE_0"
PART 54 "J_Thumb_LE_1"
PART 55 "J_Thumb_LE_2"
PART 56 "J_Thumb_LE_3"
PART 57 "J_PinkyPalm_LE"
PART 58 "J_Pinky_LE_0"
PART 59 "J_Pinky_LE_1"
PART 60 "J_Pinky_LE_2"
PART 61 "J_Pinky_LE_3"
PART 62 "J_RingPalm_LE"
PART 63 "J_Ring_LE_0"
PART 64 "J_Ring_LE_1"
PART 65 "J_Ring_LE_2"
PART 66 "J_Ring_LE_3"
PART 67 "J_Webbing_LE"
PART 68 "J_Index_LE_0"
PART 69 "J_Index_LE_1"
PART 70 "J_Index_LE_2"
PART 71 "J_Gun"
PART 72 "J_Bolt"
PART 73 "J_Clip"
PART 74 "tag_bipod"
PART 75 "tag_top"
PART 76 "ammo01_jnt"
PART 77 "ammo02_jnt"
PART 78 "ammo03_jnt"
PART 79 "ammo04_jnt"
PART 80 "ammo05_jnt"
PART 81 "ammo06_jnt"
PART 82 "ammo07_jnt"
PART 83 "ammo08_jnt"
PART 84 "ammo09_jnt"
PART 85 "ammo10_jnt"
PART 86 "ammo11_jnt"
PART 87 "ammo12_jnt"
PART 88 "ammo13_jnt"
PART 89 "ammo14_jnt"
PART 90 "ammo15_jnt"
PART 91 "ammo16_jnt"
PART 92 "ammo17_jnt"
PART 93 "ammo18_jnt"
PART 94 "ammo19_jnt"
PART 95 "ammo20_jnt"

FRAMERATE 30
NUMFRAMES 11

FRAME 445
PART 0
OFFSET 18.4454 -2.2567 -7.3033
SCALE 1 1 1
X 0.2603 -0.9633 -0.0652
Y -0.0461 -0.0799 0.9957
Z -0.9644 -0.2561 -0.0652

PART 1
OFFSET 18.4454 -2.2567 -7.3033
SCALE 1 1 1
X 0.2603 -0.9633 -0.0652
Y -0.0461 -0.0799 0.9957
Z -0.9644 -0.2561 -0.0652

PART 2
OFFSET -3.8924 -6.6747 -6.3305
SCALE 1 1 1
X -0.9289 -0.3191 0.1881
Y -0.3331 0.9417 -0.0480
Z -0.1618 -0.1072 -0.9810

PART 3
OFFSET 4.1509 -6.1466 -6.3607
SCALE 1 1 1
X -0.6128 -0.7893 0.0392
Y 0.7899 -0.6132 -0.0004
Z 0.0243 0.0307 0.9992

PART 4
OFFSET 5.2298 -4.7569 -6.4296
SCALE 1 1 1
X 0.5110 -0.8570 0.0659
Y 0.8594 0.5108 -0.0211
Z -0.0156 0.0674 0.9976

PART 5
OFFSET 4.6076 -3.7109 -6.4491
SCALE 1 1 1
X 0.9693 0.2425 -0.0407
Y -0.2430 0.9700 -0.0081
Z 0.0376 0.0178 0.9991

PART 6
OFFSET 3.5127 -3.9848 -6.4031
SCALE 1 1 1
X -0.0856 -0.9496 0.3016
Y -0.9935 0.0586 -0.0976
Z 0.0750 -0.3080 -0.9484

PART 7
OFFSET 4.0450 -5.9794 -7.4476
SCALE 1 1 1
X -0.3252 -0.9451 -0.0311
Y 0.9419 -0.3267 0.0786
Z -0.0844 -0.0037 0.9964

PART 8
OFFSET 4.6804 -4.1331 -7.3868
SCALE 1 1 1
X 0.8807 -0.4696 0.0620
Y 0.4704 0.8825 0.0015
Z -0.0554 0.0278 0.9981

PART 9
OFFSET 3.3940 -3.4472 -7.4774
SCALE 1 1 1
X 0.8064 0.5913 -0.0076
Y -0.5889 0.8018 -0.1017
Z -0.0540 0.0865 0.9948

PART 10
OFFSET 2.4807 -4.1170 -7.4758
SCALE 1 1 1
X -0.2388 -0.9710 0.0072
Y -0.9711 0.2388 0.0015
Z -0.0031 -0.0067 -1.0000

PART 11
OFFSET 0.0000 0.0000 0.0000
SCALE 1 1 1
X 1.0000 0.0000 0.0000
Y 0.0000 1.0000 0.0000
Z 0.0000 0.0000 1.0000

PART 12
OFFSET -0.0001 -0.0001 -0.0001
SCALE 1 1 1
X 1.0000 -0.0000 0.0000
Y 0.0000 1.0000 -0.0000
Z -0.0000 0.0000 1.0000

PART 13
OFFSET 0.0000 0.0000 0.0000
SCALE 1 1 1
X 1.0000 -0.0000 0.0000
Y 0.0000 1.0000 -0.0000
Z -0.0000 0.0000 1.0000

PART 14
OFFSET 20.6063 -3.8563 -4.0497
SCALE 1 1 1
X 0.1784 -0.9740 0.1396
Y 0.2457 -0.0933 -0.9649
Z 0.9528 0.2065 0.2226

PART 15
OFFSET 19.9906 -4.4758 -7.7246
SCALE 1 1 1
X 0.0622 -0.1896 0.9799
Y -0.5017 0.8428 0.1950
Z -0.8628 -0.5037 -0.0427

PART 16
OFFSET 20.1122 -4.8462 -5.8103
SCALE 1 1 1
X -0.2484 0.3019 0.9204
Y -0.4195 0.8229 -0.3832
Z -0.8731 -0.4813 -0.0778

PART 17
OFFSET 19.7494 -4.4052 -4.4660
SCALE 1 1 1
X -0.4355 0.7185 0.5423
Y -0.1537 0.5342 -0.8313
Z -0.8870 -0.4453 -0.1222

PART 18
OFFSET 19.2500 -3.5949 -3.8521
SCALE 1 1 1
X 0.4888 -0.8637 0.1229
Y 0.0961 -0.0868 -0.9916
Z 0.8671 0.4965 0.0406

PART 19
OFFSET 9.0164 -3.6472 -5.7617
SCALE 1 1 1
X 0.9991 0.0423 0.0018
Y -0.0423 0.9990 -0.0151
Z -0.0025 0.0150 0.9999

PART 20
OFFSET -3.5797 -7.9373 -3.1869
SCALE 1 1 1
X 0.4768 -0.1703 0.8624
Y -0.2769 -0.9602 -0.0365
Z 0.8343 -0.2214 -0.5050

PART 21
OFFSET -9.3460 -5.8779 -13.6163
SCALE 1 1 1
X -0.8291 0.0068 -0.5590
Y 0.5269 0.3440 -0.7772
Z 0.1870 -0.9389 -0.2888

PART 22
OFFSET -2.2940 -5.9358 -8.8614
SCALE 1 1 1
X -0.8291 0.0068 -0.5590
Y 0.5591 0.0016 -0.8291
Z -0.0048 -1.0000 -0.0051

PART 23
OFFSET -1.7429 -4.9995 -7.0940
SCALE 1 1 1
X -0.8328 0.0073 -0.5536
Y -0.1922 0.9339 0.3015
Z 0.5192 0.3575 -0.7763

PART 24
OFFSET -1.8424 -5.7884 -6.2706
SCALE 1 1 1
X -0.8328 0.0073 -0.5536
Y -0.1922 0.9339 0.3015
Z 0.5192 0.3575 -0.7763

PART 25
OFFSET -1.1775 -7.0926 -7.0950
SCALE 1 1 1
X -0.8328 0.0073 -0.5536
Y -0.1922 0.9339 0.3015
Z 0.5192 0.3575 -0.7763

PART 26
OFFSET 0.2478 -5.9566 -7.1476
SCALE 1 1 1
X -0.9989 -0.0452 -0.0077
Y 0.0080 -0.0066 -0.9999
Z 0.0452 -0.9990 0.0070

PART 27
OFFSET 0.6708 -5.5197 -6.1820
SCALE 1 1 1
X -0.6457 -0.4987 -0.5783
Y 0.4372 0.3795 -0.8154
Z 0.6261 -0.7793 -0.0270

PART 28
OFFSET 1.9857 -4.4381 -4.8512
SCALE 1 1 1
X -0.9057 -0.4225 0.0358
Y 0.0120 -0.1099 -0.9939
Z 0.4238 -0.8997 0.1046

PART 29
OFFSET 3.4009 -3.6618 -4.9801
SCALE 1 1 1
X -0.7376 -0.4484 0.5048
Y -0.4090 -0.2981 -0.8625
Z 0.5373 -0.8426 0.0365

PART 30
OFFSET 4.1810 -3.1332 -5.5129
SCALE 1 1 1
X -0.9739 0.1488 0.1714
Y 0.1402 0.9882 -0.0611
Z -0.1785 -0.0355 -0.9833

PART 31
OFFSET 1.0926 -5.7235 -8.2132
SCALE 1 1 1
X -0.8217 -0.0762 0.5648
Y 0.1141 -0.9930 0.0320
Z 0.5584 0.0907 0.8246

PART 32
OFFSET 3.0061 -5.4173 -9.3660
SCALE 1 1 1
X -0.7313 -0.6800 -0.0528
Y 0.6808 -0.7233 -0.1155
Z 0.0403 -0.1204 0.9919

PART 33
OFFSET 4.0415 -4.4546 -9.2912
SCALE 1 1 1
X 0.7203 -0.6884 -0.0855
Y 0.6935 0.7123 0.1076
Z -0.0132 -0.1368 0.9905

PART 34
OFFSET 3.4029 -3.8443 -9.2154
SCALE 1 1 1
X 0.9680 0.2509 -0.0050
Y -0.2496 0.9645 0.0868
Z 0.0266 -0.0828 0.9962

PART 35
OFFSET 2.4832 -4.0827 -9.2107
SCALE 1 1 1
X -0.5875 -0.7854 -0.1947
Y -0.8080 0.5562 0.1946
Z -0.0446 0.2717 -0.9614

PART 36
OFFSET 1.3132 -5.8487 -7.5459
SCALE 1 1 1
X -0.9528 -0.0470 0.2998
Y 0.0652 -0.9966 0.0510
Z 0.2963 0.0682 0.9526

PART 37
OFFSET 3.7436 -5.7587 -8.4643
SCALE 1 1 1
X -0.4244 -0.9050 0.0297
Y 0.8981 -0.4249 -0.1135
Z 0.1154 -0.0215 0.9931

PART 38
OFFSET 4.4662 -4.2180 -8.5150
SCALE 1 1 1
X 0.9119 -0.3967 -0.1052
Y 0.3990 0.9170 -0.0000
Z 0.0965 -0.0419 0.9945

PART 39
OFFSET 3.2025 -3.6681 -8.3692
SCALE 1 1 1
X 0.6936 0.7195 -0.0344
Y -0.7146 0.6933 0.0928
Z 0.0906 -0.0398 0.9951

PART 40
OFFSET 2.4502 -4.4485 -8.3319
SCALE 1 1 1
X -0.1556 -0.9875 0.0241
Y -0.9862 0.1567 0.0529
Z -0.0560 -0.0155 -0.9983

PART 41
OFFSET 1.3132 -5.8487 -7.5459
SCALE 1 1 1
X -0.9528 -0.0470 0.2998
Y 0.0652 -0.9966 0.0510
Z 0.2963 0.0682 0.9526

PART 42
OFFSET 1.3132 -5.8487 -7.5459
SCALE 1 1 1
X -0.9528 -0.0470 0.2998
Y 0.0652 -0.9966 0.0510
Z 0.2963 0.0682 0.9526

PART 43
OFFSET 3.7075 0.0000 -1.3770
SCALE 1 1 1
X 1.0000 0.0000 0.0000
Y 0.0000 1.0000 0.0000
Z 0.0000 0.0000 1.0000

PART 44
OFFSET -0.0838 7.9373 -3.1869
SCALE 1 1 1
X 0.8406 -0.0974 -0.5328
Y -0.2477 -0.9439 -0.2183
Z -0.4817 0.3154 -0.8176

PART 45
OFFSET 10.0825 6.7593 -9.6305
SCALE 1 1 1
X 0.7020 -0.6826 0.2028
Y -0.5448 -0.3314 0.7703
Z -0.4586 -0.6513 -0.6045

PART 46
OFFSET 16.0537 0.9531 -7.9053
SCALE 1 1 1
X 0.7020 -0.6826 0.2028
Y 0.6875 0.7239 0.0569
Z -0.1857 0.0995 0.9776

PART 47
OFFSET 18.2455 1.4284 -7.0067
SCALE 1 1 1
X 0.7065 -0.6789 0.1999
Y 0.4644 0.6579 0.5928
Z -0.5340 -0.3260 0.7801

PART 48
OFFSET 17.1147 0.2013 -9.1083
SCALE 1 1 1
X 0.7065 -0.6789 0.1999
Y 0.4644 0.6579 0.5928
Z -0.5340 -0.3260 0.7801

PART 49
OFFSET 17.3439 0.1674 -5.5536
SCALE 1 1 1
X 0.7065 -0.6789 0.1999
Y 0.4644 0.6579 0.5928
Z -0.5340 -0.3260 0.7801

PART 50
OFFSET 16.4809 -0.8692 -6.5467
SCALE 1 1 1
X 0.7065 -0.6789 0.1999
Y 0.4644 0.6579 0.5928
Z -0.5340 -0.3260 0.7801

PART 51
OFFSET 15.5780 -1.5867 -7.7152
SCALE 1 1 1
X 0.7065 -0.6789 0.1999
Y 0.4644 0.6579 0.5928
Z -0.5340 -0.3260 0.7801

PART 52
OFFSET 18.2059 -1.1396 -7.2835
SCALE 1 1 1
X 0.5442 -0.8366 -0.0625
Y 0.8390 0.5429 0.0383
Z 0.0018 -0.0733 0.9973

PART 53
OFFSET 19.2611 -1.0222 -6.8650
SCALE 1 1 1
X 0.6853 0.0233 0.7279
Y 0.2797 0.9144 -0.2926
Z -0.6724 0.4041 0.6201

PART 54
OFFSET 20.7303 -0.8582 -5.2889
SCALE 1 1 1
X 0.4730 -0.6829 0.5567
Y 0.6086 0.7102 0.3539
Z -0.6370 0.1714 0.7515

PART 55
OFFSET 21.3863 -1.9837 -4.3272
SCALE 1 1 1
X -0.0210 -0.9236 0.3828
Y 0.7567 0.2355 0.6098
Z -0.6534 0.3025 0.6940

PART 56
OFFSET 21.3466 -2.9647 -3.8711
SCALE 1 1 1
X 0.5601 -0.8275 -0.0376
Y 0.2820 0.2331 -0.9307
Z 0.7789 0.5107 0.3639

PART 57
OFFSET 17.7685 -2.4437 -7.1758
SCALE 1 1 1
X -0.0326 -0.9990 -0.0303
Y -0.0564 -0.0284 0.9980
Z -0.9979 0.0343 -0.0554

PART 58
OFFSET 17.8335 -4.6967 -7.1133
SCALE 1 1 1
X 0.0298 -0.2153 0.9761
Y -0.1823 0.9590 0.2171
Z -0.9828 -0.1844 -0.0106

PART 59
OFFSET 17.8757 -5.0016 -5.7314
SCALE 1 1 1
X -0.0319 0.2879 0.9571
Y -0.2186 0.9324 -0.2878
Z -0.9753 -0.2184 0.0332

PART 60
OFFSET 17.8475 -4.7464 -4.8828
SCALE 1 1 1
X -0.1361 0.8653 0.4824
Y -0.0810 0.4756 -0.8759
Z -0.9874 -0.1583 0.0053

PART 61
OFFSET 17.7182 -3.9243 -4.4245
SCALE 1 1 1
X 0.2977 -0.9375 0.1801
Y -0.0983 -0.2178 -0.9710
Z 0.9496 0.2714 -0.1570

PART 62
OFFSET 18.4454 -2.2567 -7.3033
SCALE 1 1 1
X 0.2603 -0.9633 -0.0652
Y -0.0461 -0.0799 0.9957
Z -0.9644 -0.2561 -0.0652

PART 63
OFFSET 18.9786 -4.7932 -7.5042
SCALE 1 1 1
X -0.0102 -0.0957 0.9954
Y -0.3347 0.9383 0.0868
Z -0.9423 -0.3322 -0.0416

PART 64
OFFSET 18.9612 -4.9561 -5.8096
SCALE 1 1 1
X -0.1594 0.3952 0.9047
Y -0.3036 0.8523 -0.4258
Z -0.9394 -0.3425 -0.0159

PART 65
OFFSET 18.7403 -4.4084 -4.5558
SCALE 1 1 1
X -0.2877 0.7442 0.6028
Y -0.1923 0.5717 -0.7976
Z -0.9382 -0.3454 -0.0214

PART 66
OFFSET 18.4283 -3.6013 -3.9021
SCALE 1 1 1
X 0.2994 -0.9533 -0.0393
Y 0.0478 0.0561 -0.9973
Z 0.9529 0.2967 0.0624

PART 67
OFFSET 21.2166 -2.8960 -6.8806
SCALE 1 1 1
X 0.3503 -0.9125 0.2111
Y 0.1892 -0.1519 -0.9701
Z 0.9173 0.3798 0.1194

PART 68
OFFSET 20.9585 -3.9629 -7.8685
SCALE 1 1 1
X 0.0791 -0.3347 0.9390
Y -0.4460 0.8306 0.3336
Z -0.8915 -0.4451 -0.0836

PART 69
OFFSET 21.0977 -4.5522 -6.2153
SCALE 1 1 1
X -0.2103 0.1646 0.9637
Y -0.4527 0.8573 -0.2452
Z -0.8665 -0.4878 -0.1058

PART 70
OFFSET 20.8946 -4.3225 -5.0373
SCALE 1 1 1
X -0.2553 0.4128 0.8743
Y -0.3823 0.7875 -0.4834
Z -0.8881 -0.4577 -0.0433

PART 71
OFFSET 9.0164 -3.6472 -5.7617
SCALE 1 1 1
X 0.9991 0.0423 0.0018
Y -0.0423 0.9990 -0.0151
Z -0.0025 0.0150 0.9999

PART 72
OFFSET 11.2998 -5.0162 -4.4000
SCALE 1 1 1
X 0.9988 0.0426 0.0223
Y -0.0423 0.9990 -0.0151
Z -0.0229 0.0141 0.9996

PART 73
OFFSET 13.4923 -2.0701 -3.9511
SCALE 1 1 1
X 0.9991 0.0423 0.0018
Y -0.0423 0.9990 -0.0151
Z -0.0025 0.0150 0.9999

PART 74
OFFSET 33.5069 -2.6048 -5.3776
SCALE 1 1 1
X 0.2327 -0.0048 -0.9725
Y -0.0423 0.9990 -0.0151
Z 0.9716 0.0446 0.2323

PART 75
OFFSET 15.8498 -3.3224 -3.4040
SCALE 1 1 1
X 0.9991 0.0423 0.0018
Y -0.0423 0.9990 -0.0151
Z -0.0025 0.0150 0.9999

PART 76
OFFSET 13.4502 -4.1812 -11.0846
SCALE 1 1 1
X -0.0025 0.0150 0.9999
Y -0.0423 0.9990 -0.0151
Z -0.9991 -0.0423 -0.0018

PART 77
OFFSET 13.4301 -3.8400 -10.9611
SCALE 1 1 1
X 0.0362 -0.8700 0.4918
Y -0.0633 0.4891 0.8699
Z -0.9973 -0.0626 -0.0374

PART 78
OFFSET 13.4130 -3.8362 -10.6700
SCALE 1 1 1
X 0.0406 -0.9707 -0.2369
Y -0.0563 -0.2389 0.9694
Z -0.9976 -0.0260 -0.0643

PART 79
OFFSET 13.3891 -3.9220 -10.3539
SCALE 1 1 1
X 0.0384 -0.9720 -0.2318
Y -0.0942 -0.2344 0.9676
Z -0.9948 -0.0153 -0.1006

PART 80
OFFSET 13.3588 -3.9792 -10.0784
SCALE 1 1 1
X 0.0370 -0.9846 -0.1708
Y -0.1139 -0.1740 0.9781
Z -0.9928 -0.0168 -0.1186

PART 81
OFFSET 13.3327 -4.0196 -9.8321
SCALE 1 1 1
X 0.0354 -0.9874 -0.1543
Y -0.0845 -0.1568 0.9840
Z -0.9958 -0.0218 -0.0890

PART 82
OFFSET 13.3231 -4.0467 -9.5585
SCALE 1 1 1
X 0.0459 -0.9988 -0.0163
Y 0.0119 -0.0158 0.9998
Z -0.9989 -0.0461 0.0112

PART 83
OFFSET 13.3473 -4.0091 -9.0344
SCALE 1 1 1
X 0.0622 -0.9909 0.1191
Y 0.0635 0.1230 0.9904
Z -0.9960 -0.0540 0.0705

PART 84
OFFSET 13.4224 -3.8462 -8.0108
SCALE 1 1 1
X 0.0670 -0.9835 0.1679
Y 0.0766 0.1729 0.9820
Z -0.9948 -0.0529 0.0869

PART 85
OFFSET 13.5348 -3.5991 -6.5977
SCALE 1 1 1
X 0.0602 -0.9854 0.1594
Y 0.0788 0.1639 0.9833
Z -0.9951 -0.0466 0.0875

PART 86
OFFSET 13.6402 -3.4107 -5.2647
SCALE 1 1 1
X 0.0495 -0.9945 0.0928
Y 0.0759 0.0964 0.9924
Z -0.9959 -0.0421 0.0802

PART 87
OFFSET 13.7035 -3.3817 -4.3911
SCALE 1 1 1
X 0.0395 -0.9980 -0.0488
Y 0.0677 -0.0460 0.9966
Z -0.9969 -0.0426 0.0658

PART 88
OFFSET 13.7338 -3.4255 -3.9341
SCALE 1 1 1
X 0.0350 -0.9919 -0.1219
Y 0.0672 -0.1194 0.9906
Z -0.9971 -0.0428 0.0625

PART 89
OFFSET 13.7500 -3.4117 -3.7470
SCALE 1 1 1
X 0.0674 -0.7802 0.6219
Y 0.1102 0.6253 0.7726
Z -0.9916 0.0165 0.1281

PART 90
OFFSET 13.7588 -3.2670 -3.7242
SCALE 1 1 1
X 0.0524 0.1717 0.9838
Y 0.0139 0.9849 -0.1726
Z -0.9985 0.0227 0.0493

PART 91
OFFSET 13.7539 -2.9757 -3.8018
SCALE 1 1 1
X 0.0427 0.2798 0.9591
Y -0.0365 0.9598 -0.2784
Z -0.9984 -0.0231 0.0512

PART 92
OFFSET 13.7321 -2.5389 -3.9287
SCALE 1 1 1
X 0.0265 0.2880 0.9573
Y -0.0522 0.9567 -0.2864
Z -0.9983 -0.0424 0.0404

PART 93
OFFSET 13.7051 -2.0138 -4.0986
SCALE 1 1 1
X 0.0042 0.3340 0.9426
Y -0.0426 0.9418 -0.3335
Z -0.9991 -0.0388 0.0182

PART 94
OFFSET 13.6872 -1.4700 -4.3143
SCALE 1 1 1
X -0.0123 0.3918 0.9200
Y -0.0191 0.9198 -0.3919
Z -0.9997 -0.0224 -0.0038

PART 95
OFFSET 13.6779 -0.9275 -4.5246
SCALE 1 1 1
X -0.0134 0.2992 0.9541
Y -0.0174 0.9540 -0.2994
Z -0.9998 -0.0207 -0.0076


FRAME 446
PART 0
OFFSET 18.2798 -2.2544 -7.1314
SCALE 1 1 1
X 0.2614 -0.9632 -0.0618
Y -0.0616 -0.0805 0.9948
Z -0.9633 -0.2563 -0.0804

PART 1
OFFSET 18.2798 -2.2544 -7.1314
SCALE 1 1 1
X 0.2614 -0.9632 -0.0618
Y -0.0616 -0.0805 0.9948
Z -0.9633 -0.2563 -0.0804

PART 2
OFFSET -4.0696 -6.6772 -6.5091
SCALE 1 1 1
X -0.9316 -0.3193 0.1734
Y -0.3325 0.9416 -0.0525
Z -0.1465 -0.1066 -0.9835

PART 3
OFFSET 3.9731 -6.1476 -6.4138
SCALE 1 1 1
X -0.6131 -0.7894 0.0291
Y 0.7899 -0.6131 0.0115
Z 0.0088 0.0301 0.9995

PART 4
OFFSET 5.0526 -4.7576 -6.4651
SCALE 1 1 1
X 0.5101 -0.8570 0.0733
Y 0.8595 0.5110 -0.0074
Z -0.0311 0.0667 0.9973

PART 5
OFFSET 4.4306 -3.7118 -6.4936
SCALE 1 1 1
X 0.9698 0.2427 -0.0255
Y -0.2430 0.9700 -0.0113
Z 0.0220 0.0171 0.9996

PART 6
OFFSET 3.3352 -3.9859 -6.4648
SCALE 1 1 1
X -0.0901 -0.9498 0.2996
Y -0.9919 0.0585 -0.1130
Z 0.0898 -0.3074 -0.9473

PART 7
OFFSET 3.8841 -5.9797 -7.5021
SCALE 1 1 1
X -0.3245 -0.9452 -0.0367
Y 0.9406 -0.3266 0.0930
Z -0.0999 -0.0044 0.9950

PART 8
OFFSET 4.5181 -4.1333 -7.4303
SCALE 1 1 1
X 0.8797 -0.4694 0.0753
Y 0.4701 0.8825 0.0094
Z -0.0709 0.0272 0.9971

PART 9
OFFSET 3.2331 -3.4476 -7.5404
SCALE 1 1 1
X 0.8063 0.5915 0.0053
Y -0.5874 0.8018 -0.1103
Z -0.0695 0.0858 0.9939

PART 10
OFFSET 2.3200 -4.1175 -7.5535
SCALE 1 1 1
X -0.2387 -0.9711 0.0029
Y -0.9710 0.2386 -0.0135
Z 0.0124 -0.0060 -0.9999

PART 11
OFFSET 0.0000 0.0000 0.0000
SCALE 1 1 1
X 1.0000 0.0000 0.0000
Y 0.0000 1.0000 0.0000
Z 0.0000 0.0000 1.0000

PART 12
OFFSET -0.0001 -0.0001 -0.0001
SCALE 1 1 1
X 1.0000 -0.0000 0.0000
Y 0.0000 1.0000 -0.0000
Z -0.0000 0.0000 1.0000

PART 13
OFFSET 0.0000 0.0000 0.0000
SCALE 1 1 1
X 1.0000 -0.0000 0.0000
Y 0.0000 1.0000 -0.0000
Z -0.0000 0.0000 1.0000

PART 14
OFFSET 20.3900 -3.8557 -3.8456
SCALE 1 1 1
X 0.1764 -0.9741 0.1417
Y 0.2607 -0.0926 -0.9610
Z 0.9492 0.2065 0.2376

PART 15
OFFSET 19.8318 -4.4729 -7.5300
SCALE 1 1 1
X 0.0470 -0.1903 0.9806
Y -0.5048 0.8426 0.1877
Z -0.8620 -0.5038 -0.0564

PART 16
OFFSET 19.9236 -4.8446 -5.6143
SCALE 1 1 1
X -0.2628 0.3013 0.9166
Y -0.4136 0.8231 -0.3891
Z -0.8717 -0.4814 -0.0917

PART 17
OFFSET 19.5398 -4.4046 -4.2755
SCALE 1 1 1
X -0.4440 0.7181 0.5359
Y -0.1408 0.5347 -0.8332
Z -0.8849 -0.4454 -0.1363

PART 18
OFFSET 19.0308 -3.5948 -3.6689
SCALE 1 1 1
X 0.4870 -0.8637 0.1300
Y 0.1115 -0.0861 -0.9900
Z 0.8663 0.4966 0.0544

PART 19
OFFSET 8.8282 -3.6476 -5.7376
SCALE 1 1 1
X 0.9989 0.0425 0.0174
Y -0.0422 0.9990 -0.0151
Z -0.0180 0.0143 0.9997

PART 20
OFFSET -3.5797 -7.9373 -3.1869
SCALE 1 1 1
X 0.5063 -0.1595 0.8475
Y -0.2684 -0.9631 -0.0209
Z 0.8195 -0.2169 -0.5304

PART 21
OFFSET -9.7031 -6.0078 -13.4360
SCALE 1 1 1
X -0.8457 -0.0043 -0.5336
Y 0.4999 0.3436 -0.7950
Z 0.1868 -0.9391 -0.2884

PART 22
OFFSET -2.5100 -5.9711 -8.8972
SCALE 1 1 1
X -0.8457 -0.0043 -0.5336
Y 0.5336 -0.0005 -0.8457
Z 0.0034 -1.0000 0.0027

PART 23
OFFSET -1.9144 -5.0172 -7.1530
SCALE 1 1 1
X -0.8492 -0.0038 -0.5281
Y -0.1915 0.9341 0.3013
Z 0.4921 0.3570 -0.7939

PART 24
OFFSET -1.9818 -5.8009 -6.3219
SCALE 1 1 1
X -0.8492 -0.0038 -0.5281
Y -0.1915 0.9341 0.3013
Z 0.4921 0.3570 -0.7939

PART 25
OFFSET -1.3289 -7.1054 -7.1598
SCALE 1 1 1
X -0.8492 -0.0038 -0.5281
Y -0.1915 0.9341 0.3013
Z 0.4921 0.3570 -0.7939

PART 26
OFFSET 0.0826 -5.9578 -7.2612
SCALE 1 1 1
X -0.9987 -0.0454 -0.0233
Y 0.0236 -0.0060 -0.9997
Z 0.0453 -0.9990 0.0070

PART 27
OFFSET 0.4905 -5.5214 -6.2889
SCALE 1 1 1
X -0.6365 -0.4984 -0.5886
Y 0.4498 0.3801 -0.8082
Z 0.6266 -0.7792 -0.0177

PART 28
OFFSET 1.7843 -4.4404 -4.9371
SCALE 1 1 1
X -0.9060 -0.4227 0.0214
Y 0.0275 -0.1093 -0.9936
Z 0.4223 -0.8997 0.1106

PART 29
OFFSET 3.2012 -3.6638 -5.0434
SCALE 1 1 1
X -0.7453 -0.4489 0.4929
Y -0.3954 -0.2976 -0.8689
Z 0.5368 -0.8425 0.0443

PART 30
OFFSET 3.9894 -3.1347 -5.5638
SCALE 1 1 1
X -0.9765 0.1485 0.1563
Y 0.1410 0.9883 -0.0583
Z -0.1632 -0.0349 -0.9860

PART 31
OFFSET 0.9438 -5.7239 -8.3134
SCALE 1 1 1
X -0.8304 -0.0767 0.5519
Y 0.1137 -0.9930 0.0331
Z 0.5455 0.0902 0.8333

PART 32
OFFSET 2.8751 -5.4165 -9.4361
SCALE 1 1 1
X -0.7303 -0.6801 -0.0646
Y 0.6827 -0.7231 -0.1053
Z 0.0249 -0.1210 0.9923

PART 33
OFFSET 3.9090 -4.4537 -9.3446
SCALE 1 1 1
X 0.7217 -0.6882 -0.0747
Y 0.6916 0.7124 0.1189
Z -0.0286 -0.1374 0.9901

PART 34
OFFSET 3.2691 -3.8435 -9.2784
SCALE 1 1 1
X 0.9679 0.2511 0.0102
Y -0.2511 0.9644 0.0835
Z 0.0111 -0.0834 0.9965

PART 35
OFFSET 2.3496 -4.0821 -9.2881
SCALE 1 1 1
X -0.5843 -0.7854 -0.2043
Y -0.8110 0.5559 0.1824
Z -0.0296 0.2723 -0.9618

PART 36
OFFSET 1.1541 -5.8494 -7.6429
SCALE 1 1 1
X -0.9574 -0.0474 0.2849
Y 0.0646 -0.9966 0.0514
Z 0.2815 0.0676 0.9572

PART 37
OFFSET 3.5985 -5.7584 -8.5233
SCALE 1 1 1
X -0.4247 -0.9051 0.0225
Y 0.8998 -0.4247 -0.0998
Z 0.0999 -0.0221 0.9948

PART 38
OFFSET 4.3215 -4.2175 -8.5617
SCALE 1 1 1
X 0.9135 -0.3965 -0.0913
Y 0.3987 0.9170 0.0068
Z 0.0810 -0.0426 0.9958

PART 39
OFFSET 3.0555 -3.6680 -8.4352
SCALE 1 1 1
X 0.6939 0.7197 -0.0231
Y -0.7161 0.6931 0.0821
Z 0.0751 -0.0405 0.9964

PART 40
OFFSET 2.3029 -4.4485 -8.4102
SCALE 1 1 1
X -0.1558 -0.9876 0.0210
Y -0.9870 0.1565 0.0376
Z -0.0405 -0.0149 -0.9991

PART 41
OFFSET 1.1541 -5.8494 -7.6429
SCALE 1 1 1
X -0.9574 -0.0474 0.2849
Y 0.0646 -0.9966 0.0514
Z 0.2815 0.0676 0.9572

PART 42
OFFSET 1.1541 -5.8494 -7.6429
SCALE 1 1 1
X -0.9574 -0.0474 0.2849
Y 0.0646 -0.9966 0.0514
Z 0.2815 0.0676 0.9572

PART 43
OFFSET 3.7075 0.0000 -1.3770
SCALE 1 1 1
X 1.0000 0.0000 0.0000
Y 0.0000 1.0000 0.0000
Z 0.0000 0.0000 1.0000

PART 44
OFFSET -0.0838 7.9373 -3.1869
SCALE 1 1 1
X 0.8390 -0.0904 -0.5365
Y -0.2432 -0.9444 -0.2213
Z -0.4867 0.3162 -0.8143

PART 45
OFFSET 10.0634 6.8445 -9.6755
SCALE 1 1 1
X 0.6893 -0.6898 0.2213
Y -0.5618 -0.3162 0.7644
Z -0.4573 -0.6513 -0.6055

PART 46
OFFSET 15.9265 0.9773 -7.7931
SCALE 1 1 1
X 0.6893 -0.6898 0.2213
Y 0.6949 0.7160 0.0671
Z -0.2047 0.1076 0.9729

PART 47
OFFSET 18.1094 1.4326 -6.8629
SCALE 1 1 1
X 0.6939 -0.6861 0.2184
Y 0.4634 0.6577 0.5938
Z -0.5511 -0.3109 0.7744

PART 48
OFFSET 16.9970 0.1991 -8.9706
SCALE 1 1 1
X 0.6939 -0.6861 0.2184
Y 0.4634 0.6577 0.5938
Z -0.5511 -0.3109 0.7744

PART 49
OFFSET 17.1670 0.1987 -5.4125
SCALE 1 1 1
X 0.6939 -0.6861 0.2184
Y 0.4634 0.6577 0.5938
Z -0.5511 -0.3109 0.7744

PART 50
OFFSET 16.3066 -0.8365 -6.4093
SCALE 1 1 1
X 0.6939 -0.6861 0.2184
Y 0.4634 0.6577 0.5938
Z -0.5511 -0.3109 0.7744

PART 51
OFFSET 15.4135 -1.5539 -7.5854
SCALE 1 1 1
X 0.6939 -0.6861 0.2184
Y 0.4634 0.6577 0.5938
Z -0.5511 -0.3109 0.7744

PART 52
OFFSET 18.0397 -1.1374 -7.1145
SCALE 1 1 1
X 0.5453 -0.8365 -0.0545
Y 0.8381 0.5430 0.0517
Z -0.0137 -0.0739 0.9972

PART 53
OFFSET 19.0882 -1.0200 -6.6797
SCALE 1 1 1
X 0.6738 0.0229 0.7385
Y 0.2841 0.9146 -0.2876
Z -0.6821 0.4036 0.6098

PART 54
OFFSET 20.5328 -0.8568 -5.0808
SCALE 1 1 1
X 0.4645 -0.6831 0.5636
Y 0.6029 0.7100 0.3638
Z -0.6487 0.1708 0.7416

PART 55
OFFSET 21.1739 -1.9828 -4.1097
SCALE 1 1 1
X -0.0268 -0.9239 0.3818
Y 0.7471 0.2353 0.6217
Z -0.6642 0.3019 0.6839

PART 56
OFFSET 21.1273 -2.9641 -3.6549
SCALE 1 1 1
X 0.5608 -0.8274 -0.0294
Y 0.2964 0.2338 -0.9260
Z 0.7731 0.5106 0.3763

PART 57
OFFSET 17.6009 -2.4416 -7.0145
SCALE 1 1 1
X -0.0320 -0.9990 -0.0314
Y -0.0719 -0.0291 0.9970
Z -0.9969 0.0341 -0.0709

PART 58
OFFSET 17.6655 -4.6947 -6.9526
SCALE 1 1 1
X 0.0147 -0.2160 0.9763
Y -0.1858 0.9588 0.2149
Z -0.9825 -0.1846 -0.0261

PART 59
OFFSET 17.6862 -5.0005 -5.5703
SCALE 1 1 1
X -0.0468 0.2873 0.9567
Y -0.2143 0.9326 -0.2905
Z -0.9757 -0.2186 0.0179

PART 60
OFFSET 17.6447 -4.7458 -4.7221
SCALE 1 1 1
X -0.1438 0.8650 0.4808
Y -0.0674 0.4762 -0.8768
Z -0.9873 -0.1585 -0.0101

PART 61
OFFSET 17.5081 -3.9240 -4.2653
SCALE 1 1 1
X 0.2951 -0.9376 0.1841
Y -0.0831 -0.2172 -0.9726
Z 0.9519 0.2717 -0.1420

PART 62
OFFSET 18.2798 -2.2544 -7.1314
SCALE 1 1 1
X 0.2614 -0.9632 -0.0618
Y -0.0616 -0.0805 0.9948
Z -0.9633 -0.2563 -0.0804

PART 63
OFFSET 18.8166 -4.7906 -7.3256
SCALE 1 1 1
X -0.0257 -0.0964 0.9950
Y -0.3362 0.9382 0.0822
Z -0.9415 -0.3324 -0.0565

PART 64
OFFSET 18.7728 -4.9547 -5.6316
SCALE 1 1 1
X -0.1735 0.3946 0.9023
Y -0.2971 0.8526 -0.4300
Z -0.9389 -0.3427 -0.0307

PART 65
OFFSET 18.5323 -4.4078 -4.3810
SCALE 1 1 1
X -0.2972 0.7438 0.5987
Y -0.1800 0.5722 -0.8001
Z -0.9377 -0.3455 -0.0362

PART 66
OFFSET 18.2100 -3.6012 -3.7317
SCALE 1 1 1
X 0.3002 -0.9532 -0.0353
Y 0.0634 0.0568 -0.9964
Z 0.9518 0.2968 0.0774

PART 67
OFFSET 21.0441 -2.8935 -6.6660
SCALE 1 1 1
X 0.3471 -0.9126 0.2160
Y 0.2043 -0.1512 -0.9672
Z 0.9153 0.3799 0.1339

PART 68
OFFSET 20.8016 -3.9598 -7.6586
SCALE 1 1 1
X 0.0645 -0.3353 0.9399
Y -0.4513 0.8303 0.3271
Z -0.8901 -0.4453 -0.0978

PART 69
OFFSET 20.9152 -4.5501 -6.0037
SCALE 1 1 1
X -0.2253 0.1639 0.9604
Y -0.4490 0.8574 -0.2516
Z -0.8647 -0.4879 -0.1196

PART 70
OFFSET 20.6938 -4.3213 -4.8289
SCALE 1 1 1
X -0.2690 0.4121 0.8705
Y -0.3749 0.7878 -0.4888
Z -0.8872 -0.4578 -0.0574

PART 71
OFFSET 8.8282 -3.6476 -5.7376
SCALE 1 1 1
X 0.9989 0.0425 0.0174
Y -0.0422 0.9990 -0.0151
Z -0.0180 0.0143 0.9997

PART 72
OFFSET 11.0903 -5.0171 -4.3415
SCALE 1 1 1
X 0.9984 0.0428 0.0378
Y -0.0422 0.9990 -0.0151
Z -0.0385 0.0134 0.9992

PART 73
OFFSET 13.2750 -2.0709 -3.8566
SCALE 1 1 1
X 0.9989 0.0425 0.0174
Y -0.0422 0.9990 -0.0151
Z -0.0180 0.0143 0.9997

PART 74
OFFSET 33.3095 -2.6009 -4.9717
SCALE 1 1 1
X 0.2895 -0.0022 -0.9572
Y -0.0422 0.9990 -0.0151
Z 0.9562 0.0448 0.2891

PART 75
OFFSET 15.6240 -3.3231 -3.2736
SCALE 1 1 1
X 0.9991 0.0423 0.0055
Y -0.0422 0.9990 -0.0151
Z -0.0062 0.0148 0.9999

PART 76
OFFSET 13.3459 -4.2442 -10.9861
SCALE 1 1 1
X -0.0180 0.0143 0.9997
Y -0.0422 0.9990 -0.0151
Z -0.9989 -0.0425 -0.0174

PART 77
OFFSET 13.3233 -3.8959 -10.8530
SCALE 1 1 1
X 0.0284 -0.8657 0.4998
Y -0.0739 0.4968 0.8647
Z -0.9969 -0.0615 -0.0499

PART 78
OFFSET 13.3010 -3.8785 -10.5440
SCALE 1 1 1
X 0.0442 -0.9808 -0.1898
Y -0.0705 -0.1926 0.9787
Z -0.9965 -0.0299 -0.0776

PART 79
OFFSET 13.2719 -3.9555 -10.2177
SCALE 1 1 1
X 0.0423 -0.9755 -0.2160
Y -0.1085 -0.2194 0.9696
Z -0.9932 -0.0175 -0.1151

PART 80
OFFSET 13.2373 -4.0123 -9.9448
SCALE 1 1 1
X 0.0396 -0.9823 -0.1833
Y -0.1317 -0.1870 0.9735
Z -0.9905 -0.0144 -0.1368

PART 81
OFFSET 13.2073 -4.0562 -9.7084
SCALE 1 1 1
X 0.0367 -0.9833 -0.1781
Y -0.1060 -0.1811 0.9777
Z -0.9937 -0.0170 -0.1109

PART 82
OFFSET 13.1928 -4.0875 -9.4488
SCALE 1 1 1
X 0.0444 -0.9985 -0.0315
Y -0.0059 -0.0318 0.9995
Z -0.9990 -0.0442 -0.0073

PART 83
OFFSET 13.2084 -4.0571 -8.9514
SCALE 1 1 1
X 0.0583 -0.9919 0.1129
Y 0.0508 0.1159 0.9920
Z -0.9970 -0.0521 0.0572

PART 84
OFFSET 13.2686 -3.9075 -7.9777
SCALE 1 1 1
X 0.0625 -0.9844 0.1645
Y 0.0658 0.1685 0.9835
Z -0.9959 -0.0507 0.0753

PART 85
OFFSET 13.3607 -3.6776 -6.6251
SCALE 1 1 1
X 0.0566 -0.9863 0.1551
Y 0.0671 0.1587 0.9850
Z -0.9961 -0.0453 0.0751

PART 86
OFFSET 13.4457 -3.5029 -5.3278
SCALE 1 1 1
X 0.0477 -0.9951 0.0865
Y 0.0603 0.0894 0.9942
Z -0.9970 -0.0422 0.0643

PART 87
OFFSET 13.4931 -3.4778 -4.4396
SCALE 1 1 1
X 0.0406 -0.9982 -0.0441
Y 0.0447 -0.0422 0.9981
Z -0.9982 -0.0425 0.0429

PART 88
OFFSET 13.5129 -3.5166 -3.9350
SCALE 1 1 1
X 0.0395 -0.9961 -0.0786
Y 0.0354 -0.0772 0.9964
Z -0.9986 -0.0422 0.0322

PART 89
OFFSET 13.5242 -3.4916 -3.6949
SCALE 1 1 1
X 0.0610 -0.8499 0.5233
Y 0.0642 0.5266 0.8477
Z -0.9961 -0.0181 0.0867

PART 90
OFFSET 13.5315 -3.3364 -3.6285
SCALE 1 1 1
X 0.0489 -0.0032 0.9988
Y 0.0088 1.0000 0.0028
Z -0.9988 0.0086 0.0489

PART 91
OFFSET 13.5245 -3.0461 -3.6731
SCALE 1 1 1
X 0.0323 0.2186 0.9753
Y -0.0484 0.9750 -0.2169
Z -0.9983 -0.0402 0.0421

PART 92
OFFSET 13.4975 -2.6292 -3.7769
SCALE 1 1 1
X 0.0114 0.2638 0.9645
Y -0.0677 0.9626 -0.2624
Z -0.9976 -0.0623 0.0288

PART 93
OFFSET 13.4658 -2.1348 -3.9254
SCALE 1 1 1
X -0.0141 0.3126 0.9498
Y -0.0504 0.9485 -0.3129
Z -0.9986 -0.0523 0.0024

PART 94
OFFSET 13.4487 -1.6208 -4.1121
SCALE 1 1 1
X -0.0319 0.3570 0.9335
Y -0.0138 0.9338 -0.3576
Z -0.9994 -0.0243 -0.0248

PART 95
OFFSET 13.4417 -1.0995 -4.2908
SCALE 1 1 1
X -0.0297 0.2631 0.9643
Y -0.0206 0.9644 -0.2638
Z -0.9993 -0.0277 -0.0232


FRAME 447
PART 0
OFFSET 17.9395 -2.2519 -6.9037
SCALE 1 1 1
X 0.2627 -0.9631 -0.0577
Y -0.0800 -0.0813 0.9935
Z -0.9616 -0.2564 -0.0984

PART 1
OFFSET 17.9395 -2.2519 -6.9037
SCALE 1 1 1
X 0.2627 -0.9631 -0.0577
Y -0.0800 -0.0813 0.9935
Z -0.9616 -0.2564 -0.0984

PART 2
OFFSET -4.4166 -6.6793 -6.6976
SCALE 1 1 1
X -0.9346 -0.3197 0.1559
Y -0.3317 0.9416 -0.0579
Z -0.1283 -0.1059 -0.9861

PART 3
OFFSET 3.6228 -6.1483 -6.4534
SCALE 1 1 1
X -0.6134 -0.7896 0.0172
Y 0.7897 -0.6130 0.0256
Z -0.0097 0.0293 0.9995

PART 4
OFFSET 4.7028 -4.7581 -6.4837
SCALE 1 1 1
X 0.5088 -0.8569 0.0820
Y 0.8594 0.5112 0.0089
Z -0.0495 0.0660 0.9966

PART 5
OFFSET 4.0812 -3.7123 -6.5228
SCALE 1 1 1
X 0.9700 0.2429 -0.0074
Y -0.2429 0.9699 -0.0150
Z 0.0035 0.0163 0.9999

PART 6
OFFSET 2.9856 -3.9866 -6.5145
SCALE 1 1 1
X -0.0955 -0.9500 0.2972
Y -0.9896 0.0584 -0.1312
Z 0.1073 -0.3066 -0.9458

PART 7
OFFSET 3.5539 -5.9796 -7.5430
SCALE 1 1 1
X -0.3236 -0.9452 -0.0435
Y 0.9388 -0.3265 0.1101
Z -0.1183 -0.0052 0.9930

PART 8
OFFSET 4.1861 -4.1331 -7.4581
SCALE 1 1 1
X 0.8783 -0.4693 0.0912
Y 0.4697 0.8826 0.0187
Z -0.0893 0.0264 0.9957

PART 9
OFFSET 2.9032 -3.4475 -7.5914
SCALE 1 1 1
X 0.8060 0.5916 0.0207
Y -0.5854 0.8017 -0.1205
Z -0.0879 0.0851 0.9925

PART 10
OFFSET 1.9906 -4.1176 -7.6219
SCALE 1 1 1
X -0.2385 -0.9711 -0.0023
Y -0.9707 0.2384 -0.0312
Z 0.0309 -0.0052 -0.9995

PART 11
OFFSET 0.0000 0.0000 0.0000
SCALE 1 1 1
X 1.0000 0.0000 0.0000
Y 0.0000 1.0000 0.0000
Z 0.0000 0.0000 1.0000

PART 12
OFFSET -0.0001 -0.0001 -0.0001
SCALE 1 1 1
X 1.0000 -0.0000 0.0000
Y 0.0000 1.0000 -0.0000
Z -0.0000 0.0000 1.0000

PART 13
OFFSET -0.0000 0.0000 0.0000
SCALE 1 1 1
X 1.0000 -0.0000 0.0000
Y 0.0000 1.0000 -0.0000
Z -0.0000 0.0000 1.0000

PART 14
OFFSET 19.9891 -3.8554 -3.5807
SCALE 1 1 1
X 0.1740 -0.9741 0.1442
Y 0.2784 -0.0918 -0.9561
Z 0.9446 0.2065 0.2552

PART 15
OFFSET 19.4991 -4.4698 -7.2753
SCALE 1 1 1
X 0.0289 -0.1910 0.9812
Y -0.5083 0.8423 0.1790
Z -0.8607 -0.5039 -0.0727

PART 16
OFFSET 19.5556 -4.8430 -5.3585
SCALE 1 1 1
X -0.2797 0.3005 0.9118
Y -0.4065 0.8233 -0.3961
Z -0.8698 -0.4815 -0.1081

PART 17
OFFSET 19.1471 -4.4041 -4.0267
SCALE 1 1 1
X -0.4539 0.7176 0.5282
Y -0.1255 0.5353 -0.8353
Z -0.8821 -0.4455 -0.1529

PART 18
OFFSET 18.6268 -3.5948 -3.4290
SCALE 1 1 1
X 0.4847 -0.8637 0.1383
Y 0.1298 -0.0853 -0.9879
Z 0.8650 0.4967 0.0708

PART 19
OFFSET 8.4641 -3.6480 -5.6857
SCALE 1 1 1
X 0.9984 0.0427 0.0359
Y -0.0422 0.9990 -0.0151
Z -0.0365 0.0135 0.9992

PART 20
OFFSET -3.5797 -7.9373 -3.1869
SCALE 1 1 1
X 0.5566 -0.1430 0.8184
Y -0.2495 -0.9684 0.0004
Z 0.7924 -0.2044 -0.5747

PART 21
OFFSET -10.3114 -6.2075 -13.0841
SCALE 1 1 1
X -0.8694 -0.0215 -0.4936
Y 0.4564 0.3478 -0.8190
Z 0.1893 -0.9373 -0.2926

PART 22
OFFSET -2.9167 -6.0245 -8.8857
SCALE 1 1 1
X -0.8694 -0.0215 -0.4936
Y 0.4938 -0.0037 -0.8696
Z 0.0169 -0.9998 0.0138

PART 23
OFFSET -2.2581 -5.0464 -7.1738
SCALE 1 1 1
X -0.8726 -0.0210 -0.4879
Y -0.1934 0.9323 0.3057
Z 0.4484 0.3611 -0.8176

PART 24
OFFSET -2.2737 -5.8238 -6.3363
SCALE 1 1 1
X -0.8726 -0.0210 -0.4879
Y -0.1934 0.9323 0.3057
Z 0.4484 0.3611 -0.8176

PART 25
OFFSET -1.6318 -7.1257 -7.2088
SCALE 1 1 1
X -0.8726 -0.0210 -0.4879
Y -0.1934 0.9323 0.3057
Z 0.4484 0.3611 -0.8176

PART 26
OFFSET -0.2514 -5.9585 -7.3724
SCALE 1 1 1
X -0.9981 -0.0456 -0.0418
Y 0.0421 -0.0052 -0.9991
Z 0.0453 -0.9989 0.0071

PART 27
OFFSET 0.1384 -5.5229 -6.3924
SCALE 1 1 1
X -0.6254 -0.4981 -0.6006
Y 0.4645 0.3808 -0.7995
Z 0.6269 -0.7790 -0.0068

PART 28
OFFSET 1.4068 -4.4427 -5.0161
SCALE 1 1 1
X -0.9062 -0.4229 0.0044
Y 0.0458 -0.1085 -0.9930
Z 0.4204 -0.8997 0.1177

PART 29
OFFSET 2.8253 -3.6657 -5.0956
SCALE 1 1 1
X -0.7542 -0.4494 0.4787
Y -0.3793 -0.2970 -0.8763
Z 0.5361 -0.8425 0.0536

PART 30
OFFSET 3.6228 -3.1361 -5.6008
SCALE 1 1 1
X -0.9792 0.1482 0.1384
Y 0.1418 0.9884 -0.0549
Z -0.1449 -0.0341 -0.9889

PART 31
OFFSET 0.6291 -5.7236 -8.4083
SCALE 1 1 1
X -0.8404 -0.0773 0.5364
Y 0.1133 -0.9930 0.0344
Z 0.5300 0.0897 0.8433

PART 32
OFFSET 2.5807 -5.4151 -9.4949
SCALE 1 1 1
X -0.7288 -0.6802 -0.0786
Y 0.6847 -0.7229 -0.0933
Z 0.0066 -0.1218 0.9925

PART 33
OFFSET 3.6125 -4.4521 -9.3835
SCALE 1 1 1
X 0.7231 -0.6880 -0.0619
Y 0.6892 0.7124 0.1322
Z -0.0468 -0.1382 0.9893

PART 34
OFFSET 2.9714 -3.8421 -9.3287
SCALE 1 1 1
X 0.9675 0.2513 0.0283
Y -0.2528 0.9642 0.0796
Z -0.0073 -0.0842 0.9964

PART 35
OFFSET 2.0522 -4.0809 -9.3556
SCALE 1 1 1
X -0.5803 -0.7853 -0.2157
Y -0.8143 0.5556 0.1678
Z -0.0119 0.2730 -0.9619

PART 36
OFFSET 0.8270 -5.8496 -7.7341
SCALE 1 1 1
X -0.9625 -0.0478 0.2671
Y 0.0639 -0.9966 0.0518
Z 0.2637 0.0669 0.9623

PART 37
OFFSET 3.2872 -5.7575 -8.5692
SCALE 1 1 1
X -0.4248 -0.9052 0.0140
Y 0.9016 -0.4244 -0.0835
Z 0.0815 -0.0229 0.9964

PART 38
OFFSET 4.0105 -4.2164 -8.5930
SCALE 1 1 1
X 0.9151 -0.3963 -0.0747
Y 0.3984 0.9171 0.0148
Z 0.0626 -0.0433 0.9971

PART 39
OFFSET 2.7422 -3.6673 -8.4895
SCALE 1 1 1
X 0.6941 0.7198 -0.0097
Y -0.7176 0.6929 0.0694
Z 0.0567 -0.0412 0.9975

PART 40
OFFSET 1.9894 -4.4479 -8.4789
SCALE 1 1 1
X -0.1559 -0.9876 0.0174
Y -0.9875 0.1563 0.0195
Z -0.0220 -0.0141 -0.9997

PART 41
OFFSET 0.8270 -5.8496 -7.7341
SCALE 1 1 1
X -0.9625 -0.0478 0.2671
Y 0.0639 -0.9966 0.0518
Z 0.2637 0.0669 0.9623

PART 42
OFFSET 0.8270 -5.8496 -7.7341
SCALE 1 1 1
X -0.9625 -0.0478 0.2671
Y 0.0639 -0.9966 0.0518
Z 0.2637 0.0669 0.9623

PART 43
OFFSET 3.7075 0.0000 -1.3770
SCALE 1 1 1
X 1.0000 0.0000 0.0000
Y 0.0000 1.0000 0.0000
Z 0.0000 0.0000 1.0000

PART 44
OFFSET -0.0838 7.9373 -3.1869
SCALE 1 1 1
X 0.8334 -0.0782 -0.5472
Y -0.2367 -0.9451 -0.2254
Z -0.4995 0.3174 -0.8061

PART 45
OFFSET 9.9947 6.9917 -9.8044
SCALE 1 1 1
X 0.6658 -0.7023 0.2518
Y -0.5888 -0.2873 0.7555
Z -0.4582 -0.6513 -0.6048

PART 46
OFFSET 15.6578 1.0181 -7.6624
SCALE 1 1 1
X 0.6658 -0.7023 0.2518
Y 0.7092 0.7006 0.0786
Z -0.2317 0.1262 0.9646

PART 47
OFFSET 17.8274 1.4369 -6.6850
SCALE 1 1 1
X 0.6706 -0.6988 0.2490
Y 0.4648 0.6573 0.5932
Z -0.5782 -0.2821 0.7656

PART 48
OFFSET 16.7377 0.1910 -8.7973
SCALE 1 1 1
X 0.6706 -0.6988 0.2490
Y 0.4648 0.6573 0.5932
Z -0.5782 -0.2821 0.7656

PART 49
OFFSET 16.8176 0.2550 -5.2366
SCALE 1 1 1
X 0.6706 -0.6988 0.2490
Y 0.4648 0.6573 0.5932
Z -0.5782 -0.2821 0.7656

PART 50
OFFSET 15.9568 -0.7775 -6.2357
SCALE 1 1 1
X 0.6706 -0.6988 0.2490
Y 0.4648 0.6573 0.5932
Z -0.5782 -0.2821 0.7656

PART 51
OFFSET 15.0758 -1.4951 -7.4209
SCALE 1 1 1
X 0.6706 -0.6988 0.2490
Y 0.4648 0.6573 0.5932
Z -0.5782 -0.2821 0.7656

PART 52
OFFSET 17.6990 -1.1350 -6.8904
SCALE 1 1 1
X 0.5464 -0.8363 -0.0451
Y 0.8369 0.5431 0.0676
Z -0.0321 -0.0747 0.9967

PART 53
OFFSET 18.7393 -1.0177 -6.4362
SCALE 1 1 1
X 0.6601 0.0225 0.7508
Y 0.2892 0.9149 -0.2816
Z -0.6933 0.4030 0.5974

PART 54
OFFSET 20.1540 -0.8555 -4.8108
SCALE 1 1 1
X 0.4541 -0.6835 0.5715
Y 0.5959 0.7099 0.3754
Z -0.6623 0.1701 0.7297

PART 55
OFFSET 20.7774 -1.9822 -3.8288
SCALE 1 1 1
X -0.0336 -0.9242 0.3805
Y 0.7355 0.2349 0.6355
Z -0.6767 0.3012 0.6718

PART 56
OFFSET 20.7225 -2.9638 -3.3758
SCALE 1 1 1
X 0.5614 -0.8273 -0.0197
Y 0.3134 0.2345 -0.9202
Z 0.7659 0.5105 0.3909

PART 57
OFFSET 17.2587 -2.4393 -6.7995
SCALE 1 1 1
X -0.0312 -0.9990 -0.0328
Y -0.0903 -0.0298 0.9955
Z -0.9954 0.0340 -0.0893

PART 58
OFFSET 17.3225 -4.6925 -6.7381
SCALE 1 1 1
X -0.0033 -0.2167 0.9762
Y -0.1899 0.9586 0.2122
Z -0.9818 -0.1847 -0.0443

PART 59
OFFSET 17.3178 -4.9993 -5.3560
SCALE 1 1 1
X -0.0645 0.2865 0.9559
Y -0.2090 0.9328 -0.2937
Z -0.9758 -0.2188 -0.0003

PART 60
OFFSET 17.2606 -4.7453 -4.5085
SCALE 1 1 1
X -0.1528 0.8646 0.4787
Y -0.0513 0.4768 -0.8775
Z -0.9869 -0.1586 -0.0285

PART 61
OFFSET 17.1154 -3.9239 -4.0536
SCALE 1 1 1
X 0.2918 -0.9377 0.1888
Y -0.0651 -0.2164 -0.9741
Z 0.9543 0.2720 -0.1242

PART 62
OFFSET 17.9395 -2.2519 -6.9037
SCALE 1 1 1
X 0.2627 -0.9631 -0.0577
Y -0.0800 -0.0813 0.9935
Z -0.9616 -0.2564 -0.0984

PART 63
OFFSET 18.4803 -4.7879 -7.0899
SCALE 1 1 1
X -0.0440 -0.0971 0.9943
Y -0.3378 0.9381 0.0767
Z -0.9402 -0.3325 -0.0741

PART 64
OFFSET 18.4053 -4.9533 -5.3971
SCALE 1 1 1
X -0.1903 0.3938 0.8993
Y -0.2893 0.8528 -0.4347
Z -0.9381 -0.3429 -0.0483

PART 65
OFFSET 18.1416 -4.4075 -4.1508
SCALE 1 1 1
X -0.3083 0.7433 0.5937
Y -0.1653 0.5728 -0.8029
Z -0.9368 -0.3457 -0.0538

PART 66
OFFSET 17.8072 -3.6014 -3.5069
SCALE 1 1 1
X 0.3009 -0.9532 -0.0305
Y 0.0817 0.0576 -0.9950
Z 0.9501 0.2969 0.0952

PART 67
OFFSET 20.6949 -2.8909 -6.3878
SCALE 1 1 1
X 0.3433 -0.9127 0.2216
Y 0.2221 -0.1504 -0.9634
Z 0.9126 0.3799 0.1511

PART 68
OFFSET 20.4710 -3.9564 -7.3855
SCALE 1 1 1
X 0.0472 -0.3360 0.9407
Y -0.4574 0.8299 0.3194
Z -0.8880 -0.4453 -0.1145

PART 69
OFFSET 20.5541 -4.5480 -5.7293
SCALE 1 1 1
X -0.2430 0.1631 0.9562
Y -0.4444 0.8575 -0.2592
Z -0.8622 -0.4880 -0.1359

PART 70
OFFSET 20.3111 -4.3201 -4.5586
SCALE 1 1 1
X -0.2851 0.4114 0.8657
Y -0.3660 0.7881 -0.4950
Z -0.8859 -0.4579 -0.0741

PART 71
OFFSET 8.4641 -3.6480 -5.6857
SCALE 1 1 1
X 0.9984 0.0427 0.0359
Y -0.0422 0.9990 -0.0151
Z -0.0365 0.0135 0.9992

PART 72
OFFSET 10.7004 -5.0181 -4.2491
SCALE 1 1 1
X 0.9975 0.0429 0.0563
Y -0.0422 0.9990 -0.0151
Z -0.0569 0.0127 0.9983

PART 73
OFFSET 12.8751 -2.0719 -3.7217
SCALE 1 1 1
X 0.9984 0.0427 0.0359
Y -0.0422 0.9990 -0.0151
Z -0.0365 0.0135 0.9992

PART 74
OFFSET 32.9269 -2.5974 -4.4672
SCALE 1 1 1
X 0.3825 0.0022 -0.9240
Y -0.0422 0.9990 -0.0151
Z 0.9230 0.0447 0.3822

PART 75
OFFSET 15.2132 -3.3241 -3.0964
SCALE 1 1 1
X 0.9991 0.0422 0.0026
Y -0.0422 0.9990 -0.0151
Z -0.0032 0.0149 0.9999

PART 76
OFFSET 13.0784 -4.2579 -10.8490
SCALE 1 1 1
X -0.0365 0.0135 0.9992
Y -0.0422 0.9990 -0.0151
Z -0.9984 -0.0427 -0.0359

PART 77
OFFSET 13.0532 -3.9077 -10.7134
SCALE 1 1 1
X 0.0192 -0.8649 0.5016
Y -0.0892 0.4982 0.8625
Z -0.9958 -0.0613 -0.0676

PART 78
OFFSET 13.0249 -3.8868 -10.3999
SCALE 1 1 1
X 0.0476 -0.9830 -0.1775
Y -0.0883 -0.1811 0.9795
Z -0.9950 -0.0310 -0.0954

PART 79
OFFSET 12.9896 -3.9616 -10.0713
SCALE 1 1 1
X 0.0464 -0.9762 -0.2117
Y -0.1261 -0.2159 0.9682
Z -0.9909 -0.0182 -0.1331

PART 80
OFFSET 12.9501 -4.0184 -9.7997
SCALE 1 1 1
X 0.0431 -0.9814 -0.1868
Y -0.1504 -0.1912 0.9700
Z -0.9877 -0.0137 -0.1558

PART 81
OFFSET 12.9157 -4.0634 -9.5665
SCALE 1 1 1
X 0.0400 -0.9819 -0.1850
Y -0.1258 -0.1886 0.9740
Z -0.9913 -0.0157 -0.1310

PART 82
OFFSET 12.8965 -4.0976 -9.3164
SCALE 1 1 1
X 0.0440 -0.9976 -0.0526
Y -0.0246 -0.0537 0.9983
Z -0.9987 -0.0426 -0.0269

PART 83
OFFSET 12.9043 -4.0803 -8.8642
SCALE 1 1 1
X 0.0547 -0.9941 0.0934
Y 0.0403 0.0956 0.9946
Z -0.9977 -0.0506 0.0453

PART 84
OFFSET 12.9503 -3.9638 -8.0040
SCALE 1 1 1
X 0.0582 -0.9871 0.1491
Y 0.0589 0.1525 0.9865
Z -0.9966 -0.0487 0.0670

PART 85
OFFSET 13.0225 -3.7807 -6.8035
SCALE 1 1 1
X 0.0529 -0.9890 0.1378
Y 0.0578 0.1408 0.9883
Z -0.9969 -0.0443 0.0646

PART 86
OFFSET 13.0854 -3.6438 -5.6038
SCALE 1 1 1
X 0.0457 -0.9967 0.0671
Y 0.0425 0.0690 0.9967
Z -0.9980 -0.0427 0.0456

PART 87
OFFSET 13.1123 -3.6298 -4.6914
SCALE 1 1 1
X 0.0418 -0.9985 -0.0356
Y 0.0147 -0.0350 0.9993
Z -0.9990 -0.0423 0.0132

PART 88
OFFSET 13.1146 -3.6555 -4.0846
SCALE 1 1 1
X 0.0429 -0.9990 -0.0095
Y -0.0062 -0.0098 0.9999
Z -0.9991 -0.0429 -0.0067

PART 89
OFFSET 13.1128 -3.6012 -3.7347
SCALE 1 1 1
X 0.0526 -0.8914 0.4502
Y 0.0007 0.4508 0.8926
Z -0.9986 -0.0466 0.0244

PART 90
OFFSET 13.1118 -3.4208 -3.5842
SCALE 1 1 1
X 0.0447 -0.2942 0.9547
Y -0.0164 0.9553 0.2952
Z -0.9989 -0.0289 0.0378

PART 91
OFFSET 13.1009 -3.1417 -3.5674
SCALE 1 1 1
X 0.0225 0.0886 0.9958
Y -0.0616 0.9943 -0.0870
Z -0.9978 -0.0594 0.0278

PART 92
OFFSET 13.0737 -2.7927 -3.6261
SCALE 1 1 1
X -0.0043 0.2243 0.9745
Y -0.0814 0.9712 -0.2239
Z -0.9967 -0.0803 0.0141

PART 93
OFFSET 13.0441 -2.3946 -3.7356
SCALE 1 1 1
X -0.0319 0.2950 0.9550
Y -0.0558 0.9534 -0.2964
Z -0.9979 -0.0628 -0.0139

PART 94
OFFSET 13.0302 -1.9654 -3.8784
SCALE 1 1 1
X -0.0484 0.3185 0.9467
Y -0.0098 0.9476 -0.3193
Z -0.9988 -0.0248 -0.0427

PART 95
OFFSET 13.0250 -1.4966 -4.0143
SCALE 1 1 1
X -0.0448 0.2166 0.9752
Y -0.0219 0.9758 -0.2178
Z -0.9988 -0.0311 -0.0390


FRAME 448
PART 0
OFFSET 17.7126 -2.2510 -6.8925
SCALE 1 1 1
X 0.2630 -0.9631 -0.0570
Y -0.0830 -0.0814 0.9932
Z -0.9612 -0.2565 -0.1013

PART 1
OFFSET 17.7126 -2.2510 -6.8925
SCALE 1 1 1
X 0.2630 -0.9631 -0.0570
Y -0.0830 -0.0814 0.9932
Z -0.9612 -0.2565 -0.1013

PART 2
OFFSET -4.6435 -6.6812 -6.7548
SCALE 1 1 1
X -0.9351 -0.3198 0.1530
Y -0.3316 0.9416 -0.0588
Z -0.1253 -0.1058 -0.9865

PART 3
OFFSET 3.3951 -6.1492 -6.4862
SCALE 1 1 1
X -0.6134 -0.7897 0.0152
Y 0.7897 -0.6129 0.0279
Z -0.0127 0.0292 0.9995

PART 4
OFFSET 4.4750 -4.7589 -6.5130
SCALE 1 1 1
X 0.5087 -0.8569 0.0834
Y 0.8593 0.5113 0.0115
Z -0.0525 0.0658 0.9964

PART 5
OFFSET 3.8534 -3.7132 -6.5539
SCALE 1 1 1
X 0.9700 0.2430 -0.0044
Y -0.2430 0.9699 -0.0156
Z 0.0005 0.0162 0.9999

PART 6
OFFSET 2.7578 -3.9877 -6.5489
SCALE 1 1 1
X -0.0963 -0.9501 0.2968
Y -0.9892 0.0583 -0.1342
Z 0.1102 -0.3065 -0.9455

PART 7
OFFSET 3.3295 -5.9804 -7.5760
SCALE 1 1 1
X -0.3234 -0.9452 -0.0446
Y 0.9385 -0.3264 0.1129
Z -0.1213 -0.0053 0.9926

PART 8
OFFSET 3.9612 -4.1339 -7.4889
SCALE 1 1 1
X 0.8781 -0.4692 0.0938
Y 0.4695 0.8827 0.0203
Z -0.0923 0.0262 0.9954

PART 9
OFFSET 2.6786 -3.4484 -7.6260
SCALE 1 1 1
X 0.8058 0.5917 0.0232
Y -0.5851 0.8017 -0.1222
Z -0.0909 0.0849 0.9922

PART 10
OFFSET 1.7662 -4.1187 -7.6593
SCALE 1 1 1
X -0.2384 -0.9712 -0.0031
Y -0.9706 0.2383 -0.0342
Z 0.0339 -0.0051 -0.9994

PART 11
OFFSET 0.0000 0.0000 0.0000
SCALE 1 1 1
