// Export filename: `C:/cod5/cod/cod5/xanim_export/viewmodel/US/30cal/viewmodel_30cal_pullout_fast.XANIM_EXPORT`
// Source filename: `C:/cod5/cod/cod5/animation_assets/viewmodel/US/30_cal/viewmodelanimation_30_cal.mb`
// Export time: Fri Jul 25 17:00:45 2008

ANIMATION
VERSION 3

NUMPARTS 96
PART 0 "RingPalm_FK_LE"
PART 1 "RingPalm_SDK_LE"
PART 2 "J_Webbing_RI"
PART 3 "J_Index_RI_0"
PART 4 "J_Index_RI_1"
PART 5 "J_Index_RI_2"
PART 6 "J_Index_RI_3"
PART 7 "J_Mid_RI_0"
PART 8 "J_Mid_RI_1"
PART 9 "J_Mid_RI_2"
PART 10 "J_Mid_RI_3"
PART 11 "tag_cambone"
PART 12 "tag_camera"
PART 13 "tag_gasmask"
PART 14 "J_Index_LE_3"
PART 15 "J_Mid_LE_0"
PART 16 "J_Mid_LE_1"
PART 17 "J_Mid_LE_2"
PART 18 "J_Mid_LE_3"
PART 19 "tag_weapon"
PART 20 "J_Shoulder_RI"
PART 21 "J_Elbow_RI"
PART 22 "J_WristTwist_RI"
PART 23 "J_Sleave_Reshape_Top_RI_3"
PART 24 "J_Sleave_Reshape_Top_RI_2"
PART 25 "J_Sleave_Reshape_Top_RI_1"
PART 26 "J_Wrist_RI"
PART 27 "J_Thumb_RI_0"
PART 28 "J_Thumb_RI_1"
PART 29 "J_Thumb_RI_2"
PART 30 "J_Thumb_RI_3"
PART 31 "J_PinkyPalm_RI"
PART 32 "J_Pinky_RI_0"
PART 33 "J_Pinky_RI_1"
PART 34 "J_Pinky_RI_2"
PART 35 "J_Pinky_RI_3"
PART 36 "J_RingPalm_RI"
PART 37 "J_Ring_RI_0"
PART 38 "J_Ring_RI_1"
PART 39 "J_Ring_RI_2"
PART 40 "J_Ring_RI_3"
PART 41 "RingPalm_FK_RI"
PART 42 "RingPalm_SDK_RI"
PART 43 "tag_torso"
PART 44 "J_Shoulder_LE"
PART 45 "J_Elbow_LE"
PART 46 "J_WristTwist_LE"
PART 47 "J_Sleave_Reshape_Bottom_LE_1"
PART 48 "J_Sleave_Reshape_Bottom_LE_2"
PART 49 "J_Sleave_Reshape_Top_LE_1"
PART 50 "J_Sleave_Reshape_Top_LE_2"
PART 51 "J_Sleave_Reshape_Top_LE_3"
PART 52 "J_Wrist_LE"
PART 53 "J_Thumb_LE_0"
PART 54 "J_Thumb_LE_1"
PART 55 "J_Thumb_LE_2"
PART 56 "J_Thumb_LE_3"
PART 57 "J_PinkyPalm_LE"
PART 58 "J_Pinky_LE_0"
PART 59 "J_Pinky_LE_1"
PART 60 "J_Pinky_LE_2"
PART 61 "J_Pinky_LE_3"
PART 62 "J_RingPalm_LE"
PART 63 "J_Ring_LE_0"
PART 64 "J_Ring_LE_1"
PART 65 "J_Ring_LE_2"
PART 66 "J_Ring_LE_3"
PART 67 "J_Webbing_LE"
PART 68 "J_Index_LE_0"
PART 69 "J_Index_LE_1"
PART 70 "J_Index_LE_2"
PART 71 "J_Gun"
PART 72 "J_Bolt"
PART 73 "J_Clip"
PART 74 "tag_bipod"
PART 75 "tag_top"
PART 76 "ammo01_jnt"
PART 77 "ammo02_jnt"
PART 78 "ammo03_jnt"
PART 79 "ammo04_jnt"
PART 80 "ammo05_jnt"
PART 81 "ammo06_jnt"
PART 82 "ammo07_jnt"
PART 83 "ammo08_jnt"
PART 84 "ammo09_jnt"
PART 85 "ammo10_jnt"
PART 86 "ammo11_jnt"
PART 87 "ammo12_jnt"
PART 88 "ammo13_jnt"
PART 89 "ammo14_jnt"
PART 90 "ammo15_jnt"
PART 91 "ammo16_jnt"
PART 92 "ammo17_jnt"
PART 93 "ammo18_jnt"
PART 94 "ammo19_jnt"
PART 95 "ammo20_jnt"

FRAMERATE 30
NUMFRAMES 14

FRAME 260
PART 0
OFFSET 0.3487 11.0654 -8.9162
SCALE 1 1 1
X 0.8103 -0.5628 -0.1636
Y 0.2773 0.1223 0.9530
Z -0.5163 -0.8175 0.2552

PART 1
OFFSET 0.3487 11.0654 -8.9162
SCALE 1 1 1
X 0.8103 -0.5628 -0.1636
Y 0.2773 0.1223 0.9530
Z -0.5163 -0.8175 0.2552

PART 2
OFFSET -11.9873 -6.2197 -0.6399
SCALE 1 1 1
X -0.3843 -0.7879 0.4812
Y -0.8755 0.4764 0.0807
Z -0.2928 -0.3902 -0.8729

PART 3
OFFSET -6.7506 -0.7163 -3.3353
SCALE 1 1 1
X 0.1127 -0.9671 0.2280
Y 0.9608 0.0476 -0.2730
Z 0.2531 0.2499 0.9346

PART 4
OFFSET -6.9492 0.9865 -3.7368
SCALE 1 1 1
X 0.9472 -0.2966 -0.1217
Y 0.2503 0.9213 -0.2975
Z 0.2004 0.2514 0.9469

PART 5
OFFSET -8.0885 1.3623 -3.5314
SCALE 1 1 1
X 0.5017 0.7880 -0.3569
Y -0.8215 0.5632 0.0888
Z 0.2710 0.2487 0.9299

PART 6
OFFSET -8.6551 0.4723 -3.1282
SCALE 1 1 1
X 0.6545 -0.6950 0.2976
Y -0.7559 -0.6094 0.2394
Z 0.0150 -0.3817 -0.9242

PART 7
OFFSET -7.2158 -0.8898 -4.3222
SCALE 1 1 1
X 0.3993 -0.9146 0.0637
Y 0.8948 0.3736 -0.2444
Z 0.1998 0.1546 0.9676

PART 8
OFFSET -7.9958 0.8969 -4.4466
SCALE 1 1 1
X 0.9437 0.2252 -0.2421
Y -0.2639 0.9542 -0.1408
Z 0.1993 0.1968 0.9600

PART 9
OFFSET -9.3743 0.5680 -4.0930
SCALE 1 1 1
X 0.1629 0.9501 -0.2659
Y -0.9736 0.1985 0.1129
Z 0.1600 0.2405 0.9574

PART 10
OFFSET -9.5605 -0.5097 -3.7985
SCALE 1 1 1
X 0.4867 -0.8707 0.0706
Y -0.8356 -0.4405 0.3282
Z -0.2547 -0.2187 -0.9420

PART 11
OFFSET 0.0000 0.0000 0.0000
SCALE 1 1 1
X 1.0000 0.0000 0.0000
Y 0.0000 1.0000 0.0000
Z 0.0000 0.0000 1.0000

PART 12
OFFSET 0.0000 0.0000 0.0000
SCALE 1 1 1
X 1.0000 0.0000 0.0000
Y 0.0000 1.0000 0.0000
Z 0.0000 0.0000 1.0000

PART 13
OFFSET 0.0000 0.0000 0.0000
SCALE 1 1 1
X 1.0000 0.0000 0.0000
Y 0.0000 1.0000 0.0000
Z 0.0000 0.0000 1.0000

PART 14
OFFSET 3.7613 11.9429 -6.5928
SCALE 1 1 1
X 0.8131 -0.5794 0.0566
Y -0.0144 -0.1172 -0.9930
Z 0.5820 0.8066 -0.1037

PART 15
OFFSET 2.8037 10.3133 -9.8631
SCALE 1 1 1
X 0.4223 0.1065 0.9002
Y -0.8641 0.3473 0.3643
Z -0.2738 -0.9317 0.2386

PART 16
OFFSET 3.6286 10.5213 -8.1046
SCALE 1 1 1
X -0.1388 0.2608 0.9554
Y -0.9422 0.2624 -0.2085
Z -0.3051 -0.9290 0.2093

PART 17
OFFSET 3.4259 10.9022 -6.7091
SCALE 1 1 1
X -0.6455 0.3708 0.6677
Y -0.6787 0.1224 -0.7241
Z -0.3502 -0.9206 0.1726

PART 18
OFFSET 2.6928 11.3156 -5.9511
SCALE 1 1 1
X 0.9509 -0.3036 -0.0606
Y -0.1298 -0.2132 -0.9683
Z 0.2811 0.9286 -0.2421

PART 19
OFFSET -4.8859 4.3606 -4.3486
SCALE 1 1 1
X 0.6675 0.6675 -0.3299
Y -0.7031 0.7109 0.0160
Z 0.2452 0.2213 0.9439

PART 20
OFFSET -15.2296 -7.9373 -3.1869
SCALE 1 1 1
X -0.1085 -0.5129 0.8515
Y 0.1510 -0.8552 -0.4959
Z 0.9826 0.0748 0.1703

PART 21
OFFSET -13.9170 -1.7338 -13.4853
SCALE 1 1 1
X -0.3561 0.1289 -0.9255
Y 0.6895 0.7048 -0.1671
Z 0.6307 -0.6976 -0.3398

PART 22
OFFSET -10.8886 -2.8304 -5.6133
SCALE 1 1 1
X -0.3561 0.1289 -0.9255
Y 0.6964 0.6971 -0.1708
Z 0.6231 -0.7053 -0.3380

PART 23
OFFSET -11.6098 -2.7387 -3.7692
SCALE 1 1 1
X -0.3619 0.1266 -0.9236
Y -0.6396 0.6871 0.3448
Z 0.6782 0.7155 -0.1677

PART 24
OFFSET -11.7547 -3.8859 -3.4583
SCALE 1 1 1
X -0.3619 0.1266 -0.9236
Y -0.6396 0.6871 0.3448
Z 0.6782 0.7155 -0.1677

PART 25
OFFSET -10.7293 -4.6704 -3.8545
SCALE 1 1 1
X -0.3619 0.1266 -0.9236
Y -0.6396 0.6871 0.3448
Z 0.6782 0.7155 -0.1677

PART 26
OFFSET -9.7970 -3.2256 -2.7759
SCALE 1 1 1
X -0.6670 -0.6708 0.3243
Y -0.2469 -0.2116 -0.9457
Z 0.7030 -0.7108 -0.0245

PART 27
OFFSET -9.5473 -2.4278 -1.9992
SCALE 1 1 1
X -0.2637 -0.9033 -0.3385
Y -0.1596 0.3870 -0.9082
Z 0.9513 -0.1854 -0.2462

PART 28
OFFSET -9.0153 -0.5070 -1.1643
SCALE 1 1 1
X -0.3379 -0.8821 0.3282
Y -0.1734 -0.2844 -0.9429
Z 0.9251 -0.3755 -0.0568

PART 29
OFFSET -8.5838 0.9421 -1.7440
SCALE 1 1 1
X -0.0830 -0.6951 0.7141
Y -0.3064 -0.6640 -0.6820
Z 0.9483 -0.2754 -0.1578

PART 30
OFFSET -8.5322 1.7177 -2.4974
SCALE 1 1 1
X -0.7336 -0.4730 0.4880
Y -0.5807 0.8093 -0.0884
Z -0.3531 -0.3482 -0.8684

PART 31
OFFSET -9.6391 -2.7409 -4.0579
SCALE 1 1 1
X -0.3757 -0.4598 0.8046
Y 0.7533 -0.6572 -0.0238
Z 0.5398 0.5972 0.5933

PART 32
OFFSET -8.8087 -1.5402 -5.7765
SCALE 1 1 1
X -0.0667 -0.9809 0.1825
Y 0.9291 -0.1277 -0.3470
Z 0.3637 0.1464 0.9199

PART 33
OFFSET -8.7143 -0.1514 -6.0349
SCALE 1 1 1
X 0.9409 -0.0704 -0.3313
Y 0.0328 0.9925 -0.1177
Z 0.3371 0.0999 0.9362

PART 34
OFFSET -9.5485 -0.0891 -5.7412
SCALE 1 1 1
X 0.5042 0.8010 -0.3227
Y -0.7980 0.5750 0.1804
Z 0.3300 0.1665 0.9292

PART 35
OFFSET -10.0275 -0.8501 -5.4347
SCALE 1 1 1
X 0.0676 -0.9977 -0.0008
Y -0.8852 -0.0603 0.4612
Z -0.4602 -0.0304 -0.8873

PART 36
OFFSET -9.2301 -2.5520 -3.5042
SCALE 1 1 1
X -0.5546 -0.5777 0.5988
Y 0.7267 -0.6869 0.0103
Z 0.4054 0.4409 0.8008

PART 37
OFFSET -7.8348 -1.1332 -5.1772
SCALE 1 1 1
X 0.3190 -0.9351 0.1547
Y 0.8808 0.2322 -0.4126
Z 0.3499 0.2678 0.8977

PART 38
OFFSET -8.3778 0.4587 -5.4405
SCALE 1 1 1
X 0.8737 0.2637 -0.4089
Y -0.3371 0.9340 -0.1180
Z 0.3508 0.2409 0.9049

PART 39
OFFSET -9.5886 0.0933 -4.8738
SCALE 1 1 1
X -0.0084 0.9678 -0.2515
Y -0.9384 0.0792 0.3364
Z 0.3455 0.2389 0.9075

PART 40
OFFSET -9.5795 -0.9563 -4.6010
SCALE 1 1 1
X 0.5599 -0.8265 0.0586
Y -0.7779 -0.5001 0.3804
Z -0.2851 -0.2586 -0.9229

PART 41
OFFSET -9.2301 -2.5520 -3.5042
SCALE 1 1 1
X -0.5546 -0.5777 0.5988
Y 0.7267 -0.6869 0.0103
Z 0.4054 0.4409 0.8008

PART 42
OFFSET -9.2301 -2.5520 -3.5042
SCALE 1 1 1
X -0.5546 -0.5777 0.5988
Y 0.7267 -0.6869 0.0103
Z 0.4054 0.4409 0.8008

PART 43
OFFSET 3.7075 0.0000 -1.3770
SCALE 1 1 1
X 1.0000 0.0000 0.0000
Y 0.0000 1.0000 0.0000
Z 0.0000 0.0000 1.0000

PART 44
OFFSET -0.0838 7.9373 -3.1869
SCALE 1 1 1
X -0.6792 0.7244 0.1177
Y -0.5176 -0.3591 -0.7766
Z -0.5203 -0.5884 0.6189

PART 45
OFFSET -8.2982 16.6986 -1.7635
SCALE 1 1 1
X 0.6686 -0.4280 -0.6081
Y 0.2193 -0.6678 0.7112
Z -0.7106 -0.6089 -0.3526

PART 46
OFFSET -2.6115 13.0580 -6.9356
SCALE 1 1 1
X 0.6686 -0.4280 -0.6081
Y 0.3727 0.9005 -0.2241
Z 0.6435 -0.0768 0.7616

PART 47
OFFSET -0.5022 14.0320 -7.5986
SCALE 1 1 1
X 0.6692 -0.4224 -0.6114
Y 0.7054 0.6196 0.3441
Z 0.2335 -0.6615 0.7126

PART 48
OFFSET -2.7278 13.0177 -8.7029
SCALE 1 1 1
X 0.6692 -0.4224 -0.6114
Y 0.7054 0.6196 0.3441
Z 0.2335 -0.6615 0.7126

PART 49
OFFSET 0.0388 12.2366 -6.5994
SCALE 1 1 1
X 0.6692 -0.4224 -0.6114
Y 0.7054 0.6196 0.3441
Z 0.2335 -0.6615 0.7126

PART 50
OFFSET -1.2046 11.2291 -7.0935
SCALE 1 1 1
X 0.6692 -0.4224 -0.6114
Y 0.7054 0.6196 0.3441
Z 0.2335 -0.6615 0.7126

PART 51
OFFSET -2.6250 10.5392 -7.5430
SCALE 1 1 1
X 0.6692 -0.4224 -0.6114
Y 0.7054 0.6196 0.3441
Z 0.2335 -0.6615 0.7126

PART 52
OFFSET -0.5619 11.7458 -8.7998
SCALE 1 1 1
X 0.9236 -0.2875 -0.2534
Y 0.2298 0.9446 -0.2342
Z 0.3067 0.1580 0.9386

PART 53
OFFSET 0.2013 12.5929 -8.7544
SCALE 1 1 1
X 0.6484 0.6075 0.4588
Y -0.4935 0.7943 -0.3542
Z -0.5796 0.0032 0.8149

PART 54
OFFSET 1.5191 13.9833 -7.7543
SCALE 1 1 1
X 0.9301 -0.0876 0.3566
Y 0.0385 0.9890 0.1427
Z -0.3652 -0.1190 0.9233

PART 55
OFFSET 2.9775 13.7695 -7.0837
SCALE 1 1 1
X 0.7030 -0.6174 0.3530
Y 0.5255 0.7854 0.3271
Z -0.4792 -0.0444 0.8766

PART 56
OFFSET 3.7247 13.1132 -6.6563
SCALE 1 1 1
X 0.9350 -0.2654 -0.2351
Y -0.1992 0.1552 -0.9676
Z 0.2933 0.9516 0.0923

PART 57
OFFSET 0.0356 10.5229 -8.5738
SCALE 1 1 1
X 0.6393 -0.7682 -0.0338
Y 0.2362 0.1544 0.9593
Z -0.7318 -0.6213 0.2802

PART 58
OFFSET 1.6075 8.9062 -8.5728
SCALE 1 1 1
X 0.4160 0.0660 0.9070
Y -0.7140 0.6414 0.2808
Z -0.5632 -0.7644 0.3139

PART 59
OFFSET 2.1964 8.9996 -7.2888
SCALE 1 1 1
X 0.0308 0.3960 0.9177
Y -0.8512 0.4916 -0.1836
Z -0.5239 -0.7755 0.3522

PART 60
OFFSET 2.2237 9.3507 -6.4751
SCALE 1 1 1
X -0.5509 0.6574 0.5141
Y -0.6003 0.1158 -0.7913
Z -0.5798 -0.7446 0.3309

PART 61
OFFSET 1.7003 9.9753 -5.9867
SCALE 1 1 1
X 0.8821 -0.4678 0.0557
Y -0.1719 -0.4298 -0.8864
Z 0.4386 0.7723 -0.4595

PART 62
OFFSET 0.3487 11.0654 -8.9162
SCALE 1 1 1
X 0.8103 -0.5628 -0.1636
Y 0.2773 0.1223 0.9530
Z -0.5163 -0.8175 0.2552

PART 63
OFFSET 2.3687 9.4806 -9.3238
SCALE 1 1 1
X 0.3128 0.1333 0.9404
Y -0.8397 0.5015 0.2083
Z -0.4438 -0.8548 0.2688

PART 64
OFFSET 2.9014 9.7075 -7.7228
SCALE 1 1 1
X -0.1434 0.3833 0.9124
Y -0.8922 0.3489 -0.2868
Z -0.4283 -0.8552 0.2920

PART 65
OFFSET 2.7026 10.2388 -6.4583
SCALE 1 1 1
X -0.5443 0.4967 0.6761
Y -0.7221 0.1328 -0.6789
Z -0.4270 -0.8577 0.2864

PART 66
OFFSET 2.1123 10.7774 -5.7251
SCALE 1 1 1
X 0.8374 -0.5250 -0.1520
Y -0.2606 -0.1391 -0.9554
Z 0.4804 0.8397 -0.2533

PART 67
OFFSET 2.8148 12.4440 -9.4496
SCALE 1 1 1
X 0.9099 -0.4093 0.0679
Y -0.0158 -0.1977 -0.9801
Z 0.4146 0.8907 -0.1864

PART 68
OFFSET 3.0965 11.2791 -10.3125
SCALE 1 1 1
X 0.5207 0.0009 0.8537
Y -0.7815 0.4030 0.4763
Z -0.3436 -0.9152 0.2105

PART 69
OFFSET 4.0133 11.2807 -8.8094
SCALE 1 1 1
X -0.0091 0.1923 0.9813
Y -0.9529 0.2960 -0.0668
Z -0.3033 -0.9356 0.1806

PART 70
OFFSET 4.0208 11.5713 -7.6275
SCALE 1 1 1
X -0.2297 0.3289 0.9160
Y -0.9183 0.2385 -0.3160
Z -0.3224 -0.9137 0.2472

PART 71
OFFSET -4.8859 4.3606 -4.3486
SCALE 1 1 1
X 0.6675 0.6675 -0.3299
Y -0.7031 0.7109 0.0160
Z 0.2452 0.2213 0.9439

PART 72
OFFSET -2.0288 5.0864 -3.8463
SCALE 1 1 1
X 0.6724 0.6719 -0.3105
Y -0.7031 0.7109 0.0160
Z 0.2315 0.2076 0.9504

PART 73
OFFSET -2.3626 8.7620 -4.1048
SCALE 1 1 1
X 0.6675 0.6675 -0.3299
Y -0.7031 0.7109 0.0160
Z 0.2452 0.2213 0.9439

PART 74
OFFSET 11.5603 20.7988 -12.1158
SCALE 1 1 1
X -0.0847 -0.0615 -0.9945
Y -0.7031 0.7109 0.0160
Z 0.7061 0.7006 -0.1034

PART 75
OFFSET 0.2586 9.4491 -4.3932
SCALE 1 1 1
X 0.6675 0.6675 -0.3299
Y -0.7031 0.7109 0.0160
Z 0.2452 0.2213 0.9439

PART 76
OFFSET -2.2486 8.2688 -4.1787
SCALE 1 1 1
X 0.2452 0.2213 0.9439
Y -0.7031 0.7109 0.0160
Z -0.6675 -0.6675 0.3299

PART 77
OFFSET -2.6922 8.6693 -4.2651
SCALE 1 1 1
X 0.0264 0.4221 0.9062
Y -0.7448 0.6129 -0.2638
Z -0.6667 -0.6680 0.3306

PART 78
OFFSET -3.1633 9.0372 -4.4703
SCALE 1 1 1
X -0.0515 0.4876 0.8715
Y -0.7444 0.5630 -0.3590
Z -0.6657 -0.6673 0.3340

PART 79
OFFSET -3.6280 9.3908 -4.6880
SCALE 1 1 1
X -0.0222 0.4753 0.8795
Y -0.7474 0.5765 -0.3303
Z -0.6640 -0.6647 0.3425

PART 80
OFFSET -4.0740 9.7364 -4.8796
SCALE 1 1 1
X -0.0023 0.4815 0.8765
Y -0.7492 0.5797 -0.3204
Z -0.6623 -0.6574 0.3594

PART 81
OFFSET -4.5103 10.0690 -5.0746
SCALE 1 1 1
X -0.0128 0.5269 0.8498
Y -0.7488 0.5581 -0.3574
Z -0.6626 -0.6409 0.3874

PART 82
OFFSET -4.9439 10.3858 -5.2946
SCALE 1 1 1
X -0.0111 0.5789 0.8153
Y -0.7451 0.5390 -0.3928
Z -0.6669 -0.6118 0.4254

PART 83
OFFSET -5.3695 10.6968 -5.5184
SCALE 1 1 1
X 0.0401 0.6022 0.7974
Y -0.7414 0.5529 -0.3803
Z -0.6699 -0.5759 0.4686

PART 84
OFFSET -5.7791 11.0141 -5.7153
SCALE 1 1 1
X 0.1199 0.5948 0.7949
Y -0.7356 0.5909 -0.3312
Z -0.6667 -0.5450 0.5084

PART 85
OFFSET -6.1654 11.3277 -5.8898
SCALE 1 1 1
X 0.1313 0.6163 0.7765
Y -0.7297 0.5903 -0.3451
Z -0.6710 -0.5213 0.5272

PART 86
OFFSET -6.5220 11.6058 -6.0813
SCALE 1 1 1
X 0.0531 0.6904 0.7214
Y -0.7191 0.5277 -0.4521
Z -0.6929 -0.4948 0.5245

PART 87
OFFSET -6.8462 11.8247 -6.3212
SCALE 1 1 1
X -0.0609 0.7708 0.6342
Y -0.6899 0.4266 -0.5848
Z -0.7213 -0.4732 0.5057

PART 88
OFFSET -7.1493 11.9984 -6.6037
SCALE 1 1 1
X -0.1359 0.8121 0.5675
Y -0.6604 0.3527 -0.6629
Z -0.7385 -0.4649 0.4883

PART 89
OFFSET -7.4470 12.1513 -6.9150
SCALE 1 1 1
X -0.1628 0.8250 0.5411
Y -0.6420 0.3278 -0.6931
Z -0.7492 -0.4602 0.4763

PART 90
OFFSET -7.7764 12.3334 -7.2807
SCALE 1 1 1
X -0.1405 0.8162 0.5605
Y -0.6132 0.3727 -0.6965
Z -0.7774 -0.4415 0.4481

PART 91
OFFSET -8.1962 12.6202 -7.7656
SCALE 1 1 1
X -0.0976 0.7968 0.5964
Y -0.5840 0.4394 -0.6826
Z -0.8059 -0.4149 0.4224

PART 92
OFFSET -8.7166 13.0177 -8.4103
SCALE 1 1 1
X -0.1320 0.8345 0.5350
Y -0.5427 0.3908 -0.7435
Z -0.8295 -0.3885 0.4013

PART 93
OFFSET -9.1512 13.2486 -9.1520
SCALE 1 1 1
X -0.3004 0.9398 0.1630
Y -0.3805 0.0386 -0.9240
Z -0.8746 -0.3395 0.3460

PART 94
OFFSET -9.2772 12.9895 -9.8998
SCALE 1 1 1
X -0.4254 0.7209 -0.5472
Y 0.0570 -0.5821 -0.8111
Z -0.9032 -0.3762 0.2066

PART 95
OFFSET -9.1624 12.4743 -10.5155
SCALE 1 1 1
X -0.3966 0.6729 -0.6244
Y 0.1863 -0.6071 -0.7725
Z -0.8989 -0.4227 0.1154


FRAME 261
PART 0
OFFSET 1.0629 10.6286 -8.7987
SCALE 1 1 1
X 0.7980 -0.5809 -0.1604
Y 0.2703 0.1072 0.9568
Z -0.5386 -0.8069 0.2426

PART 1
OFFSET 1.0629 10.6286 -8.7987
SCALE 1 1 1
X 0.7980 -0.5809 -0.1604
Y 0.2703 0.1072 0.9568
Z -0.5386 -0.8069 0.2426

PART 2
OFFSET -11.7732 -6.4225 -0.8026
SCALE 1 1 1
X -0.4083 -0.7825 0.4702
Y -0.8645 0.4968 0.0761
Z -0.2931 -0.3754 -0.8793

PART 3
OFFSET -6.3772 -1.0249 -3.3955
SCALE 1 1 1
X 0.0869 -0.9715 0.2205
Y 0.9645 0.0266 -0.2628
Z 0.2494 0.2355 0.9393

PART 4
OFFSET -6.5302 0.6856 -3.7838
SCALE 1 1 1
X 0.9410 -0.3185 -0.1147
Y 0.2756 0.9175 -0.2867
Z 0.1966 0.2382 0.9511

PART 5
OFFSET -7.6622 1.0872 -3.5865
SCALE 1 1 1
X 0.5243 0.7786 -0.3448
Y -0.8085 0.5822 0.0855
Z 0.2673 0.2339 0.9348

PART 6
OFFSET -8.2543 0.2078 -3.1971
SCALE 1 1 1
X 0.6344 -0.7133 0.2980
Y -0.7729 -0.5928 0.2263
Z 0.0153 -0.3739 -0.9274

PART 7
OFFSET -6.8362 -1.1785 -4.3886
SCALE 1 1 1
X 0.3763 -0.9246 0.0595
Y 0.9061 0.3538 -0.2320
Z 0.1934 0.1412 0.9709

PART 8
OFFSET -7.5713 0.6277 -4.5049
SCALE 1 1 1
X 0.9514 0.2043 -0.2305
Y -0.2392 0.9615 -0.1350
Z 0.1941 0.1835 0.9637

PART 9
OFFSET -8.9609 0.3293 -4.1682
SCALE 1 1 1
X 0.1886 0.9482 -0.2557
Y -0.9696 0.2211 0.1048
Z 0.1559 0.2282 0.9610

PART 10
OFFSET -9.1763 -0.7460 -3.8853
SCALE 1 1 1
X 0.4647 -0.8829 0.0677
Y -0.8494 -0.4228 0.3158
Z -0.2502 -0.2043 -0.9464

PART 11
OFFSET 0.0000 0.0000 0.0000
SCALE 1 1 1
X 1.0000 0.0000 0.0000
Y 0.0000 1.0000 0.0000
Z 0.0000 0.0000 1.0000

PART 12
OFFSET 0.0000 0.0000 0.0000
SCALE 1 1 1
X 1.0000 0.0000 0.0000
Y 0.0000 1.0000 0.0000
Z 0.0000 0.0000 1.0000

PART 13
OFFSET 0.0000 0.0000 0.0000
SCALE 1 1 1
X 1.0000 0.0000 0.0000
Y 0.0000 1.0000 0.0000
Z 0.0000 0.0000 1.0000

PART 14
OFFSET 4.4716 11.4026 -6.4332
SCALE 1 1 1
X 0.7982 -0.5995 0.0596
Y -0.0070 -0.1082 -0.9941
Z 0.6024 0.7930 -0.0906

PART 15
OFFSET 3.5086 9.8253 -9.7274
SCALE 1 1 1
X 0.4154 0.0883 0.9053
Y -0.8592 0.3650 0.3586
Z -0.2988 -0.9268 0.2275

PART 16
OFFSET 4.3202 9.9979 -7.9588
SCALE 1 1 1
X -0.1423 0.2558 0.9562
Y -0.9333 0.2870 -0.2157
Z -0.3296 -0.9231 0.1979

PART 17
OFFSET 4.1123 10.3715 -6.5622
SCALE 1 1 1
X -0.6432 0.3806 0.6645
Y -0.6681 0.1452 -0.7298
Z -0.3742 -0.9133 0.1609

PART 18
OFFSET 3.3817 10.7959 -5.8080
SCALE 1 1 1
X 0.9438 -0.3261 -0.0536
Y -0.1249 -0.2016 -0.9715
Z 0.3060 0.9236 -0.2310

PART 19
OFFSET -4.3795 4.0138 -4.3445
SCALE 1 1 1
X 0.6869 0.6539 -0.3171
Y -0.6858 0.7277 0.0152
Z 0.2407 0.2071 0.9483

PART 20
OFFSET -15.0295 -7.9373 -3.1869
SCALE 1 1 1
X -0.1174 -0.4956 0.8606
Y 0.1163 -0.8675 -0.4837
Z 0.9863 0.0432 0.1595

PART 21
OFFSET -13.6092 -1.9438 -13.5948
SCALE 1 1 1
X -0.3561 0.1314 -0.9252
Y 0.7141 0.6769 -0.1787
Z 0.6027 -0.7243 -0.3348

PART 22
OFFSET -10.5807 -3.0613 -5.7258
SCALE 1 1 1
X -0.3561 0.1314 -0.9252
Y 0.7121 0.6792 -0.1776
Z 0.6051 -0.7221 -0.3354

PART 23
OFFSET -11.2864 -2.9217 -3.8799
SCALE 1 1 1
X -0.3620 0.1293 -0.9232
Y -0.6119 0.7141 0.3400
Z 0.7032 0.6880 -0.1794

PART 24
OFFSET -11.4685 -4.0612 -3.5565
SCALE 1 1 1
X -0.3620 0.1293 -0.9232
Y -0.6119 0.7141 0.3400
Z 0.7032 0.6880 -0.1794

PART 25
OFFSET -10.4820 -4.8877 -3.9459
SCALE 1 1 1
X -0.3620 0.1293 -0.9232
Y -0.6119 0.7141 0.3400
Z 0.7032 0.6880 -0.1794

PART 26
OFFSET -9.4891 -3.4641 -2.8895
SCALE 1 1 1
X -0.6863 -0.6572 0.3115
Y -0.2422 -0.1973 -0.9500
Z 0.6858 -0.7274 -0.0238

PART 27
OFFSET -9.2282 -2.6795 -2.1031
SCALE 1 1 1
X -0.2820 -0.8936 -0.3493
Y -0.1408 0.3986 -0.9062
Z 0.9490 -0.2064 -0.2382

PART 28
OFFSET -8.6585 -0.7794 -1.2457
SCALE 1 1 1
X -0.3626 -0.8764 0.3169
Y -0.1705 -0.2719 -0.9471
Z 0.9162 -0.3974 -0.0508

PART 29
OFFSET -8.1860 0.6637 -1.8081
SCALE 1 1 1
X -0.1072 -0.6991 0.7070
Y -0.3153 -0.6504 -0.6910
Z 0.9429 -0.2970 -0.1507

PART 30
OFFSET -8.1077 1.4443 -2.5540
SCALE 1 1 1
X -0.7498 -0.4593 0.4763
Y -0.5599 0.8240 -0.0870
Z -0.3525 -0.3319 -0.8750

PART 31
OFFSET -9.3062 -2.9723 -4.1654
SCALE 1 1 1
X -0.3950 -0.4575 0.7967
Y 0.7374 -0.6751 -0.0220
Z 0.5479 0.5787 0.6040

PART 32
OFFSET -8.4293 -1.7773 -5.8647
SCALE 1 1 1
X -0.0923 -0.9806 0.1731
Y 0.9293 -0.1473 -0.3387
Z 0.3576 0.1295 0.9248

PART 33
OFFSET -8.2985 -0.3890 -6.1097
SCALE 1 1 1
X 0.9423 -0.0904 -0.3223
Y 0.0580 0.9924 -0.1085
Z 0.3297 0.0836 0.9404

PART 34
OFFSET -9.1340 -0.3089 -5.8239
SCALE 1 1 1
X 0.5268 0.7913 -0.3104
Y -0.7857 0.5926 0.1774
Z 0.3243 0.1504 0.9339

PART 35
OFFSET -9.6345 -1.0607 -5.5291
SCALE 1 1 1
X 0.0434 -0.9990 -0.0091
Y -0.8912 -0.0428 0.4517
Z -0.4516 -0.0115 -0.8921

PART 36
OFFSET -8.8985 -2.7982 -3.6059
SCALE 1 1 1
X -0.5746 -0.5692 0.5880
Y 0.7096 -0.7045 0.0116
Z 0.4077 0.4239 0.8088

PART 37
OFFSET -7.4520 -1.3993 -5.2519
SCALE 1 1 1
X 0.2946 -0.9439 0.1495
Y 0.8904 0.2143 -0.4016
Z 0.3470 0.2514 0.9035

PART 38
OFFSET -7.9535 0.2076 -5.5064
SCALE 1 1 1
X 0.8840 0.2459 -0.3977
Y -0.3131 0.9430 -0.1130
Z 0.3472 0.2244 0.9105

PART 39
OFFSET -9.1787 -0.1332 -4.9553
SCALE 1 1 1
X 0.0176 0.9699 -0.2429
Y -0.9396 0.0991 0.3276
Z 0.3418 0.2225 0.9131

PART 40
OFFSET -9.1978 -1.1850 -4.6918
SCALE 1 1 1
X 0.5391 -0.8403 0.0568
Y -0.7937 -0.4843 0.3681
Z -0.2818 -0.2435 -0.9281

PART 41
OFFSET -8.8985 -2.7982 -3.6059
SCALE 1 1 1
X -0.5746 -0.5692 0.5880
Y 0.7096 -0.7045 0.0116
Z 0.4077 0.4239 0.8088

PART 42
OFFSET -8.8985 -2.7982 -3.6059
SCALE 1 1 1
X -0.5746 -0.5692 0.5880
Y 0.7096 -0.7045 0.0116
Z 0.4077 0.4239 0.8088

PART 43
OFFSET 3.7075 0.0000 -1.3770
SCALE 1 1 1
X 1.0000 0.0000 0.0000
Y 0.0000 1.0000 0.0000
Z 0.0000 0.0000 1.0000

PART 44
OFFSET -0.0838 7.9373 -3.1869
SCALE 1 1 1
X -0.6910 0.7228 0.0070
Y -0.4159 -0.3896 -0.8217
Z -0.5913 -0.5707 0.5698

PART 45
OFFSET -8.4405 16.6792 -3.1025
SCALE 1 1 1
X 0.7440 -0.4623 -0.4825
Y 0.1095 -0.6279 0.7705
Z -0.6592 -0.6261 -0.4165

PART 46
OFFSET -2.1128 12.7472 -7.2063
SCALE 1 1 1
X 0.7440 -0.4623 -0.4825
Y 0.4065 0.8862 -0.2224
Z 0.5304 -0.0307 0.8472

PART 47
OFFSET 0.0788 13.6789 -7.6144
SCALE 1 1 1
X 0.7451 -0.4568 -0.4859
Y 0.6554 0.6364 0.4067
Z 0.1234 -0.6216 0.7736

PART 48
OFFSET -1.9773 12.6095 -8.9673
SCALE 1 1 1
X 0.7451 -0.4568 -0.4859
Y 0.6554 0.6364 0.4067
Z 0.1234 -0.6216 0.7736

PART 49
OFFSET 0.4548 11.9406 -6.4520
SCALE 1 1 1
X 0.7451 -0.4568 -0.4859
Y 0.6554 0.6364 0.4067
Z 0.1234 -0.6216 0.7736

PART 50
OFFSET -0.7156 10.9097 -7.0625
SCALE 1 1 1
X 0.7451 -0.4568 -0.4859
Y 0.6554 0.6364 0.4067
Z 0.1234 -0.6216 0.7736

PART 51
OFFSET -2.0645 10.1987 -7.6713
SCALE 1 1 1
X 0.7451 -0.4568 -0.4859
Y 0.6554 0.6364 0.4067
Z 0.1234 -0.6216 0.7736

PART 52
OFFSET 0.1680 11.3299 -8.6855
SCALE 1 1 1
X 0.9190 -0.3077 -0.2466
Y 0.2551 0.9408 -0.2234
Z 0.3007 0.1424 0.9430

PART 53
OFFSET 0.9510 12.1578 -8.6248
SCALE 1 1 1
X 0.6582 0.5875 0.4708
Y -0.4704 0.8091 -0.3521
Z -0.5878 0.0103 0.8090

PART 54
OFFSET 2.2916 13.5070 -7.5990
SCALE 1 1 1
X 0.9240 -0.1133 0.3652
Y 0.0609 0.9865 0.1519
Z -0.3775 -0.1181 0.9184

PART 55
OFFSET 3.7374 13.2520 -6.9156
SCALE 1 1 1
X 0.6841 -0.6374 0.3546
Y 0.5410 0.7695 0.3394
Z -0.4892 -0.0404 0.8712

PART 56
OFFSET 4.4640 12.5740 -6.4865
SCALE 1 1 1
X 0.9307 -0.2860 -0.2279
Y -0.1854 0.1684 -0.9681
Z 0.3153 0.9433 0.1037

PART 57
OFFSET 0.7333 10.0910 -8.4644
SCALE 1 1 1
X 0.6208 -0.7832 -0.0342
Y 0.2300 0.1403 0.9630
Z -0.7495 -0.6057 0.2672

PART 58
OFFSET 2.2654 8.4366 -8.4620
SCALE 1 1 1
X 0.4081 0.0479 0.9117
Y -0.7011 0.6561 0.2793
Z -0.5848 -0.7532 0.3013

PART 59
OFFSET 2.8431 8.5045 -7.1712
SCALE 1 1 1
X 0.0309 0.3871 0.9215
Y -0.8371 0.5138 -0.1878
Z -0.5462 -0.7656 0.3399

PART 60
OFFSET 2.8705 8.8477 -6.3541
SCALE 1 1 1
X -0.5401 0.6662 0.5143
Y -0.5891 0.1372 -0.7963
Z -0.6010 -0.7331 0.3183

PART 61
OFFSET 2.3574 9.4806 -5.8655
SCALE 1 1 1
X 0.8698 -0.4896 0.0605
Y -0.1731 -0.4177 -0.8919
Z 0.4620 0.7654 -0.4481

PART 62
OFFSET 1.0629 10.6286 -8.7987
SCALE 1 1 1
X 0.7980 -0.5809 -0.1604
Y 0.2703 0.1072 0.9568
Z -0.5386 -0.8069 0.2426

PART 63
OFFSET 3.0481 8.9988 -9.2000
SCALE 1 1 1
X 0.3062 0.1175 0.9447
Y -0.8294 0.5199 0.2042
Z -0.4672 -0.8461 0.2567

PART 64
OFFSET 3.5695 9.1988 -7.5917
SCALE 1 1 1
X -0.1435 0.3788 0.9143
Y -0.8805 0.3730 -0.2927
Z -0.4519 -0.8470 0.2799

PART 65
OFFSET 3.3706 9.7237 -6.3246
SCALE 1 1 1
X -0.5391 0.5039 0.6749
Y -0.7116 0.1562 -0.6850
Z -0.4506 -0.8495 0.2743

PART 66
OFFSET 2.7859 10.2701 -5.5926
SCALE 1 1 1
X 0.8260 -0.5439 -0.1482
Y -0.2540 -0.1244 -0.9592
Z 0.5032 0.8299 -0.2409

PART 67
OFFSET 3.5671 11.9514 -9.2948
SCALE 1 1 1
X 0.8989 -0.4319 0.0734
Y -0.0105 -0.1888 -0.9820
Z 0.4380 0.8820 -0.1742

PART 68
OFFSET 3.8294 10.7875 -10.1652
SCALE 1 1 1
X 0.5117 -0.0192 0.8589
Y -0.7764 0.4177 0.4719
Z -0.3678 -0.9084 0.1989

PART 69
OFFSET 4.7304 10.7538 -8.6529
SCALE 1 1 1
X -0.0145 0.1840 0.9828
Y -0.9447 0.3196 -0.0738
Z -0.3277 -0.9295 0.1692

PART 70
OFFSET 4.7327 11.0339 -7.4684
SCALE 1 1 1
X -0.2312 0.3264 0.9165
Y -0.9089 0.2635 -0.3231
Z -0.3470 -0.9077 0.2358

PART 71
OFFSET -4.3795 4.0138 -4.3445
SCALE 1 1 1
X 0.6869 0.6539 -0.3171
Y -0.6858 0.7277 0.0152
Z 0.2407 0.2071 0.9483

PART 72
OFFSET -1.5111 4.6655 -3.8068
SCALE 1 1 1
X 0.6917 0.6580 -0.2977
Y -0.6858 0.7277 0.0152
Z 0.2266 0.1936 0.9545

PART 73
OFFSET -1.7529 8.3501 -4.0358
SCALE 1 1 1
X 0.6869 0.6539 -0.3171
Y -0.6858 0.7277 0.0152
Z 0.2407 0.2071 0.9483

PART 74
OFFSET 12.5396 20.1139 -11.7975
SCALE 1 1 1
X -0.0759 -0.0507 -0.9958
Y -0.6858 0.7277 0.0152
Z 0.7239 0.6840 -0.0900

PART 75
OFFSET 0.8869 8.9758 -4.2915
SCALE 1 1 1
X 0.6869 0.6539 -0.3171
Y -0.6858 0.7277 0.0152
Z 0.2407 0.2071 0.9483

PART 76
OFFSET -1.6502 7.8550 -4.1130
SCALE 1 1 1
X 0.2407 0.2071 0.9483
Y -0.6858 0.7277 0.0152
Z -0.6869 -0.6539 0.3171

PART 77
OFFSET -2.0735 8.2465 -4.2187
SCALE 1 1 1
X -0.0278 0.4602 0.8874
Y -0.7290 0.5981 -0.3330
Z -0.6839 -0.6562 0.3188

PART 78
OFFSET -2.5137 8.5826 -4.4671
SCALE 1 1 1
X -0.1265 0.5405 0.8318
Y -0.7210 0.5258 -0.4514
Z -0.6813 -0.6568 0.3232

PART 79
OFFSET -2.9506 8.9035 -4.7316
SCALE 1 1 1
X -0.0901 0.5210 0.8488
Y -0.7290 0.5462 -0.4127
Z -0.6786 -0.6559 0.3306

PART 80
OFFSET -3.3774 9.2291 -4.9614
SCALE 1 1 1
X -0.0530 0.5089 0.8592
Y -0.7312 0.5662 -0.3804
Z -0.6801 -0.6484 0.3421

PART 81
OFFSET -3.7999 9.5590 -5.1818
SCALE 1 1 1
X -0.0388 0.5271 0.8489
Y -0.7254 0.5694 -0.3867
Z -0.6872 -0.6308 0.3603

PART 82
OFFSET -4.2226 9.8926 -5.4121
SCALE 1 1 1
X -0.0158 0.5528 0.8331
Y -0.7194 0.5724 -0.3935
Z -0.6944 -0.6056 0.3887

PART 83
OFFSET -4.6413 10.2305 -5.6339
SCALE 1 1 1
X 0.0445 0.5601 0.8272
Y -0.7202 0.5918 -0.3620
Z -0.6923 -0.5797 0.4298

PART 84
OFFSET -5.0494 10.5735 -5.8212
SCALE 1 1 1
X 0.1249 0.5509 0.8252
Y -0.7238 0.6194 -0.3040
Z -0.6786 -0.5593 0.4761

PART 85
OFFSET -5.4396 10.9064 -5.9861
SCALE 1 1 1
X 0.1344 0.5876 0.7979
Y -0.7239 0.6081 -0.3259
Z -0.6767 -0.5338 0.5071

PART 86
OFFSET -5.8034 11.1989 -6.1793
SCALE 1 1 1
X 0.0481 0.6865 0.7255
Y -0.7098 0.5346 -0.4588
Z -0.7028 -0.4929 0.5130

PART 87
OFFSET -6.1354 11.4279 -6.4403
SCALE 1 1 1
X -0.0777 0.7836 0.6164
Y -0.6681 0.4180 -0.6156
Z -0.7400 -0.4596 0.4910

PART 88
OFFSET -6.4435 11.6030 -6.7577
SCALE 1 1 1
X -0.1658 0.8334 0.5272
Y -0.6284 0.3228 -0.7078
Z -0.7600 -0.4486 0.4702

PART 89
OFFSET -6.7399 11.7436 -7.1094
SCALE 1 1 1
X -0.2022 0.8523 0.4824
Y -0.6058 0.2782 -0.7454
Z -0.7695 -0.4430 0.4601

PART 90
OFFSET -7.0628 11.9107 -7.5112
SCALE 1 1 1
X -0.1546 0.8359 0.5266
Y -0.5864 0.3513 -0.7299
Z -0.7951 -0.4217 0.4359

PART 91
OFFSET -7.4765 12.2065 -8.0177
SCALE 1 1 1
X -0.0745 0.7932 0.6044
Y -0.5665 0.4652 -0.6802
Z -0.8207 -0.3931 0.4147

PART 92
OFFSET -7.9928 12.6490 -8.6626
SCALE 1 1 1
X -0.0955 0.8204 0.5637
Y -0.5289 0.4379 -0.7270
Z -0.8433 -0.3676 0.3921

PART 93
OFFSET -8.4092 12.9119 -9.3914
SCALE 1 1 1
X -0.2857 0.9460 0.1531
Y -0.3527 0.0447 -0.9347
Z -0.8910 -0.3210 0.3209

PART 94
OFFSET -8.4840 12.6105 -10.1248
SCALE 1 1 1
X -0.4134 0.6574 -0.6300
Y 0.1272 -0.6435 -0.7548
Z -0.9016 -0.3922 0.1824

PART 95
OFFSET -8.3003 11.9977 -10.7296
SCALE 1 1 1
X -0.3843 0.5785 -0.7194
Y 0.2563 -0.6818 -0.6852
Z -0.8869 -0.4477 0.1138


FRAME 262
PART 0
OFFSET 2.9521 9.4495 -8.4875
SCALE 1 1 1
X 0.7635 -0.6277 -0.1517
Y 0.2489 0.0692 0.9660
Z -0.5959 -0.7753 0.2091

PART 1
OFFSET 2.9521 9.4495 -8.4875
SCALE 1 1 1
X 0.7635 -0.6277 -0.1517
Y 0.2489 0.0692 0.9660
Z -0.5959 -0.7753 0.2091

PART 2
OFFSET -11.1745 -6.9017 -1.2402
SCALE 1 1 1
X -0.4709 -0.7642 0.4407
Y -0.8328 0.5499 0.0638
Z -0.2911 -0.3370 -0.8954

PART 3
OFFSET -5.3715 -1.8105 -3.5595
SCALE 1 1 1
X 0.0181 -0.9795 0.2004
Y 0.9714 -0.0302 -0.2356
Z 0.2368 0.1990 0.9510

PART 4
OFFSET -5.4034 -0.0859 -3.9124
SCALE 1 1 1
X 0.9216 -0.3762 -0.0962
Y 0.3419 0.9036 -0.2579
Z 0.1839 0.2048 0.9614

PART 5
OFFSET -6.5126 0.3838 -3.7371
SCALE 1 1 1
X 0.5828 0.7502 -0.3123
Y -0.7717 0.6313 0.0767
Z 0.2547 0.1963 0.9469

PART 6
OFFSET -7.1708 -0.4636 -3.3843
SCALE 1 1 1
X 0.5786 -0.7589 0.2988
Y -0.8154 -0.5463 0.1913
Z 0.0180 -0.3544 -0.9349

PART 7
OFFSET -5.8105 -1.9131 -4.5681
SCALE 1 1 1
X 0.3145 -0.9480 0.0486
Y 0.9332 0.2994 -0.1989
Z 0.1740 0.1079 0.9788

PART 8
OFFSET -6.4248 -0.0611 -4.6629
SCALE 1 1 1
X 0.9688 0.1472 -0.1996
Y -0.1731 0.9776 -0.1193
Z 0.1776 0.1502 0.9726

PART 9
OFFSET -7.8399 -0.2761 -4.3714
SCALE 1 1 1
X 0.2562 0.9392 -0.2286
Y -0.9561 0.2811 0.0832
Z 0.1424 0.1972 0.9700

PART 10
OFFSET -8.1317 -1.3410 -4.1193
SCALE 1 1 1
X 0.4051 -0.9123 0.0601
Y -0.8835 -0.3736 0.2826
Z -0.2353 -0.1676 -0.9574

PART 11
OFFSET 0.0000 0.0000 0.0000
SCALE 1 1 1
X 1.0000 0.0000 0.0000
Y 0.0000 1.0000 0.0000
Z 0.0000 0.0000 1.0000

PART 12
OFFSET 0.0000 0.0000 0.0000
SCALE 1 1 1
X 1.0000 0.0000 0.0000
Y 0.0000 1.0000 0.0000
Z 0.0000 0.0000 1.0000

PART 13
OFFSET 0.0000 0.0000 0.0000
SCALE 1 1 1
X 1.0000 0.0000 0.0000
Y 0.0000 1.0000 0.0000
Z 0.0000 0.0000 1.0000

PART 14
OFFSET 6.3337 9.9513 -6.0122
SCALE 1 1 1
X 0.7561 -0.6509 0.0677
Y 0.0148 -0.0865 -0.9961
Z 0.6543 0.7542 -0.0558

PART 15
OFFSET 5.3671 8.5096 -9.3670
SCALE 1 1 1
X 0.3939 0.0421 0.9182
Y -0.8440 0.4121 0.3432
Z -0.3639 -0.9102 0.1979

PART 16
OFFSET 6.1367 8.5918 -7.5733
SCALE 1 1 1
X -0.1532 0.2442 0.9576
Y -0.9064 0.3513 -0.2346
Z -0.3936 -0.9039 0.1675

PART 17
OFFSET 5.9130 8.9485 -6.1747
SCALE 1 1 1
X -0.6364 0.4072 0.6551
Y -0.6361 0.2035 -0.7443
Z -0.4364 -0.8904 0.1295

PART 18
OFFSET 5.1896 9.4032 -5.4312
SCALE 1 1 1
X 0.9221 -0.3853 -0.0352
Y -0.1095 -0.1725 -0.9789
Z 0.3711 0.9065 -0.2012

PART 19
OFFSET -3.0288 3.1074 -4.3373
SCALE 1 1 1
X 0.7362 0.6147 -0.2831
Y -0.6379 0.7700 0.0131
Z 0.2260 0.1709 0.9590

PART 20
OFFSET -14.4727 -7.9373 -3.1869
SCALE 1 1 1
X -0.1373 -0.4458 0.8846
Y 0.0245 -0.8943 -0.4468
Z 0.9902 -0.0397 0.1337

PART 21
OFFSET -12.8120 -2.5463 -13.8847
SCALE 1 1 1
X -0.3600 0.1303 -0.9238
Y 0.7706 0.5997 -0.2157
Z 0.5259 -0.7896 -0.3163

PART 22
OFFSET -9.7501 -3.6543 -6.0273
SCALE 1 1 1
X -0.3600 0.1303 -0.9238
Y 0.7504 0.6288 -0.2038
Z 0.5543 -0.7666 -0.3241

PART 23
OFFSET -10.4003 -3.3795 -4.1784
SCALE 1 1 1
X -0.3660 0.1289 -0.9216
Y -0.5359 0.7805 0.3219
Z 0.7608 0.6117 -0.2167

PART 24
OFFSET -10.6745 -4.4900 -3.8124
SCALE 1 1 1
X -0.3660 0.1289 -0.9216
Y -0.5359 0.7805 0.3219
Z 0.7608 0.6117 -0.2167

PART 25
OFFSET -9.7917 -5.4193 -4.1797
SCALE 1 1 1
X -0.3660 0.1289 -0.9216
Y -0.5359 0.7805 0.3219
Z 0.7608 0.6117 -0.2167

PART 26
OFFSET -8.6464 -4.0537 -3.1951
SCALE 1 1 1
X -0.7357 -0.6179 0.2774
Y -0.2268 -0.1611 -0.9605
Z 0.6382 -0.7696 -0.0217

PART 27
OFFSET -8.3586 -3.3044 -2.3841
SCALE 1 1 1
X -0.3284 -0.8659 -0.3773
Y -0.0888 0.4260 -0.9004
Z 0.9404 -0.2622 -0.2168

PART 28
OFFSET -7.6934 -1.4637 -1.4680
SCALE 1 1 1
X -0.4269 -0.8577 0.2866
Y -0.1601 -0.2402 -0.9574
Z 0.8900 -0.4546 -0.0348

PART 29
OFFSET -7.1134 -0.0425 -1.9839
SCALE 1 1 1
X -0.1721 -0.7055 0.6875
Y -0.3363 -0.6139 -0.7141
Z 0.9259 -0.3541 -0.1316

PART 30
OFFSET -6.9640 0.7470 -2.7092
SCALE 1 1 1
X -0.7911 -0.4198 0.4449
Y -0.5033 0.8601 -0.0834
Z -0.3476 -0.2898 -0.8917

PART 31
OFFSET -8.3957 -3.5478 -4.4540
SCALE 1 1 1
X -0.4463 -0.4477 0.7748
Y 0.6930 -0.7208 -0.0173
Z 0.5662 0.5292 0.6320

PART 32
OFFSET -7.3955 -2.3763 -6.1007
SCALE 1 1 1
X -0.1599 -0.9760 0.1479
Y 0.9273 -0.1998 -0.3164
Z 0.3383 0.0865 0.9370

PART 33
OFFSET -7.1691 -0.9945 -6.3100
SCALE 1 1 1
X 0.9435 -0.1442 -0.2984
Y 0.1246 0.9886 -0.0841
Z 0.3071 0.0421 0.9507

PART 34
OFFSET -8.0056 -0.8666 -6.0455
SCALE 1 1 1
X 0.5851 0.7620 -0.2775
Y -0.7509 0.6383 0.1694
Z 0.3062 0.1093 0.9457

PART 35
OFFSET -8.5615 -1.5905 -5.7818
SCALE 1 1 1
X -0.0204 -0.9993 -0.0308
Y -0.9047 0.0053 0.4260
Z -0.4255 0.0366 -0.9042

PART 36
OFFSET -7.9941 -3.4123 -3.8796
SCALE 1 1 1
X -0.6266 -0.5432 0.5588
Y 0.6625 -0.7489 0.0148
Z 0.4105 0.3795 0.8292

PART 37
OFFSET -6.4141 -2.0753 -5.4528
SCALE 1 1 1
X 0.2291 -0.9639 0.1358
Y 0.9135 0.1647 -0.3720
Z 0.3362 0.2093 0.9182

PART 38
OFFSET -6.8042 -0.4343 -5.6840
SCALE 1 1 1
X 0.9090 0.1966 -0.3675
Y -0.2487 0.9634 -0.0999
Z 0.3344 0.1822 0.9246

PART 39
OFFSET -8.0640 -0.7068 -5.1746
SCALE 1 1 1
X 0.0867 0.9716 -0.2200
Y -0.9404 0.1527 0.3039
Z 0.3289 0.1806 0.9270

PART 40
OFFSET -8.1580 -1.7606 -4.9360
SCALE 1 1 1
X 0.4824 -0.8744 0.0523
Y -0.8334 -0.4397 0.3349
Z -0.2699 -0.2051 -0.9408

PART 41
OFFSET -7.9941 -3.4123 -3.8796
SCALE 1 1 1
X -0.6266 -0.5432 0.5588
Y 0.6625 -0.7489 0.0148
Z 0.4105 0.3795 0.8292

PART 42
OFFSET -7.9941 -3.4123 -3.8796
SCALE 1 1 1
X -0.6266 -0.5432 0.5588
Y 0.6625 -0.7489 0.0148
Z 0.4105 0.3795 0.8292

PART 43
OFFSET 3.7075 0.0000 -1.3770
SCALE 1 1 1
X 1.0000 0.0000 0.0000
Y 0.0000 1.0000 0.0000
Z 0.0000 0.0000 1.0000

PART 44
OFFSET -0.0838 7.9373 -3.1869
SCALE 1 1 1
X -0.5813 0.7532 -0.3079
Y -0.1833 -0.4898 -0.8523
Z -0.7928 -0.4390 0.4228

PART 45
OFFSET -7.1135 17.0468 -6.9103
SCALE 1 1 1
X 0.7963 -0.5913 -0.1273
Y -0.2241 -0.4838 0.8460
Z -0.5618 -0.6452 -0.5178

PART 46
OFFSET -0.3403 12.0174 -7.9926
SCALE 1 1 1
X 0.7963 -0.5913 -0.1273
Y 0.5558 0.7984 -0.2315
Z 0.2385 0.1137 0.9645

PART 47
OFFSET 1.9635 12.7094 -7.7661
SCALE 1 1 1
X 0.7992 -0.5866 -0.1309
Y 0.5627 0.6537 0.5059
Z -0.2112 -0.4780 0.8526

PART 48
OFFSET 0.3383 11.5540 -9.5620
SCALE 1 1 1
X 0.7992 -0.5866 -0.1309
Y 0.5627 0.6537 0.5059
Z -0.2112 -0.4780 0.8526

PART 49
OFFSET 1.7249 11.1891 -6.3011
SCALE 1 1 1
X 0.7992 -0.5866 -0.1309
Y 0.5627 0.6537 0.5059
Z -0.2112 -0.4780 0.8526

PART 50
OFFSET 0.6957 10.1462 -7.1126
SCALE 1 1 1
X 0.7992 -0.5866 -0.1309
Y 0.5627 0.6537 0.5059
Z -0.2112 -0.4780 0.8526

PART 51
OFFSET -0.4617 9.4295 -8.0305
SCALE 1 1 1
X 0.7992 -0.5866 -0.1309
Y 0.5627 0.6537 0.5059
Z -0.2112 -0.4780 0.8526

PART 52
OFFSET 2.1010 10.2046 -8.3828
SCALE 1 1 1
X 0.9041 -0.3612 -0.2283
Y 0.3211 0.9268 -0.1946
Z 0.2819 0.1026 0.9539

PART 53
OFFSET 2.9333 10.9787 -8.2816
SCALE 1 1 1
X 0.6806 0.5337 0.5020
Y -0.4073 0.8451 -0.3462
Z -0.6090 0.0311 0.7926

PART 54
OFFSET 4.3274 12.2164 -7.1887
SCALE 1 1 1
X 0.9039 -0.1805 0.3877
Y 0.1196 0.9771 0.1762
Z -0.4106 -0.1129 0.9048

PART 55
OFFSET 5.7336 11.8540 -6.4720
SCALE 1 1 1
X 0.6314 -0.6876 0.3585
Y 0.5791 0.7256 0.3717
Z -0.5157 -0.0271 0.8563

PART 56
OFFSET 6.4026 11.1215 -6.0388
SCALE 1 1 1
X 0.9167 -0.3407 -0.2089
Y -0.1462 0.2005 -0.9687
Z 0.3719 0.9186 0.1340

PART 57
OFFSET 2.5792 8.9273 -8.1747
SCALE 1 1 1
X 0.5701 -0.8208 -0.0351
Y 0.2106 0.1047 0.9719
Z -0.7941 -0.5615 0.2326

PART 58
OFFSET 4.0016 7.1776 -8.1684
SCALE 1 1 1
X 0.3838 0.0022 0.9234
Y -0.6654 0.6940 0.2750
Z -0.6402 -0.7200 0.2678

PART 59
OFFSET 4.5450 7.1807 -6.8610
SCALE 1 1 1
X 0.0290 0.3647 0.9307
Y -0.7967 0.5707 -0.1988
Z -0.6036 -0.7357 0.3072

PART 60
OFFSET 4.5707 7.5041 -6.0359
SCALE 1 1 1
X -0.5109 0.6886 0.5145
Y -0.5559 0.1918 -0.8088
Z -0.6557 -0.6993 0.2848

PART 61
OFFSET 4.0853 8.1583 -5.5471
SCALE 1 1 1
X 0.8346 -0.5460 0.0730
Y -0.1737 -0.3867 -0.9057
Z 0.5227 0.7432 -0.4176

PART 62
OFFSET 2.9521 9.4495 -8.4875
SCALE 1 1 1
X 0.7635 -0.6277 -0.1517
Y 0.2489 0.0692 0.9660
Z -0.5959 -0.7753 0.2091

PART 63
OFFSET 4.8396 7.7036 -8.8716
SCALE 1 1 1
X 0.2858 0.0774 0.9552
Y -0.8000 0.5680 0.1933
Z -0.5276 -0.8194 0.2243

PART 64
OFFSET 5.3261 7.8354 -7.2454
SCALE 1 1 1
X -0.1453 0.3678 0.9185
Y -0.8460 0.4352 -0.3081
Z -0.5130 -0.8218 0.2479

PART 65
OFFSET 5.1248 8.3451 -5.9725
SCALE 1 1 1
X -0.5249 0.5233 0.6713
Y -0.6801 0.2164 -0.7005
Z -0.5118 -0.8243 0.2423

PART 66
OFFSET 4.5555 8.9126 -5.2444
SCALE 1 1 1
X 0.7934 -0.5928 -0.1380
Y -0.2337 -0.0874 -0.9684
Z 0.5620 0.8006 -0.2079

PART 67
OFFSET 5.5491 10.6178 -8.8842
SCALE 1 1 1
X 0.8670 -0.4905 0.0881
Y 0.0058 -0.1669 -0.9860
Z 0.4984 0.8553 -0.1418

PART 68
OFFSET 5.7614 9.4581 -9.7736
SCALE 1 1 1
X 0.4845 -0.0704 0.8720
Y -0.7614 0.4569 0.4599
Z -0.4308 -0.8867 0.1678

PART 69
OFFSET 6.6144 9.3342 -8.2384
SCALE 1 1 1
X -0.0311 0.1637 0.9860
Y -0.9197 0.3815 -0.0923
Z -0.3913 -0.9098 0.1387

PART 70
OFFSET 6.6004 9.5884 -7.0481
SCALE 1 1 1
X -0.2361 0.3212 0.9171
Y -0.8805 0.3285 -0.3418
Z -0.4110 -0.8882 0.2053

PART 71
OFFSET -3.0288 3.1074 -4.3373
SCALE 1 1 1
X 0.7362 0.6147 -0.2831
Y -0.6379 0.7700 0.0131
Z 0.2260 0.1709 0.9590

PART 72
OFFSET -0.1412 3.5608 -3.7063
SCALE 1 1 1
X 0.7407 0.6181 -0.2634
Y -0.6379 0.7700 0.0131
Z 0.2109 0.1583 0.9646

PART 73
OFFSET -0.1400 7.2574 -3.8572
SCALE 1 1 1
X 0.7362 0.6147 -0.2831
Y -0.6379 0.7700 0.0131
Z 0.2260 0.1709 0.9590

PART 74
OFFSET 15.0941 18.2344 -10.9517
SCALE 1 1 1
X -0.0502 -0.0246 -0.9984
Y -0.6379 0.7700 0.0131
Z 0.7685 0.6376 -0.0544

PART 75
OFFSET 2.5408 7.7164 -4.0260
SCALE 1 1 1
X 0.7362 0.6147 -0.2831
Y -0.6379 0.7700 0.0131
Z 0.2260 0.1709 0.9590

PART 76
OFFSET -0.0670 6.7584 -3.9428
SCALE 1 1 1
X 0.2260 0.1709 0.9590
Y -0.6379 0.7700 0.0131
Z -0.7362 -0.6147 0.2831

PART 77
OFFSET -0.4511 7.1549 -4.0726
SCALE 1 1 1
X -0.0882 0.5022 0.8602
Y -0.6768 0.6034 -0.4217
Z -0.7309 -0.6194 0.2867

PART 78
OFFSET -0.8408 7.4715 -4.3744
SCALE 1 1 1
X -0.2040 0.6026 0.7715
Y -0.6561 0.5008 -0.5646
Z -0.7266 -0.6214 0.2932

PART 79
OFFSET -1.2309 7.7717 -4.6972
SCALE 1 1 1
X -0.1614 0.5736 0.8031
Y -0.6721 0.5320 -0.5150
Z -0.7226 -0.6229 0.2997

PART 80
OFFSET -1.6200 8.0907 -4.9752
SCALE 1 1 1
X -0.1055 0.5377 0.8365
Y -0.6784 0.5762 -0.4559
Z -0.7271 -0.6156 0.3040

PART 81
OFFSET -2.0105 8.4349 -5.2284
SCALE 1 1 1
X -0.0634 0.5210 0.8512
Y -0.6683 0.6113 -0.4239
Z -0.7411 -0.5958 0.3094

PART 82
OFFSET -2.4038 8.8063 -5.4726
SCALE 1 1 1
X -0.0181 0.5123 0.8586
Y -0.6594 0.6394 -0.3954
Z -0.7516 -0.5733 0.3262

PART 83
OFFSET -2.7971 9.1942 -5.6934
SCALE 1 1 1
X 0.0506 0.4967 0.8664
Y -0.6649 0.6641 -0.3419
Z -0.7452 -0.5588 0.3639

PART 84
OFFSET -3.1864 9.5845 -5.8702
SCALE 1 1 1
X 0.1323 0.4820 0.8661
Y -0.6799 0.6800 -0.2746
Z -0.7213 -0.5526 0.4176

PART 85
OFFSET -3.5646 9.9562 -6.0248
SCALE 1 1 1
X 0.1442 0.5379 0.8306
Y -0.6876 0.6580 -0.3068
Z -0.7116 -0.5269 0.4648

PART 86
OFFSET -3.9207 10.2812 -6.2213
SCALE 1 1 1
X 0.0572 0.6716 0.7387
Y -0.6705 0.5740 -0.4699
Z -0.7397 -0.4685 0.4832

PART 87
OFFSET -4.2469 10.5377 -6.5091
SCALE 1 1 1
X -0.0738 0.7942 0.6031
Y -0.6166 0.4389 -0.6536
Z -0.7838 -0.4201 0.4573

PART 88
OFFSET -4.5471 10.7285 -6.8720
SCALE 1 1 1
X -0.1732 0.8580 0.4836
Y -0.5660 0.3151 -0.7618
Z -0.8060 -0.4057 0.4311

PART 89
OFFSET -4.8295 10.8659 -7.2789
SCALE 1 1 1
X -0.2207 0.8852 0.4096
Y -0.5361 0.2408 -0.8091
Z -0.8148 -0.3981 0.4214

PART 90
OFFSET -5.1300 11.0264 -7.7308
SCALE 1 1 1
X -0.1473 0.8601 0.4884
Y -0.5280 0.3492 -0.7741
Z -0.8364 -0.3719 0.4027

PART 91
OFFSET -5.5126 11.3514 -8.2602
SCALE 1 1 1
X -0.0243 0.7769 0.6291
Y -0.5172 0.5288 -0.6730
Z -0.8555 -0.3417 0.3890

PART 92
OFFSET -5.9896 11.8780 -8.8874
SCALE 1 1 1
X -0.0245 0.7830 0.6216
Y -0.4843 0.5346 -0.6925
Z -0.8745 -0.3180 0.3661

PART 93
OFFSET -6.3620 12.2157 -9.5788
SCALE 1 1 1
X -0.2237 0.9580 0.1794
Y -0.3150 0.1031 -0.9435
Z -0.9223 -0.2676 0.2787

PART 94
OFFSET -6.3924 11.8988 -10.2838
SCALE 1 1 1
X -0.3593 0.6234 -0.6945
Y 0.1665 -0.6894 -0.7050
Z -0.9182 -0.3690 0.1439

PART 95
OFFSET -6.1681 11.1967 -10.8767
SCALE 1 1 1
X -0.3312 0.5256 -0.7836
Y 0.2823 -0.7372 -0.6138
Z -0.9003 -0.4246 0.0958


FRAME 263
PART 0
OFFSET 5.6296 7.7161 -8.0433
SCALE 1 1 1
X 0.7091 -0.6913 -0.1390
Y 0.2118 0.0207 0.9771
Z -0.6726 -0.7223 0.1611

PART 1
OFFSET 5.6296 7.7161 -8.0433
SCALE 1 1 1
X 0.7091 -0.6913 -0.1390
Y 0.2118 0.0207 0.9771
Z -0.6726 -0.7223 0.1611

PART 2
OFFSET -10.2299 -7.4464 -1.8776
SCALE 1 1 1
X -0.5573 -0.7288 0.3978
Y -0.7813 0.6225 0.0460
Z -0.2812 -0.2852 -0.9163

PART 3
OFFSET -3.8917 -2.8532 -3.8023
SCALE 1 1 1
X -0.0799 -0.9819 0.1715
Y 0.9740 -0.1135 -0.1962
Z 0.2122 0.1513 0.9654

PART 4
OFFSET -3.7511 -1.1244 -4.1042
SCALE 1 1 1
X 0.8868 -0.4569 -0.0695
Y 0.4337 0.8747 -0.2164
Z 0.1596 0.1618 0.9738

PART 5
OFFSET -4.8195 -0.5591 -3.9606
SCALE 1 1 1
X 0.6617 0.7012 -0.2654
Y -0.7136 0.6976 0.0638
Z 0.2299 0.1472 0.9620

PART 6
OFFSET -5.5669 -1.3511 -3.6608
SCALE 1 1 1
X 0.4935 -0.8166 0.2994
Y -0.8694 -0.4736 0.1411
Z 0.0265 -0.3299 -0.9436

PART 7
OFFSET -4.2938 -2.8885 -4.8307
SCALE 1 1 1
X 0.2245 -0.9739 0.0329
Y 0.9644 0.2171 -0.1513
Z 0.1402 0.0657 0.9879

PART 8
OFFSET -4.7322 -0.9859 -4.8950
SCALE 1 1 1
X 0.9859 0.0624 -0.1551
Y -0.0780 0.9922 -0.0969
Z 0.1478 0.1077 0.9831

PART 9
OFFSET -6.1723 -1.0770 -4.6685
SCALE 1 1 1
X 0.3504 0.9172 -0.1896
Y -0.9292 0.3658 0.0523
Z 0.1173 0.1578 0.9805

PART 10
OFFSET -6.5706 -2.1167 -4.4607
SCALE 1 1 1
X 0.3173 -0.9470 0.0493
Y -0.9253 -0.2978 0.2347
Z -0.2076 -0.1201 -0.9708

PART 11
OFFSET 0.0000 0.0000 0.0000
SCALE 1 1 1
X 1.0000 0.0000 0.0000
Y 0.0000 1.0000 0.0000
Z 0.0000 0.0000 1.0000

PART 12
OFFSET 0.0000 0.0000 0.0000
SCALE 1 1 1
X 1.0000 0.0000 0.0000
Y 0.0000 1.0000 0.0000
Z 0.0000 0.0000 1.0000

PART 13
