// Export filename: `C:/cod5/cod/cod5/xanim_export/viewmodel/US/30cal/viewmodel_30cal_ADS_up.XANIM_EXPORT`
// Source filename: `C:/cod5/cod/cod5/animation_assets/viewmodel/US/30_cal/viewmodelanimation_30_cal.mb`
// Export time: Fri Jul 25 17:00:38 2008

ANIMATION
VERSION 3

NUMPARTS 2
PART 0 "tag_view"
PART 1 "tag_torso"

FRAMERATE 30
NUMFRAMES 15

FRAME 1
PART 0
OFFSET 0.0000 0.0000 0.0000
SCALE 1 1 1
X 1.0000 0.0000 0.0000
Y 0.0000 1.0000 0.0000
Z 0.0000 0.0000 1.0000

PART 1
OFFSET 3.7075 0.0000 -1.3770
SCALE 1 1 1
X 1.0000 0.0000 0.0000
Y 0.0000 1.0000 0.0000
Z 0.0000 0.0000 1.0000


FRAME 2
PART 0
OFFSET 0.0000 0.0000 0.0000
SCALE 1 1 1
X 1.0000 0.0000 0.0000
Y 0.0000 1.0000 0.0000
Z 0.0000 0.0000 1.0000

PART 1
OFFSET 3.7300 0.1697 -1.2879
SCALE 1 1 1
X 1.0000 -0.0050 0.0009
Y 0.0050 1.0000 0.0040
Z -0.0009 -0.0040 1.0000


FRAME 3
PART 0
OFFSET 0.0000 0.0000 0.0000
SCALE 1 1 1
X 1.0000 0.0000 0.0000
Y 0.0000 1.0000 0.0000
Z 0.0000 0.0000 1.0000

PART 1
OFFSET 3.7865 0.6054 -1.0605
SCALE 1 1 1
X 0.9998 -0.0174 0.0031
Y 0.0173 0.9998 0.0141
Z -0.0033 -0.0141 0.9999


FRAME 4
PART 0
OFFSET 0.0000 0.0000 0.0000
SCALE 1 1 1
X 1.0000 0.0000 0.0000
Y 0.0000 1.0000 0.0000
Z 0.0000 0.0000 1.0000

PART 1
OFFSET 3.8599 1.1967 -0.7541
SCALE 1 1 1
X 0.9994 -0.0335 0.0059
Y 0.0333 0.9991 0.0272
Z -0.0068 -0.0270 0.9996


FRAME 5
PART 0
OFFSET 0.0000 0.0000 0.0000
SCALE 1 1 1
X 1.0000 0.0000 0.0000
Y 0.0000 1.0000 0.0000
Z 0.0000 0.0000 1.0000

PART 1
OFFSET 3.9333 1.8333 -0.4285
SCALE 1 1 1
X 0.9987 -0.0496 0.0088
Y 0.0492 0.9980 0.0403
Z -0.0107 -0.0398 0.9991


FRAME 6
PART 0
OFFSET 0.0000 0.0000 0.0000
SCALE 1 1 1
X 1.0000 0.0000 0.0000
Y 0.0000 1.0000 0.0000
Z 0.0000 0.0000 1.0000

PART 1
OFFSET 3.9897 2.4048 -0.1430
SCALE 1 1 1
X 0.9980 -0.0620 0.0109
Y 0.0613 0.9968 0.0504
Z -0.0140 -0.0496 0.9987


FRAME 7
PART 0
OFFSET 0.0000 0.0000 0.0000
SCALE 1 1 1
X 1.0000 0.0000 0.0000
Y 0.0000 1.0000 0.0000
Z 0.0000 0.0000 1.0000

PART 1
OFFSET 4.0123 2.8009 0.0428
SCALE 1 1 1
X 0.9977 -0.0669 0.0118
Y 0.0662 0.9963 0.0544
Z -0.0154 -0.0535 0.9984


FRAME 8
PART 0
OFFSET 0.0000 0.0000 0.0000
SCALE 1 1 1
X 1.0000 0.0000 0.0000
Y 0.0000 1.0000 0.0000
Z 0.0000 0.0000 1.0000

PART 1
OFFSET 3.9992 3.0520 0.1404
SCALE 1 1 1
X 0.9978 -0.0659 0.0113
Y 0.0652 0.9965 0.0527
Z -0.0148 -0.0519 0.9985


FRAME 9
PART 0
OFFSET 0.0000 0.0000 0.0000
SCALE 1 1 1
X 1.0000 0.0000 0.0000
Y 0.0000 1.0000 0.0000
Z 0.0000 0.0000 1.0000

PART 1
OFFSET 3.9647 3.2631 0.2054
SCALE 1 1 1
X 0.9979 -0.0633 0.0101
Y 0.0627 0.9969 0.0484
Z -0.0131 -0.0476 0.9988


FRAME 10
PART 0
OFFSET 0.0000 0.0000 0.0000
SCALE 1 1 1
X 1.0000 0.0000 0.0000
Y 0.0000 1.0000 0.0000
Z 0.0000 0.0000 1.0000

PART 1
OFFSET 3.9159 3.4363 0.2437
SCALE 1 1 1
X 0.9982 -0.0595 0.0083
Y 0.0591 0.9974 0.0422
Z -0.0108 -0.0416 0.9991


FRAME 11
PART 0
OFFSET 0.0000 0.0000 0.0000
SCALE 1 1 1
X 1.0000 0.0000 0.0000
Y 0.0000 1.0000 0.0000
Z 0.0000 0.0000 1.0000

PART 1
OFFSET 3.8599 3.5736 0.2614
SCALE 1 1 1
X 0.9985 -0.0552 0.0062
Y 0.0550 0.9979 0.0351
Z -0.0082 -0.0347 0.9994


FRAME 12
PART 0
OFFSET 0.0000 0.0000 0.0000
SCALE 1 1 1
X 1.0000 0.0000 0.0000
Y 0.0000 1.0000 0.0000
Z 0.0000 0.0000 1.0000

PART 1
OFFSET 3.8039 3.6770 0.2646
SCALE 1 1 1
X 0.9987 -0.0509 0.0042
Y 0.0508 0.9983 0.0280
Z -0.0056 -0.0278 0.9996


FRAME 13
PART 0
OFFSET 0.0000 0.0000 0.0000
SCALE 1 1 1
X 1.0000 0.0000 0.0000
Y 0.0000 1.0000 0.0000
Z 0.0000 0.0000 1.0000

PART 1
OFFSET 3.7551 3.7484 0.2594
SCALE 1 1 1
X 0.9989 -0.0472 0.0024
Y 0.0471 0.9986 0.0218
Z -0.0034 -0.0217 0.9998


FRAME 14
PART 0
OFFSET 0.0000 0.0000 0.0000
SCALE 1 1 1
X 1.0000 0.0000 0.0000
Y 0.0000 1.0000 0.0000
Z 0.0000 0.0000 1.0000

PART 1
OFFSET 3.7206 3.7897 0.2518
SCALE 1 1 1
X 0.9990 -0.0446 0.0011
Y 0.0445 0.9989 0.0175
Z -0.0019 -0.0174 0.9998


FRAME 15
PART 0
OFFSET 0.0000 0.0000 0.0000
SCALE 1 1 1
X 1.0000 0.0000 0.0000
Y 0.0000 1.0000 0.0000
Z 0.0000 0.0000 1.0000

PART 1
OFFSET 3.7075 3.8031 0.2480
SCALE 1 1 1
X 0.9991 -0.0436 0.0007
Y 0.0435 0.9989 0.0158
Z -0.0014 -0.0158 0.9999


NOTETRACKS

PART 0
NUMTRACKS 0

PART 1
NUMTRACKS 0

