// Export filename: `C:/cod5/cod/cod5/xanim_export/viewmodel/US/30cal/viewmodel_30cal_empty_pullout.XANIM_EXPORT`
// Source filename: `C:/cod5/cod/cod5/animation_assets/viewmodel/US/30_cal/viewmodelanimation_30_cal.mb`
// Export time: Fri May 02 10:32:31 2008

ANIMATION
VERSION 3

NUMPARTS 93
PART 0 "RingPalm_FK_LE"
PART 1 "RingPalm_SDK_LE"
PART 2 "RingPalm_FK_RI"
PART 3 "RingPalm_SDK_RI"
PART 4 "tag_torso"
PART 5 "J_Shoulder_LE"
PART 6 "J_Elbow_LE"
PART 7 "J_WristTwist_LE"
PART 8 "J_Sleave_Reshape_Bottom_LE_1"
PART 9 "J_Sleave_Reshape_Bottom_LE_2"
PART 10 "J_Sleave_Reshape_Top_LE_1"
PART 11 "J_Sleave_Reshape_Top_LE_2"
PART 12 "J_Sleave_Reshape_Top_LE_3"
PART 13 "J_Wrist_LE"
PART 14 "J_Thumb_LE_0"
PART 15 "J_Thumb_LE_1"
PART 16 "J_Thumb_LE_2"
PART 17 "J_Thumb_LE_3"
PART 18 "J_Thumb_RI_1"
PART 19 "J_Thumb_RI_2"
PART 20 "J_Thumb_RI_3"
PART 21 "J_PinkyPalm_RI"
PART 22 "J_Pinky_RI_0"
PART 23 "J_Pinky_RI_1"
PART 24 "J_Pinky_RI_2"
PART 25 "J_Pinky_RI_3"
PART 26 "J_RingPalm_RI"
PART 27 "J_Ring_RI_0"
PART 28 "J_Ring_RI_1"
PART 29 "J_Ring_RI_2"
PART 30 "J_Ring_RI_3"
PART 31 "J_Webbing_RI"
PART 32 "J_Index_RI_0"
PART 33 "J_Index_RI_1"
PART 34 "J_Index_RI_2"
PART 35 "J_Index_RI_3"
PART 36 "J_Mid_RI_0"
PART 37 "J_Mid_RI_1"
PART 38 "J_Mid_RI_2"
PART 39 "J_Mid_RI_3"
PART 40 "tag_cambone"
PART 41 "tag_camera"
PART 42 "tag_gasmask"
PART 43 "J_PinkyPalm_LE"
PART 44 "J_Pinky_LE_0"
PART 45 "J_Pinky_LE_1"
PART 46 "J_Pinky_LE_2"
PART 47 "J_Pinky_LE_3"
PART 48 "J_RingPalm_LE"
PART 49 "J_Ring_LE_0"
PART 50 "J_Ring_LE_1"
PART 51 "J_Ring_LE_2"
PART 52 "J_Ring_LE_3"
PART 53 "J_Webbing_LE"
PART 54 "J_Index_LE_0"
PART 55 "J_Index_LE_1"
PART 56 "J_Index_LE_2"
PART 57 "J_Index_LE_3"
PART 58 "J_Mid_LE_0"
PART 59 "J_Mid_LE_1"
PART 60 "J_Mid_LE_2"
PART 61 "J_Mid_LE_3"
PART 62 "tag_weapon"
PART 63 "J_Shoulder_RI"
PART 64 "J_Elbow_RI"
PART 65 "J_WristTwist_RI"
PART 66 "J_Sleave_Reshape_Top_RI_3"
PART 67 "J_Sleave_Reshape_Top_RI_2"
PART 68 "J_Sleave_Reshape_Top_RI_1"
PART 69 "J_Wrist_RI"
PART 70 "J_Thumb_RI_0"
PART 71 "J_Gun"
PART 72 "tag_brass"
PART 73 "J_Bolt"
PART 74 "tag_flash"
PART 75 "J_Clip"
PART 76 "tag_bipod"
PART 77 "tag_top"
PART 78 "ammo01_jnt"
PART 79 "ammo02_jnt"
PART 80 "ammo03_jnt"
PART 81 "ammo04_jnt"
PART 82 "ammo05_jnt"
PART 83 "ammo06_jnt"
PART 84 "ammo07_jnt"
PART 85 "ammo08_jnt"
PART 86 "ammo09_jnt"
PART 87 "ammo10_jnt"
PART 88 "ammo11_jnt"
PART 89 "ammo12_jnt"
PART 90 "ammo13_jnt"
PART 91 "ammo14_jnt"
PART 92 "ammo15_jnt"

FRAMERATE 30
NUMFRAMES 36

FRAME 480
PART 0
OFFSET 0.5191 12.0939 -6.6395
SCALE 1 1 1
X 0.8103 -0.5628 -0.1636
Y 0.2773 0.1223 0.9530
Z -0.5163 -0.8175 0.2552

PART 1
OFFSET 0.5191 12.0939 -6.6395
SCALE 1 1 1
X 0.8103 -0.5628 -0.1636
Y 0.2773 0.1223 0.9530
Z -0.5163 -0.8175 0.2552

PART 2
OFFSET -9.0597 -1.5235 -1.2275
SCALE 1 1 1
X -0.5546 -0.5777 0.5988
Y 0.7267 -0.6869 0.0103
Z 0.4054 0.4409 0.8008

PART 3
OFFSET -9.0597 -1.5235 -1.2275
SCALE 1 1 1
X -0.5546 -0.5777 0.5988
Y 0.7267 -0.6869 0.0103
Z 0.4054 0.4409 0.8008

PART 4
OFFSET -4.6318 0.0000 -1.3770
SCALE 1 1 1
X 1.0000 0.0000 0.0000
Y 0.0000 1.0000 0.0000
Z 0.0000 0.0000 1.0000

PART 5
OFFSET -1.5123 7.9373 -3.1869
SCALE 1 1 1
X -0.7894 0.1924 -0.5830
Y 0.5755 -0.0988 -0.8118
Z -0.2138 -0.9763 -0.0327

PART 6
OFFSET -11.0589 10.2643 -10.2375
SCALE 1 1 1
X 0.9219 0.2169 0.3210
Y -0.0319 -0.7832 0.6209
Z 0.3861 -0.5827 -0.7151

PART 7
OFFSET -3.2177 12.1093 -7.5072
SCALE 1 1 1
X 0.9219 0.2169 0.3210
Y -0.1825 0.9740 -0.1341
Z -0.3418 0.0651 0.9375

PART 8
OFFSET -2.6266 14.0113 -6.1396
SCALE 1 1 1
X 0.9210 0.2232 0.3193
Y -0.3882 0.5933 0.7052
Z -0.0320 -0.7734 0.6331

PART 9
OFFSET -1.9607 12.8871 -8.4836
SCALE 1 1 1
X 0.9210 0.2232 0.3193
Y -0.3882 0.5933 0.7052
Z -0.0320 -0.7734 0.6331

PART 10
OFFSET -2.0720 12.3284 -4.9672
SCALE 1 1 1
X 0.9210 0.2232 0.3193
Y -0.3882 0.5933 0.7052
Z -0.0320 -0.7734 0.6331

PART 11
OFFSET -1.5201 11.2948 -6.1641
SCALE 1 1 1
X 0.9210 0.2232 0.3193
Y -0.3882 0.5933 0.7052
Z -0.0320 -0.7734 0.6331

PART 12
OFFSET -1.2529 10.4204 -7.5278
SCALE 1 1 1
X 0.9210 0.2232 0.3193
Y -0.3882 0.5933 0.7052
Z -0.0320 -0.7734 0.6331

PART 13
OFFSET -0.3915 12.7743 -6.5231
SCALE 1 1 1
X 0.9236 -0.2875 -0.2534
Y 0.2298 0.9446 -0.2342
Z 0.3067 0.1580 0.9386

PART 14
OFFSET 0.3717 13.6214 -6.4777
SCALE 1 1 1
X 0.8223 0.5690 0.0010
Y -0.5266 0.7617 -0.3776
Z -0.2156 0.3100 0.9260

PART 15
OFFSET 2.0818 14.9425 -6.4618
SCALE 1 1 1
X 0.8584 0.5024 -0.1038
Y -0.5128 0.8457 -0.1478
Z 0.0135 0.1800 0.9836

PART 16
OFFSET 3.4996 15.7233 -6.5103
SCALE 1 1 1
X 0.8542 0.5193 0.0250
Y -0.5034 0.8383 -0.2094
Z -0.1297 0.1663 0.9775

PART 17
OFFSET 4.4089 16.3067 -6.4421
SCALE 1 1 1
X 0.6102 0.4492 -0.6526
Y -0.2441 -0.6771 -0.6943
Z -0.7537 0.5829 -0.3035

PART 18
OFFSET -8.8449 0.5215 1.1125
SCALE 1 1 1
X -0.3379 -0.8821 0.3282
Y -0.1734 -0.2844 -0.9429
Z 0.9251 -0.3755 -0.0568

PART 19
OFFSET -8.4134 1.9706 0.5328
SCALE 1 1 1
X -0.0830 -0.6951 0.7141
Y -0.3064 -0.6640 -0.6820
Z 0.9483 -0.2754 -0.1578

PART 20
OFFSET -8.3618 2.7462 -0.2206
SCALE 1 1 1
X -0.7336 -0.4730 0.4880
Y -0.5807 0.8093 -0.0884
Z -0.3531 -0.3482 -0.8684

PART 21
OFFSET -9.4687 -1.7124 -1.7812
SCALE 1 1 1
X -0.3757 -0.4598 0.8046
Y 0.7533 -0.6572 -0.0238
Z 0.5398 0.5972 0.5933

PART 22
OFFSET -8.6383 -0.5117 -3.4998
SCALE 1 1 1
X -0.1850 -0.7863 0.5894
Y 0.8561 -0.4235 -0.2962
Z 0.4826 0.4498 0.7515

PART 23
OFFSET -8.3763 0.6015 -4.3343
SCALE 1 1 1
X 0.6074 -0.7910 0.0734
Y 0.6536 0.4450 -0.6122
Z 0.4516 0.4198 0.7873

PART 24
OFFSET -8.9149 1.3029 -4.3994
SCALE 1 1 1
X 0.8686 -0.3338 -0.3661
Y 0.0815 0.8252 -0.5589
Z 0.4887 0.4557 0.7440

PART 25
OFFSET -9.7401 1.6199 -4.0515
SCALE 1 1 1
X -0.7862 -0.3286 0.5233
Y -0.4357 0.8953 -0.0923
Z -0.4382 -0.3006 -0.8471

PART 26
OFFSET -9.0597 -1.5235 -1.2275
SCALE 1 1 1
X -0.5546 -0.5777 0.5988
Y 0.7267 -0.6869 0.0103
Z 0.4054 0.4409 0.8008

PART 27
OFFSET -7.6644 -0.1048 -2.9004
SCALE 1 1 1
X -0.1348 -0.8376 0.5294
Y 0.8805 -0.3463 -0.3236
Z 0.4544 0.4225 0.7842

PART 28
OFFSET -7.4349 1.3213 -3.8017
SCALE 1 1 1
X 0.6763 -0.7366 -0.0036
Y 0.5883 0.5431 -0.5990
Z 0.4432 0.4030 0.8007

PART 29
OFFSET -8.3722 2.3421 -3.7967
SCALE 1 1 1
X 0.8956 -0.2711 -0.3527
Y 0.0734 0.8721 -0.4838
Z 0.4387 0.4074 0.8010

PART 30
OFFSET -9.3435 2.6361 -3.4142
SCALE 1 1 1
X -0.7542 -0.2560 0.6047
Y -0.4721 0.8515 -0.2282
Z -0.4565 -0.4576 -0.7630

PART 31
OFFSET -11.8169 -5.1912 1.6368
SCALE 1 1 1
X -0.3843 -0.7879 0.4812
Y -0.8755 0.4764 0.0807
Z -0.2928 -0.3902 -0.8729

PART 32
OFFSET -6.5803 0.3122 -1.0585
SCALE 1 1 1
X -0.1227 -0.9776 0.1711
Y 0.9778 -0.1486 -0.1476
Z 0.1697 0.1492 0.9741

PART 33
OFFSET -6.3642 2.0334 -1.3598
SCALE 1 1 1
X 0.3262 -0.9382 0.1156
Y 0.9380 0.3061 -0.1627
Z 0.1172 0.1615 0.9799

PART 34
OFFSET -6.7536 3.1838 -1.4408
SCALE 1 1 1
X 0.5716 -0.8205 -0.0073
Y 0.8050 0.5626 -0.1884
Z 0.1587 0.1018 0.9821

PART 35
OFFSET -7.3993 4.1105 -1.4325
SCALE 1 1 1
X -0.8682 -0.2121 0.4487
Y -0.3206 0.9298 -0.1807
Z -0.3789 -0.3008 -0.8752

PART 36
OFFSET -7.0454 0.1387 -2.0455
SCALE 1 1 1
X -0.1030 -0.9535 0.2833
Y 0.9568 -0.1729 -0.2338
Z 0.2719 0.2470 0.9301

PART 37
OFFSET -6.8441 2.0013 -2.5990
SCALE 1 1 1
X 0.6737 -0.7389 0.0120
Y 0.6788 0.6123 -0.4054
Z 0.2922 0.2813 0.9141

PART 38
OFFSET -7.8281 3.0806 -2.6166
SCALE 1 1 1
X 0.9349 -0.2779 -0.2209
Y 0.1741 0.9012 -0.3968
Z 0.3094 0.3325 0.8909

PART 39
OFFSET -8.8890 3.3936 -2.3729
SCALE 1 1 1
X -0.8478 -0.3838 0.3659
Y -0.4441 0.8910 -0.0946
Z -0.2897 -0.2427 -0.9258

PART 40
OFFSET 0.0000 0.0000 0.0000
SCALE 1 1 1
X 1.0000 0.0000 0.0000
Y 0.0000 1.0000 0.0000
Z 0.0000 0.0000 1.0000

PART 41
OFFSET 0.0000 0.0000 0.0000
SCALE 1 1 1
X 1.0000 0.0000 0.0000
Y 0.0000 1.0000 0.0000
Z 0.0000 0.0000 1.0000

PART 42
OFFSET 0.0000 0.0000 0.0000
SCALE 1 1 1
X 1.0000 0.0000 0.0000
Y 0.0000 1.0000 0.0000
Z 0.0000 0.0000 1.0000

PART 43
OFFSET 0.2060 11.5514 -6.2971
SCALE 1 1 1
X 0.6393 -0.7682 -0.0338
Y 0.2362 0.1544 0.9593
Z -0.7318 -0.6213 0.2802

PART 44
OFFSET 1.7779 9.9347 -6.2961
SCALE 1 1 1
X 0.4160 0.0660 0.9070
Y -0.7140 0.6414 0.2808
Z -0.5632 -0.7644 0.3139

PART 45
OFFSET 2.3668 10.0281 -5.0120
SCALE 1 1 1
X 0.0308 0.3960 0.9177
Y -0.8512 0.4916 -0.1836
Z -0.5239 -0.7755 0.3522

PART 46
OFFSET 2.3941 10.3793 -4.1983
SCALE 1 1 1
X -0.5509 0.6574 0.5141
Y -0.6003 0.1158 -0.7913
Z -0.5798 -0.7446 0.3309

PART 47
OFFSET 1.8707 11.0038 -3.7099
SCALE 1 1 1
X 0.8821 -0.4678 0.0557
Y -0.1719 -0.4298 -0.8864
Z 0.4386 0.7723 -0.4595

PART 48
OFFSET 0.5191 12.0939 -6.6395
SCALE 1 1 1
X 0.8103 -0.5628 -0.1636
Y 0.2773 0.1223 0.9530
Z -0.5163 -0.8175 0.2552

PART 49
OFFSET 2.5391 10.5091 -7.0471
SCALE 1 1 1
X 0.3128 0.1333 0.9404
Y -0.8397 0.5015 0.2083
Z -0.4438 -0.8548 0.2688

PART 50
OFFSET 3.0718 10.7361 -5.4461
SCALE 1 1 1
X -0.1434 0.3833 0.9124
Y -0.8922 0.3489 -0.2868
Z -0.4283 -0.8552 0.2920

PART 51
OFFSET 2.8730 11.2673 -4.1815
SCALE 1 1 1
X -0.5443 0.4967 0.6761
Y -0.7221 0.1328 -0.6789
Z -0.4270 -0.8577 0.2864

PART 52
OFFSET 2.2827 11.8060 -3.4483
SCALE 1 1 1
X 0.8374 -0.5250 -0.1520
Y -0.2606 -0.1391 -0.9554
Z 0.4804 0.8397 -0.2533

PART 53
OFFSET 2.9852 13.4725 -7.1729
SCALE 1 1 1
X 0.9099 -0.4093 0.0679
Y -0.0158 -0.1977 -0.9801
Z 0.4146 0.8907 -0.1864

PART 54
OFFSET 3.2669 12.3076 -8.0358
SCALE 1 1 1
X 0.5207 0.0009 0.8537
Y -0.7815 0.4030 0.4763
Z -0.3436 -0.9152 0.2105

PART 55
OFFSET 4.1837 12.3092 -6.5327
SCALE 1 1 1
X -0.0091 0.1923 0.9813
Y -0.9529 0.2960 -0.0668
Z -0.3033 -0.9356 0.1806

PART 56
OFFSET 4.1911 12.5999 -5.3507
SCALE 1 1 1
X -0.2297 0.3289 0.9160
Y -0.9183 0.2385 -0.3160
Z -0.3224 -0.9137 0.2472

PART 57
OFFSET 3.9316 12.9714 -4.3161
SCALE 1 1 1
X 0.8131 -0.5794 0.0566
Y -0.0144 -0.1172 -0.9930
Z 0.5820 0.8066 -0.1037

PART 58
OFFSET 2.9741 11.3418 -7.5864
SCALE 1 1 1
X 0.4223 0.1065 0.9002
Y -0.8641 0.3473 0.3643
Z -0.2738 -0.9317 0.2386

PART 59
OFFSET 3.7990 11.5498 -5.8278
SCALE 1 1 1
X -0.1388 0.2608 0.9554
Y -0.9422 0.2624 -0.2085
Z -0.3051 -0.9290 0.2093

PART 60
OFFSET 3.5963 11.9308 -4.4324
SCALE 1 1 1
X -0.6455 0.3708 0.6677
Y -0.6787 0.1224 -0.7241
Z -0.3502 -0.9206 0.1726

PART 61
OFFSET 2.8632 12.3441 -3.6744
SCALE 1 1 1
X 0.9509 -0.3036 -0.0606
Y -0.1298 -0.2132 -0.9683
Z 0.2811 0.9286 -0.2421

PART 62
OFFSET -4.7155 5.3891 -2.0719
SCALE 1 1 1
X 0.6675 0.6675 -0.3299
Y -0.7031 0.7109 0.0160
Z 0.2452 0.2213 0.9439

PART 63
OFFSET -3.5060 -7.9373 -3.1869
SCALE 1 1 1
X 0.8514 0.0141 0.5243
Y 0.5085 0.2224 -0.8318
Z -0.1284 0.9748 0.1822

PART 64
OFFSET -13.8033 -8.1081 -9.5272
SCALE 1 1 1
X -0.3610 -0.5108 -0.7802
Y -0.8552 0.5151 0.0584
Z 0.3720 0.6883 -0.6228

PART 65
OFFSET -10.7332 -3.7632 -2.8911
SCALE 1 1 1
X -0.3610 -0.5108 -0.7802
Y 0.5631 0.5475 -0.6190
Z 0.7434 -0.6628 0.0900

PART 66
OFFSET -11.0660 -4.7297 -0.2612
SCALE 1 1 1
X -0.3569 -0.5158 -0.7788
Y -0.3587 -0.6942 0.6241
Z -0.8625 0.5021 0.0627

PART 67
OFFSET -9.6849 -4.7831 -0.3768
SCALE 1 1 1
X -0.3569 -0.5158 -0.7788
Y -0.3587 -0.6942 0.6241
Z -0.8625 0.5021 0.0627

PART 68
OFFSET -9.4207 -2.4441 -1.9021
SCALE 1 1 1
X -0.3569 -0.5158 -0.7788
Y -0.3587 -0.6942 0.6241
Z -0.8625 0.5021 0.0627

PART 69
OFFSET -9.6266 -2.1971 -0.4992
SCALE 1 1 1
X -0.6670 -0.6708 0.3243
Y -0.2469 -0.2116 -0.9457
Z 0.7030 -0.7108 -0.0245

PART 70
OFFSET -9.3769 -1.3993 0.2776
SCALE 1 1 1
X -0.2637 -0.9033 -0.3385
Y -0.1596 0.3870 -0.9082
Z 0.9513 -0.1854 -0.2462

PART 71
OFFSET -4.7155 5.3891 -2.0719
SCALE 1 1 1
X 0.6675 0.6675 -0.3299
Y -0.7031 0.7109 0.0160
Z 0.2452 0.2213 0.9439

PART 72
OFFSET -3.7236 5.0337 -1.0574
SCALE 1 1 1
X 0.5003 -0.5520 0.6671
Y 0.8657 0.3315 -0.3749
Z -0.0142 0.7651 0.6437

PART 73
OFFSET -1.8584 6.1149 -1.5695
SCALE 1 1 1
X 0.6724 0.6719 -0.3105
Y -0.7031 0.7109 0.0160
Z 0.2315 0.2076 0.9504

PART 74
OFFSET 14.8475 24.9449 -11.4103
SCALE 1 1 1
X 0.6675 0.6675 -0.3299
Y -0.7031 0.7109 0.0160
Z 0.2452 0.2213 0.9439

PART 75
OFFSET -2.1922 9.7905 -1.8281
SCALE 1 1 1
X 0.6675 0.6675 -0.3299
Y -0.7031 0.7109 0.0160
Z 0.2452 0.2213 0.9439

PART 76
OFFSET 11.7307 21.8273 -9.8390
SCALE 1 1 1
X -0.0847 -0.0615 -0.9945
Y -0.7031 0.7109 0.0160
Z 0.7061 0.7006 -0.1034

PART 77
OFFSET 0.4290 10.4776 -2.1165
SCALE 1 1 1
X 0.6675 0.6675 -0.3299
Y -0.7031 0.7109 0.0160
Z 0.2452 0.2213 0.9439

PART 78
OFFSET -2.0554 7.8982 -4.5290
SCALE 1 1 1
X 0.2452 0.2213 0.9439
Y -0.7031 0.7109 0.0160
Z -0.6675 -0.6675 0.3299

PART 79
OFFSET -2.2480 8.1439 -4.3901
SCALE 1 1 1
X 0.7438 -0.5767 0.3379
Y -0.0820 0.4230 0.9024
Z -0.6634 -0.6989 0.2673

PART 80
OFFSET -2.1709 8.1813 -4.0851
SCALE 1 1 1
X 0.6059 -0.7445 -0.2804
Y 0.3819 -0.0369 0.9235
Z -0.6979 -0.6666 0.2619

PART 81
OFFSET -2.0321 8.1663 -3.7512
SCALE 1 1 1
X 0.6230 -0.7434 -0.2436
Y 0.3541 -0.0098 0.9352
Z -0.6975 -0.6688 0.2571

PART 82
OFFSET -1.9323 8.1772 -3.4495
SCALE 1 1 1
X 0.6697 -0.7319 -0.1257
Y 0.2697 0.0820 0.9594
Z -0.6919 -0.6765 0.2523

PART 83
OFFSET -1.8652 8.2151 -3.1647
SCALE 1 1 1
X 0.7048 -0.7093 -0.0092
Y 0.1865 0.1727 0.9672
Z -0.6845 -0.6834 0.2540

PART 84
OFFSET -1.8190 8.2745 -2.8823
SCALE 1 1 1
X 0.7199 -0.6917 0.0570
Y 0.1385 0.2236 0.9648
Z -0.6801 -0.6867 0.2568

PART 85
OFFSET -1.7795 8.3389 -2.6044
SCALE 1 1 1
X 0.7176 -0.6950 0.0456
Y 0.1452 0.2133 0.9661
Z -0.6812 -0.6866 0.2540

PART 86
OFFSET -1.7323 8.3892 -2.3372
SCALE 1 1 1
X 0.6970 -0.7161 -0.0387
Y 0.2018 0.1441 0.9688
Z -0.6881 -0.6830 0.2449

PART 87
OFFSET -1.6750 8.4143 -2.0975
SCALE 1 1 1
X 0.6638 -0.7342 -0.1426
Y 0.2622 0.0499 0.9637
Z -0.7005 -0.6771 0.2257

PART 88
OFFSET -1.6174 8.4108 -1.9116
SCALE 1 1 1
X 0.5925 -0.7445 -0.3077
Y 0.3384 -0.1165 0.9337
Z -0.7311 -0.6573 0.1829

PART 89
OFFSET -1.5757 8.3871 -1.7976
SCALE 1 1 1
X 0.5890 -0.7444 -0.3145
Y 0.2448 -0.2065 0.9473
Z -0.7702 -0.6350 0.0606

PART 90
OFFSET -1.5904 8.3964 -1.7384
SCALE 1 1 1
X 0.5155 -0.0946 0.8516
Y -0.6832 0.5546 0.4751
Z -0.5172 -0.8267 0.2213

PART 91
OFFSET -1.7067 8.5018 -1.7082
SCALE 1 1 1
X 0.2877 0.1775 0.9411
Y -0.7228 0.6850 0.0917
Z -0.6284 -0.7066 0.3253

PART 92
OFFSET -1.9427 8.7312 -1.6911
SCALE 1 1 1
X 0.2526 0.2138 0.9437
Y -0.7109 0.7026 0.0311
Z -0.6563 -0.6787 0.3294


FRAME 481
PART 0
OFFSET 0.6505 12.0034 -6.6861
SCALE 1 1 1
X 0.8080 -0.5662 -0.1630
Y 0.2763 0.1197 0.9536
Z -0.5204 -0.8155 0.2532

PART 1
OFFSET 0.6505 12.0034 -6.6861
SCALE 1 1 1
X 0.8080 -0.5662 -0.1630
Y 0.2763 0.1197 0.9536
Z -0.5204 -0.8155 0.2532

PART 2
OFFSET -8.9980 -1.5785 -1.3089
SCALE 1 1 1
X -0.5582 -0.5761 0.5971
Y 0.7236 -0.6902 0.0106
Z 0.4060 0.4380 0.8021

PART 3
OFFSET -8.9980 -1.5785 -1.3089
SCALE 1 1 1
X -0.5582 -0.5761 0.5971
Y 0.7236 -0.6902 0.0106
Z 0.4060 0.4380 0.8021

PART 4
OFFSET -4.6318 0.0000 -1.3770
SCALE 1 1 1
X 1.0000 0.0000 0.0000
Y 0.0000 1.0000 0.0000
Z 0.0000 0.0000 1.0000

PART 5
OFFSET -1.5123 7.9373 -3.1869
SCALE 1 1 1
X -0.7798 0.2013 -0.5928
Y 0.5802 -0.1230 -0.8051
Z -0.2349 -0.9718 -0.0209

PART 6
OFFSET -10.9434 10.3714 -10.3558
SCALE 1 1 1
X 0.9235 0.2002 0.3272
Y -0.0559 -0.7737 0.6311
Z 0.3794 -0.6012 -0.7033

PART 7
OFFSET -3.0884 12.0740 -7.5732
SCALE 1 1 1
X 0.9235 0.2002 0.3272
Y -0.1627 0.9769 -0.1384
Z -0.3473 0.0746 0.9348

PART 8
OFFSET -2.4668 13.9807 -6.2257
SCALE 1 1 1
X 0.9228 0.2064 0.3253
Y -0.3812 0.6116 0.6932
Z -0.0559 -0.7637 0.6431

PART 9
OFFSET -1.8045 12.8094 -8.5475
SCALE 1 1 1
X 0.9228 0.2064 0.3253
Y -0.3812 0.6116 0.6932
Z -0.0559 -0.7637 0.6431

PART 10
OFFSET -1.9624 12.3018 -5.0252
SCALE 1 1 1
X 0.9228 0.2064 0.3253
Y -0.3812 0.6116 0.6932
Z -0.0559 -0.7637 0.6431

PART 11
OFFSET -1.4229 11.2395 -6.2024
SCALE 1 1 1
X 0.9228 0.2064 0.3253
Y -0.3812 0.6116 0.6932
Z -0.0559 -0.7637 0.6431

PART 12
OFFSET -1.1628 10.3406 -7.5514
SCALE 1 1 1
X 0.9228 0.2064 0.3253
Y -0.3812 0.6116 0.6932
Z -0.0559 -0.7637 0.6431

PART 13
OFFSET -0.2572 12.6877 -6.5703
SCALE 1 1 1
X 0.9228 -0.2913 -0.2523
Y 0.2344 0.9439 -0.2325
Z 0.3058 0.1554 0.9393

PART 14
OFFSET 0.5097 13.5314 -6.5224
SCALE 1 1 1
X 0.8249 0.5653 0.0031
Y -0.5225 0.7646 -0.3774
Z -0.2157 0.3097 0.9260

PART 15
OFFSET 2.2256 14.8448 -6.5018
SCALE 1 1 1
X 0.8608 0.4987 -0.1017
Y -0.5088 0.8482 -0.1474
Z 0.0127 0.1786 0.9838

PART 16
OFFSET 3.6470 15.6192 -6.5470
SCALE 1 1 1
X 0.8565 0.5154 0.0272
Y -0.4993 0.8408 -0.2091
Z -0.1306 0.1655 0.9775

PART 17
OFFSET 4.5588 16.1985 -6.4764
SCALE 1 1 1
X 0.6133 0.4474 -0.6510
Y -0.2459 -0.6750 -0.6956
Z -0.7506 0.5867 -0.3039

PART 18
OFFSET -8.7779 0.4622 1.0343
SCALE 1 1 1
X -0.3424 -0.8810 0.3264
Y -0.1731 -0.2823 -0.9436
Z 0.9235 -0.3796 -0.0558

PART 19
OFFSET -8.3389 1.9102 0.4573
SCALE 1 1 1
X -0.0873 -0.6957 0.7130
Y -0.3083 -0.6617 -0.6835
Z 0.9473 -0.2795 -0.1567

PART 20
OFFSET -8.2826 2.6866 -0.2950
SCALE 1 1 1
X -0.7365 -0.4704 0.4861
Y -0.5769 0.8121 -0.0882
Z -0.3533 -0.3454 -0.8694

PART 21
OFFSET -9.4069 -1.7648 -1.8636
SCALE 1 1 1
X -0.3791 -0.4592 0.8034
Y 0.7504 -0.6606 -0.0235
Z 0.5415 0.5940 0.5950

PART 22
OFFSET -8.5683 -0.5655 -3.5791
SCALE 1 1 1
X -0.1895 -0.7863 0.5880
Y 0.8547 -0.4269 -0.2954
Z 0.4833 0.4466 0.7530

PART 23
OFFSET -8.3000 0.5478 -4.4116
SCALE 1 1 1
X 0.6037 -0.7938 0.0733
Y 0.6565 0.4430 -0.6105
Z 0.4522 0.4167 0.7886

PART 24
OFFSET -8.8353 1.2516 -4.4766
SCALE 1 1 1
X 0.8677 -0.3371 -0.3652
Y 0.0861 0.8256 -0.5576
Z 0.4895 0.4525 0.7454

PART 25
OFFSET -9.6597 1.5719 -4.1297
SCALE 1 1 1
X -0.7885 -0.3259 0.5216
Y -0.4316 0.8974 -0.0918
Z -0.4381 -0.2975 -0.8483

PART 26
OFFSET -8.9980 -1.5785 -1.3089
SCALE 1 1 1
X -0.5582 -0.5761 0.5971
Y 0.7236 -0.6902 0.0106
Z 0.4060 0.4380 0.8021

PART 27
OFFSET -7.5936 -0.1637 -2.9776
SCALE 1 1 1
X -0.1394 -0.8377 0.5280
Y 0.8795 -0.3498 -0.3227
Z 0.4550 0.4194 0.7856

PART 28
OFFSET -7.3562 1.2625 -3.8765
SCALE 1 1 1
X 0.6730 -0.7396 -0.0035
Y 0.5917 0.5413 -0.5973
Z 0.4437 0.3999 0.8020

PART 29
OFFSET -8.2890 2.2875 -3.8716
SCALE 1 1 1
X 0.8950 -0.2746 -0.3516
Y 0.0781 0.8724 -0.4825
Z 0.4392 0.4043 0.8023

PART 30
OFFSET -9.2596 2.5854 -3.4903
SCALE 1 1 1
X -0.7563 -0.2535 0.6031
Y -0.4679 0.8539 -0.2278
Z -0.4573 -0.4544 -0.7644

PART 31
OFFSET -11.7762 -5.2378 1.5457
SCALE 1 1 1
X -0.3886 -0.7869 0.4794
Y -0.8735 0.4802 0.0800
Z -0.2931 -0.3877 -0.8739

PART 32
OFFSET -6.5106 0.2459 -1.1333
SCALE 1 1 1
X -0.1274 -0.9773 0.1695
Y 0.9774 -0.1528 -0.1462
Z 0.1688 0.1471 0.9746

PART 33
OFFSET -6.2863 1.9665 -1.4318
SCALE 1 1 1
X 0.3218 -0.9398 0.1148
Y 0.9396 0.3021 -0.1607
Z 0.1164 0.1596 0.9803

PART 34
OFFSET -6.6705 3.1187 -1.5118
SCALE 1 1 1
X 0.5680 -0.8230 -0.0076
Y 0.8078 0.5592 -0.1863
Z 0.1575 0.0997 0.9825

PART 35
OFFSET -7.3120 4.0483 -1.5033
SCALE 1 1 1
X -0.8698 -0.2089 0.4470
Y -0.3161 0.9315 -0.1800
Z -0.3788 -0.2978 -0.8763

PART 36
OFFSET -6.9749 0.0757 -2.1213
SCALE 1 1 1
X -0.1077 -0.9534 0.2818
Y 0.9564 -0.1768 -0.2325
Z 0.2715 0.2445 0.9309

PART 37
OFFSET -6.7644 1.9383 -2.6718
SCALE 1 1 1
X 0.6703 -0.7420 0.0121
Y 0.6822 0.6098 -0.4034
Z 0.2919 0.2787 0.9149

PART 38
OFFSET -7.7435 3.0220 -2.6895
SCALE 1 1 1
X 0.9340 -0.2818 -0.2198
Y 0.1788 0.9010 -0.3953
Z 0.3094 0.3299 0.8919

PART 39
OFFSET -8.8034 3.3394 -2.4472
SCALE 1 1 1
X -0.8501 -0.3805 0.3640
Y -0.4400 0.8931 -0.0941
Z -0.2892 -0.2401 -0.9266

PART 40
OFFSET 0.0000 0.0000 0.0000
SCALE 1 1 1
X 1.0000 0.0000 0.0000
Y 0.0000 1.0000 0.0000
Z 0.0000 0.0000 1.0000

PART 41
OFFSET 0.0000 0.0000 0.0000
SCALE 1 1 1
X 1.0000 0.0000 0.0000
Y 0.0000 1.0000 0.0000
Z 0.0000 0.0000 1.0000

PART 42
OFFSET 0.0000 0.0000 0.0000
SCALE 1 1 1
X 1.0000 0.0000 0.0000
Y 0.0000 1.0000 0.0000
Z 0.0000 0.0000 1.0000

PART 43
OFFSET 0.3344 11.4619 -6.3450
SCALE 1 1 1
X 0.6359 -0.7710 -0.0338
Y 0.2354 0.1520 0.9599
Z -0.7350 -0.6184 0.2781

PART 44
OFFSET 1.8991 9.8382 -6.3437
SCALE 1 1 1
X 0.4148 0.0628 0.9078
Y -0.7116 0.6442 0.2805
Z -0.5671 -0.7623 0.3119

PART 45
OFFSET 2.4863 9.9272 -5.0585
SCALE 1 1 1
X 0.0310 0.3946 0.9183
Y -0.8487 0.4957 -0.1843
Z -0.5279 -0.7737 0.3503

PART 46
OFFSET 2.5138 10.2770 -4.2443
SCALE 1 1 1
X -0.5488 0.6592 0.5141
Y -0.5985 0.1195 -0.7922
Z -0.5836 -0.7424 0.3289

PART 47
OFFSET 1.9924 10.9032 -3.7559
SCALE 1 1 1
X 0.8799 -0.4719 0.0565
Y -0.1724 -0.4278 -0.8873
Z 0.4429 0.7710 -0.4577

PART 48
OFFSET 0.6505 12.0034 -6.6861
SCALE 1 1 1
X 0.8080 -0.5662 -0.1630
Y 0.2763 0.1197 0.9536
Z -0.5204 -0.8155 0.2532

PART 49
OFFSET 2.6641 10.4102 -7.0926
SCALE 1 1 1
X 0.3119 0.1306 0.9411
Y -0.8378 0.5049 0.2076
Z -0.4481 -0.8532 0.2669

PART 50
OFFSET 3.1951 10.6325 -5.4904
SCALE 1 1 1
X -0.1432 0.3827 0.9127
Y -0.8902 0.3533 -0.2878
Z -0.4326 -0.8537 0.2901

PART 51
OFFSET 2.9966 11.1629 -4.2255
SCALE 1 1 1
X -0.5432 0.4981 0.6759
Y -0.7204 0.1370 -0.6799
Z -0.4313 -0.8562 0.2845

PART 52
OFFSET 2.4075 11.7032 -3.4925
SCALE 1 1 1
X 0.8353 -0.5285 -0.1514
Y -0.2597 -0.1366 -0.9560
Z 0.4846 0.8379 -0.2514

PART 53
OFFSET 3.1236 13.3717 -7.2135
SCALE 1 1 1
X 0.9079 -0.4135 0.0688
Y -0.0151 -0.1963 -0.9804
Z 0.4189 0.8891 -0.1845

PART 54
OFFSET 3.4016 12.2068 -8.0776
SCALE 1 1 1
X 0.5193 -0.0026 0.8546
Y -0.7805 0.4058 0.4755
Z -0.3480 -0.9140 0.2087

PART 55
OFFSET 4.3159 12.2022 -6.5730
SCALE 1 1 1
X -0.0098 0.1910 0.9815
Y -0.9514 0.3003 -0.0680
Z -0.3077 -0.9345 0.1788

PART 56
OFFSET 4.3227 12.4912 -5.3906
SCALE 1 1 1
X -0.2298 0.3287 0.9161
Y -0.9167 0.2431 -0.3171
Z -0.3269 -0.9126 0.2454

PART 57
OFFSET 4.0632 12.8624 -4.3559
SCALE 1 1 1
X 0.8104 -0.5831 0.0571
Y -0.0133 -0.1158 -0.9932
Z 0.5857 0.8041 -0.1016

PART 58
OFFSET 3.1037 11.2417 -7.6301
SCALE 1 1 1
X 0.4213 0.1033 0.9010
Y -0.8632 0.3506 0.3634
Z -0.2784 -0.9308 0.2369

PART 59
OFFSET 3.9267 11.4435 -5.8698
SCALE 1 1 1
X -0.1392 0.2601 0.9555
Y -0.9406 0.2669 -0.2097
Z -0.3095 -0.9280 0.2075

PART 60
OFFSET 3.7233 11.8235 -4.4742
SCALE 1 1 1
X -0.6449 0.3727 0.6672
Y -0.6770 0.1265 -0.7250
Z -0.3546 -0.9193 0.1708

PART 61
OFFSET 2.9909 12.2390 -3.7168
SCALE 1 1 1
X 0.9496 -0.3078 -0.0594
Y -0.1291 -0.2113 -0.9689
Z 0.2857 0.9277 -0.2404

PART 62
OFFSET -4.6215 5.3158 -2.1365
SCALE 1 1 1
X 0.6710 0.6650 -0.3279
Y -0.6999 0.7141 0.0158
Z 0.2446 0.2189 0.9446

PART 63
OFFSET -3.5060 -7.9373 -3.1869
SCALE 1 1 1
X 0.8483 0.0204 0.5292
Y 0.5128 0.2180 -0.8304
Z -0.1323 0.9757 0.1744

PART 64
OFFSET -13.7648 -8.1842 -9.5869
SCALE 1 1 1
X -0.3626 -0.5128 -0.7782
Y -0.8537 0.5176 0.0567
Z 0.3737 0.6849 -0.6255

PART 65
OFFSET -10.6807 -3.8227 -2.9682
SCALE 1 1 1
X -0.3626 -0.5128 -0.7782
Y 0.5643 0.5438 -0.6212
Z 0.7417 -0.6644 0.0922

PART 66
OFFSET -11.0153 -4.7783 -0.3345
SCALE 1 1 1
X -0.3585 -0.5178 -0.7768
Y -0.3604 -0.6908 0.6268
Z -0.8611 0.5047 0.0611

PART 67
OFFSET -9.6344 -4.8359 -0.4503
SCALE 1 1 1
X -0.3585 -0.5178 -0.7768
Y -0.3604 -0.6908 0.6268
Z -0.8611 0.5047 0.0611

PART 68
OFFSET -9.3642 -2.5034 -1.9845
SCALE 1 1 1
X -0.3585 -0.5178 -0.7768
Y -0.3604 -0.6908 0.6268
Z -0.8611 0.5047 0.0611

PART 69
OFFSET -9.5691 -2.2506 -0.5825
SCALE 1 1 1
X -0.6705 -0.6683 0.3222
Y -0.2463 -0.2091 -0.9464
Z 0.6998 -0.7139 -0.0244

PART 70
OFFSET -9.3171 -1.4551 0.1958
SCALE 1 1 1
X -0.2671 -0.9016 -0.3402
Y -0.1564 0.3890 -0.9079
Z 0.9509 -0.1893 -0.2449

PART 71
OFFSET -4.6215 5.3158 -2.1365
SCALE 1 1 1
X 0.6710 0.6650 -0.3279
Y -0.6999 0.7141 0.0158
Z 0.2446 0.2189 0.9446

PART 72
OFFSET -3.6329 4.9545 -1.1209
SCALE 1 1 1
X 0.4967 -0.5551 0.6672
Y 0.8678 0.3282 -0.3730
Z -0.0119 0.7643 0.6448

PART 73
OFFSET -1.7620 6.0281 -1.6284
SCALE 1 1 1
X 0.6759 0.6693 -0.3085
Y -0.6999 0.7141 0.0158
Z 0.2309 0.2052 0.9511

PART 74
OFFSET 15.0441 24.7968 -11.4154
SCALE 1 1 1
X 0.6710 0.6650 -0.3279
Y -0.6999 0.7141 0.0158
Z 0.2446 0.2189 0.9446

PART 75
OFFSET -2.0789 9.7055 -1.8824
SCALE 1 1 1
X 0.6710 0.6650 -0.3279
Y -0.6999 0.7141 0.0158
Z 0.2446 0.2189 0.9446

PART 76
OFFSET 11.9108 21.6910 -9.8536
SCALE 1 1 1
X -0.0834 -0.0597 -0.9947
Y -0.6999 0.7141 0.0158
Z 0.7094 0.6975 -0.1013

PART 77
OFFSET 0.5457 10.3812 -2.1655
SCALE 1 1 1
X 0.6710 0.6650 -0.3279
Y -0.6999 0.7141 0.0158
Z 0.2446 0.2189 0.9446

PART 78
OFFSET -1.9461 7.8164 -4.5857
SCALE 1 1 1
X 0.2446 0.2189 0.9446
Y -0.6999 0.7141 0.0158
Z -0.6710 -0.6650 0.3279

PART 79
OFFSET -2.1379 8.0627 -4.4468
SCALE 1 1 1
X 0.7406 -0.5805 0.3383
Y -0.0816 0.4221 0.9029
Z -0.6670 -0.6963 0.2652

PART 80
OFFSET -2.0611 8.0993 -4.1416
SCALE 1 1 1
X 0.6031 -0.7468 -0.2804
Y 0.3802 -0.0399 0.9240
Z -0.7013 -0.6639 0.2599

PART 81
OFFSET -1.9229 8.0832 -3.8075
SCALE 1 1 1
X 0.6200 -0.7458 -0.2436
Y 0.3525 -0.0127 0.9357
Z -0.7009 -0.6661 0.2550

PART 82
OFFSET -1.8236 8.0933 -3.5056
SCALE 1 1 1
X 0.6667 -0.7347 -0.1257
Y 0.2685 0.0794 0.9600
Z -0.6953 -0.6737 0.2502

PART 83
OFFSET -1.7568 8.1305 -3.2207
SCALE 1 1 1
X 0.7016 -0.7125 -0.0091
Y 0.1856 0.1705 0.9677
Z -0.6879 -0.6807 0.2519

PART 84
OFFSET -1.7108 8.1893 -2.9381
SCALE 1 1 1
X 0.7167 -0.6950 0.0572
Y 0.1379 0.2216 0.9653
Z -0.6836 -0.6840 0.2547

PART 85
OFFSET -1.6715 8.2531 -2.6600
SCALE 1 1 1
X 0.7144 -0.6983 0.0458
Y 0.1446 0.2113 0.9667
Z -0.6847 -0.6839 0.2519

PART 86
OFFSET -1.6245 8.3029 -2.3928
SCALE 1 1 1
X 0.6938 -0.7191 -0.0385
Y 0.2008 0.1419 0.9693
Z -0.6916 -0.6803 0.2429

PART 87
OFFSET -1.5675 8.3273 -2.1529
SCALE 1 1 1
X 0.6607 -0.7370 -0.1425
Y 0.2609 0.0474 0.9642
Z -0.7039 -0.6742 0.2236

PART 88
OFFSET -1.5102 8.3233 -1.9669
SCALE 1 1 1
X 0.5896 -0.7467 -0.3077
Y 0.3364 -0.1194 0.9341
Z -0.7343 -0.6543 0.1808

PART 89
OFFSET -1.4688 8.2993 -1.8529
SCALE 1 1 1
X 0.5862 -0.7466 -0.3146
Y 0.2423 -0.2089 0.9474
Z -0.7731 -0.6316 0.0585

PART 90
OFFSET -1.4835 8.3086 -1.7937
SCALE 1 1 1
X 0.5137 -0.0981 0.8524
Y -0.6815 0.5569 0.4748
Z -0.5213 -0.8247 0.2192

PART 91
OFFSET -1.5994 8.4144 -1.7636
SCALE 1 1 1
X 0.2869 0.1749 0.9419
Y -0.7198 0.6881 0.0915
Z -0.6321 -0.7042 0.3233

PART 92
OFFSET -1.8344 8.6449 -1.7464
SCALE 1 1 1
X 0.2520 0.2113 0.9444
Y -0.7078 0.7057 0.0310
Z -0.6599 -0.6763 0.3274


FRAME 482
PART 0
OFFSET 1.0264 11.7439 -6.8077
SCALE 1 1 1
X 0.8015 -0.5758 -0.1615
Y 0.2732 0.1124 0.9554
Z -0.5320 -0.8098 0.2474

PART 1
OFFSET 1.0264 11.7439 -6.8077
SCALE 1 1 1
X 0.8015 -0.5758 -0.1615
Y 0.2732 0.1124 0.9554
Z -0.5320 -0.8098 0.2474

PART 2
OFFSET -8.8206 -1.7344 -1.5304
SCALE 1 1 1
X -0.5684 -0.5712 0.5922
Y 0.7146 -0.6994 0.0112
Z 0.4078 0.4296 0.8057

PART 3
OFFSET -8.8206 -1.7344 -1.5304
SCALE 1 1 1
X -0.5684 -0.5712 0.5922
Y 0.7146 -0.6994 0.0112
Z 0.4078 0.4296 0.8057

PART 4
OFFSET -4.6318 0.0000 -1.3770
SCALE 1 1 1
X 1.0000 0.0000 0.0000
Y 0.0000 1.0000 0.0000
Z 0.0000 0.0000 1.0000

PART 5
OFFSET -1.5123 7.9373 -3.1869
SCALE 1 1 1
X -0.7493 0.2251 -0.6228
Y 0.5929 -0.1910 -0.7823
Z -0.2951 -0.9554 0.0097

PART 6
OFFSET -10.5744 10.6598 -10.7188
SCALE 1 1 1
X 0.9248 0.1538 0.3479
Y -0.1238 -0.7430 0.6577
Z 0.3596 -0.6513 -0.6681

PART 7
OFFSET -2.7082 11.9678 -7.7599
SCALE 1 1 1
X 0.9248 0.1538 0.3479
Y -0.1070 0.9829 -0.1500
Z -0.3650 0.1015 0.9255

PART 8
OFFSET -2.0032 13.8828 -6.4663
SCALE 1 1 1
X 0.9246 0.1600 0.3458
Y -0.3604 0.6615 0.6576
Z -0.1235 -0.7327 0.6693

PART 9
OFFSET -1.3522 12.5810 -8.7208
SCALE 1 1 1
X 0.9246 0.1600 0.3458
Y -0.3604 0.6615 0.6576
Z -0.1235 -0.7327 0.6693

PART 10
OFFSET -1.6430 12.2239 -5.1885
SCALE 1 1 1
X 0.9246 0.1600 0.3458
Y -0.3604 0.6615 0.6576
Z -0.1235 -0.7327 0.6693

PART 11
OFFSET -1.1401 11.0838 -6.3078
SCALE 1 1 1
X 0.9246 0.1600 0.3458
Y -0.3604 0.6615 0.6576
Z -0.1235 -0.7327 0.6693

PART 12
OFFSET -0.9003 10.1176 -7.6134
SCALE 1 1 1
X 0.9246 0.1600 0.3458
Y -0.3604 0.6615 0.6576
Z -0.1235 -0.7327 0.6693

PART 13
OFFSET 0.1270 12.4393 -6.6934
SCALE 1 1 1
X 0.9202 -0.3021 -0.2491
Y 0.2476 0.9418 -0.2276
Z 0.3033 0.1477 0.9414

PART 14
OFFSET 0.9044 13.2729 -6.6385
SCALE 1 1 1
X 0.8320 0.5547 0.0093
Y -0.5109 0.7727 -0.3768
Z -0.2161 0.3088 0.9263

PART 15
OFFSET 2.6368 14.5641 -6.6046
SCALE 1 1 1
X 0.8676 0.4880 -0.0956
Y -0.4972 0.8552 -0.1464
Z 0.0103 0.1746 0.9846

PART 16
OFFSET 4.0683 15.3204 -6.6400
SCALE 1 1 1
X 0.8629 0.5043 0.0333
Y -0.4875 0.8479 -0.2081
Z -0.1331 0.1633 0.9775

PART 17
OFFSET 4.9870 15.8877 -6.5628
SCALE 1 1 1
X 0.6220 0.4421 -0.6463
Y -0.2512 -0.6690 -0.6995
Z -0.7416 0.5975 -0.3051

PART 18
OFFSET -8.5856 0.2941 0.8219
SCALE 1 1 1
X -0.3552 -0.8779 0.3213
Y -0.1722 -0.2764 -0.9455
Z 0.9188 -0.3911 -0.0530

PART 19
OFFSET -8.1254 1.7386 0.2528
SCALE 1 1 1
X -0.0996 -0.6974 0.7098
Y -0.3134 -0.6550 -0.6875
Z 0.9444 -0.2910 -0.1533

PART 20
OFFSET -8.0555 2.5171 -0.4961
SCALE 1 1 1
X -0.7447 -0.4629 0.4807
Y -0.5660 0.8197 -0.0876
Z -0.3535 -0.3374 -0.8725

PART 21
OFFSET -9.2292 -1.9132 -2.0878
SCALE 1 1 1
X -0.3887 -0.4575 0.7997
Y 0.7420 -0.6700 -0.0226
Z 0.5462 0.5846 0.5999

PART 22
OFFSET -8.3672 -0.7180 -3.7945
SCALE 1 1 1
X -0.2024 -0.7861 0.5840
Y 0.8505 -0.4367 -0.2931
Z 0.4854 0.4374 0.7570

PART 23
OFFSET -8.0806 0.3950 -4.6213
SCALE 1 1 1
X 0.5932 -0.8018 0.0730
Y 0.6651 0.4369 -0.6056
Z 0.4537 0.4078 0.7924

PART 24
OFFSET -8.6066 1.1058 -4.6860
SCALE 1 1 1
X 0.8651 -0.3468 -0.3624
Y 0.0993 0.8266 -0.5539
Z 0.4917 0.4432 0.7495

PART 25
OFFSET -9.4284 1.4353 -4.3417
SCALE 1 1 1
X -0.7951 -0.3178 0.5165
Y -0.4196 0.9032 -0.0902
Z -0.4379 -0.2885 -0.8515

PART 26
OFFSET -8.8206 -1.7344 -1.5304
SCALE 1 1 1
X -0.5684 -0.5712 0.5922
Y 0.7146 -0.6994 0.0112
Z 0.4078 0.4296 0.8057

PART 27
OFFSET -7.3902 -0.3311 -3.1868
SCALE 1 1 1
X -0.1527 -0.8379 0.5240
Y 0.8765 -0.3597 -0.3199
Z 0.4566 0.4104 0.7894

PART 28
OFFSET -7.1303 1.0955 -4.0789
SCALE 1 1 1
X 0.6635 -0.7481 -0.0033
Y 0.6015 0.5361 -0.5923
Z 0.4449 0.3910 0.8057

PART 29
OFFSET -8.0499 2.1323 -4.0743
SCALE 1 1 1
X 0.8931 -0.2846 -0.3485
Y 0.0916 0.8732 -0.4786
Z 0.4405 0.3955 0.8059

PART 30
OFFSET -9.0185 2.4410 -3.6964
SCALE 1 1 1
X -0.7623 -0.2462 0.5985
Y -0.4558 0.8608 -0.2266
Z -0.4594 -0.4455 -0.7684

PART 31
OFFSET -11.6589 -5.3690 1.2964
SCALE 1 1 1
X -0.4009 -0.7837 0.4744
Y -0.8677 0.4910 0.0778
Z -0.2939 -0.3805 -0.8769

PART 32
OFFSET -6.3109 0.0572 -1.3359
SCALE 1 1 1
X -0.1407 -0.9762 0.1650
Y 0.9760 -0.1647 -0.1422
Z 0.1660 0.1410 0.9760

PART 33
OFFSET -6.0632 1.7760 -1.6264
SCALE 1 1 1
X 0.3092 -0.9443 0.1125
Y 0.9442 0.2906 -0.1551
Z 0.1137 0.1542 0.9815

PART 34
OFFSET -6.4322 2.9334 -1.7036
SCALE 1 1 1
X 0.5574 -0.8302 -0.0082
Y 0.8158 0.5495 -0.1802
Z 0.1541 0.0938 0.9836

PART 35
OFFSET -7.0618 3.8711 -1.6943
SCALE 1 1 1
X -0.8746 -0.1995 0.4420
Y -0.3033 0.9362 -0.1777
Z -0.3784 -0.2895 -0.8792

PART 36
OFFSET -6.7726 -0.1030 -2.3266
SCALE 1 1 1
X -0.1213 -0.9530 0.2775
Y 0.9551 -0.1881 -0.2287
Z 0.2702 0.2373 0.9331

PART 37
OFFSET -6.5357 1.7588 -2.8687
SCALE 1 1 1
X 0.6607 -0.7505 0.0123
Y 0.6919 0.6026 -0.3978
Z 0.2911 0.2713 0.9174

PART 38
OFFSET -7.5007 2.8550 -2.8867
SCALE 1 1 1
X 0.9313 -0.2929 -0.2165
Y 0.1922 0.9002 -0.3908
Z 0.3093 0.3224 0.8946

PART 39
OFFSET -8.5576 3.1851 -2.6481
SCALE 1 1 1
X -0.8567 -0.3710 0.3584
Y -0.4281 0.8990 -0.0926
Z -0.2879 -0.2327 -0.9290

PART 40
OFFSET 0.0000 0.0000 0.0000
SCALE 1 1 1
X 1.0000 0.0000 0.0000
Y 0.0000 1.0000 0.0000
Z 0.0000 0.0000 1.0000

PART 41
OFFSET 0.0000 0.0000 0.0000
SCALE 1 1 1
X 1.0000 0.0000 0.0000
Y 0.0000 1.0000 0.0000
Z 0.0000 0.0000 1.0000

PART 42
OFFSET 0.0000 0.0000 0.0000
SCALE 1 1 1
X 1.0000 0.0000 0.0000
Y 0.0000 1.0000 0.0000
Z 0.0000 0.0000 1.0000

PART 43
OFFSET 0.7018 11.2051 -6.4702
SCALE 1 1 1
X 0.6261 -0.7790 -0.0339
Y 0.2327 0.1452 0.9616
Z -0.7442 -0.6100 0.2722

PART 44
OFFSET 2.2455 9.5615 -6.4681
SCALE 1 1 1
X 0.4112 0.0539 0.9099
Y -0.7046 0.6521 0.2798
Z -0.5783 -0.7562 0.3062

PART 45
OFFSET 2.8277 9.6379 -5.1798
SCALE 1 1 1
X 0.0317 0.3905 0.9200
Y -0.8414 0.5072 -0.1863
Z -0.5395 -0.7682 0.3447

PART 46
OFFSET 2.8558 9.9841 -4.3641
SCALE 1 1 1
X -0.5428 0.6641 0.5141
Y -0.5931 0.1303 -0.7945
Z -0.5946 -0.7362 0.3232

PART 47
OFFSET 2.3402 10.6151 -3.8756
SCALE 1 1 1
X 0.8735 -0.4833 0.0588
Y -0.1736 -0.4220 -0.8898
Z 0.4549 0.7670 -0.4525

PART 48
OFFSET 1.0264 11.7439 -6.8077
SCALE 1 1 1
X 0.8015 -0.5758 -0.1615
Y 0.2732 0.1124 0.9554
Z -0.5320 -0.8098 0.2474

PART 49
OFFSET 3.0214 10.1266 -7.2111
SCALE 1 1 1
X 0.3090 0.1229 0.9431
Y -0.8323 0.5148 0.2057
Z -0.4602 -0.8485 0.2614

PART 50
OFFSET 3.5476 10.3358 -5.6055
SCALE 1 1 1
X -0.1427 0.3809 0.9136
Y -0.8842 0.3658 -0.2906
Z -0.4448 -0.8492 0.2846

PART 51
OFFSET 3.3498 10.8637 -4.3394
SCALE 1 1 1
X -0.5400 0.5024 0.6753
Y -0.7153 0.1489 -0.6828
Z -0.4435 -0.8517 0.2790

PART 52
OFFSET 2.7642 11.4085 -3.6070
SCALE 1 1 1
X 0.8292 -0.5386 -0.1495
Y -0.2568 -0.1295 -0.9577
Z 0.4964 0.8326 -0.2457

PART 53
OFFSET 3.5193 13.0824 -7.3180
SCALE 1 1 1
X 0.9022 -0.4253 0.0714
Y -0.0129 -0.1922 -0.9813
Z 0.4311 0.8844 -0.1789

PART 54
OFFSET 3.7865 11.9175 -8.1854
SCALE 1 1 1
X 0.5152 -0.0126 0.8570
Y -0.7775 0.4139 0.4735
Z -0.3607 -0.9102 0.2034

PART 55
OFFSET 4.6935 11.8952 -6.6765
SCALE 1 1 1
X -0.0120 0.1873 0.9822
Y -0.9472 0.3127 -0.0712
Z -0.3205 -0.9312 0.1736

PART 56
OFFSET 4.6983 12.1794 -5.4930
SCALE 1 1 1
X -0.2299 0.3280 0.9163
Y -0.9120 0.2560 -0.3205
Z -0.3397 -0.9093 0.2402

PART 57
OFFSET 4.4386 12.5499 -4.4580
SCALE 1 1 1
X 0.8026 -0.5937 0.0586
Y -0.0101 -0.1117 -0.9937
Z 0.5965 0.7969 -0.0956

PART 58
OFFSET 3.4741 10.9545 -7.7431
SCALE 1 1 1
X 0.4183 0.0944 0.9034
Y -0.8603 0.3602 0.3607
Z -0.2914 -0.9281 0.2318

PART 59
OFFSET 4.2912 11.1388 -5.9782
SCALE 1 1 1
X -0.1404 0.2581 0.9559
Y -0.9361 0.2797 -0.2131
Z -0.3224 -0.9247 0.2023

PART 60
OFFSET 4.0861 11.5158 -4.5821
SCALE 1 1 1
X -0.6433 0.3783 0.6656
Y -0.6719 0.1380 -0.7277
Z -0.3672 -0.9153 0.1654

PART 61
OFFSET 3.3554 11.9378 -3.8265
SCALE 1 1 1
X 0.9458 -0.3197 -0.0562
Y -0.1272 -0.2058 -0.9703
Z 0.2987 0.9249 -0.2353

PART 62
OFFSET -4.3523 5.1064 -2.3098
SCALE 1 1 1
X 0.6810 0.6576 -0.3220
Y -0.6908 0.7229 0.0154
Z 0.2429 0.2120 0.9466

PART 63
OFFSET -3.5060 -7.9373 -3.1869
SCALE 1 1 1
X 0.8393 0.0380 0.5423
Y 0.5246 0.2054 -0.8262
Z -0.1428 0.9779 0.1524

PART 64
OFFSET -13.6565 -8.3974 -9.7459
SCALE 1 1 1
X -0.3675 -0.5181 -0.7723
Y -0.8495 0.5250 0.0520
Z 0.3785 0.6752 -0.6331

PART 65
OFFSET -10.5304 -3.9904 -3.1771
SCALE 1 1 1
X -0.3675 -0.5181 -0.7723
Y 0.5675 0.5330 -0.6276
Z 0.7368 -0.6690 0.0982

PART 66
OFFSET -10.8698 -4.9153 -0.5331
SCALE 1 1 1
X -0.3635 -0.5231 -0.7709
Y -0.3652 -0.6812 0.6345
Z -0.8570 0.5122 0.0566

PART 67
OFFSET -9.4894 -4.9852 -0.6496
SCALE 1 1 1
X -0.3635 -0.5231 -0.7709
Y -0.3652 -0.6812 0.6345
Z -0.8570 0.5122 0.0566

PART 68
OFFSET -9.2024 -2.6714 -2.2089
SCALE 1 1 1
X -0.3635 -0.5231 -0.7709
Y -0.3652 -0.6812 0.6345
Z -0.8570 0.5122 0.0566

PART 69
OFFSET -9.4036 -2.4020 -0.8094
SCALE 1 1 1
X -0.6805 -0.6609 0.3164
Y -0.2445 -0.2022 -0.9483
Z 0.6908 -0.7227 -0.0239

PART 70
OFFSET -9.1452 -1.6128 -0.0268
SCALE 1 1 1
X -0.2770 -0.8967 -0.3451
Y -0.1471 0.3945 -0.9070
Z 0.9495 -0.2005 -0.2412

PART 71
OFFSET -4.3523 5.1064 -2.3098
SCALE 1 1 1
X 0.6810 0.6576 -0.3220
Y -0.6908 0.7229 0.0154
Z 0.2429 0.2120 0.9466

PART 72
OFFSET -3.3732 4.7285 -1.2910
SCALE 1 1 1
X 0.4864 -0.5641 0.6673
Y 0.8737 0.3185 -0.3676
Z -0.0052 0.7618 0.6478

PART 73
OFFSET -1.4865 5.7801 -1.7854
SCALE 1 1 1
X 0.6859 0.6618 -0.3026
Y -0.6908 0.7229 0.0154
Z 0.2289 0.1985 0.9530

PART 74
OFFSET 15.6049 24.3704 -11.4178
SCALE 1 1 1
X 0.6810 0.6576 -0.3220
Y -0.6908 0.7229 0.0154
Z 0.2429 0.2120 0.9466

PART 75
OFFSET -1.7551 9.4622 -2.0261
SCALE 1 1 1
X 0.6810 0.6576 -0.3220
Y -0.6908 0.7229 0.0154
Z 0.2429 0.2120 0.9466

PART 76
OFFSET 12.4246 21.2989 -9.8833
SCALE 1 1 1
X -0.0794 -0.0547 -0.9953
Y -0.6908 0.7229 0.0154
Z 0.7187 0.6888 -0.0952

PART 77
OFFSET 0.8794 10.1054 -2.2942
SCALE 1 1 1
X 0.6810 0.6576 -0.3220
Y -0.6908 0.7229 0.0154
Z 0.2429 0.2120 0.9466

PART 78
OFFSET -1.6336 7.5822 -4.7363
SCALE 1 1 1
X 0.2429 0.2120 0.9466
Y -0.6908 0.7229 0.0154
Z -0.6810 -0.6576 0.3220

PART 79
OFFSET -1.8228 7.8304 -4.5973
SCALE 1 1 1
X 0.7315 -0.5913 0.3395
Y -0.0805 0.4195 0.9042
Z -0.6771 -0.6887 0.2593

PART 80
OFFSET -1.7470 7.8649 -4.2916
SCALE 1 1 1
X 0.5948 -0.7533 -0.2805
Y 0.3753 -0.0484 0.9257
Z -0.7109 -0.6558 0.2539

PART 81
OFFSET -1.6106 7.8457 -3.9570
SCALE 1 1 1
X 0.6116 -0.7527 -0.2437
Y 0.3478 -0.0209 0.9373
Z -0.7106 -0.6580 0.2491

PART 82
OFFSET -1.5126 7.8533 -3.6546
SCALE 1 1 1
X 0.6578 -0.7427 -0.1255
Y 0.2649 0.0722 0.9616
Z -0.7051 -0.6658 0.2443

PART 83
OFFSET -1.4467 7.8884 -3.3692
SCALE 1 1 1
X 0.6925 -0.7214 -0.0086
Y 0.1832 0.1643 0.9692
Z -0.6978 -0.6728 0.2459

PART 84
OFFSET -1.4014 7.9456 -3.0862
SCALE 1 1 1
X 0.7075 -0.7044 0.0578
Y 0.1361 0.2161 0.9668
Z -0.6935 -0.6762 0.2487

PART 85
OFFSET -1.3625 8.0078 -2.8076
SCALE 1 1 1
X 0.7051 -0.7075 0.0464
Y 0.1427 0.2056 0.9682
Z -0.6946 -0.6761 0.2459

PART 86
OFFSET -1.3162 8.0559 -2.5400
SCALE 1 1 1
X 0.6847 -0.7278 -0.0381
Y 0.1980 0.1355 0.9708
Z -0.7014 -0.6723 0.2369

PART 87
OFFSET -1.2600 8.0787 -2.2997
SCALE 1 1 1
X 0.6519 -0.7448 -0.1423
Y 0.2569 0.0403 0.9656
Z -0.7135 -0.6660 0.2176

PART 88
OFFSET -1.2037 8.0732 -2.1135
SCALE 1 1 1
X 0.5815 -0.7530 -0.3079
Y 0.3304 -0.1273 0.9352
Z -0.7434 -0.6456 0.1747

PART 89
OFFSET -1.1631 8.0482 -1.9994
SCALE 1 1 1
X 0.5781 -0.7528 -0.3148
Y 0.2351 -0.2157 0.9477
Z -0.7814 -0.6219 0.0523

PART 90
OFFSET -1.1780 8.0575 -1.9402
SCALE 1 1 1
X 0.5083 -0.1080 0.8544
Y -0.6765 0.5638 0.4738
Z -0.5328 -0.8188 0.2135

PART 91
OFFSET -1.2927 8.1646 -1.9102
SCALE 1 1 1
X 0.2846 0.1675 0.9439
Y -0.7114 0.6969 0.0909
Z -0.6426 -0.6973 0.3175

PART 92
OFFSET -1.5248 8.3980 -1.8933
SCALE 1 1 1
X 0.2502 0.2044 0.9464
Y -0.6989 0.7146 0.0304
Z -0.6700 -0.6690 0.3216


FRAME 483
PART 0
OFFSET 1.6189 11.3323 -6.9767
SCALE 1 1 1
X 0.7909 -0.5910 -0.1590
Y 0.2681 0.1011 0.9581
Z -0.5501 -0.8004 0.2384

PART 1
OFFSET 1.6189 11.3323 -6.9767
SCALE 1 1 1
X 0.7909 -0.5910 -0.1590
Y 0.2681 0.1011 0.9581
Z -0.5501 -0.8004 0.2384

PART 2
OFFSET -8.5382 -1.9758 -1.8578
SCALE 1 1 1
X -0.5843 -0.5632 0.5843
Y 0.7002 -0.7138 0.0122
Z 0.4102 0.4163 0.8114

PART 3
OFFSET -8.5382 -1.9758 -1.8578
SCALE 1 1 1
X -0.5843 -0.5632 0.5843
Y 0.7002 -0.7138 0.0122
Z 0.4102 0.4163 0.8114

PART 4
OFFSET -4.6318 0.0000 -1.3770
SCALE 1 1 1
X 1.0000 0.0000 0.0000
Y 0.0000 1.0000 0.0000
Z 0.0000 0.0000 1.0000

PART 5
OFFSET -1.5123 7.9373 -3.1869
SCALE 1 1 1
X -0.6924 0.2555 -0.6748
Y 0.6087 -0.2952 -0.7364
Z -0.3874 -0.9206 0.0489

PART 6
OFFSET -9.8859 11.0272 -11.3477
SCALE 1 1 1
X 0.9177 0.0880 0.3874
Y -0.2267 -0.6849 0.6924
Z 0.3263 -0.7233 -0.6086

PART 7
OFFSET -2.0805 11.7754 -8.0526
SCALE 1 1 1
X 0.9177 0.0880 0.3874
Y -0.0248 0.9859 -0.1652
Z -0.3965 0.1420 0.9070

PART 8
OFFSET -1.2556 13.6938 -6.8372
SCALE 1 1 1
X 0.9181 0.0940 0.3849
Y -0.3256 0.7328 0.5975
Z -0.2259 -0.6739 0.7034

PART 9
OFFSET -0.6269 12.1963 -8.9736
SCALE 1 1 1
X 0.9181 0.0940 0.3849
Y -0.3256 0.7328 0.5975
Z -0.2259 -0.6739 0.7034

PART 10
OFFSET -1.1196 12.0926 -5.4471
SCALE 1 1 1
X 0.9181 0.0940 0.3849
Y -0.3256 0.7328 0.5975
Z -0.2259 -0.6739 0.7034

PART 11
OFFSET -0.6767 10.8417 -6.4692
SCALE 1 1 1
X 0.9181 0.0940 0.3849
Y -0.3256 0.7328 0.5975
Z -0.2259 -0.6739 0.7034

PART 12
OFFSET -0.4698 9.7765 -7.7013
SCALE 1 1 1
X 0.9181 0.0940 0.3849
Y -0.3256 0.7328 0.5975
Z -0.2259 -0.6739 0.7034

PART 13
OFFSET 0.7329 12.0450 -6.8649
SCALE 1 1 1
X 0.9157 -0.3192 -0.2440
Y 0.2683 0.9379 -0.2198
Z 0.2990 0.1358 0.9445

PART 14
OFFSET 1.5265 12.8624 -6.7990
SCALE 1 1 1
X 0.8430 0.5377 0.0190
Y -0.4923 0.7851 -0.3758
Z -0.2169 0.3074 0.9265

PART 15
OFFSET 3.2843 14.1181 -6.7440
SCALE 1 1 1
X 0.8780 0.4709 -0.0860
Y -0.4787 0.8660 -0.1448
Z 0.0063 0.1683 0.9857

PART 16
OFFSET 4.7310 14.8455 -6.7638
SCALE 1 1 1
X 0.8726 0.4865 0.0429
Y -0.4687 0.8589 -0.2065
Z -0.1373 0.1601 0.9775

PART 17
OFFSET 5.6603 15.3936 -6.6762
SCALE 1 1 1
X 0.6357 0.4333 -0.6388
Y -0.2593 -0.6595 -0.7055
Z -0.7270 0.6142 -0.3069

PART 18
OFFSET -8.2803 0.0332 0.5088
SCALE 1 1 1
X -0.3753 -0.8724 0.3131
Y -0.1705 -0.2671 -0.9485
Z 0.9111 -0.4093 -0.0485

PART 19
OFFSET -7.7867 1.4715 -0.0478
SCALE 1 1 1
X -0.1191 -0.6995 0.7046
Y -0.3213 -0.6444 -0.6939
Z 0.9395 -0.3091 -0.1480

PART 20
OFFSET -7.6954 2.2530 -0.7912
SCALE 1 1 1
X -0.7576 -0.4506 0.4722
Y -0.5487 0.8315 -0.0868
Z -0.3536 -0.3249 -0.8772

PART 21
OFFSET -8.9460 -2.1430 -2.4193
SCALE 1 1 1
X -0.4040 -0.4544 0.7939
Y 0.7285 -0.6847 -0.0212
Z 0.5533 0.5698 0.6076

PART 22
OFFSET -8.0470 -0.9551 -4.1120
SCALE 1 1 1
X -0.2227 -0.7854 0.5775
Y 0.8438 -0.4520 -0.2894
Z 0.4883 0.4229 0.7634

PART 23
