// Export filename: `C:/cod5/cod/cod5/xanim_export/viewmodel/US/30cal/viewmodel_30cal_ADS_lastshot.XANIM_EXPORT`
// Source filename: `C:/cod5/cod/cod5/animation_assets/viewmodel/US/30_cal/viewmodelanimation_30_cal.mb`
// Export time: Fri Jul 25 17:00:56 2008

ANIMATION
VERSION 3

NUMPARTS 96
PART 0 "RingPalm_FK_LE"
PART 1 "RingPalm_SDK_LE"
PART 2 "J_Webbing_RI"
PART 3 "J_Index_RI_0"
PART 4 "J_Index_RI_1"
PART 5 "J_Index_RI_2"
PART 6 "J_Index_RI_3"
PART 7 "J_Mid_RI_0"
PART 8 "J_Mid_RI_1"
PART 9 "J_Mid_RI_2"
PART 10 "J_Mid_RI_3"
PART 11 "tag_cambone"
PART 12 "tag_camera"
PART 13 "tag_gasmask"
PART 14 "J_Index_LE_3"
PART 15 "J_Mid_LE_0"
PART 16 "J_Mid_LE_1"
PART 17 "J_Mid_LE_2"
PART 18 "J_Mid_LE_3"
PART 19 "tag_weapon"
PART 20 "J_Shoulder_RI"
PART 21 "J_Elbow_RI"
PART 22 "J_WristTwist_RI"
PART 23 "J_Sleave_Reshape_Top_RI_3"
PART 24 "J_Sleave_Reshape_Top_RI_2"
PART 25 "J_Sleave_Reshape_Top_RI_1"
PART 26 "J_Wrist_RI"
PART 27 "J_Thumb_RI_0"
PART 28 "J_Thumb_RI_1"
PART 29 "J_Thumb_RI_2"
PART 30 "J_Thumb_RI_3"
PART 31 "J_PinkyPalm_RI"
PART 32 "J_Pinky_RI_0"
PART 33 "J_Pinky_RI_1"
PART 34 "J_Pinky_RI_2"
PART 35 "J_Pinky_RI_3"
PART 36 "J_RingPalm_RI"
PART 37 "J_Ring_RI_0"
PART 38 "J_Ring_RI_1"
PART 39 "J_Ring_RI_2"
PART 40 "J_Ring_RI_3"
PART 41 "RingPalm_FK_RI"
PART 42 "RingPalm_SDK_RI"
PART 43 "tag_torso"
PART 44 "J_Shoulder_LE"
PART 45 "J_Elbow_LE"
PART 46 "J_WristTwist_LE"
PART 47 "J_Sleave_Reshape_Bottom_LE_1"
PART 48 "J_Sleave_Reshape_Bottom_LE_2"
PART 49 "J_Sleave_Reshape_Top_LE_1"
PART 50 "J_Sleave_Reshape_Top_LE_2"
PART 51 "J_Sleave_Reshape_Top_LE_3"
PART 52 "J_Wrist_LE"
PART 53 "J_Thumb_LE_0"
PART 54 "J_Thumb_LE_1"
PART 55 "J_Thumb_LE_2"
PART 56 "J_Thumb_LE_3"
PART 57 "J_PinkyPalm_LE"
PART 58 "J_Pinky_LE_0"
PART 59 "J_Pinky_LE_1"
PART 60 "J_Pinky_LE_2"
PART 61 "J_Pinky_LE_3"
PART 62 "J_RingPalm_LE"
PART 63 "J_Ring_LE_0"
PART 64 "J_Ring_LE_1"
PART 65 "J_Ring_LE_2"
PART 66 "J_Ring_LE_3"
PART 67 "J_Webbing_LE"
PART 68 "J_Index_LE_0"
PART 69 "J_Index_LE_1"
PART 70 "J_Index_LE_2"
PART 71 "J_Gun"
PART 72 "J_Bolt"
PART 73 "J_Clip"
PART 74 "tag_bipod"
PART 75 "tag_top"
PART 76 "ammo01_jnt"
PART 77 "ammo02_jnt"
PART 78 "ammo03_jnt"
PART 79 "ammo04_jnt"
PART 80 "ammo05_jnt"
PART 81 "ammo06_jnt"
PART 82 "ammo07_jnt"
PART 83 "ammo08_jnt"
PART 84 "ammo09_jnt"
PART 85 "ammo10_jnt"
PART 86 "ammo11_jnt"
PART 87 "ammo12_jnt"
PART 88 "ammo13_jnt"
PART 89 "ammo14_jnt"
PART 90 "ammo15_jnt"
PART 91 "ammo16_jnt"
PART 92 "ammo17_jnt"
PART 93 "ammo18_jnt"
PART 94 "ammo19_jnt"
PART 95 "ammo20_jnt"

FRAMERATE 30
NUMFRAMES 11

FRAME 555
PART 0
OFFSET 18.4454 -2.2567 -7.3033
SCALE 1 1 1
X 0.2603 -0.9633 -0.0652
Y -0.0461 -0.0799 0.9957
Z -0.9644 -0.2561 -0.0652

PART 1
OFFSET 18.4454 -2.2567 -7.3033
SCALE 1 1 1
X 0.2603 -0.9633 -0.0652
Y -0.0461 -0.0799 0.9957
Z -0.9644 -0.2561 -0.0652

PART 2
OFFSET -3.8924 -6.6747 -6.3305
SCALE 1 1 1
X -0.9289 -0.3191 0.1881
Y -0.3331 0.9417 -0.0480
Z -0.1618 -0.1072 -0.9810

PART 3
OFFSET 4.1509 -6.1466 -6.3607
SCALE 1 1 1
X -0.6128 -0.7893 0.0392
Y 0.7899 -0.6132 -0.0004
Z 0.0243 0.0307 0.9992

PART 4
OFFSET 5.2298 -4.7569 -6.4296
SCALE 1 1 1
X 0.5110 -0.8570 0.0659
Y 0.8594 0.5108 -0.0211
Z -0.0156 0.0674 0.9976

PART 5
OFFSET 4.6076 -3.7109 -6.4491
SCALE 1 1 1
X 0.9693 0.2425 -0.0407
Y -0.2430 0.9700 -0.0081
Z 0.0376 0.0178 0.9991

PART 6
OFFSET 3.5127 -3.9848 -6.4031
SCALE 1 1 1
X -0.0856 -0.9496 0.3016
Y -0.9935 0.0586 -0.0976
Z 0.0750 -0.3080 -0.9484

PART 7
OFFSET 4.0450 -5.9794 -7.4476
SCALE 1 1 1
X -0.3252 -0.9451 -0.0311
Y 0.9419 -0.3267 0.0786
Z -0.0844 -0.0037 0.9964

PART 8
OFFSET 4.6804 -4.1331 -7.3868
SCALE 1 1 1
X 0.8807 -0.4696 0.0620
Y 0.4704 0.8825 0.0015
Z -0.0554 0.0278 0.9981

PART 9
OFFSET 3.3940 -3.4472 -7.4774
SCALE 1 1 1
X 0.8064 0.5913 -0.0076
Y -0.5889 0.8018 -0.1017
Z -0.0540 0.0865 0.9948

PART 10
OFFSET 2.4807 -4.1170 -7.4758
SCALE 1 1 1
X -0.2388 -0.9710 0.0072
Y -0.9711 0.2388 0.0015
Z -0.0031 -0.0067 -1.0000

PART 11
OFFSET 0.0000 0.0000 0.0000
SCALE 1 1 1
X 1.0000 0.0000 0.0000
Y 0.0000 1.0000 0.0000
Z 0.0000 0.0000 1.0000

PART 12
OFFSET 0.0000 0.0000 0.0000
SCALE 1 1 1
X 1.0000 0.0000 0.0000
Y 0.0000 1.0000 0.0000
Z 0.0000 0.0000 1.0000

PART 13
OFFSET 0.0000 0.0000 0.0000
SCALE 1 1 1
X 1.0000 0.0000 0.0000
Y 0.0000 1.0000 0.0000
Z 0.0000 0.0000 1.0000

PART 14
OFFSET 20.6063 -3.8563 -4.0497
SCALE 1 1 1
X 0.1784 -0.9740 0.1396
Y 0.2457 -0.0933 -0.9649
Z 0.9528 0.2065 0.2226

PART 15
OFFSET 19.9906 -4.4758 -7.7246
SCALE 1 1 1
X 0.0622 -0.1896 0.9799
Y -0.5017 0.8428 0.1950
Z -0.8628 -0.5037 -0.0427

PART 16
OFFSET 20.1122 -4.8462 -5.8103
SCALE 1 1 1
X -0.2484 0.3019 0.9204
Y -0.4195 0.8229 -0.3832
Z -0.8731 -0.4813 -0.0778

PART 17
OFFSET 19.7494 -4.4052 -4.4660
SCALE 1 1 1
X -0.4355 0.7185 0.5423
Y -0.1537 0.5342 -0.8313
Z -0.8870 -0.4453 -0.1222

PART 18
OFFSET 19.2500 -3.5949 -3.8521
SCALE 1 1 1
X 0.4888 -0.8637 0.1229
Y 0.0961 -0.0868 -0.9916
Z 0.8671 0.4965 0.0406

PART 19
OFFSET 9.0164 -3.6472 -5.7617
SCALE 1 1 1
X 0.9991 0.0423 0.0018
Y -0.0423 0.9990 -0.0151
Z -0.0025 0.0150 0.9999

PART 20
OFFSET -3.5797 -7.9373 -3.1869
SCALE 1 1 1
X 0.4768 -0.1703 0.8624
Y -0.2769 -0.9602 -0.0365
Z 0.8343 -0.2214 -0.5050

PART 21
OFFSET -9.3460 -5.8779 -13.6163
SCALE 1 1 1
X -0.8291 0.0068 -0.5590
Y 0.5269 0.3440 -0.7772
Z 0.1870 -0.9389 -0.2888

PART 22
OFFSET -2.2940 -5.9358 -8.8614
SCALE 1 1 1
X -0.8291 0.0068 -0.5590
Y 0.5591 0.0016 -0.8291
Z -0.0048 -1.0000 -0.0051

PART 23
OFFSET -1.7429 -4.9995 -7.0940
SCALE 1 1 1
X -0.8328 0.0073 -0.5536
Y -0.1922 0.9339 0.3015
Z 0.5192 0.3575 -0.7763

PART 24
OFFSET -1.8424 -5.7884 -6.2706
SCALE 1 1 1
X -0.8328 0.0073 -0.5536
Y -0.1922 0.9339 0.3015
Z 0.5192 0.3575 -0.7763

PART 25
OFFSET -1.1775 -7.0926 -7.0950
SCALE 1 1 1
X -0.8328 0.0073 -0.5536
Y -0.1922 0.9339 0.3015
Z 0.5192 0.3575 -0.7763

PART 26
OFFSET 0.2478 -5.9566 -7.1476
SCALE 1 1 1
X -0.9989 -0.0452 -0.0077
Y 0.0080 -0.0066 -0.9999
Z 0.0452 -0.9990 0.0070

PART 27
OFFSET 0.6708 -5.5197 -6.1820
SCALE 1 1 1
X -0.6457 -0.4987 -0.5783
Y 0.4372 0.3795 -0.8154
Z 0.6261 -0.7793 -0.0270

PART 28
OFFSET 1.9857 -4.4381 -4.8512
SCALE 1 1 1
X -0.9057 -0.4225 0.0358
Y 0.0120 -0.1099 -0.9939
Z 0.4238 -0.8997 0.1046

PART 29
OFFSET 3.4009 -3.6618 -4.9801
SCALE 1 1 1
X -0.7376 -0.4484 0.5048
Y -0.4090 -0.2981 -0.8625
Z 0.5373 -0.8426 0.0365

PART 30
OFFSET 4.1810 -3.1332 -5.5129
SCALE 1 1 1
X -0.9739 0.1488 0.1714
Y 0.1402 0.9882 -0.0611
Z -0.1785 -0.0355 -0.9833

PART 31
OFFSET 1.0926 -5.7235 -8.2132
SCALE 1 1 1
X -0.8217 -0.0762 0.5648
Y 0.1141 -0.9930 0.0320
Z 0.5584 0.0907 0.8246

PART 32
OFFSET 3.0061 -5.4173 -9.3660
SCALE 1 1 1
X -0.7313 -0.6800 -0.0528
Y 0.6808 -0.7233 -0.1155
Z 0.0403 -0.1204 0.9919

PART 33
OFFSET 4.0415 -4.4546 -9.2912
SCALE 1 1 1
X 0.7203 -0.6884 -0.0855
Y 0.6935 0.7123 0.1076
Z -0.0132 -0.1368 0.9905

PART 34
OFFSET 3.4029 -3.8443 -9.2154
SCALE 1 1 1
X 0.9680 0.2509 -0.0050
Y -0.2496 0.9645 0.0868
Z 0.0266 -0.0828 0.9962

PART 35
OFFSET 2.4832 -4.0827 -9.2107
SCALE 1 1 1
X -0.5875 -0.7854 -0.1947
Y -0.8080 0.5562 0.1946
Z -0.0446 0.2717 -0.9614

PART 36
OFFSET 1.3132 -5.8487 -7.5459
SCALE 1 1 1
X -0.9528 -0.0470 0.2998
Y 0.0652 -0.9966 0.0510
Z 0.2963 0.0682 0.9526

PART 37
OFFSET 3.7436 -5.7587 -8.4643
SCALE 1 1 1
X -0.4244 -0.9050 0.0297
Y 0.8981 -0.4249 -0.1135
Z 0.1154 -0.0215 0.9931

PART 38
OFFSET 4.4662 -4.2180 -8.5150
SCALE 1 1 1
X 0.9119 -0.3967 -0.1052
Y 0.3990 0.9170 -0.0000
Z 0.0965 -0.0419 0.9945

PART 39
OFFSET 3.2025 -3.6681 -8.3692
SCALE 1 1 1
X 0.6936 0.7195 -0.0344
Y -0.7146 0.6933 0.0928
Z 0.0906 -0.0398 0.9951

PART 40
OFFSET 2.4502 -4.4485 -8.3319
SCALE 1 1 1
X -0.1556 -0.9875 0.0241
Y -0.9862 0.1567 0.0529
Z -0.0560 -0.0155 -0.9983

PART 41
OFFSET 1.3132 -5.8487 -7.5459
SCALE 1 1 1
X -0.9528 -0.0470 0.2998
Y 0.0652 -0.9966 0.0510
Z 0.2963 0.0682 0.9526

PART 42
OFFSET 1.3132 -5.8487 -7.5459
SCALE 1 1 1
X -0.9528 -0.0470 0.2998
Y 0.0652 -0.9966 0.0510
Z 0.2963 0.0682 0.9526

PART 43
OFFSET 3.7075 0.0000 -1.3770
SCALE 1 1 1
X 1.0000 0.0000 0.0000
Y 0.0000 1.0000 0.0000
Z 0.0000 0.0000 1.0000

PART 44
OFFSET -0.0838 7.9373 -3.1869
SCALE 1 1 1
X 0.8406 -0.0974 -0.5328
Y -0.2477 -0.9439 -0.2183
Z -0.4817 0.3154 -0.8176

PART 45
OFFSET 10.0825 6.7593 -9.6305
SCALE 1 1 1
X 0.7020 -0.6826 0.2028
Y -0.5448 -0.3314 0.7703
Z -0.4586 -0.6513 -0.6045

PART 46
OFFSET 16.0537 0.9531 -7.9053
SCALE 1 1 1
X 0.7020 -0.6826 0.2028
Y 0.6875 0.7239 0.0569
Z -0.1857 0.0995 0.9776

PART 47
OFFSET 18.2455 1.4284 -7.0067
SCALE 1 1 1
X 0.7065 -0.6789 0.1999
Y 0.4644 0.6579 0.5928
Z -0.5340 -0.3260 0.7801

PART 48
OFFSET 17.1147 0.2013 -9.1083
SCALE 1 1 1
X 0.7065 -0.6789 0.1999
Y 0.4644 0.6579 0.5928
Z -0.5340 -0.3260 0.7801

PART 49
OFFSET 17.3439 0.1674 -5.5536
SCALE 1 1 1
X 0.7065 -0.6789 0.1999
Y 0.4644 0.6579 0.5928
Z -0.5340 -0.3260 0.7801

PART 50
OFFSET 16.4809 -0.8692 -6.5467
SCALE 1 1 1
X 0.7065 -0.6789 0.1999
Y 0.4644 0.6579 0.5928
Z -0.5340 -0.3260 0.7801

PART 51
OFFSET 15.5780 -1.5867 -7.7152
SCALE 1 1 1
X 0.7065 -0.6789 0.1999
Y 0.4644 0.6579 0.5928
Z -0.5340 -0.3260 0.7801

PART 52
OFFSET 18.2059 -1.1396 -7.2835
SCALE 1 1 1
X 0.5442 -0.8366 -0.0625
Y 0.8390 0.5429 0.0383
Z 0.0018 -0.0733 0.9973

PART 53
OFFSET 19.2611 -1.0222 -6.8650
SCALE 1 1 1
X 0.6853 0.0233 0.7279
Y 0.2797 0.9144 -0.2926
Z -0.6724 0.4041 0.6201

PART 54
OFFSET 20.7303 -0.8582 -5.2889
SCALE 1 1 1
X 0.4730 -0.6829 0.5567
Y 0.6086 0.7102 0.3539
Z -0.6370 0.1714 0.7515

PART 55
OFFSET 21.3863 -1.9837 -4.3272
SCALE 1 1 1
X -0.0210 -0.9236 0.3828
Y 0.7567 0.2355 0.6098
Z -0.6534 0.3025 0.6940

PART 56
OFFSET 21.3466 -2.9647 -3.8711
SCALE 1 1 1
X 0.5601 -0.8275 -0.0376
Y 0.2820 0.2331 -0.9307
Z 0.7789 0.5107 0.3639

PART 57
OFFSET 17.7685 -2.4437 -7.1758
SCALE 1 1 1
X -0.0326 -0.9990 -0.0303
Y -0.0564 -0.0284 0.9980
Z -0.9979 0.0343 -0.0554

PART 58
OFFSET 17.8335 -4.6967 -7.1133
SCALE 1 1 1
X 0.0298 -0.2153 0.9761
Y -0.1823 0.9590 0.2171
Z -0.9828 -0.1844 -0.0106

PART 59
OFFSET 17.8757 -5.0016 -5.7314
SCALE 1 1 1
X -0.0319 0.2879 0.9571
Y -0.2186 0.9324 -0.2878
Z -0.9753 -0.2184 0.0332

PART 60
OFFSET 17.8475 -4.7464 -4.8828
SCALE 1 1 1
X -0.1361 0.8653 0.4824
Y -0.0810 0.4756 -0.8759
Z -0.9874 -0.1583 0.0053

PART 61
OFFSET 17.7182 -3.9243 -4.4245
SCALE 1 1 1
X 0.2977 -0.9375 0.1801
Y -0.0983 -0.2178 -0.9710
Z 0.9496 0.2714 -0.1570

PART 62
OFFSET 18.4454 -2.2567 -7.3033
SCALE 1 1 1
X 0.2603 -0.9633 -0.0652
Y -0.0461 -0.0799 0.9957
Z -0.9644 -0.2561 -0.0652

PART 63
OFFSET 18.9786 -4.7932 -7.5042
SCALE 1 1 1
X -0.0102 -0.0957 0.9954
Y -0.3347 0.9383 0.0868
Z -0.9423 -0.3322 -0.0416

PART 64
OFFSET 18.9612 -4.9561 -5.8096
SCALE 1 1 1
X -0.1594 0.3952 0.9047
Y -0.3036 0.8523 -0.4258
Z -0.9394 -0.3425 -0.0159

PART 65
OFFSET 18.7403 -4.4084 -4.5558
SCALE 1 1 1
X -0.2877 0.7442 0.6028
Y -0.1923 0.5717 -0.7976
Z -0.9382 -0.3454 -0.0214

PART 66
OFFSET 18.4283 -3.6013 -3.9021
SCALE 1 1 1
X 0.2994 -0.9533 -0.0393
Y 0.0478 0.0561 -0.9973
Z 0.9529 0.2967 0.0624

PART 67
OFFSET 21.2166 -2.8960 -6.8806
SCALE 1 1 1
X 0.3503 -0.9125 0.2111
Y 0.1892 -0.1519 -0.9701
Z 0.9173 0.3798 0.1194

PART 68
OFFSET 20.9585 -3.9629 -7.8685
SCALE 1 1 1
X 0.0791 -0.3347 0.9390
Y -0.4460 0.8306 0.3336
Z -0.8915 -0.4451 -0.0836

PART 69
OFFSET 21.0977 -4.5522 -6.2153
SCALE 1 1 1
X -0.2103 0.1646 0.9637
Y -0.4527 0.8573 -0.2452
Z -0.8665 -0.4878 -0.1058

PART 70
OFFSET 20.8946 -4.3225 -5.0373
SCALE 1 1 1
X -0.2553 0.4128 0.8743
Y -0.3823 0.7875 -0.4834
Z -0.8881 -0.4577 -0.0433

PART 71
OFFSET 9.0164 -3.6472 -5.7617
SCALE 1 1 1
X 0.9991 0.0423 0.0018
Y -0.0423 0.9990 -0.0151
Z -0.0025 0.0150 0.9999

PART 72
OFFSET 11.2998 -5.0162 -4.4000
SCALE 1 1 1
X 0.9988 0.0426 0.0223
Y -0.0423 0.9990 -0.0151
Z -0.0229 0.0141 0.9996

PART 73
OFFSET 13.4923 -2.0701 -3.9511
SCALE 1 1 1
X 0.9991 0.0423 0.0018
Y -0.0423 0.9990 -0.0151
Z -0.0025 0.0150 0.9999

PART 74
OFFSET 33.5069 -2.6048 -5.3776
SCALE 1 1 1
X 0.2327 -0.0048 -0.9725
Y -0.0423 0.9990 -0.0151
Z 0.9716 0.0446 0.2323

PART 75
OFFSET 15.8498 -3.3224 -3.4040
SCALE 1 1 1
X 0.9991 0.0423 0.0018
Y -0.0423 0.9990 -0.0151
Z -0.0025 0.0150 0.9999

PART 76
OFFSET 13.4502 -4.1812 -11.0846
SCALE 1 1 1
X -0.0025 0.0150 0.9999
Y -0.0423 0.9990 -0.0151
Z -0.9991 -0.0423 -0.0018

PART 77
OFFSET 13.4301 -3.8400 -10.9611
SCALE 1 1 1
X 0.0362 -0.8700 0.4918
Y -0.0633 0.4891 0.8699
Z -0.9973 -0.0626 -0.0374

PART 78
OFFSET 13.4130 -3.8362 -10.6700
SCALE 1 1 1
X 0.0406 -0.9707 -0.2369
Y -0.0563 -0.2389 0.9694
Z -0.9976 -0.0260 -0.0643

PART 79
OFFSET 13.3891 -3.9220 -10.3539
SCALE 1 1 1
X 0.0384 -0.9720 -0.2318
Y -0.0942 -0.2344 0.9676
Z -0.9948 -0.0153 -0.1006

PART 80
OFFSET 13.3588 -3.9792 -10.0784
SCALE 1 1 1
X 0.0370 -0.9846 -0.1708
Y -0.1139 -0.1740 0.9781
Z -0.9928 -0.0168 -0.1186

PART 81
OFFSET 13.3327 -4.0196 -9.8321
SCALE 1 1 1
X 0.0354 -0.9874 -0.1543
Y -0.0845 -0.1568 0.9840
Z -0.9958 -0.0218 -0.0890

PART 82
OFFSET 13.3231 -4.0467 -9.5585
SCALE 1 1 1
X 0.0459 -0.9988 -0.0163
Y 0.0119 -0.0158 0.9998
Z -0.9989 -0.0461 0.0112

PART 83
OFFSET 13.3473 -4.0091 -9.0344
SCALE 1 1 1
X 0.0622 -0.9909 0.1191
Y 0.0635 0.1230 0.9904
Z -0.9960 -0.0540 0.0705

PART 84
OFFSET 13.4224 -3.8462 -8.0108
SCALE 1 1 1
X 0.0670 -0.9835 0.1679
Y 0.0766 0.1729 0.9820
Z -0.9948 -0.0529 0.0869

PART 85
OFFSET 13.5348 -3.5991 -6.5977
SCALE 1 1 1
X 0.0602 -0.9854 0.1594
Y 0.0788 0.1639 0.9833
Z -0.9951 -0.0466 0.0875

PART 86
OFFSET 13.6402 -3.4107 -5.2647
SCALE 1 1 1
X 0.0495 -0.9945 0.0928
Y 0.0759 0.0964 0.9924
Z -0.9959 -0.0421 0.0802

PART 87
OFFSET 13.7035 -3.3817 -4.3911
SCALE 1 1 1
X 0.0395 -0.9980 -0.0488
Y 0.0677 -0.0460 0.9966
Z -0.9969 -0.0426 0.0658

PART 88
OFFSET 13.7338 -3.4255 -3.9341
SCALE 1 1 1
X 0.0350 -0.9919 -0.1219
Y 0.0672 -0.1194 0.9906
Z -0.9971 -0.0428 0.0625

PART 89
OFFSET 13.7500 -3.4117 -3.7470
SCALE 1 1 1
X 0.0674 -0.7802 0.6219
Y 0.1102 0.6253 0.7726
Z -0.9916 0.0165 0.1281

PART 90
OFFSET 13.7588 -3.2670 -3.7242
SCALE 1 1 1
X 0.0524 0.1717 0.9838
Y 0.0139 0.9849 -0.1726
Z -0.9985 0.0227 0.0493

PART 91
OFFSET 13.7539 -2.9757 -3.8018
SCALE 1 1 1
X 0.0427 0.2798 0.9591
Y -0.0365 0.9598 -0.2784
Z -0.9984 -0.0231 0.0512

PART 92
OFFSET 13.7321 -2.5389 -3.9287
SCALE 1 1 1
X 0.0265 0.2880 0.9573
Y -0.0522 0.9567 -0.2864
Z -0.9983 -0.0424 0.0404

PART 93
OFFSET 13.7051 -2.0138 -4.0986
SCALE 1 1 1
X 0.0042 0.3340 0.9426
Y -0.0426 0.9418 -0.3335
Z -0.9991 -0.0388 0.0182

PART 94
OFFSET 13.6872 -1.4700 -4.3143
SCALE 1 1 1
X -0.0123 0.3918 0.9200
Y -0.0191 0.9198 -0.3919
Z -0.9997 -0.0224 -0.0038

PART 95
OFFSET 13.6779 -0.9275 -4.5246
SCALE 1 1 1
X -0.0134 0.2992 0.9541
Y -0.0174 0.9540 -0.2994
Z -0.9998 -0.0207 -0.0076


FRAME 556
PART 0
OFFSET 19.5252 -2.2556 -7.2888
SCALE 1 1 1
X 0.2605 -0.9633 -0.0650
Y -0.0471 -0.0799 0.9957
Z -0.9643 -0.2563 -0.0662

PART 1
OFFSET 19.5252 -2.2556 -7.2888
SCALE 1 1 1
X 0.2605 -0.9633 -0.0650
Y -0.0471 -0.0799 0.9957
Z -0.9643 -0.2563 -0.0662

PART 2
OFFSET -2.8127 -6.6780 -6.3381
SCALE 1 1 1
X -0.9290 -0.3192 0.1871
Y -0.3333 0.9416 -0.0483
Z -0.1608 -0.1072 -0.9811

PART 3
OFFSET 5.2305 -6.1483 -6.3604
SCALE 1 1 1
X -0.6126 -0.7894 0.0385
Y 0.7900 -0.6131 0.0004
Z 0.0233 0.0307 0.9993

PART 4
OFFSET 6.3092 -4.7584 -6.4282
SCALE 1 1 1
X 0.5111 -0.8569 0.0663
Y 0.8593 0.5110 -0.0202
Z -0.0166 0.0674 0.9976

PART 5
OFFSET 5.6868 -3.7126 -6.4483
SCALE 1 1 1
X 0.9693 0.2426 -0.0398
Y -0.2431 0.9700 -0.0083
Z 0.0366 0.0177 0.9992

PART 6
OFFSET 4.5919 -3.9866 -6.4034
SCALE 1 1 1
X -0.0858 -0.9496 0.3015
Y -0.9934 0.0584 -0.0985
Z 0.0760 -0.3080 -0.9484

PART 7
OFFSET 5.1256 -5.9811 -7.4474
SCALE 1 1 1
X -0.3250 -0.9452 -0.0314
Y 0.9418 -0.3265 0.0795
Z -0.0854 -0.0037 0.9963

PART 8
OFFSET 5.7606 -4.1347 -7.3860
SCALE 1 1 1
X 0.8808 -0.4694 0.0628
Y 0.4702 0.8826 0.0020
Z -0.0564 0.0278 0.9980

PART 9
OFFSET 4.4742 -3.4490 -7.4777
SCALE 1 1 1
X 0.8063 0.5915 -0.0068
Y -0.5889 0.8017 -0.1023
Z -0.0550 0.0865 0.9947

PART 10
OFFSET 3.5610 -4.1190 -7.4771
SCALE 1 1 1
X -0.2386 -0.9711 0.0069
Y -0.9711 0.2386 0.0005
Z -0.0021 -0.0066 -1.0000

PART 11
OFFSET 0.0000 0.0000 0.0000
SCALE 1 1 1
X 1.0000 0.0000 0.0000
Y 0.0000 1.0000 0.0000
Z 0.0000 0.0000 1.0000

PART 12
OFFSET -0.0000 -0.0000 -0.0000
SCALE 1 1 1
X 1.0000 -0.0000 0.0000
Y 0.0000 1.0000 -0.0000
Z -0.0000 0.0000 1.0000

PART 13
OFFSET 0.0000 0.0000 0.0000
SCALE 1 1 1
X 1.0000 -0.0000 0.0000
Y 0.0000 1.0000 -0.0000
Z -0.0000 0.0000 1.0000

PART 14
OFFSET 21.6831 -3.8549 -4.0331
SCALE 1 1 1
X 0.1785 -0.9740 0.1397
Y 0.2466 -0.0932 -0.9646
Z 0.9525 0.2066 0.2236

PART 15
OFFSET 21.0713 -4.4744 -7.7086
SCALE 1 1 1
X 0.0613 -0.1897 0.9799
Y -0.5020 0.8427 0.1945
Z -0.8627 -0.5039 -0.0435

PART 16
OFFSET 21.1910 -4.8449 -5.7942
SCALE 1 1 1
X -0.2494 0.3018 0.9202
Y -0.4192 0.8229 -0.3836
Z -0.8729 -0.4814 -0.0787

PART 17
OFFSET 20.8268 -4.4040 -4.4502
SCALE 1 1 1
X -0.4361 0.7184 0.5419
Y -0.1530 0.5342 -0.8314
Z -0.8868 -0.4455 -0.1231

PART 18
OFFSET 20.3266 -3.5939 -3.8368
SCALE 1 1 1
X 0.4888 -0.8636 0.1234
Y 0.0971 -0.0867 -0.9915
Z 0.8670 0.4966 0.0415

PART 19
OFFSET 10.0949 -3.6480 -5.7565
SCALE 1 1 1
X 0.9991 0.0425 0.0028
Y -0.0425 0.9990 -0.0151
Z -0.0035 0.0149 0.9999

PART 20
OFFSET -3.5797 -7.9373 -3.1869
SCALE 1 1 1
X 0.3464 -0.1913 0.9184
Y -0.3231 -0.9434 -0.0746
Z 0.8807 -0.2709 -0.3886

PART 21
OFFSET -7.7693 -5.6242 -14.2937
SCALE 1 1 1
X -0.7862 0.0289 -0.6173
Y 0.5938 0.3117 -0.7417
Z 0.1710 -0.9497 -0.2623

PART 22
OFFSET -1.0822 -5.8703 -9.0435
SCALE 1 1 1
X -0.7862 0.0289 -0.6173
Y 0.6177 0.0061 -0.7864
Z -0.0190 -0.9996 -0.0227

PART 23
OFFSET -0.6185 -4.9518 -7.2606
SCALE 1 1 1
X -0.7902 0.0297 -0.6121
Y -0.1773 0.9451 0.2747
Z 0.5866 0.3255 -0.7415

PART 24
OFFSET -0.8049 -5.7378 -6.4390
SCALE 1 1 1
X -0.7902 0.0297 -0.6121
Y -0.1773 0.9451 0.2747
Z 0.5866 0.3255 -0.7415

PART 25
OFFSET -0.1696 -7.0559 -7.1489
SCALE 1 1 1
X -0.7902 0.0297 -0.6121
Y -0.1773 0.9451 0.2747
Z 0.5866 0.3255 -0.7415

PART 26
OFFSET 1.3281 -5.9590 -7.1511
SCALE 1 1 1
X -0.9989 -0.0454 -0.0087
Y 0.0090 -0.0066 -0.9999
Z 0.0454 -0.9989 0.0070

PART 27
OFFSET 1.7501 -5.5221 -6.1851
SCALE 1 1 1
X -0.6450 -0.4988 -0.5789
Y 0.4379 0.3796 -0.8149
Z 0.6262 -0.7792 -0.0264

PART 28
OFFSET 3.0634 -4.4402 -4.8530
SCALE 1 1 1
X -0.9056 -0.4227 0.0349
Y 0.0130 -0.1099 -0.9939
Z 0.4239 -0.8996 0.1050

PART 29
OFFSET 4.4787 -3.6637 -4.9804
SCALE 1 1 1
X -0.7380 -0.4486 0.5040
Y -0.4080 -0.2982 -0.8629
Z 0.5374 -0.8425 0.0370

PART 30
OFFSET 5.2592 -3.1350 -5.5125
SCALE 1 1 1
X -0.9741 0.1486 0.1705
Y 0.1401 0.9883 -0.0609
Z -0.1775 -0.0355 -0.9835

PART 31
OFFSET 2.1739 -5.7258 -8.2159
SCALE 1 1 1
X -0.8222 -0.0764 0.5640
Y 0.1142 -0.9929 0.0320
Z 0.5575 0.0908 0.8252

PART 32
OFFSET 4.0886 -5.4191 -9.3668
SCALE 1 1 1
X -0.7311 -0.6801 -0.0536
Y 0.6811 -0.7231 -0.1148
Z 0.0394 -0.1204 0.9919

PART 33
OFFSET 5.1237 -4.4562 -9.2909
SCALE 1 1 1
X 0.7205 -0.6882 -0.0848
Y 0.6933 0.7125 0.1083
Z -0.0142 -0.1368 0.9905

PART 34
OFFSET 4.4848 -3.8461 -9.2158
SCALE 1 1 1
X 0.9679 0.2511 -0.0040
Y -0.2498 0.9644 0.0866
Z 0.0256 -0.0828 0.9962

PART 35
OFFSET 3.5653 -4.0846 -9.2120
SCALE 1 1 1
X -0.5872 -0.7855 -0.1953
Y -0.8083 0.5560 0.1938
Z -0.0437 0.2717 -0.9614

PART 36
OFFSET 2.3939 -5.8509 -7.5484
SCALE 1 1 1
X -0.9531 -0.0472 0.2988
Y 0.0654 -0.9966 0.0510
Z 0.2954 0.0682 0.9529

PART 37
OFFSET 4.8252 -5.7604 -8.4644
SCALE 1 1 1
X -0.4243 -0.9051 0.0293
Y 0.8983 -0.4248 -0.1127
Z 0.1144 -0.0215 0.9932

PART 38
OFFSET 5.5476 -4.2196 -8.5143
SCALE 1 1 1
X 0.9121 -0.3966 -0.1043
Y 0.3988 0.9170 0.0004
Z 0.0955 -0.0419 0.9945

PART 39
OFFSET 4.2836 -3.6700 -8.3697
SCALE 1 1 1
X 0.6935 0.7197 -0.0336
Y -0.7148 0.6932 0.0921
Z 0.0896 -0.0399 0.9952

PART 40
OFFSET 3.5314 -4.4505 -8.3332
SCALE 1 1 1
X -0.1554 -0.9876 0.0239
Y -0.9863 0.1565 0.0519
Z -0.0550 -0.0155 -0.9984

PART 41
OFFSET 2.3939 -5.8509 -7.5484
SCALE 1 1 1
X -0.9531 -0.0472 0.2988
Y 0.0654 -0.9966 0.0510
Z 0.2954 0.0682 0.9529

PART 42
OFFSET 2.3939 -5.8509 -7.5484
SCALE 1 1 1
X -0.9531 -0.0472 0.2988
Y 0.0654 -0.9966 0.0510
Z 0.2954 0.0682 0.9529

PART 43
OFFSET 3.7075 0.0000 -1.3770
SCALE 1 1 1
X 1.0000 0.0000 0.0000
Y 0.0000 1.0000 0.0000
Z 0.0000 0.0000 1.0000

PART 44
OFFSET -0.0838 7.9373 -3.1869
SCALE 1 1 1
X 0.8741 -0.1421 -0.4645
Y -0.2660 -0.9402 -0.2128
Z -0.4065 0.3096 -0.8596

PART 45
OFFSET 10.4874 6.2185 -8.8046
SCALE 1 1 1
X 0.7603 -0.6358 0.1327
Y -0.4814 -0.4145 0.7723
Z -0.4360 -0.6511 -0.6213

PART 46
OFFSET 16.9545 0.8106 -7.6759
SCALE 1 1 1
X 0.7603 -0.6358 0.1327
Y 0.6333 0.7711 0.0657
Z -0.1441 0.0341 0.9890

PART 47
OFFSET 19.1439 1.4057 -6.8454
SCALE 1 1 1
X 0.7644 -0.6315 0.1298
Y 0.4407 0.6588 0.6097
Z -0.4706 -0.4089 0.7819

PART 48
OFFSET 18.0116 0.2107 -8.9647
SCALE 1 1 1
X 0.7644 -0.6315 0.1298
Y 0.4407 0.6588 0.6097
Z -0.4706 -0.4089 0.7819

PART 49
OFFSET 18.4094 0.0006 -5.4311
SCALE 1 1 1
X 0.7644 -0.6315 0.1298
Y 0.4407 0.6588 0.6097
Z -0.4706 -0.4089 0.7819

PART 50
OFFSET 17.5815 -1.0444 -6.4450
SCALE 1 1 1
X 0.7644 -0.6315 0.1298
Y 0.4407 0.6588 0.6097
Z -0.4706 -0.4089 0.7819

PART 51
OFFSET 16.6815 -1.7652 -7.6137
SCALE 1 1 1
X 0.7644 -0.6315 0.1298
Y 0.4407 0.6588 0.6097
Z -0.4706 -0.4089 0.7819

PART 52
OFFSET 19.2855 -1.1386 -7.2691
SCALE 1 1 1
X 0.5444 -0.8365 -0.0619
Y 0.8388 0.5430 0.0392
Z 0.0009 -0.0733 0.9973

PART 53
OFFSET 20.3402 -1.0210 -6.8497
SCALE 1 1 1
X 0.6845 0.0234 0.7286
Y 0.2799 0.9145 -0.2923
Z -0.6731 0.4040 0.6194

PART 54
OFFSET 21.8078 -0.8568 -5.2721
SCALE 1 1 1
X 0.4726 -0.6828 0.5572
Y 0.6081 0.7103 0.3546
Z -0.6378 0.1713 0.7509

PART 55
OFFSET 22.4631 -1.9822 -4.3097
SCALE 1 1 1
X -0.0212 -0.9236 0.3827
Y 0.7561 0.2356 0.6106
Z -0.6541 0.3023 0.6933

PART 56
OFFSET 22.4231 -2.9632 -3.8537
SCALE 1 1 1
X 0.5603 -0.8274 -0.0370
Y 0.2829 0.2332 -0.9304
Z 0.7785 0.5109 0.3647

PART 57
OFFSET 18.8482 -2.4427 -7.1619
SCALE 1 1 1
X -0.0324 -0.9990 -0.0303
Y -0.0574 -0.0284 0.9979
Z -0.9978 0.0341 -0.0564

PART 58
OFFSET 18.9136 -4.6958 -7.0995
SCALE 1 1 1
X 0.0289 -0.2154 0.9761
Y -0.1827 0.9589 0.2170
Z -0.9827 -0.1846 -0.0116

PART 59
OFFSET 18.9545 -5.0007 -5.7175
SCALE 1 1 1
X -0.0329 0.2879 0.9571
Y -0.2185 0.9324 -0.2879
Z -0.9753 -0.2186 0.0322

PART 60
OFFSET 18.9254 -4.7455 -4.8689
SCALE 1 1 1
X -0.1368 0.8653 0.4823
Y -0.0802 0.4756 -0.8760
Z -0.9874 -0.1585 0.0043

PART 61
OFFSET 18.7955 -3.9235 -4.4107
SCALE 1 1 1
X 0.2977 -0.9375 0.1804
Y -0.0973 -0.2178 -0.9711
Z 0.9497 0.2716 -0.1561

PART 62
OFFSET 19.5252 -2.2556 -7.2888
SCALE 1 1 1
X 0.2605 -0.9633 -0.0650
Y -0.0471 -0.0799 0.9957
Z -0.9643 -0.2563 -0.0662

PART 63
OFFSET 20.0591 -4.7920 -7.4892
SCALE 1 1 1
X -0.0112 -0.0957 0.9953
Y -0.3349 0.9383 0.0865
Z -0.9422 -0.3324 -0.0426

PART 64
OFFSET 20.0401 -4.9550 -5.7947
SCALE 1 1 1
X -0.1604 0.3951 0.9045
Y -0.3033 0.8523 -0.4261
Z -0.9393 -0.3427 -0.0168

PART 65
OFFSET 19.8178 -4.4074 -4.5411
SCALE 1 1 1
X -0.2884 0.7442 0.6025
Y -0.1916 0.5717 -0.7978
Z -0.9381 -0.3455 -0.0223

PART 66
OFFSET 19.5050 -3.6003 -3.8876
SCALE 1 1 1
X 0.2996 -0.9533 -0.0390
Y 0.0488 0.0562 -0.9972
Z 0.9528 0.2969 0.0634

PART 67
OFFSET 22.2961 -2.8945 -6.8633
SCALE 1 1 1
X 0.3503 -0.9125 0.2115
Y 0.1902 -0.1518 -0.9700
Z 0.9171 0.3799 0.1203

PART 68
OFFSET 22.0392 -3.9614 -7.8516
SCALE 1 1 1
X 0.0782 -0.3347 0.9391
Y -0.4465 0.8305 0.3332
Z -0.8914 -0.4453 -0.0845

PART 69
OFFSET 22.1768 -4.5507 -6.1982
SCALE 1 1 1
X -0.2113 0.1645 0.9635
Y -0.4526 0.8572 -0.2456
Z -0.8663 -0.4880 -0.1067

PART 70
OFFSET 21.9726 -4.3211 -5.0204
SCALE 1 1 1
X -0.2562 0.4127 0.8741
Y -0.3820 0.7875 -0.4838
Z -0.8879 -0.4578 -0.0441

PART 71
OFFSET 10.0949 -3.6480 -5.7565
SCALE 1 1 1
X 0.9991 0.0425 0.0028
Y -0.0425 0.9990 -0.0151
Z -0.0035 0.0149 0.9999

PART 72
OFFSET 12.3772 -5.0166 -4.3927
SCALE 1 1 1
X 0.9988 0.0428 0.0233
Y -0.0425 0.9990 -0.0151
Z -0.0239 0.0141 0.9996

PART 73
OFFSET 14.5687 -2.0701 -3.9415
SCALE 1 1 1
X 0.9991 0.0425 0.0028
Y -0.0425 0.9990 -0.0151
Z -0.0035 0.0149 0.9999

PART 74
OFFSET 34.5848 -2.6009 -5.3482
SCALE 1 1 1
X 0.2337 -0.0047 -0.9723
Y -0.0425 0.9990 -0.0151
Z 0.9714 0.0448 0.2332

PART 75
OFFSET 16.9260 -3.3220 -3.3920
SCALE 1 1 1
X 0.9991 0.0425 0.0028
Y -0.0425 0.9990 -0.0151
Z -0.0035 0.0149 0.9999

PART 76
OFFSET 14.5357 -4.2478 -11.0699
SCALE 1 1 1
X -0.0035 0.0149 0.9999
Y -0.0425 0.9990 -0.0151
Z -0.9991 -0.0425 -0.0028

PART 77
OFFSET 14.5151 -3.8994 -10.9367
SCALE 1 1 1
X 0.0356 -0.8654 0.4999
Y -0.0613 0.4974 0.8654
Z -0.9975 -0.0615 -0.0353

PART 78
OFFSET 14.4972 -3.8818 -10.6275
SCALE 1 1 1
X 0.0415 -0.9809 -0.1898
Y -0.0562 -0.1920 0.9798
Z -0.9976 -0.0300 -0.0631

PART 79
OFFSET 14.4729 -3.9586 -10.3007
SCALE 1 1 1
X 0.0391 -0.9756 -0.2160
Y -0.0943 -0.2188 0.9712
Z -0.9948 -0.0176 -0.1006

PART 80
OFFSET 14.4423 -4.0153 -10.0273
SCALE 1 1 1
X 0.0369 -0.9824 -0.1833
Y -0.1175 -0.1864 0.9754
Z -0.9924 -0.0145 -0.1223

PART 81
OFFSET 14.4157 -4.0590 -9.7904
SCALE 1 1 1
X 0.0341 -0.9834 -0.1780
Y -0.0918 -0.1805 0.9793
Z -0.9952 -0.0171 -0.0964

PART 82
OFFSET 14.4050 -4.0902 -9.5306
SCALE 1 1 1
X 0.0440 -0.9985 -0.0315
Y 0.0086 -0.0312 0.9995
Z -0.9990 -0.0442 0.0072

PART 83
OFFSET 14.4279 -4.0594 -9.0336
SCALE 1 1 1
X 0.0599 -0.9918 0.1127
Y 0.0653 0.1165 0.9910
Z -0.9961 -0.0520 0.0717

PART 84
OFFSET 14.5022 -3.9092 -8.0609
SCALE 1 1 1
X 0.0649 -0.9843 0.1642
Y 0.0801 0.1691 0.9823
Z -0.9947 -0.0506 0.0898

PART 85
OFFSET 14.6141 -3.6785 -6.7100
SCALE 1 1 1
X 0.0588 -0.9862 0.1548
Y 0.0814 0.1593 0.9839
Z -0.9949 -0.0453 0.0896

PART 86
OFFSET 14.7179 -3.5030 -5.4142
SCALE 1 1 1
X 0.0490 -0.9951 0.0865
Y 0.0748 0.0900 0.9931
Z -0.9960 -0.0422 0.0788

PART 87
OFFSET 14.7783 -3.4773 -4.5267
SCALE 1 1 1
X 0.0400 -0.9982 -0.0440
Y 0.0593 -0.0416 0.9974
Z -0.9974 -0.0425 0.0575

PART 88
OFFSET 14.8054 -3.5159 -4.0224
SCALE 1 1 1
X 0.0384 -0.9962 -0.0785
Y 0.0500 -0.0766 0.9958
Z -0.9980 -0.0421 0.0468

PART 89
OFFSET 14.8202 -3.4907 -3.7825
SCALE 1 1 1
X 0.0686 -0.8496 0.5229
Y 0.0766 0.5271 0.8463
Z -0.9947 -0.0180 0.1012

PART 90
OFFSET 14.8285 -3.3354 -3.7164
SCALE 1 1 1
X 0.0635 -0.0026 0.9980
Y 0.0088 1.0000 0.0020
Z -0.9979 0.0087 0.0635

PART 91
OFFSET 14.8208 -3.0452 -3.7611
SCALE 1 1 1
X 0.0465 0.2192 0.9746
Y -0.0516 0.9749 -0.2168
Z -0.9976 -0.0402 0.0567

PART 92
OFFSET 14.7923 -2.6283 -3.8647
SCALE 1 1 1
X 0.0254 0.2644 0.9641
Y -0.0716 0.9624 -0.2620
Z -0.9971 -0.0623 0.0434

PART 93
OFFSET 14.7584 -2.1340 -4.0131
SCALE 1 1 1
X -0.0003 0.3131 0.9497
Y -0.0550 0.9483 -0.3127
Z -0.9985 -0.0523 0.0169

PART 94
OFFSET 14.7387 -1.6201 -4.1998
SCALE 1 1 1
X -0.0182 0.3576 0.9337
Y -0.0190 0.9336 -0.3579
Z -0.9997 -0.0243 -0.0102

PART 95
OFFSET 14.7290 -1.0990 -4.3787
SCALE 1 1 1
X -0.0156 0.2637 0.9645
Y -0.0245 0.9642 -0.2641
Z -0.9996 -0.0277 -0.0086


FRAME 557
PART 0
OFFSET 18.5171 -2.2545 -7.2670
SCALE 1 1 1
X 0.2608 -0.9632 -0.0644
Y -0.0495 -0.0800 0.9956
Z -0.9641 -0.2565 -0.0685

PART 1
OFFSET 18.5171 -2.2545 -7.2670
SCALE 1 1 1
X 0.2608 -0.9632 -0.0644
Y -0.0495 -0.0800 0.9956
Z -0.9641 -0.2565 -0.0685

PART 2
OFFSET -3.8222 -6.6811 -6.3701
SCALE 1 1 1
X -0.9294 -0.3194 0.1849
Y -0.3333 0.9415 -0.0490
Z -0.1584 -0.1072 -0.9815

PART 3
OFFSET 4.2210 -6.1500 -6.3731
SCALE 1 1 1
X -0.6126 -0.7895 0.0370
Y 0.7901 -0.6129 0.0022
Z 0.0209 0.0306 0.9993

PART 4
OFFSET 5.2995 -4.7598 -6.4383
SCALE 1 1 1
X 0.5111 -0.8568 0.0675
Y 0.8593 0.5112 -0.0181
Z -0.0190 0.0673 0.9976

PART 5
OFFSET 4.6770 -3.7141 -6.4597
SCALE 1 1 1
X 0.9693 0.2428 -0.0374
Y -0.2433 0.9699 -0.0088
Z 0.0342 0.0177 0.9993

PART 6
OFFSET 3.5821 -3.9884 -6.4174
SCALE 1 1 1
X -0.0863 -0.9496 0.3012
Y -0.9932 0.0583 -0.1009
Z 0.0783 -0.3079 -0.9482

PART 7
OFFSET 4.1187 -5.9827 -7.4603
SCALE 1 1 1
X -0.3248 -0.9452 -0.0323
Y 0.9417 -0.3264 0.0818
Z -0.0878 -0.0039 0.9961

PART 8
OFFSET 4.7531 -4.1361 -7.3972
SCALE 1 1 1
X 0.8807 -0.4692 0.0649
Y 0.4700 0.8826 0.0032
Z -0.0588 0.0277 0.9979

PART 9
OFFSET 3.4668 -3.4507 -7.4920
SCALE 1 1 1
X 0.8062 0.5916 -0.0048
Y -0.5888 0.8016 -0.1036
Z -0.0574 0.0864 0.9946

PART 10
OFFSET 2.5537 -4.1208 -7.4936
SCALE 1 1 1
X -0.2384 -0.9711 0.0063
Y -0.9712 0.2384 -0.0018
Z 0.0002 -0.0065 -1.0000

PART 11
OFFSET 0.0000 0.0000 0.0000
SCALE 1 1 1
X 1.0000 0.0000 0.0000
Y 0.0000 1.0000 0.0000
Z 0.0000 0.0000 1.0000

PART 12
OFFSET -0.0000 -0.0000 -0.0000
SCALE 1 1 1
X 1.0000 -0.0000 0.0000
Y 0.0000 1.0000 -0.0000
Z -0.0000 0.0000 1.0000

PART 13
OFFSET 0.0000 0.0000 0.0000
SCALE 1 1 1
X 1.0000 -0.0000 0.0000
Y 0.0000 1.0000 -0.0000
Z -0.0000 0.0000 1.0000

PART 14
OFFSET 20.6675 -3.8537 -4.0063
SCALE 1 1 1
X 0.1783 -0.9740 0.1401
Y 0.2490 -0.0931 -0.9640
Z 0.9520 0.2068 0.2259

PART 15
OFFSET 20.0645 -4.4729 -7.6833
SCALE 1 1 1
X 0.0590 -0.1897 0.9801
Y -0.5026 0.8426 0.1934
Z -0.8625 -0.5040 -0.0457

PART 16
OFFSET 20.1798 -4.8436 -5.7687
SCALE 1 1 1
X -0.2516 0.3017 0.9196
Y -0.4185 0.8228 -0.3845
Z -0.8727 -0.4816 -0.0808

PART 17
OFFSET 19.8122 -4.4029 -4.4255
SCALE 1 1 1
X -0.4376 0.7183 0.5409
Y -0.1511 0.5343 -0.8317
Z -0.8864 -0.4456 -0.1252

PART 18
OFFSET 19.3105 -3.5929 -3.8132
SCALE 1 1 1
X 0.4887 -0.8635 0.1245
Y 0.0995 -0.0866 -0.9913
Z 0.8668 0.4968 0.0436

PART 19
OFFSET 9.0834 -3.6487 -5.7574
SCALE 1 1 1
X 0.9991 0.0427 0.0052
Y -0.0426 0.9990 -0.0151
Z -0.0059 0.0148 0.9999

PART 20
OFFSET -3.5797 -7.9373 -3.1869
SCALE 1 1 1
X 0.4696 -0.1705 0.8663
Y -0.2810 -0.9590 -0.0364
Z 0.8370 -0.2263 -0.4982

PART 21
OFFSET -9.2585 -5.8757 -13.6637
SCALE 1 1 1
X -0.8278 0.0074 -0.5609
Y 0.5296 0.3399 -0.7772
Z 0.1849 -0.9404 -0.2853

PART 22
OFFSET -2.2175 -5.9386 -8.8928
SCALE 1 1 1
X -0.8278 0.0074 -0.5609
Y 0.5610 0.0019 -0.8278
Z -0.0051 -1.0000 -0.0057

PART 23
OFFSET -1.6669 -5.0013 -7.1282
SCALE 1 1 1
X -0.8315 0.0080 -0.5555
Y -0.1901 0.9354 0.2980
Z 0.5220 0.3534 -0.7763

PART 24
OFFSET -1.7704 -5.7889 -6.3028
SCALE 1 1 1
X -0.8315 0.0080 -0.5555
Y -0.1901 0.9354 0.2980
Z 0.5220 0.3534 -0.7763

PART 25
OFFSET -1.1116 -7.0951 -7.1151
SCALE 1 1 1
X -0.8315 0.0080 -0.5555
Y -0.1901 0.9354 0.2980
Z 0.5220 0.3534 -0.7763

PART 26
OFFSET 0.3204 -5.9613 -7.1732
SCALE 1 1 1
X -0.9989 -0.0456 -0.0111
Y 0.0114 -0.0065 -0.9999
Z 0.0455 -0.9989 0.0070

PART 27
OFFSET 0.7400 -5.5244 -6.2061
SCALE 1 1 1
X -0.6435 -0.4989 -0.5805
Y 0.4398 0.3797 -0.8139
Z 0.6265 -0.7791 -0.0250

PART 28
OFFSET 2.0500 -4.4424 -4.8708
SCALE 1 1 1
X -0.9056 -0.4229 0.0327
Y 0.0154 -0.1098 -0.9938
Z 0.4238 -0.8995 0.1059

PART 29
OFFSET 3.4654 -3.6656 -4.9947
SCALE 1 1 1
X -0.7392 -0.4488 0.5022
Y -0.4059 -0.2982 -0.8639
Z 0.5375 -0.8424 0.0382

PART 30
OFFSET 4.2470 -3.1367 -5.5249
SCALE 1 1 1
X -0.9745 0.1484 0.1682
Y 0.1401 0.9883 -0.0605
Z -0.1752 -0.0354 -0.9839

PART 31
OFFSET 1.1687 -5.7278 -8.2359
SCALE 1 1 1
X -0.8236 -0.0766 0.5620
Y 0.1143 -0.9929 0.0322
Z 0.5556 0.0908 0.8265

PART 32
OFFSET 3.0861 -5.4207 -9.3822
SCALE 1 1 1
X -0.7309 -0.6803 -0.0554
Y 0.6815 -0.7230 -0.1133
Z 0.0370 -0.1205 0.9920

PART 33
OFFSET 4.1208 -4.4576 -9.3038
SCALE 1 1 1
X 0.7209 -0.6881 -0.0831
Y 0.6929 0.7126 0.1100
Z -0.0165 -0.1369 0.9904

PART 34
OFFSET 3.4817 -3.8476 -9.2301
SCALE 1 1 1
X 0.9679 0.2513 -0.0017
Y -0.2502 0.9644 0.0861
Z 0.0233 -0.0829 0.9963

PART 35
OFFSET 2.5621 -4.0863 -9.2285
SCALE 1 1 1
X -0.5866 -0.7856 -0.1968
Y -0.8088 0.5558 0.1920
Z -0.0414 0.2718 -0.9615

PART 36
OFFSET 1.3872 -5.8530 -7.5679
SCALE 1 1 1
X -0.9538 -0.0474 0.2966
Y 0.0654 -0.9965 0.0511
Z 0.2931 0.0681 0.9536

PART 37
OFFSET 3.8206 -5.7619 -8.4781
SCALE 1 1 1
X -0.4242 -0.9051 0.0282
Y 0.8986 -0.4246 -0.1105
Z 0.1120 -0.0216 0.9935

PART 38
OFFSET 4.5428 -4.2209 -8.5261
SCALE 1 1 1
X 0.9124 -0.3964 -0.1022
Y 0.3986 0.9171 0.0014
Z 0.0931 -0.0420 0.9948

PART 39
OFFSET 3.2783 -3.6716 -8.3845
SCALE 1 1 1
X 0.6935 0.7198 -0.0319
Y -0.7152 0.6930 0.0905
Z 0.0873 -0.0399 0.9954

PART 40
OFFSET 2.5262 -4.4522 -8.3499
SCALE 1 1 1
X -0.1553 -0.9876 0.0234
Y -0.9865 0.1563 0.0496
Z -0.0526 -0.0154 -0.9985

PART 41
OFFSET 1.3872 -5.8530 -7.5679
SCALE 1 1 1
X -0.9538 -0.0474 0.2966
Y 0.0654 -0.9965 0.0511
Z 0.2931 0.0681 0.9536

PART 42
OFFSET 1.3872 -5.8530 -7.5679
SCALE 1 1 1
X -0.9538 -0.0474 0.2966
Y 0.0654 -0.9965 0.0511
Z 0.2931 0.0681 0.9536

PART 43
OFFSET 3.7075 0.0000 -1.3770
SCALE 1 1 1
X 1.0000 0.0000 0.0000
Y 0.0000 1.0000 0.0000
Z 0.0000 0.0000 1.0000

PART 44
OFFSET -0.0838 7.9373 -3.1869
SCALE 1 1 1
X 0.8437 -0.0995 -0.5276
Y -0.2480 -0.9438 -0.2186
Z -0.4762 0.3152 -0.8209

PART 45
OFFSET 10.1195 6.7343 -9.5672
SCALE 1 1 1
X 0.7050 -0.6803 0.2004
Y -0.5431 -0.3362 0.7694
Z -0.4560 -0.6513 -0.6065

PART 46
OFFSET 16.1158 0.9481 -7.8623
SCALE 1 1 1
X 0.7050 -0.6803 0.2004
Y 0.6843 0.7268 0.0598
Z -0.1864 0.0950 0.9779

PART 47
OFFSET 18.3058 1.4298 -6.9628
SCALE 1 1 1
X 0.7095 -0.6765 0.1975
Y 0.4618 0.6580 0.5948
Z -0.5323 -0.3308 0.7792

PART 48
OFFSET 17.1796 0.2046 -9.0680
SCALE 1 1 1
X 0.7095 -0.6765 0.1975
Y 0.4618 0.6580 0.5948
Z -0.5323 -0.3308 0.7792

PART 49
OFFSET 17.4100 0.1603 -5.5135
SCALE 1 1 1
X 0.7095 -0.6765 0.1975
Y 0.4618 0.6580 0.5948
Z -0.5323 -0.3308 0.7792

PART 50
OFFSET 16.5512 -0.8768 -6.5096
SCALE 1 1 1
X 0.7095 -0.6765 0.1975
Y 0.4618 0.6580 0.5948
Z -0.5323 -0.3308 0.7792

PART 51
OFFSET 15.6510 -1.5944 -7.6802
SCALE 1 1 1
X 0.7095 -0.6765 0.1975
Y 0.4618 0.6580 0.5948
Z -0.5323 -0.3308 0.7792

PART 52
OFFSET 18.2771 -1.1375 -7.2478
SCALE 1 1 1
X 0.5447 -0.8364 -0.0607
Y 0.8386 0.5432 0.0412
Z -0.0015 -0.0734 0.9973

PART 53
OFFSET 19.3308 -1.0197 -6.8258
SCALE 1 1 1
X 0.6828 0.0235 0.7302
Y 0.2804 0.9145 -0.2915
Z -0.6747 0.4038 0.6179

PART 54
OFFSET 20.7946 -0.8554 -5.2447
SCALE 1 1 1
X 0.4714 -0.6827 0.5582
Y 0.6071 0.7103 0.3561
Z -0.6396 0.1711 0.7494

PART 55
OFFSET 21.4478 -1.9808 -4.2809
SCALE 1 1 1
X -0.0219 -0.9237 0.3826
Y 0.7546 0.2357 0.6124
Z -0.6558 0.3021 0.6918

PART 56
OFFSET 21.4069 -2.9618 -3.8251
SCALE 1 1 1
X 0.5606 -0.8273 -0.0358
Y 0.2850 0.2333 -0.9297
Z 0.7775 0.5110 0.3666

PART 57
OFFSET 17.8398 -2.4417 -7.1418
SCALE 1 1 1
X -0.0322 -0.9990 -0.0305
Y -0.0598 -0.0285 0.9978
Z -0.9977 0.0339 -0.0588

PART 58
OFFSET 17.9055 -4.6948 -7.0794
SCALE 1 1 1
X 0.0266 -0.2155 0.9762
Y -0.1834 0.9589 0.2166
Z -0.9827 -0.1848 -0.0140

PART 59
OFFSET 17.9431 -4.9998 -5.6974
SCALE 1 1 1
X -0.0352 0.2878 0.9571
Y -0.2180 0.9324 -0.2884
Z -0.9753 -0.2188 0.0299

PART 60
OFFSET 17.9119 -4.7447 -4.8488
SCALE 1 1 1
X -0.1381 0.8652 0.4821
Y -0.0782 0.4757 -0.8761
Z -0.9873 -0.1587 0.0020

PART 61
OFFSET 17.7808 -3.9227 -4.3909
SCALE 1 1 1
X 0.2975 -0.9374 0.1810
Y -0.0949 -0.2177 -0.9714
Z 0.9500 0.2718 -0.1538

PART 62
OFFSET 18.5171 -2.2545 -7.2670
SCALE 1 1 1
X 0.2608 -0.9632 -0.0644
Y -0.0495 -0.0800 0.9956
Z -0.9641 -0.2565 -0.0685

PART 63
OFFSET 19.0519 -4.7907 -7.4664
SCALE 1 1 1
X -0.0135 -0.0958 0.9953
Y -0.3353 0.9382 0.0858
Z -0.9420 -0.3326 -0.0448

PART 64
OFFSET 19.0289 -4.9539 -5.7719
SCALE 1 1 1
X -0.1626 0.3950 0.9042
Y -0.3025 0.8523 -0.4268
Z -0.9392 -0.3429 -0.0191

PART 65
OFFSET 18.8035 -4.4064 -4.5188
SCALE 1 1 1
X -0.2900 0.7440 0.6019
Y -0.1898 0.5717 -0.7982
Z -0.9380 -0.3457 -0.0246

PART 66
OFFSET 18.4890 -3.5995 -3.8660
SCALE 1 1 1
X 0.2999 -0.9532 -0.0384
Y 0.0512 0.0563 -0.9971
Z 0.9526 0.2971 0.0657

PART 67
OFFSET 21.2870 -2.8928 -6.8350
SCALE 1 1 1
X 0.3499 -0.9124 0.2122
Y 0.1925 -0.1517 -0.9695
Z 0.9168 0.3801 0.1226

PART 68
OFFSET 21.0327 -3.9597 -7.8239
SCALE 1 1 1
X 0.0760 -0.3348 0.9392
Y -0.4474 0.8303 0.3322
Z -0.8911 -0.4455 -0.0867

PART 69
OFFSET 21.1665 -4.5491 -6.1703
SCALE 1 1 1
X -0.2136 0.1644 0.9630
Y -0.4522 0.8572 -0.2466
Z -0.8660 -0.4881 -0.1088

PART 70
OFFSET 20.9594 -4.3197 -4.9930
SCALE 1 1 1
X -0.2584 0.4125 0.8735
Y -0.3810 0.7874 -0.4846
Z -0.8877 -0.4580 -0.0463

PART 71
OFFSET 9.0834 -3.6487 -5.7574
SCALE 1 1 1
X 0.9991 0.0427 0.0052
Y -0.0426 0.9990 -0.0151
Z -0.0059 0.0148 0.9999

PART 72
OFFSET 11.3627 -5.0170 -4.3882
SCALE 1 1 1
X 0.9987 0.0430 0.0257
Y -0.0426 0.9990 -0.0151
Z -0.0263 0.0140 0.9996

PART 73
OFFSET 13.5526 -2.0702 -3.9315
SCALE 1 1 1
X 0.9991 0.0427 0.0052
Y -0.0426 0.9990 -0.0151
Z -0.0059 0.0148 0.9999

PART 74
OFFSET 33.5721 -2.5971 -5.2904
SCALE 1 1 1
X 0.2360 -0.0046 -0.9717
Y -0.0426 0.9990 -0.0151
Z 0.9708 0.0450 0.2356

PART 75
OFFSET 15.9087 -3.3217 -3.3766
SCALE 1 1 1
X 0.9991 0.0427 0.0052
Y -0.0426 0.9990 -0.0151
Z -0.0059 0.0148 0.9999

PART 76
OFFSET 13.5374 -4.2655 -11.0588
SCALE 1 1 1
X -0.0059 0.0148 0.9999
Y -0.0426 0.9990 -0.0151
Z -0.9991 -0.0427 -0.0052

PART 77
OFFSET 13.5163 -3.9152 -10.9230
SCALE 1 1 1
X 0.0345 -0.8642 0.5019
Y -0.0627 0.4993 0.8641
Z -0.9974 -0.0613 -0.0370

PART 78
OFFSET 13.4976 -3.8938 -10.6088
SCALE 1 1 1
X 0.0422 -0.9832 -0.1775
Y -0.0582 -0.1798 0.9820
Z -0.9974 -0.0311 -0.0648

PART 79
OFFSET 13.4724 -3.9682 -10.2792
SCALE 1 1 1
X 0.0399 -0.9765 -0.2117
Y -0.0964 -0.2146 0.9719
Z -0.9945 -0.0184 -0.1027

PART 80
OFFSET 13.4412 -4.0247 -10.0065
SCALE 1 1 1
X 0.0374 -0.9817 -0.1868
Y -0.1206 -0.1900 0.9744
Z -0.9920 -0.0139 -0.1255

PART 81
OFFSET 13.4140 -4.0694 -9.7722
SCALE 1 1 1
X 0.0343 -0.9822 -0.1849
Y -0.0959 -0.1873 0.9776
Z -0.9948 -0.0158 -0.1006

PART 82
OFFSET 13.4025 -4.1033 -9.5216
SCALE 1 1 1
X 0.0424 -0.9977 -0.0526
Y 0.0060 -0.0524 0.9986
Z -0.9991 -0.0426 0.0038

PART 83
OFFSET 13.4241 -4.0853 -9.0699
SCALE 1 1 1
X 0.0575 -0.9940 0.0929
Y 0.0708 0.0969 0.9928
Z -0.9958 -0.0505 0.0760

PART 84
OFFSET 13.4965 -3.9677 -8.2117
SCALE 1 1 1
X 0.0628 -0.9869 0.1486
Y 0.0891 0.1538 0.9841
Z -0.9940 -0.0486 0.0976

PART 85
OFFSET 13.6055 -3.7830 -7.0142
SCALE 1 1 1
X 0.0571 -0.9889 0.1374
Y 0.0881 0.1421 0.9859
Z -0.9945 -0.0442 0.0952

PART 86
OFFSET 13.7051 -3.6446 -5.8172
SCALE 1 1 1
X 0.0478 -0.9966 0.0669
Y 0.0731 0.0703 0.9948
Z -0.9962 -0.0426 0.0762

PART 87
OFFSET 13.7599 -3.6293 -4.9060
SCALE 1 1 1
X 0.0407 -0.9985 -0.0355
Y 0.0453 -0.0337 0.9984
Z -0.9981 -0.0423 0.0438

PART 88
OFFSET 13.7808 -3.6542 -4.2995
SCALE 1 1 1
X 0.0426 -0.9990 -0.0095
Y 0.0244 -0.0084 0.9997
Z -0.9988 -0.0429 0.0240

PART 89
OFFSET 13.7897 -3.5995 -3.9498
SCALE 1 1 1
X 0.0664 -0.8908 0.4495
Y 0.0281 0.4520 0.8916
Z -0.9974 -0.0466 0.0550

PART 90
OFFSET 13.7934 -3.4189 -3.7996
SCALE 1 1 1
X 0.0739 -0.2930 0.9533
Y -0.0074 0.9557 0.2943
Z -0.9972 -0.0288 0.0685

PART 91
OFFSET 13.7830 -3.1398 -3.7829
SCALE 1 1 1
X 0.0530 0.0898 0.9945
Y -0.0643 0.9942 -0.0864
Z -0.9965 -0.0593 0.0584

PART 92
OFFSET 13.7539 -2.7908 -3.8412
SCALE 1 1 1
X 0.0256 0.2256 0.9739
Y -0.0882 0.9709 -0.2226
Z -0.9958 -0.0802 0.0447

PART 93
OFFSET 13.7210 -2.3929 -3.9502
SCALE 1 1 1
X -0.0026 0.2962 0.9551
Y -0.0649 0.9531 -0.2958
Z -0.9979 -0.0628 0.0168

PART 94
OFFSET 13.7027 -1.9639 -4.0931
SCALE 1 1 1
X -0.0193 0.3197 0.9473
Y -0.0196 0.9472 -0.3201
Z -0.9996 -0.0248 -0.0120

PART 95
OFFSET 13.6934 -1.4952 -4.2293
SCALE 1 1 1
X -0.0149 0.2179 0.9759
Y -0.0286 0.9755 -0.2183
Z -0.9995 -0.0311 -0.0083


FRAME 558
PART 0
OFFSET 17.6512 -2.2536 -7.2608
SCALE 1 1 1
X 0.2611 -0.9632 -0.0640
Y -0.0514 -0.0801 0.9955
Z -0.9639 -0.2566 -0.0704

PART 1
OFFSET 17.6512 -2.2536 -7.2608
SCALE 1 1 1
X 0.2611 -0.9632 -0.0640
Y -0.0514 -0.0801 0.9955
Z -0.9639 -0.2566 -0.0704

PART 2
OFFSET -4.6892 -6.6832 -6.4080
SCALE 1 1 1
X -0.9297 -0.3196 0.1830
Y -0.3334 0.9415 -0.0496
Z -0.1565 -0.1071 -0.9819

PART 3
OFFSET 3.3539 -6.1510 -6.3952
SCALE 1 1 1
X -0.6126 -0.7896 0.0357
Y 0.7902 -0.6128 0.0037
Z 0.0190 0.0305 0.9994

PART 4
OFFSET 4.4324 -4.7607 -6.4582
SCALE 1 1 1
X 0.5111 -0.8568 0.0684
Y 0.8593 0.5113 -0.0164
Z -0.0209 0.0672 0.9975

PART 5
OFFSET 3.8098 -3.7151 -6.4807
SCALE 1 1 1
X 0.9694 0.2430 -0.0355
Y -0.2434 0.9699 -0.0092
Z 0.0322 0.0176 0.9993

PART 6
OFFSET 2.7148 -3.9895 -6.4406
SCALE 1 1 1
X -0.0868 -0.9497 0.3010
Y -0.9930 0.0581 -0.1028
Z 0.0802 -0.3078 -0.9481

PART 7
OFFSET 3.2537 -5.9836 -7.4826
SCALE 1 1 1
X -0.3246 -0.9453 -0.0330
Y 0.9416 -0.3262 0.0836
Z -0.0898 -0.0039 0.9960

PART 8
OFFSET 3.8878 -4.1370 -7.4181
SCALE 1 1 1
X 0.8806 -0.4691 0.0666
Y 0.4699 0.8827 0.0042
Z -0.0607 0.0276 0.9978

PART 9
OFFSET 2.6016 -3.4517 -7.5154
SCALE 1 1 1
X 0.8061 0.5917 -0.0032
Y -0.5887 0.8015 -0.1047
Z -0.0594 0.0863 0.9945

PART 10
OFFSET 1.6886 -4.1220 -7.5188
SCALE 1 1 1
X -0.2383 -0.9712 0.0057
Y -0.9712 0.2383 -0.0037
Z 0.0022 -0.0065 -1.0000

PART 11
OFFSET 0.0000 0.0000 0.0000
SCALE 1 1 1
X 1.0000 0.0000 0.0000
