// Export filename: `C:/cod5/cod/cod5/xanim_export/viewmodel/US/30cal/viewmodel_30cal_reload.XANIM_EXPORT`
// Source filename: `C:/cod5/cod/cod5/animation_assets/viewmodel/US/30_cal/viewmodelanimation_30_cal.mb`
// Export time: Fri Aug 29 15:35:13 2008

ANIMATION
VERSION 3

NUMPARTS 96
PART 0 "RingPalm_FK_LE"
PART 1 "RingPalm_SDK_LE"
PART 2 "J_Webbing_RI"
PART 3 "J_Index_RI_0"
PART 4 "J_Index_RI_1"
PART 5 "J_Index_RI_2"
PART 6 "J_Index_RI_3"
PART 7 "J_Mid_RI_0"
PART 8 "J_Mid_RI_1"
PART 9 "J_Mid_RI_2"
PART 10 "J_Mid_RI_3"
PART 11 "tag_cambone"
PART 12 "tag_camera"
PART 13 "tag_gasmask"
PART 14 "J_Index_LE_3"
PART 15 "J_Mid_LE_0"
PART 16 "J_Mid_LE_1"
PART 17 "J_Mid_LE_2"
PART 18 "J_Mid_LE_3"
PART 19 "tag_weapon"
PART 20 "J_Shoulder_RI"
PART 21 "J_Elbow_RI"
PART 22 "J_WristTwist_RI"
PART 23 "J_Sleave_Reshape_Top_RI_3"
PART 24 "J_Sleave_Reshape_Top_RI_2"
PART 25 "J_Sleave_Reshape_Top_RI_1"
PART 26 "J_Wrist_RI"
PART 27 "J_Thumb_RI_0"
PART 28 "J_Thumb_RI_1"
PART 29 "J_Thumb_RI_2"
PART 30 "J_Thumb_RI_3"
PART 31 "J_PinkyPalm_RI"
PART 32 "J_Pinky_RI_0"
PART 33 "J_Pinky_RI_1"
PART 34 "J_Pinky_RI_2"
PART 35 "J_Pinky_RI_3"
PART 36 "J_RingPalm_RI"
PART 37 "J_Ring_RI_0"
PART 38 "J_Ring_RI_1"
PART 39 "J_Ring_RI_2"
PART 40 "J_Ring_RI_3"
PART 41 "RingPalm_FK_RI"
PART 42 "RingPalm_SDK_RI"
PART 43 "tag_torso"
PART 44 "J_Shoulder_LE"
PART 45 "J_Elbow_LE"
PART 46 "J_WristTwist_LE"
PART 47 "J_Sleave_Reshape_Bottom_LE_1"
PART 48 "J_Sleave_Reshape_Bottom_LE_2"
PART 49 "J_Sleave_Reshape_Top_LE_1"
PART 50 "J_Sleave_Reshape_Top_LE_2"
PART 51 "J_Sleave_Reshape_Top_LE_3"
PART 52 "J_Wrist_LE"
PART 53 "J_Thumb_LE_0"
PART 54 "J_Thumb_LE_1"
PART 55 "J_Thumb_LE_2"
PART 56 "J_Thumb_LE_3"
PART 57 "J_PinkyPalm_LE"
PART 58 "J_Pinky_LE_0"
PART 59 "J_Pinky_LE_1"
PART 60 "J_Pinky_LE_2"
PART 61 "J_Pinky_LE_3"
PART 62 "J_RingPalm_LE"
PART 63 "J_Ring_LE_0"
PART 64 "J_Ring_LE_1"
PART 65 "J_Ring_LE_2"
PART 66 "J_Ring_LE_3"
PART 67 "J_Webbing_LE"
PART 68 "J_Index_LE_0"
PART 69 "J_Index_LE_1"
PART 70 "J_Index_LE_2"
PART 71 "J_Gun"
PART 72 "J_Bolt"
PART 73 "J_Clip"
PART 74 "tag_bipod"
PART 75 "tag_top"
PART 76 "ammo01_jnt"
PART 77 "ammo02_jnt"
PART 78 "ammo03_jnt"
PART 79 "ammo04_jnt"
PART 80 "ammo05_jnt"
PART 81 "ammo06_jnt"
PART 82 "ammo07_jnt"
PART 83 "ammo08_jnt"
PART 84 "ammo09_jnt"
PART 85 "ammo10_jnt"
PART 86 "ammo11_jnt"
PART 87 "ammo12_jnt"
PART 88 "ammo13_jnt"
PART 89 "ammo14_jnt"
PART 90 "ammo15_jnt"
PART 91 "ammo16_jnt"
PART 92 "ammo17_jnt"
PART 93 "ammo18_jnt"
PART 94 "ammo19_jnt"
PART 95 "ammo20_jnt"

FRAMERATE 30
NUMFRAMES 263

FRAME 1100
PART 0
OFFSET 18.4454 -2.2567 -7.3033
SCALE 1 1 1
X 0.2603 -0.9633 -0.0652
Y -0.0461 -0.0799 0.9957
Z -0.9644 -0.2561 -0.0652

PART 1
OFFSET 18.4454 -2.2567 -7.3033
SCALE 1 1 1
X 0.2603 -0.9633 -0.0652
Y -0.0461 -0.0799 0.9957
Z -0.9644 -0.2561 -0.0652

PART 2
OFFSET -8.2439 -6.1971 -6.0306
SCALE 1 1 1
X -0.9289 -0.3191 0.1881
Y -0.3331 0.9417 -0.0480
Z -0.1618 -0.1072 -0.9810

PART 3
OFFSET -0.2006 -5.6690 -6.0608
SCALE 1 1 1
X -0.6128 -0.7893 0.0392
Y 0.7899 -0.6132 -0.0004
Z 0.0243 0.0307 0.9992

PART 4
OFFSET 0.8782 -4.2793 -6.1298
SCALE 1 1 1
X 0.5110 -0.8570 0.0659
Y 0.8594 0.5108 -0.0211
Z -0.0156 0.0674 0.9976

PART 5
OFFSET 0.2560 -3.2333 -6.1493
SCALE 1 1 1
X 0.9693 0.2425 -0.0407
Y -0.2430 0.9700 -0.0081
Z 0.0376 0.0178 0.9991

PART 6
OFFSET -0.8388 -3.5072 -6.1033
SCALE 1 1 1
X -0.0856 -0.9496 0.3016
Y -0.9935 0.0586 -0.0976
Z 0.0750 -0.3080 -0.9484

PART 7
OFFSET -0.3066 -5.5018 -7.1477
SCALE 1 1 1
X -0.3252 -0.9451 -0.0311
Y 0.9419 -0.3267 0.0786
Z -0.0844 -0.0037 0.9964

PART 8
OFFSET 0.3288 -3.6554 -7.0870
SCALE 1 1 1
X 0.8807 -0.4696 0.0620
Y 0.4704 0.8825 0.0015
Z -0.0554 0.0278 0.9981

PART 9
OFFSET -0.9576 -2.9696 -7.1775
SCALE 1 1 1
X 0.8064 0.5913 -0.0076
Y -0.5889 0.8018 -0.1017
Z -0.0540 0.0865 0.9948

PART 10
OFFSET -1.8709 -3.6393 -7.1760
SCALE 1 1 1
X -0.2388 -0.9710 0.0072
Y -0.9711 0.2388 0.0015
Z -0.0031 -0.0067 -1.0000

PART 11
OFFSET 0.0000 0.0000 0.0000
SCALE 1 1 1
X 1.0000 0.0000 0.0000
Y 0.0000 1.0000 0.0000
Z 0.0000 0.0000 1.0000

PART 12
OFFSET 0.0000 0.0000 0.0000
SCALE 1 1 1
X 1.0000 0.0000 0.0000
Y 0.0000 1.0000 0.0000
Z 0.0000 0.0000 1.0000

PART 13
OFFSET 0.0000 0.0000 0.0000
SCALE 1 1 1
X 1.0000 0.0000 0.0000
Y 0.0000 1.0000 0.0000
Z 0.0000 0.0000 1.0000

PART 14
OFFSET 20.6063 -3.8563 -4.0497
SCALE 1 1 1
X 0.1784 -0.9740 0.1396
Y 0.2457 -0.0933 -0.9649
Z 0.9528 0.2065 0.2226

PART 15
OFFSET 19.9906 -4.4758 -7.7246
SCALE 1 1 1
X 0.0622 -0.1896 0.9799
Y -0.5017 0.8428 0.1950
Z -0.8628 -0.5037 -0.0427

PART 16
OFFSET 20.1122 -4.8462 -5.8103
SCALE 1 1 1
X -0.2484 0.3019 0.9204
Y -0.4195 0.8229 -0.3832
Z -0.8731 -0.4813 -0.0778

PART 17
OFFSET 19.7494 -4.4052 -4.4660
SCALE 1 1 1
X -0.4355 0.7185 0.5423
Y -0.1537 0.5342 -0.8313
Z -0.8870 -0.4453 -0.1222

PART 18
OFFSET 19.2500 -3.5949 -3.8521
SCALE 1 1 1
X 0.4888 -0.8637 0.1229
Y 0.0961 -0.0868 -0.9916
Z 0.8671 0.4965 0.0406

PART 19
OFFSET 9.0164 -3.6472 -5.7617
SCALE 1 1 1
X 0.9991 0.0423 0.0018
Y -0.0423 0.9990 -0.0151
Z -0.0025 0.0150 0.9999

PART 20
OFFSET -4.3277 -7.9373 -3.1869
SCALE 1 1 1
X 0.8828 0.0743 0.4638
Y 0.1205 -0.9902 -0.0708
Z 0.4540 0.1184 -0.8831

PART 21
OFFSET -15.0045 -8.8360 -8.7958
SCALE 1 1 1
X -0.9421 -0.2901 -0.1684
Y -0.0150 0.5379 -0.8429
Z 0.3351 -0.7915 -0.5110

PART 22
OFFSET -6.9919 -6.3684 -7.3639
SCALE 1 1 1
X -0.9421 -0.2901 -0.1684
Y 0.1865 -0.0359 -0.9818
Z 0.2788 -0.9563 0.0880

PART 23
OFFSET -6.1353 -5.1452 -5.7156
SCALE 1 1 1
X -0.9429 -0.2912 -0.1619
Y -0.3322 0.7846 0.5236
Z -0.0254 0.5474 -0.8365

PART 24
OFFSET -5.6347 -5.8451 -5.0427
SCALE 1 1 1
X -0.9429 -0.2912 -0.1619
Y -0.3322 0.7846 0.5236
Z -0.0254 0.5474 -0.8365

PART 25
OFFSET -4.9091 -6.8457 -6.7901
SCALE 1 1 1
X -0.9429 -0.2912 -0.1619
Y -0.3322 0.7846 0.5236
Z -0.0254 0.5474 -0.8365

PART 26
OFFSET -4.1038 -5.4790 -6.8478
SCALE 1 1 1
X -0.9989 -0.0452 -0.0077
Y 0.0080 -0.0066 -0.9999
Z 0.0452 -0.9990 0.0070

PART 27
OFFSET -3.6807 -5.0421 -5.8822
SCALE 1 1 1
X -0.6457 -0.4987 -0.5783
Y 0.4372 0.3795 -0.8154
Z 0.6261 -0.7793 -0.0270

PART 28
OFFSET -2.3659 -3.9604 -4.5514
SCALE 1 1 1
X -0.9057 -0.4225 0.0358
Y 0.0120 -0.1099 -0.9939
Z 0.4238 -0.8997 0.1046

PART 29
OFFSET -0.9506 -3.1841 -4.6802
SCALE 1 1 1
X -0.7376 -0.4484 0.5048
Y -0.4090 -0.2981 -0.8625
Z 0.5373 -0.8426 0.0365

PART 30
OFFSET -0.1706 -2.6556 -5.2131
SCALE 1 1 1
X -0.9739 0.1488 0.1714
Y 0.1402 0.9882 -0.0611
Z -0.1785 -0.0355 -0.9833

PART 31
OFFSET -3.2590 -5.2459 -7.9133
SCALE 1 1 1
X -0.8217 -0.0762 0.5648
Y 0.1141 -0.9930 0.0320
Z 0.5584 0.0907 0.8246

PART 32
OFFSET -1.3454 -4.9397 -9.0662
SCALE 1 1 1
X -0.7313 -0.6800 -0.0528
Y 0.6808 -0.7233 -0.1155
Z 0.0403 -0.1204 0.9919

PART 33
OFFSET -0.3100 -3.9770 -8.9914
SCALE 1 1 1
X 0.7203 -0.6884 -0.0855
Y 0.6935 0.7123 0.1076
Z -0.0132 -0.1368 0.9905

PART 34
OFFSET -0.9487 -3.3667 -8.9156
SCALE 1 1 1
X 0.9680 0.2509 -0.0050
Y -0.2496 0.9645 0.0868
Z 0.0266 -0.0828 0.9962

PART 35
OFFSET -1.8683 -3.6051 -8.9109
SCALE 1 1 1
X -0.5875 -0.7854 -0.1947
Y -0.8080 0.5562 0.1946
Z -0.0446 0.2717 -0.9614

PART 36
OFFSET -3.0383 -5.3710 -7.2461
SCALE 1 1 1
X -0.9528 -0.0470 0.2998
Y 0.0652 -0.9966 0.0510
Z 0.2963 0.0682 0.9526

PART 37
OFFSET -0.6079 -5.2811 -8.1645
SCALE 1 1 1
X -0.4244 -0.9050 0.0297
Y 0.8981 -0.4249 -0.1135
Z 0.1154 -0.0215 0.9931

PART 38
OFFSET 0.1147 -3.7404 -8.2152
SCALE 1 1 1
X 0.9119 -0.3967 -0.1052
Y 0.3990 0.9170 -0.0000
Z 0.0965 -0.0419 0.9945

PART 39
OFFSET -1.1491 -3.1905 -8.0694
SCALE 1 1 1
X 0.6936 0.7195 -0.0344
Y -0.7146 0.6933 0.0928
Z 0.0906 -0.0398 0.9951

PART 40
OFFSET -1.9014 -3.9708 -8.0321
SCALE 1 1 1
X -0.1556 -0.9875 0.0241
Y -0.9862 0.1567 0.0529
Z -0.0560 -0.0155 -0.9983

PART 41
OFFSET -3.0383 -5.3710 -7.2461
SCALE 1 1 1
X -0.9528 -0.0470 0.2998
Y 0.0652 -0.9966 0.0510
Z 0.2963 0.0682 0.9526

PART 42
OFFSET -3.0383 -5.3710 -7.2461
SCALE 1 1 1
X -0.9528 -0.0470 0.2998
Y 0.0652 -0.9966 0.0510
Z 0.2963 0.0682 0.9526

PART 43
OFFSET 3.7075 0.0000 -1.3770
SCALE 1 1 1
X 1.0000 0.0000 0.0000
Y 0.0000 1.0000 0.0000
Z 0.0000 0.0000 1.0000

PART 44
OFFSET -0.0838 7.9373 -3.1869
SCALE 1 1 1
X 0.8406 -0.0974 -0.5328
Y -0.2477 -0.9439 -0.2183
Z -0.4817 0.3154 -0.8176

PART 45
OFFSET 10.0825 6.7593 -9.6305
SCALE 1 1 1
X 0.7020 -0.6826 0.2028
Y -0.5448 -0.3314 0.7703
Z -0.4586 -0.6513 -0.6045

PART 46
OFFSET 16.0537 0.9531 -7.9053
SCALE 1 1 1
X 0.7020 -0.6826 0.2028
Y 0.6875 0.7239 0.0569
Z -0.1857 0.0995 0.9776

PART 47
OFFSET 18.2455 1.4284 -7.0067
SCALE 1 1 1
X 0.7065 -0.6789 0.1999
Y 0.4644 0.6579 0.5928
Z -0.5340 -0.3260 0.7801

PART 48
OFFSET 17.1147 0.2013 -9.1083
SCALE 1 1 1
X 0.7065 -0.6789 0.1999
Y 0.4644 0.6579 0.5928
Z -0.5340 -0.3260 0.7801

PART 49
OFFSET 17.3439 0.1674 -5.5536
SCALE 1 1 1
X 0.7065 -0.6789 0.1999
Y 0.4644 0.6579 0.5928
Z -0.5340 -0.3260 0.7801

PART 50
OFFSET 16.4809 -0.8692 -6.5467
SCALE 1 1 1
X 0.7065 -0.6789 0.1999
Y 0.4644 0.6579 0.5928
Z -0.5340 -0.3260 0.7801

PART 51
OFFSET 15.5780 -1.5867 -7.7152
SCALE 1 1 1
X 0.7065 -0.6789 0.1999
Y 0.4644 0.6579 0.5928
Z -0.5340 -0.3260 0.7801

PART 52
OFFSET 18.2059 -1.1396 -7.2835
SCALE 1 1 1
X 0.5442 -0.8366 -0.0625
Y 0.8390 0.5429 0.0383
Z 0.0018 -0.0733 0.9973

PART 53
OFFSET 19.2611 -1.0222 -6.8650
SCALE 1 1 1
X 0.6853 0.0233 0.7279
Y 0.2797 0.9144 -0.2926
Z -0.6724 0.4041 0.6201

PART 54
OFFSET 20.7303 -0.8582 -5.2889
SCALE 1 1 1
X 0.4730 -0.6829 0.5567
Y 0.6086 0.7102 0.3539
Z -0.6370 0.1714 0.7515

PART 55
OFFSET 21.3863 -1.9837 -4.3272
SCALE 1 1 1
X -0.0210 -0.9236 0.3828
Y 0.7567 0.2355 0.6098
Z -0.6534 0.3025 0.6940

PART 56
OFFSET 21.3466 -2.9647 -3.8711
SCALE 1 1 1
X 0.5601 -0.8275 -0.0376
Y 0.2820 0.2331 -0.9307
Z 0.7789 0.5107 0.3639

PART 57
OFFSET 17.7685 -2.4437 -7.1758
SCALE 1 1 1
X -0.0326 -0.9990 -0.0303
Y -0.0564 -0.0284 0.9980
Z -0.9979 0.0343 -0.0554

PART 58
OFFSET 17.8335 -4.6967 -7.1133
SCALE 1 1 1
X 0.0298 -0.2153 0.9761
Y -0.1823 0.9590 0.2171
Z -0.9828 -0.1844 -0.0106

PART 59
OFFSET 17.8757 -5.0016 -5.7314
SCALE 1 1 1
X -0.0319 0.2879 0.9571
Y -0.2186 0.9324 -0.2878
Z -0.9753 -0.2184 0.0332

PART 60
OFFSET 17.8475 -4.7464 -4.8828
SCALE 1 1 1
X -0.1361 0.8653 0.4824
Y -0.0810 0.4756 -0.8759
Z -0.9874 -0.1583 0.0053

PART 61
OFFSET 17.7182 -3.9243 -4.4245
SCALE 1 1 1
X 0.2977 -0.9375 0.1801
Y -0.0983 -0.2178 -0.9710
Z 0.9496 0.2714 -0.1570

PART 62
OFFSET 18.4454 -2.2567 -7.3033
SCALE 1 1 1
X 0.2603 -0.9633 -0.0652
Y -0.0461 -0.0799 0.9957
Z -0.9644 -0.2561 -0.0652

PART 63
OFFSET 18.9786 -4.7932 -7.5042
SCALE 1 1 1
X -0.0102 -0.0957 0.9954
Y -0.3347 0.9383 0.0868
Z -0.9423 -0.3322 -0.0416

PART 64
OFFSET 18.9612 -4.9561 -5.8096
SCALE 1 1 1
X -0.1594 0.3952 0.9047
Y -0.3036 0.8523 -0.4258
Z -0.9394 -0.3425 -0.0159

PART 65
OFFSET 18.7403 -4.4084 -4.5558
SCALE 1 1 1
X -0.2877 0.7442 0.6028
Y -0.1923 0.5717 -0.7976
Z -0.9382 -0.3454 -0.0214

PART 66
OFFSET 18.4283 -3.6013 -3.9021
SCALE 1 1 1
X 0.2994 -0.9533 -0.0393
Y 0.0478 0.0561 -0.9973
Z 0.9529 0.2967 0.0624

PART 67
OFFSET 21.2166 -2.8960 -6.8806
SCALE 1 1 1
X 0.3503 -0.9125 0.2111
Y 0.1892 -0.1519 -0.9701
Z 0.9173 0.3798 0.1194

PART 68
OFFSET 20.9585 -3.9629 -7.8685
SCALE 1 1 1
X 0.0791 -0.3347 0.9390
Y -0.4460 0.8306 0.3336
Z -0.8915 -0.4451 -0.0836

PART 69
OFFSET 21.0977 -4.5522 -6.2153
SCALE 1 1 1
X -0.2103 0.1646 0.9637
Y -0.4527 0.8573 -0.2452
Z -0.8665 -0.4878 -0.1058

PART 70
OFFSET 20.8946 -4.3225 -5.0373
SCALE 1 1 1
X -0.2553 0.4128 0.8743
Y -0.3823 0.7875 -0.4834
Z -0.8881 -0.4577 -0.0433

PART 71
OFFSET 9.0164 -3.6472 -5.7617
SCALE 1 1 1
X 0.9991 0.0423 0.0018
Y -0.0423 0.9990 -0.0151
Z -0.0025 0.0150 0.9999

PART 72
OFFSET 11.2998 -5.0162 -4.4000
SCALE 1 1 1
X 0.9988 0.0426 0.0223
Y -0.0423 0.9990 -0.0151
Z -0.0229 0.0141 0.9996

PART 73
OFFSET 13.4923 -2.0701 -3.9511
SCALE 1 1 1
X 0.9991 0.0423 0.0018
Y -0.0423 0.9990 -0.0151
Z -0.0025 0.0150 0.9999

PART 74
OFFSET 33.5069 -2.6048 -5.3776
SCALE 1 1 1
X 0.2327 -0.0048 -0.9725
Y -0.0423 0.9990 -0.0151
Z 0.9716 0.0446 0.2323

PART 75
OFFSET 15.8498 -3.3224 -3.4040
SCALE 1 1 1
X 0.9991 0.0423 0.0018
Y -0.0423 0.9990 -0.0151
Z -0.0025 0.0150 0.9999

PART 76
OFFSET 13.2556 -2.9125 -22.3781
SCALE 1 1 1
X -0.0025 0.0150 0.9999
Y -0.0423 0.9990 -0.0151
Z -0.9991 -0.0423 -0.0018

PART 77
OFFSET 13.2311 -2.3249 -22.4933
SCALE 1 1 1
X -0.0151 0.3254 0.9455
Y -0.0383 0.9447 -0.3257
Z -0.9992 -0.0411 -0.0018

PART 78
OFFSET 13.2092 -1.7477 -22.7375
SCALE 1 1 1
X -0.0160 0.4213 0.9068
Y -0.0317 0.9062 -0.4216
Z -0.9994 -0.0355 -0.0011

PART 79
OFFSET 13.1914 -1.1762 -22.9887
SCALE 1 1 1
X -0.0051 0.3716 0.9284
Y -0.0262 0.9280 -0.3716
Z -0.9996 -0.0262 0.0050

PART 80
OFFSET 13.1744 -0.6109 -23.2014
SCALE 1 1 1
X 0.0149 0.3412 0.9399
Y -0.0324 0.9397 -0.3406
Z -0.9994 -0.0254 0.0251

PART 81
OFFSET 13.1498 -0.0577 -23.4062
SCALE 1 1 1
X 0.0471 0.3645 0.9300
Y -0.0533 0.9306 -0.3621
Z -0.9975 -0.0325 0.0632

PART 82
OFFSET 13.1126 0.4800 -23.6269
SCALE 1 1 1
X 0.0947 0.3941 0.9142
Y -0.0713 0.9186 -0.3887
Z -0.9930 -0.0283 0.1151

PART 83
OFFSET 13.0714 1.0094 -23.8476
SCALE 1 1 1
X 0.1508 0.3776 0.9136
Y -0.0683 0.9260 -0.3714
Z -0.9862 -0.0064 0.1654

PART 84
OFFSET 13.0383 1.5395 -24.0436
SCALE 1 1 1
X 0.1986 0.3258 0.9243
Y -0.0471 0.9452 -0.3230
Z -0.9790 0.0206 0.2030

PART 85
OFFSET 13.0181 2.0574 -24.2208
SCALE 1 1 1
X 0.2223 0.3355 0.9154
Y -0.0274 0.9407 -0.3381
Z -0.9746 0.0500 0.2183

PART 86
OFFSET 13.0082 2.5286 -24.4159
SCALE 1 1 1
X 0.2315 0.4355 0.8699
Y -0.0115 0.8954 -0.4452
Z -0.9728 0.0931 0.2123

PART 87
OFFSET 13.0049 2.9310 -24.6583
SCALE 1 1 1
X 0.2328 0.5617 0.7939
Y -0.0053 0.8170 -0.5766
Z -0.9725 0.1301 0.1932

PART 88
OFFSET 13.0004 3.2970 -24.9428
SCALE 1 1 1
X 0.2252 0.6247 0.7476
Y -0.0171 0.7698 -0.6381
Z -0.9742 0.1309 0.1841

PART 89
OFFSET 12.9875 3.6718 -25.2553
SCALE 1 1 1
X 0.2081 0.6238 0.7533
Y -0.0247 0.7733 -0.6335
Z -0.9778 0.1132 0.1763

PART 90
OFFSET 12.9978 4.0835 -25.5740
SCALE 1 1 1
X 0.1827 0.5609 0.8074
Y 0.0840 0.8094 -0.5813
Z -0.9796 0.1740 0.1008

PART 91
OFFSET 13.1016 4.5439 -25.8691
SCALE 1 1 1
X 0.1481 0.4423 0.8846
Y 0.2980 0.8329 -0.4663
Z -0.9430 0.3326 -0.0085

PART 92
OFFSET 13.3360 5.0633 -26.1200
SCALE 1 1 1
X 0.1001 0.3445 0.9334
Y 0.4123 0.8394 -0.3541
Z -0.9055 0.4203 -0.0580

PART 93
OFFSET 13.5977 5.6508 -26.3434
SCALE 1 1 1
X 0.0515 0.3126 0.9485
Y 0.3274 0.8920 -0.3117
Z -0.9435 0.3265 -0.0564

PART 94
OFFSET 13.7534 6.3134 -26.5631
SCALE 1 1 1
X 0.0204 0.2961 0.9550
Y 0.1081 0.9489 -0.2965
Z -0.9939 0.1093 -0.0127

PART 95
OFFSET 13.7850 7.0117 -26.7536
SCALE 1 1 1
X 0.0072 0.2148 0.9766
Y 0.0017 0.9766 -0.2148
Z -1.0000 0.0032 0.0066


FRAME 1101
PART 0
OFFSET 18.4389 -2.2329 -7.2848
SCALE 1 1 1
X 0.2637 -0.9624 -0.0644
Y -0.0470 -0.0795 0.9957
Z -0.9635 -0.2596 -0.0662

PART 1
OFFSET 18.4389 -2.2329 -7.2848
SCALE 1 1 1
X 0.2637 -0.9624 -0.0644
Y -0.0470 -0.0795 0.9957
Z -0.9635 -0.2596 -0.0662

PART 2
OFFSET -8.0252 -6.3631 -5.9525
SCALE 1 1 1
X -0.9289 -0.3196 0.1871
Y -0.3332 0.9417 -0.0458
Z -0.1615 -0.1048 -0.9813

PART 3
OFFSET 0.0180 -5.8344 -5.9797
SCALE 1 1 1
X -0.6174 -0.7858 0.0370
Y 0.7863 -0.6178 -0.0015
Z 0.0240 0.0282 0.9993

PART 4
OFFSET 1.1050 -4.4509 -6.0448
SCALE 1 1 1
X 0.4993 -0.8641 0.0642
Y 0.8663 0.4992 -0.0189
Z -0.0157 0.0651 0.9978

PART 5
OFFSET 0.4971 -3.3965 -6.0622
SCALE 1 1 1
X 0.9750 0.2186 -0.0391
Y -0.2190 0.9757 -0.0063
Z 0.0367 0.0147 0.9992

PART 6
OFFSET -0.6042 -3.6434 -6.0181
SCALE 1 1 1
X -0.1094 -0.9478 0.2995
Y -0.9916 0.0833 -0.0986
Z 0.0685 -0.3078 -0.9490

PART 7
OFFSET -0.0877 -5.6646 -7.0662
SCALE 1 1 1
X -0.3292 -0.9437 -0.0334
Y 0.9405 -0.3308 0.0775
Z -0.0842 -0.0059 0.9964

PART 8
OFFSET 0.5555 -3.8211 -7.0009
SCALE 1 1 1
X 0.8758 -0.4790 0.0604
Y 0.4796 0.8775 0.0040
Z -0.0550 0.0255 0.9982

PART 9
OFFSET -0.7237 -3.1215 -7.0892
SCALE 1 1 1
X 0.8158 0.5783 -0.0055
Y -0.5759 0.8115 -0.0993
Z -0.0530 0.0841 0.9950

PART 10
OFFSET -1.6476 -3.7765 -7.0901
SCALE 1 1 1
X -0.2543 -0.9671 0.0040
Y -0.9671 0.2543 0.0019
Z -0.0029 -0.0034 -1.0000

PART 11
OFFSET 0.0000 0.0000 0.0000
SCALE 1 1 1
X 1.0000 0.0000 0.0000
Y 0.0000 1.0000 0.0000
Z 0.0000 0.0000 1.0000

PART 12
OFFSET 0.0000 -0.0069 0.0000
SCALE 1 1 1
X 1.0000 -0.0009 0.0001
Y 0.0009 1.0000 -0.0004
Z -0.0001 0.0004 1.0000

PART 13
OFFSET -0.0000 0.0000 0.0000
SCALE 1 1 1
X 1.0000 -0.0009 0.0001
Y 0.0009 1.0000 -0.0004
Z -0.0001 0.0004 1.0000

PART 14
OFFSET 20.6017 -3.8232 -4.0279
SCALE 1 1 1
X 0.1817 -0.9733 0.1403
Y 0.2471 -0.0929 -0.9645
Z 0.9518 0.2099 0.2236

PART 15
OFFSET 19.9924 -4.4468 -7.7032
SCALE 1 1 1
X 0.0618 -0.1889 0.9801
Y -0.5048 0.8411 0.1940
Z -0.8610 -0.5068 -0.0434

PART 16
OFFSET 20.1131 -4.8158 -5.7886
SCALE 1 1 1
X -0.2505 0.3015 0.9199
Y -0.4219 0.8212 -0.3841
Z -0.8713 -0.4844 -0.0785

PART 17
OFFSET 19.7472 -4.3753 -4.4449
SCALE 1 1 1
X -0.4386 0.7173 0.5414
Y -0.1546 0.5332 -0.8317
Z -0.8853 -0.4485 -0.1230

PART 18
OFFSET 19.2442 -3.5665 -3.8320
SCALE 1 1 1
X 0.4917 -0.8619 0.1240
Y 0.0975 -0.0869 -0.9914
Z 0.8653 0.4995 0.0413

PART 19
OFFSET 9.0131 -3.6559 -5.7532
SCALE 1 1 1
X 0.9989 0.0458 0.0030
Y -0.0458 0.9988 -0.0156
Z -0.0037 0.0155 0.9999

PART 20
OFFSET -4.3277 -7.9373 -3.1869
SCALE 1 1 1
X 0.8686 0.0495 0.4931
Y 0.0831 -0.9955 -0.0464
Z 0.4885 0.0812 -0.8687

PART 21
OFFSET -14.8322 -8.5359 -9.1501
SCALE 1 1 1
X -0.9461 -0.2500 -0.2060
Y 0.0472 0.5227 -0.8512
Z 0.3205 -0.8150 -0.4827

PART 22
OFFSET -6.7853 -6.4093 -7.3984
SCALE 1 1 1
X -0.9461 -0.2500 -0.2060
Y 0.2201 -0.0296 -0.9750
Z 0.2377 -0.9678 0.0830

PART 23
OFFSET -5.9373 -5.2241 -5.7445
SCALE 1 1 1
X -0.9472 -0.2509 -0.1995
Y -0.3184 0.8081 0.4955
Z 0.0369 0.5329 -0.8454

PART 24
OFFSET -5.4961 -5.9439 -5.0431
SCALE 1 1 1
X -0.9472 -0.2509 -0.1995
Y -0.3184 0.8081 0.4955
Z 0.0369 0.5329 -0.8454

PART 25
OFFSET -4.7564 -6.9956 -6.6830
SCALE 1 1 1
X -0.9472 -0.2509 -0.1995
Y -0.3184 0.8081 0.4955
Z 0.0369 0.5329 -0.8454

PART 26
OFFSET -3.8850 -5.6427 -6.7670
SCALE 1 1 1
X -0.9989 -0.0453 -0.0081
Y 0.0083 -0.0042 -1.0000
Z 0.0452 -0.9990 0.0045

PART 27
OFFSET -3.4622 -5.2082 -5.8002
SCALE 1 1 1
X -0.6445 -0.4959 -0.5819
Y 0.4391 0.3829 -0.8127
Z 0.6259 -0.7794 -0.0290

PART 28
OFFSET -2.1499 -4.1328 -4.4618
SCALE 1 1 1
X -0.9058 -0.4227 0.0291
Y 0.0167 -0.1043 -0.9944
Z 0.4233 -0.9003 0.1016

PART 29
OFFSET -0.7340 -3.3559 -4.5795
SCALE 1 1 1
X -0.7422 -0.4528 0.4940
Y -0.4008 -0.2908 -0.8688
Z 0.5371 -0.8428 0.0343

PART 30
OFFSET 0.0508 -2.8227 -5.1005
SCALE 1 1 1
X -0.9755 0.1472 0.1636
Y 0.1406 0.9887 -0.0514
Z -0.1693 -0.0271 -0.9852

PART 31
OFFSET -3.0400 -5.4070 -7.8318
SCALE 1 1 1
X -0.8218 -0.0776 0.5644
Y 0.1141 -0.9930 0.0296
Z 0.5582 0.0887 0.8250

PART 32
OFFSET -1.1261 -5.0979 -8.9834
SCALE 1 1 1
X -0.7332 -0.6779 -0.0539
Y 0.6788 -0.7249 -0.1173
Z 0.0404 -0.1226 0.9916

PART 33
OFFSET -0.0880 -4.1382 -8.9071
SCALE 1 1 1
X 0.7165 -0.6921 -0.0875
Y 0.6975 0.7083 0.1086
Z -0.0132 -0.1388 0.9902

PART 34
OFFSET -0.7233 -3.5246 -8.8295
SCALE 1 1 1
X 0.9700 0.2432 -0.0055
Y -0.2417 0.9662 0.0890
Z 0.0269 -0.0850 0.9960

PART 35
OFFSET -1.6448 -3.7556 -8.8243
SCALE 1 1 1
X -0.5940 -0.7803 -0.1957
Y -0.8033 0.5622 0.1966
Z -0.0433 0.2740 -0.9607

PART 36
OFFSET -2.8194 -5.5338 -7.1648
SCALE 1 1 1
X -0.9529 -0.0478 0.2995
Y 0.0653 -0.9967 0.0486
Z 0.2961 0.0659 0.9529

PART 37
OFFSET -0.3888 -5.4415 -8.0825
SCALE 1 1 1
X -0.4270 -0.9039 0.0261
Y 0.8970 -0.4270 -0.1142
Z 0.1143 -0.0253 0.9931

PART 38
OFFSET 0.3381 -3.9026 -8.1269
SCALE 1 1 1
X 0.9091 -0.4030 -0.1057
Y 0.4055 0.9141 0.0031
Z 0.0954 -0.0457 0.9944

PART 39
OFFSET -0.9218 -3.3441 -7.9804
SCALE 1 1 1
X 0.7012 0.7122 -0.0319
Y -0.7073 0.7006 0.0943
Z 0.0895 -0.0436 0.9950

PART 40
OFFSET -1.6823 -4.1166 -7.9458
SCALE 1 1 1
X -0.1661 -0.9859 0.0212
Y -0.9845 0.1670 0.0527
Z -0.0555 -0.0121 -0.9984

PART 41
OFFSET -2.8194 -5.5338 -7.1648
SCALE 1 1 1
X -0.9529 -0.0478 0.2995
Y 0.0653 -0.9967 0.0486
Z 0.2961 0.0659 0.9529

PART 42
OFFSET -2.8194 -5.5338 -7.1648
SCALE 1 1 1
X -0.9529 -0.0478 0.2995
Y 0.0653 -0.9967 0.0486
Z 0.2961 0.0659 0.9529

PART 43
OFFSET 3.7075 0.0000 -1.3770
SCALE 1 1 1
X 1.0000 0.0000 0.0000
Y 0.0000 1.0000 0.0000
Z 0.0000 0.0000 1.0000

PART 44
OFFSET -0.0838 7.9373 -3.1869
SCALE 1 1 1
X 0.8402 -0.0958 -0.5338
Y -0.2459 -0.9445 -0.2176
Z -0.4833 0.3141 -0.8172

PART 45
OFFSET 10.0775 6.7791 -9.6421
SCALE 1 1 1
X 0.7016 -0.6824 0.2054
Y -0.5460 -0.3295 0.7703
Z -0.4579 -0.6525 -0.6038

PART 46
OFFSET 16.0446 0.9752 -7.8954
SCALE 1 1 1
X 0.7016 -0.6824 0.2054
Y 0.6875 0.7240 0.0570
Z -0.1876 0.1012 0.9770

PART 47
OFFSET 18.2353 1.4519 -6.9947
SCALE 1 1 1
X 0.7061 -0.6786 0.2024
Y 0.4637 0.6591 0.5920
Z -0.5352 -0.3242 0.7801

PART 48
OFFSET 17.1072 0.2204 -9.0952
SCALE 1 1 1
X 0.7061 -0.6786 0.2024
Y 0.4637 0.6591 0.5920
Z -0.5352 -0.3242 0.7801

PART 49
OFFSET 17.3312 0.1944 -5.5402
SCALE 1 1 1
X 0.7061 -0.6786 0.2024
Y 0.4637 0.6591 0.5920
Z -0.5352 -0.3242 0.7801

PART 50
OFFSET 16.4694 -0.8442 -6.5322
SCALE 1 1 1
X 0.7061 -0.6786 0.2024
Y 0.4637 0.6591 0.5920
Z -0.5352 -0.3242 0.7801

PART 51
OFFSET 15.5680 -1.5641 -7.7004
SCALE 1 1 1
X 0.7061 -0.6786 0.2024
Y 0.4637 0.6591 0.5920
Z -0.5352 -0.3242 0.7801

PART 52
OFFSET 18.1954 -1.1167 -7.2659
SCALE 1 1 1
X 0.5472 -0.8347 -0.0614
Y 0.8370 0.5458 0.0390
Z 0.0010 -0.0727 0.9974

PART 53
OFFSET 19.2497 -0.9953 -6.8463
SCALE 1 1 1
X 0.6843 0.0261 0.7287
Y 0.2769 0.9152 -0.2928
Z -0.6746 0.4021 0.6191

PART 54
OFFSET 20.7165 -0.8253 -5.2686
SCALE 1 1 1
X 0.4748 -0.6809 0.5576
Y 0.6057 0.7125 0.3542
Z -0.6385 0.1696 0.7507

PART 55
OFFSET 21.3754 -1.9480 -4.3055
SCALE 1 1 1
X -0.0182 -0.9235 0.3832
Y 0.7552 0.2385 0.6106
Z -0.6552 0.3005 0.6931

PART 56
OFFSET 21.3386 -2.9288 -3.8489
SCALE 1 1 1
X 0.5631 -0.8256 -0.0365
Y 0.2822 0.2336 -0.9305
Z 0.7767 0.5137 0.3645

PART 57
OFFSET 17.7624 -2.4222 -7.1580
SCALE 1 1 1
X -0.0291 -0.9991 -0.0298
Y -0.0574 -0.0281 0.9980
Z -0.9979 0.0307 -0.0566

PART 58
OFFSET 17.8354 -4.6750 -7.0943
SCALE 1 1 1
X 0.0295 -0.2147 0.9762
Y -0.1859 0.9584 0.2164
Z -0.9821 -0.1879 -0.0117

PART 59
OFFSET 17.8771 -4.9790 -5.7121
SCALE 1 1 1
X -0.0340 0.2883 0.9569
Y -0.2215 0.9315 -0.2885
Z -0.9746 -0.2218 0.0322

PART 60
OFFSET 17.8470 -4.7234 -4.8637
SCALE 1 1 1
X -0.1397 0.8651 0.4818
Y -0.0816 0.4748 -0.8763
Z -0.9868 -0.1618 0.0043

PART 61
OFFSET 17.7143 -3.9016 -4.4060
SCALE 1 1 1
X 0.3008 -0.9364 0.1810
Y -0.0964 -0.2187 -0.9710
Z 0.9488 0.2747 -0.1561

PART 62
OFFSET 18.4389 -2.2329 -7.2848
SCALE 1 1 1
X 0.2637 -0.9624 -0.0644
Y -0.0470 -0.0795 0.9957
Z -0.9635 -0.2596 -0.0662

PART 63
OFFSET 18.9813 -4.7676 -7.4838
SCALE 1 1 1
X -0.0110 -0.0952 0.9954
Y -0.3381 0.9372 0.0859
Z -0.9411 -0.3356 -0.0425

PART 64
OFFSET 18.9625 -4.9297 -5.7891
SCALE 1 1 1
X -0.1618 0.3951 0.9043
Y -0.3061 0.8510 -0.4266
Z -0.9381 -0.3459 -0.0168

PART 65
OFFSET 18.7382 -4.3821 -4.5359
SCALE 1 1 1
X -0.2910 0.7435 0.6021
Y -0.1934 0.5706 -0.7981
Z -0.9370 -0.3487 -0.0223

PART 66
OFFSET 18.4226 -3.5757 -3.8829
SCALE 1 1 1
X 0.3028 -0.9523 -0.0385
Y 0.0488 0.0558 -0.9973
Z 0.9518 0.3001 0.0633

PART 67
OFFSET 21.2118 -2.8623 -6.8586
SCALE 1 1 1
X 0.3533 -0.9112 0.2120
Y 0.1908 -0.1517 -0.9698
Z 0.9159 0.3831 0.1203

PART 68
OFFSET 20.9586 -3.9306 -7.8463
SCALE 1 1 1
X 0.0792 -0.3339 0.9393
Y -0.4493 0.8292 0.3326
Z -0.8899 -0.4483 -0.0844

PART 69
OFFSET 21.0980 -4.5185 -6.1926
SCALE 1 1 1
X -0.2120 0.1643 0.9634
Y -0.4554 0.8556 -0.2462
Z -0.8647 -0.4909 -0.1065

PART 70
OFFSET 20.8928 -4.2889 -5.0149
SCALE 1 1 1
X -0.2578 0.4123 0.8738
Y -0.3845 0.7859 -0.4843
Z -0.8864 -0.4608 -0.0440

PART 71
OFFSET 9.0131 -3.6559 -5.7532
SCALE 1 1 1
X 0.9989 0.0458 0.0030
Y -0.0458 0.9988 -0.0156
Z -0.0037 0.0155 0.9999

PART 72
OFFSET 11.2997 -5.0161 -4.3882
SCALE 1 1 1
X 0.9987 0.0462 0.0234
Y -0.0458 0.9988 -0.0156
Z -0.0241 0.0146 0.9996

PART 73
OFFSET 13.4813 -2.0621 -3.9384
SCALE 1 1 1
X 0.9989 0.0458 0.0030
Y -0.0458 0.9988 -0.0156
Z -0.0037 0.0155 0.9999

PART 74
OFFSET 33.4993 -2.5268 -5.3418
SCALE 1 1 1
X 0.2338 -0.0045 -0.9723
Y -0.0458 0.9988 -0.0156
Z 0.9712 0.0482 0.2334

PART 75
OFFSET 15.8426 -3.3057 -3.3879
SCALE 1 1 1
X 0.9989 0.0458 0.0030
Y -0.0458 0.9988 -0.0156
Z -0.0037 0.0155 0.9999

PART 76
OFFSET 13.2688 -2.9231 -22.6704
SCALE 1 1 1
X -0.0037 0.0155 0.9999
Y -0.0458 0.9988 -0.0156
Z -0.9989 -0.0458 -0.0030

PART 77
OFFSET 13.2423 -2.3338 -22.7844
SCALE 1 1 1
X -0.0170 0.3203 0.9472
Y -0.0413 0.9463 -0.3207
Z -0.9990 -0.0446 -0.0029

PART 78
OFFSET 13.2184 -1.7530 -23.0257
SCALE 1 1 1
X -0.0182 0.4151 0.9096
Y -0.0344 0.9089 -0.4155
Z -0.9992 -0.0388 -0.0022

PART 79
OFFSET 13.1990 -1.1786 -23.2744
SCALE 1 1 1
X -0.0072 0.3680 0.9298
Y -0.0287 0.9294 -0.3680
Z -0.9996 -0.0293 0.0038

PART 80
OFFSET 13.1804 -0.6123 -23.4861
SCALE 1 1 1
X 0.0127 0.3408 0.9401
Y -0.0351 0.9397 -0.3402
Z -0.9993 -0.0286 0.0239

PART 81
OFFSET 13.1542 -0.0593 -23.6917
SCALE 1 1 1
X 0.0448 0.3675 0.9290
Y -0.0564 0.9293 -0.3649
Z -0.9974 -0.0361 0.0623

PART 82
OFFSET 13.1149 0.4777 -23.9150
SCALE 1 1 1
X 0.0924 0.3995 0.9121
Y -0.0747 0.9162 -0.3937
Z -0.9929 -0.0318 0.1145

PART 83
OFFSET 13.0718 1.0062 -24.1390
SCALE 1 1 1
X 0.1489 0.3835 0.9115
Y -0.0716 0.9235 -0.3768
Z -0.9863 -0.0091 0.1650

PART 84
OFFSET 13.0370 1.5351 -24.3378
SCALE 1 1 1
X 0.1977 0.3305 0.9229
Y -0.0497 0.9436 -0.3273
Z -0.9790 0.0189 0.2030

PART 85
OFFSET 13.0154 2.0514 -24.5169
SCALE 1 1 1
X 0.2219 0.3399 0.9139
Y -0.0301 0.9392 -0.3420
Z -0.9746 0.0484 0.2186

PART 86
OFFSET 13.0040 2.5203 -24.7137
SCALE 1 1 1
X 0.2310 0.4414 0.8671
Y -0.0152 0.8927 -0.4504
Z -0.9728 0.0909 0.2129

PART 87
OFFSET 12.9988 2.9195 -24.9581
SCALE 1 1 1
X 0.2317 0.5692 0.7889
Y -0.0100 0.8123 -0.5831
Z -0.9727 0.1272 0.1938

PART 88
OFFSET 12.9921 3.2817 -25.2445
SCALE 1 1 1
X 0.2233 0.6319 0.7422
Y -0.0216 0.7645 -0.6443
Z -0.9745 0.1278 0.1844

PART 89
OFFSET 12.9773 3.6526 -25.5585
SCALE 1 1 1
X 0.2055 0.6293 0.7495
Y -0.0278 0.7693 -0.6383
Z -0.9783 0.1103 0.1756

PART 90
OFFSET 12.9865 4.0615 -25.8780
SCALE 1 1 1
X 0.1795 0.5640 0.8060
Y 0.0831 0.8077 -0.5837
Z -0.9802 0.1718 0.0981

PART 91
OFFSET 13.0904 4.5212 -26.1732
SCALE 1 1 1
X 0.1448 0.4425 0.8850
Y 0.2989 0.8331 -0.4654
Z -0.9432 0.3319 -0.0116

PART 92
OFFSET 13.3261 5.0428 -26.4235
SCALE 1 1 1
X 0.0968 0.3419 0.9348
Y 0.4127 0.8408 -0.3502
Z -0.9057 0.4197 -0.0597

PART 93
OFFSET 13.5891 5.6346 -26.6443
SCALE 1 1 1
X 0.0478 0.3065 0.9507
Y 0.3269 0.8945 -0.3048
Z -0.9438 0.3253 -0.0575

PART 94
OFFSET 13.7444 6.3017 -26.8586
SCALE 1 1 1
X 0.0161 0.2865 0.9579
Y 0.1057 0.9522 -0.2866
Z -0.9943 0.1059 -0.0149

PART 95
OFFSET 13.7732 7.0035 -27.0425
SCALE 1 1 1
X 0.0034 0.2065 0.9784
Y -0.0043 0.9784 -0.2065
Z -1.0000 -0.0035 0.0043


FRAME 1102
PART 0
OFFSET 18.4200 -2.1653 -7.2336
SCALE 1 1 1
X 0.2735 -0.9599 -0.0616
Y -0.0495 -0.0781 0.9957
Z -0.9606 -0.2693 -0.0689

PART 1
OFFSET 18.4200 -2.1653 -7.2336
SCALE 1 1 1
X 0.2735 -0.9599 -0.0616
Y -0.0495 -0.0781 0.9957
Z -0.9606 -0.2693 -0.0689

PART 2
OFFSET -7.6455 -6.6889 -5.8458
SCALE 1 1 1
X -0.9289 -0.3211 0.1842
Y -0.3334 0.9419 -0.0395
Z -0.1609 -0.0981 -0.9821

PART 3
OFFSET 0.3977 -6.1578 -5.8640
SCALE 1 1 1
X -0.6301 -0.7759 0.0308
Y 0.7762 -0.6305 -0.0047
Z 0.0230 0.0209 0.9995

PART 4
OFFSET 1.5070 -4.7917 -5.9182
SCALE 1 1 1
X 0.4657 -0.8830 0.0592
Y 0.8848 0.4658 -0.0131
Z -0.0160 0.0585 0.9982

PART 5
OFFSET 0.9399 -3.7147 -5.9296
SCALE 1 1 1
X 0.9880 0.1504 -0.0350
Y -0.1506 0.9886 -0.0009
Z 0.0344 0.0062 0.9994

PART 6
OFFSET -0.1761 -3.8846 -5.8901
SCALE 1 1 1
X -0.1760 -0.9397 0.2933
Y -0.9831 0.1527 -0.1009
Z 0.0500 -0.3061 -0.9507

PART 7
OFFSET 0.2926 -5.9804 -6.9494
SCALE 1 1 1
X -0.3405 -0.9394 -0.0401
Y 0.9366 -0.3426 0.0742
Z -0.0834 -0.0123 0.9964

PART 8
OFFSET 0.9577 -4.1453 -6.8711
SCALE 1 1 1
X 0.8610 -0.5055 0.0559
Y 0.5057 0.8626 0.0111
Z -0.0539 0.0187 0.9984

PART 9
OFFSET -0.2999 -3.4069 -6.9528
SCALE 1 1 1
X 0.8415 0.5403 0.0004
Y -0.5380 0.8379 -0.0922
Z -0.0501 0.0774 0.9957

PART 10
OFFSET -1.2529 -4.0188 -6.9603
SCALE 1 1 1
X -0.2984 -0.9544 -0.0051
Y -0.9544 0.2984 0.0036
Z -0.0020 0.0059 -1.0000

PART 11
OFFSET 0.0000 0.0000 0.0000
SCALE 1 1 1
X 1.0000 0.0000 0.0000
Y 0.0000 1.0000 0.0000
Z 0.0000 0.0000 1.0000

PART 12
OFFSET 0.0000 -0.0259 0.0000
SCALE 1 1 1
X 1.0000 -0.0035 0.0005
Y 0.0035 1.0000 -0.0015
Z -0.0005 0.0015 1.0000

PART 13
OFFSET 0.0000 0.0000 -0.0000
SCALE 1 1 1
X 1.0000 -0.0035 0.0005
Y 0.0035 1.0000 -0.0015
Z -0.0005 0.0015 1.0000

PART 14
OFFSET 20.5877 -3.7276 -3.9664
SCALE 1 1 1
X 0.1910 -0.9712 0.1428
Y 0.2512 -0.0923 -0.9635
Z 0.9489 0.2199 0.2264

PART 15
OFFSET 19.9970 -4.3643 -7.6424
SCALE 1 1 1
X 0.0604 -0.1864 0.9806
Y -0.5139 0.8364 0.1906
Z -0.8557 -0.5154 -0.0453

PART 16
OFFSET 20.1150 -4.7284 -5.7267
SCALE 1 1 1
X -0.2566 0.3008 0.9185
Y -0.4288 0.8162 -0.3871
Z -0.8662 -0.4932 -0.0805

PART 17
OFFSET 19.7401 -4.2891 -4.3851
SCALE 1 1 1
X -0.4476 0.7139 0.5385
Y -0.1572 0.5301 -0.8333
Z -0.8803 -0.4576 -0.1250

PART 18
OFFSET 19.2271 -3.4841 -3.7755
SCALE 1 1 1
X 0.4998 -0.8567 0.1273
Y 0.1017 -0.0879 -0.9909
Z 0.8601 0.5083 0.0432

PART 19
OFFSET 9.0038 -3.6795 -5.7306
SCALE 1 1 1
X 0.9984 0.0558 0.0062
Y -0.0557 0.9983 -0.0177
Z -0.0072 0.0174 0.9998

PART 20
OFFSET -4.3277 -7.9373 -3.1869
SCALE 1 1 1
X 0.8343 0.0134 0.5512
Y 0.0124 -0.9999 0.0056
Z 0.5512 0.0022 -0.8344

PART 21
OFFSET -14.4172 -8.0992 -9.8531
SCALE 1 1 1
X -0.9431 -0.1847 -0.2766
Y 0.1600 0.4772 -0.8641
Z 0.2916 -0.8591 -0.4205

PART 22
OFFSET -6.3960 -6.5280 -7.5005
SCALE 1 1 1
X -0.9431 -0.1847 -0.2766
Y 0.2843 -0.0160 -0.9586
Z 0.1726 -0.9827 0.0676

PART 23
OFFSET -5.5748 -5.3999 -5.8512
SCALE 1 1 1
X -0.9448 -0.1852 -0.2703
Y -0.2912 0.8527 0.4337
Z 0.1502 0.4884 -0.8596

PART 24
OFFSET -5.2453 -6.1443 -5.0951
SCALE 1 1 1
X -0.9448 -0.1852 -0.2703
Y -0.2912 0.8527 0.4337
Z 0.1502 0.4884 -0.8596

PART 25
OFFSET -4.5057 -7.2919 -6.4920
SCALE 1 1 1
X -0.9448 -0.1852 -0.2703
Y -0.2912 0.8527 0.4337
Z 0.1502 0.4884 -0.8596

PART 26
OFFSET -3.5049 -5.9617 -6.6525
SCALE 1 1 1
X -0.9989 -0.0455 -0.0090
Y 0.0089 0.0028 -1.0000
Z 0.0455 -0.9990 -0.0023

PART 27
OFFSET -3.0828 -5.5338 -5.6825
SCALE 1 1 1
X -0.6412 -0.4881 -0.5921
Y 0.4445 0.3927 -0.8051
Z 0.6255 -0.7794 -0.0349

PART 28
OFFSET -1.7782 -4.4764 -4.3225
SCALE 1 1 1
X -0.9061 -0.4230 0.0100
Y 0.0303 -0.0884 -0.9956
Z 0.4220 -0.9018 0.0929

PART 29
OFFSET -0.3610 -3.6977 -4.4084
SCALE 1 1 1
X -0.7548 -0.4649 0.4629
Y -0.3772 -0.2697 -0.8860
Z 0.5367 -0.8433 0.0282

PART 30
OFFSET 0.4371 -3.1519 -4.8952
SCALE 1 1 1
X -0.9796 0.1430 0.1410
Y 0.1411 0.9897 -0.0235
Z -0.1429 -0.0032 -0.9897

PART 31
OFFSET -2.6592 -5.7184 -7.7151
SCALE 1 1 1
X -0.8222 -0.0818 0.5633
Y 0.1144 -0.9932 0.0228
Z 0.5576 0.0831 0.8259

PART 32
OFFSET -0.7448 -5.4008 -8.8634
SCALE 1 1 1
X -0.7386 -0.6717 -0.0571
Y 0.6729 -0.7295 -0.1225
Z 0.0407 -0.1289 0.9908

PART 33
OFFSET 0.3010 -4.4498 -8.7826
SCALE 1 1 1
X 0.7054 -0.7027 -0.0935
Y 0.7087 0.6966 0.1112
Z -0.0130 -0.1447 0.9894

PART 34
OFFSET -0.3244 -3.8268 -8.6997
SCALE 1 1 1
X 0.9753 0.2206 -0.0071
Y -0.2189 0.9711 0.0955
Z 0.0279 -0.0916 0.9954

PART 35
OFFSET -1.2510 -4.0363 -8.6930
SCALE 1 1 1
X -0.6126 -0.7650 -0.1985
Y -0.7894 0.5796 0.2024
Z -0.0398 0.2807 -0.9590

PART 36
OFFSET -2.4391 -5.8497 -7.0489
SCALE 1 1 1
X -0.9531 -0.0502 0.2985
Y 0.0655 -0.9970 0.0417
Z 0.2955 0.0593 0.9535

PART 37
OFFSET -0.0079 -5.7503 -7.9643
SCALE 1 1 1
X -0.4342 -0.9007 0.0160
Y 0.8939 -0.4330 -0.1160
Z 0.1114 -0.0361 0.9931

PART 38
OFFSET 0.7314 -4.2170 -7.9915
SCALE 1 1 1
X 0.9008 -0.4208 -0.1075
Y 0.4244 0.9054 0.0119
Z 0.0923 -0.0564 0.9941

PART 39
OFFSET -0.5170 -3.6338 -7.8426
SCALE 1 1 1
X 0.7228 0.6906 -0.0253
Y -0.6857 0.7212 0.0988
Z 0.0865 -0.0541 0.9948

PART 40
OFFSET -1.3009 -4.3828 -7.8152
SCALE 1 1 1
X -0.1962 -0.9805 0.0132
Y -0.9791 0.1967 0.0526
Z -0.0542 -0.0026 -0.9985

PART 41
OFFSET -2.4391 -5.8497 -7.0489
SCALE 1 1 1
X -0.9531 -0.0502 0.2985
Y 0.0655 -0.9970 0.0417
Z 0.2955 0.0593 0.9535

PART 42
OFFSET -2.4391 -5.8497 -7.0489
SCALE 1 1 1
X -0.9531 -0.0502 0.2985
Y 0.0655 -0.9970 0.0417
Z 0.2955 0.0593 0.9535

PART 43
OFFSET 3.7075 0.0000 -1.3770
SCALE 1 1 1
X 1.0000 0.0000 0.0000
Y 0.0000 1.0000 0.0000
Z 0.0000 0.0000 1.0000

PART 44
OFFSET -0.0838 7.9373 -3.1869
SCALE 1 1 1
X 0.8389 -0.0912 -0.5366
Y -0.2408 -0.9463 -0.2156
Z -0.4881 0.3101 -0.8158

PART 45
OFFSET 10.0620 6.8340 -9.6760
SCALE 1 1 1
X 0.7003 -0.6815 0.2125
Y -0.5492 -0.3243 0.7702
Z -0.4560 -0.6561 -0.6014

PART 46
OFFSET 16.0184 1.0377 -7.8689
SCALE 1 1 1
X 0.7003 -0.6815 0.2125
Y 0.6873 0.7241 0.0572
Z -0.1928 0.1060 0.9755

PART 47
OFFSET 18.2058 1.5188 -6.9626
SCALE 1 1 1
X 0.7048 -0.6777 0.2095
Y 0.4618 0.6626 0.5897
Z -0.5384 -0.3188 0.7800

PART 48
OFFSET 17.0852 0.2746 -9.0597
SCALE 1 1 1
X 0.7048 -0.6777 0.2095
Y 0.4618 0.6626 0.5897
Z -0.5384 -0.3188 0.7800

PART 49
OFFSET 17.2952 0.2711 -5.5037
SCALE 1 1 1
X 0.7048 -0.6777 0.2095
Y 0.4618 0.6626 0.5897
Z -0.5384 -0.3188 0.7800

PART 50
OFFSET 16.4367 -0.7733 -6.4925
SCALE 1 1 1
X 0.7048 -0.6777 0.2095
Y 0.4618 0.6626 0.5897
Z -0.5384 -0.3188 0.7800

PART 51
OFFSET 15.5394 -1.5000 -7.6596
SCALE 1 1 1
X 0.7048 -0.6777 0.2095
Y 0.4618 0.6626 0.5897
Z -0.5384 -0.3188 0.7800

PART 52
OFFSET 18.1653 -1.0515 -7.2176
SCALE 1 1 1
X 0.5557 -0.8293 -0.0579
Y 0.8314 0.5542 0.0407
Z -0.0017 -0.0708 0.9975

PART 53
OFFSET 19.2169 -0.9188 -6.7948
SCALE 1 1 1
X 0.6816 0.0343 0.7309
Y 0.2687 0.9174 -0.2936
Z -0.6806 0.3965 0.6161

PART 54
OFFSET 20.6767 -0.7311 -5.2126
SCALE 1 1 1
X 0.4797 -0.6750 0.5605
Y 0.5974 0.7192 0.3549
Z -0.6427 0.1646 0.7483

PART 55
OFFSET 21.3436 -1.8453 -4.2451
SCALE 1 1 1
X -0.0102 -0.9229 0.3850
Y 0.7507 0.2472 0.6126
Z -0.6605 0.2953 0.6903

PART 56
OFFSET 21.3150 -2.8256 -3.7867
SCALE 1 1 1
X 0.5714 -0.8200 -0.0330
Y 0.2830 0.2346 -0.9300
Z 0.7703 0.5221 0.3661

PART 57
OFFSET 17.7451 -2.3611 -7.1086
SCALE 1 1 1
X -0.0190 -0.9994 -0.0279
Y -0.0605 -0.0267 0.9978
Z -0.9980 0.0207 -0.0600

PART 58
OFFSET 17.8403 -4.6129 -7.0403
SCALE 1 1 1
X 0.0284 -0.2125 0.9767
Y -0.1962 0.9569 0.2139
Z -0.9802 -0.1977 -0.0146

PART 59
OFFSET 17.8805 -4.9139 -5.6574
SCALE 1 1 1
X -0.0401 0.2898 0.9563
Y -0.2299 0.9287 -0.2910
Z -0.9724 -0.2315 0.0294

PART 60
OFFSET 17.8449 -4.6569 -4.8096
SCALE 1 1 1
X -0.1500 0.8646 0.4796
Y -0.0834 0.4723 -0.8775
Z -0.9852 -0.1716 0.0013

PART 61
OFFSET 17.7025 -3.8356 -4.3539
SCALE 1 1 1
X 0.3096 -0.9330 0.1838
Y -0.0910 -0.2215 -0.9709
Z 0.9465 0.2838 -0.1534

PART 62
OFFSET 18.4200 -2.1653 -7.2336
SCALE 1 1 1
X 0.2735 -0.9599 -0.0616
Y -0.0495 -0.0781 0.9957
Z -0.9606 -0.2693 -0.0689

PART 63
OFFSET 18.9884 -4.6948 -7.4258
SCALE 1 1 1
X -0.0134 -0.0934 0.9955
Y -0.3477 0.9339 0.0830
Z -0.9375 -0.3450 -0.0450

PART 64
OFFSET 18.9656 -4.8538 -5.7309
SCALE 1 1 1
X -0.1688 0.3952 0.9029
Y -0.3132 0.8471 -0.4293
Z -0.9346 -0.3553 -0.0192

PART 65
OFFSET 18.7316 -4.3061 -4.4795
SCALE 1 1 1
X -0.3004 0.7417 0.5996
Y -0.1964 0.5671 -0.7999
Z -0.9334 -0.3581 -0.0247

PART 66
OFFSET 18.4058 -3.5017 -3.8291
SCALE 1 1 1
X 0.3124 -0.9493 -0.0356
Y 0.0516 0.0544 -0.9972
Z 0.9485 0.3097 0.0659

PART 67
OFFSET 21.1976 -2.7660 -6.7969
SCALE 1 1 1
X 0.3616 -0.9072 0.2150
Y 0.1956 -0.1516 -0.9689
Z 0.9116 0.3924 0.1226

PART 68
OFFSET 20.9584 -3.8387 -7.7834
SCALE 1 1 1
X 0.0794 -0.3313 0.9402
Y -0.4587 0.8253 0.3295
Z -0.8851 -0.4574 -0.0865

PART 69
OFFSET 21.0981 -4.4220 -6.1280
SCALE 1 1 1
X -0.2168 0.1640 0.9623
Y -0.4631 0.8505 -0.2493
Z -0.8594 -0.4997 -0.1085

PART 70
OFFSET 20.8867 -4.1923 -4.9515
SCALE 1 1 1
X -0.2648 0.4114 0.8722
Y -0.3907 0.7811 -0.4871
Z -0.8816 -0.4698 -0.0461

PART 71
OFFSET 9.0038 -3.6795 -5.7306
SCALE 1 1 1
X 0.9984 0.0558 0.0062
Y -0.0557 0.9983 -0.0177
Z -0.0072 0.0174 0.9998

PART 72
OFFSET 11.2994 -5.0141 -4.3554
SCALE 1 1 1
X 0.9981 0.0562 0.0266
Y -0.0557 0.9983 -0.0177
Z -0.0276 0.0162 0.9995

PART 73
OFFSET 13.4498 -2.0376 -3.9040
SCALE 1 1 1
X 0.9984 0.0558 0.0062
Y -0.0557 0.9983 -0.0177
Z -0.0072 0.0174 0.9998

PART 74
OFFSET 33.4760 -2.3049 -5.2399
SCALE 1 1 1
X 0.2371 -0.0040 -0.9715
Y -0.0557 0.9983 -0.0177
Z 0.9699 0.0583 0.2365

PART 75
OFFSET 15.8216 -3.2565 -3.3432
SCALE 1 1 1
X 0.9984 0.0558 0.0062
Y -0.0557 0.9983 -0.0177
Z -0.0072 0.0174 0.9998

PART 76
OFFSET 13.3098 -2.9445 -22.9135
SCALE 1 1 1
X -0.0072 0.0174 0.9998
Y -0.0557 0.9983 -0.0177
Z -0.9984 -0.0558 -0.0062

PART 77
OFFSET 13.2777 -2.3539 -23.0274
SCALE 1 1 1
X -0.0231 0.3168 0.9482
Y -0.0497 0.9469 -0.3176
Z -0.9985 -0.0545 -0.0062

PART 78
OFFSET 13.2487 -1.7704 -23.2670
SCALE 1 1 1
X -0.0250 0.4106 0.9115
Y -0.0421 0.9105 -0.4113
Z -0.9988 -0.0487 -0.0055

PART 79
OFFSET 13.2244 -1.1940 -23.5143
SCALE 1 1 1
X -0.0138 0.3659 0.9305
Y -0.0365 0.9298 -0.3662
Z -0.9992 -0.0390 0.0005

PART 80
OFFSET 13.2011 -0.6273 -23.7260
SCALE 1 1 1
X 0.0063 0.3418 0.9397
Y -0.0431 0.9390 -0.3413
Z -0.9991 -0.0383 0.0206

PART 81
OFFSET 13.1700 -0.0748 -23.9331
SCALE 1 1 1
X 0.0380 0.3717 0.9276
Y -0.0647 0.9272 -0.3689
Z -0.9972 -0.0460 0.0593

PART 82
OFFSET 13.1258 0.4610 -24.1596
SCALE 1 1 1
X 0.0854 0.4062 0.9098
Y -0.0831 0.9129 -0.3997
Z -0.9929 -0.0415 0.1117

PART 83
OFFSET 13.0778 0.9879 -24.3875
SCALE 1 1 1
X 0.1425 0.3911 0.9093
Y -0.0799 0.9202 -0.3833
Z -0.9866 -0.0180 0.1624

PART 84
OFFSET 13.0385 1.5151 -24.5896
SCALE 1 1 1
X 0.1924 0.3375 0.9215
Y -0.0576 0.9413 -0.3327
Z -0.9796 0.0109 0.2006

PART 85
OFFSET 13.0126 2.0296 -24.7713
SCALE 1 1 1
X 0.2171 0.3467 0.9125
Y -0.0380 0.9371 -0.3470
Z -0.9754 0.0407 0.2166

PART 86
OFFSET 12.9971 2.4960 -24.9703
SCALE 1 1 1
X 0.2255 0.4495 0.8643
Y -0.0234 0.8894 -0.4565
Z -0.9740 0.0827 0.2111

PART 87
OFFSET 12.9879 2.8919 -25.2170
SCALE 1 1 1
X 0.2248 0.5786 0.7840
Y -0.0183 0.8070 -0.5903
Z -0.9742 0.1183 0.1920

PART 88
OFFSET 12.9776 3.2501 -25.5057
SCALE 1 1 1
X 0.2155 0.6409 0.7368
Y -0.0293 0.7584 -0.6511
Z -0.9761 0.1187 0.1823

PART 89
OFFSET 12.9594 3.6170 -25.8216
SCALE 1 1 1
X 0.1971 0.6368 0.7454
Y -0.0344 0.7644 -0.6439
Z -0.9798 0.1012 0.1725

PART 90
OFFSET 12.9656 4.0229 -26.1424
SCALE 1 1 1
X 0.1709 0.5692 0.8043
Y 0.0782 0.8059 -0.5869
Z -0.9822 0.1632 0.0932

PART 91
OFFSET 13.0671 4.4822 -26.4383
SCALE 1 1 1
X 0.1368 0.4448 0.8851
Y 0.2951 0.8347 -0.4650
Z -0.9456 0.3248 -0.0171

PART 92
OFFSET 13.3010 5.0072 -26.6881
SCALE 1 1 1
X 0.0894 0.3414 0.9357
Y 0.4081 0.8444 -0.3471
Z -0.9085 0.4129 -0.0638

PART 93
OFFSET 13.5616 5.6042 -26.9068
SCALE 1 1 1
X 0.0402 0.3026 0.9523
Y 0.3210 0.8986 -0.2992
Z -0.9462 0.3177 -0.0610

PART 94
OFFSET 13.7125 6.2762 -27.1168
SCALE 1 1 1
X 0.0083 0.2793 0.9602
Y 0.0977 0.9554 -0.2787
Z -0.9952 0.0961 -0.0193

PART 95
OFFSET 13.7342 6.9812 -27.2957
SCALE 1 1 1
X -0.0034 0.2003 0.9797
Y -0.0159 0.9796 -0.2004
Z -0.9999 -0.0163 -0.0001


FRAME 1103
PART 0
OFFSET 18.3897 -2.0590 -7.1558
SCALE 1 1 1
X 0.2888 -0.9557 -0.0565
Y -0.0538 -0.0751 0.9957
Z -0.9559 -0.2845 -0.0731

PART 1
OFFSET 18.3897 -2.0590 -7.1558
SCALE 1 1 1
X 0.2888 -0.9557 -0.0565
Y -0.0538 -0.0751 0.9957
Z -0.9559 -0.2845 -0.0731

PART 2
OFFSET -7.1175 -7.1387 -5.7146
SCALE 1 1 1
X -0.9289 -0.3237 0.1797
Y -0.3340 0.9421 -0.0295
Z -0.1597 -0.0875 -0.9833

PART 3
OFFSET 0.9253 -6.6022 -5.7181
SCALE 1 1 1
X -0.6491 -0.7604 0.0212
Y 0.7604 -0.6494 -0.0101
Z 0.0215 0.0096 0.9997

PART 4
OFFSET 2.0682 -5.2635 -5.7554
SCALE 1 1 1
X 0.4124 -0.9096 0.0507
Y 0.9108 0.4128 -0.0047
Z -0.0167 0.0481 0.9987

PART 5
OFFSET 1.5658 -4.1548 -5.7564
SCALE 1 1 1
X 0.9986 0.0430 -0.0303
Y -0.0427 0.9991 0.0084
Z 0.0306 -0.0071 0.9995

PART 6
OFFSET 0.4378 -4.2033 -5.7222
SCALE 1 1 1
X -0.2779 -0.9179 0.2834
Y -0.9604 0.2591 -0.1025
Z 0.0207 -0.3007 -0.9535

PART 7
OFFSET 0.8213 -6.4131 -6.8015
SCALE 1 1 1
X -0.3580 -0.9324 -0.0505
Y 0.9301 -0.3609 0.0689
Z -0.0824 -0.0223 0.9963

PART 8
OFFSET 1.5207 -4.5917 -6.7028
SCALE 1 1 1
X 0.8362 -0.5463 0.0482
Y 0.5459 0.8376 0.0218
Z -0.0523 0.0081 0.9986

PART 9
OFFSET 0.2993 -3.7938 -6.7733
SCALE 1 1 1
X 0.8784 0.4779 0.0085
Y -0.4758 0.8759 -0.0803
Z -0.0458 0.0665 0.9967

PART 10
OFFSET -0.6955 -4.3349 -6.7899
SCALE 1 1 1
X -0.3667 -0.9301 -0.0189
Y -0.9303 0.3666 0.0076
Z -0.0001 0.0204 -0.9998

PART 11
OFFSET 0.0000 0.0000 0.0000
SCALE 1 1 1
X 1.0000 0.0000 0.0000
