// Export filename: `C:/cod5/cod/cod5/xanim_export/viewmodel/US/30cal/viewmodel_30cal_pullout.XANIM_EXPORT`
// Source filename: `C:/cod5/cod/cod5/animation_assets/viewmodel/US/30_cal/viewmodelanimation_30_cal.mb`
// Export time: Fri Jul 25 17:25:17 2008

ANIMATION
VERSION 3

NUMPARTS 96
PART 0 "RingPalm_FK_LE"
PART 1 "RingPalm_SDK_LE"
PART 2 "J_Webbing_RI"
PART 3 "J_Index_RI_0"
PART 4 "J_Index_RI_1"
PART 5 "J_Index_RI_2"
PART 6 "J_Index_RI_3"
PART 7 "J_Mid_RI_0"
PART 8 "J_Mid_RI_1"
PART 9 "J_Mid_RI_2"
PART 10 "J_Mid_RI_3"
PART 11 "tag_cambone"
PART 12 "tag_camera"
PART 13 "tag_gasmask"
PART 14 "J_Index_LE_3"
PART 15 "J_Mid_LE_0"
PART 16 "J_Mid_LE_1"
PART 17 "J_Mid_LE_2"
PART 18 "J_Mid_LE_3"
PART 19 "tag_weapon"
PART 20 "J_Shoulder_RI"
PART 21 "J_Elbow_RI"
PART 22 "J_WristTwist_RI"
PART 23 "J_Sleave_Reshape_Top_RI_3"
PART 24 "J_Sleave_Reshape_Top_RI_2"
PART 25 "J_Sleave_Reshape_Top_RI_1"
PART 26 "J_Wrist_RI"
PART 27 "J_Thumb_RI_0"
PART 28 "J_Thumb_RI_1"
PART 29 "J_Thumb_RI_2"
PART 30 "J_Thumb_RI_3"
PART 31 "J_PinkyPalm_RI"
PART 32 "J_Pinky_RI_0"
PART 33 "J_Pinky_RI_1"
PART 34 "J_Pinky_RI_2"
PART 35 "J_Pinky_RI_3"
PART 36 "J_RingPalm_RI"
PART 37 "J_Ring_RI_0"
PART 38 "J_Ring_RI_1"
PART 39 "J_Ring_RI_2"
PART 40 "J_Ring_RI_3"
PART 41 "RingPalm_FK_RI"
PART 42 "RingPalm_SDK_RI"
PART 43 "tag_torso"
PART 44 "J_Shoulder_LE"
PART 45 "J_Elbow_LE"
PART 46 "J_WristTwist_LE"
PART 47 "J_Sleave_Reshape_Bottom_LE_1"
PART 48 "J_Sleave_Reshape_Bottom_LE_2"
PART 49 "J_Sleave_Reshape_Top_LE_1"
PART 50 "J_Sleave_Reshape_Top_LE_2"
PART 51 "J_Sleave_Reshape_Top_LE_3"
PART 52 "J_Wrist_LE"
PART 53 "J_Thumb_LE_0"
PART 54 "J_Thumb_LE_1"
PART 55 "J_Thumb_LE_2"
PART 56 "J_Thumb_LE_3"
PART 57 "J_PinkyPalm_LE"
PART 58 "J_Pinky_LE_0"
PART 59 "J_Pinky_LE_1"
PART 60 "J_Pinky_LE_2"
PART 61 "J_Pinky_LE_3"
PART 62 "J_RingPalm_LE"
PART 63 "J_Ring_LE_0"
PART 64 "J_Ring_LE_1"
PART 65 "J_Ring_LE_2"
PART 66 "J_Ring_LE_3"
PART 67 "J_Webbing_LE"
PART 68 "J_Index_LE_0"
PART 69 "J_Index_LE_1"
PART 70 "J_Index_LE_2"
PART 71 "J_Gun"
PART 72 "J_Bolt"
PART 73 "J_Clip"
PART 74 "tag_bipod"
PART 75 "tag_top"
PART 76 "ammo01_jnt"
PART 77 "ammo02_jnt"
PART 78 "ammo03_jnt"
PART 79 "ammo04_jnt"
PART 80 "ammo05_jnt"
PART 81 "ammo06_jnt"
PART 82 "ammo07_jnt"
PART 83 "ammo08_jnt"
PART 84 "ammo09_jnt"
PART 85 "ammo10_jnt"
PART 86 "ammo11_jnt"
PART 87 "ammo12_jnt"
PART 88 "ammo13_jnt"
PART 89 "ammo14_jnt"
PART 90 "ammo15_jnt"
PART 91 "ammo16_jnt"
PART 92 "ammo17_jnt"
PART 93 "ammo18_jnt"
PART 94 "ammo19_jnt"
PART 95 "ammo20_jnt"

FRAMERATE 30
NUMFRAMES 36

FRAME 215
PART 0
OFFSET 0.4454 12.0939 -6.6395
SCALE 1 1 1
X 0.8103 -0.5628 -0.1636
Y 0.2773 0.1223 0.9530
Z -0.5163 -0.8175 0.2552

PART 1
OFFSET 0.4454 12.0939 -6.6395
SCALE 1 1 1
X 0.8103 -0.5628 -0.1636
Y 0.2773 0.1223 0.9530
Z -0.5163 -0.8175 0.2552

PART 2
OFFSET -11.8905 -5.1912 1.6368
SCALE 1 1 1
X -0.3843 -0.7879 0.4812
Y -0.8755 0.4764 0.0807
Z -0.2928 -0.3902 -0.8729

PART 3
OFFSET -6.6539 0.3122 -1.0585
SCALE 1 1 1
X 0.1127 -0.9671 0.2280
Y 0.9608 0.0476 -0.2730
Z 0.2531 0.2499 0.9346

PART 4
OFFSET -6.8524 2.0150 -1.4601
SCALE 1 1 1
X 0.9472 -0.2966 -0.1217
Y 0.2503 0.9213 -0.2975
Z 0.2004 0.2514 0.9469

PART 5
OFFSET -7.9918 2.3908 -1.2546
SCALE 1 1 1
X 0.5017 0.7880 -0.3569
Y -0.8215 0.5632 0.0888
Z 0.2710 0.2487 0.9299

PART 6
OFFSET -8.5584 1.5007 -0.8515
SCALE 1 1 1
X 0.6545 -0.6950 0.2976
Y -0.7559 -0.6094 0.2394
Z 0.0150 -0.3817 -0.9242

PART 7
OFFSET -7.1191 0.1387 -2.0455
SCALE 1 1 1
X 0.3993 -0.9146 0.0637
Y 0.8948 0.3736 -0.2444
Z 0.1998 0.1546 0.9676

PART 8
OFFSET -7.8991 1.9254 -2.1698
SCALE 1 1 1
X 0.9437 0.2252 -0.2421
Y -0.2639 0.9542 -0.1408
Z 0.1993 0.1968 0.9600

PART 9
OFFSET -9.2775 1.5965 -1.8163
SCALE 1 1 1
X 0.1629 0.9501 -0.2659
Y -0.9736 0.1985 0.1129
Z 0.1600 0.2405 0.9574

PART 10
OFFSET -9.4638 0.5188 -1.5218
SCALE 1 1 1
X 0.4867 -0.8707 0.0706
Y -0.8356 -0.4405 0.3282
Z -0.2547 -0.2187 -0.9420

PART 11
OFFSET 0.0000 0.0000 0.0000
SCALE 1 1 1
X 1.0000 0.0000 0.0000
Y 0.0000 1.0000 0.0000
Z 0.0000 0.0000 1.0000

PART 12
OFFSET -0.0008 -0.0008 -0.0008
SCALE 1 1 1
X 1.0000 -0.0000 0.0000
Y 0.0000 1.0000 -0.0000
Z -0.0000 0.0000 1.0000

PART 13
OFFSET 0.0000 0.0000 0.0000
SCALE 1 1 1
X 1.0000 -0.0000 0.0000
Y 0.0000 1.0000 -0.0000
Z -0.0000 0.0000 1.0000

PART 14
OFFSET 3.8580 12.9714 -4.3161
SCALE 1 1 1
X 0.8131 -0.5794 0.0566
Y -0.0144 -0.1172 -0.9930
Z 0.5820 0.8066 -0.1037

PART 15
OFFSET 2.9004 11.3418 -7.5864
SCALE 1 1 1
X 0.4223 0.1065 0.9002
Y -0.8641 0.3473 0.3643
Z -0.2738 -0.9317 0.2386

PART 16
OFFSET 3.7253 11.5498 -5.8278
SCALE 1 1 1
X -0.1388 0.2608 0.9554
Y -0.9422 0.2624 -0.2085
Z -0.3051 -0.9290 0.2093

PART 17
OFFSET 3.5226 11.9308 -4.4324
SCALE 1 1 1
X -0.6455 0.3708 0.6677
Y -0.6787 0.1224 -0.7241
Z -0.3502 -0.9206 0.1726

PART 18
OFFSET 2.7895 12.3441 -3.6744
SCALE 1 1 1
X 0.9509 -0.3036 -0.0606
Y -0.1298 -0.2132 -0.9683
Z 0.2811 0.9286 -0.2421

PART 19
OFFSET -4.7892 5.3891 -2.0719
SCALE 1 1 1
X 0.6675 0.6675 -0.3299
Y -0.7031 0.7109 0.0160
Z 0.2452 0.2213 0.9439

PART 20
OFFSET -15.2296 -7.9373 -3.1869
SCALE 1 1 1
X -0.1687 -0.7407 0.6504
Y 0.3128 -0.6659 -0.6773
Z 0.9347 0.0892 0.3440

PART 21
OFFSET -13.1893 1.0202 -11.0522
SCALE 1 1 1
X -0.3015 0.2780 -0.9120
Y 0.5943 0.8028 0.0483
Z 0.7456 -0.5275 -0.4073

PART 22
OFFSET -10.6247 -1.3447 -3.2952
SCALE 1 1 1
X -0.3015 0.2780 -0.9120
Y 0.7046 0.7094 -0.0167
Z 0.6423 -0.6477 -0.4098

PART 23
OFFSET -11.5197 -1.7268 -1.5387
SCALE 1 1 1
X -0.3071 0.2747 -0.9112
Y -0.7532 0.5151 0.4092
Z 0.5817 0.8119 0.0487

PART 24
OFFSET -11.5644 -2.9028 -1.4616
SCALE 1 1 1
X -0.3071 0.2747 -0.9112
Y -0.7532 0.5151 0.4092
Z 0.5817 0.8119 0.0487

PART 25
OFFSET -10.2898 -3.4154 -1.9302
SCALE 1 1 1
X -0.3071 0.2747 -0.9112
Y -0.7532 0.5151 0.4092
Z 0.5817 0.8119 0.0487

PART 26
OFFSET -9.7003 -2.1971 -0.4992
SCALE 1 1 1
X -0.6670 -0.6708 0.3243
Y -0.2469 -0.2116 -0.9457
Z 0.7030 -0.7108 -0.0245

PART 27
OFFSET -9.4506 -1.3993 0.2776
SCALE 1 1 1
X -0.2637 -0.9033 -0.3385
Y -0.1596 0.3870 -0.9082
Z 0.9513 -0.1854 -0.2462

PART 28
OFFSET -8.9186 0.5215 1.1125
SCALE 1 1 1
X -0.3379 -0.8821 0.3282
Y -0.1734 -0.2844 -0.9429
Z 0.9251 -0.3755 -0.0568

PART 29
OFFSET -8.4871 1.9706 0.5328
SCALE 1 1 1
X -0.0830 -0.6951 0.7141
Y -0.3064 -0.6640 -0.6820
Z 0.9483 -0.2754 -0.1578

PART 30
OFFSET -8.4355 2.7462 -0.2206
SCALE 1 1 1
X -0.7336 -0.4730 0.4880
Y -0.5807 0.8093 -0.0884
Z -0.3531 -0.3482 -0.8684

PART 31
OFFSET -9.5424 -1.7124 -1.7812
SCALE 1 1 1
X -0.3757 -0.4598 0.8046
Y 0.7533 -0.6572 -0.0238
Z 0.5398 0.5972 0.5933

PART 32
OFFSET -8.7120 -0.5117 -3.4998
SCALE 1 1 1
X -0.0667 -0.9809 0.1825
Y 0.9291 -0.1277 -0.3470
Z 0.3637 0.1464 0.9199

PART 33
OFFSET -8.6175 0.8771 -3.7582
SCALE 1 1 1
X 0.9409 -0.0704 -0.3313
Y 0.0328 0.9925 -0.1177
Z 0.3371 0.0999 0.9362

PART 34
OFFSET -9.4518 0.9394 -3.4645
SCALE 1 1 1
X 0.5042 0.8010 -0.3227
Y -0.7980 0.5750 0.1804
Z 0.3300 0.1665 0.9292

PART 35
OFFSET -9.9308 0.1784 -3.1579
SCALE 1 1 1
X 0.0676 -0.9977 -0.0008
Y -0.8852 -0.0603 0.4612
Z -0.4602 -0.0304 -0.8873

PART 36
OFFSET -9.1334 -1.5235 -1.2275
SCALE 1 1 1
X -0.5546 -0.5777 0.5988
Y 0.7267 -0.6869 0.0103
Z 0.4054 0.4409 0.8008

PART 37
OFFSET -7.7381 -0.1048 -2.9004
SCALE 1 1 1
X 0.3190 -0.9351 0.1547
Y 0.8808 0.2322 -0.4126
Z 0.3499 0.2678 0.8977

PART 38
OFFSET -8.2811 1.4872 -3.1637
SCALE 1 1 1
X 0.8737 0.2637 -0.4089
Y -0.3371 0.9340 -0.1180
Z 0.3508 0.2409 0.9049

PART 39
OFFSET -9.4919 1.1218 -2.5970
SCALE 1 1 1
X -0.0084 0.9678 -0.2515
Y -0.9384 0.0792 0.3364
Z 0.3455 0.2389 0.9075

PART 40
OFFSET -9.4828 0.0722 -2.3242
SCALE 1 1 1
X 0.5599 -0.8265 0.0586
Y -0.7779 -0.5001 0.3804
Z -0.2851 -0.2586 -0.9229

PART 41
OFFSET -9.1334 -1.5235 -1.2275
SCALE 1 1 1
X -0.5546 -0.5777 0.5988
Y 0.7267 -0.6869 0.0103
Z 0.4054 0.4409 0.8008

PART 42
OFFSET -9.1334 -1.5235 -1.2275
SCALE 1 1 1
X -0.5546 -0.5777 0.5988
Y 0.7267 -0.6869 0.0103
Z 0.4054 0.4409 0.8008

PART 43
OFFSET 3.7075 0.0000 -1.3770
SCALE 1 1 1
X 1.0000 0.0000 0.0000
Y 0.0000 1.0000 0.0000
Z 0.0000 0.0000 1.0000

PART 44
OFFSET -0.0838 7.9373 -3.1869
SCALE 1 1 1
X -0.9632 0.2256 -0.1458
Y 0.1296 -0.0855 -0.9879
Z -0.2353 -0.9705 0.0531

PART 45
OFFSET -11.7333 10.6653 -4.9507
SCALE 1 1 1
X 0.9738 0.1823 -0.1359
Y 0.2272 -0.8024 0.5518
Z -0.0085 -0.5682 -0.8228

PART 46
OFFSET -3.4506 12.2155 -6.1065
SCALE 1 1 1
X 0.9738 0.1823 -0.1359
Y -0.1958 0.9761 -0.0939
Z 0.1155 0.1181 0.9863

PART 47
OFFSET -2.2246 14.0550 -5.1312
SCALE 1 1 1
X 0.9725 0.1886 -0.1369
Y 0.0025 0.5792 0.8152
Z 0.2331 -0.7931 0.5627

PART 48
OFFSET -2.7544 12.9929 -7.5381
SCALE 1 1 1
X 0.9725 0.1886 -0.1369
Y 0.0025 0.5792 0.8152
Z 0.2331 -0.7931 0.5627

PART 49
OFFSET -1.2579 12.3200 -4.3763
SCALE 1 1 1
X 0.9725 0.1886 -0.1369
Y 0.0025 0.5792 0.8152
Z 0.2331 -0.7931 0.5627

PART 50
OFFSET -1.3581 11.3132 -5.7110
SCALE 1 1 1
X 0.9725 0.1886 -0.1369
Y 0.0025 0.5792 0.8152
Z 0.2331 -0.7931 0.5627

PART 51
OFFSET -1.7813 10.4783 -7.0599
SCALE 1 1 1
X 0.9725 0.1886 -0.1369
Y 0.0025 0.5792 0.8152
Z 0.2331 -0.7931 0.5627

PART 52
OFFSET -0.4652 12.7743 -6.5231
SCALE 1 1 1
X 0.9236 -0.2875 -0.2534
Y 0.2298 0.9446 -0.2342
Z 0.3067 0.1580 0.9386

PART 53
OFFSET 0.2981 13.6215 -6.4777
SCALE 1 1 1
X 0.6484 0.6075 0.4588
Y -0.4935 0.7943 -0.3542
Z -0.5796 0.0032 0.8149

PART 54
OFFSET 1.6158 15.0118 -5.4776
SCALE 1 1 1
X 0.9301 -0.0876 0.3566
Y 0.0385 0.9890 0.1427
Z -0.3652 -0.1190 0.9233

PART 55
OFFSET 3.0742 14.7980 -4.8070
SCALE 1 1 1
X 0.7030 -0.6174 0.3530
Y 0.5255 0.7854 0.3271
Z -0.4792 -0.0444 0.8766

PART 56
OFFSET 3.8214 14.1417 -4.3796
SCALE 1 1 1
X 0.9350 -0.2654 -0.2351
Y -0.1992 0.1552 -0.9676
Z 0.2933 0.9516 0.0923

PART 57
OFFSET 0.1323 11.5514 -6.2971
SCALE 1 1 1
X 0.6393 -0.7682 -0.0338
Y 0.2362 0.1544 0.9593
Z -0.7318 -0.6213 0.2802

PART 58
OFFSET 1.7042 9.9348 -6.2961
SCALE 1 1 1
X 0.4160 0.0660 0.9070
Y -0.7140 0.6414 0.2808
Z -0.5632 -0.7644 0.3139

PART 59
OFFSET 2.2931 10.0281 -5.0120
SCALE 1 1 1
X 0.0308 0.3960 0.9177
Y -0.8512 0.4916 -0.1836
Z -0.5239 -0.7755 0.3522

PART 60
OFFSET 2.3204 10.3793 -4.1983
SCALE 1 1 1
X -0.5509 0.6574 0.5141
Y -0.6003 0.1158 -0.7913
Z -0.5798 -0.7446 0.3309

PART 61
OFFSET 1.7970 11.0038 -3.7099
SCALE 1 1 1
X 0.8821 -0.4678 0.0557
Y -0.1719 -0.4298 -0.8864
Z 0.4386 0.7723 -0.4595

PART 62
OFFSET 0.4454 12.0939 -6.6395
SCALE 1 1 1
X 0.8103 -0.5628 -0.1636
Y 0.2773 0.1223 0.9530
Z -0.5163 -0.8175 0.2552

PART 63
OFFSET 2.4655 10.5091 -7.0471
SCALE 1 1 1
X 0.3128 0.1333 0.9404
Y -0.8397 0.5015 0.2083
Z -0.4438 -0.8548 0.2688

PART 64
OFFSET 2.9981 10.7361 -5.4461
SCALE 1 1 1
X -0.1434 0.3833 0.9124
Y -0.8922 0.3489 -0.2868
Z -0.4283 -0.8552 0.2920

PART 65
OFFSET 2.7993 11.2673 -4.1815
SCALE 1 1 1
X -0.5443 0.4967 0.6761
Y -0.7221 0.1328 -0.6789
Z -0.4270 -0.8577 0.2864

PART 66
OFFSET 2.2090 11.8060 -3.4483
SCALE 1 1 1
X 0.8374 -0.5250 -0.1520
Y -0.2606 -0.1391 -0.9554
Z 0.4804 0.8397 -0.2533

PART 67
OFFSET 2.9115 13.4725 -7.1729
SCALE 1 1 1
X 0.9099 -0.4093 0.0679
Y -0.0158 -0.1977 -0.9801
Z 0.4146 0.8907 -0.1864

PART 68
OFFSET 3.1932 12.3076 -8.0358
SCALE 1 1 1
X 0.5207 0.0009 0.8537
Y -0.7815 0.4030 0.4763
Z -0.3436 -0.9152 0.2105

PART 69
OFFSET 4.1101 12.3092 -6.5327
SCALE 1 1 1
X -0.0091 0.1923 0.9813
Y -0.9529 0.2960 -0.0668
Z -0.3033 -0.9356 0.1806

PART 70
OFFSET 4.1175 12.5999 -5.3507
SCALE 1 1 1
X -0.2297 0.3289 0.9160
Y -0.9183 0.2385 -0.3160
Z -0.3224 -0.9137 0.2472

PART 71
OFFSET -4.7892 5.3891 -2.0719
SCALE 1 1 1
X 0.6675 0.6675 -0.3299
Y -0.7031 0.7109 0.0160
Z 0.2452 0.2213 0.9439

PART 72
OFFSET -1.9321 6.1149 -1.5695
SCALE 1 1 1
X 0.6724 0.6719 -0.3105
Y -0.7031 0.7109 0.0160
Z 0.2315 0.2076 0.9504

PART 73
OFFSET -2.2658 9.7905 -1.8281
SCALE 1 1 1
X 0.6675 0.6675 -0.3299
Y -0.7031 0.7109 0.0160
Z 0.2452 0.2213 0.9439

PART 74
OFFSET 11.6570 21.8273 -9.8390
SCALE 1 1 1
X -0.0847 -0.0615 -0.9945
Y -0.7031 0.7109 0.0160
Z 0.7061 0.7006 -0.1034

PART 75
OFFSET 0.3553 10.4776 -2.1165
SCALE 1 1 1
X 0.6675 0.6675 -0.3299
Y -0.7031 0.7109 0.0160
Z 0.2452 0.2213 0.9439

PART 76
OFFSET -2.1519 9.2973 -1.9020
SCALE 1 1 1
X 0.2452 0.2213 0.9439
Y -0.7031 0.7109 0.0160
Z -0.6675 -0.6675 0.3299

PART 77
OFFSET -2.5955 9.6978 -1.9883
SCALE 1 1 1
X 0.0264 0.4221 0.9062
Y -0.7448 0.6129 -0.2638
Z -0.6667 -0.6680 0.3306

PART 78
OFFSET -3.0666 10.0657 -2.1936
SCALE 1 1 1
X -0.0515 0.4876 0.8715
Y -0.7444 0.5630 -0.3590
Z -0.6657 -0.6673 0.3340

PART 79
OFFSET -3.5313 10.4193 -2.4112
SCALE 1 1 1
X -0.0222 0.4753 0.8795
Y -0.7474 0.5765 -0.3303
Z -0.6640 -0.6647 0.3425

PART 80
OFFSET -3.9773 10.7649 -2.6029
SCALE 1 1 1
X -0.0023 0.4815 0.8765
Y -0.7492 0.5797 -0.3204
Z -0.6623 -0.6574 0.3594

PART 81
OFFSET -4.4136 11.0975 -2.7979
SCALE 1 1 1
X -0.0128 0.5269 0.8498
Y -0.7488 0.5581 -0.3574
Z -0.6626 -0.6409 0.3874

PART 82
OFFSET -4.8472 11.4143 -3.0179
SCALE 1 1 1
X -0.0111 0.5789 0.8153
Y -0.7451 0.5390 -0.3928
Z -0.6669 -0.6118 0.4254

PART 83
OFFSET -5.2728 11.7253 -3.2416
SCALE 1 1 1
X 0.0401 0.6022 0.7974
Y -0.7414 0.5529 -0.3803
Z -0.6699 -0.5759 0.4686

PART 84
OFFSET -5.6823 12.0425 -3.4385
SCALE 1 1 1
X 0.1199 0.5948 0.7949
Y -0.7356 0.5909 -0.3312
Z -0.6667 -0.5450 0.5084

PART 85
OFFSET -6.0687 12.3562 -3.6130
SCALE 1 1 1
X 0.1313 0.6163 0.7765
Y -0.7297 0.5903 -0.3451
Z -0.6710 -0.5213 0.5272

PART 86
OFFSET -6.4253 12.6343 -3.8045
SCALE 1 1 1
X 0.0531 0.6904 0.7214
Y -0.7191 0.5277 -0.4521
Z -0.6929 -0.4948 0.5245

PART 87
OFFSET -6.7495 12.8532 -4.0445
SCALE 1 1 1
X -0.0609 0.7708 0.6342
Y -0.6899 0.4266 -0.5848
Z -0.7213 -0.4732 0.5057

PART 88
OFFSET -7.0526 13.0269 -4.3269
SCALE 1 1 1
X -0.1359 0.8121 0.5675
Y -0.6604 0.3527 -0.6629
Z -0.7385 -0.4649 0.4883

PART 89
OFFSET -7.3491 13.1814 -4.6351
SCALE 1 1 1
X -0.1380 0.8132 0.5654
Y -0.6468 0.3583 -0.6733
Z -0.7501 -0.4586 0.4765

PART 90
OFFSET -7.6484 13.4039 -4.9186
SCALE 1 1 1
X 0.0800 0.6684 0.7395
Y -0.6115 0.6188 -0.4931
Z -0.7872 -0.4128 0.4582

PART 91
OFFSET -7.9544 13.8431 -5.0938
SCALE 1 1 1
X 0.3699 0.3269 0.8696
Y -0.4569 0.8791 -0.1361
Z -0.8090 -0.3469 0.4746

PART 92
OFFSET -8.2735 14.5739 -5.1279
SCALE 1 1 1
X 0.4326 0.1909 0.8811
Y -0.3764 0.9263 -0.0159
Z -0.8192 -0.3248 0.4726

PART 93
OFFSET -8.6208 15.3661 -5.1983
SCALE 1 1 1
X 0.3633 0.3802 0.8506
Y -0.4450 0.8729 -0.2000
Z -0.8185 -0.3058 0.4863

PART 94
OFFSET -9.0111 15.9265 -5.5225
SCALE 1 1 1
X 0.1709 0.8176 0.5499
Y -0.5455 0.5433 -0.6382
Z -0.8205 -0.1910 0.5388

PART 95
OFFSET -9.3837 16.2632 -6.0303
SCALE 1 1 1
X 0.1403 0.8610 0.4888
Y -0.4805 0.4909 -0.7268
Z -0.8657 -0.1329 0.4826


FRAME 216
PART 0
OFFSET 1.3355 11.4816 -6.7008
SCALE 1 1 1
X 0.8018 -0.5755 -0.1610
Y 0.2672 0.1043 0.9580
Z -0.5345 -0.8111 0.2374

PART 1
OFFSET 1.3355 11.4816 -6.7008
SCALE 1 1 1
X 0.8018 -0.5755 -0.1610
Y 0.2672 0.1043 0.9580
Z -0.5345 -0.8111 0.2374

PART 2
OFFSET -11.4220 -5.6814 1.1813
SCALE 1 1 1
X -0.4049 -0.7870 0.4654
Y -0.8676 0.4914 0.0762
Z -0.2887 -0.3729 -0.8818

PART 3
OFFSET -6.0507 -0.2404 -1.3720
SCALE 1 1 1
X 0.0920 -0.9720 0.2162
Y 0.9650 0.0335 -0.2601
Z 0.2456 0.2325 0.9411

PART 4
OFFSET -6.2127 1.4710 -1.7526
SCALE 1 1 1
X 0.9431 -0.3125 -0.1138
Y 0.2710 0.9204 -0.2817
Z 0.1927 0.2348 0.9527

PART 5
OFFSET -7.3475 1.8651 -1.5564
SCALE 1 1 1
X 0.5206 0.7833 -0.3397
Y -0.8121 0.5771 0.0861
Z 0.2635 0.2311 0.9366

PART 6
OFFSET -7.9355 0.9804 -1.1727
SCALE 1 1 1
X 0.6377 -0.7110 0.2963
Y -0.7700 -0.5984 0.2215
Z 0.0198 -0.3694 -0.9291

PART 7
OFFSET -6.5062 -0.3920 -2.3670
SCALE 1 1 1
X 0.3815 -0.9227 0.0562
Y 0.9046 0.3602 -0.2280
Z 0.1901 0.1378 0.9721

PART 8
OFFSET -7.2516 1.4105 -2.4767
SCALE 1 1 1
X 0.9508 0.2109 -0.2271
Y -0.2444 0.9608 -0.1311
Z 0.1905 0.1801 0.9650

PART 9
OFFSET -8.6403 1.1025 -2.1451
SCALE 1 1 1
X 0.1838 0.9504 -0.2508
Y -0.9711 0.2150 0.1033
Z 0.1521 0.2245 0.9625

PART 10
OFFSET -8.8502 0.0246 -1.8678
SCALE 1 1 1
X 0.4696 -0.8805 0.0648
Y -0.8477 -0.4293 0.3116
Z -0.2465 -0.2012 -0.9480

PART 11
OFFSET 0.0000 0.0000 0.0000
SCALE 1 1 1
X 1.0000 0.0000 0.0000
Y 0.0000 1.0000 0.0000
Z 0.0000 0.0000 1.0000

PART 12
OFFSET -0.0032 0.0016 -0.0065
SCALE 1 1 1
X 1.0000 0.0012 -0.0010
Y -0.0012 1.0000 0.0000
Z 0.0010 0.0000 1.0000

PART 13
OFFSET 0.0000 0.0000 0.0000
SCALE 1 1 1
X 1.0000 0.0012 -0.0010
Y -0.0012 1.0000 0.0000
Z 0.0010 0.0000 1.0000

PART 14
OFFSET 4.7334 12.2641 -4.3227
SCALE 1 1 1
X 0.8015 -0.5951 0.0589
Y -0.0038 -0.1035 -0.9946
Z 0.5980 0.7969 -0.0852

PART 15
OFFSET 3.7882 10.6968 -7.6269
SCALE 1 1 1
X 0.4125 0.0865 0.9068
Y -0.8622 0.3583 0.3581
Z -0.2940 -0.9296 0.2224

PART 16
OFFSET 4.5941 10.8657 -5.8554
SCALE 1 1 1
X -0.1463 0.2505 0.9570
Y -0.9344 0.2826 -0.2168
Z -0.3248 -0.9260 0.1927

PART 17
OFFSET 4.3805 11.2316 -4.4575
SCALE 1 1 1
X -0.6471 0.3737 0.6646
Y -0.6670 0.1447 -0.7309
Z -0.3693 -0.9162 0.1556

PART 18
OFFSET 3.6454 11.6482 -3.7032
SCALE 1 1 1
X 0.9458 -0.3204 -0.0527
Y -0.1212 -0.1977 -0.9727
Z 0.3013 0.9264 -0.2258

PART 19
OFFSET -4.0800 4.8142 -2.2920
SCALE 1 1 1
X 0.6839 0.6594 -0.3123
Y -0.6900 0.7236 0.0168
Z 0.2370 0.2040 0.9498

PART 20
OFFSET -15.2016 -7.9373 -3.1869
SCALE 1 1 1
X -0.2388 -0.6756 0.6975
Y 0.2374 -0.7371 -0.6327
Z 0.9416 0.0145 0.3364

PART 21
OFFSET -12.3132 0.2337 -11.6223
SCALE 1 1 1
X -0.2734 0.2535 -0.9279
Y 0.6761 0.7368 0.0021
Z 0.6842 -0.6268 -0.3729

PART 22
OFFSET -9.9879 -1.9228 -3.7302
SCALE 1 1 1
X -0.2734 0.2535 -0.9279
Y 0.7198 0.6938 -0.0225
Z 0.6381 -0.6741 -0.3722

PART 23
OFFSET -10.8884 -2.1144 -1.9673
SCALE 1 1 1
X -0.2793 0.2509 -0.9269
Y -0.6931 0.6154 0.3754
Z 0.6646 0.7472 0.0020

PART 24
OFFSET -11.0339 -3.2896 -1.8317
SCALE 1 1 1
X -0.2793 0.2509 -0.9269
Y -0.6931 0.6154 0.3754
Z 0.6646 0.7472 0.0020

PART 25
OFFSET -9.9120 -3.9789 -2.2433
SCALE 1 1 1
X -0.2793 0.2509 -0.9269
Y -0.6931 0.6154 0.3754
Z 0.6646 0.7472 0.0020

PART 26
OFFSET -9.1497 -2.7000 -0.8856
SCALE 1 1 1
X -0.6833 -0.6626 0.3066
Y -0.2386 -0.1942 -0.9515
Z 0.6900 -0.7233 -0.0254

PART 27
OFFSET -8.8954 -1.9176 -0.0949
SCALE 1 1 1
X -0.2759 -0.8936 -0.3542
Y -0.1408 0.4021 -0.9047
Z 0.9508 -0.1997 -0.2367

PART 28
OFFSET -8.3390 -0.0183 0.7729
SCALE 1 1 1
X -0.3583 -0.8800 0.3118
Y -0.1664 -0.2684 -0.9488
Z 0.9187 -0.3918 -0.0503

PART 29
OFFSET -7.8734 1.4302 0.2186
SCALE 1 1 1
X -0.1050 -0.7030 0.7034
Y -0.3098 -0.6490 -0.6949
Z 0.9450 -0.2909 -0.1496

PART 30
OFFSET -7.7978 2.2147 -0.5234
SCALE 1 1 1
X -0.7484 -0.4658 0.4721
Y -0.5645 0.8211 -0.0846
Z -0.3483 -0.3298 -0.8775

PART 31
OFFSET -8.9664 -2.2010 -2.1587
SCALE 1 1 1
X -0.3944 -0.4635 0.7935
Y 0.7413 -0.6707 -0.0233
Z 0.5430 0.5790 0.6082

PART 32
OFFSET -8.0920 -0.9930 -3.8501
SCALE 1 1 1
X -0.0871 -0.9819 0.1682
Y 0.9310 -0.1403 -0.3370
Z 0.3545 0.1272 0.9264

PART 33
OFFSET -7.9687 0.3972 -4.0882
SCALE 1 1 1
X 0.9436 -0.0834 -0.3203
Y 0.0526 0.9932 -0.1037
Z 0.3268 0.0810 0.9416

PART 34
OFFSET -8.8054 0.4711 -3.8042
SCALE 1 1 1
X 0.5230 0.7958 -0.3052
Y -0.7896 0.5872 0.1781
Z 0.3210 0.1478 0.9355

PART 35
OFFSET -9.3023 -0.2850 -3.5142
SCALE 1 1 1
X 0.0492 -0.9987 -0.0136
Y -0.8921 -0.0501 0.4491
Z -0.4492 -0.0099 -0.8934

PART 36
OFFSET -8.5612 -2.0273 -1.5974
SCALE 1 1 1
X -0.5729 -0.5753 0.5838
Y 0.7137 -0.7004 0.0101
Z 0.4031 0.4225 0.8118

PART 37
OFFSET -7.1186 -0.6123 -3.2330
SCALE 1 1 1
X 0.2997 -0.9428 0.1458
Y 0.8902 0.2213 -0.3982
Z 0.3432 0.2492 0.9056

PART 38
OFFSET -7.6288 0.9929 -3.4812
SCALE 1 1 1
X 0.8836 0.2529 -0.3942
Y -0.3183 0.9417 -0.1094
Z 0.3435 0.2221 0.9125

PART 39
OFFSET -8.8533 0.6424 -2.9349
SCALE 1 1 1
X 0.0126 0.9711 -0.2383
Y -0.9410 0.0921 0.3256
Z 0.3381 0.2202 0.9150

PART 40
OFFSET -8.8670 -0.4108 -2.6764
SCALE 1 1 1
X 0.5438 -0.8374 0.0543
Y -0.7918 -0.4907 0.3637
Z -0.2779 -0.2408 -0.9299

PART 41
OFFSET -8.5612 -2.0273 -1.5974
SCALE 1 1 1
X -0.5729 -0.5753 0.5838
Y 0.7137 -0.7004 0.0101
Z 0.4031 0.4225 0.8118

PART 42
OFFSET -8.5612 -2.0273 -1.5974
SCALE 1 1 1
X -0.5729 -0.5753 0.5838
Y 0.7137 -0.7004 0.0101
Z 0.4031 0.4225 0.8118

PART 43
OFFSET 3.7075 0.0000 -1.3770
SCALE 1 1 1
X 1.0000 0.0000 0.0000
Y 0.0000 1.0000 0.0000
Z 0.0000 0.0000 1.0000

PART 44
OFFSET -0.0838 7.9373 -3.1869
SCALE 1 1 1
X -0.9032 0.4025 -0.1490
Y 0.0839 -0.1749 -0.9810
Z -0.4210 -0.8985 0.1242

PART 45
OFFSET -11.0069 12.8055 -4.9894
SCALE 1 1 1
X 0.9889 -0.0543 -0.1380
Y 0.0416 -0.7917 0.6095
Z -0.1424 -0.6085 -0.7807

PART 46
OFFSET -2.5956 12.3436 -6.1635
SCALE 1 1 1
X 0.9889 -0.0543 -0.1380
Y 0.0338 0.9886 -0.1468
Z 0.1444 0.1405 0.9795

PART 47
OFFSET -0.9774 13.9204 -5.3076
SCALE 1 1 1
X 0.9891 -0.0479 -0.1395
Y 0.1390 0.6200 0.7722
Z 0.0495 -0.7832 0.6199

PART 48
OFFSET -1.7489 12.8381 -7.6389
SCALE 1 1 1
X 0.9891 -0.0479 -0.1395
Y 0.1390 0.6200 0.7722
Z 0.0495 -0.7832 0.6199

PART 49
OFFSET -0.4269 12.0694 -4.4216
SCALE 1 1 1
X 0.9891 -0.0479 -0.1395
Y 0.1390 0.6200 0.7722
Z 0.0495 -0.7832 0.6199

PART 50
OFFSET -0.7614 11.0192 -5.6829
SCALE 1 1 1
X 0.9891 -0.0479 -0.1395
Y 0.1390 0.6200 0.7722
Z 0.0495 -0.7832 0.6199

PART 51
OFFSET -1.3714 10.2086 -6.9738
SCALE 1 1 1
X 0.9891 -0.0479 -0.1395
Y 0.1390 0.6200 0.7722
Z 0.0495 -0.7832 0.6199

PART 52
OFFSET 0.4362 12.1771 -6.5866
SCALE 1 1 1
X 0.9214 -0.3012 -0.2456
Y 0.2502 0.9433 -0.2183
Z 0.2974 0.1397 0.9445

PART 53
OFFSET 1.2142 13.0093 -6.5199
SCALE 1 1 1
X 0.6535 0.5891 0.4753
Y -0.4742 0.8081 -0.3495
Z -0.5899 0.0030 0.8075

PART 54
OFFSET 2.5443 14.3613 -5.4843
SCALE 1 1 1
X 0.9237 -0.1097 0.3671
Y 0.0548 0.9861 0.1567
Z -0.3792 -0.1247 0.9169

PART 55
OFFSET 3.9898 14.1114 -4.7984
SCALE 1 1 1
X 0.6869 -0.6351 0.3534
Y 0.5356 0.7710 0.3444
Z -0.4912 -0.0473 0.8698

PART 56
OFFSET 4.7192 13.4356 -4.3706
SCALE 1 1 1
X 0.9330 -0.2795 -0.2269
Y -0.1838 0.1719 -0.9678
Z 0.3095 0.9446 0.1090

PART 57
OFFSET 1.0081 10.9404 -6.3699
SCALE 1 1 1
X 0.6254 -0.7795 -0.0362
Y 0.2267 0.1371 0.9643
Z -0.7466 -0.6113 0.2624

PART 58
OFFSET 2.5498 9.2950 -6.3712
SCALE 1 1 1
X 0.4054 0.0460 0.9130
Y -0.7056 0.6507 0.2806
Z -0.5811 -0.7580 0.2962

PART 59
OFFSET 3.1238 9.3601 -5.0786
SCALE 1 1 1
X 0.0262 0.3830 0.9234
Y -0.8396 0.5098 -0.1876
Z -0.5426 -0.7704 0.3349

PART 60
OFFSET 3.1470 9.6996 -4.2599
SCALE 1 1 1
X -0.5453 0.6606 0.5161
Y -0.5878 0.1375 -0.7972
Z -0.5976 -0.7381 0.3133

PART 61
OFFSET 2.6290 10.3272 -3.7697
SCALE 1 1 1
X 0.8725 -0.4849 0.0604
Y -0.1684 -0.4145 -0.8943
Z 0.4587 0.7701 -0.4433

PART 62
OFFSET 1.3355 11.4816 -6.7008
SCALE 1 1 1
X 0.8018 -0.5755 -0.1610
Y 0.2672 0.1043 0.9580
Z -0.5345 -0.8111 0.2374

PART 63
OFFSET 3.3311 9.8652 -7.1046
SCALE 1 1 1
X 0.3031 0.1148 0.9460
Y -0.8330 0.5141 0.2045
Z -0.4629 -0.8500 0.2515

PART 64
OFFSET 3.8472 10.0606 -5.4940
SCALE 1 1 1
X -0.1481 0.3736 0.9157
Y -0.8819 0.3692 -0.2933
Z -0.4477 -0.8509 0.2748

PART 65
OFFSET 3.6419 10.5783 -4.2249
SCALE 1 1 1
X -0.5437 0.4975 0.6759
Y -0.7107 0.1553 -0.6861
Z -0.4463 -0.8534 0.2692

PART 66
OFFSET 3.0522 11.1179 -3.4919
SCALE 1 1 1
X 0.8295 -0.5383 -0.1486
Y -0.2508 -0.1214 -0.9604
Z 0.4990 0.8339 -0.2357

PART 67
OFFSET 3.8332 12.8211 -7.1841
SCALE 1 1 1
X 0.9012 -0.4270 0.0737
Y -0.0069 -0.1842 -0.9829
Z 0.4333 0.8853 -0.1689

PART 68
OFFSET 4.1045 11.6630 -8.0593
SCALE 1 1 1
X 0.5096 -0.0203 0.8602
Y -0.7800 0.4110 0.4718
Z -0.3631 -0.9114 0.1936

PART 69
OFFSET 5.0018 11.6273 -6.5448
SCALE 1 1 1
X -0.0181 0.1792 0.9836
Y -0.9463 0.3145 -0.0748
Z -0.3227 -0.9322 0.1639

PART 70
OFFSET 4.9993 11.9018 -5.3590
SCALE 1 1 1
X -0.2354 0.3207 0.9174
Y -0.9096 0.2598 -0.3242
Z -0.3423 -0.9108 0.2306

PART 71
OFFSET -4.0800 4.8142 -2.2920
SCALE 1 1 1
X 0.6839 0.6594 -0.3123
Y -0.6900 0.7236 0.0168
Z 0.2370 0.2040 0.9498

PART 72
OFFSET -1.2167 5.4800 -1.7437
SCALE 1 1 1
X 0.6886 0.6634 -0.2928
Y -0.6900 0.7236 0.0168
Z 0.2230 0.1904 0.9560

PART 73
OFFSET -1.4794 9.1642 -1.9560
SCALE 1 1 1
X 0.6839 0.6594 -0.3123
Y -0.6900 0.7236 0.0168
Z 0.2370 0.2040 0.9498

PART 74
OFFSET 12.7646 21.0472 -9.6248
SCALE 1 1 1
X -0.0730 -0.0465 -0.9962
Y -0.6900 0.7236 0.0168
Z 0.7201 0.6886 -0.0849

PART 75
OFFSET 1.1574 9.8063 -2.2019
SCALE 1 1 1
X 0.6839 0.6594 -0.3123
Y -0.6900 0.7236 0.0168
Z 0.2370 0.2040 0.9498

PART 76
OFFSET -1.3736 8.6700 -2.0352
SCALE 1 1 1
X 0.2370 0.2040 0.9498
Y -0.6900 0.7236 0.0168
Z -0.6839 -0.6594 0.3123

PART 77
OFFSET -1.8064 9.0759 -2.1252
SCALE 1 1 1
X 0.0127 0.4178 0.9085
Y -0.7302 0.6245 -0.2770
Z -0.6831 -0.6599 0.3130

PART 78
OFFSET -2.2637 9.4473 -2.3384
SCALE 1 1 1
X -0.0659 0.4863 0.8713
Y -0.7284 0.5734 -0.3751
Z -0.6820 -0.6593 0.3165

PART 79
OFFSET -2.7161 9.8062 -2.5632
SCALE 1 1 1
X -0.0318 0.4695 0.8824
Y -0.7322 0.5900 -0.3403
Z -0.6803 -0.6569 0.3250

PART 80
OFFSET -3.1525 10.1605 -2.7582
SCALE 1 1 1
X -0.0055 0.4701 0.8826
Y -0.7343 0.5972 -0.3227
Z -0.6788 -0.6498 0.3419

PART 81
OFFSET -3.5799 10.5045 -2.9524
SCALE 1 1 1
X -0.0086 0.5109 0.8596
Y -0.7338 0.5808 -0.3525
Z -0.6794 -0.6337 0.3699

PART 82
OFFSET -4.0037 10.8350 -3.1675
SCALE 1 1 1
X -0.0014 0.5599 0.8286
Y -0.7303 0.5654 -0.3833
Z -0.6831 -0.6056 0.4081

PART 83
OFFSET -4.4199 11.1603 -3.3846
SCALE 1 1 1
X 0.0505 0.5811 0.8122
Y -0.7270 0.5790 -0.3691
Z -0.6848 -0.5718 0.4517

PART 84
OFFSET -4.8218 11.4912 -3.5756
SCALE 1 1 1
X 0.1264 0.5731 0.8097
Y -0.7217 0.6132 -0.3213
Z -0.6806 -0.5437 0.4911

PART 85
OFFSET -5.2025 11.8180 -3.7460
SCALE 1 1 1
X 0.1369 0.5944 0.7924
Y -0.7153 0.6127 -0.3361
Z -0.6853 -0.5208 0.5091

PART 86
OFFSET -5.5544 12.1106 -3.9343
SCALE 1 1 1
X 0.0637 0.6687 0.7408
Y -0.7031 0.5569 -0.4422
Z -0.7082 -0.4927 0.5056

PART 87
OFFSET -5.8739 12.3471 -4.1715
SCALE 1 1 1
X -0.0433 0.7514 0.6584
Y -0.6742 0.4644 -0.5743
Z -0.7373 -0.4687 0.4865

PART 88
OFFSET -6.1730 12.5402 -4.4517
SCALE 1 1 1
X -0.1151 0.7965 0.5936
Y -0.6474 0.3931 -0.6530
Z -0.7534 -0.4594 0.4704

PART 89
OFFSET -6.4672 12.7141 -4.7585
SCALE 1 1 1
X -0.1193 0.8000 0.5881
Y -0.6360 0.3932 -0.6640
Z -0.7624 -0.4532 0.4618

PART 90
OFFSET -6.7643 12.9509 -5.0422
SCALE 1 1 1
X 0.0790 0.6575 0.7493
Y -0.5992 0.6320 -0.4914
Z -0.7967 -0.4102 0.4439

PART 91
OFFSET -7.0641 13.3915 -5.2200
SCALE 1 1 1
X 0.3509 0.3233 0.8788
Y -0.4497 0.8814 -0.1447
Z -0.8213 -0.3445 0.4547

PART 92
OFFSET -7.3704 14.1071 -5.2599
SCALE 1 1 1
X 0.4121 0.1874 0.8917
Y -0.3693 0.9290 -0.0246
Z -0.8330 -0.3191 0.4520

PART 93
OFFSET -7.7023 14.8816 -5.3381
SCALE 1 1 1
X 0.3440 0.3815 0.8580
Y -0.4354 0.8744 -0.2143
Z -0.8319 -0.2999 0.4669

PART 94
OFFSET -8.0797 15.4391 -5.6704
SCALE 1 1 1
X 0.1651 0.8129 0.5585
Y -0.5288 0.5509 -0.6457
Z -0.8325 -0.1887 0.5208

PART 95
OFFSET -8.4426 15.7881 -6.1836
SCALE 1 1 1
X 0.1432 0.8508 0.5055
Y -0.4633 0.5090 -0.7254
Z -0.8745 -0.1303 0.4671


FRAME 217
PART 0
OFFSET 2.2204 10.8549 -6.7679
SCALE 1 1 1
X 0.7933 -0.5877 -0.1588
Y 0.2567 0.0865 0.9626
Z -0.5520 -0.8044 0.2195

PART 1
OFFSET 2.2204 10.8549 -6.7679
SCALE 1 1 1
X 0.7933 -0.5877 -0.1588
Y 0.2567 0.0865 0.9626
Z -0.5520 -0.8044 0.2195

PART 2
OFFSET -10.9434 -6.1784 0.7176
SCALE 1 1 1
X -0.4249 -0.7858 0.4495
Y -0.8595 0.5060 0.0720
Z -0.2840 -0.3557 -0.8904

PART 3
OFFSET -5.4430 -0.8018 -1.6933
SCALE 1 1 1
X 0.0717 -0.9763 0.2040
Y 0.9687 0.0195 -0.2475
Z 0.2377 0.2154 0.9472

PART 4
OFFSET -5.5693 0.9172 -2.0524
SCALE 1 1 1
X 0.9387 -0.3280 -0.1061
Y 0.2911 0.9191 -0.2656
Z 0.1847 0.2185 0.9582

PART 5
OFFSET -6.6992 1.3291 -1.8652
SCALE 1 1 1
X 0.5389 0.7782 -0.3224
Y -0.8026 0.5905 0.0838
Z 0.2556 0.2136 0.9429

PART 6
OFFSET -7.3079 0.4501 -1.5010
SCALE 1 1 1
X 0.6210 -0.7264 0.2945
Y -0.7834 -0.5872 0.2036
Z 0.0251 -0.3572 -0.9337

PART 7
OFFSET -5.8883 -0.9318 -2.6959
SCALE 1 1 1
X 0.3641 -0.9301 0.0483
Y 0.9138 0.3468 -0.2116
Z 0.1800 0.1212 0.9762

PART 8
OFFSET -6.5997 0.8852 -2.7903
SCALE 1 1 1
X 0.9572 0.1967 -0.2122
Y -0.2254 0.9667 -0.1210
Z 0.1813 0.1636 0.9697

PART 9
OFFSET -7.9979 0.5980 -2.4805
SCALE 1 1 1
X 0.2040 0.9502 -0.2354
Y -0.9684 0.2312 0.0940
Z 0.1437 0.2088 0.9673

PART 10
OFFSET -8.2306 -0.4795 -2.2206
SCALE 1 1 1
X 0.4529 -0.8896 0.0586
Y -0.8592 -0.4180 0.2950
Z -0.2379 -0.1840 -0.9537

PART 11
OFFSET 0.0000 0.0000 0.0000
SCALE 1 1 1
X 1.0000 0.0000 0.0000
Y 0.0000 1.0000 0.0000
Z 0.0000 0.0000 1.0000

PART 12
OFFSET -0.0096 0.0071 -0.0218
SCALE 1 1 1
X 1.0000 0.0044 -0.0037
Y -0.0044 1.0000 0.0001
Z 0.0037 -0.0001 1.0000

PART 13
OFFSET 0.0000 -0.0000 0.0000
SCALE 1 1 1
X 1.0000 0.0044 -0.0037
Y -0.0044 1.0000 0.0001
Z 0.0037 -0.0001 1.0000

PART 14
OFFSET 5.6011 11.5437 -4.3367
SCALE 1 1 1
X 0.7898 -0.6103 0.0608
Y 0.0071 -0.0901 -0.9959
Z 0.6133 0.7870 -0.0668

PART 15
OFFSET 4.6704 10.0384 -7.6736
SCALE 1 1 1
X 0.4023 0.0668 0.9130
Y -0.8602 0.3691 0.3521
Z -0.3135 -0.9270 0.2059

PART 16
OFFSET 5.4564 10.1688 -5.8899
SCALE 1 1 1
X -0.1540 0.2402 0.9584
Y -0.9263 0.3024 -0.2247
Z -0.3438 -0.9224 0.1759

PART 17
OFFSET 5.2314 10.5196 -4.4900
SCALE 1 1 1
X -0.6488 0.3764 0.6614
Y -0.6549 0.1666 -0.7372
Z -0.3877 -0.9114 0.1384

PART 18
OFFSET 4.4943 10.9393 -3.7394
SCALE 1 1 1
X 0.9405 -0.3368 -0.0452
Y -0.1122 -0.1824 -0.9768
Z 0.3207 0.9238 -0.2093

PART 19
OFFSET -3.3701 4.2281 -2.5192
SCALE 1 1 1
X 0.6996 0.6510 -0.2946
Y -0.6771 0.7357 0.0180
Z 0.2285 0.1868 0.9555

PART 20
OFFSET -15.1198 -7.9373 -3.1869
SCALE 1 1 1
X -0.2930 -0.6030 0.7420
Y 0.1556 -0.7958 -0.5852
Z 0.9434 -0.0560 0.3270

PART 21
OFFSET -11.5763 -0.6450 -12.1607
SCALE 1 1 1
X -0.2579 0.2218 -0.9404
Y 0.7454 0.6649 -0.0476
Z 0.6147 -0.7132 -0.3368

PART 22
OFFSET -9.3823 -2.5313 -4.1625
SCALE 1 1 1
X -0.2579 0.2218 -0.9404
Y 0.7335 0.6784 -0.0412
Z 0.6288 -0.7004 -0.3377

PART 23
OFFSET -10.2643 -2.5247 -2.3897
SCALE 1 1 1
X -0.2641 0.2198 -0.9391
Y -0.6246 0.7029 0.3401
Z 0.7349 0.6764 -0.0484

PART 24
OFFSET -10.5031 -3.6830 -2.1889
SCALE 1 1 1
X -0.2641 0.2198 -0.9391
Y -0.6246 0.7029 0.3401
Z 0.7349 0.6764 -0.0484

PART 25
OFFSET -9.5111 -4.5069 -2.5495
SCALE 1 1 1
X -0.2641 0.2198 -0.9391
Y -0.6246 0.7029 0.3401
Z 0.7349 0.6764 -0.0484

PART 26
OFFSET -8.5916 -3.2112 -1.2796
SCALE 1 1 1
X -0.6990 -0.6542 0.2889
Y -0.2298 -0.1770 -0.9570
Z 0.6772 -0.7353 -0.0266

PART 27
OFFSET -8.3334 -2.4442 -0.4751
SCALE 1 1 1
X -0.2873 -0.8836 -0.3698
Y -0.1219 0.4167 -0.9008
Z 0.9501 -0.2137 -0.2274

PART 28
OFFSET -7.7542 -0.5672 0.4255
SCALE 1 1 1
X -0.3780 -0.8775 0.2952
Y -0.1590 -0.2526 -0.9544
Z 0.9120 -0.4077 -0.0441

PART 29
OFFSET -7.2556 0.8799 -0.1030
SCALE 1 1 1
X -0.1266 -0.7104 0.6923
Y -0.3124 -0.6339 -0.7075
Z 0.9415 -0.3059 -0.1417

PART 30
OFFSET -7.1564 1.6729 -0.8332
SCALE 1 1 1
X -0.7626 -0.4585 0.4563
Y -0.5485 0.8323 -0.0804
Z -0.3429 -0.3116 -0.8862

PART 31
OFFSET -8.3830 -2.6986 -2.5434
SCALE 1 1 1
X -0.4128 -0.4669 0.7820
Y 0.7294 -0.6837 -0.0231
Z 0.5454 0.5609 0.6228

PART 32
OFFSET -7.4654 -1.4839 -4.2069
SCALE 1 1 1
X -0.1069 -0.9823 0.1536
Y 0.9326 -0.1526 -0.3271
Z 0.3448 0.1083 0.9324

PART 33
OFFSET -7.3141 -0.0932 -4.4244
SCALE 1 1 1
X 0.9460 -0.0962 -0.3095
Y 0.0717 0.9934 -0.0894
Z 0.3160 0.0624 0.9467

PART 34
OFFSET -8.1529 -0.0079 -4.1500
SCALE 1 1 1
X 0.5411 0.7902 -0.2877
Y -0.7811 0.5990 0.1762
Z 0.3116 0.1294 0.9414

PART 35
OFFSET -8.6670 -0.7587 -3.8767
SCALE 1 1 1
X 0.0314 -0.9991 -0.0267
Y -0.8985 -0.0399 0.4371
Z -0.4378 0.0102 -0.8990

PART 36
OFFSET -7.9820 -2.5397 -1.9746
SCALE 1 1 1
X -0.5905 -0.5726 0.5686
Y 0.7008 -0.7133 0.0095
Z 0.4002 0.4041 0.8225

PART 37
OFFSET -6.4933 -1.1293 -3.5724
SCALE 1 1 1
X 0.2808 -0.9500 0.1367
Y 0.8990 0.2105 -0.3839
Z 0.3360 0.2307 0.9132

PART 38
OFFSET -6.9714 0.4881 -3.8051
SCALE 1 1 1
X 0.8929 0.2421 -0.3795
Y -0.2999 0.9487 -0.1005
Z 0.3357 0.2036 0.9197

PART 39
OFFSET -8.2089 0.1526 -3.2791
SCALE 1 1 1
X 0.0331 0.9738 -0.2248
Y -0.9433 0.1048 0.3149
Z 0.3302 0.2017 0.9221

PART 40
OFFSET -8.2448 -0.9036 -3.0353
SCALE 1 1 1
X 0.5280 -0.8478 0.0497
Y -0.8051 -0.4811 0.3470
Z -0.2703 -0.2232 -0.9366

PART 41
OFFSET -7.9820 -2.5397 -1.9746
SCALE 1 1 1
X -0.5905 -0.5726 0.5686
Y 0.7008 -0.7133 0.0095
Z 0.4002 0.4041 0.8225

PART 42
OFFSET -7.9820 -2.5397 -1.9746
SCALE 1 1 1
X -0.5905 -0.5726 0.5686
Y 0.7008 -0.7133 0.0095
Z 0.4002 0.4041 0.8225

PART 43
OFFSET 3.7075 0.0000 -1.3770
SCALE 1 1 1
X 1.0000 0.0000 0.0000
Y 0.0000 1.0000 0.0000
Z 0.0000 0.0000 1.0000

PART 44
OFFSET -0.0838 7.9373 -3.1869
SCALE 1 1 1
X -0.8038 0.5515 -0.2230
Y 0.0893 -0.2587 -0.9618
Z -0.5881 -0.7930 0.1587

PART 45
OFFSET -9.8050 14.6072 -5.8839
SCALE 1 1 1
X 0.9625 -0.2629 -0.0667
Y -0.1545 -0.7335 0.6619
Z -0.2229 -0.6268 -0.7466

PART 46
OFFSET -1.6184 12.3711 -6.4511
SCALE 1 1 1
X 0.9625 -0.2629 -0.0667
Y 0.2466 0.9506 -0.1884
Z 0.1129 0.1649 0.9798

PART 47
OFFSET 0.2419 13.6522 -5.5934
SCALE 1 1 1
X 0.9640 -0.2568 -0.0686
Y 0.2224 0.6380 0.7372
Z -0.1456 -0.7259 0.6722

PART 48
OFFSET -0.6111 12.5676 -7.8951
SCALE 1 1 1
X 0.9640 -0.2568 -0.0686
Y 0.2224 0.6380 0.7372
Z -0.1456 -0.7259 0.6722

PART 49
OFFSET 0.3521 11.8036 -4.5517
SCALE 1 1 1
X 0.9640 -0.2568 -0.0686
Y 0.2224 0.6380 0.7372
Z -0.1456 -0.7259 0.6722

PART 50
OFFSET -0.1239 10.7465 -5.7606
SCALE 1 1 1
X 0.9640 -0.2568 -0.0686
Y 0.2224 0.6380 0.7372
Z -0.1456 -0.7259 0.6722

PART 51
OFFSET -0.8184 9.9765 -7.0335
SCALE 1 1 1
X 0.9640 -0.2568 -0.0686
Y 0.2224 0.6380 0.7372
Z -0.1456 -0.7259 0.6722

PART 52
OFFSET 1.3324 11.5650 -6.6555
SCALE 1 1 1
X 0.9189 -0.3145 -0.2381
Y 0.2699 0.9414 -0.2022
Z 0.2877 0.1215 0.9500

PART 53
OFFSET 2.1243 12.3820 -6.5677
SCALE 1 1 1
X 0.6578 0.5707 0.4915
Y -0.4551 0.8212 -0.3444
Z -0.6001 0.0029 0.7999

PART 54
OFFSET 3.4651 13.6956 -5.4970
SCALE 1 1 1
X 0.9168 -0.1313 0.3772
Y 0.0705 0.9828 0.1709
Z -0.3931 -0.1301 0.9102

PART 55
OFFSET 4.8969 13.4104 -4.7964
SCALE 1 1 1
X 0.6708 -0.6521 0.3533
Y 0.5449 0.7565 0.3617
Z -0.5031 -0.0501 0.8628

PART 56
OFFSET 5.6085 12.7158 -4.3687
SCALE 1 1 1
X 0.9306 -0.2933 -0.2189
Y -0.1683 0.1882 -0.9676
Z 0.3250 0.9373 0.1258

PART 57
OFFSET 1.8791 10.3154 -6.4485
SCALE 1 1 1
X 0.6117 -0.7901 -0.0390
Y 0.2167 0.1200 0.9688
Z -0.7608 -0.6011 0.2446

PART 58
OFFSET 3.3910 8.6424 -6.4530
SCALE 1 1 1
X 0.3944 0.0264 0.9186
Y -0.6974 0.6595 0.2805
Z -0.5984 -0.7512 0.2785

PART 59
OFFSET 3.9494 8.6797 -5.1525
SCALE 1 1 1
X 0.0212 0.3700 0.9288
Y -0.8278 0.5274 -0.1911
Z -0.5606 -0.7648 0.3175

PART 60
OFFSET 3.9682 9.0078 -4.3290
SCALE 1 1 1
X -0.5399 0.6633 0.5181
Y -0.5750 0.1589 -0.8026
Z -0.6147 -0.7312 0.2956

PART 61
OFFSET 3.4553 9.6380 -3.8367
SCALE 1 1 1
X 0.8628 -0.5014 0.0648
Y -0.1643 -0.3993 -0.9020
Z 0.4781 0.7676 -0.4269

PART 62
OFFSET 2.2204 10.8549 -6.7679
SCALE 1 1 1
X 0.7933 -0.5877 -0.1588
Y 0.2567 0.0865 0.9626
Z -0.5520 -0.8044 0.2195

PART 63
OFFSET 4.1917 9.2082 -7.1686
SCALE 1 1 1
X 0.2930 0.0965 0.9512
Y -0.8262 0.5264 0.2010
Z -0.4813 -0.8448 0.2340

PART 64
OFFSET 4.6905 9.3725 -5.5491
SCALE 1 1 1
X -0.1531 0.3639 0.9188
Y -0.8712 0.3891 -0.2993
Z -0.4664 -0.8463 0.2574

PART 65
OFFSET 4.4783 9.8768 -4.2757
SCALE 1 1 1
X -0.5433 0.4982 0.6757
Y -0.6990 0.1774 -0.6928
Z -0.4650 -0.8487 0.2518

PART 66
OFFSET 3.8890 10.4171 -3.5429
SCALE 1 1 1
X 0.8216 -0.5513 -0.1455
Y -0.2406 -0.1039 -0.9650
Z 0.5169 0.8278 -0.2180

PART 67
OFFSET 4.7478 12.1554 -7.2013
SCALE 1 1 1
X 0.8924 -0.4442 0.0792
Y 0.0025 -0.1708 -0.9853
Z 0.4512 0.8795 -0.1513

PART 68
OFFSET 5.0095 11.0043 -8.0888
SCALE 1 1 1
X 0.4981 -0.0411 0.8662
Y -0.7785 0.4187 0.4676
Z -0.3818 -0.9072 0.1766

PART 69
OFFSET 5.8865 10.9320 -6.5638
SCALE 1 1 1
X -0.0276 0.1663 0.9857
Y -0.9395 0.3326 -0.0824
Z -0.3415 -0.9283 0.1471

PART 70
OFFSET 5.8737 11.1906 -5.3744
SCALE 1 1 1
X -0.2414 0.3126 0.9187
Y -0.9006 0.2806 -0.3321
Z -0.3616 -0.9075 0.2138

PART 71
OFFSET -3.3701 4.2281 -2.5192
SCALE 1 1 1
X 0.6996 0.6510 -0.2946
Y -0.6771 0.7357 0.0180
Z 0.2285 0.1868 0.9555

PART 72
OFFSET -0.5026 4.8344 -1.9258
SCALE 1 1 1
X 0.7041 0.6547 -0.2750
Y -0.6771 0.7357 0.0180
Z 0.2141 0.1735 0.9613

PART 73
OFFSET -0.6964 8.5253 -2.0910
SCALE 1 1 1
X 0.6996 0.6510 -0.2946
Y -0.6771 0.7357 0.0180
Z 0.2285 0.1868 0.9555

PART 74
OFFSET 13.8560 20.2502 -9.4165
SCALE 1 1 1
X -0.0584 -0.0293 -0.9979
Y -0.6771 0.7357 0.0180
Z 0.7336 0.6767 -0.0628

PART 75
OFFSET 1.9545 9.1228 -2.2948
SCALE 1 1 1
X 0.6996 0.6510 -0.2946
Y -0.6771 0.7357 0.0180
Z 0.2285 0.1868 0.9555

PART 76
OFFSET -0.5984 8.0304 -2.1756
SCALE 1 1 1
X 0.2285 0.1868 0.9555
Y -0.6771 0.7357 0.0180
Z -0.6996 -0.6510 0.2946

PART 77
OFFSET -1.0203 8.4410 -2.2691
SCALE 1 1 1
X -0.0020 0.4146 0.9100
Y -0.7153 0.6353 -0.2910
Z -0.6988 -0.6515 0.2953

PART 78
OFFSET -1.4633 8.8148 -2.4906
SCALE 1 1 1
X -0.0813 0.4865 0.8699
Y -0.7118 0.5827 -0.3923
Z -0.6977 -0.6511 0.2989

PART 79
OFFSET -1.9029 9.1781 -2.7229
SCALE 1 1 1
X -0.0422 0.4646 0.8845
Y -0.7168 0.6026 -0.3508
Z -0.6960 -0.6488 0.3076

PART 80
OFFSET -2.3296 9.5405 -2.9213
SCALE 1 1 1
X -0.0092 0.4590 0.8884
Y -0.7192 0.6142 -0.3248
Z -0.6947 -0.6419 0.3245

PART 81
OFFSET -2.7479 9.8958 -3.1141
SCALE 1 1 1
X -0.0042 0.4939 0.8695
Y -0.7184 0.6033 -0.3462
Z -0.6956 -0.6261 0.3523

PART 82
OFFSET -3.1619 10.2399 -3.3232
SCALE 1 1 1
X 0.0089 0.5389 0.8423
Y -0.7153 0.5921 -0.3712
Z -0.6988 -0.5992 0.3907

PART 83
OFFSET -3.5685 10.5796 -3.5321
SCALE 1 1 1
X 0.0613 0.5578 0.8277
Y -0.7125 0.6052 -0.3551
Z -0.6990 -0.5679 0.4346

PART 84
OFFSET -3.9629 10.9242 -3.7159
SCALE 1 1 1
X 0.1327 0.5495 0.8249
Y -0.7078 0.6351 -0.3092
Z -0.6938 -0.5429 0.4732

PART 85
OFFSET -4.3383 11.2642 -3.8813
SCALE 1 1 1
X 0.1418 0.5710 0.8086
Y -0.7009 0.6347 -0.3253
Z -0.6990 -0.5206 0.4903

PART 86
OFFSET -4.6857 11.5719 -4.0658
SCALE 1 1 1
X 0.0737 0.6449 0.7607
Y -0.6865 0.5861 -0.4304
Z -0.7234 -0.4905 0.4860

PART 87
OFFSET -5.0005 11.8268 -4.2996
SCALE 1 1 1
X -0.0261 0.7295 0.6835
Y -0.6572 0.5027 -0.5616
Z -0.7532 -0.4639 0.4663

PART 88
OFFSET -5.2955 12.0404 -4.5771
SCALE 1 1 1
X -0.0947 0.7782 0.6208
Y -0.6332 0.4342 -0.6408
Z -0.7682 -0.4538 0.4516

PART 89
OFFSET -5.5875 12.2346 -4.8820
SCALE 1 1 1
X -0.1011 0.7846 0.6117
Y -0.6247 0.4285 -0.6528
Z -0.7743 -0.4481 0.4468

PART 90
OFFSET -5.8827 12.4864 -5.1657
SCALE 1 1 1
X 0.0774 0.6465 0.7590
Y -0.5874 0.6447 -0.4893
Z -0.8056 -0.4080 0.4296

PART 91
OFFSET -6.1770 12.9281 -5.3467
SCALE 1 1 1
X 0.3304 0.3217 0.8873
Y -0.4436 0.8827 -0.1549
Z -0.8331 -0.3425 0.4344

PART 92
OFFSET -6.4712 13.6271 -5.3936
SCALE 1 1 1
X 0.3901 0.1865 0.9017
Y -0.3630 0.9311 -0.0355
Z -0.8462 -0.3134 0.4310

PART 93
OFFSET -6.7881 14.3818 -5.4809
SCALE 1 1 1
X 0.3236 0.3857 0.8640
Y -0.4263 0.8746 -0.2308
Z -0.8447 -0.2937 0.4474

PART 94
OFFSET -7.1525 14.9350 -5.8220
SCALE 1 1 1
X 0.1585 0.8092 0.5658
Y -0.5121 0.5573 -0.6536
Z -0.8442 -0.1861 0.5027

PART 95
OFFSET -7.5055 15.2958 -6.3404
SCALE 1 1 1
X 0.1452 0.8406 0.5218
Y -0.4462 0.5264 -0.7238
Z -0.8831 -0.1277 0.4515


FRAME 218
PART 0
OFFSET 3.1022 10.2185 -6.8377
SCALE 1 1 1
X 0.7848 -0.5996 -0.1567
Y 0.2458 0.0691 0.9669
Z -0.5689 -0.7973 0.2016

PART 1
OFFSET 3.1022 10.2185 -6.8377
SCALE 1 1 1
X 0.7848 -0.5996 -0.1567
Y 0.2458 0.0691 0.9669
Z -0.5689 -0.7973 0.2016

PART 2
OFFSET -10.4564 -6.6753 0.2485
SCALE 1 1 1
X -0.4445 -0.7840 0.4333
Y -0.8513 0.5203 0.0679
Z -0.2787 -0.3387 -0.8987

PART 3
OFFSET -4.8311 -1.3662 -2.0192
SCALE 1 1 1
X 0.0518 -0.9801 0.1916
Y 0.9720 0.0055 -0.2349
Z 0.2292 0.1984 0.9529

PART 4
OFFSET -4.9223 0.3594 -2.3566
SCALE 1 1 1
X 0.9340 -0.3433 -0.0987
Y 0.3107 0.9172 -0.2494
Z 0.1761 0.2023 0.9634

PART 5
OFFSET -6.0471 0.7890 -2.1781
SCALE 1 1 1
X 0.5567 0.7727 -0.3049
Y -0.7931 0.6036 0.0816
Z 0.2471 0.1964 0.9489

PART 6
OFFSET -6.6759 -0.0838 -1.8337
SCALE 1 1 1
X 0.6042 -0.7412 0.2925
Y -0.7962 -0.5758 0.1856
Z 0.0308 -0.3451 -0.9381

PART 7
OFFSET -5.2656 -1.4747 -3.0291
SCALE 1 1 1
X 0.3470 -0.9370 0.0403
Y 0.9224 0.3332 -0.1953
Z 0.1695 0.1049 0.9799

PART 8
OFFSET -5.9435 0.3558 -3.1079
SCALE 1 1 1
X 0.9632 0.1823 -0.1973
Y -0.2067 0.9721 -0.1107
Z 0.1716 0.1474 0.9741

PART 9
OFFSET -7.3504 0.0894 -2.8197
SCALE 1 1 1
X 0.2238 0.9495 -0.2199
Y -0.9653 0.2472 0.0848
Z 0.1349 0.1933 0.9718

PART 10
OFFSET -7.6055 -0.9872 -2.5774
SCALE 1 1 1
X 0.4363 -0.8983 0.0523
Y -0.8702 -0.4064 0.2784
Z -0.2288 -0.1669 -0.9591

PART 11
OFFSET 0.0000 0.0000 0.0000
SCALE 1 1 1
X 1.0000 0.0000 0.0000
Y 0.0000 1.0000 0.0000
Z 0.0000 0.0000 1.0000

PART 12
OFFSET -0.0188 0.0131 -0.0438
SCALE 1 1 1
X 0.9999 0.0091 -0.0076
Y -0.0090 1.0000 0.0004
Z 0.0076 -0.0004 1.0000

PART 13
OFFSET 0.0000 0.0000 0.0000
