// Export filename: `C:/cod5/cod/cod5/xanim_export/viewmodel/US/30cal/viewmodel_30cal_melee.XANIM_EXPORT`
// Source filename: `C:/cod5/cod/cod5/animation_assets/viewmodel/US/30_cal/viewmodelanimation_30_cal.mb`
// Export time: Fri Jul 25 17:00:44 2008

ANIMATION
VERSION 3

NUMPARTS 96
PART 0 "RingPalm_FK_LE"
PART 1 "RingPalm_SDK_LE"
PART 2 "J_Webbing_RI"
PART 3 "J_Index_RI_0"
PART 4 "J_Index_RI_1"
PART 5 "J_Index_RI_2"
PART 6 "J_Index_RI_3"
PART 7 "J_Mid_RI_0"
PART 8 "J_Mid_RI_1"
PART 9 "J_Mid_RI_2"
PART 10 "J_Mid_RI_3"
PART 11 "tag_cambone"
PART 12 "tag_camera"
PART 13 "tag_gasmask"
PART 14 "J_Index_LE_3"
PART 15 "J_Mid_LE_0"
PART 16 "J_Mid_LE_1"
PART 17 "J_Mid_LE_2"
PART 18 "J_Mid_LE_3"
PART 19 "tag_weapon"
PART 20 "J_Shoulder_RI"
PART 21 "J_Elbow_RI"
PART 22 "J_WristTwist_RI"
PART 23 "J_Sleave_Reshape_Top_RI_3"
PART 24 "J_Sleave_Reshape_Top_RI_2"
PART 25 "J_Sleave_Reshape_Top_RI_1"
PART 26 "J_Wrist_RI"
PART 27 "J_Thumb_RI_0"
PART 28 "J_Thumb_RI_1"
PART 29 "J_Thumb_RI_2"
PART 30 "J_Thumb_RI_3"
PART 31 "J_PinkyPalm_RI"
PART 32 "J_Pinky_RI_0"
PART 33 "J_Pinky_RI_1"
PART 34 "J_Pinky_RI_2"
PART 35 "J_Pinky_RI_3"
PART 36 "J_RingPalm_RI"
PART 37 "J_Ring_RI_0"
PART 38 "J_Ring_RI_1"
PART 39 "J_Ring_RI_2"
PART 40 "J_Ring_RI_3"
PART 41 "RingPalm_FK_RI"
PART 42 "RingPalm_SDK_RI"
PART 43 "tag_torso"
PART 44 "J_Shoulder_LE"
PART 45 "J_Elbow_LE"
PART 46 "J_WristTwist_LE"
PART 47 "J_Sleave_Reshape_Bottom_LE_1"
PART 48 "J_Sleave_Reshape_Bottom_LE_2"
PART 49 "J_Sleave_Reshape_Top_LE_1"
PART 50 "J_Sleave_Reshape_Top_LE_2"
PART 51 "J_Sleave_Reshape_Top_LE_3"
PART 52 "J_Wrist_LE"
PART 53 "J_Thumb_LE_0"
PART 54 "J_Thumb_LE_1"
PART 55 "J_Thumb_LE_2"
PART 56 "J_Thumb_LE_3"
PART 57 "J_PinkyPalm_LE"
PART 58 "J_Pinky_LE_0"
PART 59 "J_Pinky_LE_1"
PART 60 "J_Pinky_LE_2"
PART 61 "J_Pinky_LE_3"
PART 62 "J_RingPalm_LE"
PART 63 "J_Ring_LE_0"
PART 64 "J_Ring_LE_1"
PART 65 "J_Ring_LE_2"
PART 66 "J_Ring_LE_3"
PART 67 "J_Webbing_LE"
PART 68 "J_Index_LE_0"
PART 69 "J_Index_LE_1"
PART 70 "J_Index_LE_2"
PART 71 "J_Gun"
PART 72 "J_Bolt"
PART 73 "J_Clip"
PART 74 "tag_bipod"
PART 75 "tag_top"
PART 76 "ammo01_jnt"
PART 77 "ammo02_jnt"
PART 78 "ammo03_jnt"
PART 79 "ammo04_jnt"
PART 80 "ammo05_jnt"
PART 81 "ammo06_jnt"
PART 82 "ammo07_jnt"
PART 83 "ammo08_jnt"
PART 84 "ammo09_jnt"
PART 85 "ammo10_jnt"
PART 86 "ammo11_jnt"
PART 87 "ammo12_jnt"
PART 88 "ammo13_jnt"
PART 89 "ammo14_jnt"
PART 90 "ammo15_jnt"
PART 91 "ammo16_jnt"
PART 92 "ammo17_jnt"
PART 93 "ammo18_jnt"
PART 94 "ammo19_jnt"
PART 95 "ammo20_jnt"

FRAMERATE 30
NUMFRAMES 29

FRAME 80
PART 0
OFFSET 18.4454 -2.2567 -7.3033
SCALE 1 1 1
X 0.2603 -0.9633 -0.0652
Y -0.0461 -0.0799 0.9957
Z -0.9644 -0.2561 -0.0652

PART 1
OFFSET 18.4454 -2.2567 -7.3033
SCALE 1 1 1
X 0.2603 -0.9633 -0.0652
Y -0.0461 -0.0799 0.9957
Z -0.9644 -0.2561 -0.0652

PART 2
OFFSET -3.8924 -6.6747 -6.3305
SCALE 1 1 1
X -0.9289 -0.3191 0.1881
Y -0.3331 0.9417 -0.0480
Z -0.1618 -0.1072 -0.9810

PART 3
OFFSET 4.1509 -6.1466 -6.3607
SCALE 1 1 1
X -0.6128 -0.7893 0.0392
Y 0.7899 -0.6132 -0.0004
Z 0.0243 0.0307 0.9992

PART 4
OFFSET 5.2298 -4.7569 -6.4296
SCALE 1 1 1
X 0.5110 -0.8570 0.0659
Y 0.8594 0.5108 -0.0211
Z -0.0156 0.0674 0.9976

PART 5
OFFSET 4.6076 -3.7109 -6.4491
SCALE 1 1 1
X 0.9693 0.2425 -0.0407
Y -0.2430 0.9700 -0.0081
Z 0.0376 0.0178 0.9991

PART 6
OFFSET 3.5127 -3.9848 -6.4031
SCALE 1 1 1
X -0.0856 -0.9496 0.3016
Y -0.9935 0.0586 -0.0976
Z 0.0750 -0.3080 -0.9484

PART 7
OFFSET 4.0450 -5.9794 -7.4476
SCALE 1 1 1
X -0.3252 -0.9451 -0.0311
Y 0.9419 -0.3267 0.0786
Z -0.0844 -0.0037 0.9964

PART 8
OFFSET 4.6804 -4.1331 -7.3868
SCALE 1 1 1
X 0.8807 -0.4696 0.0620
Y 0.4704 0.8825 0.0015
Z -0.0554 0.0278 0.9981

PART 9
OFFSET 3.3940 -3.4472 -7.4774
SCALE 1 1 1
X 0.8064 0.5913 -0.0076
Y -0.5889 0.8018 -0.1017
Z -0.0540 0.0865 0.9948

PART 10
OFFSET 2.4807 -4.1170 -7.4758
SCALE 1 1 1
X -0.2388 -0.9710 0.0072
Y -0.9711 0.2388 0.0015
Z -0.0031 -0.0067 -1.0000

PART 11
OFFSET 0.0000 0.0000 0.0000
SCALE 1 1 1
X 1.0000 0.0000 0.0000
Y 0.0000 1.0000 0.0000
Z 0.0000 0.0000 1.0000

PART 12
OFFSET -0.0005 -0.0005 -0.0005
SCALE 1 1 1
X 1.0000 -0.0000 0.0000
Y 0.0000 1.0000 -0.0000
Z -0.0000 0.0000 1.0000

PART 13
OFFSET 0.0000 0.0000 0.0000
SCALE 1 1 1
X 1.0000 -0.0000 0.0000
Y 0.0000 1.0000 -0.0000
Z -0.0000 0.0000 1.0000

PART 14
OFFSET 20.6063 -3.8563 -4.0497
SCALE 1 1 1
X 0.1784 -0.9740 0.1396
Y 0.2457 -0.0933 -0.9649
Z 0.9528 0.2065 0.2226

PART 15
OFFSET 19.9906 -4.4758 -7.7246
SCALE 1 1 1
X 0.0622 -0.1896 0.9799
Y -0.5017 0.8428 0.1950
Z -0.8628 -0.5037 -0.0427

PART 16
OFFSET 20.1122 -4.8462 -5.8103
SCALE 1 1 1
X -0.2484 0.3019 0.9204
Y -0.4195 0.8229 -0.3832
Z -0.8731 -0.4813 -0.0778

PART 17
OFFSET 19.7494 -4.4052 -4.4660
SCALE 1 1 1
X -0.4355 0.7185 0.5423
Y -0.1537 0.5342 -0.8313
Z -0.8870 -0.4453 -0.1222

PART 18
OFFSET 19.2500 -3.5949 -3.8521
SCALE 1 1 1
X 0.4888 -0.8637 0.1229
Y 0.0961 -0.0868 -0.9916
Z 0.8671 0.4965 0.0406

PART 19
OFFSET 9.0164 -3.6472 -5.7617
SCALE 1 1 1
X 0.9991 0.0423 0.0018
Y -0.0423 0.9990 -0.0151
Z -0.0025 0.0150 0.9999

PART 20
OFFSET -3.5797 -7.9373 -3.1869
SCALE 1 1 1
X 0.4768 -0.1703 0.8624
Y -0.2769 -0.9602 -0.0365
Z 0.8343 -0.2214 -0.5050

PART 21
OFFSET -9.3460 -5.8779 -13.6163
SCALE 1 1 1
X -0.8291 0.0068 -0.5590
Y 0.5269 0.3440 -0.7772
Z 0.1870 -0.9389 -0.2888

PART 22
OFFSET -2.2940 -5.9358 -8.8614
SCALE 1 1 1
X -0.8291 0.0068 -0.5590
Y 0.5591 0.0016 -0.8291
Z -0.0048 -1.0000 -0.0051

PART 23
OFFSET -1.7429 -4.9995 -7.0940
SCALE 1 1 1
X -0.8328 0.0073 -0.5536
Y -0.1922 0.9339 0.3015
Z 0.5192 0.3575 -0.7763

PART 24
OFFSET -1.8424 -5.7884 -6.2706
SCALE 1 1 1
X -0.8328 0.0073 -0.5536
Y -0.1922 0.9339 0.3015
Z 0.5192 0.3575 -0.7763

PART 25
OFFSET -1.1775 -7.0926 -7.0950
SCALE 1 1 1
X -0.8328 0.0073 -0.5536
Y -0.1922 0.9339 0.3015
Z 0.5192 0.3575 -0.7763

PART 26
OFFSET 0.2478 -5.9566 -7.1476
SCALE 1 1 1
X -0.9989 -0.0452 -0.0077
Y 0.0080 -0.0066 -0.9999
Z 0.0452 -0.9990 0.0070

PART 27
OFFSET 0.6708 -5.5197 -6.1820
SCALE 1 1 1
X -0.6457 -0.4987 -0.5783
Y 0.4372 0.3795 -0.8154
Z 0.6261 -0.7793 -0.0270

PART 28
OFFSET 1.9857 -4.4381 -4.8512
SCALE 1 1 1
X -0.9057 -0.4225 0.0358
Y 0.0120 -0.1099 -0.9939
Z 0.4238 -0.8997 0.1046

PART 29
OFFSET 3.4009 -3.6618 -4.9801
SCALE 1 1 1
X -0.7376 -0.4484 0.5048
Y -0.4090 -0.2981 -0.8625
Z 0.5373 -0.8426 0.0365

PART 30
OFFSET 4.1810 -3.1332 -5.5129
SCALE 1 1 1
X -0.9739 0.1488 0.1714
Y 0.1402 0.9882 -0.0611
Z -0.1785 -0.0355 -0.9833

PART 31
OFFSET 1.0926 -5.7235 -8.2132
SCALE 1 1 1
X -0.8217 -0.0762 0.5648
Y 0.1141 -0.9930 0.0320
Z 0.5584 0.0907 0.8246

PART 32
OFFSET 3.0061 -5.4173 -9.3660
SCALE 1 1 1
X -0.7313 -0.6800 -0.0528
Y 0.6808 -0.7233 -0.1155
Z 0.0403 -0.1204 0.9919

PART 33
OFFSET 4.0415 -4.4546 -9.2912
SCALE 1 1 1
X 0.7203 -0.6884 -0.0855
Y 0.6935 0.7123 0.1076
Z -0.0132 -0.1368 0.9905

PART 34
OFFSET 3.4029 -3.8443 -9.2154
SCALE 1 1 1
X 0.9680 0.2509 -0.0050
Y -0.2496 0.9645 0.0868
Z 0.0266 -0.0828 0.9962

PART 35
OFFSET 2.4832 -4.0827 -9.2107
SCALE 1 1 1
X -0.5875 -0.7854 -0.1947
Y -0.8080 0.5562 0.1946
Z -0.0446 0.2717 -0.9614

PART 36
OFFSET 1.3132 -5.8487 -7.5459
SCALE 1 1 1
X -0.9528 -0.0470 0.2998
Y 0.0652 -0.9966 0.0510
Z 0.2963 0.0682 0.9526

PART 37
OFFSET 3.7436 -5.7587 -8.4643
SCALE 1 1 1
X -0.4244 -0.9050 0.0297
Y 0.8981 -0.4249 -0.1135
Z 0.1154 -0.0215 0.9931

PART 38
OFFSET 4.4662 -4.2180 -8.5150
SCALE 1 1 1
X 0.9119 -0.3967 -0.1052
Y 0.3990 0.9170 -0.0000
Z 0.0965 -0.0419 0.9945

PART 39
OFFSET 3.2025 -3.6681 -8.3692
SCALE 1 1 1
X 0.6936 0.7195 -0.0344
Y -0.7146 0.6933 0.0928
Z 0.0906 -0.0398 0.9951

PART 40
OFFSET 2.4502 -4.4485 -8.3319
SCALE 1 1 1
X -0.1556 -0.9875 0.0241
Y -0.9862 0.1567 0.0529
Z -0.0560 -0.0155 -0.9983

PART 41
OFFSET 1.3132 -5.8487 -7.5459
SCALE 1 1 1
X -0.9528 -0.0470 0.2998
Y 0.0652 -0.9966 0.0510
Z 0.2963 0.0682 0.9526

PART 42
OFFSET 1.3132 -5.8487 -7.5459
SCALE 1 1 1
X -0.9528 -0.0470 0.2998
Y 0.0652 -0.9966 0.0510
Z 0.2963 0.0682 0.9526

PART 43
OFFSET 3.7075 0.0000 -1.3770
SCALE 1 1 1
X 1.0000 0.0000 0.0000
Y 0.0000 1.0000 0.0000
Z 0.0000 0.0000 1.0000

PART 44
OFFSET -0.0838 7.9373 -3.1869
SCALE 1 1 1
X 0.8406 -0.0974 -0.5328
Y -0.2477 -0.9439 -0.2183
Z -0.4817 0.3154 -0.8176

PART 45
OFFSET 10.0825 6.7593 -9.6305
SCALE 1 1 1
X 0.7020 -0.6826 0.2028
Y -0.5448 -0.3314 0.7703
Z -0.4586 -0.6513 -0.6045

PART 46
OFFSET 16.0537 0.9531 -7.9053
SCALE 1 1 1
X 0.7020 -0.6826 0.2028
Y 0.6875 0.7239 0.0569
Z -0.1857 0.0995 0.9776

PART 47
OFFSET 18.2455 1.4284 -7.0067
SCALE 1 1 1
X 0.7065 -0.6789 0.1999
Y 0.4644 0.6579 0.5928
Z -0.5340 -0.3260 0.7801

PART 48
OFFSET 17.1147 0.2013 -9.1083
SCALE 1 1 1
X 0.7065 -0.6789 0.1999
Y 0.4644 0.6579 0.5928
Z -0.5340 -0.3260 0.7801

PART 49
OFFSET 17.3439 0.1674 -5.5536
SCALE 1 1 1
X 0.7065 -0.6789 0.1999
Y 0.4644 0.6579 0.5928
Z -0.5340 -0.3260 0.7801

PART 50
OFFSET 16.4809 -0.8692 -6.5467
SCALE 1 1 1
X 0.7065 -0.6789 0.1999
Y 0.4644 0.6579 0.5928
Z -0.5340 -0.3260 0.7801

PART 51
OFFSET 15.5780 -1.5867 -7.7152
SCALE 1 1 1
X 0.7065 -0.6789 0.1999
Y 0.4644 0.6579 0.5928
Z -0.5340 -0.3260 0.7801

PART 52
OFFSET 18.2059 -1.1396 -7.2835
SCALE 1 1 1
X 0.5442 -0.8366 -0.0625
Y 0.8390 0.5429 0.0383
Z 0.0018 -0.0733 0.9973

PART 53
OFFSET 19.2611 -1.0222 -6.8650
SCALE 1 1 1
X 0.6853 0.0233 0.7279
Y 0.2797 0.9144 -0.2926
Z -0.6724 0.4041 0.6201

PART 54
OFFSET 20.7303 -0.8582 -5.2889
SCALE 1 1 1
X 0.4730 -0.6829 0.5567
Y 0.6086 0.7102 0.3539
Z -0.6370 0.1714 0.7515

PART 55
OFFSET 21.3863 -1.9837 -4.3272
SCALE 1 1 1
X -0.0210 -0.9236 0.3828
Y 0.7567 0.2355 0.6098
Z -0.6534 0.3025 0.6940

PART 56
OFFSET 21.3466 -2.9647 -3.8711
SCALE 1 1 1
X 0.5601 -0.8275 -0.0376
Y 0.2820 0.2331 -0.9307
Z 0.7789 0.5107 0.3639

PART 57
OFFSET 17.7685 -2.4437 -7.1758
SCALE 1 1 1
X -0.0326 -0.9990 -0.0303
Y -0.0564 -0.0284 0.9980
Z -0.9979 0.0343 -0.0554

PART 58
OFFSET 17.8335 -4.6967 -7.1133
SCALE 1 1 1
X 0.0298 -0.2153 0.9761
Y -0.1823 0.9590 0.2171
Z -0.9828 -0.1844 -0.0106

PART 59
OFFSET 17.8757 -5.0016 -5.7314
SCALE 1 1 1
X -0.0319 0.2879 0.9571
Y -0.2186 0.9324 -0.2878
Z -0.9753 -0.2184 0.0332

PART 60
OFFSET 17.8475 -4.7464 -4.8828
SCALE 1 1 1
X -0.1361 0.8653 0.4824
Y -0.0810 0.4756 -0.8759
Z -0.9874 -0.1583 0.0053

PART 61
OFFSET 17.7182 -3.9243 -4.4245
SCALE 1 1 1
X 0.2977 -0.9375 0.1801
Y -0.0983 -0.2178 -0.9710
Z 0.9496 0.2714 -0.1570

PART 62
OFFSET 18.4454 -2.2567 -7.3033
SCALE 1 1 1
X 0.2603 -0.9633 -0.0652
Y -0.0461 -0.0799 0.9957
Z -0.9644 -0.2561 -0.0652

PART 63
OFFSET 18.9786 -4.7932 -7.5042
SCALE 1 1 1
X -0.0102 -0.0957 0.9954
Y -0.3347 0.9383 0.0868
Z -0.9423 -0.3322 -0.0416

PART 64
OFFSET 18.9612 -4.9561 -5.8096
SCALE 1 1 1
X -0.1594 0.3952 0.9047
Y -0.3036 0.8523 -0.4258
Z -0.9394 -0.3425 -0.0159

PART 65
OFFSET 18.7403 -4.4084 -4.5558
SCALE 1 1 1
X -0.2877 0.7442 0.6028
Y -0.1923 0.5717 -0.7976
Z -0.9382 -0.3454 -0.0214

PART 66
OFFSET 18.4283 -3.6013 -3.9021
SCALE 1 1 1
X 0.2994 -0.9533 -0.0393
Y 0.0478 0.0561 -0.9973
Z 0.9529 0.2967 0.0624

PART 67
OFFSET 21.2166 -2.8960 -6.8806
SCALE 1 1 1
X 0.3503 -0.9125 0.2111
Y 0.1892 -0.1519 -0.9701
Z 0.9173 0.3798 0.1194

PART 68
OFFSET 20.9585 -3.9629 -7.8685
SCALE 1 1 1
X 0.0791 -0.3347 0.9390
Y -0.4460 0.8306 0.3336
Z -0.8915 -0.4451 -0.0836

PART 69
OFFSET 21.0977 -4.5522 -6.2153
SCALE 1 1 1
X -0.2103 0.1646 0.9637
Y -0.4527 0.8573 -0.2452
Z -0.8665 -0.4878 -0.1058

PART 70
OFFSET 20.8946 -4.3225 -5.0373
SCALE 1 1 1
X -0.2553 0.4128 0.8743
Y -0.3823 0.7875 -0.4834
Z -0.8881 -0.4577 -0.0433

PART 71
OFFSET 9.0164 -3.6472 -5.7617
SCALE 1 1 1
X 0.9991 0.0423 0.0018
Y -0.0423 0.9990 -0.0151
Z -0.0025 0.0150 0.9999

PART 72
OFFSET 11.2998 -5.0162 -4.4000
SCALE 1 1 1
X 0.9988 0.0426 0.0223
Y -0.0423 0.9990 -0.0151
Z -0.0229 0.0141 0.9996

PART 73
OFFSET 13.4923 -2.0701 -3.9511
SCALE 1 1 1
X 0.9991 0.0423 0.0018
Y -0.0423 0.9990 -0.0151
Z -0.0025 0.0150 0.9999

PART 74
OFFSET 33.5069 -2.6048 -5.3776
SCALE 1 1 1
X 0.2327 -0.0048 -0.9725
Y -0.0423 0.9990 -0.0151
Z 0.9716 0.0446 0.2323

PART 75
OFFSET 15.8498 -3.3224 -3.4040
SCALE 1 1 1
X 0.9991 0.0423 0.0018
Y -0.0423 0.9990 -0.0151
Z -0.0025 0.0150 0.9999

PART 76
OFFSET 13.2800 -2.4151 -4.1036
SCALE 1 1 1
X -0.0025 0.0150 0.9999
Y -0.0423 0.9990 -0.0151
Z -0.9991 -0.0423 -0.0018

PART 77
OFFSET 13.2603 -1.9556 -4.3274
SCALE 1 1 1
X -0.0322 0.7383 0.6737
Y -0.0304 0.6730 -0.7390
Z -0.9990 -0.0443 0.0008

PART 78
OFFSET 13.2440 -1.6347 -4.7960
SCALE 1 1 1
X -0.0345 0.8424 0.5377
Y -0.0310 0.5369 -0.8431
Z -0.9989 -0.0458 0.0076

PART 79
OFFSET 13.2204 -1.2608 -5.2377
SCALE 1 1 1
X -0.0180 0.6349 0.7724
Y -0.0502 0.7710 -0.6349
Z -0.9986 -0.0502 0.0180

PART 80
OFFSET 13.1900 -0.7671 -5.5238
SCALE 1 1 1
X 0.0137 0.3691 0.9293
Y -0.0521 0.9284 -0.3679
Z -0.9985 -0.0434 0.0319

PART 81
OFFSET 13.1644 -0.2115 -5.6686
SCALE 1 1 1
X 0.0624 0.1434 0.9877
Y -0.0337 0.9894 -0.1415
Z -0.9975 -0.0245 0.0665

PART 82
OFFSET 13.1506 0.3559 -5.7059
SCALE 1 1 1
X 0.1253 0.0209 0.9919
Y -0.0193 0.9996 -0.0186
Z -0.9919 -0.0168 0.1257

PART 83
OFFSET 13.1366 0.9378 -5.7238
SCALE 1 1 1
X 0.1779 0.0754 0.9811
Y -0.0333 0.9969 -0.0706
Z -0.9835 -0.0201 0.1799

PART 84
OFFSET 13.1062 1.5484 -5.8212
SCALE 1 1 1
X 0.2005 0.2534 0.9464
Y -0.0623 0.9673 -0.2458
Z -0.9777 -0.0097 0.2097

PART 85
OFFSET 13.0648 2.1673 -6.0326
SCALE 1 1 1
X 0.2053 0.3959 0.8950
Y -0.0574 0.9178 -0.3929
Z -0.9770 0.0293 0.2112

PART 86
OFFSET 13.0399 2.7397 -6.3283
SCALE 1 1 1
X 0.2067 0.5157 0.8314
Y -0.0118 0.8510 -0.5250
Z -0.9783 0.0987 0.1820

PART 87
OFFSET 13.0481 3.2170 -6.6838
SCALE 1 1 1
X 0.2071 0.6554 0.7264
Y 0.0296 0.7379 -0.6742
Z -0.9779 0.1612 0.1334

PART 88
OFFSET 13.0603 3.5823 -7.1058
SCALE 1 1 1
X 0.2043 0.8147 0.5428
Y 0.0013 0.5542 -0.8324
Z -0.9789 0.1707 0.1122

PART 89
OFFSET 13.0380 3.8281 -7.6078
SCALE 1 1 1
X 0.2014 0.9302 0.3070
Y -0.0768 0.3274 -0.9418
Z -0.9765 0.1661 0.1374

PART 90
OFFSET 12.9890 3.9711 -8.1689
SCALE 1 1 1
X 0.2063 0.9651 0.1614
Y -0.0764 0.1803 -0.9806
Z -0.9755 0.1900 0.1109

PART 91
OFFSET 12.9675 4.0529 -8.7346
SCALE 1 1 1
X 0.2053 0.9713 0.1199
Y 0.0200 0.1183 -0.9928
Z -0.9785 0.2062 0.0049

PART 92
OFFSET 13.0116 4.1080 -9.2671
SCALE 1 1 1
X 0.1797 0.9781 0.1050
Y 0.1284 0.0825 -0.9883
Z -0.9753 0.1910 -0.1108

PART 93
OFFSET 13.0862 4.1385 -9.8033
SCALE 1 1 1
X 0.1457 0.9882 0.0475
Y 0.1284 0.0287 -0.9913
Z -0.9810 0.1505 -0.1227

PART 94
OFFSET 13.1402 4.1428 -10.3919
SCALE 1 1 1
X 0.1329 0.9908 0.0241
Y 0.0588 0.0164 -0.9981
Z -0.9894 0.1340 -0.0561

PART 95
OFFSET 13.1721 4.2255 -10.9326
SCALE 1 1 1
X 0.1240 0.9041 0.4089
Y 0.0770 0.4020 -0.9124
Z -0.9893 0.1446 -0.0198


FRAME 81
PART 0
OFFSET 18.7836 -2.4390 -7.1270
SCALE 1 1 1
X 0.2590 -0.9631 -0.0733
Y -0.0477 -0.0885 0.9949
Z -0.9647 -0.2542 -0.0689

PART 1
OFFSET 18.7836 -2.4390 -7.1270
SCALE 1 1 1
X 0.2590 -0.9631 -0.0733
Y -0.0477 -0.0885 0.9949
Z -0.9647 -0.2542 -0.0689

PART 2
OFFSET -3.9947 -6.6570 -6.4450
SCALE 1 1 1
X -0.9304 -0.3179 0.1825
Y -0.3310 0.9425 -0.0462
Z -0.1573 -0.1034 -0.9821

PART 3
OFFSET 4.0497 -6.1450 -6.4349
SCALE 1 1 1
X -0.6145 -0.7882 0.0334
Y 0.7887 -0.6148 0.0012
Z 0.0196 0.0271 0.9994

PART 4
OFFSET 5.1317 -4.7572 -6.4937
SCALE 1 1 1
X 0.5090 -0.8583 0.0652
Y 0.8605 0.5092 -0.0152
Z -0.0202 0.0639 0.9978

PART 5
OFFSET 4.5116 -3.7099 -6.5124
SCALE 1 1 1
X 0.9700 0.2406 -0.0352
Y -0.2410 0.9705 -0.0058
Z 0.0328 0.0141 0.9994

PART 6
OFFSET 3.4160 -3.9818 -6.4726
SCALE 1 1 1
X -0.0890 -0.9505 0.2978
Y -0.9929 0.0610 -0.1021
Z 0.0789 -0.3048 -0.9492

PART 7
OFFSET 3.9493 -5.9737 -7.5217
SCALE 1 1 1
X -0.3270 -0.9443 -0.0360
Y 0.9408 -0.3289 0.0819
Z -0.0892 -0.0071 0.9960

PART 8
OFFSET 4.5881 -4.1289 -7.4513
SCALE 1 1 1
X 0.8795 -0.4715 0.0645
Y 0.4721 0.8815 0.0069
Z -0.0601 0.0244 0.9979

PART 9
OFFSET 3.3035 -3.4401 -7.5455
SCALE 1 1 1
X 0.8076 0.5897 -0.0016
Y -0.5868 0.8033 -0.1016
Z -0.0586 0.0830 0.9948

PART 10
OFFSET 2.3889 -4.1080 -7.5507
SCALE 1 1 1
X -0.2407 -0.9706 0.0026
Y -0.9706 0.2407 -0.0023
Z 0.0016 -0.0031 -1.0000

PART 11
OFFSET 0.0000 0.0000 0.0000
SCALE 1 1 1
X 1.0000 0.0000 0.0000
Y 0.0000 1.0000 0.0000
Z 0.0000 0.0000 1.0000

PART 12
OFFSET -0.0006 -0.0006 -0.0006
SCALE 1 1 1
X 1.0000 -0.0000 0.0000
Y 0.0000 1.0000 -0.0000
Z -0.0000 0.0000 1.0000

PART 13
OFFSET 0.0000 0.0000 0.0000
SCALE 1 1 1
X 1.0000 -0.0000 0.0000
Y 0.0000 1.0000 -0.0000
Z -0.0000 0.0000 1.0000

PART 14
OFFSET 20.9375 -4.0702 -3.8845
SCALE 1 1 1
X 0.1769 -0.9754 0.1313
Y 0.2469 -0.0851 -0.9653
Z 0.9528 0.2032 0.2258

PART 15
OFFSET 20.3264 -4.6565 -7.5656
SCALE 1 1 1
X 0.0606 -0.1983 0.9783
Y -0.5008 0.8418 0.2017
Z -0.8635 -0.5021 -0.0483

PART 16
OFFSET 20.4446 -5.0439 -5.6545
SCALE 1 1 1
X -0.2493 0.2942 0.9227
Y -0.4178 0.8269 -0.3765
Z -0.8737 -0.4793 -0.0833

PART 17
OFFSET 20.0805 -4.6143 -4.3068
SCALE 1 1 1
X -0.4352 0.7144 0.5479
Y -0.1517 0.5417 -0.8268
Z -0.8874 -0.4430 -0.1274

PART 18
OFFSET 19.5813 -3.8087 -3.6865
SCALE 1 1 1
X 0.4874 -0.8654 0.1160
Y 0.0974 -0.0782 -0.9922
Z 0.8677 0.4949 0.0462

PART 19
OFFSET 8.9173 -3.6575 -5.8037
SCALE 1 1 1
X 0.9992 0.0403 0.0068
Y -0.0402 0.9991 -0.0117
Z -0.0072 0.0114 0.9999

PART 20
OFFSET -3.5797 -7.9373 -3.1869
SCALE 1 1 1
X 0.4963 -0.1637 0.8526
Y -0.2710 -0.9622 -0.0270
Z 0.8248 -0.2176 -0.5219

PART 21
OFFSET -9.5819 -5.9579 -13.4980
SCALE 1 1 1
X -0.8411 -0.0012 -0.5408
Y 0.5074 0.3446 -0.7898
Z 0.1873 -0.9388 -0.2892

PART 22
OFFSET -2.4278 -5.9479 -8.8978
SCALE 1 1 1
X -0.8411 -0.0012 -0.5408
Y 0.5408 0.0016 -0.8411
Z 0.0018 -1.0000 -0.0007

PART 23
OFFSET -1.8450 -5.0005 -7.1463
SCALE 1 1 1
X -0.8446 -0.0006 -0.5353
Y -0.1922 0.9337 0.3021
Z 0.4996 0.3580 -0.7888

PART 24
OFFSET -1.9211 -5.7866 -6.3179
SCALE 1 1 1
X -0.8446 -0.0006 -0.5353
Y -0.1922 0.9337 0.3021
Z 0.4996 0.3580 -0.7888

PART 25
OFFSET -1.2646 -7.0896 -7.1524
SCALE 1 1 1
X -0.8446 -0.0006 -0.5353
Y -0.1922 0.9337 0.3021
Z 0.4996 0.3580 -0.7888

PART 26
OFFSET 0.1508 -5.9443 -7.2398
SCALE 1 1 1
X -0.9990 -0.0432 -0.0127
Y 0.0128 -0.0030 -0.9999
Z 0.0432 -0.9991 0.0036

PART 27
OFFSET 0.5701 -5.5117 -6.2706
SCALE 1 1 1
X -0.6439 -0.4953 -0.5831
Y 0.4419 0.3815 -0.8119
Z 0.6246 -0.7805 -0.0268

PART 28
OFFSET 1.8807 -4.4375 -4.9297
SCALE 1 1 1
X -0.9067 -0.4208 0.0300
Y 0.0165 -0.1064 -0.9942
Z 0.4215 -0.9009 0.1034

PART 29
OFFSET 3.2981 -3.6636 -5.0490
SCALE 1 1 1
X -0.7409 -0.4488 0.4996
Y -0.4054 -0.2942 -0.8655
Z 0.5354 -0.8438 0.0361

PART 30
OFFSET 4.0817 -3.1347 -5.5762
SCALE 1 1 1
X -0.9744 0.1501 0.1673
Y 0.1425 0.9882 -0.0569
Z -0.1739 -0.0316 -0.9843

PART 31
OFFSET 1.0011 -5.7091 -8.3005
SCALE 1 1 1
X -0.8245 -0.0766 0.5606
Y 0.1119 -0.9933 0.0289
Z 0.5546 0.0866 0.8276

PART 32
OFFSET 2.9208 -5.4026 -9.4430
SCALE 1 1 1
X -0.7324 -0.6783 -0.0587
Y 0.6799 -0.7242 -0.1148
Z 0.0353 -0.1240 0.9916

PART 33
OFFSET 3.9577 -4.4423 -9.3598
SCALE 1 1 1
X 0.7193 -0.6895 -0.0845
Y 0.6944 0.7106 0.1135
Z -0.0182 -0.1403 0.9899

PART 34
OFFSET 3.3199 -3.8310 -9.2849
SCALE 1 1 1
X 0.9685 0.2490 0.0005
Y -0.2481 0.9646 0.0890
Z 0.0217 -0.0864 0.9960

PART 35
OFFSET 2.3998 -4.0675 -9.2854
SCALE 1 1 1
X -0.5882 -0.7835 -0.2003
Y -0.8078 0.5571 0.1928
Z -0.0394 0.2752 -0.9606

PART 36
OFFSET 1.2183 -5.8371 -7.6326
SCALE 1 1 1
X -0.9544 -0.0462 0.2951
Y 0.0630 -0.9969 0.0477
Z 0.2919 0.0641 0.9543

PART 37
OFFSET 3.6533 -5.7487 -8.5391
SCALE 1 1 1
X -0.4264 -0.9042 0.0245
Y 0.8978 -0.4263 -0.1108
Z 0.1106 -0.0253 0.9935

PART 38
OFFSET 4.3792 -4.2093 -8.5807
SCALE 1 1 1
X 0.9116 -0.3982 -0.1023
Y 0.4008 0.9162 0.0051
Z 0.0917 -0.0457 0.9947

PART 39
OFFSET 3.1158 -3.6574 -8.4390
SCALE 1 1 1
X 0.6952 0.7182 -0.0285
Y -0.7137 0.6944 0.0919
Z 0.0858 -0.0436 0.9954

PART 40
OFFSET 2.3618 -4.4364 -8.4081
SCALE 1 1 1
X -0.1577 -0.9873 0.0198
Y -0.9862 0.1585 0.0487
Z -0.0513 -0.0118 -0.9986

PART 41
OFFSET 1.2183 -5.8371 -7.6326
SCALE 1 1 1
X -0.9544 -0.0462 0.2951
Y 0.0630 -0.9969 0.0477
Z 0.2919 0.0641 0.9543

PART 42
OFFSET 1.2183 -5.8371 -7.6326
SCALE 1 1 1
X -0.9544 -0.0462 0.2951
Y 0.0630 -0.9969 0.0477
Z 0.2919 0.0641 0.9543

PART 43
OFFSET 3.7075 0.0000 -1.3770
SCALE 1 1 1
X 1.0000 0.0000 0.0000
Y 0.0000 1.0000 0.0000
Z 0.0000 0.0000 1.0000

PART 44
OFFSET -0.0838 7.9373 -3.1869
SCALE 1 1 1
X 0.8555 -0.1222 -0.5032
Y -0.2595 -0.9421 -0.2124
Z -0.4481 0.3123 -0.8376

PART 45
OFFSET 10.2623 6.4593 -9.2727
SCALE 1 1 1
X 0.7159 -0.6725 0.1880
Y -0.5325 -0.3516 0.7700
Z -0.4517 -0.6513 -0.6097

PART 46
OFFSET 16.3510 0.7397 -7.6739
SCALE 1 1 1
X 0.7159 -0.6725 0.1880
Y 0.6739 0.7359 0.0661
Z -0.1828 0.0794 0.9799

PART 47
OFFSET 18.5411 1.2425 -6.7862
SCALE 1 1 1
X 0.7203 -0.6686 0.1850
Y 0.4573 0.6582 0.5981
Z -0.5216 -0.3462 0.7798

PART 48
OFFSET 17.4156 0.0235 -8.8954
SCALE 1 1 1
X 0.7203 -0.6686 0.1850
Y 0.4573 0.6582 0.5981
Z -0.5216 -0.3462 0.7798

PART 49
OFFSET 17.6742 -0.0541 -5.3434
SCALE 1 1 1
X 0.7203 -0.6686 0.1850
Y 0.4573 0.6582 0.5981
Z -0.5216 -0.3462 0.7798

PART 50
OFFSET 16.8221 -1.0927 -6.3437
SCALE 1 1 1
X 0.7203 -0.6686 0.1850
Y 0.4573 0.6582 0.5981
Z -0.5216 -0.3462 0.7798

PART 51
OFFSET 15.9228 -1.8107 -7.5148
SCALE 1 1 1
X 0.7203 -0.6686 0.1850
Y 0.4573 0.6582 0.5981
Z -0.5216 -0.3462 0.7798

PART 52
OFFSET 18.5456 -1.3219 -7.0977
SCALE 1 1 1
X 0.5431 -0.8368 -0.0690
Y 0.8396 0.5413 0.0443
Z 0.0003 -0.0820 0.9966

PART 53
OFFSET 19.6003 -1.2096 -6.6768
SCALE 1 1 1
X 0.6842 0.0159 0.7291
Y 0.2814 0.9165 -0.2841
Z -0.6728 0.3996 0.6226

PART 54
OFFSET 21.0675 -1.0615 -5.0972
SCALE 1 1 1
X 0.4713 -0.6884 0.5514
Y 0.6091 0.7062 0.3610
Z -0.6379 0.1657 0.7521

PART 55
OFFSET 21.7206 -2.1964 -4.1444
SCALE 1 1 1
X -0.0228 -0.9269 0.3746
Y 0.7562 0.2291 0.6130
Z -0.6540 0.2973 0.6957

PART 56
OFFSET 21.6788 -3.1812 -3.6970
SCALE 1 1 1
X 0.5591 -0.8280 -0.0440
Y 0.2836 0.2409 -0.9282
Z 0.7791 0.5064 0.3695

PART 57
OFFSET 18.1062 -2.6262 -7.0021
SCALE 1 1 1
X -0.0340 -0.9987 -0.0391
Y -0.0579 -0.0371 0.9976
Z -0.9977 0.0362 -0.0566

PART 58
OFFSET 18.1680 -4.8798 -6.9594
SCALE 1 1 1
X 0.0281 -0.2240 0.9742
Y -0.1813 0.9573 0.2253
Z -0.9830 -0.1829 -0.0137

PART 59
OFFSET 18.2078 -5.1969 -5.5802
SCALE 1 1 1
X -0.0329 0.2795 0.9596
Y -0.2169 0.9352 -0.2799
Z -0.9756 -0.2173 0.0299

PART 60
OFFSET 18.1787 -4.9491 -4.7294
SCALE 1 1 1
X -0.1356 0.8612 0.4898
Y -0.0790 0.4834 -0.8718
Z -0.9876 -0.1569 0.0025

PART 61
OFFSET 18.0499 -4.1309 -4.2640
SCALE 1 1 1
X 0.2962 -0.9395 0.1723
Y -0.0972 -0.2091 -0.9731
Z 0.9502 0.2714 -0.1532

PART 62
OFFSET 18.7836 -2.4390 -7.1270
SCALE 1 1 1
X 0.2590 -0.9631 -0.0733
Y -0.0477 -0.0885 0.9949
Z -0.9647 -0.2542 -0.0689

PART 63
OFFSET 19.3136 -4.9744 -7.3494
SCALE 1 1 1
X -0.0118 -0.1044 0.9945
Y -0.3335 0.9380 0.0946
Z -0.9427 -0.3305 -0.0459

PART 64
OFFSET 19.2935 -5.1522 -5.6564
SCALE 1 1 1
X -0.1602 0.3875 0.9079
Y -0.3018 0.8565 -0.4188
Z -0.9398 -0.3411 -0.0203

PART 65
OFFSET 19.0715 -4.6152 -4.3981
SCALE 1 1 1
X -0.2875 0.7393 0.6089
Y -0.1903 0.5790 -0.7928
Z -0.9387 -0.3439 -0.0258

PART 66
OFFSET 18.7597 -3.8134 -3.7378
SCALE 1 1 1
X 0.2981 -0.9534 -0.0473
Y 0.0494 0.0648 -0.9967
Z 0.9532 0.2948 0.0664

PART 67
OFFSET 21.5532 -3.0860 -6.7059
SCALE 1 1 1
X 0.3487 -0.9148 0.2036
Y 0.1904 -0.1436 -0.9712
Z 0.9177 0.3774 0.1241

PART 68
OFFSET 21.2951 -4.1438 -7.7036
SCALE 1 1 1
X 0.0772 -0.3430 0.9361
Y -0.4453 0.8282 0.3402
Z -0.8920 -0.4431 -0.0888

PART 69
OFFSET 21.4311 -4.7477 -6.0554
SCALE 1 1 1
X -0.2115 0.1564 0.9648
Y -0.4511 0.8601 -0.2383
Z -0.8670 -0.4856 -0.1113

PART 70
OFFSET 21.2267 -4.5281 -4.8757
SCALE 1 1 1
X -0.2560 0.4054 0.8776
Y -0.3805 0.7923 -0.4770
Z -0.8886 -0.4560 -0.0486

PART 71
OFFSET 8.9173 -3.6575 -5.8037
SCALE 1 1 1
X 0.9992 0.0403 0.0068
Y -0.0402 0.9991 -0.0117
Z -0.0072 0.0114 0.9999

PART 72
OFFSET 11.1914 -5.0360 -4.4361
SCALE 1 1 1
X 0.9988 0.0405 0.0272
Y -0.0402 0.9991 -0.0117
Z -0.0277 0.0106 0.9996

PART 73
OFFSET 13.3875 -2.0959 -3.9661
SCALE 1 1 1
X 0.9992 0.0403 0.0068
Y -0.0402 0.9991 -0.0117
Z -0.0072 0.0114 0.9999

PART 74
OFFSET 33.4077 -2.6657 -5.2989
SCALE 1 1 1
X 0.2374 -0.0018 -0.9714
Y -0.0402 0.9991 -0.0117
Z 0.9706 0.0418 0.2371

PART 75
OFFSET 15.7400 -3.3549 -3.4122
SCALE 1 1 1
X 0.9992 0.0403 0.0068
Y -0.0402 0.9991 -0.0117
Z -0.0072 0.0114 0.9999

PART 76
OFFSET 13.1755 -2.4461 -4.1204
SCALE 1 1 1
X -0.0072 0.0114 0.9999
Y -0.0402 0.9991 -0.0117
Z -0.9992 -0.0403 -0.0068

PART 77
OFFSET 13.1577 -1.9851 -4.3418
SCALE 1 1 1
X -0.0339 0.7336 0.6787
Y -0.0257 0.6783 -0.7344
Z -0.9991 -0.0423 -0.0041

PART 78
OFFSET 13.1442 -1.6612 -4.8076
SCALE 1 1 1
X -0.0354 0.8389 0.5432
Y -0.0260 0.5426 -0.8396
Z -0.9990 -0.0438 0.0026

PART 79
OFFSET 13.1235 -1.2848 -5.2471
SCALE 1 1 1
X -0.0203 0.6315 0.7751
Y -0.0456 0.7739 -0.6316
Z -0.9988 -0.0482 0.0131

PART 80
OFFSET 13.0954 -0.7900 -5.5317
SCALE 1 1 1
X 0.0100 0.3665 0.9304
Y -0.0485 0.9295 -0.3656
Z -0.9988 -0.0414 0.0271

PART 81
OFFSET 13.0716 -0.2342 -5.6751
SCALE 1 1 1
X 0.0582 0.1407 0.9883
Y -0.0311 0.9898 -0.1390
Z -0.9978 -0.0227 0.0620

PART 82
OFFSET 13.0591 0.3330 -5.7109
SCALE 1 1 1
X 0.1213 0.0180 0.9924
Y -0.0173 0.9997 -0.0161
Z -0.9925 -0.0152 0.1216

PART 83
OFFSET 13.0463 0.9149 -5.7276
SCALE 1 1 1
X 0.1747 0.0736 0.9819
Y -0.0310 0.9971 -0.0693
Z -0.9841 -0.0183 0.1765

PART 84
OFFSET 13.0176 1.5264 -5.8248
SCALE 1 1 1
X 0.1983 0.2529 0.9470
Y -0.0589 0.9675 -0.2461
Z -0.9784 -0.0070 0.2067

PART 85
OFFSET 12.9785 2.1467 -6.0373
SCALE 1 1 1
X 0.2040 0.3965 0.8951
Y -0.0537 0.9174 -0.3942
Z -0.9775 0.0323 0.2085

PART 86
OFFSET 12.9557 2.7198 -6.3349
SCALE 1 1 1
X 0.2061 0.5178 0.8303
Y -0.0087 0.8494 -0.5276
Z -0.9785 0.1015 0.1796

PART 87
OFFSET 12.9656 3.1959 -6.6929
SCALE 1 1 1
X 0.2068 0.6595 0.7227
Y 0.0321 0.7337 -0.6787
Z -0.9779 0.1635 0.1306

PART 88
OFFSET 12.9791 3.5579 -7.1181
SCALE 1 1 1
X 0.2038 0.8200 0.5348
Y 0.0038 0.5456 -0.8380
Z -0.9790 0.1728 0.1081

PART 89
OFFSET 12.9584 3.7979 -7.6239
SCALE 1 1 1
X 0.2000 0.9343 0.2951
Y -0.0735 0.3147 -0.9463
Z -0.9770 0.1676 0.1316

PART 90
OFFSET 12.9112 3.9337 -8.1896
SCALE 1 1 1
X 0.2036 0.9676 0.1490
Y -0.0728 0.1668 -0.9833
Z -0.9763 0.1894 0.1044

PART 91
OFFSET 12.8915 4.0087 -8.7600
SCALE 1 1 1
X 0.2012 0.9735 0.1090
Y 0.0229 0.1065 -0.9940
Z -0.9793 0.2025 -0.0008

PART 92
OFFSET 12.9372 4.0585 -9.2966
SCALE 1 1 1
X 0.1739 0.9802 0.0952
Y 0.1307 0.0729 -0.9887
Z -0.9761 0.1844 -0.1154

PART 93
OFFSET 13.0137 4.0838 -9.8350
SCALE 1 1 1
X 0.1381 0.9897 0.0370
Y 0.1322 0.0186 -0.9910
Z -0.9816 0.1418 -0.1283

PART 94
OFFSET 13.0704 4.0814 -10.4223
SCALE 1 1 1
X 0.1235 0.9923 0.0118
Y 0.0639 0.0039 -0.9979
Z -0.9903 0.1240 -0.0630

PART 95
OFFSET 13.1041 4.1572 -10.9589
SCALE 1 1 1
X 0.1130 0.9085 0.4022
Y 0.0781 0.3954 -0.9152
Z -0.9905 0.1348 -0.0263


FRAME 82
PART 0
OFFSET 18.6981 -2.5616 -7.0311
SCALE 1 1 1
X 0.2564 -0.9632 -0.0804
Y -0.0600 -0.0989 0.9933
Z -0.9647 -0.2498 -0.0832

PART 1
OFFSET 18.6981 -2.5616 -7.0311
SCALE 1 1 1
X 0.2564 -0.9632 -0.0804
Y -0.0600 -0.0989 0.9933
Z -0.9647 -0.2498 -0.0832

PART 2
OFFSET -4.2687 -6.6307 -6.7557
SCALE 1 1 1
X -0.9340 -0.3157 0.1673
Y -0.3267 0.9442 -0.0424
Z -0.1446 -0.0943 -0.9850

PART 3
OFFSET 3.7768 -6.1511 -6.6342
SCALE 1 1 1
X -0.6180 -0.7860 0.0184
Y 0.7862 -0.6180 0.0064
Z 0.0064 0.0184 0.9998

PART 4
OFFSET 4.8649 -4.7673 -6.6666
SCALE 1 1 1
X 0.5047 -0.8609 0.0646
Y 0.8626 0.5058 0.0007
Z -0.0332 0.0554 0.9979

PART 5
OFFSET 4.2492 -3.7174 -6.6845
SCALE 1 1 1
X 0.9713 0.2370 -0.0203
Y -0.2371 0.9715 -0.0006
Z 0.0195 0.0054 0.9998

PART 6
OFFSET 3.1522 -3.9851 -6.6616
SCALE 1 1 1
X -0.0967 -0.9526 0.2884
Y -0.9912 0.0658 -0.1148
Z 0.0903 -0.2969 -0.9506

PART 7
OFFSET 3.6916 -5.9701 -7.7207
SCALE 1 1 1
X -0.3302 -0.9427 -0.0485
Y 0.9383 -0.3334 0.0916
Z -0.1025 -0.0153 0.9946

PART 8
OFFSET 4.3366 -4.1285 -7.6259
SCALE 1 1 1
X 0.8767 -0.4756 0.0721
Y 0.4754 0.8795 0.0208
Z -0.0733 0.0160 0.9972

PART 9
OFFSET 3.0561 -3.4338 -7.7312
SCALE 1 1 1
X 0.8099 0.5864 0.0142
Y -0.5822 0.8065 -0.1025
Z -0.0715 0.0747 0.9946

PART 10
OFFSET 2.1389 -4.0980 -7.7543
SCALE 1 1 1
X -0.2445 -0.9696 -0.0090
Y -0.9695 0.2446 -0.0132
Z 0.0150 0.0055 -0.9999

PART 11
OFFSET 0.0000 0.0000 0.0000
SCALE 1 1 1
X 1.0000 0.0000 0.0000
Y 0.0000 1.0000 0.0000
Z 0.0000 0.0000 1.0000

PART 12
OFFSET -0.0006 -0.0006 -0.0006
SCALE 1 1 1
X 1.0000 -0.0000 0.0000
Y 0.0000 1.0000 -0.0000
Z -0.0000 0.0000 1.0000

PART 13
OFFSET 0.0000 0.0000 0.0000
SCALE 1 1 1
X 1.0000 -0.0000 0.0000
Y 0.0000 1.0000 -0.0000
Z -0.0000 0.0000 1.0000

PART 14
OFFSET 20.8068 -4.2352 -3.7806
SCALE 1 1 1
X 0.1717 -0.9774 0.1230
Y 0.2582 -0.0758 -0.9631
Z 0.9507 0.1972 0.2394

PART 15
OFFSET 20.2379 -4.7800 -7.4747
SCALE 1 1 1
X 0.0480 -0.2089 0.9767
Y -0.5001 0.8415 0.2046
Z -0.8646 -0.4983 -0.0641

PART 16
OFFSET 20.3318 -5.1882 -5.5666
SCALE 1 1 1
X -0.2594 0.2853 0.9227
Y -0.4102 0.8324 -0.3727
Z -0.8743 -0.4751 -0.0989

PART 17
OFFSET 19.9529 -4.7715 -4.2189
SCALE 1 1 1
X -0.4392 0.7101 0.5503
Y -0.1398 0.5510 -0.8227
Z -0.8874 -0.4383 -0.1427

PART 18
OFFSET 19.4493 -3.9707 -3.5961
SCALE 1 1 1
X 0.4828 -0.8685 0.1127
Y 0.1091 -0.0680 -0.9917
Z 0.8689 0.4911 0.0619

PART 19
OFFSET 8.6452 -3.6887 -5.9168
SCALE 1 1 1
X 0.9991 0.0362 0.0204
Y -0.0362 0.9993 -0.0036
Z -0.0205 0.0028 0.9998

PART 20
OFFSET -3.5797 -7.9373 -3.1869
SCALE 1 1 1
X 0.5468 -0.1444 0.8247
Y -0.2555 -0.9668 0.0001
Z 0.7974 -0.2108 -0.5655

PART 21
OFFSET -10.1923 -6.1911 -13.1612
SCALE 1 1 1
X -0.8713 -0.0227 -0.4902
Y 0.4538 0.3426 -0.8226
Z 0.1866 -0.9392 -0.2882

PART 22
OFFSET -2.7814 -5.9976 -8.9919
SCALE 1 1 1
X -0.8713 -0.0227 -0.4902
Y 0.4903 0.0023 -0.8716
Z 0.0209 -0.9997 0.0092

PART 23
OFFSET -2.1132 -5.0188 -7.2902
SCALE 1 1 1
X -0.8745 -0.0222 -0.4845
Y -0.1907 0.9343 0.3013
Z 0.4459 0.3559 -0.8213

PART 24
OFFSET -2.1263 -5.7959 -6.4493
SCALE 1 1 1
X -0.8745 -0.0222 -0.4845
Y -0.1907 0.9343 0.3013
Z 0.4459 0.3559 -0.8213

PART 25
OFFSET -1.4990 -7.0972 -7.3011
SCALE 1 1 1
X -0.8745 -0.0222 -0.4845
Y -0.1907 0.9343 0.3013
Z 0.4459 0.3559 -0.8213

PART 26
OFFSET -0.1103 -5.9279 -7.4890
SCALE 1 1 1
X -0.9989 -0.0391 -0.0263
Y 0.0261 0.0055 -0.9996
Z 0.0392 -0.9992 -0.0045

PART 27
OFFSET 0.2978 -5.5053 -6.5107
SCALE 1 1 1
X -0.6380 -0.4877 -0.5959
Y 0.4541 0.3867 -0.8027
Z 0.6219 -0.7827 -0.0252

PART 28
OFFSET 1.5946 -4.4479 -5.1433
SCALE 1 1 1
X -0.9086 -0.4174 0.0143
Y 0.0293 -0.0979 -0.9948
Z 0.4166 -0.9034 0.1012

PART 29
OFFSET 3.0165 -3.6787 -5.2370
SCALE 1 1 1
X -0.7493 -0.4501 0.4858
Y -0.3950 -0.2851 -0.8733
Z 0.5316 -0.8463 0.0359

PART 30
OFFSET 3.8091 -3.1485 -5.7492
SCALE 1 1 1
X -0.9760 0.1526 0.1556
Y 0.1471 0.9880 -0.0465
Z -0.1608 -0.0225 -0.9867

PART 31
OFFSET 0.7551 -5.6870 -8.5363
SCALE 1 1 1
X -0.8322 -0.0781 0.5489
Y 0.1076 -0.9939 0.0218
Z 0.5439 0.0773 0.8356

PART 32
OFFSET 2.6910 -5.3784 -9.6505
SCALE 1 1 1
X -0.7342 -0.6748 -0.0743
Y 0.6786 -0.7259 -0.1120
Z 0.0216 -0.1327 0.9909

PART 33
OFFSET 3.7305 -4.4230 -9.5452
SCALE 1 1 1
X 0.7177 -0.6916 -0.0809
Y 0.6956 0.7068 0.1288
Z -0.0320 -0.1487 0.9884

PART 34
OFFSET 3.0941 -3.8098 -9.4735
SCALE 1 1 1
X 0.9694 0.2451 0.0156
Y -0.2455 0.9648 0.0941
Z 0.0080 -0.0950 0.9954

PART 35
OFFSET 2.1732 -4.0426 -9.4883
SCALE 1 1 1
X -0.5885 -0.7794 -0.2149
Y -0.8081 0.5587 0.1868
Z -0.0255 0.2836 -0.9586

PART 36
OFFSET 0.9629 -5.8216 -7.8667
SCALE 1 1 1
X -0.9584 -0.0449 0.2819
Y 0.0585 -0.9975 0.0400
Z 0.2794 0.0548 0.9586

PART 37
OFFSET 3.4100 -5.7352 -8.7400
SCALE 1 1 1
X -0.4302 -0.9027 0.0110
Y 0.8975 -0.4290 -0.1025
Z 0.0972 -0.0342 0.9947

PART 38
OFFSET 4.1424 -4.1984 -8.7586
SCALE 1 1 1
X 0.9113 -0.4010 -0.0936
Y 0.4043 0.9145 0.0184
Z 0.0782 -0.0546 0.9954

PART 39
OFFSET 2.8794 -3.6427 -8.6290
SCALE 1 1 1
X 0.6983 0.7157 -0.0130
Y -0.7121 0.6965 0.0884
Z 0.0723 -0.0525 0.9960

PART 40
OFFSET 2.1221 -4.4189 -8.6148
SCALE 1 1 1
X -0.1618 -0.9868 0.0092
Y -0.9861 0.1620 0.0370
Z -0.0380 -0.0030 -0.9993

PART 41
OFFSET 0.9629 -5.8216 -7.8667
SCALE 1 1 1
X -0.9584 -0.0449 0.2819
Y 0.0585 -0.9975 0.0400
Z 0.2794 0.0548 0.9586

PART 42
OFFSET 0.9629 -5.8216 -7.8667
SCALE 1 1 1
X -0.9584 -0.0449 0.2819
Y 0.0585 -0.9975 0.0400
Z 0.2794 0.0548 0.9586

PART 43
OFFSET 3.7075 0.0000 -1.3770
SCALE 1 1 1
X 1.0000 0.0000 0.0000
Y 0.0000 1.0000 0.0000
Z 0.0000 0.0000 1.0000

PART 44
OFFSET -0.0838 7.9373 -3.1869
SCALE 1 1 1
X 0.8553 -0.1276 -0.5023
Y -0.2635 -0.9416 -0.2095
Z -0.4462 0.3116 -0.8390

PART 45
OFFSET 10.2596 6.3942 -9.2611
SCALE 1 1 1
X 0.7090 -0.6774 0.1960
Y -0.5395 -0.3420 0.7694
Z -0.4542 -0.6513 -0.6079

PART 46
OFFSET 16.2902 0.6328 -7.5937
SCALE 1 1 1
X 0.7090 -0.6774 0.1960
Y 0.6766 0.7318 0.0817
Z -0.1988 0.0747 0.9772

PART 47
OFFSET 18.4799 1.1224 -6.6978
SCALE 1 1 1
X 0.7135 -0.6735 0.1931
Y 0.4599 0.6581 0.5962
Z -0.5287 -0.3366 0.7792

PART 48
OFFSET 17.3549 -0.1004 -8.8050
SCALE 1 1 1
X 0.7135 -0.6735 0.1931
Y 0.4599 0.6581 0.5962
Z -0.5287 -0.3366 0.7792

PART 49
OFFSET 17.5943 -0.1574 -5.2513
SCALE 1 1 1
X 0.7135 -0.6735 0.1931
Y 0.4599 0.6581 0.5962
Z -0.5287 -0.3366 0.7792

PART 50
OFFSET 16.7384 -1.1950 -6.2493
SCALE 1 1 1
X 0.7135 -0.6735 0.1931
Y 0.4599 0.6581 0.5962
Z -0.5287 -0.3366 0.7792

PART 51
OFFSET 15.8391 -1.9128 -7.4205
SCALE 1 1 1
X 0.7135 -0.6735 0.1931
Y 0.4599 0.6581 0.5962
Z -0.5287 -0.3366 0.7792

PART 52
OFFSET 18.4638 -1.4439 -6.9928
SCALE 1 1 1
X 0.5409 -0.8381 -0.0714
Y 0.8410 0.5377 0.0602
Z -0.0120 -0.0926 0.9956

PART 53
OFFSET 19.5138 -1.3400 -6.5580
SCALE 1 1 1
X 0.6755 0.0056 0.7374
Y 0.2882 0.9184 -0.2710
Z -0.6788 0.3955 0.6187

PART 54
OFFSET 20.9624 -1.2143 -4.9594
SCALE 1 1 1
X 0.4621 -0.6960 0.5496
Y 0.6073 0.7000 0.3758
Z -0.6463 0.1601 0.7461

PART 55
OFFSET 21.5997 -2.3617 -4.0110
SCALE 1 1 1
X -0.0307 -0.9307 0.3644
Y 0.7496 0.2197 0.6244
Z -0.6612 0.2923 0.6909

PART 56
OFFSET 21.5490 -3.3510 -3.5747
SCALE 1 1 1
X 0.5565 -0.8296 -0.0461
Y 0.2957 0.2497 -0.9221
Z 0.7764 0.4995 0.3842

PART 57
OFFSET 18.0185 -2.7475 -6.9164
SCALE 1 1 1
X -0.0372 -0.9981 -0.0501
Y -0.0700 -0.0475 0.9964
Z -0.9969 0.0405 -0.0681

PART 58
OFFSET 18.0717 -5.0016 -6.8970
SCALE 1 1 1
X 0.0156 -0.2344 0.9720
Y -0.1805 0.9555 0.2333
Z -0.9835 -0.1791 -0.0274

PART 59
OFFSET 18.0937 -5.3335 -5.5208
SCALE 1 1 1
X -0.0434 0.2694 0.9620
Y -0.2101 0.9390 -0.2725
Z -0.9767 -0.2139 0.0159

PART 60
OFFSET 18.0552 -5.0946 -4.6678
SCALE 1 1 1
X -0.1384 0.8565 0.4973
Y -0.0668 0.4929 -0.8675
Z -0.9881 -0.1532 -0.0110

PART 61
OFFSET 17.9238 -4.2809 -4.1954
SCALE 1 1 1
X 0.2906 -0.9424 0.1658
Y -0.0862 -0.1984 -0.9763
Z 0.9529 0.2695 -0.1389

PART 62
OFFSET 18.6981 -2.5616 -7.0311
SCALE 1 1 1
X 0.2564 -0.9632 -0.0804
Y -0.0600 -0.0989 0.9933
Z -0.9647 -0.2498 -0.0832

PART 63
OFFSET 19.2215 -5.0964 -7.2742
SCALE 1 1 1
X -0.0242 -0.1150 0.9931
Y -0.3312 0.9382 0.1005
Z -0.9433 -0.3265 -0.0607

PART 64
OFFSET 19.1804 -5.2921 -5.5835
SCALE 1 1 1
X -0.1697 0.3784 0.9100
Y -0.2936 0.8620 -0.4132
Z -0.9407 -0.3373 -0.0352

PART 65
OFFSET 18.9452 -4.7677 -4.3223
SCALE 1 1 1
X -0.2922 0.7339 0.6133
Y -0.1787 0.5881 -0.7888
Z -0.9395 -0.3400 -0.0407

PART 66
OFFSET 18.6283 -3.9718 -3.6573
SCALE 1 1 1
X 0.2952 -0.9539 -0.0538
Y 0.0616 0.0752 -0.9953
Z 0.9534 0.2905 0.0810

PART 67
OFFSET 21.4601 -3.2234 -6.5837
SCALE 1 1 1
X 0.3429 -0.9183 0.1980
Y 0.2015 -0.1340 -0.9703
Z 0.9175 0.3726 0.1391

PART 68
OFFSET 21.2101 -4.2695 -7.5957
SCALE 1 1 1
X 0.0647 -0.3533 0.9333
Y -0.4464 0.8262 0.3437
Z -0.8925 -0.4388 -0.1042

PART 69
OFFSET 21.3240 -4.8915 -5.9525
SCALE 1 1 1
X -0.2225 0.1469 0.9638
Y -0.4451 0.8642 -0.2345
Z -0.8674 -0.4812 -0.1269

PART 70
OFFSET 21.1062 -4.6836 -4.7731
SCALE 1 1 1
X -0.2651 0.3970 0.8787
Y -0.3718 0.7987 -0.4731
Z -0.8896 -0.4521 -0.0641

PART 71
OFFSET 8.6452 -3.6887 -5.9168
SCALE 1 1 1
X 0.9991 0.0362 0.0204
Y -0.0362 0.9993 -0.0036
Z -0.0205 0.0028 0.9998

PART 72
OFFSET 10.8954 -5.0880 -4.5311
SCALE 1 1 1
X 0.9985 0.0363 0.0408
Y -0.0362 0.9993 -0.0036
Z -0.0409 0.0021 0.9992

PART 73
OFFSET 13.0966 -2.1610 -4.0066
SCALE 1 1 1
X 0.9991 0.0362 0.0204
Y -0.0362 0.9993 -0.0036
Z -0.0205 0.0028 0.9998

PART 74
OFFSET 33.1304 -2.7999 -5.0778
SCALE 1 1 1
X 0.2503 0.0056 -0.9682
Y -0.0362 0.9993 -0.0036
Z 0.9675 0.0359 0.2503

PART 75
OFFSET 15.4365 -3.4341 -3.4323
SCALE 1 1 1
X 0.9991 0.0362 0.0204
Y -0.0362 0.9993 -0.0036
Z -0.0205 0.0028 0.9998

PART 76
OFFSET 12.8854 -2.5151 -4.1662
SCALE 1 1 1
X -0.0205 0.0028 0.9998
Y -0.0362 0.9993 -0.0036
Z -0.9991 -0.0362 -0.0204

PART 77
OFFSET 12.8723 -2.0515 -4.3830
SCALE 1 1 1
X -0.0400 0.7254 0.6871
Y -0.0134 0.6872 -0.7263
Z -0.9991 -0.0382 -0.0178

PART 78
OFFSET 12.8662 -1.7223 -4.8444
SCALE 1 1 1
X -0.0393 0.8326 0.5525
Y -0.0128 0.5525 -0.8334
Z -0.9991 -0.0398 -0.0110

PART 79
OFFSET 12.8528 -1.3413 -5.2798
SCALE 1 1 1
X -0.0282 0.6241 0.7808
Y -0.0342 0.7800 -0.6248
Z -0.9990 -0.0443 -0.0007

PART 80
OFFSET 12.8305 -0.8440 -5.5606
SCALE 1 1 1
X -0.0009 0.3592 0.9333
Y -0.0399 0.9325 -0.3590
Z -0.9992 -0.0376 0.0135

PART 81
OFFSET 12.8107 -0.2871 -5.7001
SCALE 1 1 1
X 0.0458 0.1329 0.9901
Y -0.0255 0.9909 -0.1319
Z -0.9986 -0.0192 0.0488

PART 82
OFFSET 12.8009 0.2801 -5.7316
SCALE 1 1 1
X 0.1089 0.0100 0.9940
Y -0.0133 0.9999 -0.0086
Z -0.9940 -0.0123 0.1090

PART 83
OFFSET 12.7905 0.8621 -5.7444
SCALE 1 1 1
X 0.1631 0.0666 0.9844
Y -0.0261 0.9977 -0.0632
Z -0.9863 -0.0154 0.1645

PART 84
OFFSET 12.7656 1.4750 -5.8385
SCALE 1 1 1
X 0.1884 0.2472 0.9505
Y -0.0515 0.9689 -0.2418
Z -0.9807 -0.0034 0.1953

PART 85
OFFSET 12.7319 2.0979 -6.0491
SCALE 1 1 1
X 0.1958 0.3921 0.8989
Y -0.0448 0.9192 -0.3912
Z -0.9796 0.0363 0.1975

PART 86
OFFSET 12.7150 2.6731 -6.3458
SCALE 1 1 1
X 0.1993 0.5152 0.8336
Y 0.0006 0.8506 -0.5258
Z -0.9799 0.1053 0.1692

PART 87
OFFSET 12.7305 3.1499 -6.7036
SCALE 1 1 1
X 0.2016 0.6594 0.7242
Y 0.0418 0.7330 -0.6790
Z -0.9786 0.1672 0.1202

PART 88
OFFSET 12.7498 3.5109 -7.1298
SCALE 1 1 1
X 0.2004 0.8220 0.5331
Y 0.0146 0.5415 -0.8406
Z -0.9796 0.1763 0.0965

PART 89
OFFSET 12.7355 3.7480 -7.6384
SCALE 1 1 1
X 0.1981 0.9362 0.2902
Y -0.0615 0.3074 -0.9496
Z -0.9783 0.1703 0.1184

PART 90
OFFSET 12.6953 3.8798 -8.2083
SCALE 1 1 1
X 0.2018 0.9688 0.1439
Y -0.0604 0.1590 -0.9854
Z -0.9776 0.1901 0.0906

PART 91
OFFSET 12.6825 3.9511 -8.7830
SCALE 1 1 1
X 0.1983 0.9745 0.1052
Y 0.0344 0.1004 -0.9944
Z -0.9795 0.2008 -0.0136

PART 92
OFFSET 12.7345 3.9985 -9.3230
SCALE 1 1 1
X 0.1694 0.9812 0.0923
Y 0.1415 0.0685 -0.9876
Z -0.9753 0.1804 -0.1273

PART 93
OFFSET 12.8175 4.0215 -9.8627
SCALE 1 1 1
X 0.1325 0.9906 0.0330
Y 0.1444 0.0136 -0.9894
Z -0.9806 0.1358 -0.1413

PART 94
OFFSET 12.8819 4.0155 -10.4482
SCALE 1 1 1
X 0.1164 0.9932 0.0057
Y 0.0775 -0.0034 -0.9970
Z -0.9902 0.1165 -0.0774

PART 95
OFFSET 12.9221 4.0871 -10.9803
SCALE 1 1 1
X 0.1006 0.9106 0.4009
Y 0.0878 0.3933 -0.9152
Z -0.9910 0.1273 -0.0404


FRAME 83
PART 0
OFFSET 18.2918 -2.6234 -6.9899
SCALE 1 1 1
X 0.2552 -0.9631 -0.0850
Y -0.0806 -0.1088 0.9908
Z -0.9635 -0.2460 -0.1054

PART 1
OFFSET 18.2918 -2.6234 -6.9899
SCALE 1 1 1
X 0.2552 -0.9631 -0.0850
Y -0.0806 -0.1088 0.9908
Z -0.9635 -0.2460 -0.1054

PART 2
OFFSET -4.6637 -6.6359 -7.2129
SCALE 1 1 1
X -0.9381 -0.3146 0.1450
Y -0.3232 0.9455 -0.0392
Z -0.1248 -0.0836 -0.9886

PART 3
OFFSET 3.3790 -6.1816 -6.9232
SCALE 1 1 1
X -0.6204 -0.7843 -0.0023
Y 0.7842 -0.6203 0.0159
Z -0.0139 0.0080 0.9999

PART 4
OFFSET 4.4713 -4.8007 -6.9191
SCALE 1 1 1
X 0.5009 -0.8630 0.0658
Y 0.8638 0.5032 0.0235
Z -0.0534 0.0451 0.9976

PART 5
OFFSET 3.8591 -3.7489 -6.9385
SCALE 1 1 1
X 0.9722 0.2343 0.0019
Y -0.2343 0.9721 0.0047
Z -0.0008 -0.0050 1.0000

PART 6
OFFSET 2.7610 -4.0135 -6.9407
SCALE 1 1 1
X -0.1051 -0.9553 0.2764
Y -0.9885 0.0700 -0.1341
Z 0.1088 -0.2873 -0.9516

PART 7
OFFSET 3.3164 -5.9890 -8.0092
SCALE 1 1 1
X -0.3317 -0.9411 -0.0650
Y 0.9354 -0.3371 0.1071
Z -0.1227 -0.0253 0.9921

PART 8
OFFSET 3.9644 -4.1505 -7.8821
SCALE 1 1 1
X 0.8737 -0.4789 0.0849
Y 0.4773 0.8778 0.0396
Z -0.0935 0.0059 0.9956

PART 9
OFFSET 2.6882 -3.4509 -8.0062
SCALE 1 1 1
X 0.8110 0.5838 0.0367
Y -0.5778 0.8093 -0.1058
Z -0.0915 0.0646 0.9937

PART 10
OFFSET 1.7699 -4.1120 -8.0548
SCALE 1 1 1
X -0.2470 -0.9687 -0.0241
Y -0.9684 0.2477 -0.0303
Z 0.0353 0.0158 -0.9993

PART 11
OFFSET 0.0000 0.0000 0.0000
SCALE 1 1 1
X 1.0000 0.0000 0.0000
Y 0.0000 1.0000 0.0000
Z 0.0000 0.0000 1.0000

PART 12
OFFSET -0.0006 -0.0006 -0.0006
SCALE 1 1 1
