// Export filename: `C:/cod5/cod/cod5/xanim_export/viewmodel/US/30cal/viewmodel_30cal_partial_reload.XANIM_EXPORT`
// Source filename: `C:/cod5/cod/cod5/animation_assets/viewmodel/US/30_cal/viewmodelanimation_30_cal.mb`
// Export time: Fri Aug 29 15:15:28 2008

ANIMATION
VERSION 3

NUMPARTS 96
PART 0 "RingPalm_FK_LE"
PART 1 "RingPalm_SDK_LE"
PART 2 "J_Webbing_RI"
PART 3 "J_Index_RI_0"
PART 4 "J_Index_RI_1"
PART 5 "J_Index_RI_2"
PART 6 "J_Index_RI_3"
PART 7 "J_Mid_RI_0"
PART 8 "J_Mid_RI_1"
PART 9 "J_Mid_RI_2"
PART 10 "J_Mid_RI_3"
PART 11 "tag_cambone"
PART 12 "tag_camera"
PART 13 "tag_gasmask"
PART 14 "J_Index_LE_3"
PART 15 "J_Mid_LE_0"
PART 16 "J_Mid_LE_1"
PART 17 "J_Mid_LE_2"
PART 18 "J_Mid_LE_3"
PART 19 "tag_weapon"
PART 20 "J_Shoulder_RI"
PART 21 "J_Elbow_RI"
PART 22 "J_WristTwist_RI"
PART 23 "J_Sleave_Reshape_Top_RI_3"
PART 24 "J_Sleave_Reshape_Top_RI_2"
PART 25 "J_Sleave_Reshape_Top_RI_1"
PART 26 "J_Wrist_RI"
PART 27 "J_Thumb_RI_0"
PART 28 "J_Thumb_RI_1"
PART 29 "J_Thumb_RI_2"
PART 30 "J_Thumb_RI_3"
PART 31 "J_PinkyPalm_RI"
PART 32 "J_Pinky_RI_0"
PART 33 "J_Pinky_RI_1"
PART 34 "J_Pinky_RI_2"
PART 35 "J_Pinky_RI_3"
PART 36 "J_RingPalm_RI"
PART 37 "J_Ring_RI_0"
PART 38 "J_Ring_RI_1"
PART 39 "J_Ring_RI_2"
PART 40 "J_Ring_RI_3"
PART 41 "RingPalm_FK_RI"
PART 42 "RingPalm_SDK_RI"
PART 43 "tag_torso"
PART 44 "J_Shoulder_LE"
PART 45 "J_Elbow_LE"
PART 46 "J_WristTwist_LE"
PART 47 "J_Sleave_Reshape_Bottom_LE_1"
PART 48 "J_Sleave_Reshape_Bottom_LE_2"
PART 49 "J_Sleave_Reshape_Top_LE_1"
PART 50 "J_Sleave_Reshape_Top_LE_2"
PART 51 "J_Sleave_Reshape_Top_LE_3"
PART 52 "J_Wrist_LE"
PART 53 "J_Thumb_LE_0"
PART 54 "J_Thumb_LE_1"
PART 55 "J_Thumb_LE_2"
PART 56 "J_Thumb_LE_3"
PART 57 "J_PinkyPalm_LE"
PART 58 "J_Pinky_LE_0"
PART 59 "J_Pinky_LE_1"
PART 60 "J_Pinky_LE_2"
PART 61 "J_Pinky_LE_3"
PART 62 "J_RingPalm_LE"
PART 63 "J_Ring_LE_0"
PART 64 "J_Ring_LE_1"
PART 65 "J_Ring_LE_2"
PART 66 "J_Ring_LE_3"
PART 67 "J_Webbing_LE"
PART 68 "J_Index_LE_0"
PART 69 "J_Index_LE_1"
PART 70 "J_Index_LE_2"
PART 71 "J_Gun"
PART 72 "J_Bolt"
PART 73 "J_Clip"
PART 74 "tag_bipod"
PART 75 "tag_top"
PART 76 "ammo01_jnt"
PART 77 "ammo02_jnt"
PART 78 "ammo03_jnt"
PART 79 "ammo04_jnt"
PART 80 "ammo05_jnt"
PART 81 "ammo06_jnt"
PART 82 "ammo07_jnt"
PART 83 "ammo08_jnt"
PART 84 "ammo09_jnt"
PART 85 "ammo10_jnt"
PART 86 "ammo11_jnt"
PART 87 "ammo12_jnt"
PART 88 "ammo13_jnt"
PART 89 "ammo14_jnt"
PART 90 "ammo15_jnt"
PART 91 "ammo16_jnt"
PART 92 "ammo17_jnt"
PART 93 "ammo18_jnt"
PART 94 "ammo19_jnt"
PART 95 "ammo20_jnt"

FRAMERATE 30
NUMFRAMES 268

FRAME 1400
PART 0
OFFSET 18.4454 -2.2567 -7.3033
SCALE 1 1 1
X 0.2603 -0.9633 -0.0652
Y -0.0461 -0.0799 0.9957
Z -0.9644 -0.2561 -0.0652

PART 1
OFFSET 18.4454 -2.2567 -7.3033
SCALE 1 1 1
X 0.2603 -0.9633 -0.0652
Y -0.0461 -0.0799 0.9957
Z -0.9644 -0.2561 -0.0652

PART 2
OFFSET -8.2439 -6.1971 -6.0306
SCALE 1 1 1
X -0.9289 -0.3191 0.1881
Y -0.3331 0.9417 -0.0480
Z -0.1618 -0.1072 -0.9810

PART 3
OFFSET -0.2006 -5.6690 -6.0608
SCALE 1 1 1
X -0.6128 -0.7893 0.0392
Y 0.7899 -0.6132 -0.0004
Z 0.0243 0.0307 0.9992

PART 4
OFFSET 0.8782 -4.2793 -6.1298
SCALE 1 1 1
X 0.5110 -0.8570 0.0659
Y 0.8594 0.5108 -0.0211
Z -0.0156 0.0674 0.9976

PART 5
OFFSET 0.2560 -3.2333 -6.1493
SCALE 1 1 1
X 0.9693 0.2425 -0.0407
Y -0.2430 0.9700 -0.0081
Z 0.0376 0.0178 0.9991

PART 6
OFFSET -0.8388 -3.5072 -6.1033
SCALE 1 1 1
X -0.0856 -0.9496 0.3016
Y -0.9935 0.0586 -0.0976
Z 0.0750 -0.3080 -0.9484

PART 7
OFFSET -0.3066 -5.5018 -7.1477
SCALE 1 1 1
X -0.3252 -0.9451 -0.0311
Y 0.9419 -0.3267 0.0786
Z -0.0844 -0.0037 0.9964

PART 8
OFFSET 0.3288 -3.6554 -7.0870
SCALE 1 1 1
X 0.8807 -0.4696 0.0620
Y 0.4704 0.8825 0.0015
Z -0.0554 0.0278 0.9981

PART 9
OFFSET -0.9576 -2.9696 -7.1775
SCALE 1 1 1
X 0.8064 0.5913 -0.0076
Y -0.5889 0.8018 -0.1017
Z -0.0540 0.0865 0.9948

PART 10
OFFSET -1.8709 -3.6393 -7.1760
SCALE 1 1 1
X -0.2388 -0.9710 0.0072
Y -0.9711 0.2388 0.0015
Z -0.0031 -0.0067 -1.0000

PART 11
OFFSET 0.0000 0.0000 0.0000
SCALE 1 1 1
X 1.0000 0.0000 0.0000
Y 0.0000 1.0000 0.0000
Z 0.0000 0.0000 1.0000

PART 12
OFFSET 0.0000 0.0000 0.0000
SCALE 1 1 1
X 1.0000 0.0000 0.0000
Y 0.0000 1.0000 0.0000
Z 0.0000 0.0000 1.0000

PART 13
OFFSET 0.0000 0.0000 0.0000
SCALE 1 1 1
X 1.0000 0.0000 0.0000
Y 0.0000 1.0000 0.0000
Z 0.0000 0.0000 1.0000

PART 14
OFFSET 20.6063 -3.8563 -4.0497
SCALE 1 1 1
X 0.1784 -0.9740 0.1396
Y 0.2457 -0.0933 -0.9649
Z 0.9528 0.2065 0.2226

PART 15
OFFSET 19.9906 -4.4758 -7.7246
SCALE 1 1 1
X 0.0622 -0.1896 0.9799
Y -0.5017 0.8428 0.1950
Z -0.8628 -0.5037 -0.0427

PART 16
OFFSET 20.1122 -4.8462 -5.8103
SCALE 1 1 1
X -0.2484 0.3019 0.9204
Y -0.4195 0.8229 -0.3832
Z -0.8731 -0.4813 -0.0778

PART 17
OFFSET 19.7494 -4.4052 -4.4660
SCALE 1 1 1
X -0.4355 0.7185 0.5423
Y -0.1537 0.5342 -0.8313
Z -0.8870 -0.4453 -0.1222

PART 18
OFFSET 19.2500 -3.5949 -3.8521
SCALE 1 1 1
X 0.4888 -0.8637 0.1229
Y 0.0961 -0.0868 -0.9916
Z 0.8671 0.4965 0.0406

PART 19
OFFSET 9.0164 -3.6472 -5.7617
SCALE 1 1 1
X 0.9991 0.0423 0.0018
Y -0.0423 0.9990 -0.0151
Z -0.0025 0.0150 0.9999

PART 20
OFFSET -4.3277 -7.9373 -3.1869
SCALE 1 1 1
X 0.8828 0.0743 0.4638
Y 0.1205 -0.9902 -0.0708
Z 0.4540 0.1184 -0.8831

PART 21
OFFSET -15.0045 -8.8360 -8.7958
SCALE 1 1 1
X -0.9421 -0.2901 -0.1684
Y -0.0150 0.5379 -0.8429
Z 0.3351 -0.7915 -0.5110

PART 22
OFFSET -6.9919 -6.3684 -7.3639
SCALE 1 1 1
X -0.9421 -0.2901 -0.1684
Y 0.1865 -0.0359 -0.9818
Z 0.2788 -0.9563 0.0880

PART 23
OFFSET -6.1353 -5.1452 -5.7156
SCALE 1 1 1
X -0.9429 -0.2912 -0.1619
Y -0.3322 0.7846 0.5236
Z -0.0254 0.5474 -0.8365

PART 24
OFFSET -5.6347 -5.8451 -5.0427
SCALE 1 1 1
X -0.9429 -0.2912 -0.1619
Y -0.3322 0.7846 0.5236
Z -0.0254 0.5474 -0.8365

PART 25
OFFSET -4.9091 -6.8457 -6.7901
SCALE 1 1 1
X -0.9429 -0.2912 -0.1619
Y -0.3322 0.7846 0.5236
Z -0.0254 0.5474 -0.8365

PART 26
OFFSET -4.1038 -5.4790 -6.8478
SCALE 1 1 1
X -0.9989 -0.0452 -0.0077
Y 0.0080 -0.0066 -0.9999
Z 0.0452 -0.9990 0.0070

PART 27
OFFSET -3.6807 -5.0421 -5.8822
SCALE 1 1 1
X -0.6457 -0.4987 -0.5783
Y 0.4372 0.3795 -0.8154
Z 0.6261 -0.7793 -0.0270

PART 28
OFFSET -2.3659 -3.9604 -4.5514
SCALE 1 1 1
X -0.9057 -0.4225 0.0358
Y 0.0120 -0.1099 -0.9939
Z 0.4238 -0.8997 0.1046

PART 29
OFFSET -0.9506 -3.1841 -4.6802
SCALE 1 1 1
X -0.7376 -0.4484 0.5048
Y -0.4090 -0.2981 -0.8625
Z 0.5373 -0.8426 0.0365

PART 30
OFFSET -0.1706 -2.6556 -5.2131
SCALE 1 1 1
X -0.9739 0.1488 0.1714
Y 0.1402 0.9882 -0.0611
Z -0.1785 -0.0355 -0.9833

PART 31
OFFSET -3.2590 -5.2459 -7.9133
SCALE 1 1 1
X -0.8217 -0.0762 0.5648
Y 0.1141 -0.9930 0.0320
Z 0.5584 0.0907 0.8246

PART 32
OFFSET -1.3454 -4.9397 -9.0662
SCALE 1 1 1
X -0.7313 -0.6800 -0.0528
Y 0.6808 -0.7233 -0.1155
Z 0.0403 -0.1204 0.9919

PART 33
OFFSET -0.3100 -3.9770 -8.9914
SCALE 1 1 1
X 0.7203 -0.6884 -0.0855
Y 0.6935 0.7123 0.1076
Z -0.0132 -0.1368 0.9905

PART 34
OFFSET -0.9487 -3.3667 -8.9156
SCALE 1 1 1
X 0.9680 0.2509 -0.0050
Y -0.2496 0.9645 0.0868
Z 0.0266 -0.0828 0.9962

PART 35
OFFSET -1.8683 -3.6051 -8.9109
SCALE 1 1 1
X -0.5875 -0.7854 -0.1947
Y -0.8080 0.5562 0.1946
Z -0.0446 0.2717 -0.9614

PART 36
OFFSET -3.0383 -5.3710 -7.2461
SCALE 1 1 1
X -0.9528 -0.0470 0.2998
Y 0.0652 -0.9966 0.0510
Z 0.2963 0.0682 0.9526

PART 37
OFFSET -0.6079 -5.2811 -8.1645
SCALE 1 1 1
X -0.4244 -0.9050 0.0297
Y 0.8981 -0.4249 -0.1135
Z 0.1154 -0.0215 0.9931

PART 38
OFFSET 0.1147 -3.7404 -8.2152
SCALE 1 1 1
X 0.9119 -0.3967 -0.1052
Y 0.3990 0.9170 -0.0000
Z 0.0965 -0.0419 0.9945

PART 39
OFFSET -1.1491 -3.1905 -8.0694
SCALE 1 1 1
X 0.6936 0.7195 -0.0344
Y -0.7146 0.6933 0.0928
Z 0.0906 -0.0398 0.9951

PART 40
OFFSET -1.9014 -3.9708 -8.0321
SCALE 1 1 1
X -0.1556 -0.9875 0.0241
Y -0.9862 0.1567 0.0529
Z -0.0560 -0.0155 -0.9983

PART 41
OFFSET -3.0383 -5.3710 -7.2461
SCALE 1 1 1
X -0.9528 -0.0470 0.2998
Y 0.0652 -0.9966 0.0510
Z 0.2963 0.0682 0.9526

PART 42
OFFSET -3.0383 -5.3710 -7.2461
SCALE 1 1 1
X -0.9528 -0.0470 0.2998
Y 0.0652 -0.9966 0.0510
Z 0.2963 0.0682 0.9526

PART 43
OFFSET 3.7075 0.0000 -1.3770
SCALE 1 1 1
X 1.0000 0.0000 0.0000
Y 0.0000 1.0000 0.0000
Z 0.0000 0.0000 1.0000

PART 44
OFFSET -0.0838 7.9373 -3.1869
SCALE 1 1 1
X 0.8406 -0.0974 -0.5328
Y -0.2477 -0.9439 -0.2183
Z -0.4817 0.3154 -0.8176

PART 45
OFFSET 10.0825 6.7593 -9.6305
SCALE 1 1 1
X 0.7020 -0.6826 0.2028
Y -0.5448 -0.3314 0.7703
Z -0.4586 -0.6513 -0.6045

PART 46
OFFSET 16.0537 0.9531 -7.9053
SCALE 1 1 1
X 0.7020 -0.6826 0.2028
Y 0.6875 0.7239 0.0569
Z -0.1857 0.0995 0.9776

PART 47
OFFSET 18.2455 1.4284 -7.0067
SCALE 1 1 1
X 0.7065 -0.6789 0.1999
Y 0.4644 0.6579 0.5928
Z -0.5340 -0.3260 0.7801

PART 48
OFFSET 17.1147 0.2013 -9.1083
SCALE 1 1 1
X 0.7065 -0.6789 0.1999
Y 0.4644 0.6579 0.5928
Z -0.5340 -0.3260 0.7801

PART 49
OFFSET 17.3439 0.1674 -5.5536
SCALE 1 1 1
X 0.7065 -0.6789 0.1999
Y 0.4644 0.6579 0.5928
Z -0.5340 -0.3260 0.7801

PART 50
OFFSET 16.4809 -0.8692 -6.5467
SCALE 1 1 1
X 0.7065 -0.6789 0.1999
Y 0.4644 0.6579 0.5928
Z -0.5340 -0.3260 0.7801

PART 51
OFFSET 15.5780 -1.5867 -7.7152
SCALE 1 1 1
X 0.7065 -0.6789 0.1999
Y 0.4644 0.6579 0.5928
Z -0.5340 -0.3260 0.7801

PART 52
OFFSET 18.2059 -1.1396 -7.2835
SCALE 1 1 1
X 0.5442 -0.8366 -0.0625
Y 0.8390 0.5429 0.0383
Z 0.0018 -0.0733 0.9973

PART 53
OFFSET 19.2611 -1.0222 -6.8650
SCALE 1 1 1
X 0.6853 0.0233 0.7279
Y 0.2797 0.9144 -0.2926
Z -0.6724 0.4041 0.6201

PART 54
OFFSET 20.7303 -0.8582 -5.2889
SCALE 1 1 1
X 0.4730 -0.6829 0.5567
Y 0.6086 0.7102 0.3539
Z -0.6370 0.1714 0.7515

PART 55
OFFSET 21.3863 -1.9837 -4.3272
SCALE 1 1 1
X -0.0210 -0.9236 0.3828
Y 0.7567 0.2355 0.6098
Z -0.6534 0.3025 0.6940

PART 56
OFFSET 21.3466 -2.9647 -3.8711
SCALE 1 1 1
X 0.5601 -0.8275 -0.0376
Y 0.2820 0.2331 -0.9307
Z 0.7789 0.5107 0.3639

PART 57
OFFSET 17.7685 -2.4437 -7.1758
SCALE 1 1 1
X -0.0326 -0.9990 -0.0303
Y -0.0564 -0.0284 0.9980
Z -0.9979 0.0343 -0.0554

PART 58
OFFSET 17.8335 -4.6967 -7.1133
SCALE 1 1 1
X 0.0298 -0.2153 0.9761
Y -0.1823 0.9590 0.2171
Z -0.9828 -0.1844 -0.0106

PART 59
OFFSET 17.8757 -5.0016 -5.7314
SCALE 1 1 1
X -0.0319 0.2879 0.9571
Y -0.2186 0.9324 -0.2878
Z -0.9753 -0.2184 0.0332

PART 60
OFFSET 17.8475 -4.7464 -4.8828
SCALE 1 1 1
X -0.1361 0.8653 0.4824
Y -0.0810 0.4756 -0.8759
Z -0.9874 -0.1583 0.0053

PART 61
OFFSET 17.7182 -3.9243 -4.4245
SCALE 1 1 1
X 0.2977 -0.9375 0.1801
Y -0.0983 -0.2178 -0.9710
Z 0.9496 0.2714 -0.1570

PART 62
OFFSET 18.4454 -2.2567 -7.3033
SCALE 1 1 1
X 0.2603 -0.9633 -0.0652
Y -0.0461 -0.0799 0.9957
Z -0.9644 -0.2561 -0.0652

PART 63
OFFSET 18.9786 -4.7932 -7.5042
SCALE 1 1 1
X -0.0102 -0.0957 0.9954
Y -0.3347 0.9383 0.0868
Z -0.9423 -0.3322 -0.0416

PART 64
OFFSET 18.9612 -4.9561 -5.8096
SCALE 1 1 1
X -0.1594 0.3952 0.9047
Y -0.3036 0.8523 -0.4258
Z -0.9394 -0.3425 -0.0159

PART 65
OFFSET 18.7403 -4.4084 -4.5558
SCALE 1 1 1
X -0.2877 0.7442 0.6028
Y -0.1923 0.5717 -0.7976
Z -0.9382 -0.3454 -0.0214

PART 66
OFFSET 18.4283 -3.6013 -3.9021
SCALE 1 1 1
X 0.2994 -0.9533 -0.0393
Y 0.0478 0.0561 -0.9973
Z 0.9529 0.2967 0.0624

PART 67
OFFSET 21.2166 -2.8960 -6.8806
SCALE 1 1 1
X 0.3503 -0.9125 0.2111
Y 0.1892 -0.1519 -0.9701
Z 0.9173 0.3798 0.1194

PART 68
OFFSET 20.9585 -3.9629 -7.8685
SCALE 1 1 1
X 0.0791 -0.3347 0.9390
Y -0.4460 0.8306 0.3336
Z -0.8915 -0.4451 -0.0836

PART 69
OFFSET 21.0977 -4.5522 -6.2153
SCALE 1 1 1
X -0.2103 0.1646 0.9637
Y -0.4527 0.8573 -0.2452
Z -0.8665 -0.4878 -0.1058

PART 70
OFFSET 20.8946 -4.3225 -5.0373
SCALE 1 1 1
X -0.2553 0.4128 0.8743
Y -0.3823 0.7875 -0.4834
Z -0.8881 -0.4577 -0.0433

PART 71
OFFSET 9.0164 -3.6472 -5.7617
SCALE 1 1 1
X 0.9991 0.0423 0.0018
Y -0.0423 0.9990 -0.0151
Z -0.0025 0.0150 0.9999

PART 72
OFFSET 11.2998 -5.0162 -4.4000
SCALE 1 1 1
X 0.9988 0.0426 0.0223
Y -0.0423 0.9990 -0.0151
Z -0.0229 0.0141 0.9996

PART 73
OFFSET 13.4923 -2.0701 -3.9511
SCALE 1 1 1
X 0.9991 0.0423 0.0018
Y -0.0423 0.9990 -0.0151
Z -0.0025 0.0150 0.9999

PART 74
OFFSET 33.5069 -2.6048 -5.3776
SCALE 1 1 1
X 0.2327 -0.0048 -0.9725
Y -0.0423 0.9990 -0.0151
Z 0.9716 0.0446 0.2323

PART 75
OFFSET 15.8498 -3.3224 -3.4040
SCALE 1 1 1
X 0.9991 0.0423 0.0018
Y -0.0423 0.9990 -0.0151
Z -0.0025 0.0150 0.9999

PART 76
OFFSET 13.2823 -2.5136 -4.0960
SCALE 1 1 1
X -0.0025 0.0150 0.9999
Y -0.0423 0.9990 -0.0151
Z -0.9991 -0.0423 -0.0018

PART 77
OFFSET 13.2639 -2.0979 -4.2962
SCALE 1 1 1
X -0.0350 0.8075 0.5889
Y -0.0286 0.5882 -0.8082
Z -0.9990 -0.0451 0.0025

PART 78
OFFSET 13.2544 -1.9288 -4.7678
SCALE 1 1 1
X -0.0412 0.9827 0.1807
Y -0.0129 0.1803 -0.9835
Z -0.9991 -0.0428 0.0053

PART 79
OFFSET 13.2475 -1.8437 -5.3473
SCALE 1 1 1
X -0.0402 0.9895 0.1390
Y -0.0110 0.1387 -0.9903
Z -0.9991 -0.0413 0.0053

PART 80
OFFSET 13.2434 -1.7587 -5.9514
SCALE 1 1 1
X -0.0386 0.9894 0.1400
Y -0.0004 0.1401 -0.9901
Z -0.9993 -0.0383 -0.0050

PART 81
OFFSET 13.2494 -1.6694 -6.5762
SCALE 1 1 1
X -0.0385 0.9890 0.1425
Y 0.0210 0.1434 -0.9894
Z -0.9990 -0.0351 -0.0263

PART 82
OFFSET 13.2675 -1.5745 -7.2161
SCALE 1 1 1
X -0.0401 0.9879 0.1495
Y 0.0288 0.1507 -0.9882
Z -0.9988 -0.0353 -0.0345

PART 83
OFFSET 13.2785 -1.4746 -7.8430
SCALE 1 1 1
X -0.0369 0.9855 0.1656
Y -0.0013 0.1657 -0.9862
Z -0.9993 -0.0366 -0.0048

PART 84
OFFSET 13.2590 -1.3701 -8.4246
SCALE 1 1 1
X -0.0216 0.9815 0.1901
Y -0.0663 0.1883 -0.9799
Z -0.9976 -0.0338 0.0610

PART 85
OFFSET 13.2137 -1.2625 -8.9596
SCALE 1 1 1
X 0.0021 0.9792 0.2030
Y -0.0886 0.2023 -0.9753
Z -0.9961 -0.0159 0.0872

PART 86
OFFSET 13.1756 -1.1546 -9.4777
SCALE 1 1 1
X 0.0219 0.9793 0.2012
Y -0.0435 0.2020 -0.9784
Z -0.9988 0.0127 0.0470

PART 87
OFFSET 13.1679 -1.0478 -10.0037
SCALE 1 1 1
X 0.0292 0.9800 0.1970
Y 0.0042 0.1969 -0.9804
Z -0.9996 0.0295 0.0016

PART 88
OFFSET 13.1696 -0.9400 -10.5389
SCALE 1 1 1
X 0.0279 0.9796 0.1989
Y -0.0075 0.1992 -0.9799
Z -0.9996 0.0258 0.0129

PART 89
OFFSET 13.1504 -0.8282 -11.0788
SCALE 1 1 1
X 0.0239 0.9787 0.2039
Y -0.0619 0.2050 -0.9768
Z -0.9978 0.0107 0.0655

PART 90
OFFSET 13.1109 -0.7169 -11.6180
SCALE 1 1 1
X 0.0182 0.9808 0.1944
Y -0.0713 0.1952 -0.9782
Z -0.9973 0.0040 0.0735

PART 91
OFFSET 13.0832 -0.6180 -12.1505
SCALE 1 1 1
X 0.0078 0.9862 0.1654
Y -0.0199 0.1656 -0.9860
Z -0.9998 0.0044 0.0209

PART 92
OFFSET 13.0905 -0.5396 -12.6796
SCALE 1 1 1
X -0.0089 0.9915 0.1294
Y 0.0377 0.1297 -0.9908
Z -0.9993 -0.0039 -0.0385

PART 93
OFFSET 13.1148 -0.4723 -13.2460
SCALE 1 1 1
X -0.0261 0.9938 0.1085
Y 0.0389 0.1095 -0.9932
Z -0.9989 -0.0217 -0.0415

PART 94
OFFSET 13.1290 -0.3994 -13.8922
SCALE 1 1 1
X -0.0372 0.9896 0.1386
Y 0.0044 0.1389 -0.9903
Z -0.9993 -0.0363 -0.0096

PART 95
OFFSET 13.1225 -0.2338 -14.4956
SCALE 1 1 1
X -0.0374 0.8782 0.4768
Y -0.0265 0.4761 -0.8790
Z -0.9989 -0.0456 0.0055


FRAME 1401
PART 0
OFFSET 18.4036 -1.9540 -7.1033
SCALE 1 1 1
X 0.3026 -0.9521 -0.0440
Y -0.0599 -0.0651 0.9961
Z -0.9512 -0.2988 -0.0767

PART 1
OFFSET 18.4036 -1.9540 -7.1033
SCALE 1 1 1
X 0.3026 -0.9521 -0.0440
Y -0.0599 -0.0651 0.9961
Z -0.9512 -0.2988 -0.0767

PART 2
OFFSET -7.5065 -7.2153 -5.9716
SCALE 1 1 1
X -0.9226 -0.3425 0.1773
Y -0.3566 0.9327 -0.0535
Z -0.1471 -0.1126 -0.9827

PART 3
OFFSET 0.5204 -6.4809 -5.9055
SCALE 1 1 1
X -0.6166 -0.7866 0.0319
Y 0.7872 -0.6166 0.0112
Z 0.0109 0.0320 0.9994

PART 4
OFFSET 1.6060 -5.0960 -5.9617
SCALE 1 1 1
X 0.4717 -0.8786 0.0744
Y 0.8813 0.4726 -0.0072
Z -0.0288 0.0689 0.9972

PART 5
OFFSET 1.0308 -4.0237 -5.9915
SCALE 1 1 1
X 0.9893 0.1438 -0.0242
Y -0.1442 0.9895 -0.0136
Z 0.0220 0.0170 0.9996

PART 6
OFFSET -0.0866 -4.1861 -5.9641
SCALE 1 1 1
X -0.1857 -0.9352 0.3014
Y -0.9808 0.1577 -0.1149
Z 0.0599 -0.3169 -0.9466

PART 7
OFFSET 0.4234 -6.3179 -6.9938
SCALE 1 1 1
X -0.3214 -0.9464 -0.0336
Y 0.9423 -0.3231 0.0878
Z -0.0939 -0.0035 0.9956

PART 8
OFFSET 1.0512 -4.4692 -6.9281
SCALE 1 1 1
X 0.8662 -0.4947 0.0704
Y 0.4955 0.8686 0.0078
Z -0.0650 0.0281 0.9975

PART 9
OFFSET -0.2140 -3.7465 -7.0309
SCALE 1 1 1
X 0.8389 0.5442 0.0048
Y -0.5407 0.8345 -0.1065
Z -0.0619 0.0868 0.9943

PART 10
OFFSET -1.1641 -4.3630 -7.0434
SCALE 1 1 1
X -0.2940 -0.9558 0.0008
Y -0.9558 0.2940 -0.0102
Z 0.0095 -0.0038 -0.9999

PART 11
OFFSET 0.0000 0.0000 0.0000
SCALE 1 1 1
X 1.0000 0.0000 0.0000
Y 0.0000 1.0000 0.0000
Z 0.0000 0.0000 1.0000

PART 12
OFFSET 0.0000 -0.0770 0.0000
SCALE 1 1 1
X 0.9999 -0.0104 0.0008
Y 0.0104 0.9999 -0.0044
Z -0.0007 0.0044 1.0000

PART 13
OFFSET 0.0000 -0.0000 -0.0000
SCALE 1 1 1
X 0.9999 -0.0104 0.0008
Y 0.0104 0.9999 -0.0044
Z -0.0007 0.0044 1.0000

PART 14
OFFSET 20.5747 -3.4036 -3.7868
SCALE 1 1 1
X 0.2178 -0.9629 0.1595
Y 0.2661 -0.0987 -0.9589
Z 0.9390 0.2513 0.2347

PART 15
OFFSET 20.0500 -4.1107 -7.4600
SCALE 1 1 1
X 0.0534 -0.1703 0.9839
Y -0.5408 0.8234 0.1719
Z -0.8395 -0.5413 -0.0482

PART 16
OFFSET 20.1543 -4.4434 -5.5378
SCALE 1 1 1
X -0.2771 0.3063 0.9107
Y -0.4478 0.7974 -0.4044
Z -0.8501 -0.5199 -0.0838

PART 17
OFFSET 19.7496 -3.9961 -4.2076
SCALE 1 1 1
X -0.4753 0.7080 0.5223
Y -0.1621 0.5130 -0.8429
Z -0.8647 -0.4854 -0.1291

PART 18
OFFSET 19.2052 -3.1981 -3.6163
SCALE 1 1 1
X 0.5233 -0.8395 0.1461
Y 0.1169 -0.0991 -0.9882
Z 0.8441 0.5342 0.0463

PART 19
OFFSET 9.0180 -3.7261 -5.6941
SCALE 1 1 1
X 0.9962 0.0856 0.0177
Y -0.0850 0.9958 -0.0332
Z -0.0204 0.0316 0.9993

PART 20
OFFSET -4.3277 -7.9373 -3.1869
SCALE 1 1 1
X 0.8302 0.0136 0.5573
Y -0.0517 -0.9935 0.1013
Z 0.5551 -0.1129 -0.8241

PART 21
OFFSET -14.3677 -8.1022 -9.9272
SCALE 1 1 1
X -0.9499 -0.1478 -0.2755
Y 0.2021 0.3819 -0.9018
Z 0.2385 -0.9123 -0.3329

PART 22
OFFSET -6.2886 -6.8453 -7.5843
SCALE 1 1 1
X -0.9499 -0.1478 -0.2755
Y 0.2808 -0.0160 -0.9596
Z 0.1374 -0.9889 0.0567

PART 23
OFFSET -5.3934 -5.7075 -6.0584
SCALE 1 1 1
X -0.9517 -0.1476 -0.2692
Y -0.2387 0.9071 0.3466
Z 0.1930 0.3941 -0.8986

PART 24
OFFSET -5.1143 -6.4376 -5.2393
SCALE 1 1 1
X -0.9517 -0.1476 -0.2692
Y -0.2387 0.9071 0.3466
Z 0.1930 0.3941 -0.8986

PART 25
OFFSET -4.4982 -7.6953 -6.3284
SCALE 1 1 1
X -0.9517 -0.1476 -0.2692
Y -0.2387 0.9071 0.3466
Z 0.1930 0.3941 -0.8986

PART 26
OFFSET -3.3765 -6.3922 -6.7398
SCALE 1 1 1
X -0.9973 -0.0709 -0.0197
Y 0.0203 -0.0077 -0.9998
Z 0.0707 -0.9975 0.0091

PART 27
OFFSET -2.9766 -5.9433 -5.7699
SCALE 1 1 1
X -0.6203 -0.5088 -0.5969
Y 0.4460 0.3972 -0.8021
Z 0.6452 -0.7638 -0.0195

PART 28
OFFSET -1.7183 -4.8424 -4.4007
SCALE 1 1 1
X -0.8951 -0.4459 -0.0032
Y 0.0504 -0.0939 -0.9943
Z 0.4431 -0.8901 0.1065

PART 29
OFFSET -0.3200 -4.0285 -4.4668
SCALE 1 1 1
X -0.7536 -0.4832 0.4456
Y -0.3485 -0.2811 -0.8942
Z 0.5573 -0.8292 0.0434

PART 30
OFFSET 0.4754 -3.4632 -4.9354
SCALE 1 1 1
X -0.9861 0.1180 0.1168
Y 0.1161 0.9930 -0.0227
Z -0.1186 -0.0088 -0.9929

PART 31
OFFSET -2.5252 -6.1389 -7.7955
SCALE 1 1 1
X -0.8263 -0.0965 0.5549
Y 0.1391 -0.9897 0.0349
Z 0.5458 0.1061 0.8312

PART 32
OFFSET -0.6062 -5.7852 -8.9256
SCALE 1 1 1
X -0.7233 -0.6882 -0.0571
Y 0.6897 -0.7161 -0.1073
Z 0.0329 -0.1170 0.9926

PART 33
OFFSET 0.4178 -4.8109 -8.8447
SCALE 1 1 1
X 0.7189 -0.6906 -0.0786
Y 0.6948 0.7107 0.1104
Z -0.0204 -0.1340 0.9908

PART 34
OFFSET -0.2196 -4.1986 -8.7750
SCALE 1 1 1
X 0.9720 0.2350 -0.0001
Y -0.2342 0.9687 0.0824
Z 0.0195 -0.0800 0.9966

PART 35
OFFSET -1.1430 -4.4219 -8.7749
SCALE 1 1 1
X -0.5992 -0.7763 -0.1957
Y -0.7998 0.5700 0.1882
Z -0.0345 0.2693 -0.9624

PART 36
OFFSET -2.3095 -6.2575 -7.1254
SCALE 1 1 1
X -0.9549 -0.0711 0.2883
Y 0.0902 -0.9945 0.0534
Z 0.2829 0.0770 0.9560

PART 37
OFFSET 0.1288 -6.1064 -8.0145
SCALE 1 1 1
X -0.4149 -0.9097 0.0192
Y 0.9044 -0.4146 -0.1010
Z 0.0998 -0.0245 0.9947

PART 38
OFFSET 0.8351 -4.5576 -8.0473
SCALE 1 1 1
X 0.9086 -0.4073 -0.0925
Y 0.4097 0.9122 0.0080
Z 0.0811 -0.0451 0.9957

PART 39
OFFSET -0.4241 -3.9932 -7.9191
SCALE 1 1 1
X 0.7150 0.6987 -0.0239
Y -0.6951 0.7141 0.0833
Z 0.0753 -0.0430 0.9962

PART 40
OFFSET -1.1995 -4.7510 -7.8932
SCALE 1 1 1
X -0.1850 -0.9825 0.0210
Y -0.9818 0.1857 0.0391
Z -0.0423 -0.0134 -0.9990

PART 41
OFFSET -2.3095 -6.2575 -7.1254
SCALE 1 1 1
X -0.9549 -0.0711 0.2883
Y 0.0902 -0.9945 0.0534
Z 0.2829 0.0770 0.9560

PART 42
OFFSET -2.3095 -6.2575 -7.1254
SCALE 1 1 1
X -0.9549 -0.0711 0.2883
Y 0.0902 -0.9945 0.0534
Z 0.2829 0.0770 0.9560

PART 43
OFFSET 3.7075 0.0000 -1.3770
SCALE 1 1 1
X 1.0000 0.0000 0.0000
Y 0.0000 1.0000 0.0000
Z 0.0000 0.0000 1.0000

PART 44
OFFSET -0.0838 7.9373 -3.1869
SCALE 1 1 1
X 0.8395 -0.0732 -0.5385
Y -0.2278 -0.9471 -0.2263
Z -0.4934 0.3126 -0.8117

PART 45
OFFSET 10.0685 7.0518 -9.6992
SCALE 1 1 1
X 0.6955 -0.6827 0.2240
Y -0.5622 -0.3229 0.7613
Z -0.4475 -0.6554 -0.6084

PART 46
OFFSET 15.9838 1.2448 -7.7938
SCALE 1 1 1
X 0.6955 -0.6827 0.2240
Y 0.6906 0.7212 0.0541
Z -0.1985 0.1171 0.9731

PART 47
OFFSET 18.1572 1.7221 -6.8524
SCALE 1 1 1
X 0.7000 -0.6790 0.2211
Y 0.4535 0.6619 0.5968
Z -0.5516 -0.3175 0.7713

PART 48
OFFSET 17.0682 0.4792 -8.9668
SCALE 1 1 1
X 0.7000 -0.6790 0.2211
Y 0.4535 0.6619 0.5968
Z -0.5516 -0.3175 0.7713

PART 49
OFFSET 17.2207 0.4768 -5.4079
SCALE 1 1 1
X 0.7000 -0.6790 0.2211
Y 0.4535 0.6619 0.5968
Z -0.5516 -0.3175 0.7713

PART 50
OFFSET 16.3762 -0.5663 -6.4100
SCALE 1 1 1
X 0.7000 -0.6790 0.2211
Y 0.4535 0.6619 0.5968
Z -0.5516 -0.3175 0.7713

PART 51
OFFSET 15.4966 -1.2919 -7.5912
SCALE 1 1 1
X 0.7000 -0.6790 0.2211
Y 0.4535 0.6619 0.5968
Z -0.5516 -0.3175 0.7713

PART 52
OFFSET 18.1159 -0.8482 -7.1070
SCALE 1 1 1
X 0.5807 -0.8132 -0.0388
Y 0.8140 0.5793 0.0427
Z -0.0123 -0.0564 0.9983

PART 53
OFFSET 19.1576 -0.6781 -6.6732
SCALE 1 1 1
X 0.6709 0.0652 0.7387
Y 0.2451 0.9206 -0.3039
Z -0.6998 0.3849 0.6017

PART 54
OFFSET 20.5909 -0.4241 -5.0761
SCALE 1 1 1
X 0.4923 -0.6523 0.5763
Y 0.5712 0.7417 0.3515
Z -0.6568 0.1562 0.7378

PART 55
OFFSET 21.2780 -1.5039 -4.0840
SCALE 1 1 1
X 0.0122 -0.9171 0.3985
Y 0.7352 0.2783 0.6181
Z -0.6777 0.2854 0.6777

PART 56
OFFSET 21.2727 -2.4779 -3.6116
SCALE 1 1 1
X 0.5958 -0.8030 -0.0138
Y 0.2877 0.2295 -0.9298
Z 0.7498 0.5501 0.3678

PART 57
OFFSET 17.7332 -2.1680 -6.9838
SCALE 1 1 1
X 0.0109 -0.9999 -0.0133
Y -0.0724 -0.0141 0.9973
Z -0.9973 -0.0100 -0.0725

PART 58
OFFSET 17.8942 -4.4148 -6.8808
SCALE 1 1 1
X 0.0222 -0.1975 0.9801
Y -0.2271 0.9537 0.1973
Z -0.9736 -0.2270 -0.0237

PART 59
OFFSET 17.9256 -4.6943 -5.4933
SCALE 1 1 1
X -0.0608 0.3023 0.9513
Y -0.2535 0.9171 -0.3076
Z -0.9654 -0.2599 0.0209

PART 60
OFFSET 17.8717 -4.4264 -4.6498
SCALE 1 1 1
X -0.1816 0.8666 0.4649
Y -0.0862 0.4569 -0.8853
Z -0.9796 -0.2008 -0.0083

PART 61
OFFSET 17.6992 -3.6031 -4.2082
SCALE 1 1 1
X 0.3347 -0.9206 0.2014
Y -0.0720 -0.2381 -0.9686
Z 0.9396 0.3096 -0.1460

PART 62
OFFSET 18.4036 -1.9540 -7.1033
SCALE 1 1 1
X 0.3026 -0.9521 -0.0440
Y -0.0599 -0.0651 0.9961
Z -0.9512 -0.2988 -0.0767

PART 63
OFFSET 19.0490 -4.4680 -7.2509
SCALE 1 1 1
X -0.0233 -0.0794 0.9966
Y -0.3762 0.9243 0.0648
Z -0.9262 -0.3734 -0.0514

PART 64
OFFSET 19.0093 -4.6031 -5.5543
SCALE 1 1 1
X -0.1919 0.4030 0.8948
Y -0.3326 0.8311 -0.4457
Z -0.9233 -0.3832 -0.0255

PART 65
OFFSET 18.7433 -4.0445 -4.3141
SCALE 1 1 1
X -0.3299 0.7410 0.5848
Y -0.2029 0.5494 -0.8106
Z -0.9220 -0.3860 -0.0309

PART 66
OFFSET 18.3855 -3.2409 -3.6798
SCALE 1 1 1
X 0.3408 -0.9400 -0.0177
Y 0.0626 0.0414 -0.9972
Z 0.9380 0.3388 0.0730

PART 67
OFFSET 21.1920 -2.4654 -6.6236
SCALE 1 1 1
X 0.3856 -0.8928 0.2328
Y 0.2123 -0.1597 -0.9641
Z 0.8979 0.4211 0.1280

PART 68
OFFSET 20.9972 -3.5589 -7.5969
SCALE 1 1 1
X 0.0771 -0.3152 0.9459
Y -0.4871 0.8159 0.3116
Z -0.8700 -0.4847 -0.0906

PART 69
OFFSET 21.1330 -4.1138 -5.9315
SCALE 1 1 1
X -0.2339 0.1714 0.9570
Y -0.4849 0.8326 -0.2676
Z -0.8427 -0.5266 -0.1116

PART 70
OFFSET 20.8999 -3.8734 -4.7612
SCALE 1 1 1
X -0.2879 0.4159 0.8626
Y -0.4074 0.7620 -0.5034
Z -0.8666 -0.4964 -0.0500

PART 71
OFFSET 9.0180 -3.7261 -5.6941
SCALE 1 1 1
X 0.9962 0.0856 0.0177
Y -0.0850 0.9958 -0.0332
Z -0.0204 0.0316 0.9993

PART 72
OFFSET 11.3343 -4.9718 -4.2710
SCALE 1 1 1
X 0.9955 0.0863 0.0381
Y -0.0850 0.9958 -0.0332
Z -0.0408 0.0298 0.9987

PART 73
OFFSET 13.3897 -1.9263 -3.8374
SCALE 1 1 1
X 0.9962 0.0856 0.0177
Y -0.0850 0.9958 -0.0332
Z -0.0204 0.0316 0.9993

PART 74
OFFSET 33.4305 -1.6162 -4.9224
SCALE 1 1 1
X 0.2495 -0.0110 -0.9683
Y -0.0850 0.9958 -0.0332
Z 0.9646 0.0906 0.2475

PART 75
OFFSET 15.7892 -3.0658 -3.2294
SCALE 1 1 1
X 0.9962 0.0856 0.0177
Y -0.0850 0.9958 -0.0332
Z -0.0204 0.0316 0.9993

PART 76
OFFSET 13.2016 -2.3808 -3.9780
SCALE 1 1 1
X -0.0204 0.0316 0.9993
Y -0.0850 0.9958 -0.0332
Z -0.9962 -0.0856 -0.0177

PART 77
OFFSET 13.1698 -1.9825 -4.1853
SCALE 1 1 1
X -0.0813 0.8382 0.5393
Y -0.0367 0.5382 -0.8420
Z -0.9960 -0.0883 -0.0130

PART 78
OFFSET 13.1635 -1.8489 -4.6589
SCALE 1 1 1
X -0.0865 0.9898 0.1130
Y 0.0007 0.1135 -0.9935
Z -0.9962 -0.0859 -0.0105

PART 79
OFFSET 13.1651 -1.7985 -5.2391
SCALE 1 1 1
X -0.0853 0.9925 0.0873
Y 0.0032 0.0879 -0.9961
Z -0.9963 -0.0847 -0.0107

PART 80
OFFSET 13.1696 -1.7431 -5.8439
SCALE 1 1 1
X -0.0842 0.9923 0.0907
Y 0.0138 0.0921 -0.9957
Z -0.9964 -0.0826 -0.0215

PART 81
OFFSET 13.1850 -1.6877 -6.4693
SCALE 1 1 1
X -0.0849 0.9933 0.0785
Y 0.0370 0.0819 -0.9960
Z -0.9957 -0.0817 -0.0437

PART 82
OFFSET 13.2136 -1.6392 -7.1092
SCALE 1 1 1
X -0.0876 0.9939 0.0670
Y 0.0451 0.0711 -0.9964
Z -0.9951 -0.0842 -0.0511

PART 83
OFFSET 13.2335 -1.5947 -7.7359
SCALE 1 1 1
X -0.0853 0.9938 0.0715
Y 0.0101 0.0726 -0.9973
Z -0.9963 -0.0844 -0.0163

PART 84
OFFSET 13.2180 -1.5487 -8.3172
SCALE 1 1 1
X -0.0709 0.9932 0.0924
Y -0.0651 0.0878 -0.9940
Z -0.9954 -0.0765 0.0584

PART 85
OFFSET 13.1722 -1.4938 -8.8526
SCALE 1 1 1
X -0.0468 0.9913 0.1229
Y -0.0926 0.1182 -0.9887
Z -0.9946 -0.0576 0.0862

PART 86
OFFSET 13.1329 -1.4206 -9.3726
SCALE 1 1 1
X -0.0248 0.9864 0.1624
Y -0.0442 0.1612 -0.9859
Z -0.9987 -0.0316 0.0396

PART 87
OFFSET 13.1262 -1.3263 -9.9027
SCALE 1 1 1
X -0.0164 0.9836 0.1799
Y 0.0084 0.1800 -0.9836
Z -0.9998 -0.0146 -0.0112

PART 88
OFFSET 13.1311 -1.2347 -10.4416
SCALE 1 1 1
X -0.0188 0.9891 0.1463
Y -0.0007 0.1463 -0.9892
Z -0.9998 -0.0187 -0.0020

PART 89
OFFSET 13.1159 -1.1754 -10.9818
SCALE 1 1 1
X -0.0238 0.9971 0.0724
Y -0.0549 0.0710 -0.9960
Z -0.9982 -0.0277 0.0530

PART 90
OFFSET 13.0825 -1.1504 -11.5179
SCALE 1 1 1
X -0.0291 0.9991 0.0318
Y -0.0577 0.0300 -0.9979
Z -0.9979 -0.0309 0.0568

PART 91
OFFSET 13.0665 -1.1345 -12.0473
SCALE 1 1 1
X -0.0385 0.9985 0.0379
Y 0.0093 0.0383 -0.9992
Z -0.9992 -0.0381 -0.0107

PART 92
OFFSET 13.0931 -1.1107 -12.5757
SCALE 1 1 1
X -0.0539 0.9978 0.0375
Y 0.0794 0.0418 -0.9960
Z -0.9954 -0.0507 -0.0815

PART 93
OFFSET 13.1418 -1.0990 -13.1423
SCALE 1 1 1
X -0.0699 0.9975 -0.0129
Y 0.0814 -0.0071 -0.9967
Z -0.9942 -0.0707 -0.0807

PART 94
OFFSET 13.1812 -1.1234 -13.7876
SCALE 1 1 1
X -0.0802 0.9959 -0.0426
Y 0.0391 -0.0396 -0.9985
Z -0.9960 -0.0818 -0.0357

PART 95
OFFSET 13.1909 -1.0765 -14.3906
SCALE 1 1 1
X -0.0862 0.9459 0.3129
Y -0.0156 0.3127 -0.9497
Z -0.9962 -0.0868 -0.0122


FRAME 1402
PART 0
OFFSET 18.2847 -1.3015 -6.6953
SCALE 1 1 1
X 0.3883 -0.9215 0.0102
Y -0.0968 -0.0298 0.9949
Z -0.9164 -0.3873 -0.1008

PART 1
OFFSET 18.2847 -1.3015 -6.6953
SCALE 1 1 1
X 0.3883 -0.9215 0.0102
Y -0.0968 -0.0298 0.9949
Z -0.9164 -0.3873 -0.1008

PART 2
OFFSET -5.7033 -9.0892 -5.8004
SCALE 1 1 1
X -0.9098 -0.3867 0.1510
Y -0.3988 0.9151 -0.0597
Z -0.1151 -0.1146 -0.9867

PART 3
OFFSET 2.2750 -7.9764 -5.5141
SCALE 1 1 1
X -0.6387 -0.7694 0.0084
Y 0.7693 -0.6382 0.0310
Z -0.0185 0.0263 0.9995

PART 4
OFFSET 3.3995 -6.6217 -5.5289
SCALE 1 1 1
X 0.3499 -0.9334 0.0802
Y 0.9351 0.3531 0.0308
Z -0.0571 0.0642 0.9963

PART 5
OFFSET 2.9707 -5.4831 -5.5659
SCALE 1 1 1
X 0.9908 -0.1349 0.0143
Y 0.1350 0.9908 -0.0042
Z -0.0136 0.0061 0.9999

PART 6
OFFSET 1.8516 -5.3308 -5.5820
SCALE 1 1 1
X -0.4482 -0.8488 0.2804
Y -0.8939 0.4229 -0.1485
Z 0.0074 -0.3172 -0.9483

PART 7
OFFSET 2.1997 -7.8128 -6.6041
SCALE 1 1 1
X -0.3316 -0.9422 -0.0476
Y 0.9365 -0.3348 0.1046
Z -0.1145 -0.0100 0.9934

PART 8
OFFSET 2.8475 -5.9721 -6.5110
SCALE 1 1 1
X 0.8116 -0.5785 0.0818
Y 0.5780 0.8154 0.0320
Z -0.0852 0.0213 0.9961

PART 9
OFFSET 1.6621 -5.1271 -6.6305
SCALE 1 1 1
X 0.9202 0.3895 0.0396
Y -0.3840 0.9176 -0.1028
Z -0.0763 0.0794 0.9939

PART 10
OFFSET 0.6202 -5.5682 -6.6824
SCALE 1 1 1
X -0.4554 -0.8898 -0.0282
Y -0.8894 0.4562 -0.0297
Z 0.0393 0.0116 -0.9992

PART 11
OFFSET 0.0000 0.0000 0.0000
SCALE 1 1 1
X 1.0000 0.0000 0.0000
Y 0.0000 1.0000 0.0000
Z 0.0000 0.0000 1.0000

PART 12
OFFSET 0.0000 -0.2199 0.0000
SCALE 1 1 1
X 0.9996 -0.0298 0.0029
Y 0.0299 0.9995 -0.0126
Z -0.0025 0.0126 0.9999

PART 13
OFFSET -0.0000 -0.0000 0.0000
SCALE 1 1 1
X 0.9996 -0.0298 0.0029
Y 0.0299 0.9995 -0.0126
Z -0.0025 0.0126 0.9999

PART 14
OFFSET 20.4316 -2.4109 -3.2349
SCALE 1 1 1
X 0.2961 -0.9317 0.2105
Y 0.3151 -0.1128 -0.9423
Z 0.9017 0.3453 0.2601

PART 15
OFFSET 20.1315 -3.3116 -6.8909
SCALE 1 1 1
X 0.0259 -0.1246 0.9919
Y -0.6193 0.7769 0.1138
Z -0.7847 -0.6172 -0.0571

PART 16
OFFSET 20.1820 -3.5550 -4.9532
SCALE 1 1 1
X -0.3425 0.3164 0.8846
Y -0.4996 0.7361 -0.4567
Z -0.7957 -0.5984 -0.0941

PART 17
OFFSET 19.6818 -3.0929 -3.6611
SCALE 1 1 1
X -0.5590 0.6822 0.4713
Y -0.1709 0.4614 -0.8706
Z -0.8114 -0.5671 -0.1413

PART 18
OFFSET 19.0431 -2.3245 -3.1277
SCALE 1 1 1
X 0.5896 -0.7816 0.2037
Y 0.1679 -0.1281 -0.9774
Z 0.7900 0.6105 0.0557

PART 19
OFFSET 9.0435 -3.8647 -5.5792
SCALE 1 1 1
X 0.9828 0.1769 0.0530
Y -0.1723 0.9817 -0.0807
Z -0.0663 0.0702 0.9953

PART 20
OFFSET -4.3277 -7.9373 -3.1869
SCALE 1 1 1
X 0.5423 0.0821 0.8361
Y -0.3942 -0.8540 0.3396
Z 0.7420 -0.5137 -0.4308

PART 21
OFFSET -10.8868 -8.9305 -13.2990
SCALE 1 1 1
X -0.8028 -0.0745 -0.5916
Y 0.5950 -0.0351 -0.8030
Z 0.0391 -0.9966 0.0725

PART 22
OFFSET -4.0589 -8.2965 -8.2671
SCALE 1 1 1
X -0.8028 -0.0745 -0.5916
Y 0.5901 0.0429 -0.8062
Z 0.0855 -0.9963 0.0096

PART 23
OFFSET -3.3833 -7.0230 -6.9133
SCALE 1 1 1
X -0.8064 -0.0716 -0.5870
Y -0.0454 0.9972 -0.0593
Z 0.5896 -0.0212 -0.8074

PART 24
OFFSET -3.6171 -7.5871 -5.8759
SCALE 1 1 1
X -0.8064 -0.0716 -0.5870
Y -0.0454 0.9972 -0.0593
Z 0.5896 -0.0212 -0.8074

PART 25
OFFSET -3.3735 -8.8888 -5.8742
SCALE 1 1 1
X -0.8064 -0.0716 -0.5870
Y -0.0454 0.9972 -0.0593
Z 0.5896 -0.0212 -0.8074

PART 26
OFFSET -1.5979 -8.0679 -6.4534
SCALE 1 1 1
X -0.9919 -0.1179 -0.0470
Y 0.0476 -0.0018 -0.9989
Z 0.1176 -0.9930 0.0074

PART 27
OFFSET -1.2459 -7.6055 -5.4713
SCALE 1 1 1
X -0.5648 -0.5152 -0.6447
Y 0.4690 0.4424 -0.7644
Z 0.6790 -0.7341 -0.0082

PART 28
OFFSET -0.1117 -6.4970 -4.0034
SCALE 1 1 1
X -0.8678 -0.4858 -0.1043
Y 0.1410 -0.0395 -0.9892
Z 0.4764 -0.8732 0.1028

PART 29
OFFSET 1.2443 -5.6173 -3.9055
SCALE 1 1 1
X -0.7812 -0.5572 0.2816
Y -0.1967 -0.2083 -0.9581
Z 0.5925 -0.8038 0.0531

PART 30
OFFSET 2.0653 -4.9744 -4.1961
SCALE 1 1 1
X -0.9978 0.0621 -0.0237
Y 0.0599 0.9947 0.0838
Z 0.0288 0.0822 -0.9962

PART 31
OFFSET -0.7314 -7.7694 -7.4846
SCALE 1 1 1
X -0.8354 -0.1383 0.5320
Y 0.1849 -0.9821 0.0350
Z 0.5176 0.1276 0.8460

PART 32
OFFSET 1.1984 -7.3198 -8.5610
SCALE 1 1 1
X -0.7176 -0.6929 -0.0707
Y 0.6963 -0.7114 -0.0952
Z 0.0156 -0.1176 0.9929

PART 33
OFFSET 2.2143 -6.3388 -8.4608
SCALE 1 1 1
X 0.6971 -0.7134 -0.0707
Y 0.7159 0.6876 0.1208
Z -0.0375 -0.1349 0.9902

PART 34
OFFSET 1.5962 -5.7063 -8.3981
SCALE 1 1 1
X 0.9861 0.1658 0.0097
Y -0.1660 0.9827 0.0818
Z 0.0040 -0.0823 0.9966

PART 35
OFFSET 0.6593 -5.8638 -8.4074
SCALE 1 1 1
X -0.6506 -0.7318 -0.2029
Y -0.7594 0.6248 0.1814
Z -0.0060 0.2721 -0.9622

PART 36
OFFSET -0.5284 -7.8810 -6.8094
SCALE 1 1 1
X -0.9579 -0.1176 0.2621
Y 0.1357 -0.9894 0.0522
Z 0.2532 0.0855 0.9636

PART 37
OFFSET 1.9230 -7.6103 -7.6316
SCALE 1 1 1
X -0.4088 -0.9125 -0.0117
Y 0.9103 -0.4069 -0.0760
Z 0.0646 -0.0417 0.9970

PART 38
OFFSET 2.6190 -6.0567 -7.6116
SCALE 1 1 1
X 0.8869 -0.4567 -0.0696
Y 0.4597 0.8874 0.0344
Z 0.0460 -0.0625 0.9970

PART 39
OFFSET 1.3899 -5.4238 -7.5152
SCALE 1 1 1
X 0.7852 0.6193 0.0056
Y -0.6180 0.7829 0.0721
Z 0.0403 -0.0601 0.9974

PART 40
OFFSET 0.5383 -6.0954 -7.5212
SCALE 1 1 1
X -0.2883 -0.9575 0.0033
Y -0.9574 0.2883 0.0130
Z -0.0134 0.0006 -0.9999

PART 41
OFFSET -0.5284 -7.8810 -6.8094
SCALE 1 1 1
X -0.9579 -0.1176 0.2621
Y 0.1357 -0.9894 0.0522
Z 0.2532 0.0855 0.9636

PART 42
OFFSET -0.5284 -7.8810 -6.8094
SCALE 1 1 1
X -0.9579 -0.1176 0.2621
Y 0.1357 -0.9894 0.0522
Z 0.2532 0.0855 0.9636

PART 43
OFFSET 3.7075 0.0000 -1.3770
SCALE 1 1 1
X 1.0000 0.0000 0.0000
Y 0.0000 1.0000 0.0000
Z 0.0000 0.0000 1.0000

PART 44
OFFSET -0.0838 7.9373 -3.1869
SCALE 1 1 1
X 0.8337 -0.0247 -0.5516
Y -0.1853 -0.9536 -0.2373
Z -0.5201 0.3001 -0.7996

PART 45
OFFSET 9.9992 7.6383 -9.8581
SCALE 1 1 1
X 0.6828 -0.6798 0.2678
Y -0.5946 -0.3040 0.7443
Z -0.4246 -0.6674 -0.6118

PART 46
OFFSET 15.8064 1.8563 -7.5803
SCALE 1 1 1
X 0.6828 -0.6798 0.2678
Y 0.6942 0.7178 0.0522
Z -0.2277 0.1503 0.9621

PART 47
OFFSET 17.9408 2.3475 -6.5603
SCALE 1 1 1
X 0.6875 -0.6761 0.2650
Y 0.4311 0.6736 0.6003
Z -0.5844 -0.2984 0.7546

PART 48
OFFSET 16.9353 1.0612 -8.6901
SCALE 1 1 1
X 0.6875 -0.6761 0.2650
Y 0.4311 0.6736 0.6003
Z -0.5844 -0.2984 0.7546

PART 49
OFFSET 16.9402 1.1378 -5.1287
SCALE 1 1 1
X 0.6875 -0.6761 0.2650
Y 0.4311 0.6736 0.6003
Z -0.5844 -0.2984 0.7546

PART 50
OFFSET 16.1336 0.0753 -6.1416
SCALE 1 1 1
X 0.6875 -0.6761 0.2650
Y 0.4311 0.6736 0.6003
Z -0.5844 -0.2984 0.7546

PART 51
OFFSET 15.3006 -0.6736 -7.3420
SCALE 1 1 1
X 0.6875 -0.6761 0.2650
Y 0.4311 0.6736 0.6003
Z -0.5844 -0.2984 0.7546

PART 52
OFFSET 17.8995 -0.2277 -6.7593
SCALE 1 1 1
X 0.6524 -0.7576 0.0202
Y 0.7562 0.6525 0.0490
Z -0.0503 -0.0167 0.9986

PART 53
OFFSET 18.9021 0.0543 -6.2929
SCALE 1 1 1
X 0.6298 0.1561 0.7609
Y 0.1746 0.9261 -0.3345
Z -0.7569 0.3435 0.5560

PART 54
OFFSET 20.2365 0.5027 -4.6535
SCALE 1 1 1
X 0.5234 -0.5806 0.6236
Y 0.4868 0.8044 0.3404
Z -0.6994 0.1254 0.7037

PART 55
OFFSET 20.9741 -0.4686 -3.5882
SCALE 1 1 1
X 0.0771 -0.8952 0.4389
Y 0.6799 0.3692 0.6336
Z -0.7292 0.2496 0.6371

PART 56
OFFSET 21.0356 -1.4189 -3.0736
SCALE 1 1 1
X 0.6654 -0.7451 0.0453
Y 0.3059 0.2168 -0.9270
Z 0.6809 0.6307 0.3722

PART 57
OFFSET 17.6316 -1.5708 -6.5928
SCALE 1 1 1
X 0.1010 -0.9944 0.0315
Y -0.1139 0.0199 0.9933
Z -0.9883 -0.1039 -0.1112

PART 58
OFFSET 17.9886 -3.7875 -6.3841
SCALE 1 1 1
X -0.0026 -0.1546 0.9880
Y -0.3200 0.9362 0.1457
Z -0.9474 -0.3157 -0.0519

PART 59
OFFSET 17.9849 -4.0064 -4.9853
SCALE 1 1 1
X -0.1287 0.3338 0.9338
Y -0.3211 0.8769 -0.3577
Z -0.9383 -0.3459 -0.0056

PART 60
OFFSET 17.8708 -3.7104 -4.1574
SCALE 1 1 1
X -0.2784 0.8645 0.4185
Y -0.0884 0.4108 -0.9074
Z -0.9564 -0.2896 -0.0379

PART 61
OFFSET 17.6063 -2.8891 -3.7598
SCALE 1 1 1
X 0.4068 -0.8772 0.2551
Y -0.0085 -0.2828 -0.9591
Z 0.9135 0.3880 -0.1225

PART 62
OFFSET 18.2847 -1.3015 -6.6953
SCALE 1 1 1
X 0.3883 -0.9215 0.0102
Y -0.0968 -0.0298 0.9949
Z -0.9164 -0.3873 -0.1008

PART 63
OFFSET 19.1584 -3.7500 -6.7057
SCALE 1 1 1
X -0.0591 -0.0406 0.9974
Y -0.4599 0.8879 0.0089
Z -0.8860 -0.4582 -0.0712

PART 64
OFFSET 19.0577 -3.8191 -5.0076
SCALE 1 1 1
X -0.2657 0.4198 0.8678
Y -0.3862 0.7785 -0.4948
Z -0.8833 -0.4666 -0.0447

PART 65
OFFSET 18.6894 -3.2373 -3.8049
SCALE 1 1 1
X -0.4199 0.7310 0.5379
Y -0.2161 0.4952 -0.8415
Z -0.8815 -0.4696 -0.0500

PART 66
OFFSET 18.2340 -2.4445 -3.2214
SCALE 1 1 1
X 0.4241 -0.9048 0.0375
Y 0.1017 0.0065 -0.9948
Z 0.8999 0.4257 0.0948

PART 67
OFFSET 21.0843 -1.5362 -6.0840
SCALE 1 1 1
X 0.4536 -0.8437 0.2872
Y 0.2672 -0.1787 -0.9469
Z 0.8502 0.5062 0.1444

PART 68
OFFSET 21.0305 -2.6816 -7.0147
SCALE 1 1 1
X 0.0641 -0.2681 0.9612
Y -0.5712 0.7800 0.2557
Z -0.8183 -0.5654 -0.1031

PART 69
OFFSET 21.1434 -3.1536 -5.3223
SCALE 1 1 1
X -0.2894 0.1881 0.9386
Y -0.5455 0.7733 -0.3232
Z -0.7866 -0.6055 -0.1212

PART 70
OFFSET 20.8393 -2.8882 -4.1740
SCALE 1 1 1
X -0.3610 0.4226 0.8313
Y -0.4519 0.7005 -0.5523
Z -0.8157 -0.5751 -0.0619

PART 71
OFFSET 9.0435 -3.8647 -5.5792
SCALE 1 1 1
X 0.9828 0.1769 0.0530
Y -0.1723 0.9817 -0.0807
Z -0.0663 0.0702 0.9953

PART 72
OFFSET 11.3984 -4.8348 -4.0123
SCALE 1 1 1
X 0.9812 0.1783 0.0734
Y -0.1723 0.9817 -0.0807
Z -0.0864 0.0665 0.9940

PART 73
OFFSET 13.1521 -1.5992 -3.6337
SCALE 1 1 1
X 0.9828 0.1769 0.0530
Y -0.1723 0.9817 -0.0807
Z -0.0663 0.0702 0.9953

PART 74
OFFSET 33.1127 0.4954 -3.9420
SCALE 1 1 1
X 0.2911 -0.0275 -0.9563
Y -0.1723 0.9817 -0.0807
Z 0.9410 0.1883 0.2810

PART 75
OFFSET 15.6155 -2.4892 -2.8818
SCALE 1 1 1
X 0.9828 0.1769 0.0530
Y -0.1723 0.9817 -0.0807
Z -0.0663 0.0702 0.9953

PART 76
OFFSET 13.0118 -2.0743 -3.7612
SCALE 1 1 1
X -0.0663 0.0702 0.9953
Y -0.1723 0.9817 -0.0807
Z -0.9828 -0.1769 -0.0530

PART 77
OFFSET 12.9549 -1.6975 -3.9864
SCALE 1 1 1
X -0.1805 0.8621 0.4735
Y -0.0434 0.4739 -0.8795
Z -0.9826 -0.1792 -0.0481

PART 78
OFFSET 12.9600 -1.6008 -4.4641
SCALE 1 1 1
X -0.1785 0.9833 0.0357
Y 0.0388 0.0433 -0.9983
Z -0.9832 -0.1768 -0.0458

PART 79
OFFSET 12.9843 -1.5868 -5.0443
SCALE 1 1 1
X -0.1771 0.9839 0.0250
Y 0.0410 0.0328 -0.9986
Z -0.9833 -0.1758 -0.0461

PART 80
OFFSET 13.0111 -1.5624 -5.6498
SCALE 1 1 1
X -0.1764 0.9837 0.0337
Y 0.0504 0.0432 -0.9978
Z -0.9830 -0.1743 -0.0572

PART 81
OFFSET 13.0500 -1.5387 -6.2754
SCALE 1 1 1
X -0.1767 0.9842 0.0147
Y 0.0760 0.0286 -0.9967
Z -0.9813 -0.1750 -0.0798

PART 82
OFFSET 13.1046 -1.5275 -6.9141
SCALE 1 1 1
X -0.1789 0.9838 -0.0077
Y 0.0869 0.0080 -0.9962
Z -0.9800 -0.1789 -0.0869

PART 83
OFFSET 13.1509 -1.5263 -7.5391
SCALE 1 1 1
X -0.1770 0.9841 -0.0118
Y 0.0526 -0.0025 -0.9986
Z -0.9828 -0.1773 -0.0513

PART 84
OFFSET 13.1597 -1.5282 -8.1198
SCALE 1 1 1
X -0.1638 0.9865 0.0038
Y -0.0249 -0.0002 -0.9997
Z -0.9862 -0.1638 0.0246

PART 85
OFFSET 13.1347 -1.5203 -8.6551
SCALE 1 1 1
X -0.1411 0.9890 0.0443
Y -0.0572 0.0365 -0.9977
Z -0.9883 -0.1433 0.0514

PART 86
OFFSET 13.1126 -1.4835 -9.1741
SCALE 1 1 1
X -0.1202 0.9865 0.1114
Y -0.0150 0.1104 -0.9938
Z -0.9926 -0.1211 0.0015

PART 87
OFFSET 13.1207 -1.4101 -9.7010
SCALE 1 1 1
X -0.1121 0.9832 0.1438
Y 0.0361 0.1487 -0.9882
Z -0.9930 -0.1056 -0.0522

PART 88
OFFSET 13.1423 -1.3408 -10.2370
SCALE 1 1 1
X -0.1135 0.9897 0.0875
Y 0.0350 0.0920 -0.9951
Z -0.9929 -0.1099 -0.0451

PART 89
OFFSET 13.1506 -1.3258 -10.7773
SCALE 1 1 1
X -0.1146 0.9928 -0.0362
Y -0.0040 -0.0369 -0.9993
Z -0.9934 -0.1144 0.0082

PART 90
OFFSET 13.1468 -1.3661 -11.3167
SCALE 1 1 1
X -0.1169 0.9885 -0.0960
Y -0.0008 -0.0968 -0.9953
Z -0.9931 -0.1163 0.0121

PART 91
OFFSET 13.1597 -1.4134 -11.8497
SCALE 1 1 1
X -0.1269 0.9893 -0.0713
Y 0.0592 -0.0642 -0.9962
Z -0.9901 -0.1306 -0.0504

PART 92
OFFSET 13.2107 -1.4351 -12.3793
SCALE 1 1 1
X -0.1428 0.9884 -0.0520
Y 0.1232 -0.0344 -0.9918
Z -0.9821 -0.1480 -0.1169

PART 93
OFFSET 13.2862 -1.4696 -12.9433
SCALE 1 1 1
X -0.1548 0.9808 -0.1186
Y 0.1325 -0.0984 -0.9863
Z -0.9790 -0.1684 -0.1147

PART 94
OFFSET 13.3630 -1.5655 -13.5817
SCALE 1 1 1
X -0.1604 0.9703 -0.1813
Y 0.1000 -0.1667 -0.9809
Z -0.9820 -0.1755 -0.0703

PART 95
OFFSET 13.4047 -1.6027 -14.1807
SCALE 1 1 1
X -0.1828 0.9684 0.1695
Y 0.0154 0.1752 -0.9844
Z -0.9830 -0.1774 -0.0469


FRAME 1403
PART 0
OFFSET 18.1394 -0.6833 -6.3680
SCALE 1 1 1
X 0.4578 -0.8851 0.0831
Y -0.1465 0.0171 0.9891
Z -0.8769 -0.4650 -0.1218

PART 1
OFFSET 18.1394 -0.6833 -6.3680
SCALE 1 1 1
X 0.4578 -0.8851 0.0831
Y -0.1465 0.0171 0.9891
Z -0.8769 -0.4650 -0.1218

PART 2
OFFSET -3.3094 -10.4304 -5.3609
SCALE 1 1 1
X -0.9034 -0.4123 0.1178
Y -0.4202 0.9059 -0.0521
Z -0.0853 -0.0966 -0.9917

PART 3
OFFSET 4.6273 -9.1257 -4.8312
SCALE 1 1 1
X -0.6921 -0.7212 -0.0298
Y 0.7203 -0.6928 0.0360
Z -0.0466 0.0034 0.9989

PART 4
OFFSET 5.8459 -7.8560 -4.7787
SCALE 1 1 1
X 0.1381 -0.9889 0.0552
Y 0.9870 0.1421 0.0752
Z -0.0823 0.0441 0.9956

PART 5
OFFSET 5.6730 -6.6511 -4.7854
SCALE 1 1 1
X 0.8460 -0.5322 0.0326
Y 0.5306 0.8464 0.0466
Z -0.0524 -0.0221 0.9984

PART 6
OFFSET 4.7174 -6.0500 -4.8222
SCALE 1 1 1
X -0.7691 -0.5970 0.2281
Y -0.6337 0.7589 -0.1504
Z -0.0833 -0.2602 -0.9619

PART 7
OFFSET 4.5775 -8.9411 -5.9193
SCALE 1 1 1
X -0.3872 -0.9185 -0.0801
Y 0.9122 -0.3943 0.1114
Z -0.1339 -0.0299 0.9905

PART 8
OFFSET 5.3340 -7.1467 -5.7628
SCALE 1 1 1
X 0.6888 -0.7215 0.0708
Y 0.7177 0.6924 0.0746
Z -0.1029 -0.0006 0.9947

PART 9
OFFSET 4.3280 -6.0928 -5.8663
SCALE 1 1 1
X 0.9919 0.1007 0.0776
Y -0.0959 0.9934 -0.0628
Z -0.0834 0.0549 0.9950

PART 10
OFFSET 3.2051 -6.2065 -5.9612
SCALE 1 1 1
X -0.6940 -0.7152 -0.0829
Y -0.7161 0.6976 -0.0235
