// Export filename: `C:/cod5/cod/cod5/xanim_export/viewmodel/US/30cal/viewmodel_30cal_first_raise.XANIM_EXPORT`
// Source filename: `C:/cod5/cod/cod5/animation_assets/viewmodel/US/30_cal/viewmodelanimation_30_cal.mb`
// Export time: Fri Jul 25 17:00:51 2008

ANIMATION
VERSION 3

NUMPARTS 96
PART 0 "RingPalm_FK_LE"
PART 1 "RingPalm_SDK_LE"
PART 2 "J_Webbing_RI"
PART 3 "J_Index_RI_0"
PART 4 "J_Index_RI_1"
PART 5 "J_Index_RI_2"
PART 6 "J_Index_RI_3"
PART 7 "J_Mid_RI_0"
PART 8 "J_Mid_RI_1"
PART 9 "J_Mid_RI_2"
PART 10 "J_Mid_RI_3"
PART 11 "tag_cambone"
PART 12 "tag_camera"
PART 13 "tag_gasmask"
PART 14 "J_Index_LE_3"
PART 15 "J_Mid_LE_0"
PART 16 "J_Mid_LE_1"
PART 17 "J_Mid_LE_2"
PART 18 "J_Mid_LE_3"
PART 19 "tag_weapon"
PART 20 "J_Shoulder_RI"
PART 21 "J_Elbow_RI"
PART 22 "J_WristTwist_RI"
PART 23 "J_Sleave_Reshape_Top_RI_3"
PART 24 "J_Sleave_Reshape_Top_RI_2"
PART 25 "J_Sleave_Reshape_Top_RI_1"
PART 26 "J_Wrist_RI"
PART 27 "J_Thumb_RI_0"
PART 28 "J_Thumb_RI_1"
PART 29 "J_Thumb_RI_2"
PART 30 "J_Thumb_RI_3"
PART 31 "J_PinkyPalm_RI"
PART 32 "J_Pinky_RI_0"
PART 33 "J_Pinky_RI_1"
PART 34 "J_Pinky_RI_2"
PART 35 "J_Pinky_RI_3"
PART 36 "J_RingPalm_RI"
PART 37 "J_Ring_RI_0"
PART 38 "J_Ring_RI_1"
PART 39 "J_Ring_RI_2"
PART 40 "J_Ring_RI_3"
PART 41 "RingPalm_FK_RI"
PART 42 "RingPalm_SDK_RI"
PART 43 "tag_torso"
PART 44 "J_Shoulder_LE"
PART 45 "J_Elbow_LE"
PART 46 "J_WristTwist_LE"
PART 47 "J_Sleave_Reshape_Bottom_LE_1"
PART 48 "J_Sleave_Reshape_Bottom_LE_2"
PART 49 "J_Sleave_Reshape_Top_LE_1"
PART 50 "J_Sleave_Reshape_Top_LE_2"
PART 51 "J_Sleave_Reshape_Top_LE_3"
PART 52 "J_Wrist_LE"
PART 53 "J_Thumb_LE_0"
PART 54 "J_Thumb_LE_1"
PART 55 "J_Thumb_LE_2"
PART 56 "J_Thumb_LE_3"
PART 57 "J_PinkyPalm_LE"
PART 58 "J_Pinky_LE_0"
PART 59 "J_Pinky_LE_1"
PART 60 "J_Pinky_LE_2"
PART 61 "J_Pinky_LE_3"
PART 62 "J_RingPalm_LE"
PART 63 "J_Ring_LE_0"
PART 64 "J_Ring_LE_1"
PART 65 "J_Ring_LE_2"
PART 66 "J_Ring_LE_3"
PART 67 "J_Webbing_LE"
PART 68 "J_Index_LE_0"
PART 69 "J_Index_LE_1"
PART 70 "J_Index_LE_2"
PART 71 "J_Gun"
PART 72 "J_Bolt"
PART 73 "J_Clip"
PART 74 "tag_bipod"
PART 75 "tag_top"
PART 76 "ammo01_jnt"
PART 77 "ammo02_jnt"
PART 78 "ammo03_jnt"
PART 79 "ammo04_jnt"
PART 80 "ammo05_jnt"
PART 81 "ammo06_jnt"
PART 82 "ammo07_jnt"
PART 83 "ammo08_jnt"
PART 84 "ammo09_jnt"
PART 85 "ammo10_jnt"
PART 86 "ammo11_jnt"
PART 87 "ammo12_jnt"
PART 88 "ammo13_jnt"
PART 89 "ammo14_jnt"
PART 90 "ammo15_jnt"
PART 91 "ammo16_jnt"
PART 92 "ammo17_jnt"
PART 93 "ammo18_jnt"
PART 94 "ammo19_jnt"
PART 95 "ammo20_jnt"

FRAMERATE 30
NUMFRAMES 61

FRAME 300
PART 0
OFFSET 2.2688 0.1942 -18.1654
SCALE 1 1 1
X 0.2709 -0.9543 -0.1262
Y 0.1905 -0.0753 0.9788
Z -0.9436 -0.2892 0.1614

PART 1
OFFSET 2.2688 0.1942 -18.1654
SCALE 1 1 1
X 0.2709 -0.9543 -0.1262
Y 0.1905 -0.0753 0.9788
Z -0.9436 -0.2892 0.1614

PART 2
OFFSET -14.2710 -5.8983 -2.1580
SCALE 1 1 1
X -0.7972 -0.3213 0.5112
Y -0.3712 0.9285 0.0048
Z -0.4762 -0.1860 -0.8595

PART 3
OFFSET -6.7344 -5.2198 -4.9351
SCALE 1 1 1
X -0.5287 -0.7955 0.2960
Y 0.7704 -0.5961 -0.2261
Z 0.3563 0.1085 0.9280

PART 4
OFFSET -5.8035 -3.8191 -5.4563
SCALE 1 1 1
X 0.5409 -0.8394 -0.0536
Y 0.7792 0.5241 -0.3437
Z 0.3166 0.1441 0.9375

PART 5
OFFSET -6.4418 -2.7899 -5.3341
SCALE 1 1 1
X 0.8879 0.2571 -0.3814
Y -0.2742 0.9616 0.0099
Z 0.3693 0.0958 0.9244

PART 6
OFFSET -7.4447 -3.0804 -4.9033
SCALE 1 1 1
X 0.0624 -0.9248 0.3752
Y -0.9703 0.0318 0.2397
Z -0.2336 -0.3790 -0.8954

PART 7
OFFSET -7.2056 -5.1393 -5.9311
SCALE 1 1 1
X -0.2748 -0.9508 0.1434
Y 0.9272 -0.3015 -0.2222
Z 0.2545 0.0719 0.9644

PART 8
OFFSET -6.6688 -3.2820 -6.2112
SCALE 1 1 1
X 0.8704 -0.4463 -0.2078
Y 0.4042 0.8888 -0.2159
Z 0.2810 0.1040 0.9540

PART 9
OFFSET -7.9401 -2.6300 -5.9078
SCALE 1 1 1
X 0.7303 0.6043 -0.3185
Y -0.6237 0.7801 0.0499
Z 0.2786 0.1622 0.9466

PART 10
OFFSET -8.7696 -3.3150 -5.5536
SCALE 1 1 1
X -0.1794 -0.9720 0.1519
Y -0.9240 0.2195 0.3131
Z -0.3377 -0.0841 -0.9375

PART 11
OFFSET 0.0000 0.0000 0.0000
SCALE 1 1 1
X 1.0000 0.0000 0.0000
Y 0.0000 1.0000 0.0000
Z 0.0000 0.0000 1.0000

PART 12
OFFSET 0.0000 0.0000 0.0000
SCALE 1 1 1
X 1.0000 0.0000 0.0000
Y 0.0000 1.0000 0.0000
Z 0.0000 0.0000 1.0000

PART 13
OFFSET 0.0000 0.0000 0.0000
SCALE 1 1 1
X 1.0000 0.0000 0.0000
Y 0.0000 1.0000 0.0000
Z 0.0000 0.0000 1.0000

PART 14
OFFSET 6.6153 -4.0058 -16.8127
SCALE 1 1 1
X -0.2312 -0.3990 -0.8873
Y -0.4491 0.8528 -0.2664
Z 0.8630 0.3369 -0.3764

PART 15
OFFSET 3.7485 -1.9735 -18.9405
SCALE 1 1 1
X 0.4986 -0.5870 0.6378
Y -0.2466 0.6093 0.7536
Z -0.8310 -0.5330 0.1591

PART 16
OFFSET 4.7226 -3.1203 -17.6946
SCALE 1 1 1
X 0.4303 -0.5194 0.7383
Y -0.2921 0.6938 0.6583
Z -0.8541 -0.4990 0.1468

PART 17
OFFSET 5.3511 -3.8789 -16.6162
SCALE 1 1 1
X 0.3889 -0.4801 0.7863
Y -0.2747 0.7542 0.5964
Z -0.8794 -0.4479 0.1615

PART 18
OFFSET 5.7856 -4.4263 -15.7249
SCALE 1 1 1
X -0.0666 -0.0850 -0.9942
Y -0.5249 0.8504 -0.0376
Z 0.8486 0.5193 -0.1012

PART 19
OFFSET -2.0649 -2.5885 -6.1803
SCALE 1 1 1
X 0.9391 0.0615 -0.3382
Y -0.0890 0.9938 -0.0663
Z 0.3320 0.0923 0.9388

PART 20
OFFSET -15.2296 -7.9373 -3.1869
SCALE 1 1 1
X 0.0252 -0.2580 0.9658
Y -0.0583 -0.9649 -0.2562
Z 0.9980 -0.0499 -0.0394

PART 21
OFFSET -15.5345 -4.8175 -14.8675
SCALE 1 1 1
X -0.4195 0.0301 -0.9072
Y 0.7834 0.5169 -0.3451
Z 0.4585 -0.8555 -0.2405

PART 22
OFFSET -11.9661 -5.0739 -7.1511
SCALE 1 1 1
X -0.4195 0.0301 -0.9072
Y 0.9073 0.0446 -0.4181
Z 0.0279 -0.9985 -0.0461

PART 23
OFFSET -12.5985 -4.3089 -5.2471
SCALE 1 1 1
X -0.4255 0.0294 -0.9045
Y -0.4686 0.8479 0.2480
Z 0.7742 0.5293 -0.3470

PART 24
OFFSET -12.9920 -5.1803 -4.6726
SCALE 1 1 1
X -0.4255 0.0294 -0.9045
Y -0.4686 0.8479 0.2480
Z 0.7742 0.5293 -0.3470

PART 25
OFFSET -11.5608 -6.3035 -5.2624
SCALE 1 1 1
X -0.4255 0.0294 -0.9045
Y -0.4686 0.8479 0.2480
Z 0.7742 0.5293 -0.3470

PART 26
OFFSET -10.6799 -5.1662 -4.3698
SCALE 1 1 1
X -0.9408 -0.0649 0.3328
Y -0.3272 -0.0839 -0.9412
Z 0.0890 -0.9944 0.0577

PART 27
OFFSET -9.9776 -4.6479 -3.6349
SCALE 1 1 1
X -0.7794 -0.5543 -0.2920
Y 0.1215 0.3235 -0.9384
Z 0.6146 -0.7669 -0.1848

PART 28
OFFSET -8.3420 -3.4413 -2.9008
SCALE 1 1 1
X -0.8217 -0.4358 0.3673
Y -0.3169 -0.1863 -0.9300
Z 0.4737 -0.8806 0.0150

PART 29
OFFSET -7.0874 -2.6503 -3.5508
SCALE 1 1 1
X -0.5053 -0.4221 0.7527
Y -0.6607 -0.3718 -0.6521
Z 0.5551 -0.8268 -0.0910

PART 30
OFFSET -6.5551 -2.1498 -4.3495
SCALE 1 1 1
X -0.8657 0.1429 0.4797
Y 0.0679 0.9830 -0.1704
Z -0.4959 -0.1150 -0.8608

PART 31
OFFSET -10.2521 -5.0002 -5.6709
SCALE 1 1 1
X -0.5808 -0.0480 0.8126
Y 0.1619 -0.9851 0.0575
Z 0.7978 0.1650 0.5799

PART 32
OFFSET -8.8509 -4.7475 -7.4194
SCALE 1 1 1
X -0.6760 -0.6960 0.2423
Y 0.6340 -0.7168 -0.2901
Z 0.3756 -0.0424 0.9258

PART 33
OFFSET -7.8938 -3.7622 -7.7625
SCALE 1 1 1
X 0.6797 -0.6790 -0.2775
Y 0.6573 0.7317 -0.1803
Z 0.3255 -0.0599 0.9437

PART 34
OFFSET -8.4965 -3.1602 -7.5164
SCALE 1 1 1
X 0.8983 0.2683 -0.3480
Y -0.2484 0.9633 0.1016
Z 0.3625 -0.0048 0.9320

PART 35
OFFSET -9.3499 -3.4152 -7.1859
SCALE 1 1 1
X -0.5835 -0.8093 0.0676
Y -0.7198 0.5540 0.4184
Z -0.3760 0.1955 -0.9058

PART 36
OFFSET -9.8154 -5.0691 -5.1105
SCALE 1 1 1
X -0.7943 -0.0420 0.6061
Y 0.1225 -0.9882 0.0921
Z 0.5951 0.1474 0.7900

PART 37
OFFSET -7.8396 -5.0038 -6.7989
SCALE 1 1 1
X -0.3495 -0.9079 0.2313
Y 0.8260 -0.4151 -0.3814
Z 0.4423 0.0577 0.8950

PART 38
OFFSET -7.2445 -3.4581 -7.1926
SCALE 1 1 1
X 0.8405 -0.3861 -0.3801
Y 0.3350 0.9217 -0.1956
Z 0.4258 0.0371 0.9040

PART 39
OFFSET -8.4094 -2.9230 -6.6659
SCALE 1 1 1
X 0.6095 0.7279 -0.3141
Y -0.6721 0.6846 0.2822
Z 0.4204 0.0391 0.9065

PART 40
OFFSET -9.0705 -3.7124 -6.3252
SCALE 1 1 1
X -0.0948 -0.9855 0.1407
Y -0.9174 0.1414 0.3720
Z -0.3865 -0.0938 -0.9175

PART 41
OFFSET -9.8154 -5.0691 -5.1105
SCALE 1 1 1
X -0.7943 -0.0420 0.6061
Y 0.1225 -0.9882 0.0921
Z 0.5951 0.1474 0.7900

PART 42
OFFSET -9.8154 -5.0691 -5.1105
SCALE 1 1 1
X -0.7943 -0.0420 0.6061
Y 0.1225 -0.9882 0.0921
Z 0.5951 0.1474 0.7900

PART 43
OFFSET 3.7075 0.0000 -1.3770
SCALE 1 1 1
X 1.0000 0.0000 0.0000
Y 0.0000 1.0000 0.0000
Z 0.0000 0.0000 1.0000

PART 44
OFFSET -14.4759 7.9373 -3.1869
SCALE 1 1 1
X 0.7111 -0.0968 -0.6964
Y -0.5673 -0.6642 -0.4869
Z -0.4154 0.7413 -0.5272

PART 45
OFFSET -5.8758 6.7662 -11.6089
SCALE 1 1 1
X 0.6808 -0.4722 -0.5599
Y -0.2163 -0.8600 0.4622
Z -0.6998 -0.1935 -0.6877

PART 46
OFFSET -0.0851 2.7501 -16.3713
SCALE 1 1 1
X 0.6808 -0.4722 -0.5599
Y 0.5522 0.8332 -0.0312
Z 0.4812 -0.2879 0.8280

PART 47
OFFSET 2.3086 3.0173 -16.1803
SCALE 1 1 1
X 0.6840 -0.4665 -0.5608
Y 0.7009 0.2072 0.6825
Z -0.2022 -0.8599 0.4687

PART 48
OFFSET 0.3659 3.2097 -18.0216
SCALE 1 1 1
X 0.6840 -0.4665 -0.5608
Y 0.7009 0.2072 0.6825
Z -0.2022 -0.8599 0.4687

PART 49
OFFSET 1.9762 0.9572 -15.7805
SCALE 1 1 1
X 0.6840 -0.4665 -0.5608
Y 0.7009 0.2072 0.6825
Z -0.2022 -0.8599 0.4687

PART 50
OFFSET 0.7284 0.6389 -16.8514
SCALE 1 1 1
X 0.6840 -0.4665 -0.5608
Y 0.7009 0.2072 0.6825
Z -0.2022 -0.8599 0.4687

PART 51
OFFSET -0.6054 0.6582 -17.8088
SCALE 1 1 1
X 0.6840 -0.4665 -0.5608
Y 0.7009 0.2072 0.6825
Z -0.2022 -0.8599 0.4687

PART 52
OFFSET 2.0021 1.3025 -18.0878
SCALE 1 1 1
X 0.5431 -0.8180 -0.1896
Y 0.8055 0.5713 -0.1576
Z 0.2373 -0.0671 0.9691

PART 53
OFFSET 3.1211 1.4584 -17.9273
SCALE 1 1 1
X 0.9649 0.2607 0.0325
Y -0.1933 0.7882 -0.5843
Z -0.1779 0.5575 0.8109

PART 54
OFFSET 5.1740 2.1307 -17.8704
SCALE 1 1 1
X 0.9850 0.1649 -0.0519
Y -0.1722 0.9115 -0.3735
Z -0.0143 0.3768 0.9262

PART 55
OFFSET 6.7728 2.3847 -17.8282
SCALE 1 1 1
X 0.9752 0.2100 0.0697
Y -0.1605 0.8881 -0.4307
Z -0.1523 0.4088 0.8998

PART 56
OFFSET 7.8177 2.6456 -17.7190
SCALE 1 1 1
X 0.7847 0.0754 -0.6153
Y -0.3994 -0.6976 -0.5948
Z -0.4741 0.7125 -0.5172

PART 57
OFFSET 1.6472 -0.0149 -17.8836
SCALE 1 1 1
X -0.0043 -0.9997 -0.0238
Y 0.1793 -0.0242 0.9835
Z -0.9838 -0.0000 0.1793

PART 58
OFFSET 1.8028 -2.2641 -17.8427
SCALE 1 1 1
X 0.2689 -0.9326 0.2405
Y 0.1518 0.2876 0.9456
Z -0.9511 -0.2178 0.2189

PART 59
OFFSET 2.1835 -3.5845 -17.5021
SCALE 1 1 1
X 0.3359 -0.6224 0.7070
Y -0.0627 0.7341 0.6761
Z -0.9398 -0.2714 0.2076

PART 60
OFFSET 2.4813 -4.1363 -16.8753
SCALE 1 1 1
X 0.2342 0.0781 0.9690
Y -0.2287 0.9732 -0.0231
Z -0.9449 -0.2163 0.2458

PART 61
OFFSET 2.7039 -4.0622 -15.9547
SCALE 1 1 1
X 0.1011 -0.6394 -0.7622
Y -0.4428 0.6572 -0.6100
Z 0.8909 0.3992 -0.2167

PART 62
OFFSET 2.2688 0.1942 -18.1654
SCALE 1 1 1
X 0.2709 -0.9543 -0.1262
Y 0.1905 -0.0753 0.9788
Z -0.9436 -0.2892 0.1614

PART 63
OFFSET 2.8276 -2.3238 -18.4905
SCALE 1 1 1
X 0.3906 -0.6695 0.6318
Y -0.1103 0.6473 0.7542
Z -0.9139 -0.3643 0.1790

PART 64
OFFSET 3.4926 -3.4637 -17.4149
SCALE 1 1 1
X 0.3572 -0.4255 0.8315
Y -0.2415 0.8179 0.5222
Z -0.9023 -0.3874 0.1894

PART 65
OFFSET 3.9876 -4.0534 -16.2625
SCALE 1 1 1
X 0.2832 -0.2190 0.9337
Y -0.3192 0.8966 0.3070
Z -0.9044 -0.3850 0.1840

PART 66
OFFSET 4.2947 -4.2908 -15.2498
SCALE 1 1 1
X -0.0941 -0.3517 -0.9314
Y -0.3847 0.8757 -0.2918
Z 0.9182 0.3308 -0.2177

PART 67
OFFSET 5.0824 -0.3479 -18.4031
SCALE 1 1 1
X 0.4212 -0.8988 0.1216
Y -0.0375 -0.1512 -0.9878
Z 0.9062 0.4115 -0.0974

PART 68
OFFSET 4.6377 -1.4289 -19.3056
SCALE 1 1 1
X 0.4595 -0.6491 0.6062
Y -0.2157 0.5805 0.7852
Z -0.8616 -0.4916 0.1267

PART 69
OFFSET 5.4468 -2.5719 -18.2384
SCALE 1 1 1
X 0.4251 -0.5889 0.6873
Y -0.3090 0.6193 0.7218
Z -0.8507 -0.5192 0.0813

PART 70
OFFSET 6.0153 -3.2562 -17.4077
SCALE 1 1 1
X 0.5312 -0.6636 0.5268
Y -0.1925 0.5110 0.8378
Z -0.8251 -0.5464 0.1437

PART 71
OFFSET -2.0649 -2.5885 -6.1803
SCALE 1 1 1
X 0.9391 0.0615 -0.3382
Y -0.0890 0.9938 -0.0663
Z 0.3320 0.0923 0.9388

PART 72
OFFSET 0.6008 -3.8039 -5.5811
SCALE 1 1 1
X 0.9457 0.0634 -0.3189
Y -0.0890 0.9938 -0.0663
Z 0.3127 0.0910 0.9455

PART 73
OFFSET 2.6846 -0.7903 -6.0951
SCALE 1 1 1
X 0.9391 0.0615 -0.3382
Y -0.0890 0.9938 -0.0663
Z 0.3320 0.0923 0.9388

PART 74
OFFSET 21.0675 -1.0494 -14.1517
SCALE 1 1 1
X -0.1066 -0.0756 -0.9914
Y -0.0890 0.9938 -0.0663
Z 0.9903 0.0811 -0.1127

PART 75
OFFSET 5.1421 -1.9510 -6.2935
SCALE 1 1 1
X 0.9391 0.0615 -0.3382
Y -0.0890 0.9938 -0.0663
Z 0.3320 0.0923 0.9388

PART 76
OFFSET 2.4581 -1.2476 -6.1308
SCALE 1 1 1
X 0.3320 0.0923 0.9388
Y -0.0890 0.9938 -0.0663
Z -0.9391 -0.0615 0.3382

PART 77
OFFSET 2.3482 -0.7956 -6.3521
SCALE 1 1 1
X 0.1799 0.7512 0.6351
Y -0.2960 0.6570 -0.6933
Z -0.9381 -0.0633 0.3405

PART 78
OFFSET 2.1691 -0.4900 -6.7839
SCALE 1 1 1
X 0.1272 0.8555 0.5019
Y -0.3291 0.5138 -0.7923
Z -0.9357 -0.0644 0.3469

PART 79
OFFSET 1.9868 -0.1375 -7.2015
SCALE 1 1 1
X 0.2179 0.6820 0.6982
Y -0.2905 0.7283 -0.6207
Z -0.9317 -0.0676 0.3568

PART 80
OFFSET 1.8400 0.3326 -7.4946
SCALE 1 1 1
X 0.3057 0.4526 0.8377
Y -0.2174 0.8897 -0.4014
Z -0.9270 -0.0594 0.3704

PART 81
OFFSET 1.7396 0.8687 -7.6671
SCALE 1 1 1
X 0.3841 0.2383 0.8920
Y -0.1302 0.9704 -0.2032
Z -0.9140 -0.0381 0.4038

PART 82
OFFSET 1.6852 1.4251 -7.7429
SCALE 1 1 1
X 0.4563 0.1183 0.8819
Y -0.0767 0.9927 -0.0934
Z -0.8865 -0.0250 0.4620

PART 83
OFFSET 1.6349 2.0012 -7.8064
SCALE 1 1 1
X 0.5047 0.1855 0.8431
Y -0.1096 0.9825 -0.1505
Z -0.8563 -0.0164 0.5162

PART 84
OFFSET 1.5382 2.6058 -7.9539
SCALE 1 1 1
X 0.5081 0.3720 0.7768
Y -0.1946 0.9282 -0.3173
Z -0.8391 0.0100 0.5440

PART 85
OFFSET 1.3876 3.2102 -8.2187
SCALE 1 1 1
X 0.4886 0.5178 0.7023
Y -0.2434 0.8538 -0.4602
Z -0.8379 0.0539 0.5432

PART 86
OFFSET 1.2185 3.7480 -8.5708
SCALE 1 1 1
X 0.4559 0.6460 0.6122
Y -0.2597 0.7545 -0.6027
Z -0.8513 0.1158 0.5118

PART 87
OFFSET 1.0560 4.1601 -8.9831
SCALE 1 1 1
X 0.3920 0.7933 0.4659
Y -0.2849 0.5862 -0.7584
Z -0.8748 0.1645 0.4558

PART 88
OFFSET 0.8759 4.4230 -9.4508
SCALE 1 1 1
X 0.2785 0.9320 0.2320
Y -0.3556 0.3245 -0.8765
Z -0.8922 0.1616 0.4218

PART 89
OFFSET 0.6439 4.5240 -9.9738
SCALE 1 1 1
X 0.1467 0.9888 -0.0268
Y -0.4290 0.0392 -0.9025
Z -0.8913 0.1438 0.4299

PART 90
OFFSET 0.3747 4.4944 -10.5374
SCALE 1 1 1
X 0.0773 0.9847 -0.1561
Y -0.4190 -0.1099 -0.9013
Z -0.9047 0.1351 0.4041

PART 91
OFFSET 0.1320 4.4097 -11.1119
SCALE 1 1 1
X 0.0502 0.9845 -0.1678
Y -0.3387 -0.1413 -0.9302
Z -0.9396 0.1035 0.3264

PART 92
OFFSET -0.0379 4.3275 -11.6737
SCALE 1 1 1
X 0.0040 0.9885 -0.1515
Y -0.2434 -0.1460 -0.9589
Z -0.9699 0.0407 0.2400

PART 93
OFFSET -0.1670 4.2273 -12.2252
SCALE 1 1 1
X -0.0789 0.9766 -0.1999
Y -0.2180 -0.2125 -0.9525
Z -0.9728 -0.0316 0.2297

PART 94
OFFSET -0.3043 4.0761 -12.7719
SCALE 1 1 1
X -0.1361 0.9593 -0.2475
Y -0.2591 -0.2756 -0.9257
Z -0.9562 -0.0619 0.2860

PART 95
OFFSET -0.4477 4.0047 -13.2353
SCALE 1 1 1
X 0.0013 0.9846 0.1751
Y -0.3256 0.1660 -0.9308
Z -0.9455 -0.0558 0.3208


FRAME 301
PART 0
OFFSET 2.3142 0.2303 -17.6504
SCALE 1 1 1
X 0.2784 -0.9512 -0.1327
Y 0.1702 -0.0871 0.9815
Z -0.9453 -0.2959 0.1376

PART 1
OFFSET 2.3142 0.2303 -17.6504
SCALE 1 1 1
X 0.2784 -0.9512 -0.1327
Y 0.1702 -0.0871 0.9815
Z -0.9453 -0.2959 0.1376

PART 2
OFFSET -14.2579 -5.9050 -1.7619
SCALE 1 1 1
X -0.7976 -0.3216 0.5102
Y -0.3715 0.9284 0.0044
Z -0.4751 -0.1860 -0.8600

PART 3
OFFSET -6.7182 -5.2236 -4.5301
SCALE 1 1 1
X -0.5288 -0.7957 0.2953
Y 0.7708 -0.5959 -0.2253
Z 0.3552 0.1085 0.9285

PART 4
OFFSET -5.7871 -3.8226 -5.0500
SCALE 1 1 1
X 0.5412 -0.8392 -0.0531
Y 0.7795 0.5244 -0.3427
Z 0.3155 0.1441 0.9379

PART 5
OFFSET -6.4259 -2.7937 -4.9285
SCALE 1 1 1
X 0.8883 0.2575 -0.3803
Y -0.2746 0.9615 0.0097
Z 0.3682 0.0958 0.9248

PART 6
OFFSET -7.4293 -3.0845 -4.4989
SCALE 1 1 1
X 0.0622 -0.9249 0.3752
Y -0.9706 0.0315 0.2386
Z -0.2324 -0.3790 -0.8957

PART 7
OFFSET -7.1883 -5.1432 -5.5266
SCALE 1 1 1
X -0.2746 -0.9509 0.1429
Y 0.9276 -0.3012 -0.2212
Z 0.2534 0.0718 0.9647

PART 8
OFFSET -6.6517 -3.2857 -5.8058
SCALE 1 1 1
X 0.8708 -0.4460 -0.2068
Y 0.4042 0.8890 -0.2154
Z 0.2799 0.1039 0.9544

PART 9
OFFSET -7.9236 -2.6341 -5.5038
SCALE 1 1 1
X 0.7305 0.6046 -0.3176
Y -0.6240 0.7798 0.0493
Z 0.2775 0.1622 0.9469

PART 10
OFFSET -8.7533 -3.3195 -5.1508
SCALE 1 1 1
X -0.1793 -0.9721 0.1515
Y -0.9244 0.2191 0.3121
Z -0.3366 -0.0841 -0.9379

PART 11
OFFSET 0.0000 0.0000 0.0000
SCALE 1 1 1
X 1.0000 0.0000 0.0000
Y 0.0000 1.0000 0.0000
Z 0.0000 0.0000 1.0000

PART 12
OFFSET 0.0000 0.0000 0.0000
SCALE 1 1 1
X 1.0000 0.0000 0.0000
Y 0.0000 1.0000 0.0000
Z 0.0000 0.0000 1.0000

PART 13
OFFSET 0.0000 0.0000 0.0000
SCALE 1 1 1
X 1.0000 0.0000 0.0000
Y 0.0000 1.0000 0.0000
Z 0.0000 0.0000 1.0000

PART 14
OFFSET 6.6642 -3.9780 -16.2801
SCALE 1 1 1
X -0.2085 -0.3943 -0.8950
Y -0.4479 0.8520 -0.2710
Z 0.8694 0.3444 -0.3542

PART 15
OFFSET 3.8210 -1.9199 -18.4221
SCALE 1 1 1
X 0.4880 -0.5927 0.6407
Y -0.2657 0.5984 0.7559
Z -0.8314 -0.5391 0.1346

PART 16
OFFSET 4.7744 -3.0778 -17.1704
SCALE 1 1 1
X 0.4135 -0.5184 0.7485
Y -0.3146 0.6901 0.6518
Z -0.8544 -0.5050 0.1223

PART 17
OFFSET 5.3784 -3.8350 -16.0771
SCALE 1 1 1
X 0.3678 -0.4727 0.8008
Y -0.2993 0.7552 0.5832
Z -0.8804 -0.4542 0.1363

PART 18
OFFSET 5.7890 -4.3741 -15.1696
SCALE 1 1 1
X -0.0346 -0.0909 -0.9953
Y -0.5301 0.8459 -0.0588
Z 0.8472 0.5256 -0.0775

PART 19
OFFSET -2.0481 -2.5907 -5.7695
SCALE 1 1 1
X 0.9395 0.0619 -0.3371
Y -0.0892 0.9938 -0.0662
Z 0.3309 0.0923 0.9392

PART 20
OFFSET -15.2138 -7.9373 -3.1869
SCALE 1 1 1
X -0.0306 -0.2975 0.9542
Y -0.0435 -0.9534 -0.2986
Z 0.9986 -0.0507 0.0162

PART 21
OFFSET -14.8436 -4.3394 -14.7273
SCALE 1 1 1
X -0.3612 0.0719 -0.9297
Y 0.8045 0.5282 -0.2717
Z 0.4716 -0.8460 -0.2486

PART 22
OFFSET -11.7717 -4.9510 -6.8196
SCALE 1 1 1
X -0.3612 0.0719 -0.9297
Y 0.9322 0.0535 -0.3580
Z 0.0240 -0.9960 -0.0864

PART 23
OFFSET -12.5243 -4.2638 -4.9263
SCALE 1 1 1
X -0.3673 0.0711 -0.9274
Y -0.4821 0.8382 0.2552
Z 0.7954 0.5408 -0.2736

PART 24
OFFSET -12.9555 -5.1561 -4.4165
SCALE 1 1 1
X -0.3673 0.0711 -0.9274
Y -0.4821 0.8382 0.2552
Z 0.7954 0.5408 -0.2736

PART 25
OFFSET -11.4819 -6.2600 -4.9676
SCALE 1 1 1
X -0.3673 0.0711 -0.9274
Y -0.4821 0.8382 0.2552
Z 0.7954 0.5408 -0.2736

PART 26
OFFSET -10.6644 -5.1715 -3.9694
SCALE 1 1 1
X -0.9411 -0.0652 0.3317
Y -0.3260 -0.0839 -0.9416
Z 0.0892 -0.9943 0.0577

PART 27
OFFSET -9.9631 -4.6530 -3.2336
SCALE 1 1 1
X -0.7789 -0.5545 -0.2930
Y 0.1225 0.3237 -0.9382
Z 0.6151 -0.7667 -0.1841

PART 28
OFFSET -8.3288 -3.4460 -2.4974
SCALE 1 1 1
X -0.8220 -0.4361 0.3663
Y -0.3157 -0.1863 -0.9304
Z 0.4740 -0.8804 0.0155

PART 29
OFFSET -7.0737 -2.6545 -3.1459
SCALE 1 1 1
X -0.5061 -0.4223 0.7520
Y -0.6598 -0.3720 -0.6529
Z 0.5555 -0.8266 -0.0904

PART 30
OFFSET -6.5406 -2.1536 -3.9439
SCALE 1 1 1
X -0.8663 0.1425 0.4787
Y 0.0677 0.9831 -0.1702
Z -0.4948 -0.1150 -0.8613

PART 31
OFFSET -10.2352 -5.0052 -5.2700
SCALE 1 1 1
X -0.5817 -0.0483 0.8120
Y 0.1622 -0.9851 0.0576
Z 0.7971 0.1652 0.5809

PART 32
OFFSET -8.8319 -4.7518 -7.0168
SCALE 1 1 1
X -0.6760 -0.6962 0.2415
Y 0.6346 -0.7166 -0.2894
Z 0.3745 -0.0424 0.9262

PART 33
OFFSET -7.8748 -3.7661 -7.3586
SCALE 1 1 1
X 0.6803 -0.6787 -0.2768
Y 0.6573 0.7320 -0.1794
Z 0.3244 -0.0599 0.9440

PART 34
OFFSET -8.4780 -3.1644 -7.1132
SCALE 1 1 1
X 0.8986 0.2687 -0.3469
Y -0.2488 0.9632 0.1014
Z 0.3614 -0.0048 0.9324

PART 35
OFFSET -9.3317 -3.4196 -6.7837
SCALE 1 1 1
X -0.5833 -0.8095 0.0668
Y -0.7205 0.5537 0.4176
Z -0.3750 0.1955 -0.9062

PART 36
OFFSET -9.7990 -5.0739 -4.7091
SCALE 1 1 1
X -0.7950 -0.0423 0.6052
Y 0.1227 -0.9882 0.0921
Z 0.5941 0.1475 0.7908

PART 37
OFFSET -7.8213 -5.0079 -6.3951
SCALE 1 1 1
X -0.3495 -0.9081 0.2308
Y 0.8266 -0.4148 -0.3804
Z 0.4412 0.0578 0.8956

PART 38
OFFSET -7.2263 -3.4619 -6.7880
SCALE 1 1 1
X 0.8411 -0.3858 -0.3791
Y 0.3349 0.9218 -0.1951
Z 0.4248 0.0371 0.9045

PART 39
OFFSET -8.3920 -2.9272 -6.2625
SCALE 1 1 1
X 0.6097 0.7281 -0.3133
Y -0.6727 0.6843 0.2815
Z 0.4194 0.0391 0.9070

PART 40
OFFSET -9.0532 -3.7169 -5.9227
SCALE 1 1 1
X -0.0946 -0.9855 0.1405
Y -0.9179 0.1410 0.3709
Z -0.3854 -0.0939 -0.9180

PART 41
OFFSET -9.7990 -5.0739 -4.7091
SCALE 1 1 1
X -0.7950 -0.0423 0.6052
Y 0.1227 -0.9882 0.0921
Z 0.5941 0.1475 0.7908

PART 42
OFFSET -9.7990 -5.0739 -4.7091
SCALE 1 1 1
X -0.7950 -0.0423 0.6052
Y 0.1227 -0.9882 0.0921
Z 0.5941 0.1475 0.7908

PART 43
OFFSET 3.7075 0.0000 -1.3770
SCALE 1 1 1
X 1.0000 0.0000 0.0000
Y 0.0000 1.0000 0.0000
Z 0.0000 0.0000 1.0000

PART 44
OFFSET -14.4440 7.9373 -3.1869
SCALE 1 1 1
X 0.7162 -0.0410 -0.6967
Y -0.5345 -0.6742 -0.5097
Z -0.4488 0.7374 -0.5047

PART 45
OFFSET -5.7829 7.4415 -11.6132
SCALE 1 1 1
X 0.6761 -0.5276 -0.5143
Y -0.2621 -0.8246 0.5014
Z -0.6886 -0.2042 -0.6958

PART 46
OFFSET -0.0324 2.9538 -15.9876
SCALE 1 1 1
X 0.6761 -0.5276 -0.5143
Y 0.6023 0.7978 -0.0267
Z 0.4244 -0.2917 0.8572

PART 47
OFFSET 2.3641 3.1399 -15.7435
SCALE 1 1 1
X 0.6795 -0.5221 -0.5154
Y 0.6904 0.2175 0.6900
Z -0.2482 -0.8247 0.5083

PART 48
OFFSET 0.4794 3.3049 -17.6468
SCALE 1 1 1
X 0.6795 -0.5221 -0.5154
Y 0.6904 0.2175 0.6900
Z -0.2482 -0.8247 0.5083

PART 49
OFFSET 1.9403 1.1189 -15.2433
SCALE 1 1 1
X 0.6795 -0.5221 -0.5154
Y 0.6904 0.2175 0.6900
Z -0.2482 -0.8247 0.5083

PART 50
OFFSET 0.7093 0.7901 -16.3305
SCALE 1 1 1
X 0.6795 -0.5221 -0.5154
Y 0.6904 0.2175 0.6900
Z -0.2482 -0.8247 0.5083

PART 51
OFFSET -0.5971 0.8076 -17.3248
SCALE 1 1 1
X 0.6795 -0.5221 -0.5154
Y 0.6904 0.2175 0.6900
Z -0.2482 -0.8247 0.5083

PART 52
OFFSET 2.0402 1.3362 -17.5642
SCALE 1 1 1
X 0.5512 -0.8128 -0.1886
Y 0.8056 0.5772 -0.1332
Z 0.2171 -0.0786 0.9730

PART 53
OFFSET 3.1548 1.4954 -17.3781
SCALE 1 1 1
X 0.9668 0.2469 0.0654
Y -0.1633 0.7945 -0.5848
Z -0.1964 0.5548 0.8085

PART 54
OFFSET 5.2139 2.1383 -17.2502
SCALE 1 1 1
X 0.9864 0.1624 -0.0234
Y -0.1594 0.9143 -0.3724
Z -0.0391 0.3711 0.9278

PART 55
OFFSET 6.8115 2.3875 -17.1619
SCALE 1 1 1
X 0.9729 0.2104 0.0963
Y -0.1500 0.8904 -0.4297
Z -0.1762 0.4036 0.8978

PART 56
OFFSET 7.8530 2.6487 -17.0239
SCALE 1 1 1
X 0.8004 0.0796 -0.5941
Y -0.3830 -0.6946 -0.6090
Z -0.4611 0.7150 -0.5255

PART 57
OFFSET 1.6879 0.0145 -17.3846
SCALE 1 1 1
X 0.0013 -0.9993 -0.0368
Y 0.1586 -0.0362 0.9867
Z -0.9873 -0.0072 0.1585

PART 58
OFFSET 1.8541 -2.2342 -17.3695
SCALE 1 1 1
X 0.2634 -0.9443 0.1974
Y 0.1405 0.2400 0.9606
Z -0.9544 -0.2253 0.1959

PART 59
OFFSET 2.2270 -3.5711 -17.0900
SCALE 1 1 1
X 0.3237 -0.6426 0.6944
Y -0.0763 0.7138 0.6962
Z -0.9431 -0.2783 0.1821

PART 60
OFFSET 2.5140 -4.1409 -16.4743
SCALE 1 1 1
X 0.2155 0.0525 0.9751
Y -0.2303 0.9731 -0.0015
Z -0.9489 -0.2243 0.2218

PART 61
OFFSET 2.7188 -4.0910 -15.5480
SCALE 1 1 1
X 0.1170 -0.6186 -0.7770
Y -0.4325 0.6725 -0.6005
Z 0.8940 0.4063 -0.1889

PART 62
OFFSET 2.3142 0.2303 -17.6504
SCALE 1 1 1
X 0.2784 -0.9512 -0.1327
Y 0.1702 -0.0871 0.9815
Z -0.9453 -0.2959 0.1376

PART 63
OFFSET 2.8926 -2.2805 -17.9962
SCALE 1 1 1
X 0.3813 -0.6883 0.6171
Y -0.1233 0.6237 0.7719
Z -0.9162 -0.3704 0.1529

PART 64
OFFSET 3.5418 -3.4524 -16.9455
SCALE 1 1 1
X 0.3415 -0.4415 0.8297
Y -0.2549 0.8062 0.5339
Z -0.9047 -0.3938 0.1628

PART 65
OFFSET 4.0150 -4.0643 -15.7956
SCALE 1 1 1
X 0.2614 -0.2287 0.9377
Y -0.3310 0.8914 0.3097
Z -0.9067 -0.3914 0.1573

PART 66
OFFSET 4.2986 -4.3123 -14.7786
SCALE 1 1 1
X -0.0697 -0.3411 -0.9375
Y -0.3818 0.8773 -0.2908
Z 0.9216 0.3376 -0.1914

PART 67
OFFSET 5.1349 -0.2949 -17.8356
SCALE 1 1 1
X 0.4232 -0.8982 0.1188
Y -0.0159 -0.1385 -0.9902
Z 0.9059 0.4171 -0.0729

PART 68
OFFSET 4.7149 -1.3663 -18.7612
SCALE 1 1 1
X 0.4543 -0.6611 0.5971
Y -0.2277 0.5618 0.7953
Z -0.8612 -0.4973 0.1047

PART 69
OFFSET 5.5148 -2.5303 -17.7099
SCALE 1 1 1
X 0.4172 -0.6001 0.6825
Y -0.3222 0.6046 0.7285
Z -0.8498 -0.5239 0.0589

PART 70
OFFSET 6.0736 -3.2279 -16.8838
SCALE 1 1 1
X 0.5229 -0.6640 0.5345
Y -0.2147 0.5042 0.8365
Z -0.8249 -0.5521 0.1211

PART 71
OFFSET -2.0481 -2.5907 -5.7695
SCALE 1 1 1
X 0.9395 0.0619 -0.3371
Y -0.0892 0.9938 -0.0662
Z 0.3309 0.0923 0.9392

PART 72
OFFSET 0.6173 -3.8052 -5.1673
SCALE 1 1 1
X 0.9460 0.0637 -0.3178
Y -0.0892 0.9938 -0.0662
Z 0.3116 0.0910 0.9458

PART 73
OFFSET 2.7007 -0.7910 -5.6785
SCALE 1 1 1
X 0.9395 0.0619 -0.3371
Y -0.0892 0.9938 -0.0662
Z 0.3309 0.0923 0.9392

PART 74
OFFSET 21.0931 -1.0430 -13.7135
SCALE 1 1 1
X -0.1054 -0.0756 -0.9916
Y -0.0892 0.9938 -0.0662
Z 0.9904 0.0815 -0.1115

PART 75
OFFSET 5.1588 -1.9508 -5.8741
SCALE 1 1 1
X 0.9395 0.0619 -0.3371
Y -0.0892 0.9938 -0.0662
Z 0.3309 0.0923 0.9392

PART 76
OFFSET 2.4743 -1.2483 -5.7145
SCALE 1 1 1
X 0.3309 0.0923 0.9392
Y -0.0892 0.9938 -0.0662
Z -0.9395 -0.0619 0.3371

PART 77
OFFSET 2.3665 -0.7920 -5.9288
SCALE 1 1 1
X 0.1864 0.7326 0.6546
Y -0.2911 0.6776 -0.6754
Z -0.9384 -0.0646 0.3396

PART 78
OFFSET 2.1922 -0.4774 -6.3456
SCALE 1 1 1
X 0.1341 0.8402 0.5255
Y -0.3255 0.5382 -0.7774
Z -0.9360 -0.0667 0.3456

PART 79
OFFSET 2.0146 -0.1174 -6.7493
SCALE 1 1 1
X 0.2195 0.6655 0.7134
Y -0.2856 0.7430 -0.6052
Z -0.9329 -0.0709 0.3532

PART 80
OFFSET 1.8708 0.3567 -7.0336
SCALE 1 1 1
X 0.3011 0.4408 0.8456
Y -0.2138 0.8954 -0.3906
Z -0.9293 -0.0632 0.3639

PART 81
OFFSET 1.7718 0.8945 -7.2014
SCALE 1 1 1
X 0.3749 0.2324 0.8974
Y -0.1294 0.9717 -0.1976
Z -0.9180 -0.0420 0.3944

PART 82
OFFSET 1.7172 1.4518 -7.2754
SCALE 1 1 1
X 0.4440 0.1168 0.8884
Y -0.0779 0.9927 -0.0916
Z -0.8927 -0.0286 0.4498

PART 83
OFFSET 1.6661 2.0282 -7.3381
SCALE 1 1 1
X 0.4905 0.1846 0.8517
Y -0.1104 0.9826 -0.1495
Z -0.8644 -0.0207 0.5023

PART 84
OFFSET 1.5696 2.6329 -7.4845
SCALE 1 1 1
X 0.4934 0.3697 0.7873
Y -0.1935 0.9291 -0.3151
Z -0.8480 0.0031 0.5300

PART 85
OFFSET 1.4203 3.2375 -7.7471
SCALE 1 1 1
X 0.4744 0.5149 0.7140
Y -0.2415 0.8561 -0.4570
Z -0.8465 0.0444 0.5305

PART 86
OFFSET 1.2529 3.7761 -8.0959
SCALE 1 1 1
X 0.4429 0.6432 0.6246
Y -0.2579 0.7586 -0.5983
Z -0.8587 0.1039 0.5018

PART 87
OFFSET 1.0920 4.1903 -8.5040
SCALE 1 1 1
X 0.3817 0.7905 0.4791
Y -0.2832 0.5934 -0.7535
Z -0.8799 0.1519 0.4503

PART 88
OFFSET 0.9141 4.4566 -8.9664
SCALE 1 1 1
X 0.2726 0.9301 0.2461
Y -0.3533 0.3347 -0.8736
Z -0.8949 0.1513 0.4198

PART 89
OFFSET 0.6862 4.5626 -9.4831
SCALE 1 1 1
X 0.1439 0.9895 -0.0141
Y -0.4263 0.0492 -0.9032
Z -0.8930 0.1360 0.4289

PART 90
OFFSET 0.4224 4.5394 -10.0393
SCALE 1 1 1
X 0.0750 0.9867 -0.1443
Y -0.4173 -0.1003 -0.9032
Z -0.9057 0.1279 0.4043

PART 91
OFFSET 0.1840 4.4625 -10.6058
SCALE 1 1 1
X 0.0479 0.9868 -0.1547
Y -0.3393 -0.1295 -0.9317
Z -0.9395 0.0971 0.3286

PART 92
OFFSET 0.0155 4.3894 -11.1591
SCALE 1 1 1
X 0.0031 0.9906 -0.1365
Y -0.2475 -0.1315 -0.9599
Z -0.9689 0.0367 0.2448

PART 93
OFFSET -0.1144 4.2994 -11.7008
SCALE 1 1 1
X -0.0780 0.9797 -0.1849
Y -0.2255 -0.1980 -0.9539
Z -0.9711 -0.0327 0.2363

PART 94
OFFSET -0.2537 4.1594 -12.2357
SCALE 1 1 1
X -0.1340 0.9630 -0.2338
Y -0.2694 -0.2624 -0.9266
Z -0.9537 -0.0612 0.2946

PART 95
OFFSET -0.3991 4.0979 -12.6877
SCALE 1 1 1
X 0.0074 0.9802 0.1979
Y -0.3359 0.1889 -0.9228
Z -0.9419 -0.0597 0.3306


FRAME 302
PART 0
OFFSET 2.4451 0.3335 -16.9889
SCALE 1 1 1
X 0.3004 -0.9417 -0.1513
Y 0.1134 -0.1223 0.9860
Z -0.9470 -0.3134 0.0701

PART 1
OFFSET 2.4451 0.3335 -16.9889
SCALE 1 1 1
X 0.3004 -0.9417 -0.1513
Y 0.1134 -0.1223 0.9860
Z -0.9470 -0.3134 0.0701

PART 2
OFFSET -14.2188 -5.9240 -1.4379
SCALE 1 1 1
X -0.7991 -0.3225 0.5074
Y -0.3724 0.9281 0.0035
Z -0.4721 -0.1862 -0.8617

PART 3
OFFSET -6.6705 -5.2347 -4.1806
SCALE 1 1 1
X -0.5291 -0.7963 0.2932
Y 0.7721 -0.5951 -0.2229
Z 0.3520 0.1085 0.9297

PART 4
OFFSET -5.7390 -3.8326 -4.6968
SCALE 1 1 1
X 0.5422 -0.8387 -0.0515
Y 0.7801 0.5252 -0.3400
Z 0.3122 0.1441 0.9390

PART 5
OFFSET -6.3792 -2.8043 -4.5771
SCALE 1 1 1
X 0.8893 0.2584 -0.3773
Y -0.2755 0.9613 0.0091
Z 0.3650 0.0958 0.9261

PART 6
OFFSET -7.3837 -3.0962 -4.1510
SCALE 1 1 1
X 0.0618 -0.9249 0.3751
Y -0.9714 0.0305 0.2353
Z -0.2291 -0.3789 -0.8966

PART 7
OFFSET -7.1373 -5.1543 -5.1787
SCALE 1 1 1
X -0.2742 -0.9512 0.1417
Y 0.9286 -0.3002 -0.2182
Z 0.2501 0.0717 0.9656

PART 8
OFFSET -6.6016 -3.2962 -5.4554
SCALE 1 1 1
X 0.8719 -0.4452 -0.2040
Y 0.4041 0.8894 -0.2137
Z 0.2766 0.1039 0.9554

PART 9
OFFSET -7.8751 -2.6459 -5.1575
SCALE 1 1 1
X 0.7310 0.6054 -0.3149
Y -0.6249 0.7792 0.0474
Z 0.2741 0.1621 0.9479

PART 10
OFFSET -8.7053 -3.3322 -4.8074
SCALE 1 1 1
X -0.1789 -0.9723 0.1506
Y -0.9257 0.2182 0.3090
Z -0.3333 -0.0841 -0.9391

PART 11
OFFSET 0.0000 0.0000 0.0000
SCALE 1 1 1
X 1.0000 0.0000 0.0000
Y 0.0000 1.0000 0.0000
Z 0.0000 0.0000 1.0000

PART 12
OFFSET 0.0000 0.0000 0.0000
SCALE 1 1 1
X 1.0000 -0.0009 -0.0005
Y 0.0009 1.0000 -0.0006
Z 0.0005 0.0006 1.0000

PART 13
OFFSET 0.0000 0.0000 0.0000
SCALE 1 1 1
X 1.0000 -0.0009 -0.0005
Y 0.0009 1.0000 -0.0006
Z 0.0005 0.0006 1.0000

PART 14
OFFSET 6.7682 -3.8538 -15.5025
SCALE 1 1 1
X -0.1370 -0.3827 -0.9137
Y -0.4414 0.8493 -0.2895
Z 0.8868 0.3637 -0.2853

PART 15
OFFSET 4.0279 -1.7656 -17.7492
SCALE 1 1 1
X 0.4583 -0.6098 0.6466
Y -0.3193 0.5660 0.7601
Z -0.8295 -0.5548 0.0647

PART 16
OFFSET 4.9232 -2.9568 -16.4860
SCALE 1 1 1
X 0.3696 -0.5283 0.7644
Y -0.3703 0.6707 0.6427
Z -0.8522 -0.5206 0.0523

PART 17
OFFSET 5.4631 -3.7285 -15.3696
SCALE 1 1 1
X 0.3140 -0.4725 0.8235
Y -0.3564 0.7453 0.5635
Z -0.8800 -0.4705 0.0656

PART 18
OFFSET 5.8128 -4.2675 -14.4368
SCALE 1 1 1
X 0.0431 -0.0836 -0.9956
Y -0.5392 0.8370 -0.0937
Z 0.8411 0.5408 -0.0090

PART 19
OFFSET -1.9988 -2.5970 -5.4034
SCALE 1 1 1
X 0.9405 0.0628 -0.3339
Y -0.0899 0.9937 -0.0662
Z 0.3276 0.0923 0.9403

PART 20
OFFSET -15.1671 -7.9373 -3.1869
SCALE 1 1 1
X -0.0778 -0.3325 0.9399
Y -0.0306 -0.9415 -0.3356
Z 0.9965 -0.0549 0.0631

PART 21
OFFSET -14.2259 -3.9166 -14.5540
SCALE 1 1 1
X -0.3117 0.1097 -0.9438
Y 0.8190 0.5345 -0.2084
Z 0.4816 -0.8380 -0.2565

PART 22
OFFSET -11.5744 -4.8500 -6.5265
SCALE 1 1 1
X -0.3117 0.1097 -0.9438
Y 0.9499 0.0614 -0.3066
Z 0.0243 -0.9921 -0.1234

PART 23
OFFSET -12.4238 -4.2322 -4.6495
SCALE 1 1 1
X -0.3180 0.1088 -0.9418
Y -0.4925 0.8299 0.2622
Z 0.8102 0.5472 -0.2103

PART 24
OFFSET -12.8839 -5.1410 -4.1980
SCALE 1 1 1
X -0.3180 0.1088 -0.9418
Y -0.4925 0.8299 0.2622
Z 0.8102 0.5472 -0.2103

PART 25
OFFSET -11.3839 -6.2302 -4.7149
SCALE 1 1 1
X -0.3180 0.1088 -0.9418
Y -0.4925 0.8299 0.2622
Z 0.8102 0.5472 -0.2103

PART 26
OFFSET -10.6187 -5.1864 -3.6331
SCALE 1 1 1
X -0.9422 -0.0662 0.3285
Y -0.3228 -0.0838 -0.9428
Z 0.0900 -0.9943 0.0576

PART 27
OFFSET -9.9203 -4.6674 -2.8948
SCALE 1 1 1
X -0.7774 -0.5551 -0.2958
Y 0.1254 0.3241 -0.9377
Z 0.6164 -0.7660 -0.1823

PART 28
OFFSET -8.2896 -3.4592 -2.1527
SCALE 1 1 1
X -0.8228 -0.4370 0.3633
Y -0.3124 -0.1863 -0.9315
Z 0.4747 -0.8800 0.0167

PART 29
OFFSET -7.0331 -2.6663 -2.7967
SCALE 1 1 1
X -0.5082 -0.4231 0.7502
Y -0.6573 -0.3724 -0.6553
Z 0.5565 -0.8261 -0.0888

PART 30
OFFSET -6.4978 -2.1647 -3.5927
SCALE 1 1 1
X -0.8681 0.1416 0.4758
Y 0.0674 0.9832 -0.1696
Z -0.4918 -0.1152 -0.8630

PART 31
OFFSET -10.1852 -5.0192 -4.9322
SCALE 1 1 1
X -0.5844 -0.0491 0.8100
Y 0.1629 -0.9850 0.0578
Z 0.7950 0.1657 0.5836

PART 32
OFFSET -8.7764 -4.7639 -6.6742
SCALE 1 1 1
X -0.6762 -0.6969 0.2390
Y 0.6363 -0.7159 -0.2875
Z 0.3715 -0.0424 0.9275

PART 33
OFFSET -7.8190 -3.7772 -7.0125
SCALE 1 1 1
X 0.6818 -0.6780 -0.2748
Y 0.6572 0.7326 -0.1770
Z 0.3213 -0.0599 0.9451

PART 34
OFFSET -8.4236 -3.1761 -6.7689
SCALE 1 1 1
X 0.8995 0.2696 -0.3438
Y -0.2501 0.9630 0.1009
Z 0.3582 -0.0048 0.9336

PART 35
OFFSET -9.2781 -3.4323 -6.4423
SCALE 1 1 1
X -0.5828 -0.8100 0.0646
Y -0.7224 0.5529 0.4154
Z -0.3722 0.1954 -0.9074

PART 36
OFFSET -9.7509 -5.0878 -4.3699
SCALE 1 1 1
X -0.7970 -0.0432 0.6025
Y 0.1233 -0.9881 0.0922
Z 0.5913 0.1478 0.7928

PART 37
OFFSET -7.7676 -5.0193 -6.0492
SCALE 1 1 1
X -0.3494 -0.9085 0.2293
Y 0.8282 -0.4139 -0.3778
Z 0.4381 0.0579 0.8970

PART 38
OFFSET -7.1727 -3.4726 -6.4396
SCALE 1 1 1
X 0.8427 -0.3849 -0.3765
Y 0.3347 0.9222 -0.1936
Z 0.4217 0.0372 0.9060

PART 39
OFFSET -8.3406 -2.9391 -5.9178
SCALE 1 1 1
X 0.6100 0.7288 -0.3110
Y -0.6742 0.6836 0.2795
Z 0.4163 0.0392 0.9084

PART 40
OFFSET -9.0022 -3.7296 -5.5805
SCALE 1 1 1
X -0.0942 -0.9857 0.1398
Y -0.9193 0.1400 0.3679
Z -0.3822 -0.0939 -0.9193

PART 41
OFFSET -9.7509 -5.0878 -4.3699
SCALE 1 1 1
X -0.7970 -0.0432 0.6025
Y 0.1233 -0.9881 0.0922
Z 0.5913 0.1478 0.7928

PART 42
OFFSET -9.7509 -5.0878 -4.3699
SCALE 1 1 1
X -0.7970 -0.0432 0.6025
Y 0.1233 -0.9881 0.0922
Z 0.5913 0.1478 0.7928

PART 43
OFFSET 3.7075 0.0000 -1.3770
SCALE 1 1 1
X 1.0000 0.0000 0.0000
Y 0.0000 1.0000 0.0000
Z 0.0000 0.0000 1.0000

PART 44
OFFSET -14.3524 7.9373 -3.1869
SCALE 1 1 1
X 0.7214 0.0175 -0.6923
Y -0.4951 -0.6859 -0.5333
Z -0.4842 0.7275 -0.4862

PART 45
OFFSET -5.6274 8.1487 -11.5589
SCALE 1 1 1
X 0.6721 -0.5805 -0.4597
Y -0.3094 -0.7842 0.5379
Z -0.6727 -0.2193 -0.7066

PART 46
OFFSET 0.0891 3.2113 -15.4687
SCALE 1 1 1
X 0.6721 -0.5805 -0.4597
Y 0.6606 0.7505 0.0180
Z 0.3346 -0.3158 0.8879

PART 47
OFFSET 2.4817 3.3251 -15.1524
SCALE 1 1 1
X 0.6758 -0.5752 -0.4609
Y 0.6752 0.2322 0.7001
Z -0.2957 -0.7844 0.5453

PART 48
OFFSET 0.6678 3.4470 -17.1264
SCALE 1 1 1
X 0.6758 -0.5752 -0.4609
Y 0.6752 0.2322 0.7001
Z -0.2957 -0.7844 0.5453

PART 49
OFFSET 1.9656 1.3530 -14.5534
SCALE 1 1 1
X 0.6758 -0.5752 -0.4609
Y 0.6752 0.2322 0.7001
Z -0.2957 -0.7844 0.5453

PART 50
OFFSET 0.7592 1.0061 -15.6623
SCALE 1 1 1
X 0.6758 -0.5752 -0.4609
Y 0.6752 0.2322 0.7001
Z -0.2957 -0.7844 0.5453

PART 51
OFFSET -0.5124 1.0128 -16.7009
SCALE 1 1 1
X 0.6758 -0.5752 -0.4609
Y 0.6752 0.2322 0.7001
Z -0.2957 -0.7844 0.5453

PART 52
OFFSET 2.1495 1.4316 -16.8780
SCALE 1 1 1
X 0.5738 -0.7976 -0.1857
Y 0.8031 0.5925 -0.0634
Z 0.1606 -0.1127 0.9806

PART 53
OFFSET 3.2486 1.5983 -16.6201
SCALE 1 1 1
X 0.9625 0.2296 0.1446
Y -0.1104 0.8181 -0.5644
Z -0.2478 0.5273 0.8127

PART 54
OFFSET 5.3008 2.2047 -16.3192
SCALE 1 1 1
X 0.9875 0.1481 0.0542
Y -0.1204 0.9298 -0.3478
Z -0.1020 0.3369 0.9360

PART 55
OFFSET 6.8907 2.4261 -16.1061
SCALE 1 1 1
X 0.9664 0.1865 0.1768
Y -0.1015 0.9090 -0.4042
Z -0.2361 0.3726 0.8974

PART 56
OFFSET 7.9232 2.6603 -15.8807
SCALE 1 1 1
X 0.8441 0.0856 -0.5292
Y -0.3484 -0.6628 -0.6629
Z -0.4075 0.7439 -0.5297

PART 57
OFFSET 1.8077 0.0995 -16.7690
SCALE 1 1 1
X 0.0190 -0.9971 -0.0739
Y 0.1008 -0.0717 0.9923
Z -0.9947 -0.0263 0.0991

PART 58
OFFSET 2.0075 -2.1458 -16.8279
SCALE 1 1 1
X 0.2634 -0.9531 0.1488
Y 0.0877 0.1773 0.9802
Z -0.9607 -0.2452 0.1303

PART 59
OFFSET 2.3804 -3.4952 -16.6172
SCALE 1 1 1
X 0.2916 -0.6688 0.6839
Y -0.1272 0.6815 0.7207
Z -0.9481 -0.2971 0.1136

PART 60
OFFSET 2.6389 -4.0882 -16.0108
SCALE 1 1 1
X 0.1551 0.0200 0.9877
Y -0.2451 0.9693 0.0188
Z -0.9570 -0.2450 0.1553

PART 61
OFFSET 2.7863 -4.0691 -15.0725
SCALE 1 1 1
X 0.1736 -0.5884 -0.7897
Y -0.4058 0.6879 -0.6018
Z 0.8973 0.4249 -0.1193

PART 62
OFFSET 2.4451 0.3335 -16.9889
SCALE 1 1 1
X 0.3004 -0.9417 -0.1513
Y 0.1134 -0.1223 0.9860
Z -0.9470 -0.3134 0.0701

PART 63
OFFSET 3.0817 -2.1544 -17.3930
SCALE 1 1 1
X 0.3554 -0.7135 0.6039
Y -0.1750 0.5838 0.7928
Z -0.9182 -0.3874 0.0827

PART 64
OFFSET 3.6868 -3.3691 -16.3649
SCALE 1 1 1
X 0.2957 -0.4656 0.8341
Y -0.3001 0.7837 0.5438
Z -0.9069 -0.4111 0.0920

PART 65
OFFSET 4.0966 -4.0144 -15.2089
SCALE 1 1 1
X 0.2006 -0.2452 0.9485
Y -0.3663 0.8792 0.3047
Z -0.9086 -0.4086 0.0866

PART 66
OFFSET 4.3141 -4.2803 -14.1802
SCALE 1 1 1
X 0.0002 -0.3215 -0.9469
Y -0.3757 0.8775 -0.2980
Z 0.9267 0.3558 -0.1206

PART 67
OFFSET 5.2796 -0.1469 -17.0255
SCALE 1 1 1
X 0.4293 -0.8964 0.1102
Y 0.0446 -0.1009 -0.9939
Z 0.9021 0.4316 -0.0033

PART 68
OFFSET 4.9315 -1.1876 -18.0137
SCALE 1 1 1
X 0.4314 -0.6803 0.5925
Y -0.2788 0.5240 0.8048
Z -0.8580 -0.5124 0.0364

PART 69
OFFSET 5.6911 -2.3855 -16.9706
SCALE 1 1 1
X 0.3847 -0.6172 0.6863
Y -0.3745 0.5753 0.7272
Z -0.8436 -0.5368 -0.0098

PART 70
OFFSET 6.2101 -3.1032 -16.1357
SCALE 1 1 1
X 0.4942 -0.6645 0.5605
Y -0.2826 0.4870 0.8264
Z -0.8222 -0.5668 0.0528

PART 71
OFFSET -1.9988 -2.5970 -5.4034
SCALE 1 1 1
X 0.9405 0.0628 -0.3339
Y -0.0899 0.9937 -0.0662
Z 0.3276 0.0923 0.9403

PART 72
OFFSET 0.6657 -3.8093 -4.7927
SCALE 1 1 1
X 0.9470 0.0647 -0.3146
Y -0.0899 0.9937 -0.0662
Z 0.3083 0.0910 0.9469

PART 73
OFFSET 2.7480 -0.7929 -5.2958
SCALE 1 1 1
X 0.9405 0.0628 -0.3339
Y -0.0899 0.9937 -0.0662
Z 0.3276 0.0923 0.9403

PART 74
OFFSET 21.1675 -1.0251 -13.2692
SCALE 1 1 1
X -0.1020 -0.0753 -0.9919
Y -0.0899 0.9937 -0.0662
Z 0.9907 0.0824 -0.1081

PART 75
OFFSET 5.2078 -1.9503 -5.4836
SCALE 1 1 1
X 0.9405 0.0628 -0.3339
Y -0.0899 0.9937 -0.0662
Z 0.3276 0.0923 0.9403

PART 76
OFFSET 2.5222 -1.2504 -5.3328
SCALE 1 1 1
X 0.3276 0.0923 0.9403
Y -0.0899 0.9937 -0.0662
Z -0.9405 -0.0628 0.3339

PART 77
OFFSET 2.4175 -0.7880 -5.5371
SCALE 1 1 1
X 0.1942 0.7047 0.6824
Y -0.2830 0.7063 -0.6489
Z -0.9392 -0.0671 0.3366

PART 78
OFFSET 2.2503 -0.4607 -5.9329
SCALE 1 1 1
X 0.1429 0.8162 0.5598
Y -0.3187 0.5734 -0.7547
Z -0.9370 -0.0705 0.3421

PART 79
OFFSET 2.0798 -0.0899 -6.3170
SCALE 1 1 1
X 0.2202 0.6409 0.7353
Y -0.2778 0.7638 -0.5826
Z -0.9351 -0.0760 0.3463

PART 80
OFFSET 1.9406 0.3898 -6.5889
SCALE 1 1 1
X 0.2931 0.4238 0.8570
Y -0.2085 0.9032 -0.3753
Z -0.9331 -0.0687 0.3531

PART 81
OFFSET 1.8434 0.9301 -6.7503
SCALE 1 1 1
X 0.3602 0.2247 0.9054
Y -0.1284 0.9733 -0.1905
Z -0.9240 -0.0476 0.3794

PART 82
OFFSET 1.7882 1.4884 -6.8221
SCALE 1 1 1
X 0.4245 0.1154 0.8980
Y -0.0800 0.9927 -0.0898
Z -0.9019 -0.0337 0.4307

PART 83
OFFSET 1.7361 2.0651 -6.8842
SCALE 1 1 1
X 0.4679 0.1831 0.8646
Y -0.1114 0.9827 -0.1478
Z -0.8767 -0.0271 0.4803

PART 84
OFFSET 1.6402 2.6696 -7.0284
SCALE 1 1 1
X 0.4703 0.3644 0.8038
Y -0.1910 0.9312 -0.3104
Z -0.8616 -0.0076 0.5075

PART 85
OFFSET 1.4938 3.2744 -7.2861
SCALE 1 1 1
X 0.4521 0.5078 0.7334
Y -0.2370 0.8610 -0.4500
Z -0.8599 0.0297 0.5095

PART 86
OFFSET 1.3306 3.8151 -7.6280
SCALE 1 1 1
X 0.4228 0.6350 0.6466
Y -0.2523 0.7678 -0.5890
Z -0.8704 0.0859 0.4848

PART 87
OFFSET 1.1742 4.2345 -8.0275
SCALE 1 1 1
X 0.3672 0.7812 0.5048
Y -0.2764 0.6099 -0.7427
Z -0.8881 0.1332 0.4399

PART 88
OFFSET 1.0024 4.5098 -8.4799
SCALE 1 1 1
X 0.2673 0.9231 0.2765
Y -0.3453 0.3596 -0.8669
Z -0.8996 0.1362 0.4148

PART 89
OFFSET 0.7834 4.6290 -8.9848
SCALE 1 1 1
X 0.1458 0.9892 0.0162
Y -0.4193 0.0767 -0.9046
Z -0.8961 0.1251 0.4259

PART 90
OFFSET 0.5303 4.6227 -9.5278
SCALE 1 1 1
X 0.0786 0.9901 -0.1161
Y -0.4128 -0.0737 -0.9079
Z -0.9074 0.1192 0.4029

PART 91
OFFSET 0.3009 4.5644 -10.0801
SCALE 1 1 1
X 0.0519 0.9907 -0.1258
Y -0.3381 -0.1011 -0.9357
Z -0.9397 0.0911 0.3297

PART 92
OFFSET 0.1368 4.5105 -10.6183
SCALE 1 1 1
X 0.0091 0.9943 -0.1058
Y -0.2516 -0.1001 -0.9626
Z -0.9678 0.0354 0.2493

PART 93
OFFSET 0.0072 4.4410 -11.1439
SCALE 1 1 1
X -0.0690 0.9857 -0.1536
Y -0.2359 -0.1657 -0.9576
Z -0.9693 -0.0298 0.2440

PART 94
OFFSET -0.1344 4.3237 -11.6613
SCALE 1 1 1
X -0.1231 0.9716 -0.2020
Y -0.2857 -0.2297 -0.9304
Z -0.9504 -0.0569 0.3058

PART 95
OFFSET -0.2828 4.2829 -12.0977
SCALE 1 1 1
X 0.0229 0.9698 0.2430
Y -0.3486 0.2355 -0.9072
Z -0.9370 -0.0639 0.3435


FRAME 303
PART 0
OFFSET 2.6531 0.4974 -16.2026
SCALE 1 1 1
X 0.3368 -0.9242 -0.1799
Y 0.0276 -0.1813 0.9830
Z -0.9412 -0.3360 -0.0356

PART 1
OFFSET 2.6531 0.4974 -16.2026
SCALE 1 1 1
X 0.3368 -0.9242 -0.1799
Y 0.0276 -0.1813 0.9830
Z -0.9412 -0.3360 -0.0356

PART 2
OFFSET -14.1542 -5.9535 -1.1802
SCALE 1 1 1
X -0.8013 -0.3240 0.5030
Y -0.3737 0.9275 0.0021
Z -0.4672 -0.1863 -0.8643

PART 3
OFFSET -6.5925 -5.2519 -3.8825
SCALE 1 1 1
X -0.5295 -0.7972 0.2900
Y 0.7742 -0.5938 -0.2191
Z 0.3469 0.1085 0.9316

PART 4
OFFSET -5.6603 -3.8482 -4.3930
SCALE 1 1 1
X 0.5436 -0.8379 -0.0491
Y 0.7812 0.5265 -0.3355
Z 0.3070 0.1440 0.9407

PART 5
OFFSET -6.3025 -2.8209 -4.2762
SCALE 1 1 1
X 0.8909 0.2599 -0.3724
Y -0.2769 0.9609 0.0082
Z 0.3599 0.0958 0.9280

PART 6
OFFSET -7.3089 -3.1145 -3.8555
SCALE 1 1 1
X 0.0612 -0.9250 0.3749
Y -0.9727 0.0290 0.2302
Z -0.2238 -0.3787 -0.8980

PART 7
OFFSET -7.0541 -5.1717 -4.8830
SCALE 1 1 1
X -0.2736 -0.9516 0.1397
Y 0.9302 -0.2988 -0.2134
Z 0.2448 0.0716 0.9669

PART 8
OFFSET -6.5196 -3.3126 -5.1559
SCALE 1 1 1
X 0.8736 -0.4438 -0.1997
Y 0.4039 0.8901 -0.2111
Z 0.2714 0.1037 0.9569

PART 9
OFFSET -7.7956 -2.6644 -4.8643
SCALE 1 1 1
X 0.7318 0.6066 -0.3107
Y -0.6263 0.7783 0.0446
Z 0.2689 0.1620 0.9495

PART 10
OFFSET -8.6267 -3.3520 -4.5191
SCALE 1 1 1
X -0.1783 -0.9726 0.1491
Y -0.9276 0.2167 0.3042
Z -0.3282 -0.0841 -0.9408

PART 11
OFFSET 0.0000 0.0000 0.0000
SCALE 1 1 1
X 1.0000 0.0000 0.0000
Y 0.0000 1.0000 0.0000
Z 0.0000 0.0000 1.0000

PART 12
OFFSET 0.0000 0.0000 0.0000
SCALE 1 1 1
