// Export filename: `C:/cod5/cod/cod5/xanim_export/viewmodel/US/grenade_launcher/viewmodel_grenade_reload.XANIM_EXPORT`
// Source filename: `c:/cod5/cod/cod5/animation_assets/viewmodel/US/m1_garand/viewmodelanimation_m1garand.mb`
// Export time: Wed Oct 03 16:16:33 2007

ANIMATION
VERSION 3

NUMPARTS 80
PART 0 "RingPalm_FK_LE"
PART 1 "RingPalm_SDK_LE"
PART 2 "RingPalm_FK_RI"
PART 3 "RingPalm_SDK_RI"
PART 4 "tag_torso"
PART 5 "J_Shoulder_LE"
PART 6 "J_Elbow_LE"
PART 7 "J_WristTwist_LE"
PART 8 "J_Sleave_Reshape_Bottom_LE_1"
PART 9 "J_Sleave_Reshape_Bottom_LE_2"
PART 10 "J_Sleave_Reshape_Top_LE_1"
PART 11 "J_Sleave_Reshape_Top_LE_2"
PART 12 "J_Sleave_Reshape_Top_LE_3"
PART 13 "J_Wrist_LE"
PART 14 "J_Thumb_LE_0"
PART 15 "J_Thumb_LE_1"
PART 16 "J_Thumb_LE_2"
PART 17 "J_Thumb_LE_3"
PART 18 "J_PinkyPalm_LE"
PART 19 "J_Pinky_LE_0"
PART 20 "J_Pinky_LE_1"
PART 21 "J_Pinky_LE_2"
PART 22 "J_Pinky_LE_3"
PART 23 "J_RingPalm_LE"
PART 24 "J_Ring_LE_0"
PART 25 "J_Ring_LE_1"
PART 26 "J_Ring_LE_2"
PART 27 "J_Ring_LE_3"
PART 28 "J_Webbing_LE"
PART 29 "J_Index_LE_0"
PART 30 "J_Index_LE_1"
PART 31 "J_Index_LE_2"
PART 32 "J_Index_LE_3"
PART 33 "J_Mid_LE_0"
PART 34 "J_Mid_LE_1"
PART 35 "J_Mid_LE_2"
PART 36 "J_Mid_LE_3"
PART 37 "tag_weapon"
PART 38 "J_Shoulder_RI"
PART 39 "J_Elbow_RI"
PART 40 "J_WristTwist_RI"
PART 41 "J_Sleave_Reshape_Top_RI_3"
PART 42 "J_Sleave_Reshape_Top_RI_2"
PART 43 "J_Sleave_Reshape_Top_RI_1"
PART 44 "J_Wrist_RI"
PART 45 "J_Thumb_RI_0"
PART 46 "J_Thumb_RI_1"
PART 47 "J_Thumb_RI_2"
PART 48 "J_Thumb_RI_3"
PART 49 "J_PinkyPalm_RI"
PART 50 "J_Pinky_RI_0"
PART 51 "J_Pinky_RI_1"
PART 52 "J_Pinky_RI_2"
PART 53 "J_Pinky_RI_3"
PART 54 "J_RingPalm_RI"
PART 55 "J_Ring_RI_0"
PART 56 "J_Ring_RI_1"
PART 57 "J_Ring_RI_2"
PART 58 "J_Ring_RI_3"
PART 59 "J_Webbing_RI"
PART 60 "J_Index_RI_0"
PART 61 "J_Index_RI_1"
PART 62 "J_Index_RI_2"
PART 63 "J_Index_RI_3"
PART 64 "J_Mid_RI_0"
PART 65 "J_Mid_RI_1"
PART 66 "J_Mid_RI_2"
PART 67 "J_Mid_RI_3"
PART 68 "tag_cambone"
PART 69 "tag_camera"
PART 70 "tag_gasmask"
PART 71 "J_Gun"
PART 72 "tag_brass"
PART 73 "J_Bolt"
PART 74 "tag_flash"
PART 75 "j_stripper"
PART 76 "J_Clip"
PART 77 "joint1"
PART 78 "tag_bayonet"
PART 79 "tag_grenade"

FRAMERATE 24
NUMFRAMES 43

FRAME 308
PART 0
OFFSET 18.2326 -1.9628 -6.7790
SCALE 1 1 1
X 0.3583 -0.9197 0.1608
Y -0.0735 0.1439 0.9869
Z -0.9307 -0.3654 -0.0161

PART 1
OFFSET 18.2326 -1.9628 -6.7790
SCALE 1 1 1
X 0.3583 -0.9197 0.1608
Y -0.0735 0.1439 0.9869
Z -0.9307 -0.3654 -0.0161

PART 2
OFFSET 2.2640 -4.6704 -6.5801
SCALE 1 1 1
X -0.7746 -0.3142 0.5488
Y 0.3330 -0.9404 -0.0684
Z 0.5376 0.1298 0.8331

PART 3
OFFSET 2.2640 -4.6704 -6.5801
SCALE 1 1 1
X -0.7746 -0.3142 0.5488
Y 0.3330 -0.9404 -0.0684
Z 0.5376 0.1298 0.8331

PART 4
OFFSET 5.9840 -3.0973 -3.3894
SCALE 1 1 1
X 1.0000 0.0000 0.0000
Y 0.0000 1.0000 0.0000
Z 0.0000 -0.0000 1.0000

PART 5
OFFSET 1.4024 4.2749 -6.2573
SCALE 1 1 1
X 0.8406 0.2597 -0.4753
Y 0.0518 -0.9121 -0.4067
Z -0.5391 0.3173 -0.7802

PART 6
OFFSET 11.5690 7.4151 -12.0056
SCALE 1 1 1
X 0.5455 -0.7188 0.4310
Y -0.8059 -0.3086 0.5053
Z -0.2303 -0.6230 -0.7476

PART 7
OFFSET 16.2087 1.3012 -8.3401
SCALE 1 1 1
X 0.5455 -0.7188 0.4310
Y 0.8145 0.5758 -0.0706
Z -0.1974 0.3895 0.8996

PART 8
OFFSET 17.9298 1.6583 -6.6823
SCALE 1 1 1
X 0.5509 -0.7153 0.4300
Y 0.2403 0.6294 0.7390
Z -0.7992 -0.3038 0.5186

PART 9
OFFSET 17.6055 0.5047 -9.0835
SCALE 1 1 1
X 0.5509 -0.7153 0.4300
Y 0.2403 0.6294 0.7390
Z -0.7992 -0.3038 0.5186

PART 10
OFFSET 16.4982 0.4347 -5.6985
SCALE 1 1 1
X 0.5509 -0.7153 0.4300
Y 0.2403 0.6294 0.7390
Z -0.7992 -0.3038 0.5186

PART 11
OFFSET 16.0197 -0.5498 -6.9663
SCALE 1 1 1
X 0.5509 -0.7153 0.4300
Y 0.2403 0.6294 0.7390
Z -0.7992 -0.3038 0.5186

PART 12
OFFSET 15.5836 -1.2124 -8.4037
SCALE 1 1 1
X 0.5509 -0.7153 0.4300
Y 0.2403 0.6294 0.7390
Z -0.7992 -0.3038 0.5186

PART 13
OFFSET 17.8810 -0.9025 -7.0189
SCALE 1 1 1
X 0.6277 -0.7662 0.1377
Y 0.7780 0.6235 -0.0774
Z -0.0265 0.1557 0.9874

PART 14
OFFSET 18.9033 -0.5815 -6.6262
SCALE 1 1 1
X 0.7483 -0.2651 0.6081
Y 0.4089 0.9062 -0.1081
Z -0.5224 0.3295 0.7864

PART 15
OFFSET 20.5297 -1.0447 -5.2809
SCALE 1 1 1
X 0.8084 -0.2897 0.5124
Y 0.2824 0.9547 0.0943
Z -0.5165 0.0685 0.8536

PART 16
OFFSET 21.7601 -1.5617 -4.3638
SCALE 1 1 1
X 0.8015 0.1091 0.5879
Y 0.0115 0.9802 -0.1975
Z -0.5979 0.1651 0.7844

PART 17
OFFSET 22.5997 -1.4195 -3.6954
SCALE 1 1 1
X 0.9781 0.1764 -0.1106
Y -0.0121 -0.4817 -0.8762
Z -0.2079 0.8584 -0.4690

PART 18
OFFSET 17.5738 -2.1869 -6.6199
SCALE 1 1 1
X 0.0694 -0.9774 0.1995
Y -0.0890 0.1931 0.9771
Z -0.9936 -0.0856 -0.0736

PART 19
OFFSET 17.8636 -4.3469 -6.0411
SCALE 1 1 1
X 0.1045 -0.3199 0.9417
Y -0.3219 0.8850 0.3364
Z -0.9410 -0.3383 -0.0105

PART 20
OFFSET 18.0115 -4.7999 -4.7079
SCALE 1 1 1
X -0.1716 0.4887 0.8554
Y -0.3352 0.7875 -0.5172
Z -0.9264 -0.3755 0.0287

PART 21
OFFSET 17.8594 -4.3665 -3.9495
SCALE 1 1 1
X -0.2852 0.8040 0.5218
Y -0.1595 0.4970 -0.8530
Z -0.9451 -0.3265 -0.0136

PART 22
OFFSET 17.5884 -3.6027 -3.4538
SCALE 1 1 1
X 0.4549 -0.8797 0.1383
Y -0.0563 -0.1834 -0.9814
Z 0.8887 0.4387 -0.1329

PART 23
OFFSET 18.2326 -1.9628 -6.7790
SCALE 1 1 1
X 0.3583 -0.9197 0.1608
Y -0.0735 0.1439 0.9869
Z -0.9307 -0.3654 -0.0161

PART 24
OFFSET 19.0259 -4.4071 -6.3859
SCALE 1 1 1
X 0.1804 -0.3930 0.9017
Y -0.3346 0.8375 0.4320
Z -0.9249 -0.3797 0.0196

PART 25
OFFSET 19.3331 -5.0762 -4.8508
SCALE 1 1 1
X -0.2413 0.6315 0.7369
Y -0.3178 0.6660 -0.6749
Z -0.9169 -0.3970 0.0399

PART 26
OFFSET 18.9986 -4.2010 -3.8296
SCALE 1 1 1
X -0.3086 0.7553 0.5781
Y -0.2588 0.5181 -0.8152
Z -0.9153 -0.4012 0.0356

PART 27
OFFSET 18.6638 -3.3818 -3.2026
SCALE 1 1 1
X 0.3557 -0.9346 -0.0062
Y 0.0044 0.0083 -1.0000
Z 0.9346 0.3557 0.0071

PART 28
OFFSET 21.0372 -2.1909 -6.1881
SCALE 1 1 1
X 0.4328 -0.7982 0.4191
Y 0.2382 -0.3471 -0.9071
Z 0.8695 0.4924 0.0399

PART 29
OFFSET 20.9236 -3.4755 -6.9077
SCALE 1 1 1
X 0.4126 -0.6664 0.6211
Y -0.3677 0.5019 0.7828
Z -0.8334 -0.5514 -0.0379

PART 30
OFFSET 21.6501 -4.6487 -5.8142
SCALE 1 1 1
X -0.3206 0.3258 0.8894
Y -0.4840 0.7508 -0.4495
Z -0.8142 -0.5746 -0.0830

PART 31
OFFSET 21.3098 -4.2177 -4.7279
SCALE 1 1 1
X -0.4601 0.6950 0.5525
Y -0.2750 0.4801 -0.8330
Z -0.8442 -0.5352 -0.0298

PART 32
OFFSET 20.7901 -3.4326 -4.1039
SCALE 1 1 1
X 0.1605 -0.8102 0.5637
Y 0.4654 -0.4415 -0.7671
Z 0.8704 0.3855 0.3062

PART 33
OFFSET 20.0079 -4.0422 -6.6613
SCALE 1 1 1
X 0.3766 -0.4230 0.8242
Y -0.4581 0.6882 0.5626
Z -0.8052 -0.5894 0.0654

PART 34
OFFSET 20.7437 -4.8686 -5.0512
SCALE 1 1 1
X -0.3972 0.6365 0.6612
Y -0.3977 0.5299 -0.7490
Z -0.8271 -0.5604 0.0427

PART 35
OFFSET 20.1636 -3.9388 -4.0855
SCALE 1 1 1
X -0.4040 0.5977 0.6925
Y -0.3714 0.5847 -0.7213
Z -0.8360 -0.5486 -0.0142

PART 36
OFFSET 19.7004 -3.2662 -3.3008
SCALE 1 1 1
X 0.6004 -0.7967 -0.0694
Y -0.0864 0.0217 -0.9960
Z 0.7950 0.6040 -0.0559

PART 37
OFFSET 13.8717 -2.7540 -5.0421
SCALE 1 1 1
X 1.0000 0.0022 -0.0022
Y -0.0022 1.0000 0.0022
Z 0.0022 -0.0022 1.0000

PART 38
OFFSET -2.3317 -3.5571 -2.9073
SCALE 1 1 1
X 0.2042 0.9296 0.3068
Y -0.0165 -0.3101 0.9506
Z 0.9788 -0.1992 -0.0480

PART 39
OFFSET -4.8015 -14.7997 -6.6176
SCALE 1 1 1
X -0.5386 -0.8403 -0.0610
Y 0.6891 -0.3977 -0.6057
Z 0.4848 -0.3683 0.7933

PART 40
OFFSET -0.2203 -7.6523 -6.0987
SCALE 1 1 1
X -0.5386 -0.8403 -0.0610
Y -0.0038 0.0749 -0.9972
Z 0.8425 -0.5369 -0.0435

PART 41
OFFSET -0.5255 -5.6865 -6.9159
SCALE 1 1 1
X -0.5441 -0.8369 -0.0596
Y -0.4931 0.3764 -0.7844
Z 0.6789 -0.3974 -0.6174

PART 42
OFFSET -0.4702 -5.3549 -5.7041
SCALE 1 1 1
X -0.5441 -0.8369 -0.0596
Y -0.4931 0.3764 -0.7844
Z 0.6789 -0.3974 -0.6174

PART 43
OFFSET 0.6281 -6.0439 -4.3132
SCALE 1 1 1
X -0.5441 -0.8369 -0.0596
Y -0.4931 0.3764 -0.7844
Z 0.6789 -0.3974 -0.6174

PART 44
OFFSET 1.4309 -5.0761 -5.9116
SCALE 1 1 1
X -0.9088 -0.3195 0.2683
Y -0.2878 0.0144 -0.9576
Z 0.3021 -0.9475 -0.1051

PART 45
OFFSET 1.9934 -4.5572 -5.0652
SCALE 1 1 1
X -0.5307 -0.8439 0.0784
Y -0.2417 0.0620 -0.9684
Z 0.8123 -0.5329 -0.2369

PART 46
OFFSET 3.1176 -2.7127 -5.1246
SCALE 1 1 1
X -0.4767 -0.5799 0.6607
Y -0.4046 -0.5225 -0.7505
Z 0.7804 -0.6251 0.0144

PART 47
OFFSET 3.7757 -1.7377 -6.2375
SCALE 1 1 1
X -0.2022 -0.4608 0.8641
Y -0.5526 -0.6748 -0.4892
Z 0.8085 -0.5765 -0.1182

PART 48
OFFSET 3.9668 -1.2016 -7.1583
SCALE 1 1 1
X -0.7825 -0.1089 0.6130
Y -0.3320 0.9059 -0.2628
Z -0.5267 -0.4092 -0.7451

PART 49
OFFSET 1.8307 -4.5988 -7.1428
SCALE 1 1 1
X -0.5678 -0.3109 0.7622
Y 0.3713 -0.9231 -0.0999
Z 0.7346 0.2262 0.6396

PART 50
OFFSET 3.1680 -3.7541 -8.7499
SCALE 1 1 1
X -0.0062 -0.9316 0.3635
Y 0.3898 -0.3370 -0.8570
Z 0.9209 0.1364 0.3652

PART 51
OFFSET 3.1768 -2.4352 -9.2646
SCALE 1 1 1
X 0.3383 -0.7383 -0.5835
Y 0.2413 0.6674 -0.7045
Z 0.9096 0.0975 0.4039

PART 52
OFFSET 2.8769 -1.7806 -8.7472
SCALE 1 1 1
X 0.3901 -0.3970 -0.8308
Y 0.0201 0.9057 -0.4234
Z 0.9206 0.1485 0.3613

PART 53
OFFSET 2.5063 -1.4034 -7.9579
SCALE 1 1 1
X -0.4441 -0.2863 0.8490
Y -0.1195 0.9580 0.2606
Z -0.8880 0.0143 -0.4597

PART 54
OFFSET 2.2640 -4.6704 -6.5801
SCALE 1 1 1
X -0.7746 -0.3142 0.5488
Y 0.3330 -0.9404 -0.0684
Z 0.5376 0.1298 0.8331

PART 55
OFFSET 4.2020 -3.8949 -8.1298
SCALE 1 1 1
X 0.0593 -0.9882 0.1415
Y 0.5026 -0.0929 -0.8595
Z 0.8625 0.1221 0.4912

PART 56
OFFSET 4.1010 -2.2125 -8.3707
SCALE 1 1 1
X 0.4773 -0.5028 -0.7207
Y 0.1828 0.8590 -0.4782
Z 0.8595 0.0965 0.5020

PART 57
OFFSET 3.4395 -1.5157 -7.3719
SCALE 1 1 1
X 0.4754 0.2312 -0.8488
Y -0.2015 0.9678 0.1508
Z 0.8564 0.0993 0.5067

PART 58
OFFSET 2.9239 -1.7665 -6.4513
SCALE 1 1 1
X -0.2323 -0.7374 0.6342
Y -0.4741 0.6552 0.5881
Z -0.8493 -0.1641 -0.5018

PART 59
OFFSET -1.9460 -6.9261 -4.0414
SCALE 1 1 1
X -0.7154 -0.5669 0.4085
Y -0.5642 0.8135 0.1410
Z -0.4122 -0.1296 -0.9018

PART 60
OFFSET 5.3014 -4.1940 -6.2741
SCALE 1 1 1
X -0.8859 -0.2511 0.3900
Y 0.2709 -0.9626 -0.0045
Z 0.3765 0.1017 0.9208

PART 61
OFFSET 6.8612 -3.7519 -6.9607
SCALE 1 1 1
X -0.6280 -0.6869 0.3657
Y 0.6871 -0.7101 -0.1539
Z 0.3654 0.1547 0.9179

PART 62
OFFSET 7.6468 -2.9074 -7.3496
SCALE 1 1 1
X -0.1263 -0.9819 0.1413
Y 0.9339 -0.1657 -0.3169
Z 0.3345 0.0919 0.9379

PART 63
OFFSET 7.7894 -1.7983 -7.5092
SCALE 1 1 1
X -0.7078 0.4951 0.5039
Y 0.3538 0.8659 -0.3537
Z -0.6114 -0.0721 -0.7881

PART 64
OFFSET 4.8380 -4.0425 -7.2655
SCALE 1 1 1
X -0.4715 -0.8508 0.2321
Y 0.7940 -0.5241 -0.3081
Z 0.3838 0.0390 0.9226

PART 65
OFFSET 5.7591 -2.3804 -7.7189
SCALE 1 1 1
X 0.6906 -0.6712 -0.2695
Y 0.5919 0.7386 -0.3227
Z 0.4156 0.0634 0.9073

PART 66
OFFSET 4.7504 -1.4001 -7.3253
SCALE 1 1 1
X 0.8952 -0.1941 -0.4013
Y 0.1259 0.9736 -0.1903
Z 0.4276 0.1198 0.8960

PART 67
OFFSET 3.7336 -1.1804 -6.8773
SCALE 1 1 1
X -0.7941 -0.4807 0.3719
Y -0.4467 0.8766 0.1792
Z -0.4121 -0.0238 -0.9108

PART 68
OFFSET 0.0000 0.0000 0.0000
SCALE 1 1 1
X 1.0000 0.0000 0.0000
Y 0.0000 1.0000 0.0000
Z 0.0000 0.0000 1.0000

PART 69
OFFSET 0.0000 0.0000 0.0000
SCALE 1 1 1
X 1.0000 0.0000 0.0000
Y 0.0000 1.0000 0.0000
Z 0.0000 0.0000 1.0000

PART 70
OFFSET 1.5404 0.0000 4.1357
SCALE 1 1 1
X 1.0000 0.0000 0.0000
Y 0.0000 1.0000 0.0000
Z 0.0000 0.0000 1.0000

PART 71
OFFSET 13.8717 -2.7540 -5.0421
SCALE 1 1 1
X 1.0000 0.0022 -0.0022
Y -0.0022 1.0000 0.0022
Z 0.0022 -0.0022 1.0000

PART 72
OFFSET 12.0711 -3.3594 -8.0832
SCALE 1 1 1
X -0.0204 -0.8593 0.5110
Y 0.9992 0.0005 0.0406
Z -0.0352 0.5115 0.8586

PART 73
OFFSET 13.6048 -4.5673 -3.9436
SCALE 1 1 1
X 0.9998 0.0021 0.0183
Y -0.0022 1.0000 0.0022
Z -0.0183 -0.0022 0.9998

PART 74
OFFSET 41.7272 -2.6972 -3.5815
SCALE 1 1 1
X 1.0000 0.0022 -0.0022
Y -0.0022 1.0000 0.0022
Z 0.0022 -0.0022 1.0000

PART 75
OFFSET 11.1857 -2.7532 -5.2971
SCALE 1 1 1
X 0.9957 -0.0596 -0.0707
Y 0.0540 0.9954 -0.0788
Z 0.0751 0.0746 0.9944

PART 76
OFFSET 10.0367 -2.7969 -4.4405
SCALE 1 1 1
X 1.0000 0.0022 -0.0022
Y -0.0022 1.0000 0.0022
Z 0.0022 -0.0022 1.0000

PART 77
OFFSET 8.2108 -2.3000 -3.6110
SCALE 1 1 1
X 1.0000 0.0022 -0.0022
Y -0.0022 1.0000 0.0022
Z 0.0022 -0.0022 1.0000

PART 78
OFFSET 37.4853 -2.7037 -4.7904
SCALE 1 1 1
X 0.9998 0.0021 0.0183
Y -0.0022 1.0000 0.0022
Z -0.0183 -0.0022 0.9998

PART 79
OFFSET 42.6229 -2.6953 -3.5835
SCALE 1 1 1
X 0.9998 0.0021 0.0183
Y -0.0022 1.0000 0.0022
Z -0.0183 -0.0022 0.9998


FRAME 309
PART 0
OFFSET 17.7341 -1.6475 -7.7974
SCALE 1 1 1
X 0.3396 -0.9356 0.0970
Y -0.0934 0.0690 0.9932
Z -0.9359 -0.3463 -0.0639

PART 1
OFFSET 17.7341 -1.6475 -7.7974
SCALE 1 1 1
X 0.3396 -0.9356 0.0970
Y -0.0934 0.0690 0.9932
Z -0.9359 -0.3463 -0.0639

PART 2
OFFSET 2.1316 -4.9103 -7.3659
SCALE 1 1 1
X -0.7869 -0.3242 0.5251
Y 0.3488 -0.9356 -0.0550
Z 0.5091 0.1399 0.8492

PART 3
OFFSET 2.1316 -4.9103 -7.3659
SCALE 1 1 1
X -0.7869 -0.3242 0.5251
Y 0.3488 -0.9356 -0.0550
Z 0.5091 0.1399 0.8492

PART 4
OFFSET 5.9840 -3.0973 -3.3894
SCALE 1 1 1
X 1.0000 0.0000 0.0000
Y 0.0000 1.0000 0.0000
Z 0.0000 -0.0000 1.0000

PART 5
OFFSET 1.1666 4.2749 -6.5314
SCALE 1 1 1
X 0.8061 0.2824 -0.5201
Y 0.0555 -0.9110 -0.4087
Z -0.5892 0.3006 -0.7500

PART 6
OFFSET 10.9153 7.6902 -12.8212
SCALE 1 1 1
X 0.5609 -0.7135 0.4199
Y -0.7884 -0.3056 0.5339
Z -0.2526 -0.6305 -0.7339

PART 7
OFFSET 15.6858 1.6216 -9.2496
SCALE 1 1 1
X 0.5609 -0.7135 0.4199
Y 0.7908 0.6119 -0.0165
Z -0.2452 0.3413 0.9074

PART 8
OFFSET 17.4584 1.9982 -7.6515
SCALE 1 1 1
X 0.5663 -0.7099 0.4187
Y 0.2623 0.6369 0.7250
Z -0.7814 -0.3007 0.5469

PART 9
OFFSET 17.0600 0.8212 -10.0301
SCALE 1 1 1
X 0.5663 -0.7099 0.4187
Y 0.2623 0.6369 0.7250
Z -0.7814 -0.3007 0.5469

PART 10
OFFSET 16.0622 0.7808 -6.6107
SCALE 1 1 1
X 0.5663 -0.7099 0.4187
Y 0.2623 0.6369 0.7250
Z -0.7814 -0.3007 0.5469

PART 11
OFFSET 15.5458 -0.2167 -7.8531
SCALE 1 1 1
X 0.5663 -0.7099 0.4187
Y 0.2623 0.6369 0.7250
Z -0.7814 -0.3007 0.5469

PART 12
OFFSET 15.0653 -0.8939 -9.2695
SCALE 1 1 1
X 0.5663 -0.7099 0.4187
Y 0.2623 0.6369 0.7250
Z -0.7814 -0.3007 0.5469

PART 13
OFFSET 17.4053 -0.5658 -7.9623
SCALE 1 1 1
X 0.6119 -0.7856 0.0915
Y 0.7896 0.6135 -0.0126
Z -0.0463 0.0800 0.9957

PART 14
OFFSET 18.4235 -0.2942 -7.5244
SCALE 1 1 1
X 0.7229 -0.3253 0.6096
Y 0.4245 0.9052 -0.0204
Z -0.5452 0.2735 0.7924

PART 15
OFFSET 19.9955 -0.8906 -6.1668
SCALE 1 1 1
X 0.7834 -0.3513 0.5127
Y 0.2985 0.9362 0.1853
Z -0.5451 0.0078 0.8383

PART 16
OFFSET 21.1814 -1.5126 -5.2563
SCALE 1 1 1
X 0.7813 0.0218 0.6238
Y 0.0529 0.9935 -0.1010
Z -0.6220 0.1119 0.7750

PART 17
OFFSET 21.9986 -1.4670 -4.5479
SCALE 1 1 1
X 0.9871 0.1489 -0.0581
Y 0.0055 -0.3949 -0.9187
Z -0.1598 0.9066 -0.3906

PART 18
OFFSET 17.0683 -1.8713 -7.6701
SCALE 1 1 1
X 0.0490 -0.9909 0.1250
Y -0.1079 0.1191 0.9870
Z -0.9930 -0.0618 -0.1010

PART 19
OFFSET 17.3098 -4.0742 -7.2535
SCALE 1 1 1
X 0.0780 -0.3930 0.9162
Y -0.3150 0.8622 0.3967
Z -0.9459 -0.3195 -0.0565

PART 20
OFFSET 17.4203 -4.6307 -5.9564
SCALE 1 1 1
X -0.1829 0.4247 0.8867
Y -0.3106 0.8307 -0.4619
Z -0.9328 -0.3599 -0.0200

PART 21
OFFSET 17.2581 -4.2541 -5.1702
SCALE 1 1 1
X -0.2838 0.7666 0.5760
Y -0.1321 0.5638 -0.8153
Z -0.9497 -0.3075 -0.0588

PART 22
OFFSET 16.9885 -3.5259 -4.6230
SCALE 1 1 1
X 0.4373 -0.8958 0.0797
Y -0.0371 -0.1065 -0.9936
Z 0.8985 0.4316 -0.0798

PART 23
OFFSET 17.7341 -1.6475 -7.7974
SCALE 1 1 1
X 0.3396 -0.9356 0.0970
Y -0.0934 0.0690 0.9932
Z -0.9359 -0.3463 -0.0639

PART 24
OFFSET 18.4785 -4.1287 -7.5771
SCALE 1 1 1
X 0.1536 -0.4642 0.8723
Y -0.3306 0.8078 0.4881
Z -0.9312 -0.3634 -0.0294

PART 25
OFFSET 18.7400 -4.9189 -6.0920
SCALE 1 1 1
X -0.2476 0.5773 0.7781
Y -0.2916 0.7214 -0.6281
Z -0.9239 -0.3824 -0.0103

PART 26
OFFSET 18.3969 -4.1188 -5.0137
SCALE 1 1 1
X -0.3093 0.7142 0.6279
Y -0.2319 0.5837 -0.7781
Z -0.9223 -0.3863 -0.0149

PART 27
OFFSET 18.0615 -3.3442 -4.3327
SCALE 1 1 1
X 0.3405 -0.9376 -0.0707
Y 0.0271 0.0850 -0.9960
Z 0.9398 0.3373 0.0543

PART 28
OFFSET 20.5205 -1.9705 -7.1664
SCALE 1 1 1
X 0.4102 -0.8356 0.3654
Y 0.2529 -0.2808 -0.9259
Z 0.8762 0.4722 0.0962

PART 29
OFFSET 20.4024 -3.1939 -7.9852
SCALE 1 1 1
X 0.3876 -0.7193 0.5765
Y -0.3771 0.4469 0.8112
Z -0.8412 -0.5318 -0.0980

PART 30
OFFSET 21.0848 -4.4604 -6.9702
SCALE 1 1 1
X -0.3352 0.2623 0.9049
Y -0.4615 0.7916 -0.4005
Z -0.8214 -0.5519 -0.1443

PART 31
OFFSET 20.7272 -4.1079 -5.8614
SCALE 1 1 1
X -0.4611 0.6587 0.5945
Y -0.2483 0.5475 -0.7991
Z -0.8519 -0.5161 -0.0889

PART 32
OFFSET 20.2064 -3.3639 -5.1899
SCALE 1 1 1
X 0.1346 -0.8538 0.5029
Y 0.4753 -0.3897 -0.7888
Z 0.8695 0.3452 0.3534

PART 33
OFFSET 19.4723 -3.7614 -7.8027
SCALE 1 1 1
X 0.3510 -0.4917 0.7969
Y -0.4594 0.6512 0.6041
Z -0.8159 -0.5782 0.0027

PART 34
OFFSET 20.1580 -4.7218 -6.2459
SCALE 1 1 1
X -0.4016 0.5909 0.6997
Y -0.3720 0.5929 -0.7142
Z -0.8369 -0.5471 -0.0182

PART 35
OFFSET 19.5714 -3.8587 -5.2239
SCALE 1 1 1
X -0.4097 0.5499 0.7278
Y -0.3455 0.6449 -0.6818
Z -0.8443 -0.5308 -0.0742

PART 36
OFFSET 19.1017 -3.2401 -4.3997
SCALE 1 1 1
X 0.5888 -0.7996 -0.1179
Y -0.0636 0.0995 -0.9930
Z 0.8058 0.5922 0.0078

PART 37
OFFSET 13.6558 -2.8189 -5.4691
SCALE 1 1 1
X 0.9994 0.0169 0.0293
Y -0.0169 0.9999 -0.0010
Z -0.0293 0.0005 0.9996

PART 38
OFFSET -2.3317 -3.5571 -3.0506
SCALE 1 1 1
X 0.2341 0.9391 0.2516
Y 0.1033 -0.2813 0.9540
Z 0.9667 -0.1974 -0.1628

PART 39
OFFSET -5.1634 -14.9143 -6.0935
SCALE 1 1 1
X -0.5572 -0.8286 0.0544
Y 0.5927 -0.4427 -0.6728
Z 0.5816 -0.3427 0.7378

PART 40
OFFSET -0.4243 -7.8667 -6.5560
SCALE 1 1 1
X -0.5572 -0.8286 0.0544
Y -0.1260 0.0196 -0.9918
Z 0.8208 -0.5595 -0.1153

PART 41
OFFSET -0.7995 -5.9354 -7.4111
SCALE 1 1 1
X -0.5623 -0.8250 0.0564
Y -0.5885 0.3513 -0.7282
Z 0.5809 -0.4426 -0.6831

PART 42
OFFSET -0.5771 -5.5464 -6.2373
SCALE 1 1 1
X -0.5623 -0.8250 0.0564
Y -0.5885 0.3513 -0.7282
Z 0.5809 -0.4426 -0.6831

PART 43
OFFSET 0.6771 -6.1901 -4.9855
SCALE 1 1 1
X -0.5623 -0.8250 0.0564
Y -0.5885 0.3513 -0.7282
Z 0.5809 -0.4426 -0.6831

PART 44
OFFSET 1.2839 -5.3265 -6.7227
SCALE 1 1 1
X -0.9120 -0.3322 0.2406
Y -0.2577 0.0076 -0.9662
Z 0.3191 -0.9432 -0.0926

PART 45
OFFSET 1.8118 -4.7972 -5.8605
SCALE 1 1 1
X -0.5205 -0.8514 0.0643
Y -0.2120 0.0559 -0.9757
Z 0.8271 -0.5215 -0.2096

PART 46
OFFSET 2.9101 -2.9364 -5.8903
SCALE 1 1 1
X -0.4888 -0.5851 0.6471
Y -0.3731 -0.5303 -0.7613
Z 0.7886 -0.6135 0.0409

PART 47
OFFSET 3.5886 -1.9548 -6.9850
SCALE 1 1 1
X -0.2226 -0.4615 0.8588
Y -0.5270 -0.6841 -0.5042
Z 0.8202 -0.5648 -0.0909

PART 48
OFFSET 3.8007 -1.4183 -7.9009
SCALE 1 1 1
X -0.7998 -0.1188 0.5884
Y -0.3368 0.9002 -0.2759
Z -0.4969 -0.4189 -0.7600

PART 49
OFFSET 1.7152 -4.8466 -7.9422
SCALE 1 1 1
X -0.5870 -0.3172 0.7449
Y 0.3878 -0.9178 -0.0853
Z 0.7107 0.2387 0.6617

PART 50
OFFSET 3.0900 -3.9865 -9.5089
SCALE 1 1 1
X -0.0040 -0.9306 0.3661
Y 0.4216 -0.3335 -0.8432
Z 0.9068 0.1509 0.3936

PART 51
OFFSET 3.0958 -2.6690 -10.0272
SCALE 1 1 1
X 0.3673 -0.7348 -0.5703
Y 0.2536 0.6690 -0.6987
Z 0.8949 0.1120 0.4321

PART 52
OFFSET 2.7701 -2.0175 -9.5216
SCALE 1 1 1
X 0.4218 -0.3934 -0.8169
Y 0.0202 0.9048 -0.4254
Z 0.9064 0.1630 0.3896

PART 53
OFFSET 2.3693 -1.6438 -8.7455
SCALE 1 1 1
X -0.4664 -0.2906 0.8355
Y -0.1417 0.9568 0.2538
Z -0.8732 -0.0000 -0.4874

PART 54
OFFSET 2.1316 -4.9103 -7.3659
SCALE 1 1 1
X -0.7869 -0.3242 0.5251
Y 0.3488 -0.9356 -0.0550
Z 0.5091 0.1399 0.8492

PART 55
OFFSET 4.1059 -4.1104 -8.8562
SCALE 1 1 1
X 0.0693 -0.9868 0.1463
Y 0.5308 -0.0877 -0.8430
Z 0.8447 0.1361 0.5177

PART 56
OFFSET 3.9880 -2.4304 -9.1053
SCALE 1 1 1
X 0.5072 -0.4976 -0.7037
Y 0.1852 0.8603 -0.4749
Z 0.8417 0.1105 0.5285

PART 57
OFFSET 3.2851 -1.7408 -8.1300
SCALE 1 1 1
X 0.4985 0.2360 -0.8342
Y -0.2203 0.9651 0.1414
Z 0.8385 0.1133 0.5331

PART 58
OFFSET 2.7445 -1.9967 -7.2253
SCALE 1 1 1
X -0.2413 -0.7391 0.6289
Y -0.5020 0.6497 0.5709
Z -0.8305 -0.1779 -0.5278

PART 59
OFFSET -2.1228 -7.2211 -4.9539
SCALE 1 1 1
X -0.7195 -0.5763 0.3875
Y -0.5802 0.8055 0.1206
Z -0.3817 -0.1380 -0.9139

PART 60
OFFSET 5.1505 -4.3883 -6.9659
SCALE 1 1 1
X -0.8940 -0.2631 0.3627
Y 0.2849 -0.9585 0.0071
Z 0.3458 0.1097 0.9319

PART 61
OFFSET 6.7246 -3.9251 -7.6044
SCALE 1 1 1
X -0.6290 -0.6952 0.3479
Y 0.7020 -0.7003 -0.1300
Z 0.3340 0.1625 0.9285

PART 62
OFFSET 7.5096 -3.0701 -7.9710
SCALE 1 1 1
X -0.1163 -0.9833 0.1403
Y 0.9457 -0.1527 -0.2868
Z 0.3034 0.0993 0.9477

PART 63
OFFSET 7.6409 -1.9595 -8.1294
SCALE 1 1 1
X -0.7305 0.4859 0.4798
Y 0.3521 0.8700 -0.3451
Z -0.5851 -0.0832 -0.8067

PART 64
OFFSET 4.7165 -4.2463 -7.9718
SCALE 1 1 1
X -0.4661 -0.8570 0.2198
Y 0.8109 -0.5131 -0.2814
Z 0.3539 0.0471 0.9341

PART 65
OFFSET 5.6269 -2.5721 -8.4011
SCALE 1 1 1
X 0.7085 -0.6616 -0.2455
Y 0.5909 0.7464 -0.3062
Z 0.3859 0.0719 0.9197

PART 66
OFFSET 4.5921 -1.6057 -8.0426
SCALE 1 1 1
X 0.9101 -0.1820 -0.3723
Y 0.1175 0.9749 -0.1892
Z 0.3973 0.1285 0.9086

PART 67
OFFSET 3.5586 -1.3998 -7.6275
SCALE 1 1 1
X -0.7983 -0.4914 0.3482
Y -0.4649 0.8704 0.1623
Z -0.3828 -0.0323 -0.9233

PART 68
OFFSET 0.0000 0.0000 0.0000
SCALE 1 1 1
X 1.0000 0.0000 0.0000
Y 0.0000 1.0000 0.0000
Z 0.0000 0.0000 1.0000

PART 69
OFFSET 0.0000 0.0000 0.0000
SCALE 1 1 1
X 1.0000 0.0000 0.0000
Y 0.0000 1.0000 0.0000
Z 0.0000 0.0000 1.0000

PART 70
OFFSET 1.5404 0.0000 4.1357
SCALE 1 1 1
X 1.0000 0.0000 0.0000
Y 0.0000 1.0000 0.0000
Z 0.0000 0.0000 1.0000

PART 71
OFFSET 13.6558 -2.8189 -5.4691
SCALE 1 1 1
X 0.9994 0.0169 0.0293
Y -0.0169 0.9999 -0.0010
Z -0.0293 0.0005 0.9996

PART 72
OFFSET 11.9611 -3.4588 -8.5636
SCALE 1 1 1
X -0.0239 -0.8582 0.5128
Y 0.9973 0.0153 0.0721
Z -0.0697 0.5131 0.8555

PART 73
OFFSET 13.3811 -4.6330 -4.3740
SCALE 1 1 1
X 0.9986 0.0169 0.0497
Y -0.0169 0.9999 -0.0010
Z -0.0498 0.0002 0.9988

PART 74
OFFSET 41.4477 -2.3473 -3.1325
SCALE 1 1 1
X 0.9994 0.0169 0.0293
Y -0.0169 0.9999 -0.0010
Z -0.0293 0.0005 0.9996

PART 75
OFFSET 10.9795 -2.8584 -5.8087
SCALE 1 1 1
X 0.9982 -0.0451 -0.0391
Y 0.0419 0.9959 -0.0801
Z 0.0426 0.0783 0.9960

PART 76
OFFSET 9.8048 -2.9167 -4.9885
SCALE 1 1 1
X 0.9994 0.0169 0.0293
Y -0.0169 0.9999 -0.0010
Z -0.0293 0.0005 0.9996

PART 77
OFFSET 7.9465 -2.4446 -4.2184
SCALE 1 1 1
X 0.9994 0.0169 0.0293
Y -0.0169 0.9999 -0.0010
Z -0.0293 0.0005 0.9996

PART 78
OFFSET 37.2465 -2.4196 -4.4744
SCALE 1 1 1
X 0.9986 0.0169 0.0497
Y -0.0169 0.9999 -0.0010
Z -0.0498 0.0002 0.9988

PART 79
OFFSET 42.3428 -2.3322 -3.1063
SCALE 1 1 1
X 0.9986 0.0169 0.0497
Y -0.0169 0.9999 -0.0010
Z -0.0498 0.0002 0.9988


FRAME 310
PART 0
OFFSET 16.6617 -0.8619 -10.4453
SCALE 1 1 1
X 0.2915 -0.9538 -0.0724
Y -0.1631 -0.1242 0.9788
Z -0.9426 -0.2735 -0.1918

PART 1
OFFSET 16.6617 -0.8619 -10.4453
SCALE 1 1 1
X 0.2915 -0.9538 -0.0724
Y -0.1631 -0.1242 0.9788
Z -0.9426 -0.2735 -0.1918

PART 2
OFFSET 1.8685 -5.4948 -9.3729
SCALE 1 1 1
X -0.8144 -0.3508 0.4624
Y 0.3856 -0.9224 -0.0207
Z 0.4338 0.1614 0.8864

PART 3
OFFSET 1.8685 -5.4948 -9.3729
SCALE 1 1 1
X -0.8144 -0.3508 0.4624
Y 0.3856 -0.9224 -0.0207
Z 0.4338 0.1614 0.8864

PART 4
OFFSET 5.9840 -3.0973 -3.3894
SCALE 1 1 1
X 1.0000 0.0000 0.0000
Y 0.0000 1.0000 0.0000
Z 0.0000 -0.0000 1.0000

PART 5
OFFSET 0.5874 4.2749 -7.2196
SCALE 1 1 1
X 0.7123 0.3255 -0.6219
Y 0.0585 -0.9104 -0.4096
Z -0.6995 0.2553 -0.6675

PART 6
OFFSET 9.2015 8.2119 -14.7403
SCALE 1 1 1
X 0.6214 -0.6883 0.3743
Y -0.7212 -0.3158 0.6166
Z -0.3062 -0.6531 -0.6926

PART 7
OFFSET 14.4870 2.3578 -11.5566
SCALE 1 1 1
X 0.6214 -0.6883 0.3743
Y 0.6877 0.7081 0.1603
Z -0.3754 0.1578 0.9133

PART 8
OFFSET 16.3993 2.8184 -10.1535
SCALE 1 1 1
X 0.6266 -0.6846 0.3725
Y 0.3148 0.6595 0.6826
Z -0.7130 -0.3104 0.6287

PART 9
OFFSET 15.7991 1.5794 -12.4570
SCALE 1 1 1
X 0.6266 -0.6846 0.3725
Y 0.3148 0.6595 0.6826
Z -0.7130 -0.3104 0.6287

PART 10
OFFSET 15.1521 1.5854 -8.9541
SCALE 1 1 1
X 0.6266 -0.6846 0.3725
Y 0.3148 0.6595 0.6826
Z -0.7130 -0.3104 0.6287

PART 11
OFFSET 14.5433 0.5471 -10.1188
SCALE 1 1 1
X 0.6266 -0.6846 0.3725
Y 0.3148 0.6595 0.6826
Z -0.7130 -0.3104 0.6287

PART 12
OFFSET 13.9433 -0.1739 -11.4664
SCALE 1 1 1
X 0.6266 -0.6846 0.3725
Y 0.3148 0.6595 0.6826
Z -0.7130 -0.3104 0.6287

PART 13
OFFSET 16.3921 0.2478 -10.4091
SCALE 1 1 1
X 0.5697 -0.8213 -0.0302
Y 0.8137 0.5584 0.1616
Z -0.1158 -0.1166 0.9864

PART 14
OFFSET 17.3860 0.3694 -9.8617
SCALE 1 1 1
X 0.6403 -0.4853 0.5954
Y 0.4566 0.8638 0.2130
Z -0.6177 0.1355 0.7747

PART 15
OFFSET 18.7789 -0.5841 -8.5125
SCALE 1 1 1
X 0.7024 -0.5147 0.4917
Y 0.3272 0.8469 0.4191
Z -0.6321 -0.1335 0.7633

PART 16
OFFSET 19.8225 -1.4804 -7.6582
SCALE 1 1 1
X 0.7018 -0.2244 0.6761
Y 0.1527 0.9744 0.1648
Z -0.6958 -0.0124 0.7181

PART 17
OFFSET 20.5521 -1.7071 -6.8914
SCALE 1 1 1
X 0.9965 0.0431 0.0718
Y 0.0776 -0.1526 -0.9852
Z -0.0315 0.9873 -0.1554

PART 18
OFFSET 15.9795 -1.0687 -10.4083
SCALE 1 1 1
X -0.0024 -0.9972 -0.0747
Y -0.1749 -0.0731 0.9819
Z -0.9846 0.0154 -0.1742

PART 19
OFFSET 16.0960 -3.3205 -10.4303
SCALE 1 1 1
X -0.0062 -0.5707 0.8211
Y -0.3064 0.7828 0.5417
Z -0.9519 -0.2482 -0.1797

PART 20
OFFSET 16.0872 -4.1285 -9.2677
SCALE 1 1 1
X -0.2293 0.2500 0.9407
Y -0.2403 0.9220 -0.3036
Z -0.9432 -0.2957 -0.1513

PART 21
OFFSET 15.8839 -3.9068 -8.4337
SCALE 1 1 1
X -0.2926 0.6518 0.6997
Y -0.0478 0.7208 -0.6915
Z -0.9550 -0.2358 -0.1797

PART 22
OFFSET 15.6059 -3.2875 -7.7690
SCALE 1 1 1
X 0.3919 -0.9169 -0.0750
Y 0.0315 0.0949 -0.9950
Z 0.9195 0.3876 0.0661

PART 23
OFFSET 16.6617 -0.8619 -10.4453
SCALE 1 1 1
X 0.2915 -0.9538 -0.0724
Y -0.1631 -0.1242 0.9788
Z -0.9426 -0.2735 -0.1918

PART 24
OFFSET 17.2819 -3.3753 -10.6834
SCALE 1 1 1
X 0.0693 -0.6359 0.7687
Y -0.3310 0.7122 0.6190
Z -0.9411 -0.2974 -0.1611

PART 25
OFFSET 17.3999 -4.4579 -9.3747
SCALE 1 1 1
X -0.2794 0.4246 0.8612
Y -0.2138 0.8469 -0.4869
Z -0.9361 -0.3201 -0.1458

PART 26
OFFSET 17.0128 -3.8695 -8.1811
SCALE 1 1 1
X -0.3240 0.5917 0.7382
Y -0.1492 0.7386 -0.6575
Z -0.9342 -0.3231 -0.1510

PART 27
OFFSET 16.6614 -3.2277 -7.3805
SCALE 1 1 1
X 0.3047 -0.9226 -0.2367
Y 0.1037 0.2791 -0.9546
Z 0.9468 0.2663 0.1808

PART 28
OFFSET 19.3780 -1.4599 -9.7170
SCALE 1 1 1
X 0.3464 -0.9132 0.2146
Y 0.3081 -0.1053 -0.9455
Z 0.8861 0.3937 0.2448

PART 29
OFFSET 19.2685 -2.4880 -10.7715
SCALE 1 1 1
X 0.3134 -0.8400 0.4429
Y -0.4163 0.2977 0.8591
Z -0.8535 -0.4536 -0.2564

PART 30
OFFSET 19.8202 -3.9670 -9.9917
SCALE 1 1 1
X -0.3894 0.0961 0.9161
Y -0.3968 0.8800 -0.2610
Z -0.8312 -0.4652 -0.3045

PART 31
OFFSET 19.3974 -3.8219 -8.8596
SCALE 1 1 1
X -0.4751 0.5526 0.6847
Y -0.1654 0.7082 -0.6864
Z -0.8642 -0.4394 -0.2451

PART 32
OFFSET 18.8607 -3.1977 -8.0862
SCALE 1 1 1
X 0.0609 -0.9428 0.3278
Y 0.5150 -0.2516 -0.8194
Z 0.8550 0.2187 0.4702

PART 33
OFFSET 18.3043 -3.0271 -10.7667
SCALE 1 1 1
X 0.2704 -0.6589 0.7020
Y -0.4745 0.5432 0.6926
Z -0.8377 -0.5204 -0.1658

PART 34
OFFSET 18.8325 -4.3143 -9.3953
SCALE 1 1 1
X -0.4264 0.4621 0.7776
Y -0.2931 0.7427 -0.6021
Z -0.8557 -0.4846 -0.1813

PART 35
OFFSET 18.2096 -3.6394 -8.2596
SCALE 1 1 1
X -0.4384 0.4168 0.7963
Y -0.2668 0.7857 -0.5582
Z -0.8583 -0.4571 -0.2332

PART 36
OFFSET 17.7072 -3.1711 -7.3590
SCALE 1 1 1
X 0.5614 -0.7922 -0.2392
Y 0.0138 0.2979 -0.9545
Z 0.8274 0.5326 0.1782

PART 37
OFFSET 13.1198 -2.9776 -6.5709
SCALE 1 1 1
X 0.9926 0.0535 0.1093
Y -0.0528 0.9986 -0.0089
Z -0.1097 0.0030 0.9940

PART 38
OFFSET -2.3317 -3.5571 -3.4437
SCALE 1 1 1
X 0.2157 0.9648 0.1502
Y 0.3464 -0.2195 0.9120
Z 0.9129 -0.1447 -0.3816

PART 39
OFFSET -4.9409 -15.2257 -5.2603
SCALE 1 1 1
X -0.5123 -0.8026 0.3057
Y 0.3934 -0.5357 -0.7472
Z 0.7634 -0.2626 0.5901

PART 40
OFFSET -0.5833 -8.3997 -7.8601
SCALE 1 1 1
X -0.5123 -0.8026 0.3057
Y -0.3663 -0.1177 -0.9230
Z 0.7768 -0.5849 -0.2336

PART 41
OFFSET -1.1871 -6.5797 -8.7975
SCALE 1 1 1
X -0.5168 -0.7986 0.3085
Y -0.7675 0.2725 -0.5802
Z 0.3793 -0.5366 -0.7538

PART 42
OFFSET -0.6678 -6.0496 -7.7865
SCALE 1 1 1
X -0.5168 -0.7986 0.3085
Y -0.7675 0.2725 -0.5802
Z 0.3793 -0.5366 -0.7538

PART 43
OFFSET 0.8592 -6.5520 -6.8652
SCALE 1 1 1
X -0.5168 -0.7986 0.3085
Y -0.7675 0.2725 -0.5802
Z 0.3793 -0.5366 -0.7538

PART 44
OFFSET 0.9874 -5.9393 -8.7971
SCALE 1 1 1
X -0.9158 -0.3644 0.1688
Y -0.1792 -0.0053 -0.9838
Z 0.3594 -0.9312 -0.0605

PART 45
OFFSET 1.4247 -5.3879 -7.8989
SCALE 1 1 1
X -0.4930 -0.8696 0.0279
Y -0.1346 0.0446 -0.9899
Z 0.8596 -0.4917 -0.1391

PART 46
OFFSET 2.4541 -3.4885 -7.8525
SCALE 1 1 1
X -0.5178 -0.6002 0.6096
Y -0.2912 -0.5463 -0.7853
Z 0.8044 -0.5842 0.1081

PART 47
OFFSET 3.1826 -2.4867 -8.8955
SCALE 1 1 1
X -0.2742 -0.4662 0.8411
Y -0.4597 -0.7047 -0.5404
Z 0.8447 -0.5348 -0.0211

PART 48
OFFSET 3.4482 -1.9461 -9.7950
SCALE 1 1 1
X -0.8397 -0.1458 0.5231
Y -0.3457 0.8864 -0.3080
Z -0.4187 -0.4394 -0.7947

PART 49
OFFSET 1.4978 -5.4484 -9.9812
SCALE 1 1 1
X -0.6332 -0.3357 0.6974
Y 0.4262 -0.9033 -0.0479
Z 0.6461 0.2669 0.7151

PART 50
OFFSET 2.9623 -4.5443 -11.4381
SCALE 1 1 1
X 0.0001 -0.9288 0.3706
Y 0.4998 -0.3210 -0.8045
Z 0.8661 0.1853 0.4642

PART 51
OFFSET 2.9622 -3.2294 -11.9628
SCALE 1 1 1
X 0.4382 -0.7229 -0.5341
Y 0.2847 0.6753 -0.6804
Z 0.8526 0.1461 0.5018

PART 52
OFFSET 2.5736 -2.5884 -11.4892
SCALE 1 1 1
X 0.5001 -0.3807 -0.7778
Y 0.0217 0.9034 -0.4283
Z 0.8657 0.1973 0.4600

PART 53
OFFSET 2.0985 -2.2267 -10.7503
SCALE 1 1 1
X -0.5213 -0.3044 0.7972
Y -0.1961 0.9519 0.2353
Z -0.8305 -0.0336 -0.5560

PART 54
OFFSET 1.8685 -5.4948 -9.3729
SCALE 1 1 1
X -0.8144 -0.3508 0.4624
Y 0.3856 -0.9224 -0.0207
Z 0.4338 0.1614 0.8864

PART 55
OFFSET 3.9262 -4.6288 -10.7051
SCALE 1 1 1
X 0.0928 -0.9831 0.1579
Y 0.5997 -0.0714 -0.7970
Z 0.7948 0.1686 0.5829

PART 56
OFFSET 3.7681 -2.9550 -10.9738
SCALE 1 1 1
X 0.5797 -0.4813 -0.6575
Y 0.1916 0.8648 -0.4641
Z 0.7919 0.1431 0.5936

PART 57
OFFSET 2.9647 -2.2880 -10.0626
SCALE 1 1 1
X 0.5551 0.2510 -0.7930
Y -0.2656 0.9570 0.1170
Z 0.7882 0.1457 0.5979

PART 58
OFFSET 2.3626 -2.5602 -9.2026
SCALE 1 1 1
X -0.2643 -0.7451 0.6123
Y -0.5694 0.6330 0.5245
Z -0.7784 -0.2100 -0.5916

PART 59
OFFSET -2.4801 -7.9505 -7.2953
SCALE 1 1 1
X -0.7271 -0.6008 0.3322
Y -0.6167 0.7842 0.0684
Z -0.3017 -0.1551 -0.9407

PART 60
OFFSET 4.8246 -4.8616 -8.7352
SCALE 1 1 1
X -0.9102 -0.2942 0.2915
Y 0.3178 -0.9475 0.0362
Z 0.2655 0.1256 0.9559

PART 61
OFFSET 6.4272 -4.3436 -9.2484
SCALE 1 1 1
X -0.6295 -0.7164 0.3008
Y 0.7349 -0.6746 -0.0686
Z 0.2521 0.1779 0.9512

PART 62
OFFSET 7.2078 -3.4618 -9.5563
SCALE 1 1 1
X -0.0916 -0.9863 0.1369
Y 0.9706 -0.1192 -0.2089
Z 0.2224 0.1138 0.9683

PART 63
OFFSET 7.3113 -2.3478 -9.7110
SCALE 1 1 1
X -0.7838 0.4607 0.4164
Y 0.3471 0.8811 -0.3214
Z -0.5149 -0.1074 -0.8505

PART 64
OFFSET 4.4681 -4.7391 -9.7737
SCALE 1 1 1
X -0.4510 -0.8727 0.1873
Y 0.8489 -0.4842 -0.2120
Z 0.2757 0.0633 0.9592

PART 65
OFFSET 5.3492 -3.0343 -10.1395
SCALE 1 1 1
X 0.7494 -0.6362 -0.1835
Y 0.5863 0.7663 -0.2627
Z 0.3078 0.0892 0.9473

PART 66
OFFSET 4.2546 -2.1050 -9.8714
SCALE 1 1 1
X 0.9431 -0.1500 -0.2968
Y 0.0971 0.9778 -0.1855
Z 0.3180 0.1461 0.9367

PART 67
OFFSET 3.1843 -1.9355 -9.5420
SCALE 1 1 1
X -0.8055 -0.5189 0.2862
Y -0.5075 0.8534 0.1188
Z -0.3059 -0.0496 -0.9508

PART 68
OFFSET 0.0000 0.0000 0.0000
SCALE 1 1 1
X 1.0000 0.0000 0.0000
Y 0.0000 1.0000 0.0000
Z 0.0000 0.0000 1.0000

PART 69
OFFSET 0.0000 0.0000 0.0000
SCALE 1 1 1
X 1.0000 0.0000 0.0000
Y 0.0000 1.0000 0.0000
Z 0.0000 0.0000 1.0000

PART 70
OFFSET 1.5404 0.0000 4.1357
SCALE 1 1 1
X 1.0000 0.0000 0.0000
Y 0.0000 1.0000 0.0000
Z 0.0000 0.0000 1.0000

PART 71
OFFSET 13.1198 -2.9776 -6.5709
SCALE 1 1 1
X 0.9926 0.0535 0.1093
Y -0.0528 0.9986 -0.0089
Z -0.1097 0.0030 0.9940

PART 72
OFFSET 11.7038 -3.6900 -9.7871
SCALE 1 1 1
X -0.0341 -0.8566 0.5148
Y 0.9870 0.0519 0.1518
Z -0.1568 0.5133 0.8437

PART 73
OFFSET 12.8235 -4.7966 -5.4895
SCALE 1 1 1
X 0.9901 0.0535 0.1296
Y -0.0528 0.9986 -0.0089
Z -0.1299 0.0020 0.9915

PART 74
OFFSET 40.5984 -1.4843 -2.0138
SCALE 1 1 1
X 0.9926 0.0535 0.1093
Y -0.0528 0.9986 -0.0089
Z -0.1097 0.0030 0.9940

PART 75
OFFSET 10.4827 -3.1159 -7.1239
SCALE 1 1 1
X 0.9991 -0.0088 0.0414
Y 0.0122 0.9965 -0.0830
Z -0.0406 0.0834 0.9957

PART 76
OFFSET 9.2487 -3.2141 -6.4003
SCALE 1 1 1
X 0.9926 0.0535 0.1093
Y -0.0528 0.9986 -0.0089
Z -0.1097 0.0030 0.9940

PART 77
OFFSET 7.3187 -2.8073 -5.7850
SCALE 1 1 1
X 0.9926 0.0535 0.1093
Y -0.0528 0.9986 -0.0089
Z -0.1097 0.0030 0.9940

PART 78
OFFSET 36.5241 -1.7146 -3.6881
SCALE 1 1 1
X 0.9901 0.0535 0.1296
Y -0.0528 0.9986 -0.0089
Z -0.1299 0.0020 0.9915

PART 79
OFFSET 41.4874 -1.4364 -1.9159
SCALE 1 1 1
X 0.9901 0.0535 0.1296
Y -0.0528 0.9986 -0.0089
Z -0.1299 0.0020 0.9915


FRAME 311
PART 0
OFFSET 15.6833 0.2166 -14.0312
SCALE 1 1 1
X 0.2395 -0.9214 -0.3061
Y -0.2914 -0.3690 0.8826
Z -0.9261 -0.1221 -0.3568

PART 1
OFFSET 15.6833 0.2166 -14.0312
SCALE 1 1 1
X 0.2395 -0.9214 -0.3061
Y -0.2914 -0.3690 0.8826
Z -0.9261 -0.1221 -0.3568

PART 2
OFFSET 1.6764 -6.2042 -12.0631
SCALE 1 1 1
X -0.8425 -0.3884 0.3733
Y 0.4276 -0.9036 0.0250
Z 0.3276 0.1807 0.9274

PART 3
OFFSET 1.6764 -6.2042 -12.0631
SCALE 1 1 1
X -0.8425 -0.3884 0.3733
Y 0.4276 -0.9036 0.0250
Z 0.3276 0.1807 0.9274

PART 4
OFFSET 5.9840 -3.0973 -3.3894
SCALE 1 1 1
X 1.0000 0.0000 0.0000
Y 0.0000 1.0000 0.0000
Z 0.0000 -0.0000 1.0000

PART 5
OFFSET -0.1430 4.2749 -8.1213
SCALE 1 1 1
X 0.5909 0.3485 -0.7275
Y 0.0629 -0.9190 -0.3892
Z -0.8043 0.1842 -0.5650

PART 6
OFFSET 7.0037 8.4902 -16.9201
SCALE 1 1 1
X 0.7325 -0.6218 0.2771
Y -0.5804 -0.3576 0.7316
Z -0.3558 -0.6967 -0.6228

PART 7
OFFSET 13.2340 3.2014 -14.5632
SCALE 1 1 1
X 0.7325 -0.6218 0.2771
Y 0.4727 0.7575 0.4502
Z -0.4898 -0.1988 0.8488

PART 8
OFFSET 15.3009 3.8634 -13.5014
SCALE 1 1 1
X 0.7369 -0.6177 0.2744
Y 0.3621 0.7036 0.6115
Z -0.5708 -0.3512 0.7422

PART 9
OFFSET 14.4457 2.5110 -15.6557
SCALE 1 1 1
X 0.7369 -0.6177 0.2744
Y 0.3621 0.7036 0.6115
Z -0.5708 -0.3512 0.7422

PART 10
OFFSET 14.3797 2.5648 -12.0945
SCALE 1 1 1
X 0.7369 -0.6177 0.2744
Y 0.3621 0.7036 0.6115
Z -0.5708 -0.3512 0.7422

PART 11
OFFSET 13.6837 1.4449 -13.1274
SCALE 1 1 1
X 0.7369 -0.6177 0.2744
Y 0.3621 0.7036 0.6115
Z -0.5708 -0.3512 0.7422

PART 12
OFFSET 12.9385 0.6365 -14.3467
SCALE 1 1 1
X 0.7369 -0.6177 0.2744
Y 0.3621 0.7036 0.6115
Z -0.5708 -0.3512 0.7422

PART 13
OFFSET 15.4796 1.2952 -13.7137
SCALE 1 1 1
X 0.5177 -0.8318 -0.2000
Y 0.8197 0.4153 0.3945
Z -0.2451 -0.3682 0.8969

PART 14
OFFSET 16.4029 1.1705 -13.0547
SCALE 1 1 1
X 0.4934 -0.6975 0.5197
Y 0.4631 0.7164 0.5218
Z -0.7362 -0.0168 0.6765

PART 15
OFFSET 17.4729 -0.2640 -11.8436
SCALE 1 1 1
X 0.5600 -0.7268 0.3977
Y 0.3186 0.6320 0.7064
Z -0.7648 -0.2690 0.5855

PART 16
OFFSET 18.2724 -1.5051 -11.1782
SCALE 1 1 1
X 0.5350 -0.5687 0.6248
Y 0.2427 0.8118 0.5311
Z -0.8092 -0.1326 0.5723

PART 17
OFFSET 18.8181 -2.1124 -10.4674
SCALE 1 1 1
X 0.9648 -0.1674 0.2030
Y 0.2331 0.1862 -0.9545
Z 0.1220 0.9682 0.2186

PART 18
OFFSET 14.9905 0.0722 -14.1241
SCALE 1 1 1
X -0.0540 -0.9349 -0.3507
Y -0.3004 -0.3198 0.8986
Z -0.9523 0.1539 -0.2635

PART 19
OFFSET 14.9711 -2.0901 -14.7636
SCALE 1 1 1
X -0.1437 -0.7687 0.6233
Y -0.3233 0.6317 0.7046
Z -0.9353 -0.1003 -0.3392

PART 20
OFFSET 14.7677 -3.1784 -13.8811
SCALE 1 1 1
X -0.3293 0.0060 0.9442
Y -0.1437 0.9880 -0.0564
Z -0.9332 -0.1542 -0.3245

PART 21
OFFSET 14.4757 -3.1730 -13.0440
SCALE 1 1 1
X -0.3373 0.4622 0.8201
Y 0.0831 0.8824 -0.4631
Z -0.9377 -0.0880 -0.3361

PART 22
OFFSET 14.1552 -2.7339 -12.2648
SCALE 1 1 1
X 0.3414 -0.8947 -0.2879
Y 0.1613 0.3576 -0.9198
Z 0.9260 0.2676 0.2664

PART 23
OFFSET 15.6833 0.2166 -14.0312
SCALE 1 1 1
X 0.2395 -0.9214 -0.3061
Y -0.2914 -0.3690 0.8826
Z -0.9261 -0.1221 -0.3568

PART 24
OFFSET 16.1737 -2.1847 -14.8982
SCALE 1 1 1
X -0.0663 -0.8240 0.5628
Y -0.3616 0.5455 0.7561
Z -0.9300 -0.1534 -0.3341

PART 25
OFFSET 16.0609 -3.5875 -13.9401
SCALE 1 1 1
X -0.3583 0.1995 0.9120
Y -0.0991 0.9633 -0.2496
Z -0.9283 -0.1798 -0.3254

PART 26
OFFSET 15.5643 -3.3111 -12.6760
SCALE 1 1 1
X -0.3769 0.3971 0.8368
Y -0.0205 0.8997 -0.4361
Z -0.9260 -0.1815 -0.3310

PART 27
OFFSET 15.1555 -2.8804 -11.7685
SCALE 1 1 1
X 0.2749 -0.8482 -0.4528
Y 0.2391 0.5164 -0.8223
Z 0.9313 0.1178 0.3448

PART 28
OFFSET 18.2457 -0.8072 -13.2233
SCALE 1 1 1
X 0.2604 -0.9654 -0.0151
Y 0.4168 0.1266 -0.9002
Z 0.8709 0.2281 0.4353

PART 29
OFFSET 18.2062 -1.4961 -14.5289
SCALE 1 1 1
X 0.2036 -0.9540 0.2198
Y -0.5014 0.0912 0.8604
Z -0.8409 -0.2854 -0.4598

PART 30
OFFSET 18.5648 -3.1758 -14.1419
SCALE 1 1 1
X -0.4942 -0.1198 0.8611
Y -0.3066 0.9508 -0.0436
Z -0.8135 -0.2856 -0.5066

PART 31
OFFSET 18.0135 -3.3041 -13.0643
SCALE 1 1 1
X -0.5223 0.3882 0.7593
Y -0.0348 0.8799 -0.4739
Z -0.8521 -0.2739 -0.4461

PART 32
OFFSET 17.4235 -2.8656 -12.2067
SCALE 1 1 1
X -0.0382 -0.9977 0.0551
Y 0.5970 -0.0671 -0.7994
Z 0.8013 0.0024 0.5982

PART 33
OFFSET 17.2178 -1.9240 -14.7747
SCALE 1 1 1
X 0.1398 -0.8467 0.5134
Y -0.5232 0.3770 0.7642
Z -0.8406 -0.3754 -0.3903

PART 34
OFFSET 17.4908 -3.5780 -13.7718
SCALE 1 1 1
X -0.4912 0.2718 0.8276
Y -0.1696 0.9020 -0.3969
Z -0.8544 -0.3353 -0.3970

PART 35
OFFSET 16.7734 -3.1811 -12.5630
SCALE 1 1 1
X -0.5081 0.2245 0.8315
Y -0.1465 0.9289 -0.3403
Z -0.8487 -0.2947 -0.4391

PART 36
OFFSET 16.1919 -2.9295 -11.6242
SCALE 1 1 1
X 0.5374 -0.7466 -0.3922
Y 0.1511 0.5428 -0.8262
Z 0.8297 0.3847 0.4045

PART 37
OFFSET 12.4315 -3.1718 -8.0745
SCALE 1 1 1
X 0.9714 0.0992 0.2156
Y -0.0974 0.9951 -0.0188
Z -0.2164 -0.0027 0.9763

PART 38
OFFSET -2.3317 -3.5571 -4.0310
SCALE 1 1 1
X 0.1098 0.9865 0.1218
Y 0.5421 -0.1622 0.8245
Z 0.8331 -0.0245 -0.5525

PART 39
OFFSET -3.6594 -15.4873 -5.5045
SCALE 1 1 1
X -0.3819 -0.7603 0.5254
Y 0.2454 -0.6315 -0.7355
Z 0.8910 -0.1520 0.4277

PART 40
OFFSET -0.4112 -9.0203 -9.9732
SCALE 1 1 1
X -0.3819 -0.7603 0.5254
Y -0.5526 -0.2678 -0.7893
Z 0.7408 -0.5917 -0.3179

PART 41
OFFSET -1.3141 -7.3763 -10.9868
SCALE 1 1 1
X -0.3858 -0.7561 0.5286
Y -0.8934 0.1632 -0.4186
Z 0.2302 -0.6337 -0.7385

PART 42
OFFSET -0.6139 -6.6869 -10.2082
SCALE 1 1 1
X -0.3858 -0.7561 0.5286
Y -0.8934 0.1632 -0.4186
Z 0.2302 -0.6337 -0.7385

PART 43
OFFSET 1.1019 -7.0054 -9.6076
SCALE 1 1 1
X -0.3858 -0.7561 0.5286
Y -0.8934 0.1632 -0.4186
Z 0.2302 -0.6337 -0.7385

PART 44
OFFSET 0.7596 -6.6894 -11.5839
SCALE 1 1 1
X -0.9110 -0.4064 0.0705
Y -0.0715 -0.0128 -0.9974
Z 0.4063 -0.9136 -0.0174

PART 45
OFFSET 1.0715 -6.1191 -10.6461
SCALE 1 1 1
X -0.4525 -0.8915 -0.0218
Y -0.0289 0.0390 -0.9988
Z 0.8913 -0.4514 -0.0434

PART 46
OFFSET 2.0014 -4.1741 -10.4970
SCALE 1 1 1
X -0.5524 -0.6239 0.5527
Y -0.1793 -0.5586 -0.8098
Z 0.8140 -0.5465 0.1967

PART 47
OFFSET 2.7913 -3.1390 -11.4597
SCALE 1 1 1
X -0.3416 -0.4790 0.8086
Y -0.3657 -0.7248 -0.5839
Z 0.8657 -0.4952 0.0724

PART 48
OFFSET 3.1274 -2.5860 -12.3275
SCALE 1 1 1
X -0.8837 -0.1848 0.4301
Y -0.3509 0.8697 -0.3472
Z -0.3098 -0.4578 -0.8334

PART 49
OFFSET 1.3718 -6.1746 -12.7080
SCALE 1 1 1
X -0.6886 -0.3652 0.6264
Y 0.4700 -0.8827 0.0022
Z 0.5521 0.2960 0.7795

PART 50
OFFSET 2.9418 -5.2028 -14.0023
SCALE 1 1 1
X 0.0028 -0.9281 0.3724
Y 0.5980 -0.2969 -0.7445
Z 0.8015 0.2248 0.5541

PART 51
OFFSET 2.9378 -3.8888 -14.5296
SCALE 1 1 1
X 0.5261 -0.7015 -0.4806
Y 0.3251 0.6882 -0.6486
Z 0.7858 0.1850 0.5902

PART 52
OFFSET 2.4713 -3.2669 -14.1034
SCALE 1 1 1
X 0.5981 -0.3567 -0.7176
Y 0.0262 0.9037 -0.4273
Z 0.8010 0.2368 0.5499

PART 53
OFFSET 1.9030 -2.9280 -13.4216
SCALE 1 1 1
X -0.5898 -0.3288 0.7376
Y -0.2639 0.9417 0.2087
Z -0.7632 -0.0716 -0.6422

PART 54
OFFSET 1.6764 -6.2042 -12.0631
SCALE 1 1 1
X -0.8425 -0.3884 0.3733
Y 0.4276 -0.9036 0.0250
Z 0.3276 0.1807 0.9274

PART 55
OFFSET 3.8237 -5.2431 -13.1693
SCALE 1 1 1
X 0.1204 -0.9779 0.1711
Y 0.6849 -0.0430 -0.7274
Z 0.7186 0.2048 0.6645

PART 56
OFFSET 3.6188 -3.5783 -13.4606
SCALE 1 1 1
X 0.6689 -0.4535 -0.5890
Y 0.2006 0.8731 -0.4444
Z 0.7158 0.1791 0.6750

PART 57
OFFSET 2.6918 -2.9497 -12.6443
SCALE 1 1 1
X 0.6254 0.2769 -0.7295
Y -0.3204 0.9436 0.0835
Z 0.7115 0.1815 0.6788

PART 58
OFFSET 2.0136 -3.2501 -11.8531
SCALE 1 1 1
X -0.2943 -0.7570 0.5834
Y -0.6512 0.6056 0.4573
Z -0.6995 -0.2453 -0.6712

PART 59
OFFSET -2.7535 -8.8598 -10.4563
SCALE 1 1 1
X -0.7303 -0.6340 0.2544
Y -0.6559 0.7548 -0.0019
Z -0.1909 -0.1682 -0.9671

PART 60
OFFSET 4.5141 -5.4355 -11.1130
SCALE 1 1 1
X -0.9219 -0.3362 0.1928
Y 0.3553 -0.9318 0.0743
Z 0.1547 0.1370 0.9784

PART 61
OFFSET 6.1371 -4.8436 -11.4525
SCALE 1 1 1
X -0.6247 -0.7449 0.2342
Y 0.7683 -0.6399 0.0139
Z 0.1395 0.1887 0.9721

PART 62
OFFSET 6.9050 -3.9266 -11.6782
